1 450 0.0 0.0
2 2444 0.0 0.0
3 3567 0.0 0.0
4 4289 0.0 0.0
5 4930 0.0 0.0
6 5775 0.0 0.0
7 6859 0.0 0.0
8 8704 0.0 0.0
9 8997 0.0 0.0
10 9678 0.0 0.0
11 10561 0.0 0.0
12 11233 0.0 0.0
13 11635 0.0 0.0
14 12209 0.0 0.0
15 12885 0.0 0.0
16 13512 0.0 0.0
17 14104 0.0 0.0
18 14498 0.0 0.0
19 14772 0.0 0.0
20 15274 100.0 1.0
21 15760 0.0 1.0
22 17821 0.0 1.0
23 18814 100.0 2.0
24 19321 100.0 3.0
25 19674 0.0 3.0
26 21007 100.0 4.0
27 21375 0.0 4.0
28 21721 0.0 4.0
29 22070 100.0 5.0
30 22645 100.0 6.0
31 23193 0.0 6.0
32 23575 0.0 6.0
33 24297 100.0 7.0
34 24536 100.0 8.0
35 25114 0.0 8.0
36 25242 100.0 9.0
37 25678 0.0 9.0
38 26349 0.0 9.0
39 27067 0.0 9.0
40 27439 0.0 9.0
41 27939 100.0 10.0
42 28463 100.0 11.0
43 28831 0.0 11.0
44 29274 100.0 12.0
45 29822 0.0 12.0
46 30363 100.0 13.0
47 30526 100.0 14.0
48 30966 100.0 15.0
49 31675 100.0 16.0
50 32160 100.0 17.0
51 32514 100.0 18.0
52 33149 0.0 18.0
53 33555 100.0 19.0
54 33686 100.0 20.0
55 34371 100.0 21.0
56 34610 100.0 22.0
57 35102 100.0 23.0
58 35590 100.0 24.0
59 36049 100.0 25.0
60 36276 100.0 26.0
61 36580 100.0 27.0
62 37066 100.0 28.0
63 37720 100.0 29.0
64 37909 100.0 30.0
65 38156 100.0 31.0
66 38777 100.0 32.0
67 39031 100.0 33.0
68 39246 100.0 34.0
69 39647 100.0 35.0
70 39942 100.0 36.0
71 40089 100.0 37.0
72 40449 100.0 38.0
73 40830 100.0 39.0
74 41062 100.0 40.0
75 41182 100.0 41.0
76 41361 100.0 42.0
77 41436 100.0 43.0
78 42035 100.0 44.0
79 42139 100.0 45.0
80 42289 100.0 46.0
81 42414 100.0 47.0
82 42594 100.0 48.0
83 42843 100.0 49.0
84 43193 100.0 50.0
85 43486 100.0 51.0
86 43782 100.0 52.0
87 44078 100.0 53.0
88 44514 100.0 54.0
89 44936 100.0 55.0
90 45155 100.0 56.0
91 45378 100.0 57.0
92 45622 100.0 58.0
93 45898 100.0 59.0
94 46060 100.0 60.0
95 46372 100.0 61.0
96 46686 100.0 62.0
97 46858 100.0 63.0
98 47163 100.0 64.0
99 47990 100.0 65.0
100 48187 100.0 66.0
101 48465 100.0 67.0
102 48784 100.0 68.0
103 49107 100.0 69.0
104 49369 100.0 70.0
105 49546 100.0 71.0
106 49753 100.0 72.0
107 49988 100.0 73.0
108 50212 100.0 74.0
109 50450 100.0 75.0
110 50773 100.0 76.0
111 51043 100.0 77.0
112 51235 100.0 78.0
113 51431 100.0 79.0
114 51783 100.0 80.0
115 52056 100.0 81.0
116 52217 100.0 82.0
117 52544 100.0 83.0
118 52989 100.0 84.0
119 53198 100.0 85.0
120 53641 100.0 85.0
121 54044 100.0 86.0
122 54254 100.0 87.0
123 54744 100.0 87.0
124 54951 100.0 87.0
125 55109 100.0 88.0
126 55311 100.0 88.0
127 55575 100.0 89.0
128 55717 100.0 90.0
129 56015 100.0 90.0
130 56294 100.0 90.0
131 56579 100.0 91.0
132 56985 100.0 92.0
133 57157 100.0 92.0
134 57387 100.0 92.0
135 57684 100.0 93.0
136 57939 100.0 93.0
137 58225 100.0 94.0
138 58614 100.0 95.0
139 58977 0.0 95.0
140 59180 100.0 96.0
141 59327 100.0 96.0
142 59778 100.0 96.0
143 59953 100.0 97.0
144 60178 100.0 97.0
145 60316 100.0 98.0
146 60554 100.0 98.0
147 60854 0.0 97.0
148 61177 100.0 97.0
149 61487 100.0 97.0
150 61776 100.0 97.0
151 62054 0.0 96.0
152 62247 100.0 97.0
153 62422 100.0 97.0
154 62812 100.0 97.0
155 63148 100.0 97.0
156 63614 100.0 97.0
157 63863 100.0 97.0
158 64093 100.0 97.0
159 64300 100.0 97.0
160 64622 100.0 97.0
161 64823 100.0 97.0
162 65184 100.0 97.0
163 65399 100.0 97.0
164 65647 100.0 97.0
165 65917 100.0 97.0
166 66198 100.0 97.0
167 66607 0.0 96.0
168 67071 100.0 96.0
169 67370 100.0 96.0
170 67594 100.0 96.0
171 68112 100.0 96.0
172 68286 100.0 96.0
173 68590 100.0 96.0
174 68670 100.0 96.0
175 68889 100.0 96.0
176 69180 100.0 96.0
177 69425 100.0 96.0
178 69612 100.0 96.0
179 69821 100.0 96.0
180 70009 100.0 96.0
181 70272 100.0 96.0
182 70619 100.0 96.0
183 70729 100.0 96.0
184 70982 100.0 96.0
185 71382 100.0 96.0
186 71912 0.0 95.0
187 72368 100.0 95.0
188 72540 100.0 95.0
189 72748 100.0 95.0
190 73143 100.0 95.0
191 73513 100.0 95.0
192 73708 0.0 94.0
193 73964 100.0 94.0
194 74133 100.0 94.0
195 74361 100.0 94.0
196 74790 100.0 94.0
197 75053 100.0 94.0
198 75379 100.0 94.0
199 75547 100.0 94.0
200 75806 100.0 94.0
201 76145 100.0 94.0
202 76317 100.0 94.0
203 76658 100.0 94.0
204 76912 100.0 94.0
205 77266 100.0 94.0
206 77360 100.0 94.0
207 77527 100.0 94.0
208 77762 100.0 94.0
209 78042 100.0 94.0
210 78327 100.0 94.0
211 78791 0.0 93.0
212 79011 100.0 93.0
213 79239 100.0 93.0
214 79456 100.0 93.0
215 79781 100.0 93.0
216 79959 100.0 93.0
217 80207 100.0 93.0
218 80354 100.0 93.0
219 80454 100.0 93.0
220 80595 100.0 93.0
221 80910 100.0 93.0
222 81072 100.0 93.0
223 81236 100.0 93.0
224 81674 0.0 92.0
225 81866 100.0 92.0
226 82124 100.0 92.0
227 82331 100.0 92.0
228 82587 100.0 92.0
229 82731 100.0 92.0
230 82830 100.0 92.0
231 83027 100.0 92.0
232 83281 100.0 92.0
233 83484 100.0 92.0
234 83846 100.0 92.0
235 84070 100.0 92.0
236 84319 100.0 92.0
237 84554 100.0 92.0
238 84864 100.0 92.0
239 85075 100.0 93.0
240 85341 0.0 92.0
241 85670 100.0 92.0
242 85902 100.0 92.0
243 86081 100.0 92.0
244 86350 0.0 91.0
245 86558 100.0 91.0
246 86736 100.0 91.0
247 86972 100.0 92.0
248 87217 100.0 92.0
249 87453 100.0 92.0
250 87538 100.0 92.0
251 87744 0.0 92.0
252 87932 100.0 92.0
253 88231 100.0 92.0
254 88323 100.0 92.0
255 88501 100.0 92.0
256 88653 100.0 92.0
257 88852 100.0 92.0
258 89229 100.0 92.0
259 89400 100.0 92.0
260 89585 100.0 92.0
261 89780 100.0 92.0
262 90032 100.0 92.0
263 90272 100.0 92.0
264 90518 100.0 92.0
265 90728 100.0 92.0
266 90968 100.0 92.0
267 91152 100.0 93.0
268 91238 100.0 93.0
269 91359 100.0 93.0
270 91607 100.0 93.0
271 91758 100.0 93.0
272 91984 100.0 93.0
273 92068 100.0 93.0
274 92211 100.0 93.0
275 92350 100.0 93.0
276 92640 100.0 93.0
277 92899 100.0 93.0
278 93260 100.0 93.0
279 93446 100.0 93.0
280 93559 100.0 93.0
281 93754 100.0 93.0
282 94019 100.0 93.0
283 94292 100.0 93.0
284 94425 100.0 93.0
285 94694 100.0 93.0
286 94954 100.0 94.0
287 95130 100.0 94.0
288 95313 100.0 94.0
289 95398 100.0 94.0
290 95535 100.0 94.0
291 95731 100.0 94.0
292 95883 100.0 95.0
293 96029 100.0 95.0
294 96274 100.0 95.0
295 96465 100.0 95.0
296 96650 100.0 95.0
297 96852 100.0 95.0
298 96947 100.0 95.0
299 97114 100.0 95.0
300 97316 100.0 95.0
301 97715 100.0 95.0
302 97948 100.0 95.0
303 98148 100.0 95.0
304 98322 100.0 95.0
305 98483 100.0 95.0
306 98678 100.0 95.0
307 98915 100.0 95.0
308 99007 100.0 95.0
309 99163 100.0 95.0
310 99266 100.0 95.0
311 99562 100.0 96.0
312 99705 100.0 96.0
313 99877 100.0 96.0
314 100072 100.0 96.0
315 100172 100.0 96.0
316 100376 100.0 96.0
317 100549 100.0 96.0
318 100740 100.0 96.0
319 101036 100.0 96.0
320 101212 100.0 96.0
321 101422 100.0 96.0
322 101670 100.0 96.0
323 101922 100.0 96.0
324 102164 100.0 97.0
325 102378 100.0 97.0
326 102654 100.0 97.0
327 102884 100.0 97.0
328 103025 100.0 97.0
329 103124 100.0 97.0
330 103373 100.0 97.0
331 103588 100.0 97.0
332 103729 100.0 97.0
333 104042 100.0 97.0
334 104196 100.0 97.0
335 104327 100.0 97.0
336 104462 100.0 97.0
337 104642 100.0 97.0
338 104724 100.0 97.0
339 104877 100.0 97.0
340 105059 100.0 98.0
341 105146 100.0 98.0
342 105334 100.0 98.0
343 105520 100.0 98.0
344 105769 100.0 99.0
345 106106 100.0 99.0
346 106240 100.0 99.0
347 106357 100.0 99.0
348 106649 100.0 99.0
349 106848 100.0 99.0
350 107185 100.0 99.0
351 107337 100.0 100.0
352 107529 100.0 100.0
353 107705 100.0 100.0
354 107874 100.0 100.0
355 107970 100.0 100.0
356 108062 100.0 100.0
357 108308 100.0 100.0
358 108571 100.0 100.0
359 108712 100.0 100.0
360 108931 100.0 100.0
361 109056 100.0 100.0
362 109302 100.0 100.0
363 109492 100.0 100.0
364 109682 100.0 100.0
365 109841 100.0 100.0
366 110136 100.0 100.0
367 110219 100.0 100.0
368 110447 100.0 100.0
369 110588 100.0 100.0
370 110678 100.0 100.0
371 110896 100.0 100.0
372 111063 100.0 100.0
373 111284 100.0 100.0
374 111373 100.0 100.0
375 111512 100.0 100.0
376 111762 100.0 100.0
377 112065 100.0 100.0
378 112241 100.0 100.0
379 112479 100.0 100.0
380 112666 100.0 100.0
381 112862 100.0 100.0
382 113045 100.0 100.0
383 113391 100.0 100.0
384 113527 100.0 100.0
385 113699 100.0 100.0
386 113853 100.0 100.0
387 114044 100.0 100.0
388 114387 100.0 100.0
389 114779 100.0 100.0
390 114936 100.0 100.0
391 115036 100.0 100.0
392 115161 100.0 100.0
393 115359 100.0 100.0
394 115494 100.0 100.0
395 115620 100.0 100.0
396 115776 100.0 100.0
397 115968 100.0 100.0
398 116053 100.0 100.0
399 116281 100.0 100.0
400 116444 100.0 100.0
401 116629 100.0 100.0
402 116894 100.0 100.0
403 117057 100.0 100.0
404 117195 100.0 100.0
405 117351 100.0 100.0
406 117496 100.0 100.0
407 117679 100.0 100.0
408 117954 100.0 100.0
409 118171 100.0 100.0
410 118325 100.0 100.0
411 118475 100.0 100.0
412 118638 100.0 100.0
413 118803 100.0 100.0
414 119004 100.0 100.0
415 119169 100.0 100.0
416 119428 100.0 100.0
417 119587 100.0 100.0
418 119884 100.0 100.0
419 120059 100.0 100.0
420 120224 100.0 100.0
421 120399 100.0 100.0
422 120574 100.0 100.0
423 120809 100.0 100.0
424 120944 100.0 100.0
425 121114 100.0 100.0
426 121498 0.0 99.0
427 121638 100.0 99.0
428 121868 100.0 99.0
429 122098 100.0 99.0
430 122468 100.0 99.0
431 122610 100.0 99.0
432 122747 100.0 99.0
433 122960 100.0 99.0
434 123207 100.0 99.0
435 123396 100.0 99.0
436 123529 100.0 99.0
437 123616 100.0 99.0
438 123765 100.0 99.0
439 123857 100.0 99.0
440 124076 100.0 99.0
441 124268 100.0 99.0
442 124415 100.0 99.0
443 124614 100.0 99.0
444 124825 100.0 99.0
445 125021 100.0 99.0
446 125189 100.0 99.0
447 125341 100.0 99.0
448 125432 100.0 99.0
449 125690 100.0 99.0
450 125887 100.0 99.0
451 126249 100.0 99.0
452 126555 100.0 99.0
453 126662 100.0 99.0
454 126803 100.0 99.0
455 127039 100.0 99.0
456 127208 100.0 99.0
457 127405 100.0 99.0
458 127684 0.0 98.0
459 127872 100.0 98.0
460 128032 100.0 98.0
461 128264 100.0 98.0
462 128418 100.0 98.0
463 128695 100.0 98.0
464 128848 100.0 98.0
465 129011 100.0 98.0
466 129343 100.0 98.0
467 129480 100.0 98.0
468 129670 100.0 98.0
469 129960 100.0 98.0
470 130325 100.0 98.0
471 130607 100.0 98.0
472 130697 100.0 98.0
473 130843 100.0 98.0
474 131065 100.0 98.0
475 131297 100.0 98.0
476 131496 100.0 98.0
477 131644 100.0 98.0
478 131822 100.0 98.0
479 131957 100.0 98.0
480 132170 100.0 98.0
481 132408 100.0 98.0
482 132530 100.0 98.0
483 132805 100.0 98.0
484 132934 100.0 98.0
485 133085 100.0 98.0
486 133339 100.0 98.0
487 133521 100.0 98.0
488 133605 100.0 98.0
489 133763 100.0 98.0
490 133965 100.0 98.0
491 134114 100.0 98.0
492 134356 100.0 98.0
493 134522 100.0 98.0
494 134620 100.0 98.0
495 134698 100.0 98.0
496 134835 100.0 98.0
497 135078 100.0 98.0
498 135263 100.0 98.0
499 135412 100.0 98.0
500 135621 100.0 98.0
501 135783 100.0 98.0
502 136020 100.0 98.0
503 136204 100.0 98.0
504 136360 100.0 98.0
505 136443 100.0 98.0
506 136609 100.0 98.0
507 136816 100.0 98.0
508 137043 100.0 98.0
509 137203 100.0 98.0
510 137370 100.0 98.0
511 137457 100.0 98.0
512 137594 100.0 98.0
513 137699 100.0 98.0
514 137903 100.0 98.0
515 138070 100.0 98.0
516 138237 100.0 98.0
517 138496 100.0 98.0
518 138768 100.0 98.0
519 138902 100.0 98.0
520 139196 100.0 98.0
521 139282 100.0 98.0
522 139592 100.0 98.0
523 139840 100.0 98.0
524 140015 100.0 98.0
525 140248 100.0 98.0
526 140343 100.0 99.0
527 140514 100.0 99.0
528 140779 100.0 99.0
529 140918 100.0 99.0
530 141158 100.0 99.0
531 141282 100.0 99.0
532 141441 100.0 99.0
533 141617 100.0 99.0
534 141777 100.0 99.0
535 141936 100.0 99.0
536 142080 100.0 99.0
537 142303 100.0 99.0
538 142576 100.0 99.0
539 142746 100.0 99.0
540 142904 100.0 99.0
541 143036 100.0 99.0
542 143189 100.0 99.0
543 143342 100.0 99.0
544 143555 100.0 99.0
545 143714 100.0 99.0
546 144060 100.0 99.0
547 144336 100.0 99.0
548 144499 100.0 99.0
549 144644 100.0 99.0
550 144979 100.0 99.0
551 145165 100.0 99.0
552 145319 100.0 99.0
553 145400 100.0 99.0
554 145581 100.0 99.0
555 145868 100.0 99.0
556 146080 100.0 99.0
557 146227 100.0 99.0
558 146368 100.0 100.0
559 146571 100.0 100.0
560 146773 100.0 100.0
561 146973 100.0 100.0
562 147314 100.0 100.0
563 147473 100.0 100.0
564 147695 100.0 100.0
565 147886 100.0 100.0
566 148086 100.0 100.0
567 148233 100.0 100.0
568 148374 100.0 100.0
569 148562 100.0 100.0
570 148705 100.0 100.0
571 148909 100.0 100.0
572 149001 100.0 100.0
573 149113 100.0 100.0
574 149314 100.0 100.0
575 149406 100.0 100.0
576 149568 100.0 100.0
577 149715 100.0 100.0
578 149871 100.0 100.0
579 150040 100.0 100.0
580 150335 100.0 100.0
581 150566 100.0 100.0
582 150863 100.0 100.0
583 151090 100.0 100.0
584 151275 100.0 100.0
585 151498 100.0 100.0
586 151660 100.0 100.0
587 151859 100.0 100.0
588 152031 100.0 100.0
589 152172 100.0 100.0
590 152330 100.0 100.0
591 152416 100.0 100.0
592 152500 100.0 100.0
593 152635 100.0 100.0
594 152726 100.0 100.0
595 152855 100.0 100.0
596 153051 100.0 100.0
597 153216 100.0 100.0
598 153358 100.0 100.0
599 153466 100.0 100.0
600 153554 100.0 100.0
601 153633 100.0 100.0
602 153802 100.0 100.0
603 153964 100.0 100.0
604 154130 100.0 100.0
605 154298 100.0 100.0
606 154450 100.0 100.0
607 154741 100.0 100.0
608 154944 100.0 100.0
609 155145 100.0 100.0
610 155382 100.0 100.0
611 155530 100.0 100.0
612 155767 100.0 100.0
613 156163 100.0 100.0
614 156310 100.0 100.0
615 156496 100.0 100.0
616 156706 100.0 100.0
617 157004 0.0 99.0
618 157241 100.0 99.0
619 157418 100.0 99.0
620 157615 100.0 99.0
621 157816 100.0 99.0
622 158018 100.0 99.0
623 158194 100.0 99.0
624 158365 100.0 99.0
625 158556 100.0 99.0
626 158724 100.0 99.0
627 159066 100.0 99.0
628 159148 100.0 99.0
629 159397 100.0 99.0
630 159609 100.0 99.0
631 159841 100.0 99.0
632 159982 100.0 99.0
633 160204 100.0 99.0
634 160365 100.0 99.0
635 160759 100.0 99.0
636 160917 100.0 99.0
637 161073 100.0 99.0
638 161285 100.0 99.0
639 161485 100.0 99.0
640 161632 100.0 99.0
641 161796 100.0 99.0
642 161911 100.0 99.0
643 161992 100.0 99.0
644 162125 100.0 99.0
645 162303 100.0 99.0
646 162586 100.0 99.0
647 162776 100.0 99.0
648 162995 100.0 99.0
649 163210 100.0 99.0
650 163470 100.0 99.0
651 163771 100.0 99.0
652 163941 100.0 99.0
653 164076 100.0 99.0
654 164297 100.0 99.0
655 164382 100.0 99.0
656 164707 100.0 99.0
657 164884 100.0 99.0
658 165183 100.0 99.0
659 165314 100.0 99.0
660 165620 0.0 98.0
661 165918 100.0 98.0
662 166112 100.0 98.0
663 166310 100.0 98.0
664 166524 0.0 97.0
665 166803 100.0 97.0
666 166953 100.0 97.0
667 167144 100.0 97.0
668 167331 100.0 97.0
669 167495 100.0 97.0
670 167631 100.0 97.0
671 167743 100.0 97.0
672 167965 100.0 97.0
673 168110 100.0 97.0
674 168247 100.0 97.0
675 168330 100.0 97.0
676 168414 100.0 97.0
677 168727 100.0 97.0
678 168812 100.0 97.0
679 168897 100.0 97.0
680 169111 0.0 96.0
681 169318 100.0 96.0
682 169527 100.0 96.0
683 169679 100.0 96.0
684 169834 100.0 96.0
685 170231 100.0 96.0
686 170373 100.0 96.0
687 170607 100.0 96.0
688 170814 100.0 96.0
689 171193 100.0 96.0
690 171327 100.0 96.0
691 171501 100.0 96.0
692 171651 100.0 96.0
693 171893 100.0 96.0
694 172026 100.0 96.0
695 172213 100.0 96.0
696 172296 100.0 96.0
697 172523 100.0 96.0
698 172743 0.0 95.0
699 172855 100.0 95.0
700 172981 100.0 95.0
701 173321 0.0 94.0
702 173540 100.0 94.0
703 173886 100.0 94.0
704 174108 100.0 94.0
705 174438 0.0 93.0
706 174530 100.0 93.0
707 174736 100.0 93.0
708 174980 100.0 93.0
709 175217 100.0 93.0
710 175362 100.0 93.0
711 175524 100.0 93.0
712 175664 100.0 93.0
713 175890 100.0 93.0
714 176091 100.0 93.0
715 176308 100.0 93.0
716 176565 100.0 93.0
717 176872 100.0 94.0
718 177167 100.0 94.0
719 177493 100.0 94.0
720 177739 0.0 93.0
721 177844 100.0 93.0
722 177970 100.0 93.0
723 178117 100.0 93.0
724 178370 100.0 93.0
725 178736 100.0 93.0
726 178853 100.0 93.0
727 178981 100.0 93.0
728 179156 100.0 93.0
729 179279 100.0 93.0
730 179469 100.0 93.0
731 179709 100.0 93.0
732 179839 100.0 93.0
733 179996 100.0 93.0
734 180180 0.0 92.0
735 180260 100.0 92.0
736 180402 100.0 92.0
737 180546 100.0 92.0
738 180772 100.0 92.0
739 181065 100.0 92.0
740 181226 100.0 92.0
741 181367 100.0 92.0
742 181575 100.0 92.0
743 181931 100.0 92.0
744 182094 100.0 92.0
745 182257 100.0 92.0
746 182415 100.0 92.0
747 182612 100.0 92.0
748 182796 100.0 92.0
749 182997 100.0 92.0
750 183221 100.0 92.0
751 183540 100.0 92.0
752 183722 100.0 92.0
753 183902 100.0 92.0
754 184117 100.0 92.0
755 184316 100.0 92.0
756 184665 100.0 92.0
757 184742 100.0 92.0
758 185023 100.0 92.0
759 185144 100.0 92.0
760 185285 100.0 93.0
761 185369 100.0 93.0
762 185614 100.0 93.0
763 185888 100.0 93.0
764 186170 100.0 94.0
765 186354 100.0 94.0
766 186540 100.0 94.0
767 186706 100.0 94.0
768 187023 100.0 94.0
769 187178 100.0 94.0
770 187295 100.0 94.0
771 187409 100.0 94.0
772 187608 100.0 94.0
773 187738 100.0 94.0
774 187925 100.0 94.0
775 188041 100.0 94.0
776 188186 100.0 94.0
777 188513 100.0 94.0
778 188787 100.0 94.0
779 188982 100.0 94.0
780 189165 100.0 95.0
781 189289 100.0 95.0
782 189405 100.0 95.0
783 189553 100.0 95.0
784 189711 100.0 95.0
785 189927 0.0 94.0
786 190090 100.0 94.0
787 190327 100.0 94.0
788 190554 100.0 94.0
789 190861 100.0 94.0
790 191034 100.0 94.0
791 191469 0.0 93.0
792 191716 100.0 93.0
793 191824 100.0 93.0
794 192036 100.0 93.0
795 192295 100.0 93.0
796 192523 100.0 93.0
797 192698 100.0 93.0
798 192827 100.0 94.0
799 193064 100.0 94.0
800 193196 100.0 94.0
801 193391 100.0 95.0
802 193473 100.0 95.0
803 193581 100.0 95.0
804 193912 100.0 95.0
805 194093 100.0 96.0
806 194222 100.0 96.0
807 194428 100.0 96.0
808 194575 100.0 96.0
809 194837 100.0 96.0
810 195038 100.0 96.0
811 195213 100.0 96.0
812 195325 100.0 96.0
813 195543 100.0 96.0
814 195792 100.0 96.0
815 196103 100.0 96.0
816 196313 100.0 96.0
817 196427 100.0 96.0
818 196546 100.0 96.0
819 196749 100.0 96.0
820 196930 100.0 97.0
821 197189 100.0 97.0
822 197370 100.0 97.0
823 197487 100.0 97.0
824 197623 100.0 97.0
825 197753 100.0 97.0
826 197937 100.0 97.0
827 198239 100.0 97.0
828 198343 100.0 97.0
829 198466 100.0 97.0
830 198842 100.0 97.0
831 199137 100.0 97.0
832 199288 100.0 97.0
833 199553 100.0 97.0
834 199793 100.0 98.0
835 200029 100.0 98.0
836 200244 100.0 98.0
837 200437 100.0 98.0
838 200624 100.0 98.0
839 200690 100.0 98.0
840 200920 0.0 97.0
841 201130 100.0 97.0
842 201402 0.0 96.0
843 201603 100.0 96.0
844 201821 100.0 96.0
845 201981 100.0 96.0
846 202139 100.0 96.0
847 202416 100.0 96.0
848 202536 100.0 96.0
849 202668 100.0 96.0
850 202916 100.0 96.0
851 203088 100.0 96.0
852 203291 100.0 96.0
853 203560 0.0 95.0
854 203681 100.0 95.0
855 203902 100.0 95.0
856 204029 100.0 95.0
857 204151 100.0 95.0
858 204432 100.0 95.0
859 204553 100.0 95.0
860 204840 100.0 95.0
861 205060 100.0 95.0
862 205312 100.0 95.0
863 205388 100.0 95.0
864 205535 100.0 95.0
865 205765 100.0 95.0
866 205938 100.0 95.0
867 206022 100.0 95.0
868 206343 0.0 94.0
869 206544 100.0 94.0
870 206735 100.0 94.0
871 206856 100.0 94.0
872 207026 100.0 94.0
873 207266 100.0 94.0
874 207408 100.0 94.0
875 207619 100.0 94.0
876 208179 100.0 94.0
877 208415 100.0 94.0
878 208774 100.0 94.0
879 209014 100.0 94.0
880 209333 100.0 94.0
881 209488 100.0 94.0
882 209661 100.0 94.0
883 209922 100.0 94.0
884 210153 0.0 93.0
885 210294 100.0 94.0
886 210490 100.0 94.0
887 210744 100.0 94.0
888 211291 0.0 93.0
889 211562 100.0 93.0
890 211729 100.0 93.0
891 211848 100.0 94.0
892 212054 0.0 93.0
893 212213 100.0 93.0
894 212317 100.0 93.0
895 212473 100.0 93.0
896 213006 0.0 92.0
897 213184 100.0 92.0
898 213461 100.0 92.0
899 213800 100.0 92.0
900 213929 100.0 92.0
901 214417 100.0 92.0
902 214663 100.0 92.0
903 214855 100.0 92.0
904 215083 0.0 91.0
905 215533 100.0 91.0
906 215813 100.0 91.0
907 215938 100.0 91.0
908 216163 0.0 90.0
909 216364 100.0 90.0
910 216517 100.0 90.0
911 216656 100.0 90.0
912 216794 100.0 90.0
913 216913 100.0 90.0
914 217203 0.0 89.0
915 217460 0.0 88.0
916 217838 0.0 87.0
917 217963 100.0 87.0
918 218128 100.0 87.0
919 218274 100.0 87.0
920 218417 100.0 87.0
921 218735 100.0 87.0
922 218905 100.0 87.0
923 219034 100.0 87.0
924 220108 100.0 87.0
925 220246 100.0 87.0
926 220367 100.0 87.0
927 221556 100.0 87.0
928 221675 100.0 87.0
929 221798 100.0 87.0
930 221905 100.0 87.0
931 222067 100.0 87.0
932 222337 100.0 87.0
933 222572 100.0 87.0
934 222813 100.0 87.0
935 222978 100.0 87.0
936 223094 100.0 87.0
937 223294 100.0 87.0
938 223451 100.0 87.0
939 223574 100.0 87.0
940 223785 100.0 88.0
941 223922 100.0 88.0
942 224257 0.0 88.0
943 224397 100.0 88.0
944 224626 100.0 88.0
945 229143 100.0 88.0
946 229331 100.0 88.0
947 229544 100.0 88.0
948 229752 0.0 87.0
949 229910 100.0 87.0
950 230753 0.0 86.0
951 231083 0.0 85.0
952 233074 100.0 85.0
953 233177 100.0 86.0
954 233402 100.0 86.0
955 233549 100.0 86.0
956 233881 100.0 86.0
957 234003 100.0 86.0
958 234299 100.0 86.0
959 234442 100.0 86.0
960 234689 100.0 86.0
961 234841 100.0 86.0
962 235052 100.0 86.0
963 235177 100.0 86.0
964 235475 100.0 86.0
965 235597 100.0 86.0
966 235713 100.0 86.0
967 235944 100.0 86.0
968 236134 100.0 87.0
969 236325 100.0 87.0
970 236492 100.0 87.0
971 236612 100.0 87.0
972 236732 100.0 87.0
973 236994 0.0 86.0
974 237226 100.0 86.0
975 237325 100.0 86.0
976 237442 100.0 86.0
977 237589 100.0 86.0
978 237794 100.0 86.0
979 237921 100.0 86.0
980 238089 100.0 86.0
981 238339 0.0 85.0
982 238648 100.0 85.0
983 238716 100.0 85.0
984 238862 100.0 86.0
985 239045 100.0 86.0
986 239135 100.0 86.0
987 239256 100.0 86.0
988 239509 0.0 86.0
989 239621 100.0 86.0
990 239790 100.0 86.0
991 239908 100.0 86.0
992 240141 100.0 87.0
993 246497 0.0 86.0
994 246612 100.0 86.0
995 246860 100.0 86.0
996 246985 100.0 87.0
997 247202 100.0 87.0
998 247319 100.0 87.0
999 247518 100.0 87.0
1000 247709 100.0 87.0
1001 247979 100.0 87.0
1002 248174 100.0 87.0
1003 248451 100.0 87.0
1004 248711 100.0 88.0
1005 248902 100.0 88.0
1006 250054 100.0 88.0
1007 250245 100.0 88.0
1008 250522 100.0 89.0
1009 250796 100.0 89.0
1010 250927 100.0 89.0
1011 251042 100.0 89.0
1012 251204 100.0 89.0
1013 251418 100.0 89.0
1014 251539 100.0 90.0
1015 251689 100.0 91.0
1016 251920 100.0 92.0
1017 252039 100.0 92.0
1018 252325 100.0 92.0
1019 252531 100.0 92.0
1020 252803 100.0 92.0
1021 252920 100.0 92.0
1022 253096 100.0 92.0
1023 253260 100.0 92.0
1024 253373 100.0 92.0
1025 253512 100.0 92.0
1026 253696 100.0 92.0
1027 253820 100.0 92.0
1028 253947 100.0 92.0
1029 254188 100.0 92.0
1030 254324 100.0 92.0
1031 254450 100.0 92.0
1032 254721 100.0 92.0
1033 254930 100.0 92.0
1034 255063 100.0 92.0
1035 255245 100.0 92.0
1036 255458 100.0 92.0
1037 257240 100.0 92.0
1038 257326 100.0 92.0
1039 257577 100.0 92.0
1040 257843 100.0 92.0
1041 258169 0.0 91.0
1042 258423 100.0 92.0
1043 258742 100.0 92.0
1044 258918 100.0 92.0
1045 259104 100.0 92.0
1046 259304 100.0 92.0
1047 259430 100.0 92.0
1048 259712 0.0 92.0
1049 259953 100.0 92.0
1050 260239 0.0 92.0
1051 260477 100.0 93.0
1052 260664 100.0 93.0
1053 260952 100.0 93.0
1054 261256 100.0 93.0
1055 261596 100.0 93.0
1056 261848 100.0 93.0
1057 262057 100.0 93.0
1058 262262 100.0 93.0
1059 262514 0.0 92.0
1060 262641 100.0 92.0
1061 263030 0.0 91.0
1062 263317 100.0 91.0
1063 263521 100.0 91.0
1064 263688 100.0 91.0
1065 263886 100.0 91.0
1066 264095 100.0 91.0
1067 264326 0.0 90.0
1068 264512 100.0 90.0
1069 264831 100.0 90.0
1070 265088 100.0 90.0
1071 265233 100.0 90.0
1072 265443 100.0 90.0
1073 265614 100.0 91.0
1074 265800 100.0 91.0
1075 265938 100.0 91.0
1076 266118 0.0 90.0
1077 266359 100.0 90.0
1078 266632 100.0 90.0
1079 266753 100.0 90.0
1080 267082 100.0 90.0
1081 267187 100.0 91.0
1082 267481 100.0 91.0
1083 267718 100.0 91.0
1084 268024 100.0 91.0
1085 268243 100.0 91.0
1086 268405 100.0 91.0
1087 268592 100.0 91.0
1088 268883 100.0 92.0
1089 269062 100.0 92.0
1090 269241 100.0 92.0
1091 269601 100.0 92.0
1092 269753 100.0 92.0
1093 269868 100.0 93.0
1094 270172 100.0 93.0
1095 270457 0.0 92.0
1096 270644 100.0 92.0
1097 270799 100.0 92.0
1098 271054 100.0 92.0
1099 271272 100.0 92.0
1100 271574 100.0 92.0
1101 271832 100.0 92.0
1102 272005 100.0 92.0
1103 272263 0.0 91.0
1104 272493 100.0 91.0
1105 272651 100.0 91.0
1106 272872 100.0 91.0
1107 272985 100.0 91.0
1108 273213 0.0 90.0
1109 273581 0.0 89.0
1110 273868 100.0 89.0
1111 273984 100.0 89.0
1112 274174 100.0 89.0
1113 274441 100.0 89.0
1114 274636 100.0 89.0
1115 275036 0.0 88.0
1116 275207 100.0 88.0
1117 275396 0.0 87.0
1118 275581 100.0 87.0
1119 275819 0.0 86.0
1120 276094 100.0 86.0
1121 276330 100.0 86.0
1122 276507 100.0 86.0
1123 276741 100.0 86.0
1124 276915 100.0 86.0
1125 277175 100.0 86.0
1126 277406 100.0 86.0
1127 277595 100.0 86.0
1128 277805 100.0 86.0
1129 277955 100.0 86.0
1130 278124 100.0 86.0
1131 278208 100.0 86.0
1132 278448 100.0 86.0
1133 278698 100.0 86.0
1134 278929 100.0 86.0
1135 279029 100.0 86.0
1136 279285 100.0 86.0
1137 279519 100.0 86.0
1138 279783 100.0 86.0
1139 280129 0.0 85.0
1140 280484 100.0 85.0
1141 280736 100.0 86.0
1142 280903 100.0 86.0
1143 281026 100.0 86.0
1144 281204 0.0 85.0
1145 281438 0.0 84.0
1146 281637 100.0 84.0
1147 281917 100.0 84.0
1148 282143 100.0 85.0
1149 282314 100.0 85.0
1150 282485 100.0 86.0
1151 282677 100.0 86.0
1152 282872 100.0 86.0
1153 282973 100.0 86.0
1154 283256 100.0 86.0
1155 283447 0.0 85.0
1156 283620 100.0 85.0
1157 283803 100.0 85.0
1158 283999 100.0 85.0
1159 284166 100.0 86.0
1160 284271 100.0 86.0
1161 284567 100.0 87.0
1162 284800 100.0 87.0
1163 285104 100.0 87.0
1164 285394 100.0 87.0
1165 285583 100.0 87.0
1166 285946 100.0 87.0
1167 286212 100.0 88.0
1168 286384 100.0 88.0
1169 286537 100.0 88.0
1170 286705 100.0 88.0
1171 286963 100.0 88.0
1172 287153 0.0 87.0
1173 287323 100.0 87.0
1174 287526 100.0 87.0
1175 287655 100.0 87.0
1176 287833 100.0 88.0
1177 288129 0.0 87.0
1178 288303 100.0 87.0
1179 288493 100.0 87.0
1180 288731 100.0 87.0
1181 288899 100.0 87.0
1182 289087 100.0 87.0
1183 289270 100.0 87.0
1184 289543 100.0 87.0
1185 289798 100.0 87.0
1186 289865 100.0 87.0
1187 290194 0.0 86.0
1188 290366 100.0 86.0
1189 290618 100.0 86.0
1190 290758 100.0 86.0
1191 291081 0.0 85.0
1192 291264 100.0 85.0
1193 291575 100.0 85.0
1194 291772 100.0 85.0
1195 291854 100.0 86.0
1196 292132 100.0 86.0
1197 292397 100.0 86.0
1198 292612 0.0 85.0
1199 292948 100.0 85.0
1200 293146 100.0 85.0
1201 293523 0.0 84.0
1202 293755 100.0 84.0
1203 293954 100.0 85.0
1204 294065 100.0 85.0
1205 294256 100.0 85.0
1206 294417 100.0 85.0
1207 294535 100.0 85.0
1208 294784 100.0 86.0
1209 294950 100.0 87.0
1210 295171 100.0 87.0
1211 295285 100.0 87.0
1212 295525 100.0 87.0
1213 295755 100.0 87.0
1214 296022 100.0 87.0
1215 296233 100.0 88.0
1216 296507 100.0 88.0
1217 296739 100.0 89.0
1218 296976 100.0 89.0
1219 297159 100.0 90.0
1220 297426 100.0 90.0
1221 297669 100.0 90.0
1222 297981 100.0 90.0
1223 298161 100.0 90.0
1224 298436 0.0 89.0
1225 298561 100.0 89.0
1226 298804 100.0 89.0
1227 299140 0.0 88.0
1228 299285 100.0 88.0
1229 299533 0.0 87.0
1230 299674 100.0 87.0
1231 299891 100.0 87.0
1232 300156 0.0 86.0
1233 300276 100.0 86.0
1234 300465 100.0 86.0
1235 300751 0.0 85.0
1236 300964 100.0 85.0
1237 301043 100.0 85.0
1238 301301 100.0 85.0
1239 301446 100.0 86.0
1240 301642 100.0 86.0
1241 301810 100.0 86.0
1242 301961 100.0 86.0
1243 302132 100.0 86.0
1244 302350 100.0 87.0
1245 302497 100.0 88.0
1246 302708 100.0 88.0
1247 302939 100.0 88.0
1248 303007 100.0 88.0
1249 303193 100.0 88.0
1250 303466 0.0 87.0
1251 303824 100.0 87.0
1252 304014 100.0 87.0
1253 304219 100.0 87.0
1254 304540 100.0 87.0
1255 304697 100.0 88.0
1256 304971 100.0 88.0
1257 305214 100.0 88.0
1258 305405 100.0 88.0
1259 305625 100.0 88.0
1260 305835 100.0 88.0
1261 305983 100.0 88.0
1262 306304 100.0 88.0
1263 306392 100.0 88.0
1264 306556 100.0 88.0
1265 306780 0.0 87.0
1266 306918 100.0 87.0
1267 307066 100.0 87.0
1268 307326 100.0 87.0
1269 307470 100.0 87.0
1270 307623 100.0 87.0
1271 307793 100.0 87.0
1272 307969 100.0 88.0
1273 308129 100.0 88.0
1274 308236 100.0 88.0
1275 308357 100.0 88.0
1276 308563 100.0 88.0
1277 308696 100.0 89.0
1278 308773 100.0 89.0
1279 308922 100.0 89.0
1280 309190 100.0 89.0
1281 309431 100.0 89.0
1282 309640 100.0 89.0
1283 309884 100.0 89.0
1284 310093 100.0 89.0
1285 310340 100.0 89.0
1286 310533 100.0 89.0
1287 310624 100.0 90.0
1288 310918 100.0 90.0
1289 311100 100.0 90.0
1290 311475 100.0 90.0
1291 311592 100.0 91.0
1292 311673 100.0 91.0
1293 311912 100.0 91.0
1294 312074 100.0 91.0
1295 312313 100.0 91.0
1296 312477 100.0 91.0
1297 312726 100.0 91.0
1298 312957 0.0 91.0
1299 313030 100.0 91.0
1300 313213 100.0 91.0
1301 313477 100.0 92.0
1302 313634 100.0 92.0
1303 313702 100.0 92.0
1304 313931 100.0 92.0
1305 314125 100.0 92.0
1306 314302 100.0 92.0
1307 314459 100.0 92.0
1308 314603 100.0 92.0
1309 314837 0.0 91.0
1310 314993 100.0 91.0
1311 315149 100.0 91.0
1312 315357 100.0 91.0
1313 315708 100.0 91.0
1314 315867 100.0 91.0
1315 316097 100.0 91.0
1316 316235 100.0 91.0
1317 316486 100.0 91.0
1318 316722 0.0 90.0
1319 316878 100.0 90.0
1320 317062 100.0 90.0
1321 317274 100.0 90.0
1322 317447 100.0 90.0
1323 317591 100.0 90.0
1324 317804 100.0 91.0
1325 317983 100.0 91.0
1326 318176 100.0 91.0
1327 318332 100.0 92.0
1328 318515 100.0 92.0
1329 318675 100.0 93.0
1330 318780 100.0 93.0
1331 318901 100.0 93.0
1332 319045 100.0 94.0
1333 319258 100.0 94.0
1334 319424 100.0 94.0
1335 319700 0.0 94.0
1336 320011 100.0 94.0
1337 320286 100.0 94.0
1338 320396 100.0 94.0
1339 320628 100.0 94.0
1340 320839 100.0 94.0
1341 321137 100.0 94.0
1342 321420 100.0 94.0
1343 321541 100.0 94.0
1344 321724 100.0 94.0
1345 322024 100.0 94.0
1346 322135 100.0 94.0
1347 322301 100.0 94.0
1348 322483 100.0 94.0
1349 322718 0.0 93.0
1350 322994 100.0 94.0
1351 323199 100.0 94.0
1352 323417 100.0 94.0
1353 323690 100.0 94.0
1354 323846 100.0 94.0
1355 324064 100.0 94.0
1356 324310 0.0 93.0
1357 324468 100.0 93.0
1358 324671 100.0 93.0
1359 324815 100.0 93.0
1360 324993 100.0 93.0
1361 325125 100.0 93.0
1362 325275 100.0 93.0
1363 325436 100.0 93.0
1364 325594 100.0 93.0
1365 325850 0.0 93.0
1366 326038 100.0 93.0
1367 326207 100.0 93.0
1368 326294 100.0 93.0
1369 326495 0.0 92.0
1370 326709 0.0 91.0
1371 326863 100.0 91.0
1372 326949 100.0 91.0
1373 327122 100.0 91.0
1374 327264 100.0 91.0
1375 327397 100.0 91.0
1376 327663 100.0 91.0
1377 327829 100.0 91.0
1378 327998 100.0 91.0
1379 328136 100.0 91.0
1380 328313 100.0 91.0
1381 328385 100.0 91.0
1382 328608 100.0 91.0
1383 328711 100.0 91.0
1384 328903 100.0 91.0
1385 329056 100.0 91.0
1386 329352 100.0 91.0
1387 329513 100.0 91.0
1388 329839 100.0 91.0
1389 330098 0.0 90.0
1390 330338 100.0 90.0
1391 330556 100.0 90.0
1392 330674 100.0 90.0
1393 330883 100.0 90.0
1394 331037 100.0 90.0
1395 331126 100.0 90.0
1396 331278 100.0 90.0
1397 331467 100.0 90.0
1398 331628 100.0 91.0
1399 331774 100.0 91.0
1400 331935 100.0 91.0
1401 332197 100.0 91.0
1402 332487 100.0 91.0
1403 332655 100.0 91.0
1404 332766 100.0 91.0
1405 335577 100.0 91.0
1406 335736 100.0 91.0
1407 335894 100.0 91.0
1408 336053 100.0 91.0
1409 336220 100.0 92.0
1410 336364 100.0 92.0
1411 336545 100.0 92.0
1412 336626 100.0 92.0
1413 336987 100.0 92.0
1414 337100 100.0 92.0
1415 337248 100.0 92.0
1416 337544 100.0 92.0
1417 337628 100.0 92.0
1418 337809 100.0 93.0
1419 337975 100.0 93.0
1420 338110 100.0 93.0
1421 338261 100.0 93.0
1422 338473 100.0 93.0
1423 338556 100.0 93.0
1424 338657 100.0 93.0
1425 338783 100.0 93.0
1426 338930 100.0 93.0
1427 339200 100.0 93.0
1428 339278 100.0 93.0
1429 339424 100.0 93.0
1430 339508 100.0 93.0
1431 339642 100.0 93.0
1432 339868 0.0 92.0
1433 340038 100.0 92.0
1434 340183 100.0 92.0
1435 340265 100.0 93.0
1436 340536 100.0 93.0
1437 340706 100.0 93.0
1438 340804 100.0 93.0
1439 341033 100.0 93.0
1440 341169 100.0 93.0
1441 341270 100.0 93.0
1442 341440 100.0 93.0
1443 341677 100.0 93.0
1444 341823 100.0 93.0
1445 341989 100.0 93.0
1446 342147 100.0 93.0
1447 342247 100.0 93.0
1448 342462 100.0 93.0
1449 342590 100.0 94.0
1450 342813 100.0 94.0
1451 342894 100.0 94.0
1452 343119 100.0 94.0
1453 343277 100.0 94.0
1454 343515 100.0 94.0
1455 343758 100.0 94.0
1456 343983 100.0 95.0
1457 344122 100.0 95.0
1458 344287 100.0 95.0
1459 344415 100.0 95.0
1460 344626 100.0 95.0
1461 344901 100.0 95.0
1462 345027 100.0 95.0
1463 345161 100.0 95.0
1464 345326 100.0 95.0
1465 345708 100.0 96.0
1466 345997 100.0 96.0
1467 346266 100.0 96.0
1468 346514 100.0 96.0
1469 346723 100.0 97.0
1470 346888 100.0 98.0
1471 347104 100.0 98.0
1472 347260 100.0 98.0
1473 347487 100.0 98.0
1474 347657 100.0 98.0
1475 347864 100.0 98.0
1476 348108 100.0 98.0
1477 348270 100.0 98.0
1478 348458 100.0 98.0
1479 348654 100.0 98.0
1480 348965 100.0 98.0
1481 349049 100.0 98.0
1482 349263 100.0 98.0
1483 349415 100.0 98.0
1484 349607 100.0 98.0
1485 349788 100.0 98.0
1486 349947 100.0 98.0
1487 350029 100.0 98.0
1488 350174 100.0 98.0
1489 350375 100.0 99.0
1490 350488 100.0 99.0
1491 350678 100.0 99.0
1492 350761 100.0 99.0
1493 350998 0.0 98.0
1494 351252 100.0 98.0
1495 351462 100.0 98.0
1496 351603 100.0 98.0
1497 351729 100.0 98.0
1498 351883 100.0 98.0
1499 352036 100.0 98.0
1500 352342 100.0 98.0
1501 352427 100.0 98.0
1502 352580 100.0 98.0
1503 352750 100.0 98.0
1504 353015 100.0 98.0
1505 353149 100.0 98.0
1506 353273 100.0 98.0
1507 353428 100.0 98.0
1508 353608 100.0 98.0
1509 353760 100.0 98.0
1510 353990 100.0 98.0
1511 354072 100.0 98.0
1512 354193 100.0 98.0
1513 354353 100.0 98.0
1514 354572 100.0 98.0
1515 356190 100.0 98.0
1516 356350 100.0 98.0
1517 356426 100.0 98.0
1518 356561 100.0 98.0
1519 356841 100.0 98.0
1520 357059 100.0 98.0
1521 357140 100.0 98.0
1522 357309 100.0 98.0
1523 357524 100.0 98.0
1524 357742 100.0 98.0
1525 357930 100.0 98.0
1526 358018 100.0 98.0
1527 358328 100.0 98.0
1528 358582 100.0 98.0
1529 358930 100.0 98.0
1530 359079 100.0 98.0
1531 359262 100.0 98.0
1532 359427 100.0 99.0
1533 359675 100.0 99.0
1534 359781 100.0 99.0
1535 359994 100.0 99.0
1536 360227 100.0 99.0
1537 360371 100.0 99.0
1538 360514 100.0 99.0
1539 360594 100.0 99.0
1540 360796 100.0 99.0
1541 360937 100.0 99.0
1542 361088 100.0 99.0
1543 361323 100.0 99.0
1544 361529 100.0 99.0
1545 361670 100.0 99.0
1546 361846 100.0 99.0
1547 361988 100.0 99.0
1548 362182 100.0 99.0
1549 362331 100.0 99.0
1550 362418 100.0 99.0
1551 362570 100.0 99.0
1552 362725 100.0 99.0
1553 362810 100.0 99.0
1554 363037 100.0 99.0
1555 363184 100.0 99.0
1556 363371 100.0 99.0
1557 363621 100.0 99.0
1558 364392 100.0 99.0
1559 364476 100.0 99.0
1560 364565 100.0 99.0
1561 364912 0.0 98.0
1562 365100 100.0 98.0
1563 365275 100.0 98.0
1564 365381 100.0 98.0
1565 365634 100.0 98.0
1566 365783 100.0 98.0
1567 366007 0.0 97.0
1568 366152 100.0 97.0
1569 366308 100.0 97.0
1570 366390 100.0 97.0
1571 366463 100.0 97.0
1572 366548 100.0 97.0
1573 366767 100.0 97.0
1574 366856 100.0 97.0
1575 367000 100.0 97.0
1576 367152 100.0 97.0
1577 367304 100.0 97.0
1578 367543 100.0 97.0
1579 367669 100.0 97.0
1580 367807 100.0 97.0
1581 367957 100.0 97.0
1582 368100 100.0 97.0
1583 368272 100.0 97.0
1584 368360 100.0 97.0
1585 368678 100.0 97.0
1586 368904 100.0 97.0
1587 369056 100.0 97.0
1588 369192 100.0 97.0
1589 369322 100.0 97.0
1590 369474 100.0 97.0
1591 369649 100.0 97.0
1592 369813 100.0 97.0
1593 370047 100.0 98.0
1594 370316 100.0 98.0
1595 370517 100.0 98.0
1596 370621 100.0 98.0
1597 370708 100.0 98.0
1598 370789 100.0 98.0
1599 370964 100.0 98.0
1600 371128 100.0 98.0
1601 371302 100.0 98.0
1602 371467 100.0 98.0
1603 371553 100.0 98.0
1604 371694 100.0 98.0
1605 371839 100.0 98.0
1606 371995 100.0 98.0
1607 372114 100.0 98.0
1608 372301 100.0 98.0
1609 372525 100.0 98.0
1610 372875 100.0 98.0
1611 372949 100.0 98.0
1612 373033 100.0 98.0
1613 373189 100.0 98.0
1614 373380 100.0 98.0
1615 373537 100.0 98.0
1616 373709 100.0 98.0
1617 373880 100.0 98.0
1618 374029 100.0 98.0
1619 374170 100.0 98.0
1620 374322 100.0 98.0
1621 374500 100.0 98.0
1622 374582 100.0 98.0
1623 374710 100.0 98.0
1624 374877 100.0 98.0
1625 375032 100.0 98.0
1626 375195 100.0 98.0
1627 375370 100.0 98.0
1628 375497 100.0 98.0
1629 375569 100.0 98.0
1630 375785 100.0 98.0
1631 375934 100.0 98.0
1632 376013 100.0 98.0
1633 376168 100.0 98.0
1634 376348 100.0 98.0
1635 376584 100.0 98.0
1636 376781 100.0 98.0
1637 377006 100.0 98.0
1638 377229 100.0 98.0
1639 377450 100.0 98.0
1640 377596 100.0 98.0
1641 377770 100.0 98.0
1642 377853 100.0 98.0
1643 377963 100.0 98.0
1644 378075 100.0 98.0
1645 378237 100.0 98.0
1646 378341 100.0 98.0
1647 378421 100.0 98.0
1648 378575 100.0 98.0
1649 378679 100.0 98.0
1650 378831 100.0 98.0
1651 379005 100.0 98.0
1652 379227 100.0 98.0
1653 379378 100.0 98.0
1654 379605 100.0 98.0
1655 379741 100.0 98.0
1656 379963 100.0 98.0
1657 380116 100.0 98.0
1658 380314 100.0 98.0
1659 380504 100.0 98.0
1660 380649 100.0 98.0
1661 380735 100.0 99.0
1662 380883 100.0 99.0
1663 380967 100.0 99.0
1664 381114 100.0 99.0
1665 381337 100.0 99.0
1666 381481 100.0 99.0
1667 381643 100.0 100.0
1668 381785 100.0 100.0
1669 381932 100.0 100.0
1670 382195 100.0 100.0
1671 382259 100.0 100.0
1672 382339 100.0 100.0
1673 382614 100.0 100.0
1674 382778 100.0 100.0
1675 382996 100.0 100.0
1676 383135 100.0 100.0
1677 383286 100.0 100.0
1678 383599 100.0 100.0
1679 383777 100.0 100.0
1680 383908 100.0 100.0
1681 384054 100.0 100.0
1682 384262 100.0 100.0
1683 384451 100.0 100.0
1684 384602 100.0 100.0
1685 384681 100.0 100.0
1686 384848 100.0 100.0
1687 384932 100.0 100.0
1688 385106 100.0 100.0
1689 385269 100.0 100.0
1690 385445 100.0 100.0
1691 385526 100.0 100.0
1692 385766 100.0 100.0
1693 385848 100.0 100.0
1694 385958 100.0 100.0
1695 386100 100.0 100.0
1696 386234 100.0 100.0
1697 386387 100.0 100.0
1698 386544 100.0 100.0
1699 386623 100.0 100.0
1700 386798 100.0 100.0
1701 386903 100.0 100.0
1702 386995 100.0 100.0
1703 387155 100.0 100.0
1704 387302 100.0 100.0
1705 387447 100.0 100.0
1706 387631 100.0 100.0
1707 387783 100.0 100.0
1708 387961 100.0 100.0
1709 388123 100.0 100.0
1710 388278 100.0 100.0
1711 388433 100.0 100.0
1712 388612 100.0 100.0
1713 388820 100.0 100.0
1714 389010 100.0 100.0
1715 389091 100.0 100.0
1716 389171 100.0 100.0
1717 389325 100.0 100.0
1718 389478 100.0 100.0
1719 389665 100.0 100.0
1720 389800 100.0 100.0
1721 389880 100.0 100.0
1722 390028 100.0 100.0
1723 390182 100.0 100.0
1724 390339 100.0 100.0
1725 390476 100.0 100.0
1726 390672 100.0 100.0
1727 390754 100.0 100.0
1728 390956 100.0 100.0
1729 391082 100.0 100.0
1730 391281 100.0 100.0
1731 391502 100.0 100.0
1732 391655 100.0 100.0
1733 391866 100.0 100.0
1734 392055 100.0 100.0
1735 392192 100.0 100.0
1736 392343 100.0 100.0
1737 392525 100.0 100.0
1738 392723 100.0 100.0
1739 392853 100.0 100.0
1740 393010 100.0 100.0
1741 393208 100.0 100.0
1742 393360 100.0 100.0
1743 393647 100.0 100.0
1744 393817 100.0 100.0
1745 394046 100.0 100.0
1746 394183 100.0 100.0
1747 394396 100.0 100.0
1748 394471 100.0 100.0
1749 394565 100.0 100.0
1750 394708 100.0 100.0
1751 394886 100.0 100.0
1752 395007 100.0 100.0
1753 395087 100.0 100.0
1754 395187 100.0 100.0
1755 395265 100.0 100.0
1756 395411 100.0 100.0
1757 395563 100.0 100.0
1758 395730 100.0 100.0
1759 395827 100.0 100.0
1760 396021 100.0 100.0
1761 396164 100.0 100.0
1762 396348 100.0 100.0
1763 396497 100.0 100.0
1764 396705 100.0 100.0
1765 396786 100.0 100.0
1766 396851 100.0 100.0
1767 397014 100.0 100.0
1768 397150 100.0 100.0
1769 397266 100.0 100.0
1770 397352 100.0 100.0
1771 397539 100.0 100.0
1772 397753 100.0 100.0
1773 397908 100.0 100.0
1774 398033 100.0 100.0
1775 398159 100.0 100.0
1776 398315 100.0 100.0
1777 398515 100.0 100.0
1778 398712 100.0 100.0
1779 398801 100.0 100.0
1780 398881 100.0 100.0
1781 399043 100.0 100.0
1782 399254 0.0 99.0
1783 400115 100.0 99.0
