1 408 0.0 0.0
2 727 0.0 0.0
3 1415 0.0 0.0
4 1596 0.0 0.0
5 1969 0.0 0.0
6 2227 0.0 0.0
7 3230 0.0 0.0
8 3550 0.0 0.0
9 3797 0.0 0.0
10 4299 0.0 0.0
11 4494 0.0 0.0
12 4842 0.0 0.0
13 5216 0.0 0.0
14 5507 0.0 0.0
15 5787 0.0 0.0
16 6049 0.0 0.0
17 6519 0.0 0.0
18 6850 0.0 0.0
19 7022 0.0 0.0
20 7242 0.0 0.0
21 7584 0.0 0.0
22 7983 0.0 0.0
23 8347 0.0 0.0
24 8661 0.0 0.0
25 9180 0.0 0.0
26 9463 0.0 0.0
27 9912 0.0 0.0
28 10139 0.0 0.0
29 10367 0.0 0.0
30 10740 0.0 0.0
31 10920 0.0 0.0
32 11168 0.0 0.0
33 11667 0.0 0.0
34 12142 0.0 0.0
35 12783 0.0 0.0
36 13115 0.0 0.0
37 13370 0.0 0.0
38 13702 0.0 0.0
39 14174 0.0 0.0
40 14385 0.0 0.0
41 14713 0.0 0.0
42 14951 0.0 0.0
43 15288 0.0 0.0
44 15664 0.0 0.0
45 16179 0.0 0.0
46 16480 0.0 0.0
47 16864 0.0 0.0
48 17086 0.0 0.0
49 17524 0.0 0.0
50 17756 0.0 0.0
51 18063 0.0 0.0
52 18368 0.0 0.0
53 18641 0.0 0.0
54 19173 0.0 0.0
55 19549 0.0 0.0
56 19777 0.0 0.0
57 20165 0.0 0.0
58 20434 0.0 0.0
59 20837 0.0 0.0
60 21140 0.0 0.0
61 21887 0.0 0.0
62 22316 0.0 0.0
63 22490 0.0 0.0
64 22828 0.0 0.0
65 23259 0.0 0.0
66 23506 0.0 0.0
67 23832 0.0 0.0
68 24070 0.0 0.0
69 24402 0.0 0.0
70 25123 0.0 0.0
71 25426 0.0 0.0
72 25736 0.0 0.0
73 26139 0.0 0.0
74 26410 0.0 0.0
75 26675 0.0 0.0
76 26955 0.0 0.0
77 27238 0.0 0.0
78 27804 0.0 0.0
79 28119 0.0 0.0
80 28493 0.0 0.0
81 28883 0.0 0.0
82 29140 0.0 0.0
83 29460 0.0 0.0
84 29751 0.0 0.0
85 30040 0.0 0.0
86 30369 0.0 0.0
87 30631 0.0 0.0
88 30849 0.0 0.0
89 31181 0.0 0.0
90 31657 0.0 0.0
91 32142 0.0 0.0
92 32582 0.0 0.0
93 32859 0.0 0.0
94 33319 0.0 0.0
95 33591 0.0 0.0
96 34109 0.0 0.0
97 34325 0.0 0.0
98 34497 0.0 0.0
99 34940 0.0 0.0
100 35289 0.0 0.0
101 35821 0.0 0.0
102 36242 0.0 0.0
103 36753 0.0 0.0
104 38466 100.0 1.0
105 38761 0.0 1.0
106 39490 100.0 2.0
107 40181 0.0 2.0
108 40416 0.0 2.0
109 41437 0.0 2.0
110 42077 100.0 3.0
111 42556 0.0 3.0
112 42918 0.0 3.0
113 43608 100.0 4.0
114 44450 0.0 4.0
115 44749 0.0 4.0
116 45289 0.0 4.0
117 45599 0.0 4.0
118 45994 0.0 4.0
119 46337 0.0 4.0
120 47004 0.0 4.0
121 48210 0.0 4.0
122 48620 0.0 4.0
123 49079 0.0 4.0
124 49542 100.0 5.0
125 49816 0.0 5.0
126 50290 0.0 5.0
127 50712 100.0 6.0
128 51090 0.0 6.0
129 51806 0.0 6.0
130 52147 0.0 6.0
131 52618 0.0 6.0
132 53105 0.0 6.0
133 53513 0.0 6.0
134 54209 0.0 6.0
135 54584 0.0 6.0
136 54910 100.0 7.0
137 55194 0.0 7.0
138 56020 0.0 7.0
139 56303 100.0 8.0
140 56539 0.0 8.0
141 56894 0.0 8.0
142 57345 100.0 9.0
143 57587 0.0 9.0
144 58241 100.0 10.0
145 58659 100.0 11.0
146 59253 0.0 11.0
147 59802 0.0 11.0
148 60360 100.0 12.0
149 60774 0.0 12.0
150 61404 0.0 12.0
151 61915 100.0 13.0
152 62253 0.0 13.0
153 62745 100.0 14.0
154 63208 0.0 14.0
155 63515 0.0 14.0
156 64012 0.0 14.0
157 64448 100.0 15.0
158 64971 100.0 16.0
159 65293 0.0 16.0
160 65704 100.0 17.0
161 65973 100.0 18.0
162 66502 100.0 19.0
163 66975 100.0 20.0
164 67710 100.0 21.0
165 68177 0.0 21.0
166 68436 100.0 22.0
167 68692 100.0 23.0
168 68930 100.0 24.0
169 69206 0.0 24.0
170 69629 100.0 25.0
171 70199 100.0 26.0
172 70389 100.0 27.0
173 71003 100.0 28.0
174 71398 0.0 28.0
175 71688 100.0 29.0
176 72009 100.0 30.0
177 72511 100.0 31.0
178 72719 100.0 32.0
179 72998 0.0 32.0
180 73313 0.0 32.0
181 73633 100.0 33.0
182 73784 100.0 34.0
183 74046 100.0 35.0
184 74357 100.0 36.0
185 74611 100.0 37.0
186 74898 100.0 38.0
187 75196 100.0 39.0
188 75368 100.0 40.0
189 75688 100.0 41.0
190 76012 0.0 41.0
191 76217 100.0 42.0
192 76471 100.0 43.0
193 76697 100.0 44.0
194 77300 100.0 45.0
195 77738 100.0 46.0
196 78036 100.0 47.0
197 78272 100.0 48.0
198 78486 100.0 49.0
199 78756 100.0 50.0
200 79376 0.0 50.0
201 79811 100.0 51.0
202 80105 100.0 52.0
203 80397 100.0 53.0
204 80653 100.0 53.0
205 80903 100.0 54.0
206 81450 100.0 54.0
207 81824 100.0 55.0
208 82004 100.0 56.0
209 82216 100.0 57.0
210 82414 100.0 57.0
211 82742 100.0 58.0
212 83118 100.0 59.0
213 83406 100.0 59.0
214 83639 100.0 60.0
215 83863 100.0 61.0
216 84080 100.0 62.0
217 84329 0.0 62.0
218 84482 100.0 63.0
219 84840 100.0 64.0
220 85011 100.0 65.0
221 85272 100.0 66.0
222 85492 100.0 67.0
223 85643 100.0 68.0
224 86000 100.0 68.0
225 86194 100.0 69.0
226 86396 100.0 70.0
227 86745 100.0 70.0
228 86941 100.0 71.0
229 87336 0.0 71.0
230 87552 100.0 72.0
231 88213 100.0 73.0
232 88527 100.0 74.0
233 88792 100.0 75.0
234 89122 0.0 75.0
235 89202 100.0 76.0
236 89445 100.0 76.0
237 89665 100.0 77.0
238 89846 100.0 78.0
239 90090 100.0 78.0
240 90307 100.0 79.0
241 90420 100.0 80.0
242 90564 100.0 80.0
243 90788 0.0 80.0
244 91036 100.0 80.0
245 91403 100.0 80.0
246 91683 100.0 81.0
247 91985 100.0 82.0
248 92231 100.0 82.0
249 92542 100.0 83.0
250 93260 100.0 84.0
251 93439 100.0 84.0
252 93762 100.0 85.0
253 94116 100.0 85.0
254 94499 100.0 86.0
255 94794 100.0 87.0
256 95070 100.0 88.0
257 95277 100.0 88.0
258 95554 100.0 88.0
259 95863 100.0 89.0
260 96028 100.0 89.0
261 96358 0.0 88.0
262 96622 100.0 88.0
263 96761 100.0 88.0
264 97169 100.0 88.0
265 97438 100.0 89.0
266 97616 100.0 89.0
267 98122 0.0 88.0
268 98286 100.0 88.0
269 98604 100.0 89.0
270 98791 100.0 89.0
271 99010 100.0 89.0
272 99222 100.0 89.0
273 99614 100.0 89.0
274 99938 100.0 90.0
275 100247 100.0 90.0
276 100373 100.0 90.0
277 100468 100.0 90.0
278 100620 100.0 90.0
279 100801 100.0 91.0
280 101106 100.0 92.0
281 101312 100.0 92.0
282 101406 100.0 92.0
283 101841 100.0 92.0
284 102200 100.0 92.0
285 102446 100.0 92.0
286 102622 100.0 92.0
287 102714 100.0 92.0
288 102889 100.0 92.0
289 103261 100.0 92.0
290 103435 100.0 93.0
291 103734 100.0 93.0
292 103905 100.0 93.0
293 104116 100.0 93.0
294 104495 100.0 93.0
295 104589 100.0 93.0
296 104904 100.0 93.0
297 105168 0.0 92.0
298 105363 100.0 92.0
299 105540 100.0 92.0
300 105770 100.0 93.0
301 106032 100.0 93.0
302 106249 100.0 93.0
303 106481 100.0 93.0
304 106652 100.0 93.0
305 106958 0.0 92.0
306 107034 100.0 92.0
307 107210 100.0 92.0
308 107430 100.0 92.0
309 107705 100.0 92.0
310 107807 100.0 92.0
311 108123 100.0 92.0
312 108313 100.0 92.0
313 108528 100.0 92.0
314 108724 100.0 92.0
315 108819 100.0 92.0
316 109089 100.0 92.0
317 109268 100.0 93.0
318 109525 100.0 93.0
319 109670 100.0 93.0
320 109876 100.0 93.0
321 109964 100.0 93.0
322 110113 100.0 93.0
323 110321 100.0 93.0
324 110518 100.0 93.0
325 110693 100.0 93.0
326 110964 100.0 93.0
327 111191 100.0 93.0
328 111413 100.0 93.0
329 111770 100.0 94.0
330 112126 100.0 94.0
331 112317 100.0 94.0
332 112416 100.0 94.0
333 112608 100.0 94.0
334 112683 100.0 95.0
335 112858 100.0 95.0
336 113036 100.0 95.0
337 113216 100.0 95.0
338 113482 100.0 95.0
339 113673 100.0 95.0
340 113938 100.0 95.0
341 114127 100.0 95.0
342 114312 100.0 95.0
343 114464 100.0 96.0
344 114607 100.0 96.0
345 114783 100.0 96.0
346 115018 100.0 96.0
347 115176 100.0 96.0
348 115434 100.0 96.0
349 115624 100.0 96.0
350 115704 100.0 96.0
351 115960 100.0 96.0
352 116180 100.0 96.0
353 116476 100.0 96.0
354 116796 100.0 96.0
355 116941 100.0 96.0
356 117101 100.0 96.0
357 117201 100.0 96.0
358 117512 100.0 96.0
359 117621 100.0 96.0
360 117802 100.0 96.0
361 117964 100.0 97.0
362 118121 100.0 97.0
363 118340 100.0 97.0
364 118634 100.0 97.0
365 118959 100.0 97.0
366 119108 100.0 97.0
367 119269 100.0 98.0
368 119549 0.0 97.0
369 119700 100.0 97.0
370 119959 100.0 97.0
371 120256 100.0 97.0
372 120523 100.0 97.0
373 120842 100.0 97.0
374 121246 100.0 97.0
375 121416 100.0 97.0
376 121647 100.0 97.0
377 121804 100.0 97.0
378 122051 100.0 97.0
379 122211 100.0 97.0
380 122450 100.0 97.0
381 122556 100.0 97.0
382 122722 100.0 97.0
383 122881 100.0 97.0
384 122982 100.0 97.0
385 123143 100.0 97.0
386 123328 100.0 97.0
387 123703 100.0 97.0
388 123862 100.0 97.0
389 124017 100.0 97.0
390 124274 100.0 97.0
391 124480 100.0 97.0
392 124637 100.0 97.0
393 124794 100.0 97.0
394 124974 100.0 97.0
395 125131 100.0 97.0
396 125293 100.0 97.0
397 125444 100.0 98.0
398 125714 100.0 98.0
399 126172 100.0 98.0
400 126404 100.0 98.0
401 126572 100.0 98.0
402 126799 100.0 98.0
403 126979 100.0 98.0
404 127145 100.0 98.0
405 127453 100.0 99.0
406 127679 100.0 99.0
407 127909 100.0 99.0
408 128217 100.0 99.0
409 128516 100.0 99.0
410 128750 100.0 99.0
411 128953 100.0 99.0
412 129161 100.0 99.0
413 129346 100.0 99.0
414 129623 100.0 99.0
415 129832 100.0 99.0
416 130072 100.0 99.0
417 130291 100.0 99.0
418 130473 100.0 99.0
419 130754 100.0 99.0
420 130965 100.0 99.0
421 131175 100.0 99.0
422 131348 100.0 99.0
423 131434 100.0 99.0
424 131589 100.0 99.0
425 131732 100.0 99.0
426 131892 100.0 99.0
427 132033 100.0 99.0
428 132321 100.0 99.0
429 132518 100.0 99.0
430 132914 100.0 99.0
431 133136 100.0 99.0
432 133404 100.0 99.0
433 133578 100.0 99.0
434 133836 100.0 99.0
435 134066 100.0 99.0
436 134302 100.0 99.0
437 134447 100.0 99.0
438 134525 100.0 99.0
439 134669 100.0 99.0
440 134822 100.0 99.0
441 135018 100.0 99.0
442 135153 100.0 99.0
443 135238 100.0 99.0
444 135506 100.0 99.0
445 135793 100.0 99.0
446 136003 100.0 99.0
447 136166 100.0 99.0
448 136324 100.0 99.0
449 136397 100.0 99.0
450 136644 100.0 99.0
451 136813 100.0 99.0
452 136897 100.0 99.0
453 137123 0.0 98.0
454 137279 100.0 98.0
455 137429 100.0 98.0
456 137563 100.0 98.0
457 137750 100.0 98.0
458 138085 100.0 98.0
459 138240 100.0 98.0
460 138455 100.0 98.0
461 138580 100.0 98.0
462 138808 100.0 98.0
463 138939 100.0 98.0
464 139093 100.0 98.0
465 139235 100.0 98.0
466 139442 100.0 98.0
467 139575 100.0 98.0
468 139678 100.0 99.0
469 139898 100.0 99.0
470 140146 100.0 99.0
471 140464 100.0 99.0
472 140565 100.0 99.0
473 140815 100.0 99.0
474 141001 100.0 99.0
475 141176 100.0 99.0
476 141409 100.0 99.0
477 141611 100.0 99.0
478 141764 100.0 99.0
479 141942 100.0 99.0
480 142111 100.0 99.0
481 142456 100.0 99.0
482 142718 100.0 99.0
483 142848 100.0 99.0
484 143011 100.0 99.0
485 143099 100.0 99.0
486 143184 100.0 99.0
487 143390 100.0 99.0
488 143528 100.0 99.0
489 143886 100.0 99.0
490 144127 100.0 99.0
491 144271 100.0 99.0
492 144439 100.0 99.0
493 144694 0.0 98.0
494 145008 100.0 98.0
495 145246 100.0 98.0
496 145495 100.0 98.0
497 145690 100.0 98.0
498 145868 100.0 98.0
499 145995 100.0 98.0
500 146177 100.0 98.0
501 146389 100.0 98.0
502 146661 100.0 98.0
503 146850 100.0 98.0
504 147076 100.0 98.0
505 147231 100.0 98.0
506 147563 100.0 98.0
507 147704 100.0 98.0
508 147894 100.0 98.0
509 148082 100.0 98.0
510 148284 100.0 98.0
511 148447 100.0 98.0
512 148691 100.0 98.0
513 148925 100.0 98.0
514 149090 100.0 98.0
515 149303 0.0 97.0
516 149641 100.0 97.0
517 149796 100.0 97.0
518 150077 100.0 97.0
519 150157 100.0 97.0
520 150301 100.0 97.0
521 150507 100.0 97.0
522 150703 100.0 97.0
523 150854 100.0 97.0
524 151101 100.0 97.0
525 151357 100.0 97.0
526 151453 100.0 97.0
527 151688 100.0 97.0
528 151847 100.0 97.0
529 151974 100.0 97.0
530 152360 100.0 97.0
531 152713 100.0 97.0
532 152942 100.0 97.0
533 153306 100.0 97.0
534 153485 100.0 97.0
535 153654 100.0 97.0
536 153890 100.0 97.0
537 154119 100.0 97.0
538 154194 100.0 97.0
539 154431 100.0 97.0
540 154609 100.0 97.0
541 154768 100.0 97.0
542 154986 100.0 97.0
543 155259 100.0 97.0
544 155426 100.0 97.0
545 155676 100.0 97.0
546 155812 100.0 97.0
547 155968 100.0 97.0
548 156045 100.0 97.0
549 156244 100.0 97.0
550 156466 100.0 97.0
551 156747 100.0 97.0
552 156886 100.0 97.0
553 157060 100.0 98.0
554 157335 100.0 98.0
555 157479 100.0 98.0
556 157666 100.0 98.0
557 157851 100.0 98.0
558 158047 100.0 98.0
559 158239 100.0 98.0
560 158495 100.0 98.0
561 158713 100.0 98.0
562 159161 100.0 98.0
563 159370 100.0 98.0
564 159602 100.0 98.0
565 159808 100.0 98.0
566 160105 100.0 98.0
567 160284 100.0 98.0
568 160567 100.0 98.0
569 160902 100.0 98.0
570 161126 100.0 98.0
571 161210 100.0 98.0
572 161403 100.0 98.0
573 161488 100.0 98.0
574 161762 100.0 98.0
575 161919 100.0 98.0
576 162287 100.0 98.0
577 162365 100.0 98.0
578 162603 0.0 97.0
579 162746 100.0 97.0
580 163090 0.0 96.0
581 163320 100.0 96.0
582 163495 100.0 96.0
583 163653 100.0 96.0
584 163808 100.0 96.0
585 164231 100.0 96.0
586 164433 100.0 96.0
587 164536 100.0 96.0
588 164861 100.0 96.0
589 165036 100.0 96.0
590 165320 100.0 96.0
591 165428 100.0 96.0
592 165789 0.0 95.0
593 165988 100.0 96.0
594 166217 100.0 96.0
595 166468 0.0 95.0
596 166651 100.0 95.0
597 166797 100.0 95.0
598 166872 100.0 95.0
599 167224 100.0 95.0
600 167398 100.0 95.0
601 167472 100.0 95.0
602 167658 100.0 95.0
603 167826 100.0 95.0
604 168029 100.0 95.0
605 168233 100.0 95.0
606 168432 100.0 95.0
607 168703 100.0 95.0
608 168881 100.0 95.0
609 169145 100.0 95.0
610 169215 100.0 95.0
611 169394 100.0 95.0
612 169527 100.0 95.0
613 169605 100.0 95.0
614 169777 100.0 95.0
615 170108 100.0 96.0
616 170185 100.0 96.0
617 170445 0.0 95.0
618 170805 0.0 94.0
619 171059 100.0 94.0
620 171143 100.0 94.0
621 171218 100.0 94.0
622 171440 100.0 94.0
623 171578 100.0 94.0
624 171750 100.0 94.0
625 171951 100.0 94.0
626 172032 100.0 94.0
627 172427 100.0 94.0
628 172592 100.0 94.0
629 172809 100.0 94.0
630 172964 100.0 94.0
631 173105 100.0 94.0
632 173345 100.0 94.0
633 173502 100.0 94.0
634 173669 100.0 94.0
635 174028 100.0 94.0
636 174174 100.0 94.0
637 174390 100.0 94.0
638 174663 100.0 94.0
639 174758 100.0 94.0
640 174985 100.0 94.0
641 175206 100.0 94.0
642 175572 0.0 93.0
643 175809 100.0 93.0
644 175904 100.0 93.0
645 175979 100.0 93.0
646 176141 100.0 93.0
647 176356 100.0 93.0
648 176716 100.0 93.0
649 177108 100.0 93.0
650 177305 100.0 93.0
651 177384 100.0 93.0
652 177554 100.0 93.0
653 177695 100.0 93.0
654 178030 100.0 93.0
655 178332 100.0 93.0
656 178713 100.0 93.0
657 178907 100.0 93.0
658 179063 100.0 93.0
659 179205 100.0 93.0
660 179391 100.0 93.0
661 179615 100.0 93.0
662 179784 100.0 93.0
663 179964 100.0 93.0
664 180150 100.0 93.0
665 180229 100.0 93.0
666 180411 100.0 93.0
667 180604 100.0 93.0
668 180739 100.0 93.0
669 181007 100.0 93.0
670 181246 100.0 93.0
671 181372 100.0 93.0
672 181647 100.0 93.0
673 181878 100.0 93.0
674 181965 100.0 93.0
675 182132 100.0 93.0
676 182222 100.0 93.0
677 182374 100.0 93.0
678 182547 100.0 94.0
679 182697 100.0 94.0
680 182848 100.0 95.0
681 182930 100.0 95.0
682 183183 0.0 94.0
683 183350 100.0 94.0
684 183539 100.0 94.0
685 183690 100.0 94.0
686 183799 100.0 94.0
687 183944 100.0 94.0
688 184312 100.0 94.0
689 184462 100.0 94.0
690 184536 100.0 94.0
691 184700 100.0 94.0
692 184931 100.0 95.0
693 185109 100.0 95.0
694 185313 100.0 95.0
695 185453 100.0 96.0
696 185530 100.0 96.0
697 185606 100.0 96.0
698 185685 100.0 96.0
699 186121 100.0 96.0
700 186399 100.0 96.0
701 186637 100.0 96.0
702 186860 100.0 96.0
703 187120 100.0 96.0
704 187284 100.0 96.0
705 187481 100.0 96.0
706 187637 100.0 96.0
707 187781 100.0 96.0
708 188095 100.0 96.0
709 188292 100.0 96.0
710 188541 0.0 95.0
711 188678 100.0 95.0
712 189108 100.0 95.0
713 189186 100.0 95.0
714 189391 100.0 95.0
715 189547 100.0 95.0
716 189618 100.0 95.0
717 189805 100.0 96.0
718 189953 100.0 97.0
719 190228 0.0 96.0
720 190417 100.0 96.0
721 190701 100.0 96.0
722 190942 100.0 96.0
723 191100 100.0 96.0
724 191277 100.0 96.0
725 191433 100.0 96.0
726 191664 100.0 96.0
727 191817 100.0 96.0
728 191914 100.0 96.0
729 192142 100.0 96.0
730 192248 100.0 96.0
731 192426 100.0 96.0
732 192564 100.0 96.0
733 192648 100.0 96.0
734 192939 100.0 96.0
735 193289 100.0 96.0
736 193447 100.0 96.0
737 193588 100.0 96.0
738 193785 100.0 96.0
739 193907 100.0 96.0
740 194051 100.0 96.0
741 194195 100.0 96.0
742 194412 100.0 97.0
743 194553 100.0 97.0
744 194833 0.0 96.0
745 195183 100.0 96.0
746 195372 100.0 96.0
747 195506 100.0 96.0
748 195667 100.0 96.0
749 195797 100.0 96.0
750 195944 100.0 96.0
751 196334 0.0 95.0
752 196558 100.0 95.0
753 196645 100.0 95.0
754 196802 100.0 95.0
755 197087 100.0 95.0
756 197208 100.0 95.0
757 197288 100.0 95.0
758 197414 100.0 95.0
759 197636 100.0 95.0
760 197719 100.0 95.0
761 197867 100.0 95.0
762 198366 100.0 95.0
763 198587 100.0 95.0
764 198751 100.0 95.0
765 198840 100.0 95.0
766 198922 100.0 95.0
767 199275 100.0 95.0
768 199599 100.0 95.0
769 199845 100.0 95.0
770 200009 100.0 95.0
771 200174 100.0 95.0
772 200251 100.0 95.0
773 200483 100.0 95.0
774 200631 100.0 95.0
775 200875 100.0 95.0
776 201057 100.0 95.0
777 201386 100.0 95.0
778 201685 0.0 94.0
779 202009 100.0 94.0
780 202100 100.0 94.0
781 202244 100.0 94.0
782 202515 100.0 95.0
783 202678 100.0 95.0
784 202869 100.0 95.0
785 203037 100.0 95.0
786 203106 100.0 95.0
787 203316 100.0 95.0
788 203536 100.0 95.0
789 203604 100.0 95.0
790 203832 100.0 95.0
791 203969 100.0 95.0
792 204125 100.0 95.0
793 204437 100.0 95.0
794 204738 100.0 95.0
795 204893 100.0 95.0
796 205054 100.0 95.0
797 205125 100.0 95.0
798 205292 100.0 95.0
799 205554 100.0 95.0
800 205711 100.0 95.0
801 205839 100.0 95.0
802 206091 100.0 95.0
803 206416 100.0 95.0
804 206598 100.0 95.0
805 206779 100.0 95.0
806 206948 100.0 95.0
807 207190 100.0 95.0
808 207411 100.0 95.0
809 207691 100.0 95.0
810 207862 100.0 96.0
811 208034 100.0 96.0
812 208195 100.0 96.0
813 208481 100.0 96.0
814 208625 100.0 96.0
815 208764 100.0 96.0
816 208935 100.0 96.0
817 209357 100.0 96.0
818 209602 100.0 96.0
819 209784 100.0 97.0
820 210045 100.0 97.0
821 210150 100.0 97.0
822 210313 100.0 97.0
823 210539 100.0 97.0
824 210885 100.0 97.0
825 210958 100.0 97.0
826 211169 100.0 97.0
827 211366 100.0 97.0
828 211520 100.0 97.0
829 211784 100.0 97.0
830 212008 100.0 97.0
831 212209 100.0 97.0
832 212345 100.0 97.0
833 212482 100.0 97.0
834 212764 100.0 97.0
835 212894 100.0 97.0
836 213046 100.0 97.0
837 213217 100.0 97.0
838 213314 100.0 97.0
839 213488 100.0 97.0
840 213557 100.0 97.0
841 213849 100.0 97.0
842 214114 100.0 97.0
843 214187 100.0 97.0
844 214376 100.0 98.0
845 214609 100.0 98.0
846 214889 0.0 97.0
847 215115 100.0 97.0
848 215280 100.0 97.0
849 215634 100.0 97.0
850 215766 100.0 97.0
851 216042 100.0 98.0
852 216175 100.0 98.0
853 216442 100.0 98.0
854 216588 100.0 98.0
855 216736 100.0 98.0
856 216812 100.0 98.0
857 217029 100.0 98.0
858 217241 100.0 98.0
859 217313 100.0 98.0
860 217462 100.0 98.0
861 217686 100.0 98.0
862 217851 100.0 98.0
863 218131 100.0 98.0
864 218398 100.0 98.0
865 218613 100.0 98.0
866 218712 100.0 98.0
867 218999 100.0 98.0
868 219156 100.0 98.0
869 219406 0.0 97.0
870 219728 100.0 97.0
871 219911 100.0 97.0
872 220105 100.0 97.0
873 220365 100.0 97.0
874 220587 100.0 97.0
875 220772 100.0 97.0
876 220837 100.0 97.0
877 220961 100.0 97.0
878 221033 100.0 98.0
879 221373 100.0 98.0
880 221533 100.0 98.0
881 221682 100.0 98.0
882 221918 100.0 98.0
883 222388 100.0 98.0
884 222464 100.0 98.0
885 222728 100.0 98.0
886 222923 100.0 98.0
887 223063 100.0 98.0
888 223148 100.0 98.0
889 223340 100.0 98.0
890 223476 100.0 98.0
891 223687 100.0 98.0
892 223845 100.0 98.0
893 224042 100.0 98.0
894 224216 100.0 98.0
895 224410 100.0 98.0
896 224589 100.0 98.0
897 224710 100.0 98.0
898 224887 100.0 98.0
899 225050 100.0 98.0
900 225155 100.0 98.0
901 225415 100.0 98.0
902 225724 100.0 98.0
903 225873 100.0 98.0
904 226141 100.0 98.0
905 226263 100.0 98.0
906 226403 100.0 98.0
907 226481 100.0 98.0
908 226668 100.0 98.0
909 226812 100.0 98.0
910 227092 0.0 97.0
911 227233 100.0 97.0
912 227473 100.0 97.0
913 227545 100.0 97.0
914 227743 100.0 97.0
915 227987 100.0 97.0
916 228182 100.0 97.0
917 228383 100.0 97.0
918 228558 100.0 97.0
919 228866 100.0 97.0
920 228960 100.0 97.0
921 229271 0.0 96.0
922 229418 100.0 96.0
923 229794 100.0 96.0
924 230199 0.0 95.0
925 230491 100.0 95.0
926 230727 100.0 95.0
927 231026 0.0 94.0
928 231265 100.0 94.0
929 231392 100.0 94.0
930 231509 100.0 94.0
931 231592 100.0 94.0
932 231871 100.0 94.0
933 232075 100.0 94.0
934 232204 100.0 94.0
935 232296 100.0 94.0
936 232440 100.0 94.0
937 232568 100.0 94.0
938 232641 100.0 94.0
939 232709 100.0 94.0
940 232780 100.0 94.0
941 233020 100.0 94.0
942 233216 100.0 94.0
943 233413 100.0 94.0
944 233490 100.0 94.0
945 233633 100.0 94.0
946 233816 100.0 95.0
947 234010 100.0 95.0
948 234287 100.0 95.0
949 234482 100.0 95.0
950 234609 100.0 95.0
951 234840 100.0 95.0
952 234914 100.0 95.0
953 235128 100.0 95.0
954 235265 100.0 95.0
955 235462 100.0 95.0
956 235578 100.0 95.0
957 235764 100.0 95.0
958 236014 100.0 95.0
959 236344 100.0 95.0
960 236554 100.0 95.0
961 236821 100.0 95.0
962 236987 100.0 95.0
963 237148 100.0 95.0
964 237215 100.0 95.0
965 237451 100.0 95.0
966 237636 100.0 95.0
967 237849 100.0 95.0
968 238108 100.0 95.0
969 238242 100.0 96.0
970 238484 100.0 96.0
971 238635 100.0 96.0
972 238861 100.0 96.0
973 239056 100.0 96.0
974 239242 100.0 96.0
975 239385 100.0 96.0
976 239517 100.0 96.0
977 239593 100.0 96.0
978 239775 100.0 96.0
979 239921 100.0 96.0
980 240044 100.0 96.0
981 240195 100.0 96.0
982 240342 100.0 96.0
983 240492 100.0 96.0
984 240795 100.0 96.0
985 240969 100.0 96.0
986 241139 100.0 96.0
987 241354 100.0 96.0
988 241586 100.0 96.0
989 241881 100.0 96.0
990 241949 100.0 96.0
991 242120 100.0 96.0
992 242290 100.0 96.0
993 242362 100.0 96.0
994 242502 100.0 96.0
995 242753 100.0 96.0
996 242899 100.0 96.0
997 243035 100.0 96.0
998 243325 100.0 96.0
999 243587 100.0 96.0
1000 243803 100.0 96.0
1001 243935 100.0 96.0
1002 244140 100.0 96.0
1003 244277 100.0 96.0
1004 244871 100.0 96.0
1005 245006 100.0 96.0
1006 245159 100.0 96.0
1007 245277 100.0 96.0
1008 245470 100.0 96.0
1009 245547 100.0 96.0
1010 245764 100.0 97.0
1011 245919 100.0 97.0
1012 246113 100.0 97.0
1013 246310 100.0 97.0
1014 246621 100.0 97.0
1015 246741 100.0 97.0
1016 246968 100.0 97.0
1017 247190 100.0 97.0
1018 247268 100.0 97.0
1019 247489 100.0 97.0
1020 247688 100.0 97.0
1021 247753 100.0 98.0
1022 247820 100.0 98.0
1023 247882 100.0 98.0
1024 248021 100.0 99.0
1025 248257 100.0 99.0
1026 248394 100.0 99.0
1027 248524 100.0 100.0
1028 248645 100.0 100.0
1029 248842 100.0 100.0
1030 249025 100.0 100.0
1031 249183 100.0 100.0
1032 249645 100.0 100.0
1033 249760 100.0 100.0
1034 249832 100.0 100.0
1035 249985 100.0 100.0
1036 250244 100.0 100.0
1037 250430 100.0 100.0
1038 250593 100.0 100.0
1039 250810 100.0 100.0
1040 251015 100.0 100.0
1041 251253 100.0 100.0
1042 251431 100.0 100.0
1043 251498 100.0 100.0
1044 251565 100.0 100.0
1045 251717 100.0 100.0
1046 251878 100.0 100.0
1047 252067 100.0 100.0
1048 252324 100.0 100.0
1049 252391 100.0 100.0
1050 252714 100.0 100.0
1051 252913 100.0 100.0
1052 253072 100.0 100.0
1053 253370 100.0 100.0
1054 253437 100.0 100.0
1055 253705 100.0 100.0
1056 253890 100.0 100.0
1057 254190 100.0 100.0
1058 254311 100.0 100.0
1059 254468 100.0 100.0
1060 254593 100.0 100.0
1061 254752 100.0 100.0
1062 254823 100.0 100.0
1063 254937 100.0 100.0
1064 255090 100.0 100.0
1065 255304 100.0 100.0
1066 255593 100.0 100.0
1067 255793 100.0 100.0
1068 255929 100.0 100.0
1069 256244 100.0 100.0
1070 256312 100.0 100.0
1071 256505 100.0 100.0
1072 256627 100.0 100.0
1073 256803 100.0 100.0
1074 257143 100.0 100.0
1075 257342 100.0 100.0
1076 257617 100.0 100.0
1077 257794 100.0 100.0
1078 257940 100.0 100.0
1079 258311 100.0 100.0
1080 258496 100.0 100.0
1081 258630 100.0 100.0
1082 258782 100.0 100.0
1083 259017 100.0 100.0
1084 259135 100.0 100.0
1085 259330 100.0 100.0
1086 259729 100.0 100.0
1087 259859 100.0 100.0
1088 259987 100.0 100.0
1089 260146 100.0 100.0
1090 260309 100.0 100.0
1091 260466 100.0 100.0
1092 260794 100.0 100.0
1093 260909 100.0 100.0
1094 260992 100.0 100.0
1095 261109 100.0 100.0
1096 261314 100.0 100.0
1097 261383 100.0 100.0
1098 261454 100.0 100.0
1099 261687 100.0 100.0
1100 261909 100.0 100.0
1101 262055 100.0 100.0
1102 262129 100.0 100.0
1103 262281 100.0 100.0
1104 262448 100.0 100.0
1105 262574 100.0 100.0
1106 262840 100.0 100.0
1107 263086 0.0 99.0
1108 263267 100.0 99.0
1109 263427 100.0 99.0
1110 263601 100.0 99.0
1111 263940 100.0 99.0
1112 264133 100.0 99.0
1113 264358 100.0 99.0
1114 264516 100.0 99.0
1115 264661 100.0 99.0
1116 264789 100.0 99.0
1117 264959 100.0 99.0
1118 265132 100.0 99.0
1119 265201 100.0 99.0
1120 265447 100.0 99.0
1121 265683 100.0 99.0
1122 265758 100.0 99.0
1123 265884 100.0 99.0
1124 266042 100.0 99.0
1125 266114 100.0 99.0
1126 266316 100.0 99.0
1127 266526 100.0 99.0
1128 266635 100.0 99.0
1129 266870 100.0 99.0
1130 267018 100.0 99.0
1131 267092 100.0 99.0
1132 267360 100.0 99.0
1133 267551 100.0 99.0
1134 267749 100.0 99.0
1135 267932 100.0 99.0
1136 268122 100.0 99.0
1137 268191 100.0 99.0
1138 268302 100.0 99.0
1139 268369 100.0 99.0
1140 268636 100.0 99.0
1141 268780 100.0 99.0
1142 268921 100.0 99.0
1143 269057 100.0 99.0
1144 269220 100.0 99.0
1145 269430 100.0 99.0
1146 269580 100.0 99.0
1147 269663 100.0 99.0
1148 269837 100.0 99.0
1149 270117 100.0 99.0
1150 270265 100.0 99.0
1151 270417 100.0 99.0
1152 270545 100.0 99.0
1153 270704 100.0 99.0
1154 270848 100.0 99.0
1155 271022 100.0 99.0
1156 271223 100.0 99.0
1157 271514 100.0 99.0
1158 271726 100.0 99.0
1159 271886 100.0 99.0
1160 272102 100.0 99.0
1161 272888 100.0 99.0
1162 273092 100.0 99.0
1163 273165 100.0 99.0
1164 273314 100.0 99.0
1165 273517 100.0 99.0
1166 273738 100.0 99.0
1167 274034 100.0 99.0
1168 274277 100.0 99.0
1169 274431 100.0 99.0
1170 274511 100.0 99.0
1171 274579 100.0 99.0
1172 274702 100.0 99.0
1173 274770 100.0 99.0
1174 274945 100.0 99.0
1175 275150 100.0 99.0
1176 275217 100.0 99.0
1177 275397 100.0 99.0
1178 275544 100.0 99.0
1179 275786 100.0 99.0
1180 275860 100.0 99.0
1181 276019 100.0 99.0
1182 276104 100.0 99.0
1183 276367 100.0 99.0
1184 276703 100.0 99.0
1185 276841 100.0 99.0
1186 276901 100.0 99.0
1187 277142 100.0 99.0
1188 277321 100.0 99.0
1189 277440 100.0 99.0
1190 277751 100.0 99.0
1191 277871 100.0 99.0
1192 278007 100.0 99.0
1193 278202 100.0 99.0
1194 278271 100.0 99.0
1195 278449 100.0 99.0
1196 278617 100.0 99.0
1197 278887 100.0 99.0
1198 279076 100.0 99.0
1199 279258 100.0 99.0
1200 279404 100.0 99.0
1201 279601 100.0 99.0
1202 279789 100.0 99.0
1203 279908 100.0 99.0
1204 280078 100.0 99.0
1205 280313 0.0 98.0
1206 280593 100.0 98.0
1207 280730 100.0 99.0
1208 280798 100.0 99.0
1209 280971 100.0 99.0
1210 281229 100.0 99.0
1211 281349 100.0 99.0
1212 281572 100.0 99.0
1213 281738 100.0 99.0
1214 281919 100.0 99.0
1215 281992 100.0 99.0
1216 282079 100.0 99.0
1217 282472 100.0 99.0
1218 282553 100.0 99.0
1219 282712 100.0 99.0
1220 282804 100.0 99.0
1221 283160 100.0 99.0
1222 283305 100.0 99.0
1223 283433 100.0 99.0
1224 283622 100.0 99.0
1225 283762 100.0 99.0
1226 283956 100.0 99.0
1227 284082 100.0 99.0
1228 284347 100.0 99.0
1229 284413 100.0 99.0
1230 284634 100.0 99.0
1231 284779 100.0 99.0
1232 284901 100.0 99.0
1233 285082 100.0 99.0
1234 285230 100.0 99.0
1235 285399 100.0 99.0
1236 285642 100.0 99.0
1237 286157 100.0 99.0
1238 286337 100.0 99.0
1239 286574 100.0 99.0
1240 286838 100.0 99.0
1241 286974 100.0 99.0
1242 287128 100.0 99.0
1243 287270 100.0 99.0
1244 287394 100.0 99.0
1245 287508 100.0 99.0
1246 287690 100.0 99.0
1247 287885 100.0 99.0
1248 288024 100.0 99.0
1249 288278 100.0 99.0
1250 288447 100.0 99.0
1251 288632 100.0 99.0
1252 288728 100.0 99.0
1253 288958 100.0 99.0
1254 289218 100.0 99.0
1255 289283 100.0 99.0
1256 289434 100.0 99.0
1257 289584 100.0 99.0
1258 289812 100.0 99.0
1259 289958 100.0 99.0
1260 290034 100.0 99.0
1261 290197 100.0 99.0
1262 290351 100.0 99.0
1263 290515 100.0 99.0
1264 290660 100.0 99.0
1265 290794 100.0 99.0
1266 290908 100.0 99.0
1267 291073 100.0 99.0
1268 291144 100.0 99.0
1269 291351 100.0 99.0
1270 291725 100.0 99.0
1271 291897 100.0 99.0
1272 292062 100.0 99.0
1273 292192 100.0 99.0
1274 292328 100.0 99.0
1275 292480 100.0 99.0
1276 292616 100.0 99.0
1277 292744 100.0 99.0
1278 292863 100.0 99.0
1279 292998 100.0 99.0
1280 293166 100.0 99.0
1281 293229 100.0 99.0
1282 293366 100.0 99.0
1283 293525 100.0 99.0
1284 293636 100.0 99.0
1285 293863 100.0 99.0
1286 293944 100.0 99.0
1287 294104 100.0 99.0
1288 294337 100.0 99.0
1289 294571 100.0 99.0
1290 294700 100.0 99.0
1291 294857 100.0 99.0
1292 295075 100.0 99.0
1293 295201 100.0 99.0
1294 295328 100.0 99.0
1295 295511 100.0 99.0
1296 295666 100.0 99.0
1297 295817 100.0 99.0
1298 296038 100.0 99.0
1299 296194 100.0 99.0
1300 296297 100.0 99.0
1301 296452 100.0 99.0
1302 296550 100.0 99.0
1303 296778 100.0 99.0
1304 296855 100.0 99.0
1305 296924 100.0 100.0
1306 297089 100.0 100.0
1307 297192 100.0 100.0
1308 297457 100.0 100.0
1309 297571 100.0 100.0
1310 297698 100.0 100.0
1311 297884 100.0 100.0
1312 298015 100.0 100.0
1313 298186 100.0 100.0
1314 298345 100.0 100.0
1315 298564 100.0 100.0
1316 298774 100.0 100.0
1317 298923 100.0 100.0
1318 299113 100.0 100.0
1319 299304 100.0 100.0
1320 299452 100.0 100.0
1321 299596 100.0 100.0
1322 299865 100.0 100.0
1323 300030 100.0 100.0
1324 300096 100.0 100.0
1325 300222 100.0 100.0
1326 300376 100.0 100.0
1327 300495 100.0 100.0
1328 300566 100.0 100.0
1329 300633 100.0 100.0
1330 300801 100.0 100.0
1331 300932 100.0 100.0
1332 301143 100.0 100.0
1333 301314 100.0 100.0
1334 301437 100.0 100.0
1335 301607 100.0 100.0
1336 301707 100.0 100.0
1337 301829 100.0 100.0
1338 301969 100.0 100.0
1339 302092 100.0 100.0
1340 302234 100.0 100.0
1341 302416 100.0 100.0
1342 302570 100.0 100.0
1343 302825 100.0 100.0
1344 303001 100.0 100.0
1345 303203 100.0 100.0
1346 303265 100.0 100.0
1347 303340 100.0 100.0
1348 303425 100.0 100.0
1349 303763 100.0 100.0
1350 303926 100.0 100.0
1351 304081 100.0 100.0
1352 304368 100.0 100.0
1353 304437 100.0 100.0
1354 304580 100.0 100.0
1355 304794 100.0 100.0
1356 304960 100.0 100.0
1357 305149 100.0 100.0
1358 305303 100.0 100.0
1359 305472 100.0 100.0
1360 305722 100.0 100.0
1361 305891 100.0 100.0
1362 306075 100.0 100.0
1363 306214 100.0 100.0
1364 306384 100.0 100.0
1365 306732 100.0 100.0
1366 306873 100.0 100.0
1367 306937 100.0 100.0
1368 307113 100.0 100.0
1369 307239 100.0 100.0
1370 307390 100.0 100.0
1371 307535 100.0 100.0
1372 307697 100.0 100.0
1373 307838 100.0 100.0
1374 307983 100.0 100.0
1375 308143 100.0 100.0
1376 308304 100.0 100.0
1377 308460 100.0 100.0
1378 308619 100.0 100.0
1379 308755 100.0 100.0
1380 308961 100.0 100.0
1381 309101 100.0 100.0
1382 309343 100.0 100.0
1383 309479 100.0 100.0
1384 309627 100.0 100.0
1385 309693 100.0 100.0
1386 309892 100.0 100.0
1387 310016 100.0 100.0
1388 310153 100.0 100.0
1389 310327 100.0 100.0
1390 310600 100.0 100.0
1391 310732 100.0 100.0
1392 310857 100.0 100.0
1393 311087 100.0 100.0
1394 311219 100.0 100.0
1395 311346 100.0 100.0
1396 311462 100.0 100.0
1397 311612 100.0 100.0
1398 311750 100.0 100.0
1399 311977 100.0 100.0
1400 312207 100.0 100.0
1401 312363 100.0 100.0
1402 312509 100.0 100.0
1403 312674 100.0 100.0
1404 312738 100.0 100.0
1405 312880 100.0 100.0
1406 313049 100.0 100.0
1407 313225 100.0 100.0
1408 313299 100.0 100.0
1409 313584 100.0 100.0
1410 313733 100.0 100.0
1411 313914 100.0 100.0
1412 314047 100.0 100.0
1413 314156 100.0 100.0
1414 314301 100.0 100.0
1415 314418 100.0 100.0
1416 314615 100.0 100.0
1417 314748 100.0 100.0
1418 314904 100.0 100.0
1419 315054 100.0 100.0
1420 315266 100.0 100.0
1421 315408 100.0 100.0
1422 315576 100.0 100.0
1423 315753 100.0 100.0
1424 315820 100.0 100.0
1425 315968 100.0 100.0
1426 316085 100.0 100.0
1427 316361 100.0 100.0
1428 316515 100.0 100.0
1429 316591 100.0 100.0
1430 316854 100.0 100.0
1431 316994 100.0 100.0
1432 317091 100.0 100.0
1433 317210 100.0 100.0
1434 317416 100.0 100.0
1435 317558 100.0 100.0
1436 317712 100.0 100.0
1437 317866 100.0 100.0
1438 318000 100.0 100.0
1439 318124 100.0 100.0
1440 318332 100.0 100.0
1441 318534 100.0 100.0
1442 318722 100.0 100.0
1443 318788 100.0 100.0
1444 318916 100.0 100.0
1445 318989 100.0 100.0
1446 319107 100.0 100.0
1447 319251 100.0 100.0
1448 319408 100.0 100.0
1449 319659 100.0 100.0
1450 319849 100.0 100.0
1451 320089 100.0 100.0
1452 320306 100.0 100.0
1453 320539 100.0 100.0
1454 320708 100.0 100.0
1455 320771 100.0 100.0
1456 320944 100.0 100.0
1457 321083 100.0 100.0
1458 321199 100.0 100.0
1459 321397 100.0 100.0
1460 321543 100.0 100.0
1461 321743 100.0 100.0
1462 321901 100.0 100.0
1463 322052 100.0 100.0
1464 322265 100.0 100.0
1465 322407 100.0 100.0
1466 322535 100.0 100.0
1467 322657 100.0 100.0
1468 322737 100.0 100.0
1469 322869 100.0 100.0
1470 322999 100.0 100.0
1471 323184 100.0 100.0
1472 323334 100.0 100.0
1473 323484 100.0 100.0
1474 323551 100.0 100.0
1475 323625 100.0 100.0
1476 323779 100.0 100.0
1477 323887 100.0 100.0
1478 324176 100.0 100.0
1479 324380 100.0 100.0
1480 324547 100.0 100.0
1481 324633 100.0 100.0
1482 324702 100.0 100.0
1483 324854 100.0 100.0
1484 324980 100.0 100.0
1485 325217 100.0 100.0
1486 325354 100.0 100.0
1487 325474 100.0 100.0
1488 325677 100.0 100.0
1489 325845 100.0 100.0
1490 325927 100.0 100.0
1491 325992 100.0 100.0
1492 326192 100.0 100.0
1493 326402 100.0 100.0
1494 326632 100.0 100.0
1495 326701 100.0 100.0
1496 326859 100.0 100.0
1497 326925 100.0 100.0
1498 327080 100.0 100.0
1499 327261 100.0 100.0
1500 327427 100.0 100.0
1501 327547 100.0 100.0
1502 327682 100.0 100.0
1503 327809 100.0 100.0
1504 327989 100.0 100.0
1505 328185 100.0 100.0
1506 328326 100.0 100.0
1507 328479 100.0 100.0
1508 328617 100.0 100.0
1509 328768 100.0 100.0
1510 328904 100.0 100.0
1511 329120 100.0 100.0
1512 329237 100.0 100.0
1513 329466 100.0 100.0
1514 329631 100.0 100.0
1515 329749 100.0 100.0
1516 329939 100.0 100.0
1517 330068 100.0 100.0
1518 330226 100.0 100.0
1519 330407 100.0 100.0
1520 330618 100.0 100.0
1521 330746 100.0 100.0
1522 330875 100.0 100.0
1523 331065 100.0 100.0
1524 331195 100.0 100.0
1525 331330 100.0 100.0
1526 331469 100.0 100.0
1527 331532 100.0 100.0
1528 331735 100.0 100.0
1529 331904 100.0 100.0
1530 332062 100.0 100.0
1531 332305 100.0 100.0
1532 332452 100.0 100.0
1533 332521 100.0 100.0
1534 332635 100.0 100.0
1535 332795 100.0 100.0
1536 332911 100.0 100.0
1537 333119 100.0 100.0
1538 333325 100.0 100.0
1539 333476 100.0 100.0
1540 333607 100.0 100.0
1541 333852 100.0 100.0
1542 334046 100.0 100.0
1543 334191 100.0 100.0
1544 334384 100.0 100.0
1545 334508 100.0 100.0
1546 334656 100.0 100.0
1547 334817 100.0 100.0
1548 335010 100.0 100.0
1549 335186 100.0 100.0
1550 335296 100.0 100.0
1551 335471 100.0 100.0
1552 335679 100.0 100.0
1553 335750 100.0 100.0
1554 335839 100.0 100.0
1555 336019 100.0 100.0
1556 336081 100.0 100.0
1557 336199 100.0 100.0
1558 336291 100.0 100.0
1559 336454 100.0 100.0
1560 336682 100.0 100.0
1561 336864 100.0 100.0
1562 337078 100.0 100.0
1563 337406 100.0 100.0
1564 337562 100.0 100.0
1565 337782 100.0 100.0
1566 337848 100.0 100.0
1567 337961 100.0 100.0
1568 338131 100.0 100.0
1569 338306 100.0 100.0
1570 338457 100.0 100.0
1571 338576 100.0 100.0
1572 338734 100.0 100.0
1573 338907 100.0 100.0
1574 339155 100.0 100.0
1575 339289 100.0 100.0
1576 339410 100.0 100.0
1577 339653 100.0 100.0
1578 339784 100.0 100.0
1579 339850 100.0 100.0
1580 340027 100.0 100.0
1581 340092 100.0 100.0
1582 340200 100.0 100.0
1583 340279 100.0 100.0
1584 340345 100.0 100.0
1585 340461 100.0 100.0
1586 340590 100.0 100.0
1587 340663 100.0 100.0
1588 340732 100.0 100.0
1589 340840 100.0 100.0
1590 340950 100.0 100.0
1591 341082 100.0 100.0
1592 341232 100.0 100.0
1593 341414 100.0 100.0
1594 341571 100.0 100.0
1595 341683 100.0 100.0
1596 341829 100.0 100.0
1597 341902 100.0 100.0
1598 342043 100.0 100.0
1599 342187 100.0 100.0
1600 342329 100.0 100.0
1601 342397 100.0 100.0
1602 342537 100.0 100.0
1603 342684 100.0 100.0
1604 342802 100.0 100.0
1605 342894 100.0 100.0
1606 343013 100.0 100.0
1607 343131 100.0 100.0
1608 343219 100.0 100.0
1609 343322 100.0 100.0
1610 343451 100.0 100.0
1611 343648 100.0 100.0
1612 343772 100.0 100.0
1613 343916 100.0 100.0
1614 344054 100.0 100.0
1615 344205 100.0 100.0
1616 344278 100.0 100.0
1617 344488 100.0 100.0
1618 344630 100.0 100.0
1619 344776 100.0 100.0
1620 344913 100.0 100.0
1621 345003 100.0 100.0
1622 345072 100.0 100.0
1623 345259 100.0 100.0
1624 345398 100.0 100.0
1625 345517 100.0 100.0
1626 345582 100.0 100.0
1627 345727 100.0 100.0
1628 345850 100.0 100.0
1629 346000 100.0 100.0
1630 346149 100.0 100.0
1631 346342 100.0 100.0
1632 346707 100.0 100.0
1633 346845 100.0 100.0
1634 347018 100.0 100.0
1635 347141 100.0 100.0
1636 347280 100.0 100.0
1637 347441 100.0 100.0
1638 347536 100.0 100.0
1639 347603 100.0 100.0
1640 347889 100.0 100.0
1641 348034 100.0 100.0
1642 348259 100.0 100.0
1643 348388 100.0 100.0
1644 348544 100.0 100.0
1645 348659 100.0 100.0
1646 348729 100.0 100.0
1647 348854 100.0 100.0
1648 349017 100.0 100.0
1649 349166 100.0 100.0
1650 349322 100.0 100.0
1651 349468 100.0 100.0
1652 349595 100.0 100.0
1653 349757 100.0 100.0
1654 349869 100.0 100.0
1655 350006 100.0 100.0
1656 350207 100.0 100.0
1657 350363 100.0 100.0
1658 350517 100.0 100.0
1659 350635 100.0 100.0
1660 350827 100.0 100.0
1661 350976 100.0 100.0
1662 351103 100.0 100.0
1663 351255 100.0 100.0
1664 351389 100.0 100.0
1665 351518 100.0 100.0
1666 351606 100.0 100.0
1667 351716 100.0 100.0
1668 351852 100.0 100.0
1669 351979 100.0 100.0
1670 352052 100.0 100.0
1671 352269 100.0 100.0
1672 352555 100.0 100.0
1673 352692 100.0 100.0
1674 352813 100.0 100.0
1675 353045 100.0 100.0
1676 353167 100.0 100.0
1677 353238 100.0 100.0
1678 353426 100.0 100.0
1679 353555 100.0 100.0
1680 353658 100.0 100.0
1681 353721 100.0 100.0
1682 353887 100.0 100.0
1683 354043 100.0 100.0
1684 354164 100.0 100.0
1685 354235 100.0 100.0
1686 354303 100.0 100.0
1687 354369 100.0 100.0
1688 354519 100.0 100.0
1689 354722 100.0 100.0
1690 354932 100.0 100.0
1691 355040 100.0 100.0
1692 355231 100.0 100.0
1693 355368 100.0 100.0
1694 355516 100.0 100.0
1695 355658 100.0 100.0
1696 355904 100.0 100.0
1697 356024 100.0 100.0
1698 356090 100.0 100.0
1699 356173 100.0 100.0
1700 356260 100.0 100.0
1701 356379 100.0 100.0
1702 356526 100.0 100.0
1703 356645 100.0 100.0
1704 356837 100.0 100.0
1705 356905 100.0 100.0
1706 357067 100.0 100.0
1707 357204 100.0 100.0
1708 357355 100.0 100.0
1709 357471 100.0 100.0
1710 357580 100.0 100.0
1711 357671 100.0 100.0
1712 357816 100.0 100.0
1713 357886 100.0 100.0
1714 358056 100.0 100.0
1715 358270 100.0 100.0
1716 358406 100.0 100.0
1717 358593 0.0 99.0
1718 358790 100.0 99.0
1719 358860 100.0 99.0
1720 359078 0.0 98.0
1721 359171 100.0 98.0
1722 359326 100.0 98.0
1723 359499 100.0 98.0
1724 359718 100.0 98.0
1725 359914 100.0 98.0
1726 360078 100.0 98.0
1727 360303 100.0 98.0
1728 360506 0.0 97.0
1729 360651 100.0 97.0
1730 360825 100.0 97.0
1731 360954 100.0 97.0
1732 361116 100.0 97.0
1733 361286 100.0 97.0
1734 361448 100.0 97.0
1735 361587 100.0 97.0
1736 361811 100.0 97.0
1737 362080 100.0 97.0
1738 362197 100.0 97.0
1739 362440 100.0 97.0
1740 362643 100.0 97.0
1741 362855 100.0 97.0
1742 362974 100.0 97.0
1743 363129 100.0 97.0
1744 363375 0.0 96.0
1745 363572 100.0 96.0
1746 363786 100.0 96.0
1747 363901 100.0 96.0
1748 364082 100.0 96.0
1749 364249 100.0 96.0
1750 364422 100.0 96.0
1751 364623 100.0 96.0
1752 364806 100.0 96.0
1753 364971 100.0 96.0
1754 365130 100.0 96.0
1755 365345 100.0 96.0
1756 365441 100.0 96.0
1757 365634 100.0 96.0
1758 365753 100.0 96.0
1759 365934 100.0 96.0
1760 366240 100.0 96.0
1761 366430 100.0 96.0
1762 366581 100.0 96.0
1763 366778 100.0 96.0
1764 366927 100.0 96.0
1765 367089 100.0 96.0
1766 367212 100.0 96.0
1767 367283 100.0 96.0
1768 367415 100.0 96.0
1769 367568 100.0 96.0
1770 367826 100.0 96.0
1771 367980 100.0 96.0
1772 368186 100.0 96.0
1773 368420 100.0 96.0
1774 368592 100.0 96.0
1775 368803 100.0 96.0
1776 368933 100.0 96.0
1777 369088 100.0 96.0
1778 369290 100.0 96.0
1779 369495 100.0 96.0
1780 369685 100.0 96.0
1781 369819 100.0 96.0
1782 369880 100.0 96.0
1783 370116 100.0 96.0
1784 370249 100.0 96.0
1785 370316 100.0 96.0
1786 370382 100.0 96.0
1787 370522 100.0 96.0
1788 370687 100.0 96.0
1789 370980 100.0 96.0
1790 371137 100.0 96.0
1791 371344 100.0 96.0
1792 371584 100.0 96.0
1793 371686 100.0 96.0
1794 371829 100.0 96.0
1795 372021 100.0 96.0
1796 372150 100.0 96.0
1797 372290 100.0 96.0
1798 372442 100.0 96.0
1799 372522 100.0 96.0
1800 372679 100.0 96.0
1801 372796 100.0 96.0
1802 372941 100.0 96.0
1803 373078 100.0 96.0
1804 373227 100.0 96.0
1805 373356 100.0 96.0
1806 373579 100.0 96.0
1807 373749 100.0 96.0
1808 373946 100.0 96.0
1809 374078 100.0 96.0
1810 374198 100.0 96.0
1811 374381 100.0 96.0
1812 374487 100.0 96.0
1813 374661 100.0 96.0
1814 374834 100.0 96.0
1815 375003 100.0 96.0
1816 375168 100.0 96.0
1817 375531 100.0 97.0
1818 375678 100.0 97.0
1819 375812 100.0 97.0
1820 375965 100.0 98.0
1821 376237 100.0 98.0
1822 376436 100.0 98.0
1823 376505 100.0 98.0
1824 376627 100.0 98.0
1825 376713 100.0 98.0
1826 376959 100.0 98.0
1827 377156 100.0 98.0
1828 377422 100.0 99.0
1829 377551 100.0 99.0
1830 377773 100.0 99.0
1831 377941 100.0 99.0
1832 378085 100.0 99.0
1833 378203 100.0 99.0
1834 378367 100.0 99.0
1835 378507 100.0 99.0
1836 378635 100.0 99.0
1837 378818 100.0 99.0
1838 378882 100.0 99.0
1839 379046 100.0 99.0
1840 379195 100.0 99.0
1841 379462 100.0 99.0
1842 379595 100.0 99.0
1843 379743 100.0 99.0
1844 379965 0.0 99.0
1845 380179 100.0 99.0
1846 380355 100.0 99.0
1847 380453 100.0 99.0
1848 380660 100.0 99.0
1849 380761 100.0 99.0
1850 380890 100.0 99.0
1851 381032 100.0 99.0
1852 381258 100.0 99.0
1853 381324 100.0 99.0
1854 381446 100.0 99.0
1855 381607 100.0 99.0
1856 381792 100.0 99.0
1857 381960 100.0 99.0
1858 382221 100.0 99.0
1859 382428 100.0 99.0
1860 382631 100.0 99.0
1861 382775 100.0 99.0
1862 382864 100.0 99.0
1863 383036 100.0 99.0
1864 383124 100.0 99.0
1865 383353 100.0 99.0
1866 383427 100.0 99.0
1867 383568 100.0 99.0
1868 383632 100.0 99.0
1869 383814 100.0 99.0
1870 383989 100.0 99.0
1871 384130 100.0 99.0
1872 384382 100.0 99.0
1873 384560 100.0 99.0
1874 384799 100.0 99.0
1875 384968 100.0 99.0
1876 385050 100.0 99.0
1877 385211 100.0 99.0
1878 385389 100.0 99.0
1879 385594 0.0 98.0
1880 385704 100.0 98.0
1881 385828 100.0 98.0
1882 386073 100.0 98.0
1883 386227 100.0 98.0
1884 386311 100.0 98.0
1885 386435 100.0 98.0
1886 386580 100.0 98.0
1887 386719 100.0 98.0
1888 386852 100.0 98.0
1889 386913 100.0 98.0
1890 387068 100.0 98.0
1891 387208 100.0 98.0
1892 387352 100.0 98.0
1893 387511 100.0 98.0
1894 387638 100.0 98.0
1895 387699 100.0 98.0
1896 387924 100.0 98.0
1897 388094 100.0 98.0
1898 388251 100.0 98.0
1899 388430 100.0 98.0
1900 388635 100.0 98.0
1901 388784 100.0 98.0
1902 388865 100.0 98.0
1903 389104 100.0 98.0
1904 389253 100.0 98.0
1905 389345 100.0 98.0
1906 389534 100.0 98.0
1907 389679 100.0 98.0
1908 389849 100.0 98.0
1909 390014 100.0 98.0
1910 390129 100.0 98.0
1911 390275 100.0 98.0
1912 390485 100.0 98.0
1913 390594 100.0 98.0
1914 390719 100.0 98.0
1915 390902 100.0 98.0
1916 391131 100.0 98.0
1917 391234 100.0 98.0
1918 391465 100.0 98.0
1919 391604 100.0 98.0
1920 391740 100.0 98.0
1921 391805 100.0 98.0
1922 391938 100.0 98.0
1923 392105 100.0 98.0
1924 392403 100.0 98.0
1925 392564 100.0 98.0
1926 392717 100.0 98.0
1927 392895 100.0 98.0
1928 393011 100.0 98.0
1929 393071 100.0 98.0
1930 393241 100.0 98.0
1931 393506 100.0 98.0
1932 393649 100.0 98.0
1933 393770 100.0 98.0
1934 393941 100.0 98.0
1935 394035 100.0 98.0
1936 394208 100.0 98.0
1937 394351 100.0 98.0
1938 394582 100.0 98.0
1939 394815 100.0 98.0
1940 394928 100.0 98.0
1941 395049 100.0 98.0
1942 395194 100.0 98.0
1943 395283 100.0 98.0
1944 395457 100.0 99.0
1945 395678 100.0 99.0
1946 395809 100.0 99.0
1947 395965 100.0 99.0
1948 396102 100.0 99.0
1949 396236 100.0 99.0
1950 396487 100.0 99.0
1951 396673 100.0 99.0
1952 396868 100.0 99.0
1953 396935 100.0 99.0
1954 397139 100.0 99.0
1955 397271 100.0 99.0
1956 397406 100.0 99.0
1957 397566 100.0 99.0
1958 397658 100.0 99.0
1959 397838 100.0 99.0
1960 398030 100.0 99.0
1961 398180 100.0 99.0
1962 398355 100.0 99.0
1963 398466 100.0 99.0
1964 398627 100.0 99.0
1965 398828 0.0 98.0
1966 398969 100.0 98.0
1967 399146 100.0 98.0
1968 399296 100.0 98.0
1969 399474 100.0 98.0
1970 399541 100.0 98.0
1971 399697 100.0 98.0
1972 399832 100.0 98.0
1973 399979 100.0 98.0
1974 400058 100.0 98.0
