1 300 0.0
2 600 0.0
3 900 0.0
4 1200 0.0
5 1500 0.0
6 1800 0.0
7 2100 0.0
8 2400 0.0
9 2700 0.0
10 3000 0.0
11 3300 0.0
12 3600 0.0
13 3900 0.0
14 4200 0.0
15 4500 0.0
16 4800 0.0
17 5100 0.0
18 5400 0.0
19 5700 0.0
20 6000 0.0
21 6300 0.0
22 6600 0.0
23 6900 0.0
24 7200 0.0
25 7500 0.0
26 7800 0.0
27 8100 0.0
28 8400 0.0
29 8700 0.0
30 9000 0.0
31 9300 0.0
32 9600 0.0
33 9900 0.0
34 10200 0.0
35 10500 0.0
36 10800 0.0
37 11100 0.0
38 11400 0.0
39 11700 0.0
40 12000 0.0
41 12300 0.0
42 12600 0.0
43 12900 0.0
44 13200 0.0
45 13500 0.0
46 13800 0.0
47 14100 0.0
48 14400 0.0
49 14700 0.0
50 15000 0.0
51 15300 0.0
52 15600 0.0
53 15900 0.0
54 16200 0.0
55 16500 0.0
56 16800 0.0
57 17100 0.0
58 17400 0.0
59 17700 0.0
60 18000 0.0
61 18300 0.0
62 18594 0.0
63 18894 0.0
64 19194 0.0
65 19494 0.0
66 19794 0.0
67 20094 0.0
68 20394 0.0
69 20694 0.0
70 20994 0.0
71 21294 0.0
72 21594 0.0
73 21894 0.0
74 22194 0.0
75 22494 0.0
76 22759 0.0
77 23059 0.0
78 23359 0.0
79 23659 0.0
80 23959 0.0
81 24259 0.0
82 24559 0.0
83 24859 0.0
84 25159 0.0
85 25459 0.0
86 25759 0.0
87 26059 0.0
88 26359 0.0
89 26659 0.0
90 26959 0.0
91 27259 0.0
92 27559 0.0
93 27859 0.0
94 28159 0.0
95 28459 0.0
96 28759 0.0
97 29059 0.0
98 29293 0.0
99 29593 0.0
100 29893 0.0
101 30193 0.0
102 30493 0.0
103 30793 0.0
104 31093 0.0
105 31393 0.0
106 31674 0.0
107 31974 0.0
108 32274 0.0
109 32574 0.0
110 32874 0.0
111 33174 0.0
112 33474 0.0
113 33774 0.0
114 34055 0.0
115 34355 0.0
116 34655 0.0
117 34955 0.0
118 35255 0.0
119 35555 0.0
120 35855 0.0
121 36155 0.0
122 36455 0.0
123 36755 0.0
124 37055 0.0
125 37355 0.0
126 37655 0.0
127 37955 0.0
128 38255 0.0
129 38555 0.0
130 38855 0.0
131 39155 0.0
132 39455 0.0
133 39755 0.0
134 40055 0.0
135 40355 0.0
136 40655 0.0
137 40955 0.0
138 41255 0.0
139 41555 0.0
140 41855 0.0
141 42155 0.0
142 42455 0.0
143 42755 0.0
144 43055 0.0
145 43355 0.0
146 43655 0.0
147 43955 0.0
148 44255 0.0
149 44555 0.0
150 44855 0.0
151 45155 0.0
152 45455 0.0
153 45755 0.0
154 46055 0.0
155 46355 0.0
156 46655 0.0
157 46955 0.0
158 47255 0.0
159 47555 0.0
160 47855 0.0
161 48155 0.0
162 48455 0.0
163 48755 0.0
164 49055 0.0
165 49355 0.0
166 49655 0.0
167 49955 0.0
168 50255 0.0
169 50555 0.0
170 50855 0.0
171 51058 0.0
172 51358 0.0
173 51658 0.0
174 51958 0.0
175 52258 0.0
176 52558 0.0
177 52858 0.0
178 53158 0.0
179 53376 0.0
180 53676 0.0
181 53976 0.0
182 54276 0.0
183 54576 0.0
184 54876 0.0
185 55176 0.0
186 55476 0.0
187 55776 0.0
188 56076 0.0
189 56376 0.0
190 56676 0.0
191 56976 0.0
192 57276 0.0
193 57576 0.0
194 57876 0.0
195 58176 0.0
196 58476 0.0
197 58776 0.0
198 59076 0.0
199 59376 0.0
200 59676 0.0
201 59976 0.0
202 60276 0.0
203 60576 0.0
204 60679 0.0
205 60979 0.0
206 61279 0.0
207 61579 0.0
208 61879 0.0
209 62179 0.0
210 62479 0.0
211 62779 0.0
212 63079 0.0
213 63379 0.0
214 63679 0.0
215 63979 0.0
216 64160 0.0
217 64460 0.0
218 64760 0.0
219 65060 0.0
220 65360 0.0
221 65660 0.0
222 65767 0.0
223 66067 0.0
224 66367 0.0
225 66547 0.0
226 66847 0.0
227 67147 0.0
228 67447 0.0
229 67747 0.0
230 68047 0.0
231 68347 0.0
232 68647 0.0
233 68801 0.0
234 68983 0.0
235 69283 0.0
236 69583 0.0
237 69883 0.0
238 70183 0.0
239 70483 0.0
240 70686 0.0
241 70986 0.0
242 71286 0.0
243 71385 0.0
244 71685 0.0
245 71770 0.0
246 72070 0.0
247 72289 0.0
248 72589 0.0
249 72889 0.0
250 73189 0.0
251 73489 0.0
252 73789 0.0
253 74089 0.0
254 74249 0.0
255 74326 0.0
256 74626 0.0
257 74926 0.0
258 75226 0.0
259 75526 0.0
260 75826 0.0
261 76126 0.0
262 76426 0.0
263 76726 0.0
264 77026 0.0
265 77326 0.0
266 77626 0.0
267 77926 0.0
268 78226 0.0
269 78526 0.0
270 78826 0.0
271 79067 0.0
272 79243 0.0
273 79543 0.0
274 79843 0.0
275 80059 0.0
276 80359 0.0
277 80659 0.0
278 80916 0.0
279 81216 0.0
280 81516 0.0
281 81626 0.0
282 81719 0.0
283 82019 0.0
284 82319 0.0
285 82386 0.0
286 82686 0.0
287 82986 0.0
288 83286 0.0
289 83586 0.0
290 83886 0.0
291 84186 0.0
292 84400 0.0
293 84700 0.0
294 85000 0.0
295 85300 0.0
296 85600 0.0
297 85900 0.0
298 86200 0.0
299 86500 0.0
300 86800 0.0
301 87100 0.0
302 87400 0.0
303 87700 0.0
304 88000 0.0
305 88300 0.0
306 88600 0.0
307 88835 0.0
308 89135 0.0
309 89435 0.0
310 89732 0.0
311 90032 0.0
312 90332 0.0
313 90632 0.0
314 90932 0.0
315 91232 0.0
316 91532 0.0
317 91832 0.0
318 92132 0.0
319 92432 0.0
320 92732 0.0
321 93032 0.0
322 93332 0.0
323 93632 0.0
324 93932 0.0
325 94193 0.0
326 94493 0.0
327 94793 0.0
328 95093 0.0
329 95230 0.0
330 95530 0.0
331 95830 0.0
332 96130 0.0
333 96430 0.0
334 96730 0.0
335 97030 0.0
336 97330 0.0
337 97630 0.0
338 97781 0.0
339 98081 0.0
340 98381 0.0
341 98681 0.0
342 98981 0.0
343 99199 0.0
344 99499 0.0
345 99799 0.0
346 100099 0.0
347 100399 0.0
348 100699 0.0
349 100999 0.0
350 101299 0.0
351 101599 0.0
352 101899 0.0
353 102199 0.0
354 102499 0.0
355 102799 0.0
356 103099 0.0
357 103213 0.0
358 103513 0.0
359 103682 0.0
360 103982 0.0
361 104237 0.0
362 104537 0.0
363 104837 0.0
364 105137 0.0
365 105437 0.0
366 105737 0.0
367 106037 0.0
368 106337 0.0
369 106568 0.0
370 106868 0.0
371 107168 0.0
372 107468 0.0
373 107768 0.0
374 108068 0.0
375 108368 0.0
376 108668 0.0
377 108968 0.0
378 109268 0.0
379 109469 0.0
380 109571 0.0
381 109871 0.0
382 110171 0.0
383 110471 0.0
384 110771 0.0
385 111071 0.0
386 111371 0.0
387 111638 0.0
388 111938 0.0
389 112238 0.0
390 112515 0.0
391 112815 0.0
392 113115 0.0
393 113196 0.0
394 113496 0.0
395 113796 0.0
396 114096 0.0
397 114396 0.0
398 114696 0.0
399 114767 0.0
400 115067 0.0
401 115367 0.0
402 115483 0.0
403 115783 0.0
404 116083 0.0
405 116144 0.0
406 116444 0.0
407 116744 0.0
408 117044 0.0
409 117344 0.0
410 117644 0.0
411 117944 0.0
412 118244 0.0
413 118533 0.0
414 118667 0.0
415 118967 0.0
416 119267 0.0
417 119518 0.0
418 119818 0.0
419 120118 0.0
420 120365 0.0
421 120665 0.0
422 120965 0.0
423 121265 0.0
424 121565 0.0
425 121865 0.0
426 121980 0.0
427 122280 0.0
428 122580 0.0
429 122880 0.0
430 123180 0.0
431 123480 0.0
432 123780 0.0
433 124080 0.0
434 124380 0.0
435 124446 0.0
436 124664 0.0
437 124868 0.0
438 125168 0.0
439 125468 0.0
440 125768 0.0
441 126068 0.0
442 126368 0.0
443 126668 0.0
444 126968 0.0
445 127268 0.0
446 127568 0.0
447 127868 0.0
448 128168 0.0
449 128468 0.0
450 128768 0.0
451 128986 0.0
452 129286 0.0
453 129533 0.0
454 129833 0.0
455 129993 0.0
456 130293 0.0
457 130542 0.0
458 130842 0.0
459 131142 0.0
460 131442 0.0
461 131742 0.0
462 131976 0.0
463 132276 0.0
464 132576 0.0
465 132876 0.0
466 133176 0.0
467 133476 0.0
468 133776 0.0
469 133906 0.0
470 134206 0.0
471 134506 0.0
472 134806 0.0
473 134930 0.0
474 135230 0.0
475 135530 0.0
476 135830 0.0
477 136130 0.0
478 136319 0.0
479 136430 0.0
480 136730 0.0
481 137030 0.0
482 137258 0.0
483 137558 0.0
484 137858 0.0
485 137917 0.0
486 138217 0.0
487 138517 0.0
488 138817 0.0
489 138958 0.0
490 139258 0.0
491 139558 0.0
492 139858 0.0
493 140158 0.0
494 140292 0.0
495 140411 0.0
496 140565 0.0
497 140798 0.0
498 141098 0.0
499 141398 0.0
500 141698 0.0
501 141998 0.0
502 142298 0.0
503 142598 0.0
504 142898 0.0
505 143198 0.0
506 143498 0.0
507 143798 0.0
508 144098 0.0
509 144170 0.0
510 144454 0.0
511 144754 0.0
512 145054 0.0
513 145354 0.0
514 145617 0.0
515 145917 0.0
516 146217 0.0
517 146482 0.0
518 146782 0.0
519 147082 0.0
520 147180 0.0
521 147417 0.0
522 147717 0.0
523 148017 0.0
524 148157 0.0
525 148457 0.0
526 148757 0.0
527 148991 0.0
528 149050 0.0
529 149300 0.0
530 149600 0.0
531 149900 0.0
532 150200 0.0
533 150500 0.0
534 150721 0.0
535 150957 0.0
536 151257 0.0
537 151557 0.0
538 151857 0.0
539 152157 0.0
540 152457 0.0
541 152668 0.0
542 152968 0.0
543 153118 0.0
544 153418 0.0
545 153531 0.0
546 153831 0.0
547 154131 0.0
548 154431 0.0
549 154731 0.0
550 155031 0.0
551 155194 0.0
552 155494 0.0
553 155794 0.0
554 155947 0.0
555 156247 0.0
556 156547 0.0
557 156847 0.0
558 157147 0.0
559 157408 0.0
560 157708 0.0
561 158008 0.0
562 158308 0.0
563 158608 0.0
564 158908 0.0
565 159208 0.0
566 159369 0.0
567 159669 0.0
568 159820 0.0
569 160109 0.0
570 160405 0.0
571 160681 0.0
572 160839 0.0
573 161096 0.0
574 161396 0.0
575 161632 0.0
576 161923 0.0
577 162223 0.0
578 162523 0.0
579 162769 0.0
580 163069 0.0
581 163369 0.0
582 163669 0.0
583 163826 0.0
584 164059 0.0
585 164359 0.0
586 164399 0.0
587 164699 0.0
588 164942 0.0
589 165242 0.0
590 165542 0.0
591 165842 0.0
592 166142 0.0
593 166406 0.0
594 166706 0.0
595 167006 0.0
596 167146 0.0
597 167446 0.0
598 167573 0.0
599 167873 0.0
600 168069 0.0
601 168369 0.0
602 168669 0.0
603 168873 0.0
604 169173 0.0
605 169473 0.0
606 169773 0.0
607 170073 0.0
608 170373 0.0
609 170673 0.0
610 170973 0.0
611 171231 0.0
612 171531 0.0
613 171831 0.0
614 172131 0.0
615 172408 0.0
616 172708 0.0
617 172836 0.0
618 173136 0.0
619 173436 0.0
620 173736 0.0
621 174036 0.0
622 174183 0.0
623 174346 0.0
624 174646 0.0
625 174946 0.0
626 175096 0.0
627 175396 0.0
628 175696 0.0
629 175906 0.0
630 176206 0.0
631 176506 0.0
632 176563 0.0
633 176863 0.0
634 177110 0.0
635 177410 0.0
636 177710 0.0
637 178010 0.0
638 178310 0.0
639 178610 0.0
640 178910 0.0
641 179210 0.0
642 179392 0.0
643 179692 0.0
644 179904 0.0
645 180076 0.0
646 180376 0.0
647 180559 0.0
648 180859 0.0
649 181159 0.0
650 181459 0.0
651 181759 0.0
652 182059 0.0
653 182284 0.0
654 182584 0.0
655 182803 0.0
656 183003 0.0
657 183303 0.0
658 183387 0.0
659 183687 0.0
660 183987 0.0
661 184287 0.0
662 184587 0.0
663 184856 0.0
664 185156 0.0
665 185456 0.0
666 185756 0.0
667 185968 0.0
668 186146 0.0
669 186446 0.0
670 186505 0.0
671 186775 0.0
672 187075 0.0
673 187140 0.0
674 187440 0.0
675 187740 0.0
676 188040 0.0
677 188340 0.0
678 188613 0.0
679 188913 0.0
680 188977 0.0
681 189028 0.0
682 189328 0.0
683 189492 0.0
684 189614 0.0
685 189743 0.0
686 190043 0.0
687 190343 0.0
688 190643 0.0
689 190943 0.0
690 191168 0.0
691 191468 0.0
692 191768 0.0
693 191973 0.0
694 192256 0.0
695 192366 0.0
696 192666 0.0
697 192957 0.0
698 193257 0.0
699 193472 0.0
700 193772 0.0
701 194072 0.0
702 194372 0.0
703 194672 0.0
704 194873 0.0
705 195173 0.0
706 195473 0.0
707 195773 0.0
708 195984 0.0
709 196284 0.0
710 196584 0.0
711 196723 0.0
712 197023 0.0
713 197323 0.0
714 197623 0.0
715 197830 0.0
716 198008 0.0
717 198096 0.0
718 198396 0.0
719 198696 0.0
720 198848 0.0
721 199087 0.0
722 199387 0.0
723 199687 0.0
724 199987 0.0
725 200213 0.0
726 200513 0.0
727 200613 0.0
728 200913 0.0
729 201213 0.0
730 201513 0.0
731 201813 0.0
732 201944 0.0
733 202158 0.0
734 202274 0.0
735 202518 0.0
736 202714 0.0
737 203014 0.0
738 203314 0.0
739 203363 0.0
740 203612 0.0
741 203912 0.0
742 204212 0.0
743 204512 0.0
744 204589 0.0
745 204889 0.0
746 205072 0.0
747 205322 0.0
748 205622 0.0
749 205922 0.0
750 206222 0.0
751 206333 0.0
752 206633 0.0
753 206933 0.0
754 207026 0.0
755 207326 0.0
756 207626 0.0
757 207926 0.0
758 208217 0.0
759 208517 0.0
760 208817 0.0
761 208910 0.0
762 209210 0.0
763 209510 0.0
764 209810 0.0
765 209891 0.0
766 210191 0.0
767 210491 0.0
768 210650 0.0
769 210950 0.0
770 211250 0.0
771 211550 0.0
772 211850 0.0
773 212150 0.0
774 212379 0.0
775 212679 0.0
776 212979 0.0
777 213119 0.0
778 213419 0.0
779 213719 0.0
780 214019 0.0
781 214319 0.0
782 214619 0.0
783 214919 0.0
784 215219 0.0
785 215519 0.0
786 215569 0.0
787 215869 0.0
788 216169 0.0
789 216469 0.0
790 216752 0.0
791 217052 0.0
792 217352 0.0
793 217652 0.0
794 217783 0.0
795 218083 0.0
796 218383 0.0
797 218662 0.0
798 218962 0.0
799 219262 0.0
800 219562 0.0
801 219862 0.0
802 220162 0.0
803 220462 0.0
804 220762 0.0
805 220968 0.0
806 221268 0.0
807 221492 0.0
808 221792 0.0
809 222092 0.0
810 222227 0.0
811 222527 0.0
812 222827 0.0
813 223105 0.0
814 223405 0.0
815 223520 0.0
816 223820 0.0
817 224120 0.0
818 224420 0.0
819 224720 0.0
820 225020 0.0
821 225104 0.0
822 225404 0.0
823 225704 0.0
824 226004 0.0
825 226304 0.0
826 226604 0.0
827 226879 0.0
828 227179 0.0
829 227479 0.0
830 227779 0.0
831 228079 0.0
832 228350 0.0
833 228650 0.0
834 228908 0.0
835 229208 0.0
836 229508 0.0
837 229808 0.0
838 230108 0.0
839 230408 0.0
840 230708 0.0
841 231008 0.0
842 231308 0.0
843 231608 0.0
844 231769 0.0
845 232069 0.0
846 232369 0.0
847 232569 0.0
848 232869 0.0
849 233151 0.0
850 233451 0.0
851 233751 0.0
852 233964 0.0
853 234141 0.0
854 234441 0.0
855 234614 0.0
856 234914 0.0
857 235214 0.0
858 235514 0.0
859 235682 0.0
860 235982 0.0
861 236282 0.0
862 236389 0.0
863 236689 0.0
864 236989 0.0
865 237289 0.0
866 237589 0.0
867 237889 0.0
868 237951 0.0
869 238251 0.0
870 238551 0.0
871 238851 0.0
872 239151 0.0
873 239373 0.0
874 239657 0.0
875 239957 0.0
876 240116 0.0
877 240416 0.0
878 240669 0.0
879 240899 0.0
880 241056 0.0
881 241161 0.0
882 241451 0.0
883 241751 0.0
884 242051 0.0
885 242351 0.0
886 242651 0.0
887 242862 0.0
888 242997 0.0
889 243297 0.0
890 243597 0.0
891 243897 0.0
892 243968 0.0
893 244126 0.0
894 244184 0.0
895 244484 0.0
896 244784 0.0
897 245021 0.0
898 245321 0.0
899 245621 0.0
900 245891 0.0
901 246185 0.0
902 246355 0.0
903 246475 0.0
904 246775 0.0
905 246911 0.0
906 247211 0.0
907 247334 0.0
908 247634 0.0
909 247934 0.0
910 248234 0.0
911 248534 0.0
912 248834 0.0
913 249134 0.0
914 249434 0.0
915 249734 0.0
916 250034 0.0
917 250101 0.0
918 250397 0.0
919 250697 0.0
920 250892 0.0
921 251192 0.0
922 251492 0.0
923 251792 0.0
924 252092 0.0
925 252392 0.0
926 252692 0.0
927 252992 0.0
928 253076 0.0
929 253376 0.0
930 253536 0.0
931 253836 0.0
932 254136 0.0
933 254436 0.0
934 254736 0.0
935 255036 0.0
936 255190 0.0
937 255490 0.0
938 255790 0.0
939 256090 0.0
940 256390 0.0
941 256599 0.0
942 256899 0.0
943 257199 0.0
944 257499 0.0
945 257670 0.0
946 257970 0.0
947 258217 0.0
948 258384 0.0
949 258684 0.0
950 258785 0.0
951 259085 0.0
952 259385 0.0
953 259685 0.0
954 259985 0.0
955 260285 0.0
956 260585 0.0
957 260885 0.0
958 261185 0.0
959 261485 0.0
960 261785 0.0
961 262085 0.0
962 262385 0.0
963 262547 0.0
964 262847 0.0
965 263147 0.0
966 263447 0.0
967 263747 0.0
968 264047 0.0
969 264347 0.0
970 264647 0.0
971 264746 0.0
972 265046 0.0
973 265142 0.0
974 265442 0.0
975 265739 0.0
976 265926 0.0
977 266226 0.0
978 266526 0.0
979 266581 0.0
980 266881 0.0
981 266988 0.0
982 267288 0.0
983 267588 0.0
984 267712 0.0
985 267860 0.0
986 268160 0.0
987 268460 0.0
988 268562 0.0
989 268704 0.0
990 269004 0.0
991 269304 0.0
992 269604 0.0
993 269904 0.0
994 270204 0.0
995 270504 0.0
996 270804 0.0
997 271061 0.0
998 271361 0.0
999 271476 0.0
1000 271713 0.0
1001 272013 0.0
1002 272226 0.0
1003 272373 0.0
1004 272673 0.0
1005 272973 0.0
1006 273273 0.0
1007 273573 0.0
1008 273873 0.0
1009 274173 0.0
1010 274329 0.0
1011 274619 0.0
1012 274851 0.0
1013 275151 0.0
1014 275451 0.0
1015 275751 0.0
1016 276051 0.0
1017 276351 0.0
1018 276651 0.0
1019 276951 0.0
1020 277251 0.0
1021 277551 0.0
1022 277664 0.0
1023 277914 0.0
1024 278214 0.0
1025 278514 0.0
1026 278761 0.0
1027 279028 0.0
1028 279120 0.0
1029 279293 0.0
1030 279593 0.0
1031 279893 0.0
1032 280193 0.0
1033 280367 0.0
1034 280667 0.0
1035 280967 0.0
1036 281267 0.0
1037 281567 0.0
1038 281867 0.0
1039 282167 0.0
1040 282208 0.0
1041 282364 0.0
1042 282664 0.0
1043 282964 0.0
1044 283088 0.0
1045 283287 0.0
1046 283433 0.0
1047 283733 0.0
1048 284033 0.0
1049 284152 0.0
1050 284410 0.0
1051 284710 0.0
1052 285010 0.0
1053 285310 0.0
1054 285610 0.0
1055 285910 0.0
1056 286210 0.0
1057 286402 0.0
1058 286566 0.0
1059 286866 0.0
1060 287067 0.0
1061 287367 0.0
1062 287667 0.0
1063 287911 0.0
1064 287962 0.0
1065 288262 0.0
1066 288394 0.0
1067 288694 0.0
1068 288994 0.0
1069 289128 0.0
1070 289428 0.0
1071 289728 0.0
1072 290028 0.0
1073 290328 0.0
1074 290628 0.0
1075 290928 0.0
1076 290996 0.0
1077 291149 0.0
1078 291449 0.0
1079 291729 0.0
1080 292029 0.0
1081 292329 0.0
1082 292629 0.0
1083 292929 0.0
1084 293229 0.0
1085 293529 0.0
1086 293829 0.0
1087 294129 0.0
1088 294429 0.0
1089 294629 0.0
1090 294929 0.0
1091 295229 0.0
1092 295437 0.0
1093 295737 0.0
1094 295974 0.0
1095 296026 0.0
1096 296326 0.0
1097 296626 0.0
1098 296910 0.0
1099 297210 0.0
1100 297490 0.0
1101 297790 0.0
1102 298090 0.0
1103 298390 0.0
1104 298690 0.0
1105 298990 0.0
1106 299290 0.0
1107 299590 0.0
1108 299837 0.0
1109 299915 0.0
1110 300207 0.0
1111 300331 0.0
1112 300631 0.0
1113 300931 0.0
1114 301228 0.0
1115 301528 0.0
1116 301578 0.0
1117 301695 0.0
1118 301843 0.0
1119 302125 0.0
1120 302425 0.0
1121 302725 0.0
1122 303025 0.0
1123 303132 0.0
1124 303393 0.0
1125 303693 0.0
1126 303993 0.0
1127 304136 0.0
1128 304436 0.0
1129 304736 0.0
1130 304811 0.0
1131 305111 0.0
1132 305287 0.0
1133 305587 0.0
1134 305887 0.0
1135 306187 0.0
1136 306487 0.0
1137 306739 0.0
1138 306893 0.0
1139 307193 0.0
1140 307493 0.0
1141 307655 0.0
1142 307955 0.0
1143 308255 0.0
1144 308555 0.0
1145 308855 0.0
1146 309155 0.0
1147 309455 0.0
1148 309747 0.0
1149 310047 0.0
1150 310347 0.0
1151 310647 0.0
1152 310881 0.0
1153 311181 0.0
1154 311481 0.0
1155 311781 0.0
1156 312081 0.0
1157 312381 0.0
1158 312549 0.0
1159 312654 0.0
1160 312954 0.0
1161 313254 0.0
1162 313554 0.0
1163 313854 0.0
1164 314154 0.0
1165 314312 0.0
1166 314380 0.0
1167 314680 0.0
1168 314980 0.0
1169 315280 0.0
1170 315563 0.0
1171 315863 0.0
1172 316163 0.0
1173 316463 0.0
1174 316727 0.0
1175 317027 0.0
1176 317327 0.0
1177 317627 0.0
1178 317698 0.0
1179 317998 0.0
1180 318298 0.0
1181 318598 0.0
1182 318898 0.0
1183 319198 0.0
1184 319498 0.0
1185 319567 0.0
1186 319867 0.0
1187 320167 0.0
1188 320386 0.0
1189 320686 0.0
1190 320986 0.0
1191 321286 0.0
1192 321586 0.0
1193 321886 0.0
1194 322186 0.0
1195 322486 0.0
1196 322786 0.0
1197 323086 0.0
1198 323220 0.0
1199 323425 0.0
1200 323725 0.0
1201 323895 0.0
1202 323968 0.0
1203 324268 0.0
1204 324568 0.0
1205 324864 0.0
1206 325164 0.0
1207 325464 0.0
1208 325764 0.0
1209 326064 0.0
1210 326364 0.0
1211 326664 0.0
1212 326745 0.0
1213 326839 0.0
1214 327015 0.0
1215 327124 0.0
1216 327424 0.0
1217 327554 0.0
1218 327854 0.0
1219 328091 0.0
1220 328391 0.0
1221 328691 0.0
1222 328991 0.0
1223 329183 0.0
1224 329483 0.0
1225 329783 0.0
1226 330072 0.0
1227 330372 0.0
1228 330672 0.0
1229 330972 0.0
1230 331272 0.0
1231 331377 0.0
1232 331677 0.0
1233 331886 0.0
1234 332186 0.0
1235 332486 0.0
1236 332734 0.0
1237 333034 0.0
1238 333334 0.0
1239 333444 0.0
1240 333744 0.0
1241 334044 0.0
1242 334344 0.0
1243 334644 0.0
1244 334810 0.0
1245 334887 0.0
1246 334985 0.0
1247 335285 0.0
1248 335585 0.0
1249 335774 0.0
1250 336074 0.0
1251 336315 0.0
1252 336615 0.0
1253 336883 0.0
1254 337183 0.0
1255 337483 0.0
1256 337783 0.0
1257 338083 0.0
1258 338254 0.0
1259 338554 0.0
1260 338843 0.0
1261 339143 0.0
1262 339443 0.0
1263 339743 0.0
1264 340043 0.0
1265 340197 0.0
1266 340497 0.0
1267 340797 0.0
1268 341097 0.0
1269 341397 0.0
1270 341697 0.0
1271 341997 0.0
1272 342297 0.0
1273 342597 0.0
1274 342897 0.0
1275 343025 0.0
1276 343325 0.0
1277 343451 0.0
1278 343751 0.0
1279 344051 0.0
1280 344231 0.0
1281 344399 0.0
1282 344699 0.0
1283 344869 0.0
1284 345101 0.0
1285 345391 0.0
1286 345572 0.0
1287 345872 0.0
1288 346083 0.0
1289 346383 0.0
1290 346601 0.0
1291 346901 0.0
1292 347201 0.0
1293 347501 0.0
1294 347675 0.0
1295 347975 0.0
1296 348182 0.0
1297 348482 0.0
1298 348606 0.0
1299 348906 0.0
1300 349206 0.0
1301 349506 0.0
1302 349641 0.0
1303 349941 0.0
1304 350241 0.0
1305 350541 0.0
1306 350614 0.0
1307 350723 0.0
1308 351023 0.0
1309 351323 0.0
1310 351618 0.0
1311 351918 0.0
1312 352218 0.0
1313 352518 0.0
1314 352818 0.0
1315 353118 0.0
1316 353418 0.0
1317 353718 0.0
1318 353833 0.0
1319 354044 0.0
1320 354344 0.0
1321 354611 0.0
1322 354911 0.0
1323 355066 0.0
1324 355256 0.0
1325 355556 0.0
1326 355856 0.0
1327 356122 0.0
1328 356422 0.0
1329 356530 0.0
1330 356765 0.0
1331 357065 0.0
1332 357279 0.0
1333 357579 0.0
1334 357650 0.0
1335 357702 0.0
1336 357783 0.0
1337 358083 0.0
1338 358307 0.0
1339 358607 0.0
1340 358907 0.0
1341 359205 0.0
1342 359505 0.0
1343 359805 0.0
1344 360105 0.0
1345 360405 0.0
1346 360471 0.0
1347 360542 0.0
1348 360806 0.0
1349 361106 0.0
1350 361406 0.0
1351 361690 0.0
1352 361766 0.0
1353 362066 0.0
1354 362178 0.0
1355 362325 0.0
1356 362625 0.0
1357 362708 0.0
1358 362796 0.0
1359 362857 0.0
1360 363157 0.0
1361 363422 0.0
1362 363722 0.0
1363 363844 0.0
1364 364144 0.0
1365 364444 0.0
1366 364663 0.0
1367 364963 0.0
1368 365211 0.0
1369 365341 0.0
1370 365641 0.0
1371 365941 0.0
1372 366070 0.0
1373 366370 0.0
1374 366498 0.0
1375 366798 0.0
1376 367034 0.0
1377 367334 0.0
1378 367634 0.0
1379 367934 0.0
1380 368234 0.0
1381 368534 0.0
1382 368834 0.0
1383 369134 0.0
1384 369434 0.0
1385 369734 0.0
1386 370034 0.0
1387 370334 0.0
1388 370580 0.0
1389 370880 0.0
1390 371160 0.0
1391 371399 0.0
1392 371699 0.0
1393 371999 0.0
1394 372299 0.0
1395 372599 0.0
1396 372899 0.0
1397 373199 0.0
1398 373499 0.0
1399 373799 0.0
1400 374099 0.0
1401 374399 0.0
1402 374699 0.0
1403 374857 0.0
1404 374961 0.0
1405 375261 0.0
1406 375355 0.0
1407 375655 0.0
1408 375761 0.0
1409 375917 0.0
1410 376217 0.0
1411 376361 0.0
1412 376518 0.0
