1 176 0.0
2 476 0.0
3 776 0.0
4 1076 0.0
5 1376 0.0
6 1676 0.0
7 1976 0.0
8 2276 0.0
9 2576 0.0
10 2876 0.0
11 3176 0.0
12 3476 0.0
13 3776 0.0
14 4076 0.0
15 4376 0.0
16 4676 0.0
17 4976 0.0
18 5276 0.0
19 5576 0.0
20 5876 0.0
21 6176 0.0
22 6476 0.0
23 6776 0.0
24 7076 0.0
25 7376 0.0
26 7676 0.0
27 7976 0.0
28 8276 0.0
29 8576 0.0
30 8876 0.0
31 9176 0.0
32 9476 0.0
33 9776 0.0
34 10076 0.0
35 10376 0.0
36 10676 0.0
37 10976 0.0
38 11276 0.0
39 11576 0.0
40 11876 0.0
41 12176 0.0
42 12476 0.0
43 12776 0.0
44 13076 0.0
45 13376 0.0
46 13676 0.0
47 13976 0.0
48 14276 0.0
49 14576 0.0
50 14876 0.0
51 15176 0.0
52 15476 0.0
53 15776 0.0
54 16076 0.0
55 16376 0.0
56 16676 0.0
57 16976 0.0
58 17242 0.0
59 17542 0.0
60 17784 0.0
61 18084 0.0
62 18384 0.0
63 18684 0.0
64 18984 0.0
65 19284 0.0
66 19584 0.0
67 19884 0.0
68 20184 0.0
69 20484 0.0
70 20784 0.0
71 21084 0.0
72 21384 0.0
73 21598 0.0
74 21898 0.0
75 22198 0.0
76 22498 0.0
77 22798 0.0
78 23098 0.0
79 23398 0.0
80 23698 0.0
81 23998 0.0
82 24298 0.0
83 24598 0.0
84 24824 0.0
85 25022 0.0
86 25322 0.0
87 25551 0.0
88 25851 0.0
89 26151 0.0
90 26451 0.0
91 26751 0.0
92 27051 0.0
93 27351 0.0
94 27651 0.0
95 27951 0.0
96 28251 0.0
97 28419 0.0
98 28570 0.0
99 28870 0.0
100 29170 0.0
101 29470 0.0
102 29770 0.0
103 30070 0.0
104 30370 0.0
105 30586 0.0
106 30672 0.0
107 30972 0.0
108 31272 0.0
109 31572 0.0
110 31872 0.0
111 32172 0.0
112 32472 0.0
113 32772 0.0
114 33025 0.0
115 33325 0.0
116 33625 0.0
117 33905 0.0
118 34074 0.0
119 34223 0.0
120 34435 0.0
121 34735 0.0
122 35035 0.0
123 35335 0.0
124 35635 0.0
125 35905 0.0
126 36205 0.0
127 36505 0.0
128 36805 0.0
129 37028 0.0
130 37315 0.0
131 37615 0.0
132 37915 0.0
133 37978 0.0
134 38278 0.0
135 38432 0.0
136 38549 0.0
137 38849 0.0
138 39149 0.0
139 39449 0.0
140 39749 0.0
141 40049 0.0
142 40349 0.0
143 40649 0.0
144 40949 0.0
145 41249 0.0
146 41477 0.0
147 41717 0.0
148 42017 0.0
149 42317 0.0
150 42617 0.0
151 42917 0.0
152 43156 0.0
153 43456 0.0
154 43756 0.0
155 43815 0.0
156 44115 0.0
157 44296 0.0
158 44596 0.0
159 44896 0.0
160 45196 0.0
161 45496 0.0
162 45796 0.0
163 46096 0.0
164 46396 0.0
165 46696 0.0
166 46996 0.0
167 47296 0.0
168 47392 0.0
169 47692 0.0
170 47992 0.0
171 48292 0.0
172 48592 0.0
173 48892 0.0
174 49192 0.0
175 49492 0.0
176 49792 0.0
177 50092 0.0
178 50392 0.0
179 50692 0.0
180 50992 0.0
181 51292 0.0
182 51490 0.0
183 51790 0.0
184 52061 0.0
185 52361 0.0
186 52661 0.0
187 52961 0.0
188 53261 0.0
189 53561 0.0
190 53861 0.0
191 54161 0.0
192 54461 0.0
193 54761 0.0
194 55061 0.0
195 55361 0.0
196 55568 0.0
197 55868 0.0
198 56015 0.0
199 56215 0.0
200 56515 0.0
201 56815 0.0
202 57115 0.0
203 57415 0.0
204 57602 0.0
205 57764 0.0
206 58064 0.0
207 58134 0.0
208 58266 0.0
209 58566 0.0
210 58866 0.0
211 59166 0.0
212 59350 0.0
213 59650 0.0
214 59950 0.0
215 60250 0.0
216 60550 0.0
217 60850 0.0
218 61150 0.0
219 61450 0.0
220 61750 0.0
221 62050 0.0
222 62350 0.0
223 62650 0.0
224 62950 0.0
225 63250 0.0
226 63550 0.0
227 63850 0.0
228 64150 0.0
229 64450 0.0
230 64750 0.0
231 64855 0.0
232 65155 0.0
233 65455 0.0
234 65755 0.0
235 66055 0.0
236 66327 0.0
237 66627 0.0
238 66912 0.0
239 67212 0.0
240 67493 0.0
241 67793 0.0
242 68093 0.0
243 68393 0.0
244 68693 0.0
245 68870 0.0
246 69170 0.0
247 69341 0.0
248 69641 0.0
249 69842 0.0
250 70142 0.0
251 70442 0.0
252 70742 0.0
253 71042 0.0
254 71342 0.0
255 71642 0.0
256 71709 0.0
257 71909 0.0
258 72209 0.0
259 72352 0.0
260 72652 0.0
261 72811 0.0
262 73111 0.0
263 73411 0.0
264 73711 0.0
265 74011 0.0
266 74124 0.0
267 74424 0.0
268 74724 0.0
269 74859 0.0
270 75159 0.0
271 75459 0.0
272 75759 0.0
273 75842 0.0
274 76070 0.0
275 76370 0.0
276 76514 0.0
277 76814 0.0
278 76945 0.0
279 77184 0.0
280 77484 0.0
281 77784 0.0
282 78084 0.0
283 78384 0.0
284 78684 0.0
285 78984 0.0
286 79284 0.0
287 79584 0.0
288 79884 0.0
289 80061 0.0
290 80361 0.0
291 80661 0.0
292 80961 0.0
293 81261 0.0
294 81561 0.0
295 81861 0.0
296 82161 0.0
297 82461 0.0
298 82761 0.0
299 83061 0.0
300 83361 0.0
301 83661 0.0
302 83961 0.0
303 84261 0.0
304 84561 0.0
305 84814 0.0
306 85114 0.0
307 85388 0.0
308 85688 0.0
309 85988 0.0
310 86288 0.0
311 86588 0.0
312 86888 0.0
313 87031 0.0
314 87331 0.0
315 87543 0.0
316 87740 0.0
317 87996 0.0
318 88296 0.0
319 88446 0.0
320 88746 0.0
321 89046 0.0
322 89346 0.0
323 89646 0.0
324 89946 0.0
325 90132 0.0
326 90432 0.0
327 90732 0.0
328 91032 0.0
329 91332 0.0
330 91632 0.0
331 91932 0.0
332 92032 0.0
333 92274 0.0
334 92574 0.0
335 92874 0.0
336 93174 0.0
337 93403 0.0
338 93703 0.0
339 94003 0.0
340 94303 0.0
341 94603 0.0
342 94855 0.0
343 94986 0.0
344 95286 0.0
345 95586 0.0
346 95878 0.0
347 96178 0.0
348 96434 0.0
349 96639 0.0
350 96753 0.0
351 96901 0.0
352 97201 0.0
353 97501 0.0
354 97801 0.0
355 98101 0.0
356 98401 0.0
357 98701 0.0
358 99001 0.0
359 99173 0.0
360 99473 0.0
361 99773 0.0
362 100073 0.0
363 100373 0.0
364 100673 0.0
365 100973 0.0
366 101273 0.0
367 101573 0.0
368 101873 0.0
369 102173 0.0
370 102473 0.0
371 102773 0.0
372 103073 0.0
373 103373 0.0
374 103596 0.0
375 103896 0.0
376 104111 0.0
377 104305 0.0
378 104605 0.0
379 104905 0.0
380 105205 0.0
381 105505 0.0
382 105805 0.0
383 106105 0.0
384 106405 0.0
385 106601 0.0
386 106877 0.0
387 107177 0.0
388 107477 0.0
389 107671 0.0
390 107971 0.0
391 108271 0.0
392 108571 0.0
393 108871 0.0
394 109035 0.0
395 109335 0.0
396 109635 0.0
397 109935 0.0
398 110235 0.0
399 110535 0.0
400 110835 0.0
401 111135 0.0
402 111435 0.0
403 111735 0.0
404 111996 0.0
405 112216 0.0
406 112516 0.0
407 112816 0.0
408 113116 0.0
409 113220 0.0
410 113520 0.0
411 113729 0.0
412 113987 0.0
413 114287 0.0
414 114519 0.0
415 114819 0.0
416 114963 0.0
417 115180 0.0
418 115427 0.0
419 115727 0.0
420 116027 0.0
421 116153 0.0
422 116453 0.0
423 116732 0.0
424 117032 0.0
425 117245 0.0
426 117545 0.0
427 117845 0.0
428 118145 0.0
429 118445 0.0
430 118745 0.0
431 119045 0.0
432 119345 0.0
433 119405 0.0
434 119705 0.0
435 120005 0.0
436 120305 0.0
437 120605 0.0
438 120905 0.0
439 121205 0.0
440 121505 0.0
441 121805 0.0
442 122105 0.0
443 122405 0.0
444 122705 0.0
445 122771 0.0
446 123071 0.0
447 123371 0.0
448 123671 0.0
449 123971 0.0
450 124271 0.0
451 124571 0.0
452 124643 0.0
453 124943 0.0
454 125243 0.0
455 125515 0.0
456 125620 0.0
457 125920 0.0
458 126220 0.0
459 126520 0.0
460 126820 0.0
461 127089 0.0
462 127283 0.0
463 127406 0.0
464 127706 0.0
465 128006 0.0
466 128306 0.0
467 128606 0.0
468 128868 0.0
469 129168 0.0
470 129468 0.0
471 129625 0.0
472 129925 0.0
473 130225 0.0
474 130525 0.0
475 130825 0.0
476 131125 0.0
477 131425 0.0
478 131725 0.0
479 132025 0.0
480 132314 0.0
481 132591 0.0
482 132891 0.0
483 133191 0.0
484 133491 0.0
485 133791 0.0
486 134091 0.0
487 134391 0.0
488 134691 0.0
489 134991 0.0
490 135291 0.0
491 135591 0.0
492 135891 0.0
493 136068 0.0
494 136368 0.0
495 136668 0.0
496 136968 0.0
497 137081 0.0
498 137381 0.0
499 137681 0.0
500 137962 0.0
501 138262 0.0
502 138537 0.0
503 138837 0.0
504 139137 0.0
505 139437 0.0
506 139721 0.0
507 140021 0.0
508 140127 0.0
509 140427 0.0
510 140727 0.0
511 141027 0.0
512 141204 0.0
513 141282 0.0
514 141413 0.0
515 141713 0.0
516 142013 0.0
517 142313 0.0
518 142613 0.0
519 142913 0.0
520 143213 0.0
521 143337 0.0
522 143637 0.0
523 143937 0.0
524 144115 0.0
525 144415 0.0
526 144670 0.0
527 144970 0.0
528 145270 0.0
529 145570 0.0
530 145870 0.0
531 145964 0.0
532 146108 0.0
533 146408 0.0
534 146708 0.0
535 147008 0.0
536 147130 0.0
537 147302 0.0
538 147602 0.0
539 147700 0.0
540 148000 0.0
541 148300 0.0
542 148600 0.0
543 148900 0.0
544 149200 0.0
545 149500 0.0
546 149556 0.0
547 149856 0.0
548 150090 0.0
549 150162 0.0
550 150462 0.0
551 150762 0.0
552 151062 0.0
553 151342 0.0
554 151490 0.0
555 151790 0.0
556 152090 0.0
557 152390 0.0
558 152690 0.0
559 152990 0.0
560 153290 0.0
561 153590 0.0
562 153890 0.0
563 154190 0.0
564 154490 0.0
565 154580 0.0
566 154880 0.0
567 155174 0.0
568 155474 0.0
569 155774 0.0
570 155865 0.0
571 156165 0.0
572 156465 0.0
573 156765 0.0
574 157065 0.0
575 157365 0.0
576 157665 0.0
577 157965 0.0
578 158168 0.0
579 158468 0.0
580 158768 0.0
581 158814 0.0
582 159114 0.0
583 159414 0.0
584 159630 0.0
585 159930 0.0
586 160230 0.0
587 160530 0.0
588 160799 0.0
589 161099 0.0
590 161399 0.0
591 161699 0.0
592 161999 0.0
593 162299 0.0
594 162599 0.0
595 162895 0.0
596 163195 0.0
597 163495 0.0
598 163702 0.0
599 164002 0.0
600 164085 0.0
601 164385 0.0
602 164495 0.0
603 164795 0.0
604 165095 0.0
605 165395 0.0
606 165492 0.0
607 165792 0.0
608 165883 0.0
609 166131 0.0
610 166431 0.0
611 166731 0.0
612 167031 0.0
613 167331 0.0
614 167631 0.0
615 167806 0.0
616 168106 0.0
617 168341 0.0
618 168461 0.0
619 168761 0.0
620 169061 0.0
621 169216 0.0
622 169422 0.0
623 169485 0.0
624 169785 0.0
625 170085 0.0
626 170385 0.0
627 170685 0.0
628 170927 0.0
629 171227 0.0
630 171377 0.0
631 171677 0.0
632 171977 0.0
633 172277 0.0
634 172577 0.0
635 172691 0.0
636 172991 0.0
637 173088 0.0
638 173388 0.0
639 173688 0.0
640 173778 0.0
641 174078 0.0
642 174183 0.0
643 174483 0.0
644 174783 0.0
645 175083 0.0
646 175309 0.0
647 175400 0.0
648 175513 0.0
649 175813 0.0
650 176113 0.0
651 176413 0.0
652 176550 0.0
653 176850 0.0
654 177150 0.0
655 177450 0.0
656 177609 0.0
657 177813 0.0
658 178113 0.0
659 178199 0.0
660 178499 0.0
661 178575 0.0
662 178730 0.0
663 179030 0.0
664 179257 0.0
665 179557 0.0
666 179638 0.0
667 179938 0.0
668 180238 0.0
669 180357 0.0
670 180657 0.0
671 180833 0.0
672 181133 0.0
673 181433 0.0
674 181595 0.0
675 181895 0.0
676 182195 0.0
677 182495 0.0
678 182795 0.0
679 183082 0.0
680 183142 0.0
681 183442 0.0
682 183742 0.0
683 184042 0.0
684 184342 0.0
685 184642 0.0
686 184942 0.0
687 185124 0.0
688 185424 0.0
689 185505 0.0
690 185805 0.0
691 186105 0.0
692 186298 0.0
693 186598 0.0
694 186681 0.0
695 186872 0.0
696 187172 0.0
697 187396 0.0
698 187696 0.0
699 187895 0.0
700 188195 0.0
701 188495 0.0
702 188795 0.0
703 188993 0.0
704 189293 0.0
705 189593 0.0
706 189893 0.0
707 190193 0.0
708 190374 0.0
709 190674 0.0
710 190974 0.0
711 191118 0.0
712 191418 0.0
713 191591 0.0
714 191891 0.0
715 192034 0.0
716 192334 0.0
717 192452 0.0
718 192752 0.0
719 192908 0.0
720 193208 0.0
721 193508 0.0
722 193653 0.0
723 193953 0.0
724 194253 0.0
725 194553 0.0
726 194853 0.0
727 195153 0.0
728 195453 0.0
729 195753 0.0
730 196053 0.0
731 196353 0.0
732 196653 0.0
733 196953 0.0
734 197136 0.0
735 197436 0.0
736 197736 0.0
737 198036 0.0
738 198336 0.0
739 198636 0.0
740 198936 0.0
741 199209 0.0
742 199509 0.0
743 199809 0.0
744 200043 0.0
745 200343 0.0
746 200420 0.0
747 200720 0.0
748 201020 0.0
749 201320 0.0
750 201387 0.0
751 201599 0.0
752 201899 0.0
753 201971 0.0
754 202271 0.0
755 202496 0.0
756 202796 0.0
757 203096 0.0
758 203396 0.0
759 203536 0.0
760 203836 0.0
761 204136 0.0
762 204436 0.0
763 204565 0.0
764 204865 0.0
765 205159 0.0
766 205436 0.0
767 205736 0.0
768 206036 0.0
769 206103 0.0
770 206310 0.0
771 206610 0.0
772 206897 0.0
773 207197 0.0
774 207374 0.0
775 207476 0.0
776 207751 0.0
777 208051 0.0
778 208351 0.0
779 208651 0.0
780 208772 0.0
781 208963 0.0
782 209263 0.0
783 209563 0.0
784 209863 0.0
785 210163 0.0
786 210463 0.0
787 210731 0.0
788 210914 0.0
789 211069 0.0
790 211369 0.0
791 211655 0.0
792 211955 0.0
793 212255 0.0
794 212297 0.0
795 212597 0.0
796 212697 0.0
797 212871 0.0
798 213171 0.0
799 213471 0.0
800 213771 0.0
801 214071 0.0
802 214371 0.0
803 214671 0.0
804 214971 0.0
805 215271 0.0
806 215571 0.0
807 215854 0.0
808 216154 0.0
809 216311 0.0
810 216611 0.0
811 216911 0.0
812 217211 0.0
813 217511 0.0
814 217811 0.0
815 218111 0.0
816 218411 0.0
817 218711 0.0
818 218884 0.0
819 219183 0.0
820 219483 0.0
821 219563 0.0
822 219738 0.0
823 220038 0.0
824 220338 0.0
825 220638 0.0
826 220938 0.0
827 221238 0.0
828 221538 0.0
829 221607 0.0
830 221907 0.0
831 222207 0.0
832 222507 0.0
833 222807 0.0
834 223107 0.0
835 223247 0.0
836 223324 0.0
837 223624 0.0
838 223914 0.0
839 224214 0.0
840 224514 0.0
841 224640 0.0
842 224890 0.0
843 225190 0.0
844 225490 0.0
845 225580 0.0
846 225880 0.0
847 226180 0.0
848 226480 0.0
849 226780 0.0
850 226933 0.0
851 227233 0.0
852 227533 0.0
853 227833 0.0
854 228133 0.0
855 228302 0.0
856 228602 0.0
857 228902 0.0
858 229202 0.0
859 229502 0.0
860 229678 0.0
861 229813 0.0
862 230113 0.0
863 230413 0.0
864 230574 0.0
865 230857 0.0
866 231157 0.0
867 231457 0.0
868 231757 0.0
869 232057 0.0
870 232357 0.0
871 232498 0.0
872 232608 0.0
873 232720 0.0
874 233020 0.0
875 233185 0.0
876 233485 0.0
877 233785 0.0
878 233885 0.0
879 234185 0.0
880 234485 0.0
881 234785 0.0
882 235085 0.0
883 235385 0.0
884 235685 0.0
885 235985 0.0
886 236060 0.0
887 236360 0.0
888 236660 0.0
889 236754 0.0
890 236907 0.0
891 237207 0.0
892 237507 0.0
893 237582 0.0
894 237882 0.0
895 238182 0.0
896 238482 0.0
897 238782 0.0
898 238906 0.0
899 239206 0.0
900 239506 0.0
901 239592 0.0
902 239759 0.0
903 240059 0.0
904 240359 0.0
905 240604 0.0
906 240904 0.0
907 241204 0.0
908 241504 0.0
909 241804 0.0
910 242104 0.0
911 242404 0.0
912 242704 0.0
913 243004 0.0
914 243304 0.0
915 243604 0.0
916 243904 0.0
917 244204 0.0
918 244504 0.0
919 244804 0.0
920 245104 0.0
921 245404 0.0
922 245670 0.0
923 245970 0.0
924 246270 0.0
925 246570 0.0
926 246870 0.0
927 247170 0.0
928 247470 0.0
929 247730 0.0
930 247933 0.0
931 248218 0.0
932 248518 0.0
933 248818 0.0
934 249118 0.0
935 249418 0.0
936 249718 0.0
937 250018 0.0
938 250202 0.0
939 250463 0.0
940 250763 0.0
941 250826 0.0
942 250950 0.0
943 251250 0.0
944 251333 0.0
945 251443 0.0
946 251743 0.0
947 252043 0.0
948 252343 0.0
949 252643 0.0
950 252840 0.0
951 253140 0.0
952 253341 0.0
953 253419 0.0
954 253719 0.0
955 253917 0.0
956 254217 0.0
957 254517 0.0
958 254676 0.0
959 254976 0.0
960 255209 0.0
961 255291 0.0
962 255591 0.0
963 255891 0.0
964 256191 0.0
965 256340 0.0
966 256640 0.0
967 256772 0.0
968 256841 0.0
969 257141 0.0
970 257441 0.0
971 257741 0.0
972 258041 0.0
973 258341 0.0
974 258579 0.0
975 258879 0.0
976 258975 0.0
977 259273 0.0
978 259573 0.0
979 259873 0.0
980 260173 0.0
981 260473 0.0
982 260773 0.0
983 260955 0.0
984 261064 0.0
985 261364 0.0
986 261664 0.0
987 261864 0.0
988 262164 0.0
989 262464 0.0
990 262764 0.0
991 263064 0.0
992 263364 0.0
993 263664 0.0
994 263964 0.0
995 264264 0.0
996 264564 0.0
997 264864 0.0
998 265164 0.0
999 265464 0.0
1000 265541 0.0
1001 265666 0.0
1002 265966 0.0
1003 266266 0.0
1004 266425 0.0
1005 266725 0.0
1006 267025 0.0
1007 267325 0.0
1008 267566 0.0
1009 267866 0.0
1010 268166 0.0
1011 268466 0.0
1012 268724 0.0
1013 268813 0.0
1014 268895 0.0
1015 269195 0.0
1016 269495 0.0
1017 269795 0.0
1018 270095 0.0
1019 270242 0.0
1020 270542 0.0
1021 270842 0.0
1022 271142 0.0
1023 271442 0.0
1024 271742 0.0
1025 272042 0.0
1026 272342 0.0
1027 272642 0.0
1028 272911 0.0
1029 273085 0.0
1030 273191 0.0
1031 273272 0.0
1032 273572 0.0
1033 273872 0.0
1034 274172 0.0
1035 274349 0.0
1036 274649 0.0
1037 274949 0.0
1038 275030 0.0
1039 275330 0.0
1040 275533 0.0
1041 275576 0.0
1042 275876 0.0
1043 275984 0.0
1044 276160 0.0
1045 276360 0.0
1046 276623 0.0
1047 276823 0.0
1048 277114 0.0
1049 277414 0.0
1050 277713 0.0
1051 277962 0.0
1052 278262 0.0
1053 278562 0.0
1054 278639 0.0
1055 278780 0.0
1056 278875 0.0
1057 279175 0.0
1058 279475 0.0
1059 279770 0.0
1060 280070 0.0
1061 280318 0.0
1062 280618 0.0
1063 280725 0.0
1064 281025 0.0
1065 281325 0.0
1066 281625 0.0
1067 281925 0.0
1068 282225 0.0
1069 282525 0.0
1070 282825 0.0
1071 283125 0.0
1072 283425 0.0
1073 283725 0.0
1074 283873 0.0
1075 284173 0.0
1076 284473 0.0
1077 284773 0.0
1078 285073 0.0
1079 285251 0.0
1080 285359 0.0
1081 285659 0.0
1082 285959 0.0
1083 286259 0.0
1084 286347 0.0
1085 286425 0.0
1086 286606 0.0
1087 286720 0.0
1088 287020 0.0
1089 287320 0.0
1090 287460 0.0
1091 287613 0.0
1092 287913 0.0
1093 288213 0.0
1094 288513 0.0
1095 288813 0.0
1096 289113 0.0
1097 289413 0.0
1098 289530 0.0
1099 289830 0.0
1100 290020 0.0
1101 290185 0.0
1102 290448 0.0
1103 290552 0.0
1104 290852 0.0
1105 291107 0.0
1106 291407 0.0
1107 291707 0.0
1108 292007 0.0
1109 292175 0.0
1110 292475 0.0
1111 292775 0.0
1112 293023 0.0
1113 293179 0.0
1114 293418 0.0
1115 293489 0.0
1116 293789 0.0
1117 294089 0.0
1118 294192 0.0
1119 294492 0.0
1120 294792 0.0
1121 295092 0.0
1122 295392 0.0
1123 295464 0.0
1124 295764 0.0
1125 296064 0.0
1126 296364 0.0
1127 296664 0.0
1128 296964 0.0
1129 297140 0.0
1130 297440 0.0
1131 297740 0.0
1132 298023 0.0
1133 298142 0.0
1134 298442 0.0
1135 298742 0.0
1136 299042 0.0
1137 299122 0.0
1138 299422 0.0
1139 299722 0.0
1140 300022 0.0
1141 300322 0.0
1142 300622 0.0
1143 300922 0.0
1144 301217 0.0
1145 301325 0.0
1146 301625 0.0
1147 301925 0.0
1148 302094 0.0
1149 302308 0.0
1150 302608 0.0
1151 302908 0.0
1152 303208 0.0
1153 303508 0.0
1154 303808 0.0
1155 303929 0.0
1156 304229 0.0
1157 304529 0.0
1158 304829 0.0
1159 305047 0.0
1160 305347 0.0
1161 305647 0.0
1162 305947 0.0
1163 306085 0.0
1164 306385 0.0
1165 306685 0.0
1166 306836 0.0
1167 307136 0.0
1168 307436 0.0
1169 307482 0.0
1170 307782 0.0
1171 308015 0.0
1172 308315 0.0
1173 308463 0.0
1174 308763 0.0
1175 309063 0.0
1176 309363 0.0
1177 309421 0.0
1178 309721 0.0
1179 310021 0.0
1180 310321 0.0
1181 310520 0.0
1182 310820 0.0
1183 311120 0.0
1184 311420 0.0
1185 311720 0.0
1186 312020 0.0
1187 312278 0.0
1188 312573 0.0
1189 312873 0.0
1190 313173 0.0
1191 313401 0.0
1192 313701 0.0
1193 313794 0.0
1194 314094 0.0
1195 314394 0.0
1196 314612 0.0
1197 314757 0.0
1198 315057 0.0
1199 315357 0.0
1200 315657 0.0
1201 315957 0.0
1202 316257 0.0
1203 316557 0.0
1204 316857 0.0
1205 316981 0.0
1206 317062 0.0
1207 317362 0.0
1208 317662 0.0
1209 317962 0.0
1210 318044 0.0
1211 318241 0.0
1212 318541 0.0
1213 318841 0.0
1214 319141 0.0
1215 319441 0.0
1216 319741 0.0
1217 320041 0.0
1218 320341 0.0
1219 320641 0.0
1220 320941 0.0
1221 321241 0.0
1222 321541 0.0
1223 321841 0.0
1224 322033 0.0
1225 322333 0.0
1226 322633 0.0
1227 322933 0.0
1228 323233 0.0
1229 323533 0.0
1230 323658 0.0
1231 323856 0.0
1232 324095 0.0
1233 324196 0.0
1234 324245 0.0
1235 324545 0.0
1236 324845 0.0
1237 325006 0.0
1238 325306 0.0
1239 325606 0.0
1240 325683 0.0
1241 325983 0.0
1242 326283 0.0
1243 326449 0.0
1244 326749 0.0
1245 327049 0.0
1246 327315 0.0
1247 327615 0.0
1248 327915 0.0
1249 328215 0.0
1250 328515 0.0
1251 328815 0.0
1252 328911 0.0
1253 329211 0.0
1254 329511 0.0
1255 329811 0.0
1256 330111 0.0
1257 330411 0.0
1258 330711 0.0
1259 331011 0.0
1260 331099 0.0
1261 331399 0.0
1262 331699 0.0
1263 331999 0.0
1264 332299 0.0
1265 332513 0.0
1266 332813 0.0
1267 333024 0.0
1268 333270 0.0
1269 333570 0.0
1270 333747 0.0
1271 334047 0.0
1272 334347 0.0
1273 334647 0.0
1274 334947 0.0
1275 335247 0.0
1276 335547 0.0
1277 335670 0.0
1278 335970 0.0
1279 336079 0.0
1280 336158 0.0
1281 336457 0.0
1282 336757 0.0
1283 337057 0.0
1284 337357 0.0
1285 337657 0.0
1286 337772 0.0
1287 338072 0.0
1288 338319 0.0
1289 338510 0.0
1290 338810 0.0
1291 339007 0.0
1292 339307 0.0
1293 339397 0.0
1294 339472 0.0
1295 339772 0.0
1296 340072 0.0
1297 340197 0.0
1298 340497 0.0
1299 340797 0.0
1300 341097 0.0
1301 341397 0.0
1302 341541 0.0
1303 341642 0.0
1304 341942 0.0
1305 342242 0.0
1306 342542 0.0
1307 342842 0.0
1308 343142 0.0
1309 343442 0.0
1310 343742 0.0
1311 344042 0.0
1312 344273 0.0
1313 344573 0.0
1314 344652 0.0
1315 344815 0.0
1316 345098 0.0
1317 345225 0.0
1318 345288 0.0
1319 345588 0.0
1320 345888 0.0
1321 346188 0.0
1322 346488 0.0
1323 346788 0.0
1324 347088 0.0
1325 347388 0.0
1326 347537 0.0
1327 347837 0.0
1328 348137 0.0
1329 348437 0.0
1330 348737 0.0
1331 349037 0.0
1332 349337 0.0
1333 349540 0.0
1334 349672 0.0
1335 349724 0.0
1336 350024 0.0
1337 350145 0.0
1338 350445 0.0
1339 350745 0.0
1340 351045 0.0
1341 351345 0.0
1342 351645 0.0
1343 351945 0.0
1344 352245 0.0
1345 352545 0.0
1346 352845 0.0
1347 353145 0.0
1348 353445 0.0
1349 353690 0.0
1350 353990 0.0
1351 354225 0.0
1352 354525 0.0
1353 354690 0.0
1354 354990 0.0
1355 355290 0.0
1356 355590 0.0
1357 355890 0.0
1358 356190 0.0
1359 356490 0.0
1360 356790 0.0
1361 357090 0.0
1362 357243 0.0
1363 357543 0.0
1364 357745 0.0
1365 357848 0.0
1366 358148 0.0
1367 358448 0.0
1368 358748 0.0
1369 359048 0.0
1370 359348 0.0
1371 359590 0.0
1372 359764 0.0
1373 359986 0.0
1374 360286 0.0
1375 360586 0.0
1376 360886 0.0
1377 361186 0.0
1378 361486 0.0
1379 361786 0.0
1380 362017 0.0
1381 362317 0.0
1382 362617 0.0
1383 362917 0.0
1384 363151 0.0
1385 363451 0.0
1386 363591 0.0
1387 363891 0.0
1388 364191 0.0
1389 364491 0.0
1390 364791 0.0
1391 364872 0.0
1392 365172 0.0
1393 365472 0.0
1394 365753 0.0
1395 366053 0.0
1396 366185 0.0
1397 366485 0.0
1398 366785 0.0
1399 366988 0.0
1400 367288 0.0
1401 367588 0.0
1402 367888 0.0
1403 368188 0.0
1404 368311 0.0
1405 368611 0.0
1406 368709 0.0
1407 369009 0.0
1408 369309 0.0
1409 369609 0.0
1410 369726 0.0
1411 370026 0.0
1412 370326 0.0
1413 370521 0.0
1414 370821 0.0
1415 371023 0.0
1416 371169 0.0
1417 371280 0.0
1418 371580 0.0
1419 371880 0.0
1420 372180 0.0
1421 372480 0.0
1422 372780 0.0
1423 373012 0.0
1424 373312 0.0
1425 373508 0.0
1426 373808 0.0
1427 373994 0.0
1428 374085 0.0
