1 300 0.0
2 600 0.0
3 900 0.0
4 1200 0.0
5 1500 0.0
6 1800 0.0
7 2100 0.0
8 2400 0.0
9 2700 0.0
10 3000 0.0
11 3300 0.0
12 3600 0.0
13 3900 0.0
14 4200 0.0
15 4500 0.0
16 4800 0.0
17 5100 0.0
18 5400 0.0
19 5700 0.0
20 6000 0.0
21 6300 0.0
22 6600 0.0
23 6900 0.0
24 7200 0.0
25 7500 0.0
26 7800 0.0
27 8100 0.0
28 8400 0.0
29 8700 0.0
30 9000 0.0
31 9300 0.0
32 9600 0.0
33 9900 0.0
34 10200 0.0
35 10500 0.0
36 10800 0.0
37 11100 0.0
38 11400 0.0
39 11700 0.0
40 12000 0.0
41 12300 0.0
42 12600 0.0
43 12900 0.0
44 13200 0.0
45 13500 0.0
46 13800 0.0
47 14100 0.0
48 14400 0.0
49 14700 0.0
50 15000 0.0
51 15300 0.0
52 15600 0.0
53 15900 0.0
54 16200 0.0
55 16500 0.0
56 16800 0.0
57 17100 0.0
58 17400 0.0
59 17700 0.0
60 18000 0.0
61 18300 0.0
62 18600 0.0
63 18900 0.0
64 19078 0.0
65 19378 0.0
66 19678 0.0
67 19978 0.0
68 20051 0.0
69 20351 0.0
70 20651 0.0
71 20951 0.0
72 21251 0.0
73 21551 0.0
74 21851 0.0
75 22151 0.0
76 22451 0.0
77 22751 0.0
78 23051 0.0
79 23351 0.0
80 23651 0.0
81 23951 0.0
82 24114 0.0
83 24414 0.0
84 24714 0.0
85 25014 0.0
86 25314 0.0
87 25614 0.0
88 25914 0.0
89 26214 0.0
90 26514 0.0
91 26814 0.0
92 27114 0.0
93 27414 0.0
94 27714 0.0
95 28014 0.0
96 28314 0.0
97 28614 0.0
98 28914 0.0
99 29214 0.0
100 29514 0.0
101 29814 0.0
102 30114 0.0
103 30414 0.0
104 30714 0.0
105 31014 0.0
106 31314 0.0
107 31614 0.0
108 31914 0.0
109 32214 0.0
110 32514 0.0
111 32814 0.0
112 33114 0.0
113 33414 0.0
114 33714 0.0
115 33957 0.0
116 34257 0.0
117 34557 0.0
118 34857 0.0
119 35157 0.0
120 35457 0.0
121 35757 0.0
122 35902 0.0
123 36202 0.0
124 36502 0.0
125 36785 0.0
126 37085 0.0
127 37385 0.0
128 37685 0.0
129 37985 0.0
130 38285 0.0
131 38585 0.0
132 38804 0.0
133 39104 0.0
134 39404 0.0
135 39704 0.0
136 40004 0.0
137 40163 0.0
138 40463 0.0
139 40763 0.0
140 41063 0.0
141 41363 0.0
142 41663 0.0
143 41963 0.0
144 42263 0.0
145 42563 0.0
146 42863 0.0
147 43163 0.0
148 43463 0.0
149 43763 0.0
150 44063 0.0
151 44363 0.0
152 44663 0.0
153 44963 0.0
154 45263 0.0
155 45563 0.0
156 45863 0.0
157 46163 0.0
158 46463 0.0
159 46763 0.0
160 47063 0.0
161 47363 0.0
162 47663 0.0
163 47963 0.0
164 48263 0.0
165 48563 0.0
166 48863 0.0
167 49163 0.0
168 49463 0.0
169 49763 0.0
170 50063 0.0
171 50363 0.0
172 50663 0.0
173 50963 0.0
174 51263 0.0
175 51563 0.0
176 51863 0.0
177 52163 0.0
178 52463 0.0
179 52763 0.0
180 53063 0.0
181 53363 0.0
182 53663 0.0
183 53837 0.0
184 54137 0.0
185 54437 0.0
186 54737 0.0
187 55037 0.0
188 55337 0.0
189 55637 0.0
190 55937 0.0
191 56237 0.0
192 56537 0.0
193 56837 0.0
194 57137 0.0
195 57437 0.0
196 57737 0.0
197 58037 0.0
198 58337 0.0
199 58637 0.0
200 58937 0.0
201 59237 0.0
202 59537 0.0
203 59725 0.0
204 60025 0.0
205 60325 0.0
206 60609 0.0
207 60909 0.0
208 61209 0.0
209 61509 0.0
210 61809 0.0
211 62109 0.0
212 62332 0.0
213 62632 0.0
214 62869 0.0
215 63169 0.0
216 63469 0.0
217 63692 0.0
218 63875 0.0
219 64175 0.0
220 64475 0.0
221 64775 0.0
222 65075 0.0
223 65375 0.0
224 65675 0.0
225 65975 0.0
226 66275 0.0
227 66575 0.0
228 66875 0.0
229 67175 0.0
230 67475 0.0
231 67775 0.0
232 68075 0.0
233 68375 0.0
234 68675 0.0
235 68975 0.0
236 69247 0.0
237 69377 0.0
238 69677 0.0
239 69828 0.0
240 70128 0.0
241 70428 0.0
242 70728 0.0
243 71028 0.0
244 71212 0.0
245 71298 0.0
246 71598 0.0
247 71898 0.0
248 72198 0.0
249 72498 0.0
250 72699 0.0
251 72999 0.0
252 73299 0.0
253 73472 0.0
254 73772 0.0
255 74072 0.0
256 74272 0.0
257 74572 0.0
258 74872 0.0
259 75172 0.0
260 75356 0.0
261 75656 0.0
262 75956 0.0
263 76256 0.0
264 76556 0.0
265 76755 0.0
266 77055 0.0
267 77311 0.0
268 77611 0.0
269 77844 0.0
270 78144 0.0
271 78444 0.0
272 78744 0.0
273 79044 0.0
274 79344 0.0
275 79644 0.0
276 79944 0.0
277 80244 0.0
278 80445 0.0
279 80745 0.0
280 81045 0.0
281 81194 0.0
282 81494 0.0
283 81794 0.0
284 82074 0.0
285 82374 0.0
286 82674 0.0
287 82907 0.0
288 83207 0.0
289 83507 0.0
290 83807 0.0
291 83954 0.0
292 84254 0.0
293 84554 0.0
294 84854 0.0
295 85154 0.0
296 85375 0.0
297 85538 0.0
298 85675 0.0
299 85975 0.0
300 86163 0.0
301 86463 0.0
302 86763 0.0
303 87063 0.0
304 87363 0.0
305 87663 0.0
306 87963 0.0
307 88263 0.0
308 88563 0.0
309 88643 0.0
310 88943 0.0
311 89243 0.0
312 89340 0.0
313 89640 0.0
314 89940 0.0
315 90240 0.0
316 90540 0.0
317 90840 0.0
318 91140 0.0
319 91440 0.0
320 91740 0.0
321 91978 0.0
322 92248 0.0
323 92548 0.0
324 92848 0.0
325 93148 0.0
326 93448 0.0
327 93748 0.0
328 93877 0.0
329 94177 0.0
330 94437 0.0
331 94620 0.0
332 94920 0.0
333 95220 0.0
334 95520 0.0
335 95820 0.0
336 96120 0.0
337 96397 0.0
338 96697 0.0
339 96997 0.0
340 97297 0.0
341 97597 0.0
342 97897 0.0
343 98197 0.0
344 98497 0.0
345 98671 0.0
346 98971 0.0
347 99271 0.0
348 99444 0.0
349 99744 0.0
350 100027 0.0
351 100327 0.0
352 100627 0.0
353 100927 0.0
354 101227 0.0
355 101527 0.0
356 101631 0.0
357 101931 0.0
358 102230 0.0
359 102419 0.0
360 102719 0.0
361 103019 0.0
362 103125 0.0
363 103425 0.0
364 103725 0.0
365 103951 0.0
366 104176 0.0
367 104476 0.0
368 104691 0.0
369 104991 0.0
370 105280 0.0
371 105580 0.0
372 105748 0.0
373 105934 0.0
374 106234 0.0
375 106534 0.0
376 106801 0.0
377 107101 0.0
378 107251 0.0
379 107551 0.0
380 107851 0.0
381 108151 0.0
382 108451 0.0
383 108751 0.0
384 109051 0.0
385 109351 0.0
386 109437 0.0
387 109701 0.0
388 109890 0.0
389 110190 0.0
390 110490 0.0
391 110790 0.0
392 111031 0.0
393 111331 0.0
394 111631 0.0
395 111931 0.0
396 112151 0.0
397 112443 0.0
398 112743 0.0
399 113043 0.0
400 113343 0.0
401 113571 0.0
402 113871 0.0
403 114046 0.0
404 114346 0.0
405 114646 0.0
406 114946 0.0
407 115246 0.0
408 115511 0.0
409 115811 0.0
410 116006 0.0
411 116306 0.0
412 116606 0.0
413 116906 0.0
414 117206 0.0
415 117506 0.0
416 117806 0.0
417 118028 0.0
418 118151 0.0
419 118451 0.0
420 118751 0.0
421 119051 0.0
422 119351 0.0
423 119588 0.0
424 119888 0.0
425 120188 0.0
426 120488 0.0
427 120647 0.0
428 120947 0.0
429 121247 0.0
430 121409 0.0
431 121591 0.0
432 121891 0.0
433 122171 0.0
434 122471 0.0
435 122771 0.0
436 122909 0.0
437 123209 0.0
438 123408 0.0
439 123708 0.0
440 123780 0.0
441 124080 0.0
442 124196 0.0
443 124496 0.0
444 124796 0.0
445 125096 0.0
446 125242 0.0
447 125542 0.0
448 125842 0.0
449 126142 0.0
450 126442 0.0
451 126557 0.0
452 126857 0.0
453 127157 0.0
454 127457 0.0
455 127757 0.0
456 128057 0.0
457 128357 0.0
458 128657 0.0
459 128957 0.0
460 129059 0.0
461 129158 0.0
462 129447 0.0
463 129747 0.0
464 130047 0.0
465 130347 0.0
466 130647 0.0
467 130806 0.0
468 131106 0.0
469 131406 0.0
470 131706 0.0
471 132006 0.0
472 132060 0.0
473 132360 0.0
474 132660 0.0
475 132960 0.0
476 133260 0.0
477 133560 0.0
478 133674 0.0
479 133823 0.0
480 134123 0.0
481 134423 0.0
482 134572 0.0
483 134872 0.0
484 135172 0.0
485 135472 0.0
486 135772 0.0
487 136072 0.0
488 136372 0.0
489 136672 0.0
490 136972 0.0
491 137272 0.0
492 137497 0.0
493 137628 0.0
494 137828 0.0
495 138128 0.0
496 138428 0.0
497 138728 0.0
498 139028 0.0
499 139328 0.0
500 139491 0.0
501 139789 0.0
502 140089 0.0
503 140218 0.0
504 140386 0.0
505 140686 0.0
506 140917 0.0
507 141217 0.0
508 141360 0.0
509 141660 0.0
510 141960 0.0
511 142260 0.0
512 142539 0.0
513 142839 0.0
514 143139 0.0
515 143439 0.0
516 143700 0.0
517 144000 0.0
518 144300 0.0
519 144600 0.0
520 144900 0.0
521 145200 0.0
522 145500 0.0
523 145800 0.0
524 146072 0.0
525 146372 0.0
526 146672 0.0
527 146972 0.0
528 147272 0.0
529 147572 0.0
530 147872 0.0
531 148172 0.0
532 148472 0.0
533 148772 0.0
534 149072 0.0
535 149287 0.0
536 149587 0.0
537 149887 0.0
538 150187 0.0
539 150487 0.0
540 150755 0.0
541 150945 0.0
542 151245 0.0
543 151545 0.0
544 151845 0.0
545 152145 0.0
546 152445 0.0
547 152745 0.0
548 152871 0.0
549 153114 0.0
550 153414 0.0
551 153697 0.0
552 153738 0.0
553 154038 0.0
554 154338 0.0
555 154498 0.0
556 154610 0.0
557 154910 0.0
558 154986 0.0
559 155286 0.0
560 155586 0.0
561 155886 0.0
562 155991 0.0
563 156291 0.0
564 156591 0.0
565 156891 0.0
566 157191 0.0
567 157491 0.0
568 157791 0.0
569 158011 0.0
570 158311 0.0
571 158611 0.0
572 158911 0.0
573 159211 0.0
574 159511 0.0
575 159811 0.0
576 160111 0.0
577 160411 0.0
578 160711 0.0
579 160895 0.0
580 161195 0.0
581 161495 0.0
582 161572 0.0
583 161872 0.0
584 162172 0.0
585 162305 0.0
586 162605 0.0
587 162905 0.0
588 162959 0.0
589 163149 0.0
590 163449 0.0
591 163749 0.0
592 164049 0.0
593 164349 0.0
594 164649 0.0
595 164861 0.0
596 165161 0.0
597 165461 0.0
598 165634 0.0
599 165867 0.0
600 166167 0.0
601 166467 0.0
602 166605 0.0
603 166905 0.0
604 167205 0.0
605 167505 0.0
606 167805 0.0
607 167896 0.0
608 168000 0.0
609 168300 0.0
610 168600 0.0
611 168900 0.0
612 169200 0.0
613 169500 0.0
614 169800 0.0
615 170100 0.0
616 170400 0.0
617 170700 0.0
618 170952 0.0
619 171252 0.0
620 171552 0.0
621 171852 0.0
622 171968 0.0
623 172268 0.0
624 172568 0.0
625 172868 0.0
626 173168 0.0
627 173468 0.0
628 173768 0.0
629 173841 0.0
630 174141 0.0
631 174385 0.0
632 174685 0.0
633 174985 0.0
634 175285 0.0
635 175585 0.0
636 175885 0.0
637 176185 0.0
638 176424 0.0
639 176724 0.0
640 176844 0.0
641 177024 0.0
642 177282 0.0
643 177571 0.0
644 177871 0.0
645 178171 0.0
646 178471 0.0
647 178771 0.0
648 179071 0.0
649 179371 0.0
650 179671 0.0
651 179971 0.0
652 180271 0.0
653 180571 0.0
654 180871 0.0
655 181171 0.0
656 181471 0.0
657 181771 0.0
658 181995 0.0
659 182295 0.0
660 182389 0.0
661 182689 0.0
662 182934 0.0
663 183234 0.0
664 183517 0.0
665 183817 0.0
666 183906 0.0
667 184175 0.0
668 184475 0.0
669 184775 0.0
670 185075 0.0
671 185277 0.0
672 185335 0.0
673 185635 0.0
674 185935 0.0
675 186235 0.0
676 186528 0.0
677 186721 0.0
678 186857 0.0
679 187041 0.0
680 187341 0.0
681 187641 0.0
682 187941 0.0
683 188241 0.0
684 188541 0.0
685 188641 0.0
686 188941 0.0
687 189241 0.0
688 189541 0.0
689 189838 0.0
690 190138 0.0
691 190425 0.0
692 190725 0.0
693 191025 0.0
694 191311 0.0
695 191611 0.0
696 191867 0.0
697 192167 0.0
698 192268 0.0
699 192568 0.0
700 192868 0.0
701 193168 0.0
702 193468 0.0
703 193768 0.0
704 193926 0.0
705 194076 0.0
706 194376 0.0
707 194676 0.0
708 194976 0.0
709 195276 0.0
710 195576 0.0
711 195876 0.0
712 196176 0.0
713 196476 0.0
714 196776 0.0
715 196869 0.0
716 197169 0.0
717 197469 0.0
718 197769 0.0
719 198069 0.0
720 198369 0.0
721 198669 0.0
722 198836 0.0
723 198952 0.0
724 199252 0.0
725 199552 0.0
726 199816 0.0
727 200116 0.0
728 200416 0.0
729 200716 0.0
730 200837 0.0
731 201018 0.0
732 201318 0.0
733 201487 0.0
734 201589 0.0
735 201889 0.0
736 202189 0.0
737 202452 0.0
738 202582 0.0
739 202882 0.0
740 203182 0.0
741 203379 0.0
742 203679 0.0
743 203979 0.0
744 204160 0.0
745 204357 0.0
746 204615 0.0
747 204915 0.0
748 205153 0.0
749 205453 0.0
750 205753 0.0
751 205927 0.0
752 206227 0.0
753 206527 0.0
754 206827 0.0
755 207127 0.0
756 207427 0.0
757 207727 0.0
758 208027 0.0
759 208327 0.0
760 208466 0.0
761 208758 0.0
762 208922 0.0
763 209222 0.0
764 209522 0.0
765 209801 0.0
766 210101 0.0
767 210159 0.0
768 210394 0.0
769 210694 0.0
770 210825 0.0
771 211125 0.0
772 211243 0.0
773 211543 0.0
774 211843 0.0
775 212020 0.0
776 212320 0.0
777 212620 0.0
778 212920 0.0
779 213220 0.0
780 213520 0.0
781 213820 0.0
782 214014 0.0
783 214314 0.0
784 214614 0.0
785 214914 0.0
786 215008 0.0
787 215308 0.0
788 215608 0.0
789 215762 0.0
790 216010 0.0
791 216310 0.0
792 216591 0.0
793 216891 0.0
794 217159 0.0
795 217459 0.0
796 217759 0.0
797 217977 0.0
798 218242 0.0
799 218542 0.0
800 218842 0.0
801 219142 0.0
802 219442 0.0
803 219549 0.0
804 219849 0.0
805 220149 0.0
806 220449 0.0
807 220594 0.0
808 220818 0.0
809 221118 0.0
810 221418 0.0
811 221718 0.0
812 222018 0.0
813 222318 0.0
814 222618 0.0
815 222918 0.0
816 223078 0.0
817 223378 0.0
818 223622 0.0
819 223922 0.0
820 224222 0.0
821 224471 0.0
822 224771 0.0
823 225071 0.0
824 225371 0.0
825 225671 0.0
826 225888 0.0
827 226140 0.0
828 226440 0.0
829 226740 0.0
830 226984 0.0
831 227284 0.0
832 227584 0.0
833 227884 0.0
834 228184 0.0
835 228306 0.0
836 228472 0.0
837 228772 0.0
838 228908 0.0
839 229153 0.0
840 229453 0.0
841 229753 0.0
842 229949 0.0
843 230249 0.0
844 230549 0.0
845 230849 0.0
846 231149 0.0
847 231279 0.0
848 231579 0.0
849 231879 0.0
850 232179 0.0
851 232362 0.0
852 232662 0.0
853 232962 0.0
854 233130 0.0
855 233430 0.0
856 233730 0.0
857 234030 0.0
858 234330 0.0
859 234630 0.0
860 234930 0.0
861 235143 0.0
862 235213 0.0
863 235513 0.0
864 235813 0.0
865 235950 0.0
866 236250 0.0
867 236550 0.0
868 236727 0.0
869 237012 0.0
870 237120 0.0
871 237420 0.0
872 237720 0.0
873 237924 0.0
874 238224 0.0
875 238524 0.0
876 238824 0.0
877 239124 0.0
878 239424 0.0
879 239724 0.0
880 239863 0.0
881 240163 0.0
882 240463 0.0
883 240763 0.0
884 241063 0.0
885 241363 0.0
886 241663 0.0
887 241963 0.0
888 242263 0.0
889 242563 0.0
890 242837 0.0
891 243137 0.0
892 243437 0.0
893 243569 0.0
894 243849 0.0
895 244149 0.0
896 244195 0.0
897 244310 0.0
898 244610 0.0
899 244910 0.0
900 245210 0.0
901 245358 0.0
902 245629 0.0
903 245897 0.0
904 246140 0.0
905 246439 0.0
906 246721 0.0
907 247021 0.0
908 247168 0.0
909 247468 0.0
910 247546 0.0
911 247675 0.0
912 247975 0.0
913 248275 0.0
914 248492 0.0
915 248792 0.0
916 249092 0.0
917 249392 0.0
918 249658 0.0
919 249958 0.0
920 250258 0.0
921 250435 0.0
922 250735 0.0
923 251035 0.0
924 251135 0.0
925 251435 0.0
926 251735 0.0
927 252035 0.0
928 252222 0.0
929 252321 0.0
930 252621 0.0
931 252921 0.0
932 253221 0.0
933 253521 0.0
934 253756 0.0
935 254056 0.0
936 254356 0.0
937 254505 0.0
938 254805 0.0
939 255105 0.0
940 255405 0.0
941 255705 0.0
942 256005 0.0
943 256305 0.0
944 256605 0.0
945 256905 0.0
946 257039 0.0
947 257339 0.0
948 257639 0.0
949 257890 0.0
950 258190 0.0
951 258301 0.0
952 258425 0.0
953 258725 0.0
954 259025 0.0
955 259325 0.0
956 259625 0.0
957 259925 0.0
958 260225 0.0
959 260525 0.0
960 260825 0.0
961 261125 0.0
962 261229 0.0
963 261294 0.0
964 261594 0.0
965 261894 0.0
966 261946 0.0
967 262246 0.0
968 262546 0.0
969 262846 0.0
970 263146 0.0
971 263446 0.0
972 263746 0.0
973 264046 0.0
974 264178 0.0
975 264478 0.0
976 264712 0.0
977 264953 0.0
978 265253 0.0
979 265553 0.0
980 265621 0.0
981 265921 0.0
982 266158 0.0
983 266410 0.0
984 266710 0.0
985 266781 0.0
986 267081 0.0
987 267381 0.0
988 267466 0.0
989 267766 0.0
990 268066 0.0
991 268305 0.0
992 268605 0.0
993 268744 0.0
994 268895 0.0
995 269125 0.0
996 269425 0.0
997 269725 0.0
998 269919 0.0
999 270219 0.0
1000 270519 0.0
1001 270819 0.0
1002 271119 0.0
1003 271419 0.0
1004 271719 0.0
1005 271825 0.0
1006 272066 0.0
1007 272356 0.0
1008 272524 0.0
1009 272823 0.0
1010 273123 0.0
1011 273423 0.0
1012 273548 0.0
1013 273804 0.0
1014 274104 0.0
1015 274234 0.0
1016 274534 0.0
1017 274834 0.0
1018 275134 0.0
1019 275434 0.0
1020 275675 0.0
1021 275975 0.0
1022 276275 0.0
1023 276575 0.0
1024 276698 0.0
1025 276805 0.0
1026 277027 0.0
1027 277327 0.0
1028 277627 0.0
1029 277927 0.0
1030 278227 0.0
1031 278527 0.0
1032 278609 0.0
1033 278909 0.0
1034 279209 0.0
1035 279365 0.0
1036 279665 0.0
1037 279965 0.0
1038 280265 0.0
1039 280411 0.0
1040 280711 0.0
1041 281011 0.0
1042 281311 0.0
1043 281611 0.0
1044 281911 0.0
1045 282211 0.0
1046 282494 0.0
1047 282794 0.0
1048 283094 0.0
1049 283394 0.0
1050 283582 0.0
1051 283803 0.0
1052 284103 0.0
1053 284403 0.0
1054 284703 0.0
1055 285003 0.0
1056 285303 0.0
1057 285391 0.0
1058 285691 0.0
1059 285991 0.0
1060 286291 0.0
1061 286591 0.0
1062 286757 0.0
1063 286868 0.0
1064 287168 0.0
1065 287468 0.0
1066 287768 0.0
1067 288068 0.0
1068 288368 0.0
1069 288668 0.0
1070 288968 0.0
1071 289098 0.0
1072 289375 0.0
1073 289675 0.0
1074 289975 0.0
1075 290275 0.0
1076 290482 0.0
1077 290782 0.0
1078 290869 0.0
1079 291169 0.0
1080 291322 0.0
1081 291622 0.0
1082 291922 0.0
1083 292222 0.0
1084 292522 0.0
1085 292706 0.0
1086 293006 0.0
1087 293244 0.0
1088 293544 0.0
1089 293844 0.0
1090 294144 0.0
1091 294215 0.0
1092 294493 0.0
1093 294616 0.0
1094 294916 0.0
1095 295216 0.0
1096 295307 0.0
1097 295607 0.0
1098 295837 0.0
1099 296137 0.0
1100 296287 0.0
1101 296587 0.0
1102 296887 0.0
1103 297187 0.0
1104 297351 0.0
1105 297651 0.0
1106 297951 0.0
1107 298059 0.0
1108 298359 0.0
1109 298659 0.0
1110 298959 0.0
1111 299259 0.0
1112 299442 0.0
1113 299742 0.0
1114 300042 0.0
1115 300342 0.0
1116 300540 0.0
1117 300582 0.0
1118 300882 0.0
1119 301032 0.0
1120 301154 0.0
1121 301454 0.0
1122 301754 0.0
1123 302054 0.0
1124 302346 0.0
1125 302473 0.0
1126 302530 0.0
1127 302678 0.0
1128 302978 0.0
1129 303145 0.0
1130 303396 0.0
1131 303696 0.0
1132 303996 0.0
1133 304296 0.0
1134 304596 0.0
1135 304896 0.0
1136 305032 0.0
1137 305332 0.0
1138 305478 0.0
1139 305778 0.0
1140 305950 0.0
1141 306027 0.0
1142 306327 0.0
1143 306627 0.0
1144 306927 0.0
1145 307227 0.0
1146 307361 0.0
1147 307540 0.0
1148 307840 0.0
1149 307967 0.0
1150 308267 0.0
1151 308416 0.0
1152 308716 0.0
1153 308856 0.0
1154 309156 0.0
1155 309456 0.0
1156 309756 0.0
1157 310056 0.0
1158 310356 0.0
1159 310656 0.0
1160 310910 0.0
1161 311192 0.0
1162 311492 0.0
1163 311792 0.0
1164 312008 0.0
1165 312308 0.0
1166 312608 0.0
1167 312908 0.0
1168 313208 0.0
1169 313508 0.0
1170 313808 0.0
1171 314048 0.0
1172 314348 0.0
1173 314648 0.0
1174 314948 0.0
1175 315248 0.0
1176 315522 0.0
1177 315645 0.0
1178 315872 0.0
1179 316172 0.0
1180 316472 0.0
1181 316772 0.0
1182 317072 0.0
1183 317372 0.0
1184 317672 0.0
1185 317972 0.0
1186 318272 0.0
1187 318421 0.0
1188 318518 0.0
1189 318818 0.0
1190 318969 0.0
1191 319178 0.0
1192 319478 0.0
1193 319778 0.0
1194 319983 0.0
1195 320283 0.0
1196 320393 0.0
1197 320587 0.0
1198 320690 0.0
1199 320802 0.0
1200 320888 0.0
1201 320942 0.0
1202 321242 0.0
1203 321433 0.0
1204 321733 0.0
1205 322033 0.0
1206 322118 0.0
1207 322418 0.0
1208 322562 0.0
1209 322862 0.0
1210 323162 0.0
1211 323462 0.0
1212 323629 0.0
1213 323780 0.0
1214 324008 0.0
1215 324308 0.0
1216 324608 0.0
1217 324908 0.0
1218 325208 0.0
1219 325508 0.0
1220 325808 0.0
1221 325979 0.0
1222 326210 0.0
1223 326283 0.0
1224 326583 0.0
1225 326769 0.0
1226 327069 0.0
1227 327369 0.0
1228 327669 0.0
1229 327859 0.0
1230 328002 0.0
1231 328302 0.0
1232 328602 0.0
1233 328902 0.0
1234 329202 0.0
1235 329502 0.0
1236 329802 0.0
1237 330102 0.0
1238 330402 0.0
1239 330702 0.0
1240 331002 0.0
1241 331302 0.0
1242 331602 0.0
1243 331902 0.0
1244 332202 0.0
1245 332453 0.0
1246 332753 0.0
1247 332875 0.0
1248 333175 0.0
1249 333265 0.0
1250 333565 0.0
1251 333712 0.0
1252 333830 0.0
1253 333956 0.0
1254 334256 0.0
1255 334556 0.0
1256 334856 0.0
1257 334912 0.0
1258 335212 0.0
1259 335512 0.0
1260 335812 0.0
1261 336112 0.0
1262 336352 0.0
1263 336652 0.0
1264 336952 0.0
1265 337252 0.0
1266 337552 0.0
1267 337660 0.0
1268 337960 0.0
1269 338035 0.0
1270 338335 0.0
1271 338618 0.0
1272 338918 0.0
1273 339218 0.0
1274 339518 0.0
1275 339818 0.0
1276 340091 0.0
1277 340184 0.0
1278 340256 0.0
1279 340556 0.0
1280 340856 0.0
1281 341156 0.0
1282 341456 0.0
1283 341756 0.0
1284 342056 0.0
1285 342356 0.0
1286 342558 0.0
1287 342636 0.0
1288 342747 0.0
1289 343047 0.0
1290 343347 0.0
1291 343647 0.0
1292 343947 0.0
1293 344045 0.0
1294 344128 0.0
1295 344269 0.0
1296 344517 0.0
1297 344817 0.0
1298 345117 0.0
1299 345417 0.0
1300 345563 0.0
1301 345833 0.0
1302 346133 0.0
1303 346433 0.0
1304 346733 0.0
1305 347033 0.0
1306 347319 0.0
1307 347593 0.0
1308 347893 0.0
1309 348038 0.0
1310 348200 0.0
1311 348500 0.0
1312 348669 0.0
1313 348818 0.0
1314 348943 0.0
1315 349074 0.0
1316 349374 0.0
1317 349674 0.0
1318 349894 0.0
1319 350194 0.0
1320 350494 0.0
1321 350794 0.0
1322 350879 0.0
1323 351179 0.0
1324 351461 0.0
1325 351761 0.0
1326 352061 0.0
1327 352361 0.0
1328 352661 0.0
1329 352961 0.0
1330 352997 0.0
1331 353142 0.0
1332 353267 0.0
1333 353384 0.0
1334 353684 0.0
1335 353984 0.0
1336 354284 0.0
1337 354584 0.0
1338 354884 0.0
1339 355056 0.0
1340 355212 0.0
1341 355512 0.0
1342 355604 0.0
1343 355769 0.0
1344 355891 0.0
1345 356191 0.0
1346 356491 0.0
1347 356791 0.0
1348 356965 0.0
1349 357265 0.0
1350 357479 0.0
1351 357779 0.0
1352 358079 0.0
1353 358379 0.0
1354 358574 0.0
1355 358802 0.0
1356 358950 0.0
1357 359210 0.0
1358 359315 0.0
1359 359615 0.0
1360 359915 0.0
1361 360040 0.0
1362 360340 0.0
1363 360640 0.0
1364 360940 0.0
1365 361040 0.0
1366 361340 0.0
1367 361418 0.0
1368 361718 0.0
1369 362018 0.0
1370 362318 0.0
1371 362486 0.0
1372 362786 0.0
1373 363086 0.0
1374 363185 0.0
1375 363485 0.0
1376 363785 0.0
1377 364060 0.0
1378 364360 0.0
1379 364660 0.0
1380 364771 0.0
1381 365045 0.0
1382 365344 0.0
1383 365644 0.0
1384 365811 0.0
1385 366111 0.0
1386 366411 0.0
1387 366480 0.0
1388 366780 0.0
1389 366984 0.0
1390 367284 0.0
1391 367403 0.0
1392 367703 0.0
1393 368003 0.0
1394 368303 0.0
1395 368603 0.0
1396 368664 0.0
1397 368964 0.0
1398 369011 0.0
1399 369311 0.0
1400 369611 0.0
1401 369911 0.0
1402 370211 0.0
1403 370511 0.0
1404 370811 0.0
1405 371054 0.0
1406 371168 0.0
1407 371241 0.0
1408 371423 0.0
1409 371723 0.0
1410 372023 0.0
1411 372323 0.0
1412 372623 0.0
1413 372923 0.0
1414 373106 0.0
1415 373406 0.0
1416 373706 0.0
1417 373745 0.0
1418 374029 0.0
1419 374329 0.0
1420 374629 0.0
1421 374843 0.0
