1 300 0.0
2 600 0.0
3 900 0.0
4 1200 0.0
5 1500 0.0
6 1800 0.0
7 2100 0.0
8 2400 0.0
9 2700 0.0
10 3000 0.0
11 3300 0.0
12 3600 0.0
13 3900 0.0
14 4200 0.0
15 4500 0.0
16 4800 0.0
17 5100 0.0
18 5400 0.0
19 5700 0.0
20 6000 0.0
21 6300 0.0
22 6600 0.0
23 6900 0.0
24 7200 0.0
25 7500 0.0
26 7800 0.0
27 8100 0.0
28 8400 0.0
29 8700 0.0
30 9000 0.0
31 9300 0.0
32 9600 0.0
33 9900 0.0
34 10200 0.0
35 10500 0.0
36 10800 0.0
37 11100 0.0
38 11400 0.0
39 11700 0.0
40 12000 0.0
41 12300 0.0
42 12600 0.0
43 12900 0.0
44 13200 0.0
45 13500 0.0
46 13800 0.0
47 14100 0.0
48 14400 0.0
49 14700 0.0
50 15000 0.0
51 15300 0.0
52 15600 0.0
53 15900 0.0
54 16200 0.0
55 16500 0.0
56 16800 0.0
57 17100 0.0
58 17400 0.0
59 17653 0.0
60 17953 0.0
61 18253 0.0
62 18553 0.0
63 18853 0.0
64 19153 0.0
65 19453 0.0
66 19632 0.0
67 19932 0.0
68 20232 0.0
69 20461 0.0
70 20761 0.0
71 21061 0.0
72 21361 0.0
73 21661 0.0
74 21921 0.0
75 22221 0.0
76 22521 0.0
77 22821 0.0
78 23121 0.0
79 23421 0.0
80 23721 0.0
81 24021 0.0
82 24321 0.0
83 24621 0.0
84 24921 0.0
85 25221 0.0
86 25521 0.0
87 25821 0.0
88 26121 0.0
89 26421 0.0
90 26721 0.0
91 27021 0.0
92 27321 0.0
93 27621 0.0
94 27921 0.0
95 28221 0.0
96 28521 0.0
97 28821 0.0
98 29121 0.0
99 29421 0.0
100 29721 0.0
101 30021 0.0
102 30321 0.0
103 30621 0.0
104 30921 0.0
105 31221 0.0
106 31521 0.0
107 31821 0.0
108 32121 0.0
109 32421 0.0
110 32721 0.0
111 33021 0.0
112 33321 0.0
113 33621 0.0
114 33921 0.0
115 34221 0.0
116 34521 0.0
117 34633 0.0
118 34933 0.0
119 35233 0.0
120 35533 0.0
121 35833 0.0
122 36133 0.0
123 36433 0.0
124 36733 0.0
125 37033 0.0
126 37333 0.0
127 37633 0.0
128 37933 0.0
129 38233 0.0
130 38533 0.0
131 38833 0.0
132 39133 0.0
133 39433 0.0
134 39733 0.0
135 40033 0.0
136 40333 0.0
137 40633 0.0
138 40933 0.0
139 41233 0.0
140 41533 0.0
141 41833 0.0
142 42133 0.0
143 42433 0.0
144 42733 0.0
145 43033 0.0
146 43333 0.0
147 43633 0.0
148 43933 0.0
149 44233 0.0
150 44533 0.0
151 44833 0.0
152 45133 0.0
153 45408 0.0
154 45708 0.0
155 46008 0.0
156 46308 0.0
157 46608 0.0
158 46908 0.0
159 47208 0.0
160 47362 0.0
161 47662 0.0
162 47962 0.0
163 48262 0.0
164 48562 0.0
165 48862 0.0
166 49162 0.0
167 49462 0.0
168 49762 0.0
169 50062 0.0
170 50362 0.0
171 50662 0.0
172 50962 0.0
173 51262 0.0
174 51562 0.0
175 51862 0.0
176 52162 0.0
177 52462 0.0
178 52762 0.0
179 53062 0.0
180 53362 0.0
181 53662 0.0
182 53962 0.0
183 54262 0.0
184 54518 0.0
185 54818 0.0
186 55118 0.0
187 55418 0.0
188 55718 0.0
189 56018 0.0
190 56318 0.0
191 56419 0.0
192 56719 0.0
193 57019 0.0
194 57319 0.0
195 57619 0.0
196 57919 0.0
197 58219 0.0
198 58519 0.0
199 58819 0.0
200 59119 0.0
201 59397 0.0
202 59697 0.0
203 59875 0.0
204 60175 0.0
205 60475 0.0
206 60775 0.0
207 61075 0.0
208 61265 0.0
209 61565 0.0
210 61865 0.0
211 62165 0.0
212 62465 0.0
213 62765 0.0
214 63065 0.0
215 63365 0.0
216 63665 0.0
217 63965 0.0
218 64180 0.0
219 64480 0.0
220 64780 0.0
221 65080 0.0
222 65380 0.0
223 65680 0.0
224 65980 0.0
225 66280 0.0
226 66542 0.0
227 66842 0.0
228 67142 0.0
229 67293 0.0
230 67593 0.0
231 67893 0.0
232 68193 0.0
233 68493 0.0
234 68793 0.0
235 69002 0.0
236 69302 0.0
237 69602 0.0
238 69902 0.0
239 70202 0.0
240 70502 0.0
241 70706 0.0
242 71006 0.0
243 71306 0.0
244 71606 0.0
245 71906 0.0
246 72206 0.0
247 72333 0.0
248 72633 0.0
249 72933 0.0
250 73233 0.0
251 73533 0.0
252 73833 0.0
253 74133 0.0
254 74433 0.0
255 74733 0.0
256 75033 0.0
257 75286 0.0
258 75586 0.0
259 75886 0.0
260 76186 0.0
261 76486 0.0
262 76786 0.0
263 77086 0.0
264 77386 0.0
265 77686 0.0
266 77986 0.0
267 78286 0.0
268 78586 0.0
269 78886 0.0
270 79186 0.0
271 79486 0.0
272 79786 0.0
273 80086 0.0
274 80386 0.0
275 80507 0.0
276 80807 0.0
277 81107 0.0
278 81407 0.0
279 81707 0.0
280 82007 0.0
281 82307 0.0
282 82607 0.0
283 82907 0.0
284 83207 0.0
285 83507 0.0
286 83807 0.0
287 84107 0.0
288 84407 0.0
289 84707 0.0
290 85007 0.0
291 85307 0.0
292 85607 0.0
293 85907 0.0
294 86207 0.0
295 86407 0.0
296 86707 0.0
297 87007 0.0
298 87156 0.0
299 87456 0.0
300 87642 0.0
301 87786 0.0
302 88012 0.0
303 88235 0.0
304 88352 0.0
305 88652 0.0
306 88952 0.0
307 89252 0.0
308 89458 0.0
309 89758 0.0
310 90058 0.0
311 90358 0.0
312 90658 0.0
313 90855 0.0
314 91155 0.0
315 91455 0.0
316 91755 0.0
317 92055 0.0
318 92355 0.0
319 92655 0.0
320 92955 0.0
321 93255 0.0
322 93361 0.0
323 93661 0.0
324 93813 0.0
325 94113 0.0
326 94413 0.0
327 94546 0.0
328 94846 0.0
329 95146 0.0
330 95446 0.0
331 95695 0.0
332 95978 0.0
333 96125 0.0
334 96425 0.0
335 96725 0.0
336 97025 0.0
337 97325 0.0
338 97625 0.0
339 97925 0.0
340 98225 0.0
341 98525 0.0
342 98689 0.0
343 98836 0.0
344 99136 0.0
345 99436 0.0
346 99736 0.0
347 100036 0.0
348 100189 0.0
349 100489 0.0
350 100789 0.0
351 101089 0.0
352 101389 0.0
353 101689 0.0
354 101924 0.0
355 102224 0.0
356 102433 0.0
357 102733 0.0
358 103033 0.0
359 103333 0.0
360 103633 0.0
361 103933 0.0
362 104233 0.0
363 104533 0.0
364 104833 0.0
365 105116 0.0
366 105416 0.0
367 105637 0.0
368 105937 0.0
369 106139 0.0
370 106439 0.0
371 106739 0.0
372 107039 0.0
373 107339 0.0
374 107639 0.0
375 107939 0.0
376 108239 0.0
377 108539 0.0
378 108839 0.0
379 109139 0.0
380 109439 0.0
381 109739 0.0
382 110022 0.0
383 110322 0.0
384 110622 0.0
385 110820 0.0
386 111120 0.0
387 111420 0.0
388 111720 0.0
389 111913 0.0
390 112213 0.0
391 112513 0.0
392 112678 0.0
393 112978 0.0
394 113278 0.0
395 113578 0.0
396 113878 0.0
397 114166 0.0
398 114466 0.0
399 114766 0.0
400 115066 0.0
401 115161 0.0
402 115461 0.0
403 115711 0.0
404 115800 0.0
405 116100 0.0
406 116400 0.0
407 116700 0.0
408 117000 0.0
409 117102 0.0
410 117402 0.0
411 117453 0.0
412 117665 0.0
413 117965 0.0
414 118265 0.0
415 118565 0.0
416 118865 0.0
417 119165 0.0
418 119465 0.0
419 119574 0.0
420 119874 0.0
421 120174 0.0
422 120474 0.0
423 120774 0.0
424 120970 0.0
425 121270 0.0
426 121570 0.0
427 121808 0.0
428 122108 0.0
429 122333 0.0
430 122633 0.0
431 122933 0.0
432 123233 0.0
433 123533 0.0
434 123833 0.0
435 124015 0.0
436 124136 0.0
437 124436 0.0
438 124736 0.0
439 125036 0.0
440 125336 0.0
441 125636 0.0
442 125936 0.0
443 126236 0.0
444 126536 0.0
445 126836 0.0
446 127136 0.0
447 127436 0.0
448 127598 0.0
449 127746 0.0
450 128046 0.0
451 128346 0.0
452 128479 0.0
453 128583 0.0
454 128883 0.0
455 129183 0.0
456 129328 0.0
457 129503 0.0
458 129577 0.0
459 129666 0.0
460 129966 0.0
461 130157 0.0
462 130457 0.0
463 130676 0.0
464 130976 0.0
465 131276 0.0
466 131576 0.0
467 131876 0.0
468 132176 0.0
469 132434 0.0
470 132734 0.0
471 133010 0.0
472 133310 0.0
473 133610 0.0
474 133814 0.0
475 134114 0.0
476 134414 0.0
477 134714 0.0
478 135014 0.0
479 135314 0.0
480 135614 0.0
481 135845 0.0
482 136145 0.0
483 136445 0.0
484 136745 0.0
485 137045 0.0
486 137297 0.0
487 137500 0.0
488 137665 0.0
489 137965 0.0
490 138246 0.0
491 138546 0.0
492 138846 0.0
493 139146 0.0
494 139345 0.0
495 139577 0.0
496 139713 0.0
497 140013 0.0
498 140272 0.0
499 140572 0.0
500 140872 0.0
501 141172 0.0
502 141292 0.0
503 141402 0.0
504 141702 0.0
505 142002 0.0
506 142302 0.0
507 142602 0.0
508 142902 0.0
509 143202 0.0
510 143502 0.0
511 143802 0.0
512 144102 0.0
513 144337 0.0
514 144637 0.0
515 144937 0.0
516 145072 0.0
517 145372 0.0
518 145423 0.0
519 145723 0.0
520 146023 0.0
521 146323 0.0
522 146547 0.0
523 146847 0.0
524 147147 0.0
525 147447 0.0
526 147596 0.0
527 147896 0.0
528 148196 0.0
529 148460 0.0
530 148699 0.0
531 148937 0.0
532 149237 0.0
533 149537 0.0
534 149837 0.0
535 150137 0.0
536 150373 0.0
537 150673 0.0
538 150973 0.0
539 151273 0.0
540 151573 0.0
541 151782 0.0
542 151887 0.0
543 152182 0.0
544 152482 0.0
545 152782 0.0
546 153082 0.0
547 153207 0.0
548 153507 0.0
549 153750 0.0
550 153882 0.0
551 154182 0.0
552 154482 0.0
553 154782 0.0
554 155082 0.0
555 155382 0.0
556 155428 0.0
557 155728 0.0
558 156028 0.0
559 156281 0.0
560 156581 0.0
561 156881 0.0
562 157143 0.0
563 157443 0.0
564 157743 0.0
565 158043 0.0
566 158196 0.0
567 158467 0.0
568 158767 0.0
569 158865 0.0
570 159131 0.0
571 159431 0.0
572 159731 0.0
573 160031 0.0
574 160331 0.0
575 160458 0.0
576 160758 0.0
577 161058 0.0
578 161358 0.0
579 161658 0.0
580 161821 0.0
581 161982 0.0
582 162282 0.0
583 162582 0.0
584 162882 0.0
585 163182 0.0
586 163482 0.0
587 163782 0.0
588 164082 0.0
589 164348 0.0
590 164567 0.0
591 164867 0.0
592 165167 0.0
593 165467 0.0
594 165767 0.0
595 166067 0.0
596 166367 0.0
597 166667 0.0
598 166967 0.0
599 167188 0.0
600 167488 0.0
601 167739 0.0
602 168039 0.0
603 168253 0.0
604 168421 0.0
605 168721 0.0
606 169021 0.0
607 169226 0.0
608 169526 0.0
609 169589 0.0
610 169655 0.0
611 169824 0.0
612 169914 0.0
613 170214 0.0
614 170363 0.0
615 170663 0.0
616 170963 0.0
617 171263 0.0
618 171563 0.0
619 171863 0.0
620 172163 0.0
621 172451 0.0
622 172751 0.0
623 173051 0.0
624 173351 0.0
625 173651 0.0
626 173752 0.0
627 174043 0.0
628 174193 0.0
629 174493 0.0
630 174793 0.0
631 174957 0.0
632 175257 0.0
633 175557 0.0
634 175824 0.0
635 176094 0.0
636 176284 0.0
637 176579 0.0
638 176879 0.0
639 177055 0.0
640 177355 0.0
641 177655 0.0
642 177955 0.0
643 178221 0.0
644 178403 0.0
645 178703 0.0
646 178956 0.0
647 179256 0.0
648 179556 0.0
649 179856 0.0
650 180150 0.0
651 180364 0.0
652 180664 0.0
653 180964 0.0
654 181264 0.0
655 181423 0.0
656 181723 0.0
657 182023 0.0
658 182323 0.0
659 182409 0.0
660 182709 0.0
661 183009 0.0
662 183309 0.0
663 183609 0.0
664 183909 0.0
665 184209 0.0
666 184509 0.0
667 184791 0.0
668 185091 0.0
669 185388 0.0
670 185688 0.0
671 185814 0.0
672 186114 0.0
673 186414 0.0
674 186537 0.0
675 186837 0.0
676 186945 0.0
677 187229 0.0
678 187354 0.0
679 187535 0.0
680 187835 0.0
681 188135 0.0
682 188435 0.0
683 188671 0.0
684 188730 0.0
685 189030 0.0
686 189330 0.0
687 189630 0.0
688 189885 0.0
689 190185 0.0
690 190233 0.0
691 190533 0.0
692 190700 0.0
693 191000 0.0
694 191300 0.0
695 191424 0.0
696 191724 0.0
697 192024 0.0
698 192321 0.0
699 192621 0.0
700 192921 0.0
701 193221 0.0
702 193521 0.0
703 193821 0.0
704 194002 0.0
705 194057 0.0
706 194181 0.0
707 194481 0.0
708 194781 0.0
709 195081 0.0
710 195267 0.0
711 195567 0.0
712 195867 0.0
713 196167 0.0
714 196467 0.0
715 196767 0.0
716 196993 0.0
717 197293 0.0
718 197593 0.0
719 197880 0.0
720 198162 0.0
721 198462 0.0
722 198762 0.0
723 199062 0.0
724 199362 0.0
725 199591 0.0
726 199891 0.0
727 200191 0.0
728 200491 0.0
729 200791 0.0
730 201091 0.0
731 201391 0.0
732 201504 0.0
733 201804 0.0
734 201999 0.0
735 202188 0.0
736 202351 0.0
737 202613 0.0
738 202913 0.0
739 203192 0.0
740 203445 0.0
741 203692 0.0
742 203819 0.0
743 204119 0.0
744 204236 0.0
745 204410 0.0
746 204710 0.0
747 205010 0.0
748 205184 0.0
749 205484 0.0
750 205724 0.0
751 205985 0.0
752 206285 0.0
753 206561 0.0
754 206861 0.0
755 206999 0.0
756 207299 0.0
757 207599 0.0
758 207899 0.0
759 208199 0.0
760 208428 0.0
761 208500 0.0
762 208800 0.0
763 209100 0.0
764 209233 0.0
765 209533 0.0
766 209833 0.0
767 210050 0.0
768 210350 0.0
769 210650 0.0
770 210903 0.0
771 211203 0.0
772 211486 0.0
773 211786 0.0
774 212086 0.0
775 212189 0.0
776 212489 0.0
777 212789 0.0
778 212860 0.0
779 213128 0.0
780 213428 0.0
781 213587 0.0
782 213821 0.0
783 213887 0.0
784 214187 0.0
785 214487 0.0
786 214787 0.0
787 215077 0.0
788 215326 0.0
789 215564 0.0
790 215729 0.0
791 216027 0.0
792 216327 0.0
793 216627 0.0
794 216798 0.0
795 217098 0.0
796 217202 0.0
797 217502 0.0
798 217802 0.0
799 218063 0.0
800 218363 0.0
801 218663 0.0
802 218738 0.0
803 219038 0.0
804 219188 0.0
805 219488 0.0
806 219788 0.0
807 220088 0.0
808 220307 0.0
809 220607 0.0
810 220907 0.0
811 221207 0.0
812 221507 0.0
813 221807 0.0
814 222093 0.0
815 222393 0.0
816 222693 0.0
817 222993 0.0
818 223293 0.0
819 223593 0.0
820 223821 0.0
821 224101 0.0
822 224401 0.0
823 224585 0.0
824 224868 0.0
825 225085 0.0
826 225385 0.0
827 225685 0.0
828 225985 0.0
829 226285 0.0
830 226585 0.0
831 226885 0.0
832 227185 0.0
833 227485 0.0
834 227785 0.0
835 228085 0.0
836 228385 0.0
837 228685 0.0
838 228985 0.0
839 229099 0.0
840 229399 0.0
841 229617 0.0
842 229917 0.0
843 230026 0.0
844 230326 0.0
845 230626 0.0
846 230758 0.0
847 231058 0.0
848 231358 0.0
849 231631 0.0
850 231931 0.0
851 232231 0.0
852 232435 0.0
853 232735 0.0
854 233035 0.0
855 233129 0.0
856 233429 0.0
857 233729 0.0
858 234029 0.0
859 234329 0.0
860 234629 0.0
861 234929 0.0
862 235229 0.0
863 235529 0.0
864 235780 0.0
865 236080 0.0
866 236173 0.0
867 236473 0.0
868 236773 0.0
869 237073 0.0
870 237124 0.0
871 237405 0.0
872 237702 0.0
873 238002 0.0
874 238107 0.0
875 238407 0.0
876 238707 0.0
877 239007 0.0
878 239307 0.0
879 239607 0.0
880 239907 0.0
881 240207 0.0
882 240507 0.0
883 240807 0.0
884 241107 0.0
885 241301 0.0
886 241556 0.0
887 241745 0.0
888 242001 0.0
889 242090 0.0
890 242199 0.0
891 242311 0.0
892 242553 0.0
893 242679 0.0
894 242893 0.0
895 243193 0.0
896 243357 0.0
897 243657 0.0
898 243957 0.0
899 244257 0.0
900 244557 0.0
901 244771 0.0
902 244919 0.0
903 245219 0.0
904 245294 0.0
905 245473 0.0
906 245773 0.0
907 245980 0.0
908 246166 0.0
909 246330 0.0
910 246606 0.0
911 246685 0.0
912 246985 0.0
913 247088 0.0
914 247264 0.0
915 247564 0.0
916 247735 0.0
917 248035 0.0
918 248335 0.0
919 248572 0.0
920 248872 0.0
921 249172 0.0
922 249472 0.0
923 249772 0.0
924 250072 0.0
925 250372 0.0
926 250509 0.0
927 250684 0.0
928 250984 0.0
929 251284 0.0
930 251418 0.0
931 251718 0.0
932 252018 0.0
933 252282 0.0
934 252582 0.0
935 252882 0.0
936 253182 0.0
937 253482 0.0
938 253782 0.0
939 254082 0.0
940 254382 0.0
941 254682 0.0
942 254864 0.0
943 255164 0.0
944 255409 0.0
945 255709 0.0
946 256009 0.0
947 256309 0.0
948 256609 0.0
949 256819 0.0
950 257119 0.0
951 257224 0.0
952 257524 0.0
953 257571 0.0
954 257871 0.0
955 257976 0.0
956 258276 0.0
957 258576 0.0
958 258722 0.0
959 258949 0.0
960 259249 0.0
961 259348 0.0
962 259648 0.0
963 259765 0.0
964 260065 0.0
965 260365 0.0
966 260665 0.0
967 260965 0.0
968 261172 0.0
969 261472 0.0
970 261772 0.0
971 262072 0.0
972 262372 0.0
973 262535 0.0
974 262802 0.0
975 263102 0.0
976 263402 0.0
977 263702 0.0
978 264002 0.0
979 264302 0.0
980 264602 0.0
981 264878 0.0
982 265178 0.0
983 265478 0.0
984 265778 0.0
985 266078 0.0
986 266168 0.0
987 266291 0.0
988 266591 0.0
989 266891 0.0
990 267191 0.0
991 267336 0.0
992 267636 0.0
993 267765 0.0
994 268065 0.0
995 268324 0.0
996 268624 0.0
997 268737 0.0
998 269037 0.0
999 269322 0.0
1000 269427 0.0
1001 269727 0.0
1002 270018 0.0
1003 270318 0.0
1004 270447 0.0
1005 270603 0.0
1006 270903 0.0
1007 271106 0.0
1008 271282 0.0
1009 271582 0.0
1010 271882 0.0
1011 272182 0.0
1012 272482 0.0
1013 272782 0.0
1014 273030 0.0
1015 273251 0.0
1016 273551 0.0
1017 273851 0.0
1018 273930 0.0
1019 274182 0.0
1020 274482 0.0
1021 274782 0.0
1022 275082 0.0
1023 275382 0.0
1024 275682 0.0
1025 275982 0.0
1026 276282 0.0
1027 276504 0.0
1028 276804 0.0
1029 277104 0.0
1030 277228 0.0
1031 277528 0.0
1032 277828 0.0
1033 278128 0.0
1034 278307 0.0
1035 278607 0.0
1036 278907 0.0
1037 279055 0.0
1038 279195 0.0
1039 279495 0.0
1040 279795 0.0
1041 279921 0.0
1042 280022 0.0
1043 280322 0.0
1044 280618 0.0
1045 280716 0.0
1046 280910 0.0
1047 281210 0.0
1048 281446 0.0
1049 281746 0.0
1050 282046 0.0
1051 282108 0.0
1052 282408 0.0
1053 282672 0.0
1054 282972 0.0
1055 283237 0.0
1056 283537 0.0
1057 283837 0.0
1058 284137 0.0
1059 284299 0.0
1060 284599 0.0
1061 284733 0.0
1062 285033 0.0
1063 285333 0.0
1064 285633 0.0
1065 285933 0.0
1066 286233 0.0
1067 286425 0.0
1068 286725 0.0
1069 287025 0.0
1070 287325 0.0
1071 287425 0.0
1072 287552 0.0
1073 287852 0.0
1074 288152 0.0
1075 288179 0.0
1076 288479 0.0
1077 288779 0.0
1078 289079 0.0
1079 289379 0.0
1080 289679 0.0
1081 289908 0.0
1082 290081 0.0
1083 290211 0.0
1084 290511 0.0
1085 290636 0.0
1086 290936 0.0
1087 291114 0.0
1088 291414 0.0
1089 291714 0.0
1090 292014 0.0
1091 292069 0.0
1092 292369 0.0
1093 292669 0.0
1094 292824 0.0
1095 293124 0.0
1096 293424 0.0
1097 293724 0.0
1098 294024 0.0
1099 294324 0.0
1100 294624 0.0
1101 294924 0.0
1102 295224 0.0
1103 295524 0.0
1104 295824 0.0
1105 296124 0.0
1106 296424 0.0
1107 296565 0.0
1108 296865 0.0
1109 297165 0.0
1110 297465 0.0
1111 297765 0.0
1112 297857 0.0
1113 298047 0.0
1114 298347 0.0
1115 298647 0.0
1116 298926 0.0
1117 299226 0.0
1118 299526 0.0
1119 299826 0.0
1120 300126 0.0
1121 300338 0.0
1122 300509 0.0
1123 300809 0.0
1124 301109 0.0
1125 301409 0.0
1126 301709 0.0
1127 301958 0.0
1128 302258 0.0
1129 302370 0.0
1130 302670 0.0
1131 302970 0.0
1132 303270 0.0
1133 303570 0.0
1134 303870 0.0
1135 304027 0.0
1136 304327 0.0
1137 304570 0.0
1138 304767 0.0
1139 305067 0.0
1140 305367 0.0
1141 305667 0.0
1142 305967 0.0
1143 306267 0.0
1144 306567 0.0
1145 306867 0.0
1146 307167 0.0
1147 307377 0.0
1148 307481 0.0
1149 307673 0.0
1150 307878 0.0
1151 308178 0.0
1152 308478 0.0
1153 308778 0.0
1154 308892 0.0
1155 309192 0.0
1156 309264 0.0
1157 309564 0.0
1158 309761 0.0
1159 310049 0.0
1160 310218 0.0
1161 310518 0.0
1162 310818 0.0
1163 311032 0.0
1164 311332 0.0
1165 311632 0.0
1166 311932 0.0
1167 312232 0.0
1168 312532 0.0
1169 312832 0.0
1170 313091 0.0
1171 313391 0.0
1172 313691 0.0
1173 313991 0.0
1174 314291 0.0
1175 314591 0.0
1176 314891 0.0
1177 315191 0.0
1178 315491 0.0
1179 315669 0.0
1180 315969 0.0
1181 316254 0.0
1182 316554 0.0
1183 316854 0.0
1184 317154 0.0
1185 317265 0.0
1186 317365 0.0
1187 317665 0.0
1188 317965 0.0
1189 318265 0.0
1190 318565 0.0
1191 318865 0.0
1192 319073 0.0
1193 319373 0.0
1194 319529 0.0
1195 319829 0.0
1196 320129 0.0
1197 320429 0.0
1198 320670 0.0
1199 320785 0.0
1200 321085 0.0
1201 321325 0.0
1202 321625 0.0
1203 321865 0.0
1204 322007 0.0
1205 322307 0.0
1206 322603 0.0
1207 322903 0.0
1208 323066 0.0
1209 323366 0.0
1210 323666 0.0
1211 323966 0.0
1212 324266 0.0
1213 324516 0.0
1214 324666 0.0
1215 324966 0.0
1216 325224 0.0
1217 325524 0.0
1218 325824 0.0
1219 326124 0.0
1220 326335 0.0
1221 326635 0.0
1222 326935 0.0
1223 327235 0.0
1224 327535 0.0
1225 327767 0.0
1226 328067 0.0
1227 328367 0.0
1228 328667 0.0
1229 328967 0.0
1230 329053 0.0
1231 329353 0.0
1232 329653 0.0
1233 329953 0.0
1234 330222 0.0
1235 330361 0.0
1236 330661 0.0
1237 330961 0.0
1238 331203 0.0
1239 331503 0.0
1240 331803 0.0
1241 332103 0.0
1242 332403 0.0
1243 332475 0.0
1244 332775 0.0
1245 333075 0.0
1246 333296 0.0
1247 333596 0.0
1248 333764 0.0
1249 333998 0.0
1250 334298 0.0
1251 334598 0.0
1252 334898 0.0
1253 334982 0.0
1254 335282 0.0
1255 335582 0.0
1256 335648 0.0
1257 335948 0.0
1258 336248 0.0
1259 336548 0.0
1260 336831 0.0
1261 337131 0.0
1262 337213 0.0
1263 337513 0.0
1264 337813 0.0
1265 338113 0.0
1266 338296 0.0
1267 338596 0.0
1268 338896 0.0
1269 339008 0.0
1270 339308 0.0
1271 339608 0.0
1272 339710 0.0
1273 339967 0.0
1274 340267 0.0
1275 340567 0.0
1276 340867 0.0
1277 341115 0.0
1278 341415 0.0
1279 341715 0.0
1280 341911 0.0
1281 341981 0.0
1282 342281 0.0
1283 342515 0.0
1284 342815 0.0
1285 343115 0.0
1286 343232 0.0
1287 343448 0.0
1288 343748 0.0
1289 344048 0.0
1290 344348 0.0
1291 344648 0.0
1292 344948 0.0
1293 345248 0.0
1294 345548 0.0
1295 345848 0.0
1296 346148 0.0
1297 346448 0.0
1298 346636 0.0
1299 346732 0.0
1300 347032 0.0
1301 347320 0.0
1302 347620 0.0
1303 347764 0.0
1304 348064 0.0
1305 348364 0.0
1306 348664 0.0
1307 348914 0.0
1308 349214 0.0
1309 349514 0.0
1310 349749 0.0
1311 350049 0.0
1312 350330 0.0
1313 350630 0.0
1314 350833 0.0
1315 351030 0.0
1316 351330 0.0
1317 351630 0.0
1318 351930 0.0
1319 351982 0.0
1320 352282 0.0
1321 352582 0.0
1322 352882 0.0
1323 353182 0.0
1324 353482 0.0
1325 353782 0.0
1326 354082 0.0
1327 354382 0.0
1328 354500 0.0
1329 354800 0.0
1330 354885 0.0
1331 355185 0.0
1332 355485 0.0
1333 355785 0.0
1334 355910 0.0
1335 356210 0.0
1336 356510 0.0
1337 356810 0.0
1338 357069 0.0
1339 357369 0.0
1340 357669 0.0
1341 357969 0.0
1342 358125 0.0
1343 358366 0.0
1344 358666 0.0
1345 358860 0.0
1346 359160 0.0
1347 359232 0.0
1348 359475 0.0
1349 359775 0.0
1350 360075 0.0
1351 360340 0.0
1352 360640 0.0
1353 360940 0.0
1354 361229 0.0
1355 361529 0.0
1356 361732 0.0
1357 362015 0.0
1358 362236 0.0
1359 362536 0.0
1360 362836 0.0
1361 363136 0.0
1362 363436 0.0
1363 363562 0.0
1364 363862 0.0
1365 364162 0.0
1366 364462 0.0
1367 364610 0.0
1368 364718 0.0
1369 365018 0.0
1370 365318 0.0
1371 365618 0.0
1372 365862 0.0
1373 366162 0.0
1374 366234 0.0
1375 366534 0.0
1376 366834 0.0
1377 367050 0.0
1378 367350 0.0
1379 367650 0.0
1380 367950 0.0
1381 368250 0.0
1382 368473 0.0
1383 368595 0.0
1384 368895 0.0
1385 369141 0.0
1386 369441 0.0
1387 369599 0.0
1388 369856 0.0
1389 370074 0.0
1390 370138 0.0
1391 370341 0.0
1392 370571 0.0
1393 370637 0.0
1394 370722 0.0
1395 370768 0.0
1396 371068 0.0
1397 371194 0.0
1398 371256 0.0
1399 371519 0.0
1400 371780 0.0
1401 372080 0.0
1402 372380 0.0
1403 372680 0.0
1404 372980 0.0
1405 373221 0.0
1406 373521 0.0
1407 373821 0.0
1408 374121 0.0
