1 300 0.0 0.0
2 600 0.0 0.0
3 900 0.0 0.0
4 1200 0.0 0.0
5 1500 1.0 0.01
6 1800 0.0 0.01
7 2100 0.0 0.01
8 2400 0.0 0.01
9 2700 0.0 0.01
10 3000 1.0 0.02
11 3300 0.0 0.02
12 3600 1.0 0.03
13 3900 0.0 0.03
14 4200 0.0 0.03
15 4500 0.0 0.03
16 4800 0.0 0.03
17 5100 0.0 0.03
18 5400 1.0 0.04
19 5700 0.0 0.04
20 6000 0.0 0.04
21 6300 0.0 0.04
22 6600 1.0 0.05
23 6900 0.0 0.05
24 7200 0.0 0.05
25 7500 1.0 0.06
26 7800 1.0 0.07
27 8100 0.0 0.07
28 8400 1.0 0.08
29 8700 0.0 0.08
30 9000 0.0 0.08
31 9300 1.0 0.09
32 9600 1.0 0.1
33 9900 1.0 0.11
34 10200 1.0 0.12
35 10500 1.0 0.13
36 10800 1.0 0.14
37 11100 1.0 0.15
38 11400 1.0 0.16
39 11700 1.0 0.17
40 12000 1.0 0.18
41 12300 1.0 0.19
42 12600 1.0 0.2
43 12900 1.0 0.21
44 13200 1.0 0.22
45 13500 1.0 0.23
46 13800 1.0 0.24
47 14100 1.0 0.25
48 14400 1.0 0.26
49 14700 1.0 0.27
50 15000 1.0 0.28
51 15300 1.0 0.29
52 15600 1.0 0.3
53 15900 1.0 0.31
54 16200 1.0 0.32
55 16500 1.0 0.33
56 16800 1.0 0.34
57 17100 1.0 0.35
58 17400 1.0 0.36
59 17700 1.0 0.37
60 18000 1.0 0.38
61 18300 1.0 0.39
62 18600 1.0 0.4
63 18900 1.0 0.41
64 19200 1.0 0.42
65 19500 1.0 0.43
66 19800 1.0 0.44
67 20100 1.0 0.45
68 20400 1.0 0.46
69 20700 1.0 0.47
70 21000 1.0 0.48
71 21300 1.0 0.49
72 21600 1.0 0.5
73 21900 1.0 0.51
74 22200 1.0 0.52
75 22500 1.0 0.53
76 22800 1.0 0.54
77 23100 1.0 0.55
78 23400 1.0 0.56
79 23700 1.0 0.57
80 24000 1.0 0.58
81 24300 1.0 0.59
82 24600 1.0 0.6
83 24900 1.0 0.61
84 25200 1.0 0.62
85 25500 1.0 0.63
86 25800 1.0 0.64
87 26100 1.0 0.65
88 26400 1.0 0.66
89 26700 1.0 0.67
90 27000 1.0 0.68
91 27300 1.0 0.69
92 27600 1.0 0.7
93 27900 1.0 0.71
94 28200 1.0 0.72
95 28500 1.0 0.73
96 28800 1.0 0.74
97 29100 1.0 0.75
98 29400 1.0 0.76
99 29700 1.0 0.77
100 30000 1.0 0.78
101 30300 1.0 0.79
102 30600 1.0 0.8
103 30900 1.0 0.81
104 31200 1.0 0.82
105 31500 1.0 0.82
106 31800 1.0 0.83
107 32100 1.0 0.84
108 32400 1.0 0.85
109 32700 1.0 0.86
110 33000 1.0 0.86
111 33300 1.0 0.87
112 33600 1.0 0.87
113 33900 1.0 0.88
114 34200 1.0 0.89
115 34500 1.0 0.9
116 34800 1.0 0.91
117 35100 1.0 0.92
118 35400 1.0 0.92
119 35700 1.0 0.93
120 36000 1.0 0.94
121 36300 1.0 0.95
122 36600 1.0 0.95
123 36900 1.0 0.96
124 37200 1.0 0.97
125 37500 1.0 0.97
126 37800 1.0 0.97
127 38100 1.0 0.98
128 38400 1.0 0.98
129 38700 1.0 0.99
130 39000 1.0 1.0
131 39300 1.0 1.0
132 39600 1.0 1.0
133 39900 1.0 1.0
134 40200 1.0 1.0
135 40500 1.0 1.0
136 40800 1.0 1.0
137 41004 3.0 1.02
138 41248 3.0 1.04
139 41548 1.0 1.04
140 41848 2.0 1.05
141 42148 1.0 1.05
142 42448 2.0 1.06
143 42748 1.0 1.06
144 43048 2.0 1.07
145 43348 1.0 1.07
146 43648 2.0 1.08
147 43948 1.0 1.08
148 44248 1.0 1.08
149 44548 1.0 1.08
150 44848 1.0 1.08
151 45148 2.0 1.09
152 45448 1.0 1.09
153 45748 2.0 1.1
154 46048 2.0 1.11
155 46348 1.0 1.11
156 46648 1.0 1.11
157 46948 2.0 1.12
158 47248 2.0 1.13
159 47548 2.0 1.14
160 47762 3.0 1.16
161 48062 2.0 1.17
162 48362 2.0 1.18
163 48662 1.0 1.18
164 48962 2.0 1.19
165 49262 2.0 1.2
166 49562 2.0 1.21
167 49817 3.0 1.23
168 50117 1.0 1.23
169 50417 2.0 1.24
170 50717 2.0 1.25
171 51017 2.0 1.26
172 51317 2.0 1.27
173 51541 3.0 1.29
174 51698 3.0 1.31
175 51862 3.0 1.33
176 52162 2.0 1.34
177 52398 3.0 1.36
178 52698 2.0 1.37
179 52998 2.0 1.38
180 53298 2.0 1.39
181 53598 2.0 1.4
182 53898 2.0 1.41
183 54031 3.0 1.43
184 54248 3.0 1.45
185 54527 3.0 1.47
186 54827 2.0 1.48
187 55068 3.0 1.5
188 55245 3.0 1.52
189 55437 3.0 1.54
190 55737 2.0 1.55
191 55894 3.0 1.57
192 56145 3.0 1.59
193 56445 2.0 1.6
194 56614 3.0 1.62
195 56791 3.0 1.64
196 56995 3.0 1.66
197 57237 3.0 1.68
198 57537 2.0 1.69
199 57837 2.0 1.7
200 58137 2.0 1.71
201 58437 2.0 1.72
202 58551 3.0 1.74
203 58803 3.0 1.76
204 59103 2.0 1.77
205 59403 2.0 1.78
206 59553 3.0 1.8
207 59708 3.0 1.82
208 59878 3.0 1.84
209 60021 3.0 1.86
210 60141 3.0 1.88
211 60441 2.0 1.89
212 60741 2.0 1.9
213 60970 3.0 1.92
214 61252 3.0 1.94
215 61429 3.0 1.96
216 61539 3.0 1.98
217 61682 3.0 2.0
218 61829 3.0 2.02
219 62106 3.0 2.04
220 62320 3.0 2.06
221 62486 3.0 2.08
222 62703 3.0 2.1
223 63003 2.0 2.11
224 63213 3.0 2.13
225 63486 3.0 2.15
226 63786 2.0 2.16
227 63954 3.0 2.18
228 64113 3.0 2.2
229 64359 3.0 2.22
230 64554 3.0 2.24
231 64756 3.0 2.26
232 64898 3.0 2.28
233 65005 3.0 2.3
234 65217 3.0 2.32
235 65316 3.0 2.34
236 65501 3.0 2.36
237 65638 3.0 2.36
238 65785 3.0 2.36
239 66048 3.0 2.38
240 66169 3.0 2.39
241 66345 3.0 2.41
242 66624 3.0 2.42
243 66777 3.0 2.44
244 66951 3.0 2.45
245 67102 3.0 2.47
246 67258 3.0 2.48
247 67361 3.0 2.5
248 67661 1.0 2.5
249 67762 3.0 2.52
250 67921 3.0 2.54
251 68146 3.0 2.55
252 68308 3.0 2.57
253 68575 3.0 2.58
254 68770 3.0 2.59
255 68884 3.0 2.61
256 69064 3.0 2.63
257 69181 3.0 2.64
258 69387 3.0 2.65
259 69486 3.0 2.66
260 69601 3.0 2.66
261 69901 2.0 2.66
262 70063 3.0 2.67
263 70210 3.0 2.69
264 70348 3.0 2.7
265 70494 3.0 2.71
266 70658 3.0 2.72
267 70769 3.0 2.72
268 70913 3.0 2.74
269 71055 3.0 2.75
270 71194 3.0 2.76
271 71322 3.0 2.77
272 71468 3.0 2.78
273 71601 3.0 2.78
274 71774 3.0 2.78
275 71898 3.0 2.78
276 72031 3.0 2.79
277 72120 3.0 2.79
278 72311 3.0 2.8
279 72447 3.0 2.81
280 72610 3.0 2.82
281 72702 3.0 2.83
282 72810 3.0 2.84
283 72905 3.0 2.84
284 73018 3.0 2.84
285 73160 3.0 2.84
286 73336 3.0 2.85
287 73425 3.0 2.85
288 73547 3.0 2.85
289 73666 3.0 2.85
290 73810 3.0 2.86
291 73932 3.0 2.86
292 74059 3.0 2.86
293 74208 3.0 2.87
294 74319 3.0 2.87
295 74441 3.0 2.87
296 74653 3.0 2.87
297 74808 3.0 2.87
298 75019 3.0 2.88
299 75149 3.0 2.89
300 75230 3.0 2.9
301 75355 3.0 2.91
302 75556 3.0 2.91
303 75734 3.0 2.91
304 75835 3.0 2.92
305 75951 3.0 2.93
306 76072 3.0 2.93
307 76185 3.0 2.93
308 76370 3.0 2.93
309 76492 3.0 2.93
310 76675 3.0 2.93
311 76821 3.0 2.94
312 76968 3.0 2.95
313 77105 3.0 2.95
314 77218 3.0 2.95
315 77360 3.0 2.95
316 77490 3.0 2.95
317 77602 3.0 2.95
318 77776 3.0 2.95
319 77948 3.0 2.95
320 78108 3.0 2.95
321 78249 3.0 2.95
322 78461 3.0 2.95
323 78583 3.0 2.96
324 78679 3.0 2.96
325 78761 3.0 2.96
326 78924 3.0 2.97
327 79134 3.0 2.97
328 79434 2.0 2.96
329 79615 3.0 2.96
330 79727 3.0 2.96
331 79877 3.0 2.96
332 79995 3.0 2.96
333 80139 3.0 2.96
334 80319 3.0 2.96
335 80517 3.0 2.96
336 80636 3.0 2.96
337 80724 3.0 2.96
338 80886 3.0 2.96
339 81000 3.0 2.96
340 81113 3.0 2.96
341 81240 3.0 2.96
342 81360 3.0 2.96
343 81460 3.0 2.96
344 81602 3.0 2.96
345 81723 3.0 2.96
346 81833 3.0 2.96
347 81923 3.0 2.96
348 82060 3.0 2.98
349 82165 3.0 2.98
350 82280 3.0 2.98
351 82387 3.0 2.98
352 82524 3.0 2.98
353 82665 3.0 2.98
354 82771 3.0 2.98
355 82894 3.0 2.98
356 82988 3.0 2.98
357 83113 3.0 2.98
358 83240 3.0 2.98
359 83361 3.0 2.98
360 83493 3.0 2.98
361 83609 3.0 2.99
362 83711 3.0 2.99
363 83802 3.0 2.99
364 83922 3.0 2.99
365 84042 3.0 2.99
366 84177 3.0 2.99
367 84295 3.0 2.99
368 84494 3.0 2.99
369 84651 3.0 2.99
370 84737 3.0 2.99
371 84892 3.0 2.99
372 84988 3.0 2.99
373 85067 3.0 2.99
374 85212 3.0 2.99
375 85345 3.0 2.99
376 85522 3.0 2.99
377 85648 3.0 2.99
378 85759 3.0 2.99
379 85873 3.0 2.99
380 85972 3.0 2.99
381 86109 3.0 2.99
382 86271 3.0 2.99
383 86370 3.0 2.99
384 86528 3.0 2.99
385 86619 3.0 2.99
386 86772 3.0 2.99
387 86905 3.0 2.99
388 87030 3.0 2.99
389 87163 3.0 2.99
390 87253 3.0 2.99
391 87382 3.0 2.99
392 87515 3.0 2.99
393 87712 3.0 2.99
394 87922 3.0 2.99
395 88051 3.0 2.99
396 88165 3.0 2.99
397 88280 3.0 2.99
398 88391 3.0 2.99
399 88492 3.0 2.99
400 88616 3.0 2.99
401 88706 3.0 2.99
402 88846 3.0 2.99
403 89001 3.0 2.99
404 89106 3.0 2.99
405 89239 3.0 2.99
406 89342 3.0 2.99
407 89451 3.0 2.99
408 89591 3.0 2.99
409 89696 3.0 2.99
410 89803 3.0 2.99
411 89916 3.0 2.99
412 90031 3.0 2.99
413 90162 3.0 2.99
414 90262 3.0 2.99
415 90402 3.0 2.99
416 90563 3.0 2.99
417 90662 3.0 2.99
418 90777 3.0 2.99
419 90908 3.0 2.99
420 91053 3.0 2.99
421 91188 3.0 2.99
422 91295 3.0 2.99
423 91409 3.0 2.99
424 91588 3.0 2.99
425 91696 3.0 2.99
426 91808 3.0 2.99
427 91932 3.0 2.99
428 92052 3.0 3.0
429 92157 3.0 3.0
430 92278 3.0 3.0
431 92510 3.0 3.0
432 92633 3.0 3.0
433 92740 3.0 3.0
434 92871 3.0 3.0
435 93039 3.0 3.0
436 93123 3.0 3.0
437 93294 3.0 3.0
438 93402 3.0 3.0
439 93501 3.0 3.0
440 93670 3.0 3.0
441 93773 3.0 3.0
442 93860 3.0 3.0
443 93958 3.0 3.0
444 94053 3.0 3.0
445 94143 3.0 3.0
446 94350 3.0 3.0
447 94475 3.0 3.0
448 94572 3.0 3.0
449 94687 3.0 3.0
450 94777 3.0 3.0
451 94895 3.0 3.0
452 95033 3.0 3.0
453 95168 3.0 3.0
454 95242 3.0 3.0
455 95357 3.0 3.0
456 95436 3.0 3.0
457 95528 3.0 3.0
458 95635 3.0 3.0
459 95765 3.0 3.0
460 95934 3.0 3.0
461 96122 3.0 3.0
462 96251 3.0 3.0
463 96388 3.0 3.0
464 96565 3.0 3.0
465 96656 3.0 3.0
466 96757 3.0 3.0
467 96839 3.0 3.0
468 96953 3.0 3.0
469 97051 3.0 3.0
470 97161 3.0 3.0
471 97254 3.0 3.0
472 97350 3.0 3.0
473 97448 3.0 3.0
474 97642 3.0 3.0
475 97753 3.0 3.0
476 97914 3.0 3.0
477 98023 3.0 3.0
478 98114 3.0 3.0
479 98205 3.0 3.0
480 98424 3.0 3.0
481 98540 3.0 3.0
482 98606 3.0 3.0
483 98722 3.0 3.0
484 98837 3.0 3.0
485 98928 3.0 3.0
486 99028 3.0 3.0
487 99115 3.0 3.0
488 99251 3.0 3.0
489 99329 3.0 3.0
490 99428 3.0 3.0
491 99561 3.0 3.0
492 99675 3.0 3.0
493 99848 3.0 3.0
494 99943 3.0 3.0
495 100028 3.0 3.0
496 100161 3.0 3.0
497 100258 3.0 3.0
498 100346 3.0 3.0
499 100510 3.0 3.0
500 100592 3.0 3.0
501 100723 3.0 3.0
502 100792 3.0 3.0
503 100995 3.0 3.0
504 101065 3.0 3.0
505 101173 3.0 3.0
506 101269 3.0 3.0
507 101405 3.0 3.0
508 101481 3.0 3.0
509 101561 3.0 3.0
510 101660 3.0 3.0
511 101806 3.0 3.0
512 101898 3.0 3.0
513 102012 3.0 3.0
514 102116 3.0 3.0
515 102218 3.0 3.0
516 102303 3.0 3.0
517 102404 3.0 3.0
518 102522 3.0 3.0
519 102604 3.0 3.0
520 102857 3.0 3.0
521 102957 3.0 3.0
522 103067 3.0 3.0
523 103168 3.0 3.0
524 103246 3.0 3.0
525 103321 3.0 3.0
526 103403 3.0 3.0
527 103493 3.0 3.0
528 103588 3.0 3.0
529 103677 3.0 3.0
530 103775 3.0 3.0
531 103915 3.0 3.0
532 103995 3.0 3.0
533 104158 3.0 3.0
534 104329 3.0 3.0
535 104459 3.0 3.0
536 104585 3.0 3.0
537 104661 3.0 3.0
538 104843 3.0 3.0
539 104909 3.0 3.0
540 104985 3.0 3.0
541 105087 3.0 3.0
542 105181 3.0 3.0
543 105272 3.0 3.0
544 105436 3.0 3.0
545 105575 3.0 3.0
546 105641 3.0 3.0
547 105706 3.0 3.0
548 105823 3.0 3.0
549 105937 3.0 3.0
550 106144 3.0 3.0
551 106246 3.0 3.0
552 106344 3.0 3.0
553 106452 3.0 3.0
554 106527 3.0 3.0
555 106741 3.0 3.0
556 106852 3.0 3.0
557 106963 3.0 3.0
558 107121 3.0 3.0
559 107250 3.0 3.0
560 107386 3.0 3.0
561 107498 3.0 3.0
562 107606 3.0 3.0
563 107713 3.0 3.0
564 107804 3.0 3.0
565 107893 3.0 3.0
566 107983 3.0 3.0
567 108105 3.0 3.0
568 108198 3.0 3.0
569 108329 3.0 3.0
570 108471 3.0 3.0
571 108585 3.0 3.0
572 108674 3.0 3.0
573 108801 3.0 3.0
574 108894 3.0 3.0
575 109046 3.0 3.0
576 109147 3.0 3.0
577 109228 3.0 3.0
578 109327 3.0 3.0
579 109422 3.0 3.0
580 109505 3.0 3.0
581 109624 3.0 3.0
582 109732 3.0 3.0
583 109810 3.0 3.0
584 109911 3.0 3.0
585 110016 3.0 3.0
586 110085 3.0 3.0
587 110229 3.0 3.0
588 110312 3.0 3.0
589 110469 3.0 3.0
590 110603 3.0 3.0
591 110684 3.0 3.0
592 110924 3.0 3.0
593 111022 3.0 3.0
594 111091 3.0 3.0
595 111172 3.0 3.0
596 111331 3.0 3.0
597 111435 3.0 3.0
598 111541 3.0 3.0
599 111671 3.0 3.0
600 111779 3.0 3.0
601 111850 3.0 3.0
602 111944 3.0 3.0
603 112062 3.0 3.0
604 112173 3.0 3.0
605 112253 3.0 3.0
606 112320 3.0 3.0
607 112398 3.0 3.0
608 112574 3.0 3.0
609 112686 3.0 3.0
610 112780 3.0 3.0
611 112928 3.0 3.0
612 113044 3.0 3.0
613 113185 3.0 3.0
614 113268 3.0 3.0
615 113337 3.0 3.0
616 113419 3.0 3.0
617 113526 3.0 3.0
618 113660 3.0 3.0
619 113734 3.0 3.0
620 113828 3.0 3.0
621 113906 3.0 3.0
622 113990 3.0 3.0
623 114119 3.0 3.0
624 114230 3.0 3.0
625 114322 3.0 3.0
626 114436 3.0 3.0
627 114565 3.0 3.0
628 114677 3.0 3.0
629 114786 3.0 3.0
630 114927 3.0 3.0
631 115057 3.0 3.0
632 115134 3.0 3.0
633 115212 3.0 3.0
634 115332 3.0 3.0
635 115431 3.0 3.0
636 115526 3.0 3.0
637 115598 3.0 3.0
638 115669 3.0 3.0
639 115804 3.0 3.0
640 115883 3.0 3.0
641 115980 3.0 3.0
642 116091 3.0 3.0
643 116181 3.0 3.0
644 116313 3.0 3.0
645 116451 3.0 3.0
646 116555 3.0 3.0
647 116633 3.0 3.0
648 116721 3.0 3.0
649 116807 3.0 3.0
650 116938 3.0 3.0
651 117036 3.0 3.0
652 117132 3.0 3.0
653 117291 3.0 3.0
654 117372 3.0 3.0
655 117464 3.0 3.0
656 117551 3.0 3.0
657 117665 3.0 3.0
658 117746 3.0 3.0
659 117844 3.0 3.0
660 117982 3.0 3.0
661 118107 3.0 3.0
662 118172 3.0 3.0
663 118269 3.0 3.0
664 118373 3.0 3.0
665 118561 3.0 3.0
666 118639 3.0 3.0
667 118865 3.0 3.0
668 118927 3.0 3.0
669 119046 3.0 3.0
670 119141 3.0 3.0
671 119231 3.0 3.0
672 119343 3.0 3.0
673 119411 3.0 3.0
674 119545 3.0 3.0
675 119645 3.0 3.0
676 119731 3.0 3.0
677 119816 3.0 3.0
678 119917 3.0 3.0
679 120020 3.0 3.0
680 120167 3.0 3.0
681 120285 3.0 3.0
682 120403 3.0 3.0
683 120516 3.0 3.0
684 120658 3.0 3.0
685 120818 3.0 3.0
686 120953 3.0 3.0
687 121057 3.0 3.0
688 121116 3.0 3.0
689 121217 3.0 3.0
690 121319 3.0 3.0
691 121407 3.0 3.0
692 121496 3.0 3.0
693 121587 3.0 3.0
694 121669 3.0 3.0
695 121738 3.0 3.0
696 121836 3.0 3.0
697 121929 3.0 3.0
698 122111 3.0 3.0
699 122232 3.0 3.0
700 122353 3.0 3.0
701 122471 3.0 3.0
702 122594 3.0 3.0
703 122669 3.0 3.0
704 122779 3.0 3.0
705 122889 3.0 3.0
706 122983 3.0 3.0
707 123104 3.0 3.0
708 123198 3.0 3.0
709 123283 3.0 3.0
710 123361 3.0 3.0
711 123439 3.0 3.0
712 123525 3.0 3.0
713 123648 3.0 3.0
714 123813 3.0 3.0
715 123889 3.0 3.0
716 123990 3.0 3.0
717 124072 3.0 3.0
718 124212 3.0 3.0
719 124319 3.0 3.0
720 124442 3.0 3.0
721 124541 3.0 3.0
722 124627 3.0 3.0
723 124759 3.0 3.0
724 124849 3.0 3.0
725 124962 3.0 3.0
726 125055 3.0 3.0
727 125137 3.0 3.0
728 125263 3.0 3.0
729 125340 3.0 3.0
730 125522 3.0 3.0
731 125594 3.0 3.0
732 125746 3.0 3.0
733 125912 3.0 3.0
734 125989 3.0 3.0
735 126080 3.0 3.0
736 126164 3.0 3.0
737 126264 3.0 3.0
738 126378 3.0 3.0
739 126469 3.0 3.0
740 126548 3.0 3.0
741 126626 3.0 3.0
742 126707 3.0 3.0
743 126830 3.0 3.0
744 126900 3.0 3.0
745 127046 3.0 3.0
746 127158 3.0 3.0
747 127239 3.0 3.0
748 127347 3.0 3.0
749 127436 3.0 3.0
750 127532 3.0 3.0
751 127624 3.0 3.0
752 127749 3.0 3.0
753 127830 3.0 3.0
754 127957 3.0 3.0
755 128086 3.0 3.0
756 128196 3.0 3.0
757 128328 3.0 3.0
758 128459 3.0 3.0
759 128572 3.0 3.0
760 128667 3.0 3.0
761 128747 3.0 3.0
762 128857 3.0 3.0
763 128939 3.0 3.0
764 129044 3.0 3.0
765 129190 3.0 3.0
766 129266 3.0 3.0
767 129353 3.0 3.0
768 129424 3.0 3.0
769 129511 3.0 3.0
770 129592 3.0 3.0
771 129676 3.0 3.0
772 129752 3.0 3.0
773 129855 3.0 3.0
774 129920 3.0 3.0
775 130009 3.0 3.0
776 130110 3.0 3.0
777 130249 3.0 3.0
778 130359 3.0 3.0
779 130430 3.0 3.0
780 130612 3.0 3.0
781 130717 3.0 3.0
782 130838 3.0 3.0
783 130920 3.0 3.0
784 131116 3.0 3.0
785 131184 3.0 3.0
786 131275 3.0 3.0
787 131391 3.0 3.0
788 131555 3.0 3.0
789 131643 3.0 3.0
790 131798 3.0 3.0
791 131872 3.0 3.0
792 131948 3.0 3.0
793 132051 3.0 3.0
794 132137 3.0 3.0
795 132224 3.0 3.0
796 132313 3.0 3.0
797 132475 3.0 3.0
798 132590 3.0 3.0
799 132722 3.0 3.0
800 132810 3.0 3.0
801 132904 3.0 3.0
802 133100 3.0 3.0
803 133180 3.0 3.0
804 133285 3.0 3.0
805 133364 3.0 3.0
806 133480 3.0 3.0
807 133575 3.0 3.0
808 133704 3.0 3.0
809 133827 3.0 3.0
810 133933 3.0 3.0
811 133999 3.0 3.0
812 134080 3.0 3.0
813 134178 3.0 3.0
814 134311 3.0 3.0
815 134428 3.0 3.0
816 134517 3.0 3.0
817 134636 3.0 3.0
818 134710 3.0 3.0
819 134779 3.0 3.0
820 134899 3.0 3.0
821 134973 3.0 3.0
822 135056 3.0 3.0
823 135166 3.0 3.0
824 135283 3.0 3.0
825 135384 3.0 3.0
826 135528 3.0 3.0
827 135606 3.0 3.0
828 135759 3.0 3.0
829 135851 3.0 3.0
830 135927 3.0 3.0
831 136046 3.0 3.0
832 136126 3.0 3.0
833 136212 3.0 3.0
834 136296 3.0 3.0
835 136388 3.0 3.0
836 136462 3.0 3.0
837 136580 3.0 3.0
838 136648 3.0 3.0
839 136712 3.0 3.0
840 136814 3.0 3.0
841 136918 3.0 3.0
842 137005 3.0 3.0
843 137164 3.0 3.0
844 137336 3.0 3.0
845 137420 3.0 3.0
846 137630 3.0 3.0
847 137718 3.0 3.0
848 137801 3.0 3.0
849 137911 3.0 3.0
850 138014 3.0 3.0
851 138135 3.0 3.0
852 138222 3.0 3.0
853 138351 3.0 3.0
854 138451 3.0 3.0
855 138565 3.0 3.0
856 138649 3.0 3.0
857 138762 3.0 3.0
858 138843 3.0 3.0
859 138910 3.0 3.0
860 139007 3.0 3.0
861 139101 3.0 3.0
862 139180 3.0 3.0
863 139276 3.0 3.0
864 139365 3.0 3.0
865 139454 3.0 3.0
866 139595 3.0 3.0
867 139707 3.0 3.0
868 139813 3.0 3.0
869 139906 3.0 3.0
870 140019 3.0 3.0
871 140106 3.0 3.0
872 140223 3.0 3.0
873 140309 3.0 3.0
874 140399 3.0 3.0
875 140485 3.0 3.0
876 140621 3.0 3.0
877 140761 3.0 3.0
878 140858 3.0 3.0
879 140954 3.0 3.0
880 141050 3.0 3.0
881 141158 3.0 3.0
882 141240 3.0 3.0
883 141351 3.0 3.0
884 141439 3.0 3.0
885 141531 3.0 3.0
886 141655 3.0 3.0
887 141788 3.0 3.0
888 141871 3.0 3.0
889 141988 3.0 3.0
890 142086 3.0 3.0
891 142176 3.0 3.0
892 142250 3.0 3.0
893 142333 3.0 3.0
894 142455 3.0 3.0
895 142603 3.0 3.0
896 142682 3.0 3.0
897 142785 3.0 3.0
898 142892 3.0 3.0
899 142983 3.0 3.0
900 143055 3.0 3.0
901 143195 3.0 3.0
902 143271 3.0 3.0
903 143363 3.0 3.0
904 143444 3.0 3.0
905 143519 3.0 3.0
906 143595 3.0 3.0
907 143707 3.0 3.0
908 143804 3.0 3.0
909 143941 3.0 3.0
910 144029 3.0 3.0
911 144150 3.0 3.0
912 144255 3.0 3.0
913 144354 3.0 3.0
914 144437 3.0 3.0
915 144522 3.0 3.0
916 144747 3.0 3.0
917 144847 3.0 3.0
918 144916 3.0 3.0
919 145018 3.0 3.0
920 145095 3.0 3.0
921 145190 3.0 3.0
922 145281 3.0 3.0
923 145411 3.0 3.0
924 145527 3.0 3.0
925 145597 3.0 3.0
926 145695 3.0 3.0
927 145804 3.0 3.0
928 145903 3.0 3.0
929 146004 3.0 3.0
930 146112 3.0 3.0
931 146187 3.0 3.0
932 146258 3.0 3.0
933 146349 3.0 3.0
934 146474 3.0 3.0
935 146556 3.0 3.0
936 146631 3.0 3.0
937 146695 3.0 3.0
938 146790 3.0 3.0
939 146928 3.0 3.0
940 147039 3.0 3.0
941 147160 3.0 3.0
942 147233 3.0 3.0
943 147311 3.0 3.0
944 147450 3.0 3.0
945 147519 3.0 3.0
946 147637 3.0 3.0
947 147766 3.0 3.0
948 147856 3.0 3.0
949 148080 3.0 3.0
950 148175 3.0 3.0
951 148259 3.0 3.0
952 148330 3.0 3.0
953 148411 3.0 3.0
954 148478 3.0 3.0
955 148574 3.0 3.0
956 148708 3.0 3.0
957 148812 3.0 3.0
958 148923 3.0 3.0
959 149035 3.0 3.0
960 149130 3.0 3.0
961 149239 3.0 3.0
962 149323 3.0 3.0
963 149409 3.0 3.0
964 149499 3.0 3.0
965 149574 3.0 3.0
966 149700 3.0 3.0
967 149780 3.0 3.0
968 149928 3.0 3.0
969 150014 3.0 3.0
970 150077 3.0 3.0
971 150132 3.0 3.0
972 150224 3.0 3.0
973 150307 3.0 3.0
974 150399 3.0 3.0
975 150497 3.0 3.0
976 150580 3.0 3.0
977 150680 3.0 3.0
978 150766 3.0 3.0
979 150925 3.0 3.0
980 151016 3.0 3.0
981 151091 3.0 3.0
982 151170 3.0 3.0
983 151244 3.0 3.0
984 151329 3.0 3.0
985 151456 3.0 3.0
986 151576 3.0 3.0
987 151663 3.0 3.0
988 151762 3.0 3.0
989 151873 3.0 3.0
990 151966 3.0 3.0
991 152093 3.0 3.0
992 152236 3.0 3.0
993 152333 3.0 3.0
994 152479 3.0 3.0
995 152555 3.0 3.0
996 152695 3.0 3.0
997 152872 3.0 3.0
998 152989 3.0 3.0
999 153113 3.0 3.0
1000 153208 3.0 3.0
1001 153283 3.0 3.0
1002 153343 3.0 3.0
1003 153433 3.0 3.0
1004 153513 3.0 3.0
1005 153590 3.0 3.0
1006 153715 3.0 3.0
1007 153866 3.0 3.0
1008 153992 3.0 3.0
1009 154078 3.0 3.0
1010 154147 3.0 3.0
1011 154258 3.0 3.0
1012 154335 3.0 3.0
1013 154438 3.0 3.0
1014 154526 3.0 3.0
1015 154589 3.0 3.0
1016 154654 3.0 3.0
1017 154749 3.0 3.0
1018 154833 3.0 3.0
1019 154925 3.0 3.0
1020 155011 3.0 3.0
1021 155155 3.0 3.0
1022 155283 3.0 3.0
1023 155402 3.0 3.0
1024 155481 3.0 3.0
1025 155557 3.0 3.0
1026 155648 3.0 3.0
1027 155752 3.0 3.0
1028 155890 3.0 3.0
1029 155979 3.0 3.0
1030 156101 3.0 3.0
1031 156191 3.0 3.0
1032 156295 3.0 3.0
1033 156374 3.0 3.0
1034 156453 3.0 3.0
1035 156548 3.0 3.0
1036 156663 3.0 3.0
1037 156746 3.0 3.0
1038 156900 3.0 3.0
1039 156987 3.0 3.0
1040 157072 3.0 3.0
1041 157150 3.0 3.0
1042 157221 3.0 3.0
1043 157297 3.0 3.0
1044 157403 3.0 3.0
1045 157505 3.0 3.0
1046 157577 3.0 3.0
1047 157674 3.0 3.0
1048 157790 3.0 3.0
1049 157874 3.0 3.0
1050 157932 3.0 3.0
1051 158003 3.0 3.0
1052 158083 3.0 3.0
1053 158302 3.0 3.0
1054 158392 3.0 3.0
1055 158494 3.0 3.0
1056 158628 3.0 3.0
1057 158728 3.0 3.0
1058 158841 3.0 3.0
1059 158915 3.0 3.0
1060 159070 3.0 3.0
1061 159151 3.0 3.0
1062 159315 3.0 3.0
1063 159391 3.0 3.0
1064 159519 3.0 3.0
1065 159662 3.0 3.0
1066 159737 3.0 3.0
1067 159837 3.0 3.0
1068 159964 3.0 3.0
1069 160033 3.0 3.0
1070 160102 3.0 3.0
1071 160193 3.0 3.0
1072 160289 3.0 3.0
1073 160360 3.0 3.0
1074 160470 3.0 3.0
1075 160602 3.0 3.0
1076 160683 3.0 3.0
1077 160751 3.0 3.0
1078 160844 3.0 3.0
1079 160935 3.0 3.0
1080 161022 3.0 3.0
1081 161089 3.0 3.0
1082 161179 3.0 3.0
1083 161298 3.0 3.0
1084 161408 3.0 3.0
1085 161492 3.0 3.0
1086 161578 3.0 3.0
1087 161659 3.0 3.0
1088 161739 3.0 3.0
1089 161862 3.0 3.0
1090 161945 3.0 3.0
1091 162034 3.0 3.0
1092 162135 3.0 3.0
1093 162239 3.0 3.0
1094 162316 3.0 3.0
1095 162399 3.0 3.0
1096 162493 3.0 3.0
1097 162633 3.0 3.0
1098 162699 3.0 3.0
1099 162771 3.0 3.0
1100 162850 3.0 3.0
1101 162938 3.0 3.0
1102 163038 3.0 3.0
1103 163127 3.0 3.0
1104 163199 3.0 3.0
1105 163295 3.0 3.0
1106 163415 3.0 3.0
1107 163568 3.0 3.0
1108 163653 3.0 3.0
1109 163768 3.0 3.0
1110 163896 3.0 3.0
1111 163991 3.0 3.0
1112 164089 3.0 3.0
1113 164187 3.0 3.0
1114 164257 3.0 3.0
1115 164345 3.0 3.0
1116 164478 3.0 3.0
1117 164573 3.0 3.0
1118 164720 3.0 3.0
1119 164792 3.0 3.0
1120 164878 3.0 3.0
1121 164969 3.0 3.0
1122 165095 3.0 3.0
1123 165202 3.0 3.0
1124 165288 3.0 3.0
1125 165374 3.0 3.0
1126 165447 3.0 3.0
1127 165543 3.0 3.0
1128 165632 3.0 3.0
1129 165708 3.0 3.0
1130 165823 3.0 3.0
1131 165897 3.0 3.0
1132 165984 3.0 3.0
1133 166098 3.0 3.0
1134 166209 3.0 3.0
1135 166337 3.0 3.0
1136 166403 3.0 3.0
1137 166490 3.0 3.0
1138 166554 3.0 3.0
1139 166622 3.0 3.0
1140 166717 3.0 3.0
1141 166787 3.0 3.0
1142 166879 3.0 3.0
1143 166969 3.0 3.0
1144 167060 3.0 3.0
1145 167144 3.0 3.0
1146 167214 3.0 3.0
1147 167276 3.0 3.0
1148 167361 3.0 3.0
1149 167489 3.0 3.0
1150 167562 3.0 3.0
1151 167645 3.0 3.0
1152 167723 3.0 3.0
1153 167808 3.0 3.0
1154 167910 3.0 3.0
1155 167987 3.0 3.0
1156 168062 3.0 3.0
1157 168159 3.0 3.0
1158 168265 3.0 3.0
1159 168343 3.0 3.0
1160 168423 3.0 3.0
1161 168495 3.0 3.0
1162 168598 3.0 3.0
1163 168687 3.0 3.0
1164 168755 3.0 3.0
1165 168877 3.0 3.0
1166 168950 3.0 3.0
1167 169075 3.0 3.0
1168 169144 3.0 3.0
1169 169216 3.0 3.0
1170 169283 3.0 3.0
1171 169387 3.0 3.0
1172 169457 3.0 3.0
1173 169562 3.0 3.0
1174 169662 3.0 3.0
1175 169774 3.0 3.0
1176 169843 3.0 3.0
1177 169922 3.0 3.0
1178 169992 3.0 3.0
1179 170189 3.0 3.0
1180 170253 3.0 3.0
1181 170357 3.0 3.0
1182 170438 3.0 3.0
1183 170524 3.0 3.0
1184 170619 3.0 3.0
1185 170713 3.0 3.0
1186 170811 3.0 3.0
1187 170940 3.0 3.0
1188 171004 3.0 3.0
1189 171084 3.0 3.0
1190 171165 3.0 3.0
1191 171230 3.0 3.0
1192 171309 3.0 3.0
1193 171483 3.0 3.0
1194 171573 3.0 3.0
1195 171668 3.0 3.0
1196 171758 3.0 3.0
1197 171860 3.0 3.0
1198 171953 3.0 3.0
1199 172012 3.0 3.0
1200 172109 3.0 3.0
1201 172167 3.0 3.0
1202 172235 3.0 3.0
1203 172310 3.0 3.0
1204 172412 3.0 3.0
1205 172482 3.0 3.0
1206 172556 3.0 3.0
1207 172642 3.0 3.0
1208 172822 3.0 3.0
1209 172892 3.0 3.0
1210 172987 3.0 3.0
1211 173086 3.0 3.0
1212 173209 3.0 3.0
1213 173283 3.0 3.0
1214 173355 3.0 3.0
1215 173433 3.0 3.0
1216 173531 3.0 3.0
1217 173606 3.0 3.0
1218 173670 3.0 3.0
1219 173768 3.0 3.0
1220 173852 3.0 3.0
1221 173926 3.0 3.0
1222 174017 3.0 3.0
1223 174100 3.0 3.0
1224 174197 3.0 3.0
1225 174275 3.0 3.0
1226 174397 3.0 3.0
1227 174483 3.0 3.0
1228 174583 3.0 3.0
1229 174667 3.0 3.0
1230 174745 3.0 3.0
1231 174826 3.0 3.0
1232 174911 3.0 3.0
1233 174985 3.0 3.0
1234 175080 3.0 3.0
1235 175189 3.0 3.0
1236 175404 3.0 3.0
1237 175509 3.0 3.0
1238 175580 3.0 3.0
1239 175657 3.0 3.0
1240 175760 3.0 3.0
1241 175834 3.0 3.0
1242 175914 3.0 3.0
1243 175982 3.0 3.0
1244 176090 3.0 3.0
1245 176177 3.0 3.0
1246 176286 3.0 3.0
1247 176352 3.0 3.0
1248 176447 3.0 3.0
1249 176545 3.0 3.0
1250 176631 3.0 3.0
1251 176732 3.0 3.0
1252 176803 3.0 3.0
1253 176885 3.0 3.0
1254 176969 3.0 3.0
1255 177034 3.0 3.0
1256 177128 3.0 3.0
1257 177220 3.0 3.0
1258 177288 3.0 3.0
1259 177437 3.0 3.0
1260 177508 3.0 3.0
1261 177614 3.0 3.0
1262 177723 3.0 3.0
1263 177799 3.0 3.0
1264 177899 3.0 3.0
1265 178016 3.0 3.0
1266 178076 3.0 3.0
1267 178153 3.0 3.0
1268 178243 3.0 3.0
1269 178326 3.0 3.0
1270 178407 3.0 3.0
1271 178503 3.0 3.0
1272 178581 3.0 3.0
1273 178653 3.0 3.0
1274 178716 3.0 3.0
1275 178808 3.0 3.0
1276 178917 3.0 3.0
1277 179002 3.0 3.0
1278 179166 3.0 3.0
1279 179263 3.0 3.0
1280 179356 3.0 3.0
1281 179442 3.0 3.0
1282 179516 3.0 3.0
1283 179599 3.0 3.0
1284 179707 3.0 3.0
1285 179806 3.0 3.0
1286 179881 3.0 3.0
1287 179956 3.0 3.0
1288 180111 3.0 3.0
1289 180178 3.0 3.0
1290 180247 3.0 3.0
1291 180320 3.0 3.0
1292 180401 3.0 3.0
1293 180482 3.0 3.0
1294 180551 3.0 3.0
1295 180640 3.0 3.0
1296 180722 3.0 3.0
1297 180800 3.0 3.0
1298 180885 3.0 3.0
1299 180968 3.0 3.0
1300 181107 3.0 3.0
1301 181184 3.0 3.0
1302 181248 3.0 3.0
1303 181426 3.0 3.0
1304 181509 3.0 3.0
1305 181592 3.0 3.0
1306 181682 3.0 3.0
1307 181768 3.0 3.0
1308 181837 3.0 3.0
1309 181909 3.0 3.0
1310 181996 3.0 3.0
1311 182085 3.0 3.0
1312 182169 3.0 3.0
1313 182251 3.0 3.0
1314 182320 3.0 3.0
1315 182396 3.0 3.0
1316 182467 3.0 3.0
1317 182589 3.0 3.0
1318 182692 3.0 3.0
1319 182768 3.0 3.0
1320 182880 3.0 3.0
1321 182955 3.0 3.0
1322 183048 3.0 3.0
1323 183149 3.0 3.0
1324 183228 3.0 3.0
1325 183310 3.0 3.0
1326 183394 3.0 3.0
1327 183514 3.0 3.0
1328 183603 3.0 3.0
1329 183673 3.0 3.0
1330 183760 3.0 3.0
1331 183838 3.0 3.0
1332 183914 3.0 3.0
1333 183987 3.0 3.0
1334 184078 3.0 3.0
1335 184165 3.0 3.0
1336 184227 3.0 3.0
1337 184295 3.0 3.0
1338 184381 3.0 3.0
1339 184453 3.0 3.0
1340 184549 3.0 3.0
1341 184628 3.0 3.0
1342 184751 3.0 3.0
1343 184816 3.0 3.0
1344 184879 3.0 3.0
1345 184944 3.0 3.0
1346 185045 3.0 3.0
1347 185163 3.0 3.0
1348 185258 3.0 3.0
1349 185369 3.0 3.0
1350 185477 3.0 3.0
1351 185569 3.0 3.0
1352 185650 3.0 3.0
1353 185732 3.0 3.0
1354 185800 3.0 3.0
1355 185874 3.0 3.0
1356 185986 3.0 3.0
1357 186056 3.0 3.0
1358 186161 3.0 3.0
1359 186234 3.0 3.0
1360 186325 3.0 3.0
1361 186403 3.0 3.0
1362 186464 3.0 3.0
1363 186568 3.0 3.0
1364 186640 3.0 3.0
1365 186723 3.0 3.0
1366 186804 3.0 3.0
1367 186886 3.0 3.0
1368 186959 3.0 3.0
1369 187068 3.0 3.0
1370 187142 3.0 3.0
1371 187204 3.0 3.0
1372 187275 3.0 3.0
1373 187381 3.0 3.0
1374 187445 3.0 3.0
1375 187562 3.0 3.0
1376 187703 3.0 3.0
1377 187782 3.0 3.0
1378 187882 3.0 3.0
1379 187967 3.0 3.0
1380 188119 3.0 3.0
1381 188210 3.0 3.0
1382 188278 3.0 3.0
1383 188351 3.0 3.0
1384 188429 3.0 3.0
1385 188494 3.0 3.0
1386 188582 3.0 3.0
1387 188658 3.0 3.0
1388 188758 3.0 3.0
1389 188858 3.0 3.0
1390 188935 3.0 3.0
1391 189049 3.0 3.0
1392 189098 3.0 3.0
1393 189179 3.0 3.0
1394 189261 3.0 3.0
1395 189364 3.0 3.0
1396 189509 3.0 3.0
1397 189584 3.0 3.0
1398 189712 3.0 3.0
1399 189790 3.0 3.0
1400 189927 3.0 3.0
1401 190069 3.0 3.0
1402 190139 3.0 3.0
1403 190232 3.0 3.0
1404 190366 3.0 3.0
1405 190450 3.0 3.0
1406 190528 3.0 3.0
1407 190611 3.0 3.0
1408 190683 3.0 3.0
1409 190772 3.0 3.0
1410 190849 3.0 3.0
1411 190965 3.0 3.0
1412 191058 3.0 3.0
1413 191124 3.0 3.0
1414 191225 3.0 3.0
1415 191288 3.0 3.0
1416 191355 3.0 3.0
1417 191442 3.0 3.0
1418 191525 3.0 3.0
1419 191606 3.0 3.0
1420 191720 3.0 3.0
1421 191797 3.0 3.0
1422 191895 3.0 3.0
1423 191956 3.0 3.0
1424 192020 3.0 3.0
1425 192096 3.0 3.0
1426 192198 3.0 3.0
1427 192284 3.0 3.0
1428 192360 3.0 3.0
1429 192446 3.0 3.0
1430 192525 3.0 3.0
1431 192614 3.0 3.0
1432 192764 3.0 3.0
1433 192840 3.0 3.0
1434 192912 3.0 3.0
1435 192979 3.0 3.0
1436 193074 3.0 3.0
1437 193138 3.0 3.0
1438 193208 3.0 3.0
1439 193390 3.0 3.0
1440 193458 3.0 3.0
1441 193538 3.0 3.0
1442 193609 3.0 3.0
1443 193676 3.0 3.0
1444 193756 3.0 3.0
1445 193875 3.0 3.0
1446 193959 3.0 3.0
1447 194109 3.0 3.0
1448 194180 3.0 3.0
1449 194259 3.0 3.0
1450 194346 3.0 3.0
1451 194440 3.0 3.0
1452 194557 3.0 3.0
1453 194629 3.0 3.0
1454 194698 3.0 3.0
1455 194808 3.0 3.0
1456 194875 3.0 3.0
1457 194961 3.0 3.0
1458 195027 3.0 3.0
1459 195084 3.0 3.0
1460 195253 3.0 3.0
1461 195318 3.0 3.0
1462 195385 3.0 3.0
1463 195528 3.0 3.0
1464 195614 3.0 3.0
1465 195697 3.0 3.0
1466 195770 3.0 3.0
1467 195879 3.0 3.0
1468 195982 3.0 3.0
1469 196075 3.0 3.0
1470 196167 3.0 3.0
1471 196233 3.0 3.0
1472 196332 3.0 3.0
1473 196435 3.0 3.0
1474 196545 3.0 3.0
1475 196629 3.0 3.0
1476 196781 3.0 3.0
1477 196866 3.0 3.0
1478 196958 3.0 3.0
1479 197046 3.0 3.0
1480 197129 3.0 3.0
1481 197205 3.0 3.0
1482 197319 3.0 3.0
1483 197424 3.0 3.0
1484 197496 3.0 3.0
1485 197602 3.0 3.0
1486 197690 3.0 3.0
1487 197779 3.0 3.0
1488 197849 3.0 3.0
1489 197953 3.0 3.0
1490 198087 3.0 3.0
1491 198177 3.0 3.0
1492 198250 3.0 3.0
1493 198349 3.0 3.0
1494 198501 3.0 3.0
1495 198579 3.0 3.0
1496 198701 3.0 3.0
1497 198827 3.0 3.0
1498 198915 3.0 3.0
1499 199013 3.0 3.0
1500 199109 3.0 3.0
1501 199217 3.0 3.0
1502 199284 3.0 3.0
1503 199377 3.0 3.0
1504 199460 3.0 3.0
1505 199532 3.0 3.0
1506 199647 3.0 3.0
1507 199723 3.0 3.0
1508 199826 3.0 3.0
1509 199910 3.0 3.0
1510 199987 3.0 3.0
1511 200060 3.0 3.0
1512 200146 3.0 3.0
1513 200224 3.0 3.0
1514 200309 3.0 3.0
1515 200381 3.0 3.0
1516 200450 3.0 3.0
1517 200533 3.0 3.0
1518 200617 3.0 3.0
1519 200714 3.0 3.0
1520 200784 3.0 3.0
1521 200870 3.0 3.0
1522 200963 3.0 3.0
1523 201069 3.0 3.0
1524 201152 3.0 3.0
1525 201226 3.0 3.0
1526 201311 3.0 3.0
1527 201394 3.0 3.0
1528 201463 3.0 3.0
1529 201558 3.0 3.0
1530 201741 3.0 3.0
1531 201882 3.0 3.0
1532 201961 3.0 3.0
1533 202037 3.0 3.0
1534 202111 3.0 3.0
1535 202176 3.0 3.0
1536 202260 3.0 3.0
1537 202350 3.0 3.0
1538 202447 3.0 3.0
1539 202518 3.0 3.0
1540 202641 3.0 3.0
1541 202741 3.0 3.0
1542 202852 3.0 3.0
1543 202995 3.0 3.0
1544 203081 3.0 3.0
1545 203177 3.0 3.0
1546 203273 3.0 3.0
1547 203360 3.0 3.0
1548 203441 3.0 3.0
1549 203517 3.0 3.0
1550 203589 3.0 3.0
1551 203652 3.0 3.0
1552 203726 3.0 3.0
1553 203796 3.0 3.0
1554 203892 3.0 3.0
1555 204032 3.0 3.0
1556 204105 3.0 3.0
1557 204197 3.0 3.0
1558 204272 3.0 3.0
1559 204346 3.0 3.0
1560 204414 3.0 3.0
1561 204506 3.0 3.0
1562 204600 3.0 3.0
1563 204695 3.0 3.0
1564 204779 3.0 3.0
1565 204910 3.0 3.0
1566 205084 3.0 3.0
1567 205149 3.0 3.0
1568 205221 3.0 3.0
1569 205346 3.0 3.0
1570 205523 3.0 3.0
1571 205615 3.0 3.0
1572 205711 3.0 3.0
1573 205790 3.0 3.0
1574 205905 3.0 3.0
1575 205978 3.0 3.0
1576 206046 3.0 3.0
1577 206203 3.0 3.0
1578 206278 3.0 3.0
1579 206350 3.0 3.0
1580 206422 3.0 3.0
1581 206501 3.0 3.0
1582 206567 3.0 3.0
1583 206656 3.0 3.0
1584 206825 3.0 3.0
1585 206908 3.0 3.0
1586 206978 3.0 3.0
1587 207056 3.0 3.0
1588 207129 3.0 3.0
1589 207204 3.0 3.0
1590 207275 3.0 3.0
1591 207342 3.0 3.0
1592 207430 3.0 3.0
1593 207500 3.0 3.0
1594 207579 3.0 3.0
1595 207706 3.0 3.0
1596 207809 3.0 3.0
1597 207873 3.0 3.0
1598 207946 3.0 3.0
1599 208093 3.0 3.0
1600 208177 3.0 3.0
1601 208277 3.0 3.0
1602 208377 3.0 3.0
1603 208474 3.0 3.0
1604 208579 3.0 3.0
1605 208646 3.0 3.0
1606 208727 3.0 3.0
1607 208799 3.0 3.0
1608 208877 3.0 3.0
1609 208974 3.0 3.0
1610 209180 3.0 3.0
1611 209270 3.0 3.0
1612 209410 3.0 3.0
1613 209527 3.0 3.0
1614 209595 3.0 3.0
1615 209715 3.0 3.0
1616 209826 3.0 3.0
1617 209943 3.0 3.0
1618 210025 3.0 3.0
1619 210123 3.0 3.0
1620 210244 3.0 3.0
1621 210320 3.0 3.0
1622 210393 3.0 3.0
1623 210513 3.0 3.0
1624 210597 3.0 3.0
1625 210682 3.0 3.0
1626 210751 3.0 3.0
1627 210826 3.0 3.0
1628 210902 3.0 3.0
1629 210994 3.0 3.0
1630 211075 3.0 3.0
1631 211130 3.0 3.0
1632 211206 3.0 3.0
1633 211306 3.0 3.0
1634 211360 3.0 3.0
1635 211440 3.0 3.0
1636 211508 3.0 3.0
1637 211570 3.0 3.0
1638 211660 3.0 3.0
1639 211757 3.0 3.0
1640 211830 3.0 3.0
1641 211942 3.0 3.0
1642 212026 3.0 3.0
1643 212111 3.0 3.0
1644 212195 3.0 3.0
1645 212265 3.0 3.0
1646 212336 3.0 3.0
1647 212465 3.0 3.0
1648 212571 3.0 3.0
1649 212654 3.0 3.0
1650 212733 3.0 3.0
1651 212822 3.0 3.0
1652 212907 3.0 3.0
1653 212983 3.0 3.0
1654 213047 3.0 3.0
1655 213136 3.0 3.0
1656 213238 3.0 3.0
1657 213334 3.0 3.0
1658 213426 3.0 3.0
1659 213484 3.0 3.0
1660 213550 3.0 3.0
1661 213672 3.0 3.0
1662 213733 3.0 3.0
1663 213803 3.0 3.0
1664 213885 3.0 3.0
1665 213965 3.0 3.0
1666 214038 3.0 3.0
1667 214109 3.0 3.0
1668 214201 3.0 3.0
1669 214271 3.0 3.0
1670 214332 3.0 3.0
1671 214405 3.0 3.0
1672 214520 3.0 3.0
1673 214602 3.0 3.0
1674 214762 3.0 3.0
1675 214856 3.0 3.0
1676 214943 3.0 3.0
1677 215058 3.0 3.0
1678 215143 3.0 3.0
1679 215230 3.0 3.0
1680 215305 3.0 3.0
1681 215382 3.0 3.0
1682 215463 3.0 3.0
1683 215527 3.0 3.0
1684 215604 3.0 3.0
1685 215682 3.0 3.0
1686 215812 3.0 3.0
1687 215913 3.0 3.0
1688 216015 3.0 3.0
1689 216195 3.0 3.0
1690 216282 3.0 3.0
1691 216349 3.0 3.0
1692 216423 3.0 3.0
1693 216492 3.0 3.0
1694 216554 3.0 3.0
1695 216620 3.0 3.0
1696 216708 3.0 3.0
1697 216785 3.0 3.0
1698 216857 3.0 3.0
1699 216941 3.0 3.0
1700 217009 3.0 3.0
1701 217095 3.0 3.0
1702 217187 3.0 3.0
1703 217294 3.0 3.0
1704 217367 3.0 3.0
1705 217441 3.0 3.0
1706 217527 3.0 3.0
1707 217796 3.0 3.0
1708 217902 3.0 3.0
1709 218003 3.0 3.0
1710 218122 3.0 3.0
1711 218219 3.0 3.0
1712 218285 3.0 3.0
1713 218364 3.0 3.0
1714 218427 3.0 3.0
1715 218494 3.0 3.0
1716 218581 3.0 3.0
1717 218652 3.0 3.0
1718 218714 3.0 3.0
1719 218795 3.0 3.0
1720 218871 3.0 3.0
1721 218983 3.0 3.0
1722 219056 3.0 3.0
1723 219148 3.0 3.0
1724 219228 3.0 3.0
1725 219345 3.0 3.0
1726 219437 3.0 3.0
1727 219526 3.0 3.0
1728 219627 3.0 3.0
1729 219701 3.0 3.0
1730 219808 3.0 3.0
1731 219910 3.0 3.0
1732 219983 3.0 3.0
1733 220077 3.0 3.0
1734 220139 3.0 3.0
1735 220220 3.0 3.0
1736 220346 3.0 3.0
1737 220429 3.0 3.0
1738 220524 3.0 3.0
1739 220603 3.0 3.0
1740 220715 3.0 3.0
1741 220778 3.0 3.0
1742 220832 3.0 3.0
1743 220915 3.0 3.0
1744 221054 3.0 3.0
1745 221129 3.0 3.0
1746 221197 3.0 3.0
1747 221268 3.0 3.0
1748 221371 3.0 3.0
1749 221440 3.0 3.0
1750 221527 3.0 3.0
1751 221597 3.0 3.0
1752 221673 3.0 3.0
1753 221731 3.0 3.0
1754 221832 3.0 3.0
1755 221911 3.0 3.0
1756 221976 3.0 3.0
1757 222051 3.0 3.0
1758 222134 3.0 3.0
1759 222348 3.0 3.0
1760 222429 3.0 3.0
1761 222542 3.0 3.0
1762 222636 3.0 3.0
1763 222737 3.0 3.0
1764 222813 3.0 3.0
1765 222922 3.0 3.0
1766 222997 3.0 3.0
1767 223071 3.0 3.0
1768 223152 3.0 3.0
1769 223233 3.0 3.0
1770 223327 3.0 3.0
1771 223391 3.0 3.0
1772 223467 3.0 3.0
1773 223552 3.0 3.0
1774 223641 3.0 3.0
1775 223715 3.0 3.0
1776 223793 3.0 3.0
1777 223872 3.0 3.0
1778 224012 3.0 3.0
1779 224086 3.0 3.0
1780 224150 3.0 3.0
1781 224239 3.0 3.0
1782 224314 3.0 3.0
1783 224400 3.0 3.0
1784 224483 3.0 3.0
1785 224552 3.0 3.0
1786 224688 3.0 3.0
1787 224785 3.0 3.0
1788 224862 3.0 3.0
1789 224933 3.0 3.0
1790 225019 3.0 3.0
1791 225149 3.0 3.0
1792 225219 3.0 3.0
1793 225311 3.0 3.0
1794 225399 3.0 3.0
1795 225467 3.0 3.0
1796 225543 3.0 3.0
1797 225625 3.0 3.0
1798 225689 3.0 3.0
1799 225777 3.0 3.0
1800 225855 3.0 3.0
1801 225934 3.0 3.0
1802 226061 3.0 3.0
1803 226137 3.0 3.0
1804 226263 3.0 3.0
1805 226357 3.0 3.0
1806 226442 3.0 3.0
1807 226551 3.0 3.0
1808 226604 3.0 3.0
1809 226696 3.0 3.0
1810 226765 3.0 3.0
1811 226852 3.0 3.0
1812 226938 3.0 3.0
1813 227031 3.0 3.0
1814 227109 3.0 3.0
1815 227212 3.0 3.0
1816 227316 3.0 3.0
1817 227389 3.0 3.0
1818 227460 3.0 3.0
1819 227557 3.0 3.0
1820 227632 3.0 3.0
1821 227694 3.0 3.0
1822 227775 3.0 3.0
1823 227840 3.0 3.0
1824 227907 3.0 3.0
1825 227972 3.0 3.0
1826 228057 3.0 3.0
1827 228164 3.0 3.0
1828 228235 3.0 3.0
1829 228324 3.0 3.0
1830 228424 3.0 3.0
1831 228509 3.0 3.0
1832 228579 3.0 3.0
1833 228660 3.0 3.0
1834 228731 3.0 3.0
1835 228828 3.0 3.0
1836 228894 3.0 3.0
1837 228978 3.0 3.0
1838 229072 3.0 3.0
1839 229146 3.0 3.0
1840 229221 3.0 3.0
1841 229302 3.0 3.0
1842 229403 3.0 3.0
1843 229483 3.0 3.0
1844 229570 3.0 3.0
1845 229673 3.0 3.0
1846 229748 3.0 3.0
1847 229881 3.0 3.0
1848 230014 3.0 3.0
1849 230104 3.0 3.0
1850 230178 3.0 3.0
1851 230275 3.0 3.0
1852 230343 3.0 3.0
1853 230425 3.0 3.0
1854 230507 3.0 3.0
1855 230579 3.0 3.0
1856 230663 3.0 3.0
1857 230767 3.0 3.0
1858 230851 3.0 3.0
1859 230926 3.0 3.0
1860 230992 3.0 3.0
1861 231108 3.0 3.0
1862 231167 3.0 3.0
1863 231255 3.0 3.0
1864 231356 3.0 3.0
1865 231423 3.0 3.0
1866 231497 3.0 3.0
1867 231566 3.0 3.0
1868 231634 3.0 3.0
1869 231754 3.0 3.0
1870 231825 3.0 3.0
1871 231931 3.0 3.0
1872 232070 3.0 3.0
1873 232141 3.0 3.0
1874 232239 3.0 3.0
1875 232482 3.0 3.0
1876 232558 3.0 3.0
1877 232634 3.0 3.0
1878 232708 3.0 3.0
1879 232789 3.0 3.0
1880 232870 3.0 3.0
1881 232953 3.0 3.0
1882 233063 3.0 3.0
1883 233153 3.0 3.0
1884 233232 3.0 3.0
1885 233360 3.0 3.0
1886 233435 3.0 3.0
1887 233501 3.0 3.0
1888 233583 3.0 3.0
1889 233673 3.0 3.0
1890 233759 3.0 3.0
1891 233827 3.0 3.0
1892 233933 3.0 3.0
1893 233996 3.0 3.0
1894 234086 3.0 3.0
1895 234245 3.0 3.0
1896 234323 3.0 3.0
1897 234422 3.0 3.0
1898 234496 3.0 3.0
1899 234555 3.0 3.0
1900 234653 3.0 3.0
1901 234776 3.0 3.0
1902 234886 3.0 3.0
1903 234971 3.0 3.0
1904 235050 3.0 3.0
1905 235142 3.0 3.0
1906 235247 3.0 3.0
1907 235381 3.0 3.0
1908 235487 3.0 3.0
1909 235547 3.0 3.0
1910 235613 3.0 3.0
1911 235689 3.0 3.0
1912 235770 3.0 3.0
1913 235849 3.0 3.0
1914 235972 3.0 3.0
1915 236049 3.0 3.0
1916 236143 3.0 3.0
1917 236210 3.0 3.0
1918 236278 3.0 3.0
1919 236365 3.0 3.0
1920 236440 3.0 3.0
1921 236545 3.0 3.0
1922 236630 3.0 3.0
1923 236704 3.0 3.0
1924 236773 3.0 3.0
1925 236857 3.0 3.0
1926 236913 3.0 3.0
1927 237016 3.0 3.0
1928 237082 3.0 3.0
1929 237174 3.0 3.0
1930 237245 3.0 3.0
1931 237299 3.0 3.0
1932 237408 3.0 3.0
1933 237543 3.0 3.0
1934 237621 3.0 3.0
1935 237709 3.0 3.0
1936 237775 3.0 3.0
1937 237842 3.0 3.0
1938 237918 3.0 3.0
1939 238000 3.0 3.0
1940 238077 3.0 3.0
1941 238161 3.0 3.0
1942 238233 3.0 3.0
1943 238318 3.0 3.0
1944 238512 3.0 3.0
1945 238590 3.0 3.0
1946 238673 3.0 3.0
1947 238769 3.0 3.0
1948 238837 3.0 3.0
1949 238919 3.0 3.0
1950 238991 3.0 3.0
1951 239070 3.0 3.0
1952 239210 3.0 3.0
1953 239288 3.0 3.0
1954 239385 3.0 3.0
1955 239470 3.0 3.0
1956 239540 3.0 3.0
1957 239619 3.0 3.0
1958 239697 3.0 3.0
1959 239775 3.0 3.0
1960 239852 3.0 3.0
1961 240046 3.0 3.0
1962 240180 3.0 3.0
1963 240258 3.0 3.0
1964 240348 3.0 3.0
1965 240497 3.0 3.0
1966 240615 3.0 3.0
1967 240700 3.0 3.0
1968 240790 3.0 3.0
1969 240864 3.0 3.0
1970 240951 3.0 3.0
1971 241028 3.0 3.0
1972 241111 3.0 3.0
1973 241178 3.0 3.0
1974 241250 3.0 3.0
1975 241326 3.0 3.0
1976 241406 3.0 3.0
1977 241510 3.0 3.0
1978 241587 3.0 3.0
1979 241709 3.0 3.0
1980 241770 3.0 3.0
1981 241851 3.0 3.0
1982 241927 3.0 3.0
1983 242037 3.0 3.0
1984 242119 3.0 3.0
1985 242198 3.0 3.0
1986 242290 3.0 3.0
1987 242365 3.0 3.0
1988 242461 3.0 3.0
1989 242536 3.0 3.0
1990 242639 3.0 3.0
1991 242736 3.0 3.0
1992 242825 3.0 3.0
1993 242909 3.0 3.0
1994 242983 3.0 3.0
1995 243101 3.0 3.0
1996 243157 3.0 3.0
1997 243247 3.0 3.0
1998 243339 3.0 3.0
1999 243430 3.0 3.0
2000 243517 3.0 3.0
2001 243625 3.0 3.0
2002 243701 3.0 3.0
2003 243769 3.0 3.0
2004 243880 3.0 3.0
2005 243951 3.0 3.0
2006 244041 3.0 3.0
2007 244113 3.0 3.0
2008 244187 3.0 3.0
2009 244295 3.0 3.0
2010 244383 3.0 3.0
2011 244453 3.0 3.0
2012 244526 3.0 3.0
2013 244595 3.0 3.0
2014 244711 3.0 3.0
2015 244838 3.0 3.0
2016 244927 3.0 3.0
2017 245013 3.0 3.0
2018 245096 3.0 3.0
2019 245217 3.0 3.0
2020 245283 3.0 3.0
2021 245401 3.0 3.0
2022 245462 3.0 3.0
2023 245548 3.0 3.0
2024 245620 3.0 3.0
2025 245692 3.0 3.0
2026 245765 3.0 3.0
2027 245839 3.0 3.0
2028 245917 3.0 3.0
2029 246003 3.0 3.0
2030 246094 3.0 3.0
2031 246173 3.0 3.0
2032 246282 3.0 3.0
2033 246359 3.0 3.0
2034 246456 3.0 3.0
2035 246525 3.0 3.0
2036 246626 3.0 3.0
2037 246734 3.0 3.0
2038 246807 3.0 3.0
2039 246876 3.0 3.0
2040 246961 3.0 3.0
2041 247059 3.0 3.0
2042 247114 3.0 3.0
2043 247188 3.0 3.0
2044 247274 3.0 3.0
2045 247358 3.0 3.0
2046 247455 3.0 3.0
2047 247574 3.0 3.0
2048 247663 3.0 3.0
2049 247734 3.0 3.0
2050 247944 3.0 3.0
2051 248004 3.0 3.0
2052 248062 3.0 3.0
2053 248133 3.0 3.0
2054 248230 3.0 3.0
2055 248308 3.0 3.0
2056 248377 3.0 3.0
2057 248443 3.0 3.0
2058 248535 3.0 3.0
2059 248632 3.0 3.0
2060 248705 3.0 3.0
2061 248778 3.0 3.0
2062 248912 3.0 3.0
2063 249072 3.0 3.0
2064 249136 3.0 3.0
2065 249210 3.0 3.0
2066 249281 3.0 3.0
2067 249352 3.0 3.0
2068 249451 3.0 3.0
2069 249579 3.0 3.0
2070 249661 3.0 3.0
2071 249812 3.0 3.0
2072 249879 3.0 3.0
2073 249968 3.0 3.0
2074 250057 3.0 3.0
2075 250158 3.0 3.0
2076 250243 3.0 3.0
2077 250354 3.0 3.0
2078 250479 3.0 3.0
2079 250561 3.0 3.0
2080 250634 3.0 3.0
2081 250748 3.0 3.0
2082 250816 3.0 3.0
2083 250898 3.0 3.0
2084 250995 3.0 3.0
2085 251109 3.0 3.0
2086 251209 3.0 3.0
2087 251274 3.0 3.0
2088 251447 3.0 3.0
2089 251512 3.0 3.0
2090 251589 3.0 3.0
2091 251673 3.0 3.0
2092 251749 3.0 3.0
2093 251821 3.0 3.0
2094 251912 3.0 3.0
2095 251979 3.0 3.0
2096 252156 3.0 3.0
2097 252234 3.0 3.0
2098 252344 3.0 3.0
2099 252434 3.0 3.0
2100 252508 3.0 3.0
2101 252587 3.0 3.0
2102 252647 3.0 3.0
2103 252727 3.0 3.0
2104 252797 3.0 3.0
2105 252915 3.0 3.0
2106 252977 3.0 3.0
2107 253033 3.0 3.0
2108 253162 3.0 3.0
2109 253239 3.0 3.0
2110 253306 3.0 3.0
2111 253385 3.0 3.0
2112 253479 3.0 3.0
2113 253591 3.0 3.0
2114 253698 3.0 3.0
2115 253788 3.0 3.0
2116 253970 3.0 3.0
2117 254058 3.0 3.0
2118 254127 3.0 3.0
2119 254230 3.0 3.0
2120 254342 3.0 3.0
2121 254421 3.0 3.0
2122 254529 3.0 3.0
2123 254605 3.0 3.0
2124 254657 3.0 3.0
2125 254742 3.0 3.0
2126 254822 3.0 3.0
2127 254897 3.0 3.0
2128 254983 3.0 3.0
2129 255074 3.0 3.0
2130 255152 3.0 3.0
2131 255231 3.0 3.0
2132 255354 3.0 3.0
2133 255445 3.0 3.0
2134 255514 3.0 3.0
2135 255582 3.0 3.0
2136 255682 3.0 3.0
2137 255780 3.0 3.0
2138 255857 3.0 3.0
2139 255937 3.0 3.0
2140 255997 3.0 3.0
2141 256057 3.0 3.0
2142 256140 3.0 3.0
2143 256233 3.0 3.0
2144 256294 3.0 3.0
2145 256372 3.0 3.0
2146 256450 3.0 3.0
2147 256522 3.0 3.0
2148 256602 3.0 3.0
2149 256694 3.0 3.0
2150 256777 3.0 3.0
2151 256871 3.0 3.0
2152 257015 3.0 3.0
2153 257096 3.0 3.0
2154 257167 3.0 3.0
2155 257259 3.0 3.0
2156 257345 3.0 3.0
2157 257432 3.0 3.0
2158 257542 3.0 3.0
2159 257631 3.0 3.0
2160 257760 3.0 3.0
2161 257836 3.0 3.0
2162 257914 3.0 3.0
2163 257983 3.0 3.0
2164 258047 3.0 3.0
2165 258117 3.0 3.0
2166 258194 3.0 3.0
2167 258272 3.0 3.0
2168 258351 3.0 3.0
2169 258424 3.0 3.0
2170 258511 3.0 3.0
2171 258576 3.0 3.0
2172 258648 3.0 3.0
2173 258745 3.0 3.0
2174 258810 3.0 3.0
2175 258901 3.0 3.0
2176 258965 3.0 3.0
2177 259077 3.0 3.0
2178 259172 3.0 3.0
2179 259246 3.0 3.0
2180 259320 3.0 3.0
2181 259400 3.0 3.0
2182 259481 3.0 3.0
2183 259542 3.0 3.0
2184 259624 3.0 3.0
2185 259697 3.0 3.0
2186 259819 3.0 3.0
2187 259900 3.0 3.0
2188 259984 3.0 3.0
2189 260056 3.0 3.0
2190 260138 3.0 3.0
2191 260246 3.0 3.0
2192 260330 3.0 3.0
2193 260399 3.0 3.0
2194 260505 3.0 3.0
2195 260595 3.0 3.0
2196 260719 3.0 3.0
2197 260823 3.0 3.0
2198 260902 3.0 3.0
2199 260981 3.0 3.0
2200 261054 3.0 3.0
2201 261149 3.0 3.0
2202 261219 3.0 3.0
2203 261309 3.0 3.0
2204 261397 3.0 3.0
2205 261487 3.0 3.0
2206 261563 3.0 3.0
2207 261649 3.0 3.0
2208 261805 3.0 3.0
2209 261895 3.0 3.0
2210 261956 3.0 3.0
2211 262057 3.0 3.0
2212 262135 3.0 3.0
2213 262229 3.0 3.0
2214 262298 3.0 3.0
2215 262378 3.0 3.0
2216 262439 3.0 3.0
2217 262526 3.0 3.0
2218 262591 3.0 3.0
2219 262680 3.0 3.0
2220 262783 3.0 3.0
2221 262865 3.0 3.0
2222 263079 3.0 3.0
2223 263156 3.0 3.0
2224 263351 3.0 3.0
2225 263410 3.0 3.0
2226 263511 3.0 3.0
2227 263586 3.0 3.0
2228 263666 3.0 3.0
2229 263734 3.0 3.0
2230 263823 3.0 3.0
2231 263878 3.0 3.0
2232 263965 3.0 3.0
2233 264029 3.0 3.0
2234 264125 3.0 3.0
2235 264209 3.0 3.0
2236 264302 3.0 3.0
2237 264379 3.0 3.0
2238 264450 3.0 3.0
2239 264529 3.0 3.0
2240 264614 3.0 3.0
2241 264718 3.0 3.0
2242 264886 3.0 3.0
2243 264956 3.0 3.0
2244 265044 3.0 3.0
2245 265120 3.0 3.0
2246 265212 3.0 3.0
2247 265279 3.0 3.0
2248 265357 3.0 3.0
2249 265424 3.0 3.0
2250 265517 3.0 3.0
2251 265592 3.0 3.0
2252 265654 3.0 3.0
2253 265747 3.0 3.0
2254 265854 3.0 3.0
2255 265936 3.0 3.0
2256 266036 3.0 3.0
2257 266110 3.0 3.0
2258 266175 3.0 3.0
2259 266247 3.0 3.0
2260 266320 3.0 3.0
2261 266384 3.0 3.0
2262 266493 3.0 3.0
2263 266580 3.0 3.0
2264 266638 3.0 3.0
2265 266719 3.0 3.0
2266 266868 3.0 3.0
2267 266939 3.0 3.0
2268 267012 3.0 3.0
2269 267092 3.0 3.0
2270 267175 3.0 3.0
2271 267280 3.0 3.0
2272 267341 3.0 3.0
2273 267419 3.0 3.0
2274 267518 3.0 3.0
2275 267746 3.0 3.0
2276 267829 3.0 3.0
2277 267904 3.0 3.0
2278 268008 3.0 3.0
2279 268071 3.0 3.0
2280 268169 3.0 3.0
2281 268240 3.0 3.0
2282 268307 3.0 3.0
2283 268418 3.0 3.0
2284 268498 3.0 3.0
2285 268565 3.0 3.0
2286 268643 3.0 3.0
2287 268755 3.0 3.0
2288 268825 3.0 3.0
2289 268894 3.0 3.0
2290 268976 3.0 3.0
2291 269072 3.0 3.0
2292 269169 3.0 3.0
2293 269249 3.0 3.0
2294 269321 3.0 3.0
2295 269382 3.0 3.0
2296 269462 3.0 3.0
2297 269552 3.0 3.0
2298 269629 3.0 3.0
2299 269743 3.0 3.0
2300 269838 3.0 3.0
2301 269934 3.0 3.0
2302 270000 3.0 3.0
2303 270058 3.0 3.0
2304 270178 3.0 3.0
2305 270262 3.0 3.0
2306 270348 3.0 3.0
2307 270422 3.0 3.0
2308 270493 3.0 3.0
2309 270563 3.0 3.0
2310 270629 3.0 3.0
2311 270718 3.0 3.0
2312 270801 3.0 3.0
2313 270869 3.0 3.0
2314 270947 3.0 3.0
2315 271014 3.0 3.0
2316 271070 3.0 3.0
2317 271211 3.0 3.0
2318 271266 3.0 3.0
2319 271328 3.0 3.0
2320 271394 3.0 3.0
2321 271460 3.0 3.0
2322 271534 3.0 3.0
2323 271683 3.0 3.0
2324 271774 3.0 3.0
2325 271916 3.0 3.0
2326 271983 3.0 3.0
2327 272069 3.0 3.0
2328 272181 3.0 3.0
2329 272278 3.0 3.0
2330 272344 3.0 3.0
2331 272418 3.0 3.0
2332 272513 3.0 3.0
2333 272593 3.0 3.0
2334 272686 3.0 3.0
2335 272814 3.0 3.0
2336 272969 3.0 3.0
2337 273030 3.0 3.0
2338 273119 3.0 3.0
2339 273191 3.0 3.0
2340 273276 3.0 3.0
2341 273355 3.0 3.0
2342 273422 3.0 3.0
2343 273502 3.0 3.0
2344 273586 3.0 3.0
2345 273693 3.0 3.0
2346 273761 3.0 3.0
2347 273822 3.0 3.0
2348 273895 3.0 3.0
2349 273979 3.0 3.0
2350 274053 3.0 3.0
2351 274151 3.0 3.0
2352 274280 3.0 3.0
2353 274364 3.0 3.0
2354 274434 3.0 3.0
2355 274509 3.0 3.0
2356 274577 3.0 3.0
2357 274740 3.0 3.0
2358 274840 3.0 3.0
2359 274988 3.0 3.0
2360 275048 3.0 3.0
2361 275130 3.0 3.0
2362 275212 3.0 3.0
2363 275295 3.0 3.0
2364 275361 3.0 3.0
2365 275427 3.0 3.0
2366 275517 3.0 3.0
2367 275626 3.0 3.0
2368 275709 3.0 3.0
2369 275805 3.0 3.0
2370 275874 3.0 3.0
2371 275966 3.0 3.0
2372 276056 3.0 3.0
2373 276164 3.0 3.0
2374 276280 3.0 3.0
2375 276361 3.0 3.0
2376 276422 3.0 3.0
2377 276583 3.0 3.0
2378 276671 3.0 3.0
2379 276740 3.0 3.0
2380 276821 3.0 3.0
2381 276905 3.0 3.0
2382 276976 3.0 3.0
2383 277045 3.0 3.0
2384 277114 3.0 3.0
2385 277195 3.0 3.0
2386 277260 3.0 3.0
2387 277361 3.0 3.0
2388 277461 3.0 3.0
2389 277554 3.0 3.0
2390 277632 3.0 3.0
2391 277716 3.0 3.0
2392 277812 3.0 3.0
2393 277887 3.0 3.0
2394 277993 3.0 3.0
2395 278079 3.0 3.0
2396 278135 3.0 3.0
2397 278283 3.0 3.0
2398 278456 3.0 3.0
2399 278542 3.0 3.0
2400 278612 3.0 3.0
2401 278681 3.0 3.0
2402 278820 3.0 3.0
2403 278890 3.0 3.0
2404 278962 3.0 3.0
2405 279054 3.0 3.0
2406 279253 3.0 3.0
2407 279332 3.0 3.0
2408 279453 3.0 3.0
2409 279559 3.0 3.0
2410 279656 3.0 3.0
2411 279719 3.0 3.0
2412 279805 3.0 3.0
2413 279918 3.0 3.0
2414 280037 3.0 3.0
2415 280094 3.0 3.0
2416 280157 3.0 3.0
2417 280229 3.0 3.0
2418 280365 3.0 3.0
2419 280428 3.0 3.0
2420 280492 3.0 3.0
2421 280651 3.0 3.0
2422 280747 3.0 3.0
2423 280845 3.0 3.0
2424 280908 3.0 3.0
2425 280980 3.0 3.0
2426 281054 3.0 3.0
2427 281197 3.0 3.0
2428 281283 3.0 3.0
2429 281349 3.0 3.0
2430 281435 3.0 3.0
2431 281514 3.0 3.0
2432 281605 3.0 3.0
2433 281674 3.0 3.0
2434 281746 3.0 3.0
2435 281830 3.0 3.0
2436 281922 3.0 3.0
2437 281996 3.0 3.0
2438 282060 3.0 3.0
2439 282137 3.0 3.0
2440 282207 3.0 3.0
2441 282339 3.0 3.0
2442 282422 3.0 3.0
2443 282530 3.0 3.0
2444 282615 3.0 3.0
2445 282701 3.0 3.0
2446 282768 3.0 3.0
2447 282837 3.0 3.0
2448 282904 3.0 3.0
2449 282984 3.0 3.0
2450 283045 3.0 3.0
2451 283108 3.0 3.0
2452 283201 3.0 3.0
2453 283357 3.0 3.0
2454 283559 3.0 3.0
2455 283644 3.0 3.0
2456 283720 3.0 3.0
2457 283814 3.0 3.0
2458 283880 3.0 3.0
2459 283956 3.0 3.0
2460 284028 3.0 3.0
2461 284108 3.0 3.0
2462 284204 3.0 3.0
2463 284269 3.0 3.0
2464 284339 3.0 3.0
2465 284418 3.0 3.0
2466 284487 3.0 3.0
2467 284555 3.0 3.0
2468 284637 3.0 3.0
2469 284745 3.0 3.0
2470 284828 3.0 3.0
2471 284953 3.0 3.0
2472 285018 3.0 3.0
2473 285092 3.0 3.0
2474 285159 3.0 3.0
2475 285245 3.0 3.0
2476 285310 3.0 3.0
2477 285428 3.0 3.0
2478 285506 3.0 3.0
2479 285592 3.0 3.0
2480 285659 3.0 3.0
2481 285812 3.0 3.0
2482 285896 3.0 3.0
2483 285968 3.0 3.0
2484 286036 3.0 3.0
2485 286197 3.0 3.0
2486 286305 3.0 3.0
2487 286377 3.0 3.0
2488 286442 3.0 3.0
2489 286521 3.0 3.0
2490 286603 3.0 3.0
2491 286731 3.0 3.0
2492 286811 3.0 3.0
2493 286914 3.0 3.0
2494 286984 3.0 3.0
2495 287065 3.0 3.0
2496 287135 3.0 3.0
2497 287239 3.0 3.0
2498 287300 3.0 3.0
2499 287361 3.0 3.0
2500 287423 3.0 3.0
2501 287523 3.0 3.0
2502 287592 3.0 3.0
2503 287688 3.0 3.0
2504 287760 3.0 3.0
2505 287823 3.0 3.0
2506 287924 3.0 3.0
2507 288012 3.0 3.0
2508 288097 3.0 3.0
2509 288169 3.0 3.0
2510 288251 3.0 3.0
2511 288332 3.0 3.0
2512 288394 3.0 3.0
2513 288464 3.0 3.0
2514 288547 3.0 3.0
2515 288641 3.0 3.0
2516 288714 3.0 3.0
2517 288782 3.0 3.0
2518 288866 3.0 3.0
2519 288937 3.0 3.0
2520 289008 3.0 3.0
2521 289080 3.0 3.0
2522 289164 3.0 3.0
2523 289372 3.0 3.0
2524 289441 3.0 3.0
2525 289509 3.0 3.0
2526 289619 3.0 3.0
2527 289679 3.0 3.0
2528 289744 3.0 3.0
2529 289807 3.0 3.0
2530 289987 3.0 3.0
2531 290126 3.0 3.0
2532 290191 3.0 3.0
2533 290269 3.0 3.0
2534 290381 3.0 3.0
2535 290482 3.0 3.0
2536 290580 3.0 3.0
2537 290640 3.0 3.0
2538 290722 3.0 3.0
2539 290811 3.0 3.0
2540 290925 3.0 3.0
2541 290995 3.0 3.0
2542 291073 3.0 3.0
2543 291162 3.0 3.0
2544 291244 3.0 3.0
2545 291325 3.0 3.0
2546 291475 3.0 3.0
2547 291552 3.0 3.0
2548 291637 3.0 3.0
2549 291697 3.0 3.0
2550 291770 3.0 3.0
2551 291850 3.0 3.0
2552 291921 3.0 3.0
2553 291999 3.0 3.0
2554 292089 3.0 3.0
2555 292157 3.0 3.0
2556 292232 3.0 3.0
2557 292300 3.0 3.0
2558 292375 3.0 3.0
2559 292459 3.0 3.0
2560 292540 3.0 3.0
2561 292645 3.0 3.0
2562 292708 3.0 3.0
2563 292804 3.0 3.0
2564 292890 3.0 3.0
2565 292984 3.0 3.0
2566 293056 3.0 3.0
2567 293138 3.0 3.0
2568 293212 3.0 3.0
2569 293272 3.0 3.0
2570 293353 3.0 3.0
2571 293432 3.0 3.0
2572 293632 3.0 3.0
2573 293720 3.0 3.0
2574 293799 3.0 3.0
2575 293872 3.0 3.0
2576 293946 3.0 3.0
2577 294060 3.0 3.0
2578 294147 3.0 3.0
2579 294213 3.0 3.0
2580 294292 3.0 3.0
2581 294381 3.0 3.0
2582 294454 3.0 3.0
2583 294514 3.0 3.0
2584 294608 3.0 3.0
2585 294686 3.0 3.0
2586 294767 3.0 3.0
2587 294874 3.0 3.0
2588 294944 3.0 3.0
2589 295020 3.0 3.0
2590 295081 3.0 3.0
2591 295150 3.0 3.0
2592 295231 3.0 3.0
2593 295300 3.0 3.0
2594 295383 3.0 3.0
2595 295539 3.0 3.0
2596 295621 3.0 3.0
2597 295677 3.0 3.0
2598 295755 3.0 3.0
2599 295837 3.0 3.0
2600 295919 3.0 3.0
2601 295995 3.0 3.0
2602 296119 3.0 3.0
2603 296184 3.0 3.0
2604 296265 3.0 3.0
2605 296317 3.0 3.0
2606 296381 3.0 3.0
2607 296452 3.0 3.0
2608 296536 3.0 3.0
2609 296604 3.0 3.0
2610 296674 3.0 3.0
2611 296752 3.0 3.0
2612 296830 3.0 3.0
2613 296921 3.0 3.0
2614 296975 3.0 3.0
2615 297056 3.0 3.0
2616 297157 3.0 3.0
2617 297233 3.0 3.0
2618 297315 3.0 3.0
2619 297399 3.0 3.0
2620 297469 3.0 3.0
2621 297525 3.0 3.0
2622 297592 3.0 3.0
2623 297730 3.0 3.0
2624 297819 3.0 3.0
2625 297910 3.0 3.0
2626 297992 3.0 3.0
2627 298056 3.0 3.0
2628 298169 3.0 3.0
2629 298257 3.0 3.0
2630 298320 3.0 3.0
2631 298400 3.0 3.0
2632 298466 3.0 3.0
2633 298531 3.0 3.0
2634 298598 3.0 3.0
2635 298764 3.0 3.0
2636 298836 3.0 3.0
2637 298921 3.0 3.0
2638 298999 3.0 3.0
2639 299083 3.0 3.0
2640 299172 3.0 3.0
2641 299241 3.0 3.0
2642 299316 3.0 3.0
2643 299411 3.0 3.0
2644 299504 3.0 3.0
2645 299608 3.0 3.0
2646 299693 3.0 3.0
2647 299766 3.0 3.0
2648 299832 3.0 3.0
2649 299911 3.0 3.0
2650 299980 3.0 3.0
2651 300047 3.0 3.0
2652 300109 3.0 3.0
2653 300181 3.0 3.0
2654 300248 3.0 3.0
2655 300332 3.0 3.0
2656 300424 3.0 3.0
2657 300518 3.0 3.0
2658 300586 3.0 3.0
2659 300662 3.0 3.0
2660 300715 3.0 3.0
2661 300785 3.0 3.0
2662 300872 3.0 3.0
2663 300944 3.0 3.0
2664 301038 3.0 3.0
2665 301119 3.0 3.0
2666 301261 3.0 3.0
2667 301356 3.0 3.0
2668 301421 3.0 3.0
2669 301487 3.0 3.0
2670 301551 3.0 3.0
2671 301624 3.0 3.0
2672 301678 3.0 3.0
2673 301761 3.0 3.0
2674 301905 3.0 3.0
2675 302032 3.0 3.0
2676 302102 3.0 3.0
2677 302164 3.0 3.0
2678 302233 3.0 3.0
2679 302319 3.0 3.0
2680 302402 3.0 3.0
2681 302542 3.0 3.0
2682 302626 3.0 3.0
2683 302707 3.0 3.0
2684 302772 3.0 3.0
2685 302837 3.0 3.0
2686 302906 3.0 3.0
2687 302993 3.0 3.0
2688 303063 3.0 3.0
2689 303146 3.0 3.0
2690 303223 3.0 3.0
2691 303294 3.0 3.0
2692 303373 3.0 3.0
2693 303448 3.0 3.0
2694 303612 3.0 3.0
2695 303775 3.0 3.0
2696 303833 3.0 3.0
2697 303895 3.0 3.0
2698 303987 3.0 3.0
2699 304081 3.0 3.0
2700 304145 3.0 3.0
2701 304212 3.0 3.0
2702 304288 3.0 3.0
2703 304399 3.0 3.0
2704 304506 3.0 3.0
2705 304563 3.0 3.0
2706 304635 3.0 3.0
2707 304702 3.0 3.0
2708 304769 3.0 3.0
2709 304845 3.0 3.0
2710 304922 3.0 3.0
2711 305017 3.0 3.0
2712 305086 3.0 3.0
2713 305196 3.0 3.0
2714 305276 3.0 3.0
2715 305397 3.0 3.0
2716 305459 3.0 3.0
2717 305557 3.0 3.0
2718 305630 3.0 3.0
2719 305813 3.0 3.0
2720 305875 3.0 3.0
2721 305949 3.0 3.0
2722 306029 3.0 3.0
2723 306103 3.0 3.0
2724 306183 3.0 3.0
2725 306354 3.0 3.0
2726 306430 3.0 3.0
2727 306501 3.0 3.0
2728 306582 3.0 3.0
2729 306669 3.0 3.0
2730 306735 3.0 3.0
2731 306813 3.0 3.0
2732 306886 3.0 3.0
2733 306969 3.0 3.0
2734 307048 3.0 3.0
2735 307121 3.0 3.0
2736 307207 3.0 3.0
2737 307286 3.0 3.0
2738 307353 3.0 3.0
2739 307424 3.0 3.0
2740 307558 3.0 3.0
2741 307635 3.0 3.0
2742 307702 3.0 3.0
2743 307793 3.0 3.0
2744 307882 3.0 3.0
2745 307946 3.0 3.0
2746 308027 3.0 3.0
2747 308122 3.0 3.0
2748 308196 3.0 3.0
2749 308282 3.0 3.0
2750 308359 3.0 3.0
2751 308428 3.0 3.0
2752 308519 3.0 3.0
2753 308579 3.0 3.0
2754 308649 3.0 3.0
2755 308709 3.0 3.0
2756 308788 3.0 3.0
2757 308875 3.0 3.0
2758 308966 3.0 3.0
2759 309047 3.0 3.0
2760 309120 3.0 3.0
2761 309202 3.0 3.0
2762 309310 3.0 3.0
2763 309382 3.0 3.0
2764 309450 3.0 3.0
2765 309540 3.0 3.0
2766 309618 3.0 3.0
2767 309692 3.0 3.0
2768 309768 3.0 3.0
2769 309831 3.0 3.0
2770 309927 3.0 3.0
2771 309986 3.0 3.0
2772 310057 3.0 3.0
2773 310133 3.0 3.0
2774 310203 3.0 3.0
2775 310280 3.0 3.0
2776 310376 3.0 3.0
2777 310466 3.0 3.0
2778 310548 3.0 3.0
2779 310625 3.0 3.0
2780 310713 3.0 3.0
2781 310798 3.0 3.0
2782 310884 3.0 3.0
2783 310954 3.0 3.0
2784 311017 3.0 3.0
2785 311073 3.0 3.0
2786 311223 3.0 3.0
2787 311308 3.0 3.0
2788 311398 3.0 3.0
2789 311483 3.0 3.0
2790 311562 3.0 3.0
2791 311649 3.0 3.0
2792 311758 3.0 3.0
2793 311818 3.0 3.0
2794 311895 3.0 3.0
2795 311960 3.0 3.0
2796 312029 3.0 3.0
2797 312098 3.0 3.0
2798 312185 3.0 3.0
2799 312264 3.0 3.0
2800 312557 3.0 3.0
2801 312633 3.0 3.0
2802 312695 3.0 3.0
2803 312775 3.0 3.0
2804 312833 3.0 3.0
2805 312902 3.0 3.0
2806 312989 3.0 3.0
2807 313081 3.0 3.0
2808 313160 3.0 3.0
2809 313246 3.0 3.0
2810 313326 3.0 3.0
2811 313406 3.0 3.0
2812 313497 3.0 3.0
2813 313559 3.0 3.0
2814 313635 3.0 3.0
2815 313701 3.0 3.0
2816 313796 3.0 3.0
2817 313866 3.0 3.0
2818 313927 3.0 3.0
2819 314063 3.0 3.0
2820 314137 3.0 3.0
2821 314196 3.0 3.0
2822 314261 3.0 3.0
2823 314337 3.0 3.0
2824 314405 3.0 3.0
2825 314483 3.0 3.0
2826 314556 3.0 3.0
2827 314630 3.0 3.0
2828 314700 3.0 3.0
2829 314768 3.0 3.0
2830 314861 3.0 3.0
2831 314941 3.0 3.0
2832 315015 3.0 3.0
2833 315082 3.0 3.0
2834 315257 3.0 3.0
2835 315389 3.0 3.0
2836 315461 3.0 3.0
2837 315541 3.0 3.0
2838 315693 3.0 3.0
2839 315782 3.0 3.0
2840 315871 3.0 3.0
2841 315945 3.0 3.0
2842 316011 3.0 3.0
2843 316082 3.0 3.0
2844 316163 3.0 3.0
2845 316236 3.0 3.0
2846 316315 3.0 3.0
2847 316397 3.0 3.0
2848 316481 3.0 3.0
2849 316541 3.0 3.0
2850 316622 3.0 3.0
2851 316681 3.0 3.0
2852 316850 3.0 3.0
2853 316907 3.0 3.0
2854 317003 3.0 3.0
2855 317082 3.0 3.0
2856 317155 3.0 3.0
2857 317231 3.0 3.0
2858 317306 3.0 3.0
2859 317389 3.0 3.0
2860 317482 3.0 3.0
2861 317548 3.0 3.0
2862 317627 3.0 3.0
2863 317684 3.0 3.0
2864 317754 3.0 3.0
2865 317839 3.0 3.0
2866 317918 3.0 3.0
2867 317981 3.0 3.0
2868 318125 3.0 3.0
2869 318201 3.0 3.0
2870 318270 3.0 3.0
2871 318341 3.0 3.0
2872 318404 3.0 3.0
2873 318481 3.0 3.0
2874 318557 3.0 3.0
2875 318652 3.0 3.0
2876 318726 3.0 3.0
2877 318816 3.0 3.0
2878 318890 3.0 3.0
2879 318981 3.0 3.0
2880 319156 3.0 3.0
2881 319221 3.0 3.0
2882 319305 3.0 3.0
2883 319381 3.0 3.0
2884 319486 3.0 3.0
2885 319546 3.0 3.0
2886 319613 3.0 3.0
2887 319671 3.0 3.0
2888 319765 3.0 3.0
2889 319859 3.0 3.0
2890 319932 3.0 3.0
2891 319997 3.0 3.0
2892 320061 3.0 3.0
2893 320167 3.0 3.0
2894 320241 3.0 3.0
2895 320320 3.0 3.0
2896 320401 3.0 3.0
2897 320468 3.0 3.0
2898 320547 3.0 3.0
2899 320617 3.0 3.0
2900 320720 3.0 3.0
2901 320780 3.0 3.0
2902 320847 3.0 3.0
2903 320909 3.0 3.0
2904 320970 3.0 3.0
2905 321049 3.0 3.0
2906 321115 3.0 3.0
2907 321218 3.0 3.0
2908 321287 3.0 3.0
2909 321361 3.0 3.0
2910 321437 3.0 3.0
2911 321517 3.0 3.0
2912 321590 3.0 3.0
2913 321667 3.0 3.0
2914 321746 3.0 3.0
2915 321818 3.0 3.0
2916 321889 3.0 3.0
2917 321962 3.0 3.0
2918 322026 3.0 3.0
2919 322099 3.0 3.0
2920 322168 3.0 3.0
2921 322267 3.0 3.0
2922 322360 3.0 3.0
2923 322433 3.0 3.0
2924 322508 3.0 3.0
2925 322808 2.0 2.99
2926 322871 3.0 2.99
2927 322984 3.0 2.99
2928 323069 3.0 2.99
2929 323136 3.0 2.99
2930 323211 3.0 2.99
2931 323285 3.0 2.99
2932 323350 3.0 2.99
2933 323440 3.0 2.99
2934 323501 3.0 2.99
2935 323590 3.0 2.99
2936 323658 3.0 2.99
2937 323721 3.0 2.99
2938 323809 3.0 2.99
2939 323871 3.0 2.99
2940 323923 3.0 2.99
2941 323987 3.0 2.99
2942 324078 3.0 2.99
2943 324155 3.0 2.99
2944 324259 3.0 2.99
2945 324329 3.0 2.99
2946 324400 3.0 2.99
2947 324494 3.0 2.99
2948 324584 3.0 2.99
2949 324686 3.0 2.99
2950 324744 3.0 2.99
2951 324818 3.0 2.99
2952 324882 3.0 2.99
2953 324946 3.0 2.99
2954 325014 3.0 2.99
2955 325085 3.0 2.99
2956 325213 3.0 2.99
2957 325294 3.0 2.99
2958 325380 3.0 2.99
2959 325461 3.0 2.99
2960 325557 3.0 2.99
2961 325662 3.0 2.99
2962 325720 3.0 2.99
2963 325831 3.0 2.99
2964 325906 3.0 2.99
2965 325996 3.0 2.99
2966 326061 3.0 2.99
2967 326130 3.0 2.99
2968 326207 3.0 2.99
2969 326268 3.0 2.99
2970 326344 3.0 2.99
2971 326406 3.0 2.99
2972 326512 3.0 2.99
2973 326590 3.0 2.99
2974 326667 3.0 2.99
2975 326745 3.0 2.99
2976 326819 3.0 2.99
2977 326893 3.0 2.99
2978 326980 3.0 2.99
2979 327048 3.0 2.99
2980 327132 3.0 2.99
2981 327210 3.0 2.99
2982 327293 3.0 2.99
2983 327357 3.0 2.99
2984 327417 3.0 2.99
2985 327490 3.0 2.99
2986 327578 3.0 2.99
2987 327647 3.0 2.99
2988 327740 3.0 2.99
2989 327829 3.0 2.99
2990 327890 3.0 2.99
2991 327970 3.0 2.99
2992 328037 3.0 2.99
2993 328107 3.0 2.99
2994 328195 3.0 2.99
2995 328277 3.0 2.99
2996 328357 3.0 2.99
2997 328419 3.0 2.99
2998 328488 3.0 2.99
2999 328553 3.0 2.99
3000 328628 3.0 2.99
3001 328714 3.0 2.99
3002 328800 3.0 2.99
3003 328889 3.0 2.99
3004 328967 3.0 2.99
3005 329052 3.0 2.99
3006 329261 3.0 2.99
3007 329325 3.0 2.99
3008 329390 3.0 2.99
3009 329486 3.0 2.99
3010 329572 3.0 2.99
3011 329647 3.0 2.99
3012 329725 3.0 2.99
3013 329793 3.0 2.99
3014 329890 3.0 2.99
3015 330011 3.0 2.99
3016 330073 3.0 2.99
3017 330148 3.0 2.99
3018 330213 3.0 2.99
3019 330278 3.0 2.99
3020 330352 3.0 2.99
3021 330424 3.0 2.99
3022 330488 3.0 2.99
3023 330561 3.0 2.99
3024 330642 3.0 2.99
3025 330707 3.0 3.0
3026 330819 3.0 3.0
3027 330896 3.0 3.0
3028 330968 3.0 3.0
3029 331060 3.0 3.0
3030 331138 3.0 3.0
3031 331205 3.0 3.0
3032 331278 3.0 3.0
3033 331418 3.0 3.0
3034 331538 3.0 3.0
3035 331637 3.0 3.0
3036 331698 3.0 3.0
3037 331807 3.0 3.0
3038 331895 3.0 3.0
3039 331969 3.0 3.0
3040 332042 3.0 3.0
3041 332108 3.0 3.0
3042 332199 3.0 3.0
3043 332301 3.0 3.0
3044 332404 3.0 3.0
3045 332496 3.0 3.0
3046 332589 3.0 3.0
3047 332654 3.0 3.0
3048 332755 3.0 3.0
3049 332816 3.0 3.0
3050 332909 3.0 3.0
3051 333025 3.0 3.0
3052 333101 3.0 3.0
3053 333164 3.0 3.0
3054 333301 3.0 3.0
3055 333389 3.0 3.0
3056 333468 3.0 3.0
3057 333552 3.0 3.0
3058 333612 3.0 3.0
3059 333711 3.0 3.0
3060 333841 3.0 3.0
3061 334026 3.0 3.0
3062 334099 3.0 3.0
3063 334173 3.0 3.0
3064 334281 3.0 3.0
3065 334345 3.0 3.0
3066 334427 3.0 3.0
3067 334495 3.0 3.0
3068 334567 3.0 3.0
3069 334675 3.0 3.0
3070 334762 3.0 3.0
3071 334867 3.0 3.0
3072 334999 3.0 3.0
3073 335058 3.0 3.0
3074 335135 3.0 3.0
3075 335212 3.0 3.0
3076 335309 3.0 3.0
3077 335368 3.0 3.0
3078 335438 3.0 3.0
3079 335508 3.0 3.0
3080 335580 3.0 3.0
3081 335656 3.0 3.0
3082 335717 3.0 3.0
3083 335790 3.0 3.0
3084 335867 3.0 3.0
3085 335951 3.0 3.0
3086 336052 3.0 3.0
3087 336113 3.0 3.0
3088 336190 3.0 3.0
3089 336263 3.0 3.0
3090 336356 3.0 3.0
3091 336430 3.0 3.0
3092 336510 3.0 3.0
3093 336643 3.0 3.0
3094 336701 3.0 3.0
3095 336770 3.0 3.0
3096 336883 3.0 3.0
3097 336954 3.0 3.0
3098 337019 3.0 3.0
3099 337081 3.0 3.0
3100 337159 3.0 3.0
3101 337225 3.0 3.0
3102 337323 3.0 3.0
3103 337413 3.0 3.0
3104 337494 3.0 3.0
3105 337578 3.0 3.0
3106 337654 3.0 3.0
3107 337749 3.0 3.0
3108 337817 3.0 3.0
3109 337899 3.0 3.0
3110 337954 3.0 3.0
3111 338059 3.0 3.0
3112 338126 3.0 3.0
3113 338212 3.0 3.0
3114 338385 3.0 3.0
3115 338506 3.0 3.0
3116 338577 3.0 3.0
3117 338653 3.0 3.0
3118 338731 3.0 3.0
3119 338802 3.0 3.0
3120 338879 3.0 3.0
3121 338952 3.0 3.0
3122 339009 3.0 3.0
3123 339147 3.0 3.0
3124 339208 3.0 3.0
3125 339301 3.0 3.0
3126 339367 3.0 3.0
3127 339440 3.0 3.0
3128 339511 3.0 3.0
3129 339580 3.0 3.0
3130 339660 3.0 3.0
3131 339748 3.0 3.0
3132 339830 3.0 3.0
3133 339908 3.0 3.0
3134 339970 3.0 3.0
3135 340043 3.0 3.0
3136 340120 3.0 3.0
3137 340191 3.0 3.0
3138 340300 3.0 3.0
3139 340378 3.0 3.0
3140 340449 3.0 3.0
3141 340519 3.0 3.0
3142 340607 3.0 3.0
3143 340683 3.0 3.0
3144 340755 3.0 3.0
3145 340906 3.0 3.0
3146 340986 3.0 3.0
3147 341060 3.0 3.0
3148 341159 3.0 3.0
3149 341250 3.0 3.0
3150 341314 3.0 3.0
3151 341414 3.0 3.0
3152 341512 3.0 3.0
3153 341638 3.0 3.0
3154 341712 3.0 3.0
3155 341791 3.0 3.0
3156 341850 3.0 3.0
3157 341917 3.0 3.0
3158 342034 3.0 3.0
3159 342103 3.0 3.0
3160 342186 3.0 3.0
3161 342243 3.0 3.0
3162 342347 3.0 3.0
3163 342450 3.0 3.0
3164 342532 3.0 3.0
3165 342606 3.0 3.0
3166 342674 3.0 3.0
3167 342745 3.0 3.0
3168 342811 3.0 3.0
3169 342882 3.0 3.0
3170 342961 3.0 3.0
3171 343065 3.0 3.0
3172 343143 3.0 3.0
3173 343215 3.0 3.0
3174 343381 3.0 3.0
3175 343461 3.0 3.0
3176 343537 3.0 3.0
3177 343611 3.0 3.0
3178 343696 3.0 3.0
3179 343773 3.0 3.0
3180 343856 3.0 3.0
3181 343943 3.0 3.0
3182 344003 3.0 3.0
3183 344074 3.0 3.0
3184 344155 3.0 3.0
3185 344235 3.0 3.0
3186 344307 3.0 3.0
3187 344383 3.0 3.0
3188 344461 3.0 3.0
3189 344545 3.0 3.0
3190 344621 3.0 3.0
3191 344736 3.0 3.0
3192 344819 3.0 3.0
3193 344910 3.0 3.0
3194 345017 3.0 3.0
3195 345092 3.0 3.0
3196 345210 3.0 3.0
3197 345325 3.0 3.0
3198 345410 3.0 3.0
3199 345485 3.0 3.0
3200 345558 3.0 3.0
3201 345624 3.0 3.0
3202 345682 3.0 3.0
3203 345769 3.0 3.0
3204 345841 3.0 3.0
3205 345904 3.0 3.0
3206 346043 3.0 3.0
3207 346108 3.0 3.0
3208 346206 3.0 3.0
3209 346288 3.0 3.0
3210 346365 3.0 3.0
3211 346446 3.0 3.0
3212 346520 3.0 3.0
3213 346589 3.0 3.0
3214 346657 3.0 3.0
3215 346765 3.0 3.0
3216 346857 3.0 3.0
3217 346938 3.0 3.0
3218 347002 3.0 3.0
3219 347094 3.0 3.0
3220 347158 3.0 3.0
3221 347260 3.0 3.0
3222 347323 3.0 3.0
3223 347389 3.0 3.0
3224 347473 3.0 3.0
3225 347552 3.0 3.0
3226 347626 3.0 3.0
3227 347707 3.0 3.0
3228 347787 3.0 3.0
3229 347882 3.0 3.0
3230 347945 3.0 3.0
3231 348023 3.0 3.0
3232 348093 3.0 3.0
3233 348169 3.0 3.0
3234 348244 3.0 3.0
3235 348308 3.0 3.0
3236 348394 3.0 3.0
3237 348449 3.0 3.0
3238 348520 3.0 3.0
3239 348586 3.0 3.0
3240 348648 3.0 3.0
3241 348734 3.0 3.0
3242 348802 3.0 3.0
3243 348883 3.0 3.0
3244 348951 3.0 3.0
3245 349013 3.0 3.0
3246 349076 3.0 3.0
3247 349144 3.0 3.0
3248 349198 3.0 3.0
3249 349265 3.0 3.0
3250 349324 3.0 3.0
3251 349414 3.0 3.0
3252 349512 3.0 3.0
3253 349579 3.0 3.0
3254 349649 3.0 3.0
3255 349729 3.0 3.0
3256 349834 3.0 3.0
3257 349890 3.0 3.0
3258 349980 3.0 3.0
3259 350047 3.0 3.0
3260 350126 3.0 3.0
3261 350272 3.0 3.0
3262 350359 3.0 3.0
3263 350435 3.0 3.0
3264 350512 3.0 3.0
3265 350604 3.0 3.0
3266 350691 3.0 3.0
3267 350853 3.0 3.0
3268 350935 3.0 3.0
3269 351015 3.0 3.0
3270 351104 3.0 3.0
3271 351226 3.0 3.0
3272 351303 3.0 3.0
3273 351369 3.0 3.0
3274 351435 3.0 3.0
3275 351518 3.0 3.0
3276 351596 3.0 3.0
3277 351665 3.0 3.0
3278 351730 3.0 3.0
3279 351806 3.0 3.0
3280 351875 3.0 3.0
3281 351939 3.0 3.0
3282 352017 3.0 3.0
3283 352084 3.0 3.0
3284 352148 3.0 3.0
3285 352221 3.0 3.0
3286 352278 3.0 3.0
3287 352339 3.0 3.0
3288 352416 3.0 3.0
3289 352505 3.0 3.0
3290 352589 3.0 3.0
3291 352750 3.0 3.0
3292 352818 3.0 3.0
3293 352881 3.0 3.0
3294 352948 3.0 3.0
3295 353027 3.0 3.0
3296 353087 3.0 3.0
3297 353180 3.0 3.0
3298 353264 3.0 3.0
3299 353342 3.0 3.0
3300 353456 3.0 3.0
3301 353545 3.0 3.0
3302 353612 3.0 3.0
3303 353736 3.0 3.0
3304 353823 3.0 3.0
3305 353896 3.0 3.0
3306 353966 3.0 3.0
3307 354056 3.0 3.0
3308 354131 3.0 3.0
3309 354210 3.0 3.0
3310 354268 3.0 3.0
3311 354354 3.0 3.0
3312 354424 3.0 3.0
3313 354494 3.0 3.0
3314 354575 3.0 3.0
3315 354676 3.0 3.0
3316 354737 3.0 3.0
3317 354834 3.0 3.0
3318 354911 3.0 3.0
3319 354987 3.0 3.0
3320 355050 3.0 3.0
3321 355131 3.0 3.0
3322 355238 3.0 3.0
3323 355298 3.0 3.0
3324 355416 3.0 3.0
3325 355486 3.0 3.0
3326 355548 3.0 3.0
3327 355604 3.0 3.0
3328 355689 3.0 3.0
3329 355754 3.0 3.0
3330 355835 3.0 3.0
3331 355899 3.0 3.0
3332 355963 3.0 3.0
3333 356115 3.0 3.0
3334 356185 3.0 3.0
3335 356247 3.0 3.0
3336 356367 3.0 3.0
3337 356436 3.0 3.0
3338 356510 3.0 3.0
3339 356573 3.0 3.0
3340 356646 3.0 3.0
3341 356732 3.0 3.0
3342 356813 3.0 3.0
3343 356893 3.0 3.0
3344 356950 3.0 3.0
3345 357018 3.0 3.0
3346 357080 3.0 3.0
3347 357159 3.0 3.0
3348 357239 3.0 3.0
3349 357318 3.0 3.0
3350 357381 3.0 3.0
3351 357455 3.0 3.0
3352 357600 3.0 3.0
3353 357686 3.0 3.0
3354 357760 3.0 3.0
3355 357831 3.0 3.0
3356 357939 3.0 3.0
3357 358022 3.0 3.0
3358 358098 3.0 3.0
3359 358219 3.0 3.0
3360 358305 3.0 3.0
3361 358367 3.0 3.0
3362 358447 3.0 3.0
3363 358531 3.0 3.0
3364 358607 3.0 3.0
3365 358674 3.0 3.0
3366 358750 3.0 3.0
3367 358827 3.0 3.0
3368 358891 3.0 3.0
3369 358974 3.0 3.0
3370 359041 3.0 3.0
3371 359102 3.0 3.0
3372 359172 3.0 3.0
3373 359240 3.0 3.0
3374 359315 3.0 3.0
3375 359389 3.0 3.0
3376 359469 3.0 3.0
3377 359544 3.0 3.0
3378 359609 3.0 3.0
3379 359689 3.0 3.0
3380 359773 3.0 3.0
3381 359838 3.0 3.0
3382 359905 3.0 3.0
3383 359963 3.0 3.0
3384 360035 3.0 3.0
3385 360111 3.0 3.0
3386 360266 3.0 3.0
3387 360329 3.0 3.0
3388 360386 3.0 3.0
3389 360461 3.0 3.0
3390 360538 3.0 3.0
3391 360648 3.0 3.0
3392 360716 3.0 3.0
3393 360784 3.0 3.0
3394 360973 3.0 3.0
3395 361110 3.0 3.0
3396 361174 3.0 3.0
3397 361244 3.0 3.0
3398 361326 3.0 3.0
3399 361402 3.0 3.0
3400 361484 3.0 3.0
3401 361562 3.0 3.0
3402 361619 3.0 3.0
3403 361665 3.0 3.0
3404 361731 3.0 3.0
3405 361805 3.0 3.0
3406 361885 3.0 3.0
3407 361976 3.0 3.0
3408 362041 3.0 3.0
3409 362107 3.0 3.0
3410 362183 3.0 3.0
3411 362260 3.0 3.0
3412 362340 3.0 3.0
3413 362407 3.0 3.0
3414 362481 3.0 3.0
3415 362553 3.0 3.0
3416 362653 3.0 3.0
3417 362745 3.0 3.0
3418 362813 3.0 3.0
3419 362901 3.0 3.0
3420 363039 3.0 3.0
3421 363100 3.0 3.0
3422 363225 3.0 3.0
3423 363304 3.0 3.0
3424 363378 3.0 3.0
3425 363457 3.0 3.0
3426 363564 3.0 3.0
3427 363620 3.0 3.0
3428 363755 3.0 3.0
3429 363829 3.0 3.0
3430 363920 3.0 3.0
3431 363983 3.0 3.0
3432 364052 3.0 3.0
3433 364147 3.0 3.0
3434 364221 3.0 3.0
3435 364291 3.0 3.0
3436 364354 3.0 3.0
3437 364431 3.0 3.0
3438 364505 3.0 3.0
3439 364606 3.0 3.0
3440 364695 3.0 3.0
3441 364782 3.0 3.0
3442 364869 3.0 3.0
3443 364954 3.0 3.0
3444 365022 3.0 3.0
3445 365172 3.0 3.0
3446 365249 3.0 3.0
3447 365347 3.0 3.0
3448 365418 3.0 3.0
3449 365492 3.0 3.0
3450 365568 3.0 3.0
3451 365662 3.0 3.0
3452 365752 3.0 3.0
3453 365819 3.0 3.0
3454 365939 3.0 3.0
3455 366024 3.0 3.0
3456 366094 3.0 3.0
3457 366168 3.0 3.0
3458 366246 3.0 3.0
3459 366315 3.0 3.0
3460 366376 3.0 3.0
3461 366444 3.0 3.0
3462 366531 3.0 3.0
3463 366631 3.0 3.0
3464 366711 3.0 3.0
3465 366784 3.0 3.0
3466 366870 3.0 3.0
3467 366956 3.0 3.0
3468 367019 3.0 3.0
3469 367118 3.0 3.0
3470 367205 3.0 3.0
3471 367286 3.0 3.0
3472 367359 3.0 3.0
3473 367458 3.0 3.0
3474 367520 3.0 3.0
3475 367593 3.0 3.0
3476 367663 3.0 3.0
3477 367733 3.0 3.0
3478 367825 3.0 3.0
3479 367898 3.0 3.0
3480 367979 3.0 3.0
3481 368101 3.0 3.0
3482 368188 3.0 3.0
3483 368259 3.0 3.0
3484 368339 3.0 3.0
3485 368431 3.0 3.0
3486 368518 3.0 3.0
3487 368607 3.0 3.0
3488 368663 3.0 3.0
3489 368724 3.0 3.0
3490 368801 3.0 3.0
3491 368884 3.0 3.0
3492 368956 3.0 3.0
3493 369074 3.0 3.0
3494 369143 3.0 3.0
3495 369220 3.0 3.0
3496 369287 3.0 3.0
3497 369379 3.0 3.0
3498 369443 3.0 3.0
3499 369510 3.0 3.0
3500 369569 3.0 3.0
3501 369654 3.0 3.0
3502 369740 3.0 3.0
3503 369822 3.0 3.0
3504 369894 3.0 3.0
3505 369973 3.0 3.0
3506 370038 3.0 3.0
3507 370108 3.0 3.0
3508 370167 3.0 3.0
3509 370232 3.0 3.0
3510 370301 3.0 3.0
3511 370354 3.0 3.0
3512 370464 3.0 3.0
3513 370553 3.0 3.0
3514 370618 3.0 3.0
3515 370740 3.0 3.0
3516 370818 3.0 3.0
3517 370888 3.0 3.0
3518 370958 3.0 3.0
3519 371072 3.0 3.0
3520 371151 3.0 3.0
3521 371241 3.0 3.0
3522 371313 3.0 3.0
3523 371440 3.0 3.0
3524 371501 3.0 3.0
3525 371575 3.0 3.0
3526 371670 3.0 3.0
3527 371744 3.0 3.0
3528 371834 3.0 3.0
3529 371907 3.0 3.0
3530 371993 3.0 3.0
3531 372054 3.0 3.0
3532 372136 3.0 3.0
3533 372200 3.0 3.0
3534 372270 3.0 3.0
3535 372345 3.0 3.0
3536 372421 3.0 3.0
3537 372498 3.0 3.0
3538 372568 3.0 3.0
3539 372648 3.0 3.0
3540 372753 3.0 3.0
3541 372826 3.0 3.0
3542 372907 3.0 3.0
3543 372974 3.0 3.0
3544 373036 3.0 3.0
3545 373107 3.0 3.0
3546 373196 3.0 3.0
3547 373259 3.0 3.0
3548 373333 3.0 3.0
3549 373399 3.0 3.0
3550 373480 3.0 3.0
3551 373564 3.0 3.0
3552 373640 3.0 3.0
3553 373701 3.0 3.0
3554 373781 3.0 3.0
3555 373839 3.0 3.0
3556 373919 3.0 3.0
3557 373989 3.0 3.0
3558 374071 3.0 3.0
3559 374154 3.0 3.0
3560 374241 3.0 3.0
3561 374309 3.0 3.0
3562 374389 3.0 3.0
3563 374457 3.0 3.0
3564 374528 3.0 3.0
3565 374585 3.0 3.0
3566 374669 3.0 3.0
3567 374729 3.0 3.0
3568 374803 3.0 3.0
3569 374885 3.0 3.0
3570 374953 3.0 3.0
3571 375096 3.0 3.0
3572 375178 3.0 3.0
3573 375393 3.0 3.0
3574 375475 3.0 3.0
3575 375544 3.0 3.0
3576 375613 3.0 3.0
3577 375666 3.0 3.0
3578 375737 3.0 3.0
3579 375812 3.0 3.0
3580 375887 3.0 3.0
3581 375958 3.0 3.0
3582 376040 3.0 3.0
3583 376127 3.0 3.0
3584 376195 3.0 3.0
3585 376251 3.0 3.0
3586 376318 3.0 3.0
3587 376402 3.0 3.0
3588 376495 3.0 3.0
3589 376602 3.0 3.0
3590 376689 3.0 3.0
3591 376781 3.0 3.0
3592 376874 3.0 3.0
3593 376962 3.0 3.0
3594 377070 3.0 3.0
3595 377142 3.0 3.0
3596 377210 3.0 3.0
3597 377278 3.0 3.0
3598 377366 3.0 3.0
3599 377435 3.0 3.0
3600 377503 3.0 3.0
3601 377584 3.0 3.0
3602 377664 3.0 3.0
3603 377778 3.0 3.0
3604 377858 3.0 3.0
3605 377920 3.0 3.0
3606 378015 3.0 3.0
3607 378110 3.0 3.0
3608 378195 3.0 3.0
3609 378271 3.0 3.0
3610 378353 3.0 3.0
3611 378436 3.0 3.0
3612 378514 3.0 3.0
3613 378579 3.0 3.0
3614 378667 3.0 3.0
3615 378727 3.0 3.0
3616 378788 3.0 3.0
3617 378885 3.0 3.0
3618 379030 3.0 3.0
3619 379129 3.0 3.0
3620 379198 3.0 3.0
3621 379285 3.0 3.0
3622 379380 3.0 3.0
3623 379512 3.0 3.0
3624 379579 3.0 3.0
3625 379648 3.0 3.0
3626 379737 3.0 3.0
3627 379799 3.0 3.0
3628 379882 3.0 3.0
3629 380017 3.0 3.0
3630 380201 3.0 3.0
3631 380341 3.0 3.0
3632 380406 3.0 3.0
3633 380501 3.0 3.0
3634 380575 3.0 3.0
3635 380663 3.0 3.0
3636 380745 3.0 3.0
3637 380869 3.0 3.0
3638 380946 3.0 3.0
3639 381001 3.0 3.0
3640 381066 3.0 3.0
3641 381132 3.0 3.0
3642 381194 3.0 3.0
3643 381263 3.0 3.0
3644 381351 3.0 3.0
3645 381400 3.0 3.0
3646 381462 3.0 3.0
3647 381527 3.0 3.0
3648 381601 3.0 3.0
3649 381663 3.0 3.0
3650 381733 3.0 3.0
3651 381807 3.0 3.0
3652 381880 3.0 3.0
3653 381972 3.0 3.0
3654 382069 3.0 3.0
3655 382152 3.0 3.0
3656 382248 3.0 3.0
3657 382335 3.0 3.0
3658 382418 3.0 3.0
3659 382498 3.0 3.0
3660 382551 3.0 3.0
3661 382610 3.0 3.0
3662 382670 3.0 3.0
3663 382771 3.0 3.0
3664 382873 3.0 3.0
3665 382956 3.0 3.0
3666 383032 3.0 3.0
3667 383102 3.0 3.0
3668 383160 3.0 3.0
3669 383253 3.0 3.0
3670 383338 3.0 3.0
3671 383441 3.0 3.0
3672 383529 3.0 3.0
3673 383600 3.0 3.0
3674 383659 3.0 3.0
3675 383740 3.0 3.0
3676 383818 3.0 3.0
3677 383921 3.0 3.0
3678 383992 3.0 3.0
3679 384066 3.0 3.0
3680 384150 3.0 3.0
3681 384230 3.0 3.0
3682 384306 3.0 3.0
3683 384378 3.0 3.0
3684 384461 3.0 3.0
3685 384528 3.0 3.0
3686 384614 3.0 3.0
3687 384690 3.0 3.0
3688 384752 3.0 3.0
3689 384837 3.0 3.0
3690 384912 3.0 3.0
3691 384975 3.0 3.0
3692 385042 3.0 3.0
3693 385123 3.0 3.0
3694 385194 3.0 3.0
3695 385297 3.0 3.0
3696 385357 3.0 3.0
3697 385432 3.0 3.0
3698 385508 3.0 3.0
3699 385566 3.0 3.0
3700 385647 3.0 3.0
3701 385768 3.0 3.0
3702 385835 3.0 3.0
3703 385932 3.0 3.0
3704 386018 3.0 3.0
3705 386102 3.0 3.0
3706 386186 3.0 3.0
3707 386287 3.0 3.0
3708 386365 3.0 3.0
3709 386456 3.0 3.0
3710 386537 3.0 3.0
3711 386618 3.0 3.0
3712 386687 3.0 3.0
3713 386757 3.0 3.0
3714 386853 3.0 3.0
3715 386926 3.0 3.0
3716 386992 3.0 3.0
3717 387067 3.0 3.0
3718 387147 3.0 3.0
3719 387210 3.0 3.0
3720 387295 3.0 3.0
3721 387364 3.0 3.0
3722 387435 3.0 3.0
3723 387509 3.0 3.0
3724 387599 3.0 3.0
3725 387671 3.0 3.0
3726 387738 3.0 3.0
3727 387824 3.0 3.0
3728 387884 3.0 3.0
3729 387941 3.0 3.0
3730 388011 3.0 3.0
3731 388076 3.0 3.0
3732 388159 3.0 3.0
3733 388243 3.0 3.0
3734 388331 3.0 3.0
3735 388416 3.0 3.0
3736 388477 3.0 3.0
3737 388551 3.0 3.0
3738 388619 3.0 3.0
3739 388729 3.0 3.0
3740 388814 3.0 3.0
3741 388898 3.0 3.0
3742 388972 3.0 3.0
3743 389042 3.0 3.0
3744 389108 3.0 3.0
3745 389204 3.0 3.0
3746 389269 3.0 3.0
3747 389334 3.0 3.0
3748 389399 3.0 3.0
3749 389472 3.0 3.0
3750 389536 3.0 3.0
3751 389595 3.0 3.0
3752 389673 3.0 3.0
3753 389738 3.0 3.0
3754 389819 3.0 3.0
3755 389909 3.0 3.0
3756 389988 3.0 3.0
3757 390051 3.0 3.0
3758 390124 3.0 3.0
3759 390201 3.0 3.0
3760 390296 3.0 3.0
3761 390371 3.0 3.0
3762 390499 3.0 3.0
3763 390575 3.0 3.0
3764 390647 3.0 3.0
3765 390767 3.0 3.0
3766 390844 3.0 3.0
3767 390900 3.0 3.0
3768 390982 3.0 3.0
3769 391053 3.0 3.0
3770 391132 3.0 3.0
3771 391223 3.0 3.0
3772 391286 3.0 3.0
3773 391362 3.0 3.0
3774 391439 3.0 3.0
3775 391519 3.0 3.0
3776 391586 3.0 3.0
3777 391723 3.0 3.0
3778 391784 3.0 3.0
3779 391876 3.0 3.0
3780 391927 3.0 3.0
3781 392025 3.0 3.0
3782 392087 3.0 3.0
3783 392148 3.0 3.0
3784 392251 3.0 3.0
3785 392337 3.0 3.0
3786 392415 3.0 3.0
3787 392509 3.0 3.0
3788 392579 3.0 3.0
3789 392661 3.0 3.0
3790 392727 3.0 3.0
3791 392824 3.0 3.0
3792 392908 3.0 3.0
3793 392990 3.0 3.0
3794 393067 3.0 3.0
3795 393140 3.0 3.0
3796 393211 3.0 3.0
3797 393268 3.0 3.0
3798 393336 3.0 3.0
3799 393411 3.0 3.0
3800 393481 3.0 3.0
3801 393613 3.0 3.0
3802 393681 3.0 3.0
3803 393772 3.0 3.0
3804 393844 3.0 3.0
3805 393922 3.0 3.0
3806 393988 3.0 3.0
3807 394088 3.0 3.0
3808 394165 3.0 3.0
3809 394240 3.0 3.0
3810 394322 3.0 3.0
3811 394386 3.0 3.0
3812 394443 3.0 3.0
3813 394581 3.0 3.0
3814 394669 3.0 3.0
3815 394762 3.0 3.0
3816 394833 3.0 3.0
3817 394961 3.0 3.0
3818 395028 3.0 3.0
3819 395101 3.0 3.0
3820 395168 3.0 3.0
3821 395234 3.0 3.0
3822 395307 3.0 3.0
3823 395368 3.0 3.0
3824 395433 3.0 3.0
3825 395517 3.0 3.0
3826 395592 3.0 3.0
3827 395650 3.0 3.0
3828 395774 3.0 3.0
3829 395839 3.0 3.0
3830 395917 3.0 3.0
3831 395978 3.0 3.0
3832 396114 3.0 3.0
3833 396183 3.0 3.0
3834 396402 3.0 3.0
3835 396454 3.0 3.0
3836 396524 3.0 3.0
3837 396600 3.0 3.0
3838 396668 3.0 3.0
3839 396750 3.0 3.0
3840 396823 3.0 3.0
3841 396896 3.0 3.0
3842 396951 3.0 3.0
3843 397026 3.0 3.0
3844 397094 3.0 3.0
3845 397151 3.0 3.0
3846 397258 3.0 3.0
3847 397351 3.0 3.0
3848 397474 3.0 3.0
3849 397579 3.0 3.0
3850 397651 3.0 3.0
3851 397722 3.0 3.0
3852 397794 3.0 3.0
3853 397878 3.0 3.0
3854 397946 3.0 3.0
3855 398014 3.0 3.0
3856 398112 3.0 3.0
3857 398181 3.0 3.0
3858 398244 3.0 3.0
3859 398342 3.0 3.0
3860 398446 3.0 3.0
3861 398539 3.0 3.0
3862 398612 3.0 3.0
3863 398682 3.0 3.0
3864 398755 3.0 3.0
3865 398861 3.0 3.0
3866 399048 3.0 3.0
3867 399128 3.0 3.0
3868 399205 3.0 3.0
3869 399311 3.0 3.0
3870 399405 3.0 3.0
3871 399505 3.0 3.0
3872 399603 3.0 3.0
3873 399672 3.0 3.0
3874 399746 3.0 3.0
3875 399811 3.0 3.0
3876 399865 3.0 3.0
3877 399927 3.0 3.0
3878 400018 3.0 3.0
