1 277 0.54
2 577 0.53
3 877 0.53
4 1177 0.53
5 1477 0.53
6 1679 0.53
7 1979 0.53
8 2279 0.53
9 2579 0.53
10 2661 0.53
11 2961 0.53
12 3261 0.54
13 3561 0.55
14 3816 0.55
15 3964 0.55
16 4264 0.54
17 4564 0.55
18 4864 0.54
19 5164 0.55
20 5384 0.55
21 5682 0.55
22 5893 0.55
23 6193 0.54
24 6493 0.55
25 6793 0.56
26 7093 0.56
27 7393 0.55
28 7455 0.55
29 7755 0.55
30 8055 0.56
31 8355 0.56
32 8609 0.56
33 8759 0.56
34 9059 0.56
35 9359 0.56
36 9659 0.5700000000000001
37 9959 0.5800000000000001
38 10259 0.5900000000000001
39 10559 0.5900000000000001
40 10859 0.6000000000000001
41 11159 0.6100000000000001
42 11335 0.6100000000000001
43 11635 0.6100000000000001
44 11935 0.6100000000000001
45 12235 0.6200000000000001
46 12414 0.6200000000000001
47 12714 0.6200000000000001
48 13014 0.6300000000000001
49 13314 0.6300000000000001
50 13569 0.64
51 13869 0.64
52 14169 0.63
53 14469 0.64
54 14769 0.65
55 14899 0.66
56 15108 0.66
57 15408 0.65
58 15610 0.66
59 15910 0.66
60 16163 0.66
61 16463 0.66
62 16717 0.67
63 16896 0.66
64 17196 0.65
65 17496 0.66
66 17685 0.67
67 17985 0.67
68 18285 0.68
69 18547 0.68
70 18847 0.68
71 19085 0.6900000000000001
72 19385 0.6900000000000001
73 19685 0.68
74 19985 0.6900000000000001
75 20254 0.68
76 20554 0.68
77 20694 0.6900000000000001
78 20994 0.6900000000000001
79 21170 0.68
80 21292 0.67
81 21482 0.67
82 21606 0.66
83 21906 0.66
84 22107 0.67
85 22407 0.66
86 22707 0.67
87 23007 0.67
88 23112 0.67
89 23412 0.67
90 23693 0.68
91 23993 0.68
92 24221 0.6900000000000001
93 24521 0.6900000000000001
94 24821 0.7
95 25104 0.7
96 25211 0.7
97 25511 0.7
98 25811 0.7
99 26111 0.7
100 26227 0.71
101 26527 0.71
102 26827 0.72
103 26946 0.73
104 27153 0.73
105 27453 0.73
106 27753 0.74
107 28053 0.73
108 28353 0.74
109 28653 0.75
110 28953 0.75
111 29248 0.75
112 29410 0.75
113 29710 0.75
114 29848 0.76
115 30148 0.75
116 30284 0.76
117 30584 0.76
118 30798 0.77
119 31098 0.77
120 31398 0.78
121 31559 0.78
122 31859 0.78
123 31964 0.79
124 32122 0.79
125 32422 0.78
126 32722 0.79
127 33022 0.8
128 33186 0.81
129 33486 0.81
130 33786 0.81
131 33954 0.81
132 34230 0.81
133 34352 0.81
134 34652 0.8
135 34931 0.81
136 35138 0.8
137 35437 0.8
138 35737 0.8
139 35916 0.81
140 36111 0.81
141 36392 0.81
142 36690 0.81
143 36910 0.8
144 37210 0.79
145 37452 0.79
146 37579 0.78
147 37879 0.77
148 38032 0.77
149 38278 0.77
150 38578 0.77
151 38878 0.77
152 39022 0.78
153 39322 0.78
154 39395 0.77
155 39525 0.77
156 39825 0.77
157 40125 0.78
158 40361 0.78
159 40661 0.78
160 40871 0.79
161 41023 0.79
162 41323 0.79
163 41623 0.8
164 41923 0.81
165 42162 0.81
166 42318 0.81
167 42556 0.81
168 42637 0.81
169 42894 0.81
170 43194 0.81
171 43470 0.81
172 43770 0.81
173 44070 0.8200000000000001
174 44370 0.8200000000000001
175 44512 0.8300000000000001
176 44812 0.8200000000000001
177 45112 0.8200000000000001
178 45412 0.8200000000000001
179 45712 0.8300000000000001
180 46012 0.8400000000000001
181 46312 0.8400000000000001
182 46445 0.8400000000000001
183 46634 0.8400000000000001
184 46934 0.8300000000000001
185 47234 0.8400000000000001
186 47439 0.8400000000000001
187 47543 0.8400000000000001
188 47843 0.8300000000000001
189 48143 0.8200000000000001
190 48363 0.8200000000000001
191 48492 0.8200000000000001
192 48792 0.8200000000000001
193 49036 0.8200000000000001
194 49260 0.8200000000000001
195 49440 0.8200000000000001
196 49537 0.81
197 49837 0.81
198 50137 0.81
199 50403 0.81
200 50580 0.8
201 50651 0.8
202 50846 0.8
203 51146 0.8
204 51304 0.8
205 51604 0.8
206 51904 0.79
207 52204 0.8
208 52504 0.79
209 52804 0.79
210 53104 0.8
211 53199 0.8
212 53373 0.8
213 53517 0.79
214 53817 0.79
215 54080 0.8
216 54240 0.8
217 54409 0.8
218 54709 0.79
219 54974 0.79
220 55126 0.79
221 55426 0.78
222 55726 0.78
223 55816 0.77
224 56116 0.77
225 56303 0.78
226 56446 0.78
227 56666 0.78
228 56966 0.78
229 57266 0.78
230 57566 0.78
231 57866 0.79
232 58125 0.79
233 58425 0.79
234 58725 0.79
235 59025 0.79
236 59282 0.79
237 59582 0.79
238 59882 0.79
239 60092 0.79
240 60392 0.79
241 60692 0.79
242 60992 0.79
243 61292 0.8
244 61543 0.81
245 61843 0.8
246 62143 0.81
247 62443 0.8200000000000001
248 62609 0.8200000000000001
249 62909 0.8200000000000001
250 63152 0.8200000000000001
251 63394 0.8200000000000001
252 63694 0.8200000000000001
253 63994 0.8200000000000001
254 64294 0.8300000000000001
255 64486 0.8300000000000001
256 64786 0.8200000000000001
257 64972 0.8200000000000001
258 65219 0.81
259 65388 0.81
260 65577 0.81
261 65742 0.8
262 65814 0.8
263 66114 0.8
264 66224 0.8
265 66524 0.8
266 66802 0.8
267 66874 0.8
268 67174 0.8
269 67283 0.79
270 67366 0.79
271 67666 0.78
272 67819 0.78
273 68119 0.78
274 68419 0.78
275 68719 0.78
276 68820 0.78
277 69007 0.78
278 69307 0.77
279 69607 0.76
280 69818 0.75
281 70118 0.75
282 70418 0.75
283 70718 0.75
284 71018 0.75
285 71318 0.75
286 71445 0.75
287 71745 0.75
288 72045 0.76
289 72198 0.77
290 72429 0.77
291 72729 0.76
292 72971 0.76
293 73081 0.76
294 73276 0.75
295 73576 0.75
296 73853 0.76
297 74153 0.75
298 74453 0.76
299 74753 0.75
300 75053 0.76
301 75353 0.75
302 75653 0.75
303 75953 0.75
304 76253 0.75
305 76553 0.74
306 76853 0.75
307 77153 0.75
308 77453 0.76
309 77753 0.76
310 78053 0.76
311 78191 0.76
312 78491 0.76
313 78623 0.77
314 78923 0.77
315 79223 0.77
316 79523 0.76
317 79823 0.76
318 79952 0.77
319 80148 0.77
320 80448 0.77
321 80748 0.78
322 81048 0.78
323 81238 0.79
324 81538 0.79
325 81642 0.78
326 81827 0.78
327 82127 0.77
328 82427 0.77
329 82574 0.77
330 82816 0.77
331 82917 0.77
332 83103 0.77
333 83403 0.77
334 83702 0.78
335 84002 0.78
336 84302 0.79
337 84547 0.79
338 84813 0.79
339 85113 0.79
340 85348 0.79
341 85648 0.79
342 85809 0.79
343 86109 0.79
344 86409 0.79
345 86709 0.8
346 86953 0.8
347 87253 0.8
348 87553 0.8
349 87853 0.8
350 88153 0.8
351 88453 0.8
352 88753 0.8
353 89053 0.8
354 89255 0.8
355 89555 0.8
356 89855 0.81
357 90155 0.81
358 90244 0.8200000000000001
359 90544 0.8200000000000001
360 90844 0.8200000000000001
361 91144 0.8200000000000001
362 91444 0.8200000000000001
363 91733 0.8200000000000001
364 92015 0.8200000000000001
365 92214 0.8200000000000001
366 92514 0.8200000000000001
367 92814 0.8200000000000001
368 93114 0.8200000000000001
369 93364 0.8200000000000001
370 93664 0.8200000000000001
371 93964 0.8300000000000001
372 94056 0.8300000000000001
373 94356 0.8300000000000001
374 94656 0.8300000000000001
375 94956 0.8300000000000001
376 95256 0.8400000000000001
377 95556 0.8400000000000001
378 95856 0.8500000000000001
379 96156 0.8600000000000001
380 96456 0.8700000000000001
381 96756 0.8700000000000001
382 97056 0.8800000000000001
383 97356 0.8800000000000001
384 97656 0.8900000000000001
385 97876 0.8800000000000001
386 98024 0.8800000000000001
387 98324 0.8800000000000001
388 98624 0.8800000000000001
389 98748 0.8800000000000001
390 99048 0.8800000000000001
391 99348 0.8900000000000001
392 99442 0.8900000000000001
393 99742 0.8900000000000001
394 99863 0.9000000000000001
395 100163 0.9000000000000001
396 100463 0.9000000000000001
397 100576 0.9100000000000001
398 100876 0.9100000000000001
399 101176 0.9200000000000002
400 101476 0.9200000000000002
401 101776 0.9300000000000002
402 102076 0.9300000000000002
403 102376 0.9300000000000002
404 102676 0.9300000000000002
405 102976 0.9400000000000002
406 103171 0.9400000000000002
407 103471 0.9400000000000002
408 103771 0.9400000000000002
409 103948 0.9400000000000002
410 104248 0.9400000000000002
411 104548 0.9400000000000002
412 104848 0.9400000000000002
413 105002 0.9400000000000002
414 105302 0.9400000000000002
415 105602 0.9400000000000002
416 105902 0.9500000000000002
417 106202 0.9500000000000002
418 106502 0.9500000000000002
419 106592 0.9500000000000002
420 106878 0.9500000000000002
421 107137 0.9500000000000002
422 107374 0.9500000000000002
423 107674 0.9500000000000002
424 107974 0.9500000000000002
425 108274 0.9600000000000002
426 108574 0.9600000000000002
427 108742 0.9700000000000002
428 109042 0.9600000000000002
429 109342 0.9600000000000002
430 109642 0.9600000000000002
431 109942 0.9600000000000002
432 110242 0.9600000000000002
433 110364 0.9600000000000002
434 110664 0.9600000000000002
435 110964 0.9600000000000002
436 111058 0.9600000000000002
437 111358 0.9600000000000002
438 111658 0.9600000000000002
439 111958 0.9600000000000002
440 112258 0.9600000000000002
441 112558 0.9500000000000002
442 112858 0.9500000000000002
443 113158 0.9500000000000002
444 113458 0.9500000000000002
445 113615 0.9500000000000002
446 113915 0.9500000000000002
447 114215 0.9500000000000002
448 114515 0.9500000000000002
449 114815 0.9500000000000002
450 114910 0.9500000000000002
451 115131 0.9500000000000002
452 115431 0.9500000000000002
453 115640 0.9500000000000002
454 115861 0.9500000000000002
455 116155 0.9500000000000002
456 116455 0.9500000000000002
457 116755 0.9500000000000002
458 117013 0.9500000000000002
459 117313 0.9500000000000002
460 117613 0.9500000000000002
461 117687 0.9600000000000002
462 117987 0.9700000000000002
463 118287 0.9700000000000002
464 118369 0.9700000000000002
465 118669 0.9700000000000002
466 118969 0.9700000000000002
467 119269 0.9600000000000002
468 119569 0.9600000000000002
469 119869 0.9700000000000002
470 120004 0.9700000000000002
471 120304 0.9700000000000002
472 120604 0.9700000000000002
473 120740 0.9700000000000002
474 120870 0.9700000000000002
475 121170 0.9700000000000002
476 121470 0.9700000000000002
477 121770 0.9700000000000002
478 122070 0.9700000000000002
479 122254 0.9700000000000002
480 122414 0.9700000000000002
481 122491 0.9700000000000002
482 122791 0.9700000000000001
483 123091 0.9700000000000001
484 123391 0.9700000000000002
485 123691 0.9800000000000002
486 123991 0.9800000000000001
487 124291 0.9800000000000001
488 124591 0.9800000000000002
489 124891 0.9800000000000002
490 125191 0.9800000000000001
491 125491 0.9800000000000001
492 125791 0.9800000000000002
493 126091 0.9800000000000002
494 126391 0.9800000000000001
495 126691 0.9800000000000001
496 126991 0.9800000000000002
497 127291 0.9800000000000002
498 127591 0.9800000000000002
499 127891 0.9800000000000002
500 128117 0.9800000000000002
501 128417 0.9800000000000002
502 128717 0.9800000000000002
503 129017 0.9700000000000002
504 129172 0.9700000000000002
505 129472 0.9700000000000002
506 129752 0.9700000000000002
507 130017 0.9800000000000002
508 130317 0.9900000000000002
509 130617 0.9900000000000002
510 130917 0.9900000000000002
511 131144 0.9900000000000002
512 131282 0.9900000000000001
513 131582 0.9900000000000001
514 131882 0.9900000000000001
515 132182 0.9900000000000001
516 132482 0.9900000000000001
517 132782 0.99
518 133082 0.99
519 133213 0.9900000000000001
520 133513 0.9900000000000001
521 133813 0.9900000000000001
522 134050 0.9900000000000001
523 134350 0.9900000000000001
524 134650 0.9900000000000001
525 134950 0.99
526 135250 0.99
527 135550 0.9900000000000001
528 135850 1.0
529 136039 1.0
530 136339 1.0
531 136639 1.0
532 136939 1.0
533 137239 1.0
534 137539 1.0
535 137839 1.0
536 138010 1.0
537 138310 1.0
538 138610 1.0
539 138831 1.0
540 139131 1.0
541 139431 1.01
542 139539 1.01
543 139839 1.01
544 140139 1.01
545 140439 1.01
546 140560 1.01
547 140860 1.01
548 141160 1.01
549 141460 1.01
550 141760 1.01
551 141962 1.0
552 142262 1.0
553 142562 1.0
554 142649 1.0
555 142949 1.0
556 143244 1.0
557 143386 1.0
558 143686 1.0
559 143986 1.0
560 144086 1.0
561 144336 1.0
562 144636 0.9900000000000001
563 144936 0.99
564 145236 0.99
565 145302 0.99
566 145602 0.99
567 145902 1.0
568 146202 1.0
569 146502 1.0
570 146763 1.0
571 147063 1.0
572 147129 1.0
573 147250 1.0
574 147550 1.0
575 147726 1.0
576 147957 1.0
577 148127 1.0
578 148312 1.0
579 148456 1.0
580 148756 1.0
581 149056 1.0
582 149356 0.99
583 149656 0.99
584 149956 0.99
585 150256 0.99
586 150556 0.9900000000000001
587 150856 0.9900000000000001
588 150955 1.0
589 151133 1.0
590 151433 1.0
591 151612 0.9900000000000001
592 151828 0.99
593 152128 0.99
594 152428 0.9900000000000001
595 152728 0.9900000000000002
596 153028 0.9900000000000002
597 153328 0.9900000000000002
598 153520 0.9900000000000002
599 153820 0.9900000000000002
600 153929 0.9900000000000001
601 154229 0.9900000000000001
602 154529 0.9900000000000002
603 154829 1.0000000000000002
604 155129 1.0000000000000002
605 155429 1.0000000000000002
606 155578 1.0000000000000002
607 155842 0.9900000000000002
608 156142 0.9900000000000002
609 156442 0.9900000000000002
610 156532 0.9900000000000002
611 156832 0.9900000000000002
612 157081 0.9900000000000002
613 157381 0.9900000000000002
614 157681 0.9900000000000002
615 157981 0.9900000000000002
616 158281 0.9900000000000001
617 158581 0.9900000000000001
618 158881 0.9900000000000001
619 159181 0.9900000000000001
620 159481 0.9900000000000002
621 159781 0.9900000000000002
622 160081 0.9800000000000002
623 160381 0.9800000000000002
624 160681 0.9800000000000001
625 160814 0.9800000000000001
626 160959 0.9800000000000002
627 161099 0.9800000000000002
628 161399 0.9800000000000002
629 161668 0.9800000000000002
630 161968 0.9800000000000002
631 162192 0.9800000000000002
632 162492 0.9800000000000001
633 162792 0.9800000000000001
634 163092 0.9800000000000002
635 163392 0.9800000000000002
636 163692 0.9800000000000002
637 163837 0.9800000000000002
638 163927 0.9800000000000002
639 164227 0.9800000000000002
640 164491 0.9700000000000001
641 164791 0.9700000000000001
642 165091 0.9600000000000002
643 165391 0.9600000000000002
644 165691 0.9600000000000002
645 165991 0.9600000000000002
646 166291 0.9500000000000002
647 166591 0.9400000000000002
648 166891 0.9400000000000002
649 167191 0.9400000000000002
650 167491 0.9400000000000002
651 167791 0.9500000000000002
652 168091 0.9500000000000002
653 168213 0.9500000000000002
654 168513 0.9500000000000002
655 168813 0.9500000000000002
656 169113 0.9500000000000002
657 169413 0.9500000000000002
658 169713 0.9500000000000002
659 170013 0.9500000000000002
660 170313 0.9500000000000002
661 170613 0.9500000000000002
662 170913 0.9500000000000002
663 171213 0.9500000000000002
664 171513 0.9500000000000002
665 171813 0.9500000000000002
666 172113 0.9400000000000002
667 172276 0.9400000000000002
668 172576 0.9400000000000002
669 172876 0.9400000000000002
670 173176 0.9400000000000002
671 173476 0.9400000000000002
672 173776 0.9400000000000002
673 174076 0.9400000000000002
674 174243 0.9400000000000002
675 174543 0.9400000000000002
676 174615 0.9400000000000002
677 174915 0.9400000000000002
678 175215 0.9400000000000002
679 175515 0.9400000000000002
680 175815 0.9400000000000002
681 176115 0.9300000000000002
682 176415 0.9400000000000002
683 176715 0.9400000000000002
684 176884 0.9400000000000002
685 177184 0.9400000000000002
686 177484 0.9400000000000002
687 177759 0.9400000000000002
688 178059 0.9300000000000002
689 178359 0.9300000000000002
690 178659 0.9200000000000002
691 178783 0.9300000000000002
692 179083 0.9300000000000002
693 179383 0.9300000000000002
694 179683 0.9200000000000002
695 179983 0.9200000000000002
696 180283 0.9200000000000002
697 180583 0.9200000000000002
698 180883 0.9200000000000002
699 181125 0.9200000000000002
700 181425 0.9200000000000002
701 181725 0.9200000000000002
702 181917 0.9200000000000002
703 182217 0.9200000000000002
704 182316 0.9200000000000002
705 182616 0.9200000000000002
706 182916 0.9200000000000002
707 183146 0.9100000000000001
708 183446 0.8900000000000001
709 183746 0.9000000000000001
710 183964 0.9000000000000001
711 184264 0.9000000000000001
712 184564 0.9000000000000001
713 184864 0.9000000000000001
714 185028 0.9000000000000001
715 185328 0.9000000000000001
716 185628 0.9000000000000001
717 185928 0.9000000000000001
718 186118 0.9000000000000001
719 186418 0.9000000000000001
720 186474 0.8900000000000001
721 186774 0.8900000000000001
722 187074 0.9000000000000001
723 187374 0.9000000000000001
724 187674 0.9000000000000001
725 187974 0.9000000000000001
726 188144 0.9000000000000001
727 188444 0.9000000000000001
728 188744 0.9000000000000001
729 189044 0.9000000000000001
730 189236 0.9000000000000001
731 189536 0.9000000000000001
732 189705 0.9000000000000001
733 190005 0.9000000000000001
734 190305 0.9000000000000001
735 190605 0.9000000000000001
736 190887 0.9000000000000001
737 191187 0.9000000000000001
738 191487 0.9000000000000001
739 191787 0.9000000000000001
740 192087 0.9100000000000001
741 192387 0.9100000000000001
742 192687 0.9200000000000002
743 192987 0.9200000000000002
744 193287 0.9200000000000002
745 193587 0.9200000000000002
746 193887 0.9300000000000002
747 194187 0.9400000000000002
748 194487 0.9400000000000002
749 194787 0.9400000000000002
750 195087 0.9400000000000002
751 195387 0.9400000000000002
752 195687 0.9400000000000002
753 195987 0.9400000000000002
754 196287 0.9400000000000002
755 196587 0.9400000000000002
756 196887 0.9400000000000002
757 197187 0.9400000000000002
758 197487 0.9400000000000002
759 197787 0.9400000000000002
760 198087 0.9400000000000002
761 198387 0.9400000000000002
762 198687 0.9400000000000002
763 198987 0.9400000000000002
764 199287 0.9300000000000002
765 199587 0.9300000000000002
766 199887 0.9400000000000002
767 200187 0.9400000000000002
768 200487 0.9400000000000002
769 200596 0.9400000000000002
770 200896 0.9400000000000002
771 201196 0.9400000000000002
772 201496 0.9400000000000002
773 201796 0.9400000000000002
774 202096 0.9400000000000002
775 202396 0.9400000000000002
776 202696 0.9400000000000002
777 202996 0.9400000000000002
778 203296 0.9400000000000002
779 203596 0.9400000000000002
780 203896 0.9400000000000002
781 204196 0.9500000000000002
782 204496 0.9500000000000002
783 204564 0.9500000000000002
784 204864 0.9500000000000002
785 205164 0.9500000000000002
786 205464 0.9500000000000002
787 205764 0.9500000000000002
788 206064 0.9500000000000002
789 206364 0.9500000000000002
790 206664 0.9600000000000002
791 206964 0.9700000000000002
792 207224 0.9700000000000002
793 207524 0.9700000000000002
794 207824 0.9800000000000002
795 208124 0.9800000000000001
796 208424 0.9800000000000001
797 208724 0.9800000000000001
798 209024 0.9800000000000001
799 209324 0.9800000000000002
800 209624 0.9900000000000002
801 209924 0.9900000000000001
802 210224 0.9900000000000001
803 210524 0.9900000000000001
804 210824 0.9900000000000001
805 211124 0.9900000000000001
806 211424 0.9900000000000001
807 211724 1.0
808 211902 1.01
809 212202 1.0
810 212502 1.0
811 212802 1.0
812 212902 1.0
813 213010 1.0
814 213310 1.0
815 213610 1.0
816 213910 1.0
817 214210 1.0
818 214510 1.0
819 214810 1.0
820 215110 1.01
821 215410 1.01
822 215710 1.01
823 216010 1.01
824 216310 1.01
825 216610 1.01
826 216910 1.01
827 217210 1.01
828 217339 1.01
829 217639 1.01
830 217939 1.01
831 218239 1.01
832 218539 1.01
833 218839 1.01
834 219139 1.01
835 219439 1.01
836 219739 1.01
837 219854 1.01
838 220154 1.01
839 220454 1.02
840 220754 1.02
841 221054 1.02
842 221354 1.02
843 221654 1.02
844 221954 1.02
845 222254 1.02
846 222554 1.02
847 222854 1.02
848 223154 1.02
849 223454 1.02
850 223548 1.02
851 223848 1.02
852 224148 1.02
853 224448 1.02
854 224748 1.02
855 225048 1.02
856 225348 1.02
857 225648 1.02
858 225948 1.02
859 226017 1.02
860 226129 1.02
861 226429 1.02
862 226729 1.02
863 227029 1.03
864 227329 1.04
865 227629 1.04
866 227929 1.04
867 228072 1.04
868 228372 1.04
869 228672 1.04
870 228972 1.04
871 229272 1.04
872 229572 1.04
873 229651 1.04
874 229951 1.04
875 230251 1.04
876 230551 1.04
877 230851 1.04
878 231151 1.04
879 231451 1.04
880 231751 1.04
881 232051 1.03
882 232351 1.04
883 232651 1.04
884 232720 1.05
885 233020 1.05
886 233320 1.05
887 233620 1.05
888 233920 1.05
889 234220 1.05
890 234471 1.05
891 234771 1.04
892 235071 1.04
893 235371 1.04
894 235671 1.04
895 235971 1.04
896 236271 1.04
897 236571 1.04
898 236871 1.04
899 237140 1.04
900 237440 1.04
901 237740 1.04
902 238040 1.04
903 238230 1.04
904 238530 1.04
905 238644 1.04
906 238944 1.04
907 239244 1.04
908 239544 1.04
909 239844 1.04
910 240144 1.04
911 240444 1.04
912 240547 1.04
913 240847 1.04
914 241147 1.04
915 241447 1.04
916 241747 1.04
917 242047 1.04
918 242347 1.04
919 242647 1.04
920 242947 1.04
921 243247 1.04
922 243547 1.04
923 243847 1.04
924 244147 1.04
925 244447 1.04
926 244747 1.04
927 245047 1.04
928 245347 1.04
929 245647 1.04
930 245947 1.04
931 246247 1.04
932 246547 1.04
933 246847 1.05
934 247147 1.05
935 247447 1.05
936 247747 1.05
937 248047 1.05
938 248244 1.05
939 248544 1.04
940 248844 1.04
941 249144 1.04
942 249444 1.05
943 249744 1.05
944 250044 1.06
945 250344 1.06
946 250644 1.06
947 250944 1.06
948 251244 1.06
949 251544 1.06
950 251844 1.06
951 252144 1.06
952 252444 1.06
953 252744 1.06
954 253044 1.06
955 253344 1.06
956 253644 1.06
957 253944 1.06
958 254244 1.06
959 254544 1.06
960 254844 1.06
961 255144 1.07
962 255420 1.08
963 255720 1.07
964 256020 1.07
965 256320 1.07
966 256620 1.08
967 256920 1.08
968 257220 1.08
969 257520 1.09
970 257820 1.09
971 258120 1.09
972 258420 1.09
973 258720 1.09
974 259020 1.09
975 259320 1.09
976 259620 1.09
977 259920 1.09
978 260220 1.09
979 260520 1.09
980 260820 1.1
981 261113 1.11
982 261413 1.1
983 261664 1.1
984 261964 1.09
985 262264 1.09
986 262335 1.09
987 262635 1.09
988 262935 1.09
989 263235 1.09
990 263535 1.09
991 263835 1.09
992 263911 1.09
993 264211 1.09
994 264511 1.09
995 264811 1.09
996 265111 1.09
997 265411 1.09
998 265711 1.09
999 265863 1.09
1000 266163 1.08
1001 266463 1.08
1002 266763 1.08
1003 267063 1.08
1004 267363 1.08
1005 267663 1.08
1006 267963 1.08
1007 268263 1.08
1008 268563 1.08
1009 268863 1.08
1010 269016 1.08
1011 269316 1.08
1012 269616 1.08
1013 269916 1.08
1014 270035 1.08
1015 270335 1.08
1016 270635 1.09
1017 270935 1.09
1018 271235 1.09
1019 271535 1.09
1020 271835 1.09
1021 272135 1.09
1022 272435 1.09
1023 272735 1.09
1024 273035 1.09
1025 273335 1.09
1026 273635 1.09
1027 273935 1.09
1028 274235 1.09
1029 274535 1.09
1030 274835 1.09
1031 275135 1.09
1032 275375 1.09
1033 275675 1.08
1034 275975 1.08
1035 276275 1.08
1036 276575 1.08
1037 276875 1.08
1038 277175 1.08
1039 277475 1.08
1040 277775 1.08
1041 278007 1.09
1042 278307 1.08
1043 278578 1.08
1044 278878 1.07
1045 279178 1.07
1046 279478 1.07
1047 279778 1.07
1048 280078 1.08
1049 280378 1.08
1050 280678 1.08
1051 280978 1.08
1052 281278 1.08
1053 281578 1.08
1054 281878 1.08
1055 282000 1.08
1056 282300 1.08
1057 282600 1.08
1058 282900 1.08
1059 282984 1.08
1060 283267 1.08
1061 283538 1.07
1062 283838 1.06
1063 284138 1.06
1064 284438 1.06
1065 284721 1.06
1066 285021 1.05
1067 285321 1.05
1068 285571 1.05
1069 285871 1.04
1070 286171 1.04
1071 286471 1.04
1072 286771 1.04
1073 286976 1.04
1074 287276 1.04
1075 287576 1.04
1076 287876 1.04
1077 288176 1.04
1078 288476 1.04
1079 288729 1.04
1080 289029 1.03
1081 289329 1.03
1082 289629 1.03
1083 289929 1.03
1084 290229 1.03
1085 290529 1.03
1086 290829 1.03
1087 291129 1.04
1088 291429 1.04
1089 291729 1.04
1090 292029 1.04
1091 292329 1.04
1092 292629 1.04
1093 292705 1.05
1094 293005 1.05
1095 293305 1.05
1096 293605 1.05
1097 293905 1.05
1098 294205 1.06
1099 294505 1.06
1100 294805 1.06
1101 295105 1.06
1102 295405 1.06
1103 295705 1.06
1104 296005 1.06
1105 296305 1.06
1106 296605 1.06
1107 296905 1.06
1108 297205 1.06
1109 297505 1.06
1110 297805 1.06
1111 298105 1.06
1112 298405 1.06
1113 298705 1.06
1114 299005 1.06
1115 299294 1.06
1116 299594 1.05
1117 299894 1.06
1118 300076 1.06
1119 300376 1.06
1120 300560 1.07
1121 300860 1.07
1122 301160 1.07
1123 301460 1.07
1124 301760 1.07
1125 302060 1.07
1126 302360 1.07
1127 302660 1.07
1128 302960 1.07
1129 303260 1.08
1130 303560 1.08
1131 303860 1.08
1132 304160 1.08
1133 304460 1.08
1134 304760 1.09
1135 304866 1.09
1136 305166 1.1
1137 305466 1.1
1138 305766 1.11
1139 306066 1.11
1140 306323 1.11
1141 306623 1.1
1142 306923 1.1
1143 307223 1.1
1144 307523 1.1
1145 307823 1.1
1146 308123 1.1
1147 308324 1.1
1148 308624 1.09
1149 308700 1.09
1150 309000 1.09
1151 309184 1.09
1152 309484 1.09
1153 309784 1.09
1154 310084 1.09
1155 310384 1.09
1156 310684 1.09
1157 310856 1.09
1158 311156 1.09
1159 311456 1.09
1160 311756 1.09
1161 312056 1.09
1162 312172 1.09
1163 312472 1.09
1164 312772 1.09
1165 313072 1.09
1166 313372 1.09
1167 313672 1.09
1168 313972 1.09
1169 314272 1.09
1170 314572 1.09
1171 314872 1.1
1172 315172 1.1
1173 315472 1.1
1174 315772 1.1
1175 316072 1.1
1176 316372 1.1
1177 316672 1.1
1178 316972 1.1
1179 317272 1.1
1180 317572 1.1
1181 317872 1.1
1182 318172 1.1
1183 318472 1.1
1184 318772 1.1
1185 319072 1.1
1186 319350 1.1
1187 319650 1.09
1188 319950 1.09
1189 320250 1.09
1190 320550 1.09
1191 320850 1.1
1192 321090 1.1
1193 321390 1.09
1194 321690 1.09
1195 321990 1.09
1196 322290 1.09
1197 322574 1.09
1198 322874 1.09
1199 323174 1.09
1200 323474 1.09
1201 323774 1.09
1202 324074 1.09
1203 324374 1.09
1204 324674 1.09
1205 324974 1.09
1206 325274 1.09
1207 325574 1.09
1208 325874 1.09
1209 326174 1.09
1210 326474 1.09
1211 326774 1.09
1212 327074 1.09
1213 327374 1.09
1214 327674 1.09
1215 327974 1.1
1216 328153 1.1
1217 328453 1.09
1218 328753 1.09
1219 329014 1.09
1220 329314 1.08
1221 329614 1.09
1222 329914 1.09
1223 330214 1.09
1224 330514 1.09
1225 330814 1.09
1226 331027 1.09
1227 331327 1.09
1228 331597 1.08
1229 331897 1.07
1230 331960 1.07
1231 332260 1.08
1232 332560 1.08
1233 332784 1.08
1234 333084 1.07
1235 333326 1.08
1236 333626 1.08
1237 333914 1.08
1238 334214 1.07
1239 334514 1.07
1240 334814 1.07
1241 335114 1.07
1242 335414 1.07
1243 335714 1.07
1244 336014 1.07
1245 336314 1.07
1246 336614 1.07
1247 336914 1.07
1248 337214 1.07
1249 337514 1.07
1250 337814 1.07
1251 338114 1.07
1252 338414 1.07
1253 338714 1.08
1254 339014 1.08
1255 339314 1.08
1256 339614 1.08
1257 339720 1.08
1258 340020 1.08
1259 340320 1.09
1260 340620 1.09
1261 340920 1.09
1262 341220 1.09
1263 341520 1.09
1264 341820 1.09
1265 342120 1.09
1266 342420 1.09
1267 342720 1.09
1268 343020 1.09
1269 343320 1.09
1270 343526 1.09
1271 343826 1.08
1272 344126 1.08
1273 344426 1.08
1274 344726 1.09
1275 345026 1.09
1276 345326 1.09
1277 345626 1.09
1278 345926 1.09
1279 346226 1.09
1280 346526 1.09
1281 346826 1.09
1282 347126 1.09
1283 347426 1.09
1284 347726 1.09
1285 348026 1.09
1286 348326 1.09
1287 348626 1.09
1288 348926 1.09
1289 349226 1.09
1290 349474 1.09
1291 349774 1.08
1292 350074 1.08
1293 350374 1.08
1294 350674 1.08
1295 350974 1.08
1296 351274 1.08
1297 351512 1.08
1298 351812 1.08
1299 352112 1.08
1300 352412 1.08
1301 352712 1.08
1302 353012 1.08
1303 353312 1.09
1304 353612 1.09
1305 353912 1.09
1306 354212 1.09
1307 354512 1.1
1308 354812 1.1
1309 355112 1.1
1310 355412 1.1
1311 355712 1.1
1312 356012 1.11
1313 356312 1.11
1314 356588 1.11
1315 356888 1.11
1316 357188 1.11
1317 357488 1.11
1318 357788 1.11
1319 358088 1.12
1320 358331 1.12
1321 358631 1.12
1322 358931 1.12
1323 359231 1.12
1324 359531 1.12
1325 359831 1.12
1326 360131 1.1300000000000001
1327 360431 1.1300000000000001
1328 360731 1.1400000000000001
1329 361031 1.1500000000000001
1330 361306 1.1600000000000001
1331 361606 1.1500000000000001
1332 361906 1.1500000000000001
1333 362206 1.1500000000000001
1334 362342 1.1500000000000001
1335 362465 1.1400000000000001
1336 362765 1.1300000000000001
1337 363065 1.1300000000000001
1338 363365 1.1300000000000001
1339 363665 1.1300000000000001
1340 363965 1.1300000000000001
1341 364028 1.1300000000000001
1342 364328 1.1300000000000001
1343 364628 1.1300000000000001
1344 364928 1.1400000000000001
1345 365228 1.1400000000000001
1346 365528 1.1400000000000001
1347 365828 1.1400000000000001
1348 366128 1.1400000000000001
1349 366428 1.1500000000000001
1350 366728 1.1500000000000001
1351 367028 1.1500000000000001
1352 367302 1.1500000000000001
1353 367602 1.1400000000000001
1354 367902 1.1400000000000001
1355 368202 1.1500000000000001
1356 368502 1.1500000000000001
1357 368802 1.1500000000000001
1358 369075 1.1500000000000001
1359 369375 1.1400000000000001
1360 369675 1.1400000000000001
1361 369975 1.1400000000000001
1362 370275 1.1400000000000001
1363 370575 1.1400000000000001
1364 370875 1.1400000000000001
1365 371175 1.1400000000000001
1366 371256 1.1400000000000001
1367 371556 1.1500000000000001
