1 151 0.0 0.0
2 287 0.0 0.0
3 411 0.0 0.0
4 544 0.0 0.0
5 689 0.0 0.0
6 814 0.0 0.0
7 931 0.0 0.0
8 1021 0.0 0.0
9 1210 0.0 0.0
10 1273 0.0 0.0
11 1373 0.0 0.0
12 1464 0.0 0.0
13 1565 0.0 0.0
14 1862 0.0 0.0
15 1923 0.0 0.0
16 2045 0.0 0.0
17 2166 0.0 0.0
18 2311 0.0 0.0
19 2469 0.0 0.0
20 2555 0.0 0.0
21 2668 0.0 0.0
22 2827 0.0 0.0
23 3071 0.0 0.0
24 3192 0.0 0.0
25 3307 0.0 0.0
26 3405 0.0 0.0
27 3591 0.0 0.0
28 3666 0.0 0.0
29 3763 0.0 0.0
30 3897 0.0 0.0
31 3994 0.0 0.0
32 4094 0.0 0.0
33 4214 0.0 0.0
34 4375 0.0 0.0
35 4508 0.0 0.0
36 4583 0.0 0.0
37 4653 0.0 0.0
38 4753 0.0 0.0
39 4835 0.0 0.0
40 5077 0.0 0.0
41 5335 0.0 0.0
42 5448 0.0 0.0
43 5594 0.0 0.0
44 5774 0.0 0.0
45 5980 0.0 0.0
46 6078 0.0 0.0
47 6261 0.0 0.0
48 6420 0.0 0.0
49 6586 0.0 0.0
50 6754 0.0 0.0
51 6942 0.0 0.0
52 7072 0.0 0.0
53 7219 0.0 0.0
54 7340 0.0 0.0
55 7416 0.0 0.0
56 7502 0.0 0.0
57 7576 0.0 0.0
58 7641 0.0 0.0
59 7725 0.0 0.0
60 7797 0.0 0.0
61 7955 0.0 0.0
62 8079 0.0 0.0
63 8413 0.0 0.0
64 8514 0.0 0.0
65 8705 0.0 0.0
66 8966 0.0 0.0
67 9065 0.0 0.0
68 9155 0.0 0.0
69 9798 0.0 0.0
70 9857 0.0 0.0
71 9935 0.0 0.0
72 10019 0.0 0.0
73 10227 0.0 0.0
74 10309 0.0 0.0
75 10419 0.0 0.0
76 10571 0.0 0.0
77 10665 0.0 0.0
78 10830 0.0 0.0
79 10904 0.0 0.0
80 10991 0.0 0.0
81 11078 0.0 0.0
82 11166 0.0 0.0
83 11252 0.0 0.0
84 11490 0.0 0.0
85 11700 0.0 0.0
86 11865 0.0 0.0
87 11924 0.0 0.0
88 12043 0.0 0.0
89 12140 0.0 0.0
90 12234 0.0 0.0
91 12318 0.0 0.0
92 12403 0.0 0.0
93 12463 0.0 0.0
94 12657 0.0 0.0
95 12839 0.0 0.0
96 12945 0.0 0.0
97 13042 0.0 0.0
98 13151 0.0 0.0
99 13240 0.0 0.0
100 13403 0.0 0.0
101 13714 0.0 0.0
102 13853 0.0 0.0
103 13942 0.0 0.0
104 14159 0.0 0.0
105 14330 0.0 0.0
106 14418 0.0 0.0
107 14485 0.0 0.0
108 14591 0.0 0.0
109 14685 0.0 0.0
110 14767 0.0 0.0
111 14993 0.0 0.0
112 15397 0.0 0.0
113 15454 0.0 0.0
114 15523 0.0 0.0
115 15606 0.0 0.0
116 15748 0.0 0.0
117 15803 0.0 0.0
118 15872 0.0 0.0
119 15954 0.0 0.0
120 16052 0.0 0.0
121 16144 0.0 0.0
122 16420 0.0 0.0
123 16511 0.0 0.0
124 16573 0.0 0.0
125 16756 0.0 0.0
126 16971 0.0 0.0
127 17047 0.0 0.0
128 17235 0.0 0.0
129 17348 0.0 0.0
130 17443 0.0 0.0
131 17633 0.0 0.0
132 17707 0.0 0.0
133 17755 0.0 0.0
134 17864 0.0 0.0
135 17932 0.0 0.0
136 17989 0.0 0.0
137 18102 0.0 0.0
138 18161 0.0 0.0
139 18231 0.0 0.0
140 18292 0.0 0.0
141 18375 0.0 0.0
142 18451 0.0 0.0
143 18575 0.0 0.0
144 18636 0.0 0.0
145 18703 0.0 0.0
146 18915 0.0 0.0
147 18999 0.0 0.0
148 19167 0.0 0.0
149 19311 0.0 0.0
150 19425 0.0 0.0
151 19515 0.0 0.0
152 19911 100.0 10.0
153 20015 0.0 10.0
154 20110 0.0 10.0
155 20213 0.0 10.0
156 20388 0.0 10.0
157 20502 0.0 10.0
158 20666 0.0 10.0
159 20835 0.0 10.0
160 20957 0.0 10.0
161 21100 0.0 10.0
162 21219 0.0 0.0
163 21316 0.0 0.0
164 21478 0.0 0.0
165 21623 0.0 0.0
166 21891 0.0 0.0
167 21971 0.0 0.0
168 22175 0.0 0.0
169 22274 0.0 0.0
170 22419 0.0 0.0
171 22580 0.0 0.0
172 22744 0.0 0.0
173 22920 0.0 0.0
174 23092 0.0 0.0
175 23190 0.0 0.0
176 23443 0.0 0.0
177 23671 0.0 0.0
178 23855 0.0 0.0
179 24042 0.0 0.0
180 24216 0.0 0.0
181 24552 0.0 0.0
182 24649 0.0 0.0
183 24791 0.0 0.0
184 24864 100.0 10.0
185 25035 0.0 10.0
186 25312 0.0 10.0
187 25538 0.0 10.0
188 25634 0.0 10.0
189 25841 0.0 10.0
190 25945 0.0 10.0
191 26171 0.0 10.0
192 26268 0.0 10.0
193 26365 0.0 10.0
194 26615 0.0 0.0
195 26968 0.0 0.0
196 27077 0.0 0.0
197 27278 0.0 0.0
198 27561 100.0 10.0
199 27786 0.0 10.0
200 28098 100.0 20.0
201 28422 100.0 30.0
202 28497 0.0 30.0
203 28631 0.0 30.0
204 28774 0.0 30.0
205 28965 0.0 30.0
206 29224 0.0 30.0
207 29412 0.0 30.0
208 29734 100.0 30.0
209 29915 100.0 40.0
210 30198 0.0 30.0
211 30442 100.0 30.0
212 30624 0.0 30.0
213 30828 0.0 30.0
214 30937 0.0 30.0
215 31108 0.0 30.0
216 31249 0.0 30.0
217 31418 0.0 30.0
218 31540 0.0 20.0
219 31622 0.0 10.0
220 31704 0.0 10.0
221 31801 0.0 0.0
222 31897 0.0 0.0
223 31988 0.0 0.0
224 32161 0.0 0.0
225 32418 0.0 0.0
226 32561 100.0 10.0
227 32675 0.0 10.0
228 33164 0.0 10.0
229 33248 0.0 10.0
230 33387 0.0 10.0
231 33493 0.0 10.0
232 33650 0.0 10.0
233 33927 0.0 10.0
234 34001 0.0 10.0
235 34087 0.0 10.0
236 34166 0.0 0.0
237 34594 0.0 0.0
238 34844 0.0 0.0
239 34937 0.0 0.0
240 35090 0.0 0.0
241 35202 0.0 0.0
242 35312 0.0 0.0
243 35410 0.0 0.0
244 35487 0.0 0.0
245 35539 100.0 10.0
246 35748 0.0 10.0
247 35842 0.0 10.0
248 35928 0.0 10.0
249 36070 0.0 10.0
250 36170 0.0 10.0
251 36257 0.0 10.0
252 36362 0.0 10.0
253 36548 0.0 10.0
254 36629 0.0 10.0
255 36700 0.0 0.0
256 36772 0.0 0.0
257 36927 0.0 0.0
258 37020 0.0 0.0
259 37136 0.0 0.0
260 37214 0.0 0.0
261 37381 0.0 0.0
262 37469 0.0 0.0
263 37726 0.0 0.0
264 37817 0.0 0.0
265 37909 0.0 0.0
266 37992 0.0 0.0
267 38381 0.0 0.0
268 38465 0.0 0.0
269 38543 0.0 0.0
270 38811 0.0 0.0
271 38882 0.0 0.0
272 38957 0.0 0.0
273 39048 0.0 0.0
274 39119 0.0 0.0
275 39190 0.0 0.0
276 39289 0.0 0.0
277 39366 0.0 0.0
278 39440 0.0 0.0
279 39558 0.0 0.0
280 39644 0.0 0.0
281 39740 0.0 0.0
282 39851 0.0 0.0
283 39965 0.0 0.0
284 40065 0.0 0.0
285 40144 0.0 0.0
286 40316 0.0 0.0
287 40465 0.0 0.0
288 40552 0.0 0.0
289 40773 0.0 0.0
290 40838 0.0 0.0
291 40930 0.0 0.0
292 41075 0.0 0.0
293 41146 0.0 0.0
294 41252 0.0 0.0
295 41324 0.0 0.0
296 41412 0.0 0.0
297 41487 0.0 0.0
298 41583 0.0 0.0
299 41771 0.0 0.0
300 41868 0.0 0.0
301 41947 0.0 0.0
302 42032 0.0 0.0
303 42122 0.0 0.0
304 42329 0.0 0.0
305 42612 0.0 0.0
306 42728 0.0 0.0
307 42794 0.0 0.0
308 42863 0.0 0.0
309 42964 0.0 0.0
310 43235 0.0 0.0
311 43348 0.0 0.0
312 43450 0.0 0.0
313 43515 0.0 0.0
314 43822 0.0 0.0
315 43896 0.0 0.0
316 44060 0.0 0.0
317 44216 0.0 0.0
318 44286 0.0 0.0
319 44983 0.0 0.0
320 45063 0.0 0.0
321 45191 0.0 0.0
322 45554 0.0 0.0
323 45646 0.0 0.0
324 45756 0.0 0.0
325 45827 0.0 0.0
326 45949 0.0 0.0
327 46225 0.0 0.0
328 46319 0.0 0.0
329 46439 0.0 0.0
330 46530 0.0 0.0
331 46619 0.0 0.0
332 46867 0.0 0.0
333 46945 0.0 0.0
334 47106 0.0 0.0
335 47171 0.0 0.0
336 47259 0.0 0.0
337 47398 0.0 0.0
338 47470 0.0 0.0
339 47658 0.0 0.0
340 47766 0.0 0.0
341 47830 0.0 0.0
342 48020 0.0 0.0
343 48090 0.0 0.0
344 48194 0.0 0.0
345 48333 0.0 0.0
346 48428 0.0 0.0
347 48598 0.0 0.0
348 48664 0.0 0.0
349 48756 0.0 0.0
350 48829 0.0 0.0
351 48960 0.0 0.0
352 49031 0.0 0.0
353 49414 0.0 0.0
354 49502 0.0 0.0
355 49644 0.0 0.0
356 49715 0.0 0.0
357 49971 0.0 0.0
358 50093 0.0 0.0
359 50178 0.0 0.0
360 50244 0.0 0.0
361 50331 0.0 0.0
362 50401 0.0 0.0
363 50511 0.0 0.0
364 51094 0.0 0.0
365 51223 0.0 0.0
366 51435 0.0 0.0
367 51510 0.0 0.0
368 51652 0.0 0.0
369 51739 0.0 0.0
370 51835 0.0 0.0
371 51933 0.0 0.0
372 52003 0.0 0.0
373 52085 0.0 0.0
374 52160 0.0 0.0
375 52236 0.0 0.0
376 52457 0.0 0.0
377 52532 0.0 0.0
378 52589 0.0 0.0
379 52670 0.0 0.0
380 52836 0.0 0.0
381 52927 0.0 0.0
382 53239 0.0 0.0
383 53630 0.0 0.0
384 53702 0.0 0.0
385 53791 0.0 0.0
386 54134 0.0 0.0
387 54205 0.0 0.0
388 54847 100.0 10.0
389 55196 0.0 10.0
390 55367 0.0 10.0
391 55924 100.0 20.0
392 56004 0.0 20.0
393 56262 0.0 20.0
394 56340 0.0 20.0
395 56450 0.0 20.0
396 56650 100.0 30.0
397 56727 0.0 30.0
398 56894 0.0 20.0
399 56984 0.0 20.0
400 57053 0.0 20.0
401 57120 0.0 10.0
402 57240 0.0 10.0
403 57300 0.0 10.0
404 57370 0.0 10.0
405 57432 0.0 10.0
406 57495 0.0 0.0
407 57673 0.0 0.0
408 57810 0.0 0.0
409 57917 0.0 0.0
410 58063 0.0 0.0
411 58132 0.0 0.0
412 58423 0.0 0.0
413 58512 0.0 0.0
414 58781 0.0 0.0
415 59322 100.0 10.0
416 59475 0.0 10.0
417 59574 0.0 10.0
418 59729 0.0 10.0
419 59990 0.0 10.0
420 60095 0.0 10.0
421 60161 0.0 10.0
422 60230 0.0 10.0
423 60300 0.0 10.0
424 60390 0.0 10.0
425 60456 0.0 0.0
426 60550 0.0 0.0
427 60912 0.0 0.0
428 60973 0.0 0.0
429 61154 0.0 0.0
430 61223 0.0 0.0
431 61293 0.0 0.0
432 61355 0.0 0.0
433 61422 0.0 0.0
434 61639 100.0 10.0
435 61713 0.0 10.0
436 61933 0.0 10.0
437 62130 0.0 10.0
438 62557 0.0 10.0
439 62592 100.0 20.0
440 62947 0.0 20.0
441 63046 0.0 20.0
442 63124 0.0 20.0
443 63735 0.0 20.0
444 63793 0.0 10.0
445 63979 0.0 10.0
446 64052 0.0 10.0
447 64120 0.0 10.0
448 64204 0.0 10.0
449 64300 0.0 0.0
450 64472 0.0 0.0
451 64540 0.0 0.0
452 65158 100.0 10.0
453 65223 0.0 10.0
454 65305 0.0 10.0
455 65370 0.0 10.0
456 65576 0.0 10.0
457 65618 100.0 20.0
458 65688 0.0 20.0
459 65754 0.0 20.0
460 65897 0.0 20.0
461 66056 0.0 20.0
462 66120 0.0 10.0
463 66291 0.0 10.0
464 66439 0.0 10.0
465 66509 0.0 10.0
466 66628 0.0 10.0
467 66783 0.0 0.0
468 66853 0.0 0.0
469 66971 0.0 0.0
470 67248 0.0 0.0
471 68247 0.0 0.0
472 68326 0.0 0.0
473 68425 0.0 0.0
474 68639 0.0 0.0
475 68709 0.0 0.0
476 68774 0.0 0.0
477 69080 0.0 0.0
478 69270 100.0 10.0
479 69371 0.0 10.0
480 69400 100.0 20.0
481 69895 100.0 30.0
482 71056 0.0 30.0
483 71174 0.0 30.0
484 71243 0.0 30.0
485 71428 0.0 30.0
486 71624 100.0 40.0
487 71658 100.0 50.0
488 71827 0.0 40.0
489 72612 0.0 40.0
490 72882 0.0 30.0
491 73036 0.0 20.0
492 73116 0.0 20.0
493 73204 0.0 20.0
494 73273 0.0 20.0
495 73428 0.0 20.0
496 73682 0.0 10.0
497 74012 0.0 0.0
498 74471 0.0 0.0
499 74638 0.0 0.0
500 74812 100.0 10.0
501 75000 100.0 20.0
502 75164 0.0 20.0
503 75262 0.0 20.0
504 75597 0.0 20.0
505 75774 100.0 30.0
506 75929 0.0 30.0
507 76099 0.0 30.0
508 76181 0.0 30.0
509 76340 0.0 30.0
510 76456 0.0 20.0
511 76660 0.0 10.0
512 76737 100.0 20.0
513 76809 0.0 20.0
514 78424 100.0 30.0
515 78515 0.0 20.0
516 78609 0.0 20.0
517 78691 0.0 20.0
518 78881 100.0 30.0
519 78963 0.0 30.0
520 79144 100.0 40.0
521 79237 0.0 40.0
522 79303 0.0 30.0
523 79330 100.0 40.0
524 79401 0.0 30.0
525 79486 0.0 30.0
526 79592 0.0 30.0
527 79755 100.0 40.0
528 79824 0.0 30.0
529 80021 100.0 40.0
530 80143 0.0 30.0
531 80286 0.0 30.0
532 80475 100.0 40.0
533 80573 0.0 30.0
534 80687 0.0 30.0
535 80861 0.0 30.0
536 80887 100.0 40.0
537 81049 0.0 30.0
538 81230 0.0 30.0
539 81352 0.0 20.0
540 81547 0.0 20.0
541 81622 0.0 20.0
542 81682 0.0 10.0
543 81752 100.0 20.0
544 81966 100.0 30.0
545 82145 100.0 40.0
546 82300 0.0 30.0
547 82539 0.0 30.0
548 82619 0.0 30.0
549 82824 100.0 40.0
550 82981 0.0 40.0
551 83023 100.0 50.0
552 83234 0.0 50.0
553 83346 0.0 40.0
554 83514 100.0 40.0
555 83616 0.0 30.0
556 83776 0.0 30.0
557 83934 0.0 30.0
558 84008 0.0 30.0
559 84158 0.0 20.0
560 84647 0.0 20.0
561 84728 0.0 10.0
562 84850 0.0 10.0
563 85019 0.0 10.0
564 85220 100.0 10.0
565 85422 100.0 20.0
566 85782 0.0 20.0
567 85998 0.0 20.0
568 86096 0.0 20.0
569 86254 0.0 20.0
570 86406 100.0 30.0
571 86501 0.0 30.0
572 86597 0.0 30.0
573 86977 0.0 30.0
574 87088 0.0 20.0
575 87542 0.0 10.0
576 87622 0.0 10.0
577 87687 100.0 20.0
578 87841 0.0 20.0
579 88017 100.0 30.0
580 88043 100.0 30.0
581 88148 0.0 30.0
582 88227 0.0 30.0
583 88484 0.0 30.0
584 88682 0.0 30.0
585 88755 0.0 30.0
586 88987 0.0 30.0
587 89151 0.0 20.0
588 89327 0.0 20.0
589 89406 0.0 10.0
590 89477 0.0 0.0
591 89862 0.0 0.0
592 90329 0.0 0.0
593 90382 100.0 10.0
594 90424 100.0 20.0
595 90574 0.0 20.0
596 90648 0.0 20.0
597 90726 0.0 20.0
598 91059 0.0 20.0
599 91472 0.0 20.0
600 91633 0.0 20.0
601 91754 0.0 20.0
602 91818 0.0 20.0
603 91984 0.0 10.0
604 92317 100.0 10.0
605 92387 0.0 10.0
606 92561 0.0 10.0
607 92637 0.0 10.0
608 92815 0.0 10.0
609 93007 0.0 10.0
610 93199 0.0 10.0
611 93331 0.0 10.0
612 93512 0.0 10.0
613 93582 0.0 10.0
614 93771 0.0 0.0
615 93998 0.0 0.0
616 94378 0.0 0.0
617 94630 0.0 0.0
618 94720 0.0 0.0
619 95038 0.0 0.0
620 95225 0.0 0.0
621 95265 100.0 10.0
622 95439 0.0 10.0
623 95497 0.0 10.0
624 95619 0.0 10.0
625 95877 100.0 20.0
626 96116 0.0 20.0
627 96206 0.0 20.0
628 96298 0.0 20.0
629 96567 0.0 20.0
630 97135 0.0 20.0
631 97206 100.0 20.0
632 97482 100.0 30.0
633 97708 100.0 40.0
634 97821 0.0 40.0
635 98427 0.0 30.0
636 98907 0.0 30.0
637 99353 100.0 40.0
638 100852 100.0 50.0
639 101416 0.0 50.0
640 101477 0.0 50.0
641 101679 100.0 50.0
642 101813 0.0 40.0
643 102065 100.0 40.0
644 103037 0.0 40.0
645 103395 0.0 40.0
646 103683 0.0 40.0
647 103932 100.0 40.0
648 103998 0.0 30.0
649 104514 0.0 30.0
650 104594 0.0 30.0
651 104824 100.0 30.0
652 104988 0.0 30.0
653 105230 100.0 30.0
654 105294 0.0 30.0
655 105482 0.0 30.0
656 105570 0.0 30.0
657 105864 0.0 20.0
658 106061 0.0 20.0
659 106970 0.0 20.0
660 107037 0.0 20.0
661 107251 100.0 20.0
662 107520 0.0 20.0
663 107606 0.0 10.0
664 107873 100.0 20.0
665 107904 100.0 30.0
666 108127 0.0 30.0
667 108162 100.0 40.0
668 108240 0.0 40.0
669 108473 0.0 40.0
670 108535 0.0 40.0
671 108726 100.0 40.0
672 108817 0.0 40.0
673 109063 0.0 40.0
674 109120 0.0 30.0
675 109281 0.0 20.0
676 109481 0.0 20.0
677 109563 0.0 10.0
678 110137 0.0 10.0
679 110336 0.0 10.0
680 110453 0.0 10.0
681 110672 0.0 0.0
682 110838 0.0 0.0
683 110976 0.0 0.0
684 111264 0.0 0.0
685 111475 0.0 0.0
686 112137 0.0 0.0
687 112296 0.0 0.0
688 112377 0.0 0.0
689 112552 0.0 0.0
690 112757 100.0 10.0
691 113056 0.0 10.0
692 113115 0.0 10.0
693 113324 100.0 20.0
694 113500 100.0 30.0
695 113772 0.0 30.0
696 113914 100.0 40.0
697 114155 0.0 40.0
698 114318 100.0 50.0
699 114439 0.0 50.0
700 114598 100.0 50.0
701 114666 0.0 50.0
702 114733 0.0 50.0
703 114921 0.0 40.0
704 115001 0.0 30.0
705 115242 100.0 40.0
706 115316 0.0 30.0
707 115429 0.0 30.0
708 115491 100.0 30.0
709 115634 0.0 30.0
710 116005 0.0 20.0
711 116070 0.0 20.0
712 116314 0.0 20.0
713 116436 100.0 30.0
714 116664 100.0 40.0
715 116780 0.0 30.0
716 116843 0.0 30.0
717 117038 100.0 40.0
718 117184 100.0 40.0
719 117249 100.0 50.0
720 117328 0.0 50.0
721 117528 0.0 50.0
722 117618 0.0 50.0
723 117708 0.0 40.0
724 117791 0.0 30.0
725 117844 100.0 40.0
726 118049 0.0 40.0
727 118223 0.0 30.0
728 118401 0.0 20.0
729 118646 0.0 10.0
730 118723 0.0 10.0
731 119033 0.0 10.0
732 119092 0.0 10.0
733 119269 0.0 10.0
734 119481 100.0 20.0
735 119734 100.0 20.0
736 119878 0.0 20.0
737 120096 100.0 30.0
738 120485 0.0 30.0
739 120561 0.0 30.0
740 121244 0.0 30.0
741 121431 0.0 30.0
742 121527 0.0 30.0
743 121715 0.0 30.0
744 121831 0.0 20.0
745 122081 100.0 20.0
746 122423 0.0 20.0
747 122500 0.0 10.0
748 122563 100.0 20.0
749 122844 0.0 20.0
750 122905 0.0 20.0
751 123108 0.0 20.0
752 123201 0.0 20.0
753 123393 0.0 20.0
754 123432 100.0 30.0
755 123644 0.0 20.0
756 123732 0.0 20.0
757 123804 0.0 20.0
758 123912 0.0 10.0
759 124119 100.0 20.0
760 124185 100.0 30.0
761 124408 100.0 40.0
762 124870 0.0 40.0
763 125060 100.0 50.0
764 125120 0.0 40.0
765 125219 0.0 40.0
766 125389 0.0 40.0
767 125586 100.0 50.0
768 125818 100.0 60.0
769 125882 100.0 60.0
770 126057 0.0 50.0
771 126158 0.0 40.0
772 126237 0.0 40.0
773 126417 0.0 30.0
774 126614 0.0 30.0
775 126802 0.0 30.0
776 126998 0.0 30.0
777 127053 100.0 30.0
778 127262 0.0 20.0
779 127445 0.0 10.0
780 127978 0.0 10.0
781 128074 0.0 10.0
782 128259 0.0 10.0
783 128566 100.0 20.0
784 128842 0.0 20.0
785 128923 0.0 20.0
786 129140 100.0 30.0
787 129390 0.0 20.0
788 130387 0.0 20.0
789 130694 0.0 20.0
790 130897 100.0 30.0
791 130966 0.0 30.0
792 131068 0.0 30.0
793 131317 100.0 30.0
794 131624 100.0 40.0
795 131787 0.0 40.0
796 131905 0.0 30.0
797 132171 0.0 30.0
798 132327 0.0 30.0
799 132590 0.0 30.0
800 133588 0.0 20.0
801 133883 0.0 20.0
802 134056 0.0 20.0
803 134614 0.0 10.0
804 134773 0.0 0.0
805 134996 0.0 0.0
806 135020 100.0 10.0
807 135183 0.0 10.0
808 135480 0.0 10.0
809 135621 0.0 10.0
810 135822 0.0 10.0
811 135981 0.0 10.0
812 136138 0.0 10.0
813 136281 0.0 10.0
814 136348 0.0 10.0
815 136508 0.0 10.0
816 136674 0.0 0.0
817 136731 0.0 0.0
818 137848 0.0 0.0
819 138037 0.0 0.0
820 138208 100.0 10.0
821 140708 0.0 10.0
822 140832 0.0 10.0
823 142120 0.0 10.0
824 142267 0.0 10.0
825 143805 100.0 20.0
826 143868 0.0 20.0
827 144124 100.0 30.0
828 144274 0.0 30.0
829 144439 0.0 30.0
830 144664 100.0 30.0
831 144735 0.0 30.0
832 144952 100.0 40.0
833 145016 0.0 40.0
834 145194 100.0 50.0
835 146480 0.0 40.0
836 146749 100.0 50.0
837 147296 0.0 40.0
838 147439 100.0 50.0
839 147511 0.0 50.0
840 147681 0.0 40.0
841 148300 0.0 40.0
842 149024 100.0 40.0
843 150310 0.0 40.0
844 150368 100.0 40.0
845 150440 0.0 40.0
846 150679 0.0 30.0
847 152062 0.0 30.0
848 153558 0.0 20.0
849 153883 0.0 20.0
850 154058 0.0 20.0
851 154209 0.0 20.0
852 154294 0.0 10.0
853 155853 0.0 10.0
854 155918 0.0 0.0
855 156133 100.0 10.0
856 156352 0.0 10.0
857 156407 100.0 20.0
858 156539 0.0 20.0
859 156744 100.0 30.0
860 156920 100.0 40.0
861 157163 0.0 40.0
862 157375 0.0 40.0
863 158662 0.0 40.0
864 159140 0.0 40.0
865 159163 100.0 40.0
866 159563 0.0 40.0
867 159752 100.0 40.0
868 161118 0.0 40.0
869 161191 0.0 30.0
870 161427 100.0 30.0
871 161679 100.0 40.0
872 161787 0.0 40.0
873 161853 0.0 40.0
874 162317 0.0 40.0
875 162348 100.0 40.0
876 162397 100.0 50.0
877 162563 0.0 40.0
878 163759 100.0 50.0
879 163865 100.0 60.0
880 164044 0.0 50.0
881 164235 0.0 40.0
882 164260 100.0 50.0
883 164425 100.0 60.0
884 164581 0.0 60.0
885 164740 0.0 50.0
886 164915 0.0 40.0
887 165077 0.0 40.0
888 165252 100.0 40.0
889 165324 0.0 30.0
890 165360 100.0 40.0
891 165417 0.0 40.0
892 165572 0.0 30.0
893 165627 0.0 20.0
894 165966 100.0 30.0
895 167178 0.0 30.0
896 167359 0.0 30.0
897 167559 0.0 30.0
898 167626 100.0 30.0
899 167847 0.0 30.0
900 168214 0.0 20.0
901 168275 0.0 20.0
902 168443 0.0 20.0
903 168510 0.0 20.0
904 169150 0.0 10.0
905 169368 0.0 10.0
906 170258 0.0 10.0
907 170342 0.0 10.0
908 170506 0.0 0.0
909 170580 0.0 0.0
910 170662 0.0 0.0
911 170745 0.0 0.0
912 170915 0.0 0.0
913 171070 0.0 0.0
914 171230 0.0 0.0
915 171419 100.0 10.0
916 171602 0.0 10.0
917 171783 100.0 20.0
918 171863 0.0 20.0
919 171956 0.0 20.0
920 172020 0.0 20.0
921 172078 100.0 30.0
922 172140 0.0 30.0
923 172304 100.0 40.0
924 172477 100.0 50.0
925 172536 0.0 40.0
926 172606 0.0 40.0
927 173871 0.0 30.0
928 174027 0.0 30.0
929 174092 0.0 30.0
930 174267 0.0 30.0
931 174324 0.0 20.0
932 174438 0.0 20.0
933 175332 0.0 10.0
934 175489 0.0 0.0
935 175705 100.0 10.0
936 175807 100.0 20.0
937 176080 0.0 20.0
938 176226 0.0 20.0
939 176312 0.0 20.0
940 176383 0.0 20.0
941 176444 0.0 20.0
942 176480 100.0 30.0
943 176503 100.0 40.0
944 176663 100.0 50.0
945 176826 100.0 50.0
946 176958 0.0 40.0
947 177082 0.0 40.0
948 177215 0.0 40.0
949 177351 100.0 50.0
950 178782 0.0 50.0
951 180206 0.0 50.0
952 180367 0.0 40.0
