1 200 1.34
2 400 1.34
3 600 1.37
4 800 1.37
5 1000 1.3900000000000001
6 1200 1.4200000000000002
7 1400 1.45
8 1600 1.4600000000000002
9 1800 1.4800000000000002
10 2000 1.5
11 2200 1.5300000000000002
12 2400 1.56
13 2600 1.58
14 2800 1.6
15 3000 1.6300000000000001
16 3200 1.6600000000000001
17 3400 1.6800000000000002
18 3600 1.7100000000000002
19 3800 1.72
20 4000 1.74
21 4200 1.7600000000000002
22 4400 1.7800000000000002
23 4600 1.7700000000000002
24 4800 1.7900000000000003
25 5000 1.7800000000000002
26 5200 1.81
27 5400 1.8300000000000003
28 5600 1.8500000000000003
29 5800 1.8800000000000003
30 6000 1.9000000000000004
31 6200 1.92
32 6400 1.9400000000000002
33 6600 1.9600000000000002
34 6800 1.97
35 7000 2.0
36 7200 2.02
37 7400 2.0399999999999996
38 7600 2.0599999999999996
39 7800 2.0799999999999996
40 8000 2.099999999999999
41 8200 2.129999999999999
42 8400 2.1499999999999995
43 8600 2.169999999999999
44 8800 2.1899999999999995
45 9000 2.209999999999999
46 9200 2.2299999999999995
47 9400 2.2399999999999993
48 9600 2.2599999999999993
49 9800 2.2599999999999993
50 10000 2.28
51 10200 2.26
52 10400 2.29
53 10600 2.2999999999999994
54 10800 2.3099999999999996
55 11000 2.3199999999999994
56 11200 2.3399999999999994
57 11400 2.32
58 11600 2.3399999999999994
59 11800 2.33
60 12000 2.34
61 12200 2.36
62 12343 2.39
63 12543 2.3899999999999997
64 12743 2.4199999999999995
65 12943 2.4499999999999993
66 13143 2.4699999999999998
67 13343 2.4799999999999995
68 13543 2.4899999999999993
69 13743 2.4999999999999996
70 13943 2.51
71 14143 2.4899999999999998
72 14252 2.4699999999999998
73 14452 2.44
74 14652 2.44
75 14852 2.45
76 15052 2.4599999999999995
77 15252 2.4699999999999998
78 15452 2.4599999999999995
79 15652 2.4699999999999993
80 15725 2.479999999999999
81 15925 2.479999999999999
82 16009 2.4899999999999993
83 16193 2.4899999999999993
84 16393 2.4799999999999995
85 16593 2.4899999999999993
86 16729 2.4699999999999993
87 16928 2.4499999999999993
88 17128 2.4199999999999995
89 17292 2.4
90 17395 2.4
91 17506 2.3999999999999995
92 17599 2.3999999999999995
93 17796 2.399999999999999
94 17931 2.3899999999999992
95 18111 2.3899999999999997
96 18311 2.36
97 18413 2.3799999999999994
98 18613 2.3799999999999994
99 18693 2.4099999999999997
100 18776 2.4099999999999993
101 18976 2.4099999999999993
102 19094 2.4399999999999995
103 19294 2.4399999999999995
104 19399 2.4699999999999993
105 19489 2.469999999999999
106 19570 2.469999999999999
107 19770 2.4399999999999995
108 19916 2.4599999999999995
109 20110 2.4599999999999995
110 20262 2.4299999999999997
111 20342 2.3999999999999995
112 20505 2.3999999999999995
113 20684 2.3999999999999995
114 20822 2.3999999999999995
115 20909 2.3999999999999995
116 21017 2.3699999999999997
117 21188 2.3699999999999997
118 21388 2.3699999999999997
119 21468 2.3799999999999994
120 21601 2.379999999999999
121 21781 2.379999999999999
122 21981 2.379999999999999
123 22092 2.4099999999999993
124 22292 2.4099999999999993
125 22383 2.4399999999999995
126 22570 2.4399999999999995
127 22662 2.4399999999999995
128 22722 2.4399999999999995
129 22780 2.4399999999999995
130 22920 2.4399999999999995
131 23120 2.4399999999999995
132 23235 2.4199999999999995
133 23435 2.4199999999999995
134 23547 2.4299999999999993
135 23616 2.3999999999999995
136 23670 2.3699999999999997
137 23751 2.3699999999999997
138 23905 2.3699999999999997
139 24050 2.3699999999999997
140 24220 2.3599999999999994
141 24323 2.3599999999999994
142 24470 2.3599999999999994
143 24531 2.3599999999999994
144 24590 2.3299999999999996
145 24735 2.3
146 24843 2.3
147 25004 2.3
148 25204 2.2999999999999994
149 25273 2.329999999999999
150 25473 2.329999999999999
151 25614 2.3599999999999994
152 25727 2.3599999999999994
153 25827 2.3299999999999996
154 25924 2.3299999999999996
155 26018 2.3299999999999996
156 26218 2.3299999999999996
157 26311 2.3599999999999994
158 26511 2.3299999999999996
159 26711 2.3599999999999994
160 26837 2.3699999999999997
161 26972 2.3699999999999997
162 27094 2.369999999999999
163 27186 2.369999999999999
164 27291 2.369999999999999
165 27379 2.369999999999999
166 27474 2.369999999999999
167 27581 2.369999999999999
168 27685 2.369999999999999
169 27806 2.369999999999999
170 28006 2.369999999999999
171 28206 2.3699999999999997
172 28406 2.3999999999999995
173 28606 2.4299999999999993
174 28668 2.4099999999999993
175 28805 2.4
176 28953 2.3999999999999995
177 29153 2.3999999999999995
178 29248 2.4199999999999995
179 29356 2.419999999999999
180 29460 2.419999999999999
181 29660 2.3899999999999992
182 29764 2.3999999999999995
183 29964 2.3699999999999997
184 30065 2.38
185 30265 2.3799999999999994
186 30465 2.4099999999999993
187 30665 2.429999999999999
188 30865 2.459999999999999
189 31055 2.4899999999999993
190 31187 2.4899999999999993
191 31386 2.4899999999999993
192 31475 2.4899999999999993
193 31675 2.4899999999999993
194 31850 2.499999999999999
195 32050 2.499999999999999
196 32113 2.529999999999999
197 32196 2.529999999999999
198 32262 2.519999999999999
199 32444 2.4899999999999993
200 32604 2.4899999999999998
201 32662 2.4699999999999998
202 32738 2.4699999999999993
203 32825 2.4699999999999993
204 32934 2.4699999999999993
205 33019 2.4699999999999993
206 33219 2.4699999999999993
207 33286 2.499999999999999
208 33430 2.499999999999999
209 33630 2.499999999999999
210 33830 2.519999999999999
211 33885 2.549999999999999
212 33962 2.549999999999999
213 34082 2.549999999999999
214 34167 2.549999999999999
215 34367 2.549999999999999
216 34463 2.579999999999999
217 34549 2.5799999999999987
218 34638 2.5799999999999987
219 34732 2.579999999999999
220 34788 2.579999999999999
221 34860 2.5799999999999987
222 34929 2.5799999999999987
223 34976 2.579999999999999
224 35085 2.579999999999999
225 35157 2.5799999999999987
226 35229 2.5799999999999987
227 35298 2.579999999999999
228 35359 2.5499999999999994
229 35535 2.549999999999999
230 35624 2.549999999999999
231 35824 2.5199999999999996
232 35998 2.5499999999999994
233 36154 2.549999999999999
234 36354 2.519999999999999
235 36554 2.5499999999999994
236 36688 2.5599999999999996
237 36773 2.559999999999999
238 36907 2.5599999999999987
239 37107 2.559999999999999
240 37198 2.5699999999999994
241 37271 2.559999999999999
242 37402 2.559999999999999
243 37602 2.5599999999999996
244 37802 2.589999999999999
245 37987 2.6199999999999988
246 38064 2.6199999999999988
247 38166 2.5899999999999994
248 38258 2.5899999999999994
249 38331 2.559999999999999
250 38430 2.559999999999999
251 38543 2.559999999999999
252 38743 2.559999999999999
253 38879 2.559999999999999
254 38987 2.559999999999999
255 39083 2.559999999999999
256 39164 2.559999999999999
257 39364 2.5599999999999987
258 39522 2.589999999999999
259 39692 2.589999999999999
260 39782 2.589999999999999
261 39952 2.589999999999999
262 40056 2.589999999999999
263 40150 2.589999999999999
264 40206 2.589999999999999
265 40274 2.589999999999999
266 40343 2.589999999999999
267 40540 2.589999999999999
268 40674 2.589999999999999
269 40868 2.589999999999999
270 41068 2.559999999999999
271 41197 2.5899999999999994
272 41286 2.5899999999999994
273 41486 2.5899999999999994
274 41686 2.619999999999999
275 41789 2.599999999999999
276 41878 2.5699999999999994
277 42072 2.5699999999999994
278 42136 2.5699999999999994
279 42216 2.569999999999999
280 42416 2.569999999999999
281 42560 2.5999999999999988
282 42760 2.5999999999999988
283 42860 2.629999999999999
284 42949 2.629999999999999
285 43017 2.629999999999999
286 43089 2.629999999999999
287 43194 2.629999999999999
288 43266 2.629999999999999
289 43324 2.629999999999999
290 43434 2.629999999999999
291 43532 2.629999999999999
292 43615 2.599999999999999
293 43714 2.599999999999999
294 43777 2.599999999999999
295 43887 2.599999999999999
296 43942 2.599999999999999
297 44142 2.599999999999999
298 44342 2.609999999999999
299 44472 2.639999999999999
300 44672 2.639999999999999
301 44760 2.659999999999999
302 44849 2.659999999999999
303 44966 2.659999999999999
304 45052 2.659999999999999
305 45129 2.659999999999999
306 45234 2.659999999999999
307 45300 2.659999999999999
308 45482 2.659999999999999
309 45682 2.659999999999999
310 45745 2.669999999999999
311 45807 2.669999999999999
312 45906 2.669999999999999
313 45981 2.6399999999999992
314 46043 2.6399999999999992
315 46145 2.619999999999999
316 46285 2.5899999999999994
317 46341 2.5899999999999994
318 46412 2.5899999999999994
319 46487 2.5899999999999994
320 46578 2.589999999999999
321 46701 2.589999999999999
322 46770 2.589999999999999
323 46852 2.589999999999999
324 46905 2.589999999999999
325 46974 2.589999999999999
326 47046 2.589999999999999
327 47246 2.589999999999999
328 47362 2.619999999999999
329 47461 2.619999999999999
330 47661 2.6099999999999994
331 47823 2.6399999999999992
332 47916 2.6399999999999992
333 48116 2.6399999999999992
334 48187 2.6399999999999992
335 48387 2.6399999999999992
336 48565 2.659999999999999
337 48639 2.6399999999999992
338 48776 2.6099999999999994
339 48882 2.609999999999999
340 49082 2.609999999999999
341 49205 2.619999999999999
342 49297 2.619999999999999
343 49374 2.619999999999999
344 49467 2.5899999999999994
345 49624 2.5899999999999994
346 49824 2.5899999999999994
347 50008 2.619999999999999
348 50208 2.6199999999999988
349 50312 2.6499999999999986
350 50376 2.6499999999999986
351 50470 2.6499999999999986
352 50670 2.649999999999999
353 50736 2.679999999999999
354 50804 2.649999999999999
355 50871 2.649999999999999
356 50946 2.649999999999999
357 51024 2.649999999999999
358 51092 2.6399999999999992
359 51163 2.6399999999999992
360 51230 2.6399999999999992
361 51365 2.6399999999999992
362 51425 2.639999999999999
363 51499 2.639999999999999
364 51565 2.639999999999999
365 51617 2.639999999999999
366 51703 2.6399999999999992
367 51827 2.6399999999999992
368 51904 2.639999999999999
369 52104 2.609999999999999
370 52200 2.6399999999999992
371 52289 2.6399999999999992
372 52353 2.6099999999999994
373 52448 2.609999999999999
374 52648 2.609999999999999
375 52848 2.6399999999999992
376 52961 2.6599999999999993
377 53139 2.6599999999999993
378 53315 2.6599999999999993
379 53418 2.6599999999999993
380 53480 2.659999999999999
381 53590 2.659999999999999
382 53653 2.6599999999999993
383 53739 2.6599999999999993
384 53799 2.649999999999999
385 53873 2.649999999999999
386 53939 2.6499999999999995
387 54087 2.6499999999999995
388 54155 2.649999999999999
389 54332 2.649999999999999
390 54422 2.649999999999999
391 54622 2.649999999999999
392 54714 2.679999999999999
393 54797 2.679999999999999
394 54942 2.679999999999999
395 55007 2.669999999999999
396 55118 2.669999999999999
397 55260 2.669999999999999
398 55449 2.6699999999999995
399 55553 2.649999999999999
400 55694 2.649999999999999
401 55762 2.649999999999999
402 55914 2.649999999999999
403 55973 2.6499999999999995
404 56026 2.649999999999999
405 56119 2.6499999999999995
406 56194 2.6499999999999995
407 56261 2.6499999999999995
408 56430 2.6499999999999995
409 56520 2.6499999999999995
410 56672 2.6499999999999995
411 56738 2.6499999999999995
412 56938 2.649999999999999
413 56984 2.679999999999999
414 57184 2.6799999999999993
415 57384 2.6999999999999993
416 57513 2.729999999999999
417 57605 2.729999999999999
418 57670 2.729999999999999
419 57742 2.6999999999999993
420 57793 2.6999999999999993
421 57861 2.6999999999999993
422 57919 2.6699999999999995
423 57976 2.6699999999999995
424 58045 2.6699999999999995
425 58128 2.6699999999999995
426 58207 2.6499999999999995
427 58256 2.6499999999999995
428 58404 2.649999999999999
429 58604 2.649999999999999
430 58695 2.6599999999999993
431 58745 2.6599999999999993
432 58815 2.6599999999999993
433 59015 2.6599999999999993
434 59188 2.6899999999999995
435 59284 2.6899999999999995
436 59484 2.6899999999999995
437 59684 2.709999999999999
438 59760 2.7399999999999993
439 59820 2.7399999999999993
440 59921 2.7399999999999993
441 60007 2.7399999999999993
442 60093 2.7399999999999993
443 60293 2.7399999999999993
444 60467 2.769999999999999
445 60610 2.769999999999999
446 60706 2.769999999999999
447 60809 2.769999999999999
448 60881 2.7699999999999987
449 60945 2.7699999999999987
450 61074 2.769999999999999
451 61169 2.769999999999999
452 61233 2.769999999999999
453 61433 2.769999999999999
454 61548 2.799999999999999
455 61650 2.799999999999999
456 61729 2.799999999999999
457 61929 2.799999999999999
458 62008 2.8099999999999987
459 62139 2.8099999999999987
460 62254 2.8099999999999987
461 62315 2.8099999999999987
462 62377 2.8099999999999987
463 62486 2.8099999999999987
464 62559 2.8099999999999987
465 62650 2.8099999999999987
466 62791 2.8099999999999987
467 62845 2.779999999999999
468 63045 2.779999999999999
469 63102 2.809999999999999
470 63232 2.809999999999999
471 63432 2.8099999999999987
472 63563 2.839999999999999
473 63689 2.839999999999999
474 63755 2.839999999999999
475 63955 2.839999999999999
476 64092 2.8499999999999988
477 64191 2.8499999999999988
478 64272 2.8499999999999988
479 64324 2.8499999999999988
480 64481 2.8499999999999988
481 64547 2.8499999999999988
482 64612 2.8499999999999988
483 64812 2.8499999999999988
484 64929 2.859999999999999
485 65005 2.859999999999999
486 65109 2.859999999999999
487 65180 2.859999999999999
488 65249 2.859999999999999
489 65326 2.859999999999999
490 65402 2.859999999999999
491 65494 2.859999999999999
492 65608 2.859999999999999
493 65688 2.859999999999999
494 65888 2.859999999999999
495 65962 2.869999999999999
496 66015 2.869999999999999
497 66207 2.869999999999999
498 66407 2.869999999999999
499 66461 2.889999999999999
500 66580 2.889999999999999
501 66645 2.889999999999999
502 66695 2.889999999999999
503 66765 2.889999999999999
504 66848 2.889999999999999
505 66940 2.889999999999999
506 66995 2.889999999999999
507 67043 2.889999999999999
508 67125 2.889999999999999
509 67184 2.889999999999999
510 67245 2.889999999999999
511 67310 2.889999999999999
512 67391 2.889999999999999
513 67492 2.889999999999999
514 67565 2.889999999999999
515 67708 2.889999999999999
516 67773 2.889999999999999
517 67848 2.889999999999999
518 68048 2.889999999999999
519 68142 2.919999999999999
520 68216 2.8899999999999992
521 68416 2.8899999999999992
522 68522 2.9199999999999995
523 68619 2.9199999999999995
524 68731 2.919999999999999
525 68931 2.919999999999999
526 69009 2.939999999999999
527 69103 2.939999999999999
528 69247 2.939999999999999
529 69374 2.939999999999999
530 69485 2.939999999999999
531 69545 2.939999999999999
532 69617 2.939999999999999
533 69758 2.939999999999999
534 69833 2.939999999999999
535 69962 2.939999999999999
536 70025 2.939999999999999
537 70089 2.939999999999999
538 70152 2.939999999999999
539 70241 2.939999999999999
540 70373 2.939999999999999
541 70519 2.939999999999999
542 70643 2.939999999999999
543 70741 2.939999999999999
544 70827 2.939999999999999
545 70921 2.939999999999999
546 70995 2.939999999999999
547 71051 2.939999999999999
548 71125 2.939999999999999
549 71190 2.939999999999999
550 71262 2.9099999999999993
551 71349 2.9099999999999993
552 71403 2.9099999999999993
553 71478 2.9099999999999993
554 71546 2.8799999999999994
555 71605 2.8799999999999994
556 71648 2.8799999999999994
557 71741 2.8799999999999994
558 71802 2.879999999999999
559 71865 2.879999999999999
560 71941 2.879999999999999
561 71996 2.879999999999999
562 72058 2.849999999999999
563 72169 2.8199999999999994
564 72275 2.8199999999999994
565 72349 2.8199999999999994
566 72549 2.819999999999999
567 72626 2.8499999999999988
568 72722 2.8499999999999988
569 72800 2.8499999999999988
570 72897 2.8499999999999988
571 72989 2.8499999999999988
572 73050 2.8499999999999988
573 73116 2.819999999999999
574 73198 2.819999999999999
575 73330 2.819999999999999
576 73431 2.819999999999999
577 73514 2.819999999999999
578 73598 2.819999999999999
579 73662 2.819999999999999
580 73764 2.819999999999999
581 73822 2.819999999999999
582 73883 2.789999999999999
583 74016 2.789999999999999
584 74120 2.789999999999999
585 74273 2.789999999999999
586 74339 2.789999999999999
587 74407 2.789999999999999
588 74516 2.789999999999999
589 74568 2.789999999999999
590 74640 2.789999999999999
591 74718 2.789999999999999
592 74764 2.789999999999999
593 74824 2.789999999999999
594 74880 2.789999999999999
595 74932 2.789999999999999
596 75016 2.789999999999999
597 75099 2.789999999999999
598 75181 2.789999999999999
599 75241 2.789999999999999
600 75325 2.789999999999999
601 75456 2.789999999999999
602 75524 2.7599999999999993
603 75579 2.7599999999999993
604 75727 2.7599999999999993
605 75801 2.7599999999999993
606 75872 2.759999999999999
607 76007 2.759999999999999
608 76070 2.759999999999999
609 76263 2.759999999999999
610 76345 2.759999999999999
611 76407 2.759999999999999
612 76541 2.759999999999999
613 76636 2.759999999999999
614 76712 2.759999999999999
615 76825 2.759999999999999
616 76883 2.759999999999999
617 76969 2.759999999999999
618 77032 2.759999999999999
619 77232 2.759999999999999
620 77370 2.789999999999999
621 77449 2.789999999999999
622 77570 2.789999999999999
623 77708 2.789999999999999
624 77765 2.789999999999999
625 77852 2.789999999999999
626 77965 2.789999999999999
627 78028 2.7599999999999993
628 78148 2.7599999999999993
629 78237 2.7599999999999993
630 78380 2.7599999999999993
631 78438 2.759999999999999
632 78508 2.759999999999999
633 78570 2.759999999999999
634 78630 2.759999999999999
635 78689 2.759999999999999
636 78753 2.759999999999999
637 78865 2.759999999999999
638 78918 2.759999999999999
639 78980 2.759999999999999
640 79034 2.759999999999999
641 79087 2.749999999999999
642 79155 2.749999999999999
643 79212 2.749999999999999
644 79302 2.749999999999999
645 79369 2.749999999999999
646 79439 2.749999999999999
647 79529 2.749999999999999
648 79618 2.749999999999999
649 79818 2.749999999999999
650 79896 2.779999999999999
651 79974 2.779999999999999
652 80140 2.779999999999999
653 80340 2.779999999999999
654 80421 2.8099999999999987
655 80507 2.8099999999999987
656 80581 2.8099999999999987
657 80641 2.8099999999999987
658 80698 2.8099999999999987
659 80786 2.8099999999999987
660 80931 2.8099999999999987
661 81131 2.8099999999999987
662 81331 2.839999999999999
663 81478 2.869999999999999
664 81535 2.869999999999999
665 81642 2.869999999999999
666 81710 2.869999999999999
667 81779 2.869999999999999
668 81942 2.869999999999999
669 82025 2.869999999999999
670 82095 2.869999999999999
671 82158 2.869999999999999
672 82358 2.869999999999999
673 82435 2.899999999999999
674 82503 2.899999999999999
675 82586 2.899999999999999
676 82699 2.899999999999999
677 82881 2.869999999999999
678 83035 2.869999999999999
679 83101 2.869999999999999
680 83175 2.869999999999999
681 83375 2.8399999999999994
682 83458 2.869999999999999
683 83609 2.869999999999999
684 83687 2.869999999999999
685 83851 2.869999999999999
686 83922 2.869999999999999
687 83994 2.869999999999999
688 84081 2.869999999999999
689 84150 2.869999999999999
690 84197 2.869999999999999
691 84276 2.869999999999999
692 84361 2.869999999999999
693 84430 2.869999999999999
694 84518 2.869999999999999
695 84584 2.869999999999999
696 84686 2.869999999999999
697 84777 2.869999999999999
698 84909 2.869999999999999
699 84987 2.869999999999999
700 85117 2.869999999999999
701 85317 2.869999999999999
702 85445 2.899999999999999
703 85537 2.899999999999999
704 85595 2.899999999999999
705 85731 2.899999999999999
706 85788 2.899999999999999
707 85910 2.899999999999999
708 85967 2.899999999999999
709 86151 2.899999999999999
710 86218 2.899999999999999
711 86303 2.899999999999999
712 86394 2.899999999999999
713 86449 2.899999999999999
714 86521 2.899999999999999
715 86584 2.899999999999999
716 86687 2.899999999999999
717 86881 2.899999999999999
718 86939 2.899999999999999
719 87026 2.8899999999999992
720 87102 2.8899999999999992
721 87171 2.8899999999999992
722 87241 2.8899999999999992
723 87294 2.889999999999999
724 87377 2.889999999999999
725 87500 2.889999999999999
726 87700 2.889999999999999
727 87769 2.919999999999999
728 87871 2.919999999999999
729 87932 2.919999999999999
730 88028 2.919999999999999
731 88107 2.919999999999999
732 88172 2.919999999999999
733 88244 2.919999999999999
734 88287 2.919999999999999
735 88355 2.919999999999999
736 88401 2.919999999999999
737 88483 2.919999999999999
738 88564 2.919999999999999
739 88672 2.8899999999999992
740 88872 2.8899999999999992
741 88982 2.899999999999999
742 89095 2.899999999999999
743 89175 2.899999999999999
744 89269 2.899999999999999
745 89365 2.899999999999999
746 89420 2.899999999999999
747 89588 2.899999999999999
748 89665 2.899999999999999
749 89756 2.899999999999999
750 89896 2.899999999999999
751 89967 2.899999999999999
752 90024 2.899999999999999
753 90100 2.899999999999999
754 90175 2.899999999999999
755 90227 2.899999999999999
756 90288 2.899999999999999
757 90358 2.899999999999999
758 90408 2.899999999999999
759 90491 2.899999999999999
760 90554 2.899999999999999
761 90612 2.899999999999999
762 90663 2.899999999999999
763 90753 2.899999999999999
764 90842 2.899999999999999
765 90923 2.899999999999999
766 91040 2.899999999999999
767 91200 2.869999999999999
768 91275 2.869999999999999
769 91334 2.869999999999999
770 91394 2.869999999999999
771 91478 2.869999999999999
772 91626 2.869999999999999
773 91717 2.869999999999999
774 91807 2.869999999999999
775 91968 2.869999999999999
776 92168 2.869999999999999
777 92233 2.899999999999999
778 92348 2.899999999999999
779 92419 2.899999999999999
780 92619 2.899999999999999
781 92744 2.929999999999999
782 92833 2.929999999999999
783 92894 2.899999999999999
784 92958 2.899999999999999
785 93125 2.899999999999999
786 93220 2.899999999999999
787 93314 2.899999999999999
788 93394 2.899999999999999
789 93463 2.899999999999999
790 93531 2.899999999999999
791 93616 2.899999999999999
792 93741 2.899999999999999
793 93901 2.899999999999999
794 94059 2.899999999999999
795 94126 2.899999999999999
796 94235 2.899999999999999
797 94324 2.899999999999999
798 94409 2.899999999999999
799 94486 2.899999999999999
800 94549 2.899999999999999
801 94634 2.899999999999999
802 94705 2.899999999999999
803 94766 2.899999999999999
804 94815 2.899999999999999
805 94878 2.899999999999999
806 94971 2.899999999999999
807 95041 2.899999999999999
808 95127 2.899999999999999
809 95209 2.899999999999999
810 95288 2.899999999999999
811 95341 2.899999999999999
812 95403 2.899999999999999
813 95465 2.899999999999999
814 95546 2.899999999999999
815 95678 2.899999999999999
816 95756 2.899999999999999
817 95807 2.899999999999999
818 96007 2.899999999999999
819 96081 2.9099999999999993
820 96128 2.9099999999999993
821 96197 2.9099999999999993
822 96288 2.9099999999999993
823 96361 2.9099999999999993
824 96518 2.9099999999999993
825 96596 2.9099999999999993
826 96659 2.9099999999999993
827 96798 2.9099999999999993
828 96863 2.9099999999999993
829 96931 2.9099999999999993
830 96990 2.9099999999999993
831 97041 2.9099999999999993
832 97101 2.9099999999999993
833 97192 2.9099999999999993
834 97271 2.9099999999999993
835 97363 2.9099999999999993
836 97439 2.8799999999999994
837 97516 2.8799999999999994
838 97716 2.8799999999999994
839 97803 2.8799999999999994
840 97879 2.8799999999999994
841 97992 2.8799999999999994
842 98042 2.8799999999999994
843 98111 2.879999999999999
844 98171 2.879999999999999
845 98219 2.879999999999999
846 98273 2.879999999999999
847 98345 2.879999999999999
848 98428 2.879999999999999
849 98491 2.879999999999999
850 98562 2.879999999999999
851 98660 2.879999999999999
852 98776 2.849999999999999
853 98829 2.849999999999999
854 98884 2.849999999999999
855 98953 2.849999999999999
856 99025 2.8499999999999988
857 99163 2.8499999999999988
858 99245 2.8499999999999988
859 99315 2.8499999999999988
860 99387 2.8499999999999988
861 99579 2.8499999999999988
862 99630 2.8499999999999988
863 99715 2.8499999999999988
864 99910 2.8499999999999988
865 99990 2.8499999999999988
866 100190 2.8499999999999988
867 100345 2.879999999999999
868 100408 2.879999999999999
869 100460 2.879999999999999
870 100521 2.879999999999999
871 100592 2.879999999999999
872 100656 2.879999999999999
873 100704 2.879999999999999
874 100760 2.879999999999999
875 100860 2.879999999999999
876 100932 2.879999999999999
877 101083 2.879999999999999
878 101153 2.879999999999999
879 101207 2.879999999999999
880 101341 2.879999999999999
881 101406 2.879999999999999
882 101606 2.879999999999999
883 101693 2.9099999999999993
884 101742 2.9099999999999993
885 101795 2.9099999999999993
886 101848 2.9099999999999993
887 101917 2.8799999999999994
888 102004 2.8799999999999994
889 102100 2.8799999999999994
890 102190 2.8799999999999994
891 102350 2.879999999999999
892 102411 2.879999999999999
893 102493 2.879999999999999
894 102557 2.869999999999999
895 102640 2.869999999999999
896 102725 2.869999999999999
897 102783 2.869999999999999
898 102840 2.869999999999999
899 102939 2.869999999999999
900 103014 2.869999999999999
901 103081 2.869999999999999
902 103142 2.869999999999999
903 103205 2.869999999999999
904 103268 2.869999999999999
905 103326 2.869999999999999
906 103477 2.869999999999999
907 103539 2.869999999999999
908 103637 2.869999999999999
909 103756 2.869999999999999
910 103826 2.869999999999999
911 103923 2.869999999999999
912 104026 2.869999999999999
913 104093 2.869999999999999
914 104289 2.869999999999999
915 104364 2.869999999999999
916 104531 2.869999999999999
917 104609 2.869999999999999
918 104704 2.869999999999999
919 104769 2.869999999999999
920 104828 2.869999999999999
921 104924 2.869999999999999
922 104984 2.869999999999999
923 105067 2.869999999999999
924 105124 2.869999999999999
925 105173 2.869999999999999
926 105230 2.869999999999999
927 105299 2.869999999999999
928 105376 2.869999999999999
929 105434 2.869999999999999
930 105501 2.869999999999999
931 105568 2.869999999999999
932 105626 2.869999999999999
933 105736 2.869999999999999
934 105807 2.869999999999999
935 106007 2.869999999999999
936 106075 2.899999999999999
937 106135 2.899999999999999
938 106335 2.899999999999999
939 106407 2.929999999999999
940 106494 2.929999999999999
941 106669 2.929999999999999
942 106800 2.929999999999999
943 106857 2.929999999999999
944 106946 2.929999999999999
945 106990 2.929999999999999
946 107042 2.929999999999999
947 107095 2.929999999999999
948 107158 2.929999999999999
949 107214 2.929999999999999
950 107321 2.929999999999999
951 107521 2.929999999999999
952 107603 2.959999999999999
953 107748 2.959999999999999
954 107811 2.959999999999999
955 107889 2.959999999999999
956 108047 2.959999999999999
957 108194 2.959999999999999
958 108251 2.959999999999999
959 108416 2.959999999999999
960 108570 2.939999999999999
961 108664 2.939999999999999
962 108747 2.939999999999999
963 108814 2.939999999999999
964 108903 2.939999999999999
965 108991 2.939999999999999
966 109040 2.939999999999999
967 109118 2.939999999999999
968 109224 2.9099999999999993
969 109299 2.8799999999999994
970 109362 2.8799999999999994
971 109467 2.8799999999999994
972 109553 2.8799999999999994
973 109641 2.879999999999999
974 109714 2.879999999999999
975 109803 2.879999999999999
976 109870 2.879999999999999
977 109919 2.879999999999999
978 110001 2.869999999999999
979 110069 2.869999999999999
980 110155 2.869999999999999
981 110230 2.869999999999999
982 110320 2.869999999999999
983 110395 2.869999999999999
984 110441 2.869999999999999
985 110507 2.869999999999999
986 110707 2.869999999999999
987 110780 2.899999999999999
988 110976 2.899999999999999
989 111032 2.869999999999999
990 111118 2.869999999999999
991 111184 2.869999999999999
992 111303 2.869999999999999
993 111503 2.869999999999999
994 111569 2.879999999999999
995 111626 2.879999999999999
996 111687 2.879999999999999
997 111768 2.879999999999999
998 111821 2.879999999999999
999 111886 2.879999999999999
1000 111989 2.879999999999999
1001 112068 2.879999999999999
1002 112131 2.879999999999999
1003 112196 2.879999999999999
1004 112257 2.879999999999999
1005 112360 2.879999999999999
1006 112431 2.879999999999999
1007 112527 2.879999999999999
1008 112621 2.879999999999999
1009 112697 2.879999999999999
1010 112813 2.879999999999999
1011 112868 2.879999999999999
1012 113000 2.879999999999999
1013 113072 2.879999999999999
1014 113128 2.879999999999999
1015 113188 2.869999999999999
1016 113285 2.869999999999999
1017 113341 2.869999999999999
1018 113407 2.869999999999999
1019 113486 2.869999999999999
1020 113564 2.869999999999999
1021 113628 2.869999999999999
1022 113724 2.869999999999999
1023 113790 2.869999999999999
1024 113875 2.869999999999999
1025 113939 2.869999999999999
1026 114009 2.869999999999999
1027 114066 2.869999999999999
1028 114136 2.869999999999999
1029 114224 2.869999999999999
1030 114318 2.869999999999999
1031 114426 2.869999999999999
1032 114490 2.869999999999999
1033 114560 2.869999999999999
1034 114623 2.869999999999999
1035 114698 2.869999999999999
1036 114817 2.869999999999999
1037 114870 2.869999999999999
1038 114927 2.869999999999999
1039 114994 2.869999999999999
1040 115103 2.869999999999999
1041 115176 2.869999999999999
1042 115223 2.869999999999999
1043 115282 2.869999999999999
1044 115357 2.869999999999999
1045 115438 2.869999999999999
1046 115525 2.869999999999999
1047 115595 2.869999999999999
1048 115691 2.869999999999999
1049 115753 2.869999999999999
1050 115936 2.869999999999999
1051 115994 2.869999999999999
1052 116064 2.8399999999999994
1053 116210 2.8399999999999994
1054 116296 2.8399999999999994
1055 116376 2.8399999999999994
1056 116504 2.839999999999999
1057 116635 2.839999999999999
1058 116732 2.819999999999999
1059 116932 2.819999999999999
1060 117000 2.839999999999999
1061 117057 2.839999999999999
1062 117197 2.839999999999999
1063 117304 2.839999999999999
1064 117354 2.839999999999999
1065 117458 2.839999999999999
1066 117517 2.839999999999999
1067 117717 2.839999999999999
1068 117917 2.869999999999999
1069 118000 2.899999999999999
1070 118071 2.899999999999999
1071 118148 2.899999999999999
1072 118233 2.899999999999999
1073 118312 2.899999999999999
1074 118391 2.899999999999999
1075 118453 2.869999999999999
1076 118566 2.869999999999999
1077 118766 2.869999999999999
1078 118856 2.8799999999999994
1079 118925 2.879999999999999
1080 118980 2.879999999999999
1081 119035 2.879999999999999
1082 119148 2.879999999999999
1083 119241 2.879999999999999
1084 119320 2.879999999999999
1085 119394 2.879999999999999
1086 119475 2.879999999999999
1087 119533 2.879999999999999
1088 119733 2.879999999999999
1089 119810 2.9099999999999993
1090 119894 2.9099999999999993
1091 119960 2.9099999999999993
1092 120017 2.9099999999999993
1093 120085 2.9099999999999993
1094 120175 2.9099999999999993
1095 120233 2.9099999999999993
1096 120393 2.9099999999999993
1097 120458 2.9099999999999993
1098 120509 2.9099999999999993
1099 120584 2.9099999999999993
1100 120668 2.9099999999999993
1101 120740 2.9099999999999993
1102 120813 2.9099999999999993
1103 120890 2.9099999999999993
1104 121050 2.9099999999999993
1105 121195 2.9099999999999993
1106 121256 2.9099999999999993
1107 121379 2.9099999999999993
1108 121503 2.9099999999999993
1109 121616 2.9099999999999993
1110 121710 2.9099999999999993
1111 121797 2.9099999999999993
1112 121853 2.9099999999999993
1113 121916 2.9099999999999993
1114 122116 2.9099999999999993
1115 122194 2.919999999999999
1116 122252 2.919999999999999
1117 122367 2.919999999999999
1118 122434 2.919999999999999
1119 122513 2.919999999999999
1120 122572 2.919999999999999
1121 122634 2.919999999999999
1122 122707 2.919999999999999
1123 122782 2.919999999999999
1124 122849 2.919999999999999
1125 122903 2.919999999999999
1126 122954 2.919999999999999
1127 123063 2.919999999999999
1128 123177 2.919999999999999
1129 123234 2.919999999999999
1130 123283 2.919999999999999
1131 123397 2.919999999999999
1132 123460 2.919999999999999
1133 123542 2.919999999999999
1134 123605 2.919999999999999
1135 123684 2.919999999999999
1136 123741 2.919999999999999
1137 123874 2.919999999999999
1138 123942 2.919999999999999
1139 124033 2.919999999999999
1140 124195 2.9099999999999993
1141 124279 2.9099999999999993
1142 124349 2.9099999999999993
1143 124400 2.9099999999999993
1144 124517 2.9099999999999993
1145 124573 2.9099999999999993
1146 124672 2.9099999999999993
1147 124744 2.9099999999999993
1148 124831 2.9099999999999993
1149 124887 2.9099999999999993
1150 124954 2.9099999999999993
1151 125154 2.9099999999999993
1152 125272 2.939999999999999
1153 125364 2.939999999999999
1154 125426 2.939999999999999
1155 125506 2.939999999999999
1156 125602 2.939999999999999
1157 125802 2.939999999999999
1158 125851 2.9499999999999993
1159 125921 2.9499999999999993
1160 125998 2.9499999999999993
1161 126120 2.9499999999999993
1162 126255 2.9499999999999993
1163 126309 2.9499999999999993
1164 126377 2.9499999999999993
1165 126465 2.9499999999999993
1166 126523 2.9499999999999993
1167 126582 2.9499999999999993
1168 126638 2.9499999999999993
1169 126697 2.9499999999999993
1170 126804 2.9499999999999993
1171 126875 2.9499999999999993
1172 126942 2.9499999999999993
1173 127022 2.9499999999999993
1174 127222 2.9499999999999993
1175 127313 2.979999999999999
1176 127371 2.979999999999999
1177 127502 2.979999999999999
1178 127557 2.979999999999999
1179 127615 2.979999999999999
1180 127703 2.979999999999999
1181 127791 2.979999999999999
1182 127866 2.979999999999999
1183 127939 2.979999999999999
1184 128028 2.979999999999999
1185 128085 2.9699999999999993
1186 128137 2.9699999999999993
1187 128196 2.9699999999999993
1188 128297 2.9699999999999993
1189 128352 2.969999999999999
1190 128403 2.969999999999999
1191 128452 2.969999999999999
1192 128517 2.969999999999999
1193 128622 2.969999999999999
1194 128685 2.969999999999999
1195 128742 2.969999999999999
1196 128812 2.969999999999999
1197 129009 2.969999999999999
1198 129063 2.969999999999999
1199 129127 2.969999999999999
1200 129193 2.969999999999999
1201 129277 2.969999999999999
1202 129369 2.969999999999999
1203 129458 2.939999999999999
1204 129508 2.939999999999999
1205 129567 2.939999999999999
1206 129622 2.939999999999999
1207 129740 2.9099999999999993
1208 129878 2.9099999999999993
1209 129975 2.9099999999999993
1210 130084 2.9099999999999993
1211 130162 2.9099999999999993
1212 130228 2.9099999999999993
1213 130314 2.9099999999999993
1214 130406 2.9099999999999993
1215 130482 2.9099999999999993
1216 130600 2.9099999999999993
1217 130672 2.9099999999999993
1218 130773 2.9099999999999993
1219 130860 2.9099999999999993
1220 130947 2.9099999999999993
1221 131018 2.9099999999999993
1222 131066 2.9099999999999993
1223 131126 2.9099999999999993
1224 131191 2.9099999999999993
1225 131305 2.9099999999999993
1226 131378 2.9099999999999993
1227 131484 2.9099999999999993
1228 131536 2.9099999999999993
1229 131589 2.9099999999999993
1230 131672 2.9099999999999993
1231 131740 2.9099999999999993
1232 131906 2.9099999999999993
1233 132010 2.9099999999999993
1234 132106 2.9099999999999993
1235 132177 2.9099999999999993
1236 132235 2.9099999999999993
1237 132303 2.9099999999999993
1238 132360 2.9099999999999993
1239 132560 2.9099999999999993
1240 132625 2.919999999999999
1241 132715 2.919999999999999
1242 132784 2.8899999999999992
1243 132856 2.8899999999999992
1244 132938 2.8899999999999992
1245 133027 2.8899999999999992
1246 133084 2.889999999999999
1247 133160 2.889999999999999
1248 133214 2.889999999999999
1249 133276 2.889999999999999
1250 133358 2.889999999999999
1251 133421 2.889999999999999
1252 133491 2.889999999999999
1253 133552 2.889999999999999
1254 133661 2.889999999999999
1255 133725 2.889999999999999
1256 133800 2.889999999999999
1257 134000 2.859999999999999
1258 134065 2.869999999999999
1259 134160 2.869999999999999
1260 134225 2.869999999999999
1261 134305 2.869999999999999
1262 134358 2.869999999999999
1263 134448 2.869999999999999
1264 134494 2.869999999999999
1265 134550 2.869999999999999
1266 134594 2.869999999999999
1267 134655 2.869999999999999
1268 134709 2.869999999999999
1269 134789 2.869999999999999
1270 134844 2.869999999999999
1271 134917 2.869999999999999
1272 134970 2.8399999999999994
1273 135022 2.8399999999999994
1274 135074 2.8399999999999994
1275 135177 2.8399999999999994
1276 135240 2.839999999999999
1277 135296 2.839999999999999
1278 135368 2.839999999999999
1279 135439 2.839999999999999
1280 135498 2.839999999999999
1281 135587 2.839999999999999
1282 135635 2.839999999999999
1283 135741 2.839999999999999
1284 135941 2.839999999999999
1285 136054 2.8499999999999988
1286 136110 2.8499999999999988
1287 136163 2.8499999999999988
1288 136210 2.819999999999999
1289 136271 2.819999999999999
1290 136356 2.819999999999999
1291 136447 2.819999999999999
1292 136606 2.819999999999999
1293 136652 2.819999999999999
1294 136748 2.8199999999999994
1295 136802 2.8199999999999994
1296 136851 2.819999999999999
1297 136913 2.819999999999999
1298 136969 2.8199999999999994
1299 137049 2.8199999999999994
1300 137113 2.819999999999999
1301 137174 2.819999999999999
1302 137374 2.8199999999999994
1303 137430 2.849999999999999
1304 137519 2.8499999999999988
1305 137586 2.8499999999999988
1306 137786 2.849999999999999
1307 137914 2.879999999999999
1308 137966 2.879999999999999
1309 138046 2.879999999999999
1310 138146 2.879999999999999
1311 138203 2.879999999999999
1312 138255 2.879999999999999
1313 138403 2.879999999999999
1314 138458 2.879999999999999
1315 138533 2.879999999999999
1316 138599 2.879999999999999
1317 138685 2.879999999999999
1318 138748 2.879999999999999
1319 138801 2.879999999999999
1320 138852 2.879999999999999
1321 138927 2.879999999999999
1322 138983 2.879999999999999
1323 139109 2.879999999999999
1324 139164 2.879999999999999
1325 139247 2.879999999999999
1326 139339 2.879999999999999
1327 139403 2.879999999999999
1328 139464 2.879999999999999
1329 139514 2.879999999999999
1330 139632 2.879999999999999
1331 139705 2.879999999999999
1332 139759 2.879999999999999
1333 139815 2.879999999999999
1334 139894 2.879999999999999
1335 139965 2.879999999999999
1336 140053 2.879999999999999
1337 140120 2.879999999999999
1338 140178 2.879999999999999
1339 140275 2.879999999999999
1340 140351 2.879999999999999
1341 140551 2.879999999999999
1342 140605 2.9099999999999993
1343 140747 2.9099999999999993
1344 140832 2.9099999999999993
1345 140999 2.9099999999999993
1346 141134 2.9099999999999993
1347 141287 2.9099999999999993
1348 141402 2.9099999999999993
1349 141471 2.9099999999999993
1350 141544 2.9099999999999993
1351 141604 2.9099999999999993
1352 141680 2.9099999999999993
1353 141771 2.9099999999999993
1354 141827 2.8799999999999994
1355 142020 2.8799999999999994
1356 142220 2.8799999999999994
1357 142282 2.9099999999999993
1358 142455 2.9099999999999993
1359 142518 2.9099999999999993
1360 142585 2.9099999999999993
1361 142659 2.9099999999999993
1362 142741 2.9099999999999993
1363 142788 2.9099999999999993
1364 142893 2.9099999999999993
1365 142998 2.9099999999999993
1366 143071 2.9099999999999993
1367 143129 2.9099999999999993
1368 143197 2.9099999999999993
1369 143283 2.9099999999999993
1370 143353 2.9099999999999993
1371 143553 2.8799999999999994
1372 143608 2.9099999999999993
1373 143662 2.9099999999999993
1374 143737 2.9099999999999993
1375 143854 2.9099999999999993
1376 143915 2.9099999999999993
1377 143977 2.9099999999999993
1378 144020 2.9099999999999993
1379 144119 2.9099999999999993
1380 144165 2.9099999999999993
1381 144231 2.9099999999999993
1382 144281 2.9099999999999993
1383 144364 2.9099999999999993
1384 144446 2.9099999999999993
1385 144496 2.9099999999999993
1386 144570 2.9099999999999993
1387 144770 2.9099999999999993
1388 144847 2.939999999999999
1389 144910 2.939999999999999
1390 145014 2.939999999999999
1391 145101 2.939999999999999
1392 145155 2.939999999999999
1393 145245 2.939999999999999
1394 145331 2.939999999999999
1395 145452 2.939999999999999
1396 145531 2.939999999999999
1397 145632 2.939999999999999
1398 145673 2.939999999999999
1399 145793 2.939999999999999
1400 145891 2.939999999999999
1401 145952 2.939999999999999
1402 146036 2.939999999999999
1403 146138 2.939999999999999
1404 146208 2.939999999999999
1405 146266 2.939999999999999
1406 146442 2.939999999999999
1407 146497 2.9099999999999993
1408 146629 2.9099999999999993
1409 146673 2.9099999999999993
1410 146756 2.9099999999999993
1411 146826 2.9099999999999993
1412 146893 2.9099999999999993
1413 146962 2.9099999999999993
1414 147108 2.9099999999999993
1415 147245 2.9099999999999993
1416 147303 2.9099999999999993
1417 147408 2.9099999999999993
1418 147471 2.9099999999999993
1419 147578 2.8799999999999994
1420 147693 2.8799999999999994
1421 147761 2.8799999999999994
1422 147836 2.8799999999999994
1423 147957 2.879999999999999
1424 148037 2.879999999999999
1425 148111 2.879999999999999
1426 148169 2.879999999999999
1427 148255 2.879999999999999
1428 148396 2.879999999999999
1429 148461 2.879999999999999
1430 148520 2.879999999999999
1431 148577 2.879999999999999
1432 148637 2.879999999999999
1433 148683 2.879999999999999
1434 148733 2.879999999999999
1435 148814 2.879999999999999
1436 148857 2.879999999999999
1437 148915 2.879999999999999
1438 148980 2.879999999999999
1439 149046 2.879999999999999
1440 149096 2.879999999999999
1441 149152 2.879999999999999
1442 149224 2.879999999999999
1443 149313 2.879999999999999
1444 149386 2.879999999999999
1445 149458 2.879999999999999
1446 149517 2.879999999999999
1447 149579 2.879999999999999
1448 149667 2.879999999999999
1449 149727 2.879999999999999
1450 149796 2.879999999999999
1451 149900 2.879999999999999
1452 150055 2.879999999999999
1453 150255 2.879999999999999
1454 150367 2.9099999999999993
1455 150437 2.9099999999999993
1456 150495 2.9099999999999993
1457 150552 2.9099999999999993
1458 150608 2.9099999999999993
1459 150692 2.9099999999999993
1460 150747 2.9099999999999993
1461 150826 2.9099999999999993
1462 150901 2.8799999999999994
1463 151002 2.8799999999999994
1464 151059 2.8799999999999994
1465 151120 2.8799999999999994
1466 151187 2.879999999999999
1467 151240 2.879999999999999
1468 151320 2.879999999999999
1469 151372 2.879999999999999
1470 151572 2.879999999999999
1471 151628 2.9099999999999993
1472 151687 2.9099999999999993
1473 151743 2.9099999999999993
1474 151908 2.9099999999999993
1475 152019 2.9099999999999993
1476 152082 2.9099999999999993
1477 152130 2.9099999999999993
1478 152265 2.9099999999999993
1479 152395 2.9099999999999993
1480 152476 2.9099999999999993
1481 152640 2.9099999999999993
1482 152762 2.9099999999999993
1483 152827 2.9099999999999993
1484 152890 2.9099999999999993
1485 152948 2.9099999999999993
1486 153044 2.9099999999999993
1487 153154 2.9099999999999993
1488 153242 2.9099999999999993
1489 153286 2.9099999999999993
1490 153361 2.9099999999999993
1491 153459 2.9099999999999993
1492 153552 2.9099999999999993
1493 153630 2.9099999999999993
1494 153702 2.9099999999999993
1495 153768 2.9099999999999993
1496 153825 2.9099999999999993
1497 153907 2.9099999999999993
1498 154007 2.9099999999999993
1499 154077 2.9099999999999993
1500 154135 2.9099999999999993
1501 154202 2.9099999999999993
1502 154310 2.9099999999999993
1503 154506 2.9099999999999993
1504 154590 2.9099999999999993
1505 154683 2.9099999999999993
1506 154883 2.9099999999999993
1507 154965 2.939999999999999
1508 155028 2.939999999999999
1509 155079 2.939999999999999
1510 155128 2.939999999999999
1511 155201 2.939999999999999
1512 155249 2.939999999999999
1513 155336 2.939999999999999
1514 155409 2.939999999999999
1515 155488 2.939999999999999
1516 155569 2.939999999999999
1517 155653 2.939999999999999
1518 155853 2.939999999999999
1519 155927 2.969999999999999
1520 156030 2.969999999999999
1521 156085 2.969999999999999
1522 156211 2.969999999999999
1523 156258 2.969999999999999
1524 156325 2.969999999999999
1525 156416 2.969999999999999
1526 156489 2.969999999999999
1527 156558 2.969999999999999
1528 156618 2.969999999999999
1529 156718 2.969999999999999
1530 156801 2.969999999999999
1531 156941 2.969999999999999
1532 157059 2.969999999999999
1533 157133 2.969999999999999
1534 157239 2.969999999999999
1535 157300 2.969999999999999
1536 157355 2.969999999999999
1537 157440 2.939999999999999
1538 157526 2.939999999999999
1539 157594 2.939999999999999
1540 157658 2.939999999999999
1541 157751 2.939999999999999
1542 157827 2.939999999999999
1543 157991 2.939999999999999
1544 158051 2.939999999999999
1545 158126 2.939999999999999
1546 158215 2.939999999999999
1547 158273 2.939999999999999
1548 158336 2.939999999999999
1549 158392 2.939999999999999
1550 158494 2.939999999999999
1551 158554 2.939999999999999
1552 158600 2.939999999999999
1553 158672 2.939999999999999
1554 158776 2.939999999999999
1555 158862 2.939999999999999
1556 158928 2.939999999999999
1557 159004 2.939999999999999
1558 159062 2.939999999999999
1559 159175 2.939999999999999
1560 159246 2.939999999999999
1561 159446 2.939999999999999
1562 159516 2.969999999999999
1563 159602 2.969999999999999
1564 159662 2.969999999999999
1565 159730 2.969999999999999
1566 159792 2.969999999999999
1567 159841 2.969999999999999
1568 159924 2.969999999999999
1569 159988 2.969999999999999
1570 160068 2.969999999999999
1571 160136 2.969999999999999
1572 160187 2.969999999999999
1573 160286 2.969999999999999
1574 160374 2.969999999999999
1575 160450 2.969999999999999
1576 160504 2.969999999999999
1577 160634 2.969999999999999
1578 160697 2.949999999999999
1579 160747 2.949999999999999
1580 160805 2.949999999999999
1581 160854 2.919999999999999
1582 160984 2.9199999999999995
1583 161179 2.9199999999999995
1584 161257 2.9199999999999995
1585 161339 2.919999999999999
1586 161428 2.919999999999999
1587 161481 2.919999999999999
1588 161557 2.919999999999999
1589 161746 2.919999999999999
1590 161813 2.919999999999999
1591 161881 2.9099999999999993
1592 161943 2.9099999999999993
1593 162016 2.9099999999999993
1594 162061 2.9099999999999993
1595 162199 2.9099999999999993
1596 162259 2.9099999999999993
1597 162310 2.9099999999999993
1598 162372 2.9099999999999993
1599 162423 2.9099999999999993
1600 162497 2.9099999999999993
1601 162566 2.9099999999999993
1602 162659 2.9099999999999993
1603 162710 2.9099999999999993
1604 162783 2.9099999999999993
1605 162842 2.9099999999999993
1606 162918 2.9099999999999993
1607 163073 2.9099999999999993
1608 163174 2.9099999999999993
1609 163269 2.9099999999999993
1610 163330 2.9099999999999993
1611 163424 2.9099999999999993
1612 163484 2.9099999999999993
1613 163564 2.9099999999999993
1614 163620 2.9099999999999993
1615 163674 2.9099999999999993
1616 163729 2.9099999999999993
1617 163799 2.9099999999999993
1618 163848 2.9099999999999993
1619 163956 2.9099999999999993
1620 164020 2.9099999999999993
1621 164198 2.9099999999999993
1622 164271 2.9099999999999993
1623 164361 2.9099999999999993
1624 164467 2.9099999999999993
1625 164519 2.9099999999999993
1626 164682 2.9099999999999993
1627 164745 2.9099999999999993
1628 164817 2.9099999999999993
1629 164865 2.9099999999999993
1630 164949 2.9099999999999993
1631 165044 2.9099999999999993
1632 165125 2.9099999999999993
1633 165183 2.9099999999999993
1634 165279 2.9099999999999993
1635 165330 2.9099999999999993
1636 165530 2.9099999999999993
1637 165675 2.939999999999999
1638 165753 2.939999999999999
1639 165815 2.939999999999999
1640 165877 2.939999999999999
1641 165951 2.939999999999999
1642 166006 2.939999999999999
1643 166079 2.939999999999999
1644 166168 2.939999999999999
1645 166231 2.939999999999999
1646 166306 2.939999999999999
1647 166351 2.939999999999999
1648 166420 2.939999999999999
1649 166468 2.939999999999999
1650 166543 2.939999999999999
1651 166642 2.939999999999999
1652 166702 2.939999999999999
1653 166765 2.939999999999999
1654 166838 2.939999999999999
1655 166907 2.939999999999999
1656 166975 2.939999999999999
1657 167039 2.939999999999999
1658 167132 2.939999999999999
1659 167214 2.939999999999999
1660 167286 2.939999999999999
1661 167347 2.939999999999999
1662 167408 2.939999999999999
1663 167463 2.939999999999999
1664 167556 2.939999999999999
1665 167639 2.939999999999999
1666 167696 2.939999999999999
1667 167748 2.939999999999999
1668 167833 2.939999999999999
1669 167900 2.939999999999999
1670 167954 2.939999999999999
1671 168010 2.939999999999999
1672 168088 2.939999999999999
1673 168173 2.939999999999999
1674 168234 2.939999999999999
1675 168296 2.939999999999999
1676 168385 2.939999999999999
1677 168585 2.939999999999999
1678 168649 2.959999999999999
1679 168725 2.959999999999999
1680 168925 2.959999999999999
1681 169000 2.9899999999999993
1682 169087 2.9899999999999993
1683 169153 2.9899999999999993
1684 169222 2.9899999999999993
1685 169272 2.9899999999999993
1686 169333 2.9899999999999993
1687 169438 2.9899999999999993
1688 169507 2.9899999999999993
1689 169558 2.9899999999999993
1690 169758 2.9899999999999993
1691 169831 2.999999999999999
1692 169879 2.9699999999999993
1693 169964 2.9699999999999993
1694 170038 2.9699999999999993
1695 170089 2.9699999999999993
1696 170156 2.969999999999999
1697 170228 2.969999999999999
1698 170296 2.969999999999999
1699 170350 2.969999999999999
1700 170409 2.969999999999999
1701 170488 2.969999999999999
1702 170582 2.969999999999999
1703 170632 2.969999999999999
1704 170694 2.969999999999999
1705 170748 2.969999999999999
1706 170818 2.969999999999999
1707 170885 2.969999999999999
1708 170947 2.969999999999999
1709 171039 2.969999999999999
1710 171091 2.969999999999999
1711 171173 2.949999999999999
1712 171228 2.949999999999999
1713 171285 2.949999999999999
1714 171330 2.949999999999999
1715 171377 2.9499999999999993
1716 171486 2.9499999999999993
1717 171667 2.9499999999999993
1718 171717 2.9499999999999993
1719 171784 2.9499999999999993
1720 171851 2.9499999999999993
1721 171911 2.9499999999999993
1722 172009 2.9499999999999993
1723 172062 2.9399999999999995
1724 172168 2.9399999999999995
1725 172228 2.9399999999999995
1726 172278 2.9399999999999995
1727 172340 2.939999999999999
1728 172403 2.939999999999999
1729 172512 2.939999999999999
1730 172582 2.939999999999999
1731 172651 2.939999999999999
1732 172799 2.939999999999999
1733 172873 2.939999999999999
1734 172966 2.939999999999999
1735 173045 2.939999999999999
1736 173114 2.939999999999999
1737 173192 2.939999999999999
1738 173261 2.939999999999999
1739 173319 2.939999999999999
1740 173400 2.939999999999999
1741 173493 2.939999999999999
1742 173565 2.939999999999999
1743 173616 2.939999999999999
1744 173734 2.939999999999999
1745 173798 2.939999999999999
1746 173863 2.939999999999999
1747 173970 2.939999999999999
1748 174057 2.939999999999999
1749 174118 2.939999999999999
1750 174174 2.939999999999999
1751 174236 2.939999999999999
1752 174300 2.939999999999999
1753 174384 2.939999999999999
1754 174485 2.939999999999999
1755 174602 2.939999999999999
1756 174663 2.939999999999999
1757 174746 2.939999999999999
1758 174815 2.939999999999999
1759 174896 2.939999999999999
1760 174958 2.939999999999999
1761 175034 2.939999999999999
1762 175081 2.939999999999999
1763 175140 2.939999999999999
1764 175205 2.939999999999999
1765 175287 2.939999999999999
1766 175368 2.939999999999999
1767 175441 2.939999999999999
1768 175491 2.939999999999999
1769 175569 2.939999999999999
1770 175666 2.939999999999999
1771 175759 2.939999999999999
1772 175856 2.939999999999999
1773 175917 2.939999999999999
1774 176038 2.939999999999999
1775 176151 2.939999999999999
1776 176226 2.939999999999999
1777 176290 2.939999999999999
1778 176357 2.9299999999999993
1779 176424 2.9299999999999993
1780 176515 2.9299999999999993
1781 176585 2.9299999999999993
1782 176654 2.929999999999999
1783 176739 2.929999999999999
1784 176828 2.929999999999999
1785 176898 2.929999999999999
1786 176984 2.929999999999999
1787 177100 2.929999999999999
1788 177150 2.929999999999999
1789 177237 2.929999999999999
1790 177339 2.929999999999999
1791 177539 2.929999999999999
1792 177618 2.959999999999999
1793 177686 2.959999999999999
1794 177797 2.959999999999999
1795 177933 2.959999999999999
1796 178001 2.959999999999999
1797 178105 2.959999999999999
1798 178196 2.959999999999999
1799 178294 2.959999999999999
1800 178383 2.9299999999999993
1801 178447 2.9299999999999993
1802 178537 2.9299999999999993
1803 178611 2.9299999999999993
1804 178673 2.929999999999999
1805 178744 2.929999999999999
1806 178819 2.929999999999999
1807 178886 2.929999999999999
1808 178957 2.899999999999999
1809 179028 2.899999999999999
1810 179228 2.899999999999999
1811 179360 2.9199999999999995
1812 179461 2.919999999999999
1813 179543 2.919999999999999
1814 179604 2.919999999999999
1815 179693 2.919999999999999
1816 179763 2.919999999999999
1817 179837 2.919999999999999
1818 179887 2.919999999999999
1819 179964 2.919999999999999
1820 180055 2.919999999999999
1821 180166 2.919999999999999
1822 180366 2.919999999999999
1823 180420 2.929999999999999
1824 180482 2.929999999999999
1825 180633 2.929999999999999
1826 180704 2.929999999999999
1827 180763 2.929999999999999
1828 180864 2.929999999999999
1829 180910 2.929999999999999
1830 180957 2.929999999999999
1831 181056 2.929999999999999
1832 181117 2.929999999999999
1833 181191 2.929999999999999
1834 181285 2.929999999999999
1835 181382 2.929999999999999
1836 181437 2.929999999999999
1837 181521 2.929999999999999
1838 181586 2.929999999999999
1839 181660 2.929999999999999
1840 181724 2.929999999999999
1841 181773 2.929999999999999
1842 181830 2.929999999999999
1843 181925 2.929999999999999
1844 181994 2.929999999999999
1845 182104 2.929999999999999
1846 182162 2.929999999999999
1847 182226 2.929999999999999
1848 182286 2.929999999999999
1849 182345 2.929999999999999
1850 182445 2.929999999999999
1851 182496 2.929999999999999
1852 182555 2.929999999999999
1853 182624 2.929999999999999
1854 182724 2.929999999999999
1855 182775 2.929999999999999
1856 182831 2.929999999999999
1857 182885 2.929999999999999
1858 182955 2.929999999999999
1859 183005 2.929999999999999
1860 183060 2.929999999999999
1861 183120 2.929999999999999
1862 183194 2.929999999999999
1863 183248 2.929999999999999
1864 183306 2.929999999999999
1865 183388 2.929999999999999
1866 183442 2.929999999999999
1867 183525 2.929999999999999
1868 183590 2.929999999999999
1869 183729 2.929999999999999
1870 183790 2.929999999999999
1871 183884 2.929999999999999
1872 183943 2.929999999999999
1873 183995 2.929999999999999
1874 184051 2.929999999999999
1875 184108 2.929999999999999
1876 184168 2.929999999999999
1877 184368 2.929999999999999
1878 184429 2.939999999999999
1879 184504 2.939999999999999
1880 184590 2.939999999999999
1881 184663 2.939999999999999
1882 184814 2.939999999999999
1883 184877 2.939999999999999
1884 184932 2.939999999999999
1885 184995 2.939999999999999
1886 185066 2.939999999999999
1887 185126 2.939999999999999
1888 185206 2.939999999999999
1889 185271 2.939999999999999
1890 185324 2.939999999999999
1891 185381 2.939999999999999
1892 185458 2.939999999999999
1893 185513 2.939999999999999
1894 185571 2.939999999999999
1895 185631 2.939999999999999
1896 185692 2.939999999999999
1897 185756 2.939999999999999
1898 185814 2.939999999999999
1899 186014 2.939999999999999
1900 186072 2.969999999999999
1901 186127 2.969999999999999
1902 186197 2.969999999999999
1903 186259 2.939999999999999
1904 186328 2.939999999999999
1905 186386 2.939999999999999
1906 186450 2.939999999999999
1907 186650 2.939999999999999
1908 186743 2.969999999999999
1909 186801 2.969999999999999
1910 186889 2.969999999999999
1911 186938 2.969999999999999
1912 187003 2.969999999999999
1913 187104 2.969999999999999
1914 187254 2.969999999999999
1915 187311 2.969999999999999
1916 187380 2.969999999999999
1917 187463 2.969999999999999
1918 187515 2.969999999999999
1919 187602 2.969999999999999
1920 187658 2.969999999999999
1921 187738 2.969999999999999
1922 187795 2.969999999999999
1923 187885 2.969999999999999
1924 187930 2.969999999999999
1925 188010 2.969999999999999
1926 188079 2.969999999999999
1927 188168 2.969999999999999
1928 188253 2.969999999999999
1929 188375 2.969999999999999
1930 188427 2.969999999999999
1931 188541 2.969999999999999
1932 188622 2.969999999999999
1933 188708 2.969999999999999
1934 188815 2.969999999999999
1935 188891 2.969999999999999
1936 188964 2.969999999999999
1937 189014 2.969999999999999
1938 189070 2.969999999999999
1939 189121 2.969999999999999
1940 189225 2.969999999999999
1941 189314 2.969999999999999
1942 189369 2.969999999999999
1943 189424 2.969999999999999
1944 189504 2.969999999999999
1945 189562 2.969999999999999
1946 189634 2.969999999999999
1947 189697 2.969999999999999
1948 189838 2.969999999999999
1949 189962 2.969999999999999
1950 190020 2.969999999999999
1951 190076 2.969999999999999
1952 190136 2.969999999999999
1953 190234 2.969999999999999
1954 190296 2.969999999999999
1955 190360 2.969999999999999
1956 190416 2.969999999999999
1957 190456 2.969999999999999
1958 190528 2.969999999999999
1959 190587 2.969999999999999
1960 190671 2.969999999999999
1961 190819 2.959999999999999
1962 190898 2.959999999999999
1963 190989 2.959999999999999
1964 191032 2.959999999999999
1965 191132 2.959999999999999
1966 191187 2.959999999999999
1967 191262 2.959999999999999
1968 191312 2.959999999999999
1969 191368 2.959999999999999
1970 191530 2.959999999999999
1971 191604 2.959999999999999
1972 191682 2.959999999999999
1973 191768 2.959999999999999
1974 191828 2.959999999999999
1975 191885 2.959999999999999
1976 191933 2.959999999999999
1977 191983 2.959999999999999
1978 192042 2.959999999999999
1979 192115 2.959999999999999
1980 192172 2.959999999999999
1981 192238 2.9299999999999993
1982 192285 2.9299999999999993
1983 192372 2.9299999999999993
