1 300 1.0 0.01
2 600 0.0 0.01
3 900 1.0 0.02
4 1200 0.0 0.02
5 1500 1.0 0.03
6 1800 1.0 0.04
7 2100 1.0 0.05
8 2400 1.0 0.06
9 2700 1.0 0.07
10 3000 1.0 0.08
11 3300 1.0 0.09
12 3600 1.0 0.1
13 3900 1.0 0.11
14 4200 1.0 0.12
15 4500 3.0 0.15
16 4800 1.0 0.16
17 5100 1.0 0.17
18 5400 2.0 0.19
19 5700 2.0 0.21
20 5921 3.0 0.24
21 6221 2.0 0.26
22 6445 3.0 0.29
23 6745 2.0 0.31
24 7045 2.0 0.33
25 7335 3.0 0.36
26 7635 1.0 0.37
27 7884 3.0 0.4
28 8079 3.0 0.43
29 8300 3.0 0.46
30 8600 2.0 0.48
31 8783 3.0 0.51
32 9083 2.0 0.53
33 9318 3.0 0.56
34 9556 3.0 0.59
35 9818 3.0 0.62
36 10018 3.0 0.65
37 10276 3.0 0.68
38 10558 3.0 0.71
39 10703 3.0 0.74
40 10852 3.0 0.77
41 11109 3.0 0.8
42 11391 3.0 0.83
43 11607 3.0 0.86
44 11818 3.0 0.89
45 11927 3.0 0.92
46 12107 3.0 0.95
47 12274 3.0 0.98
48 12394 3.0 1.01
49 12561 3.0 1.04
50 12708 3.0 1.07
51 12819 3.0 1.1
52 13039 3.0 1.13
53 13183 3.0 1.16
54 13372 3.0 1.19
55 13564 3.0 1.22
56 13785 3.0 1.25
57 13947 3.0 1.28
58 14063 3.0 1.31
59 14212 3.0 1.34
60 14355 3.0 1.37
61 14495 3.0 1.4
62 14773 3.0 1.43
63 14943 3.0 1.46
64 15140 3.0 1.49
65 15276 3.0 1.52
66 15359 3.0 1.55
67 15460 3.0 1.58
68 15542 3.0 1.61
69 15713 3.0 1.64
70 15812 3.0 1.67
71 16019 3.0 1.7
72 16265 3.0 1.73
73 16506 3.0 1.76
74 16614 3.0 1.79
75 16750 3.0 1.82
76 16883 3.0 1.85
77 17014 3.0 1.88
78 17125 3.0 1.91
79 17207 3.0 1.94
80 17308 3.0 1.97
81 17422 3.0 2.0
82 17602 3.0 2.03
83 17691 3.0 2.06
84 17808 3.0 2.09
85 17938 3.0 2.12
86 18064 3.0 2.15
87 18162 3.0 2.18
88 18360 3.0 2.21
89 18511 3.0 2.24
90 18632 3.0 2.27
91 18769 3.0 2.3
92 18908 3.0 2.33
93 19124 3.0 2.36
94 19242 3.0 2.39
95 19351 3.0 2.42
96 19485 3.0 2.45
97 19671 3.0 2.48
98 19843 3.0 2.51
99 19982 3.0 2.54
100 20088 3.0 2.57
101 20209 3.0 2.59
102 20328 3.0 2.62
103 20390 3.0 2.64
104 20458 3.0 2.67
105 20615 3.0 2.69
106 20731 3.0 2.71
107 20820 3.0 2.73
108 20964 3.0 2.75
109 21120 3.0 2.77
110 21194 3.0 2.79
111 21314 3.0 2.81
112 21443 3.0 2.83
113 21538 3.0 2.85
114 21647 3.0 2.87
115 21762 3.0 2.87
116 21866 3.0 2.89
117 21975 3.0 2.91
118 22063 3.0 2.92
119 22239 3.0 2.93
120 22349 3.0 2.93
121 22418 3.0 2.94
122 22490 3.0 2.94
123 22605 3.0 2.95
124 22684 3.0 2.96
125 22787 3.0 2.96
126 23015 3.0 2.98
127 23276 3.0 2.98
128 23398 3.0 2.98
129 23455 3.0 2.98
130 23532 3.0 2.99
131 23706 3.0 2.99
132 23830 3.0 3.0
133 23952 3.0 3.0
134 24041 3.0 3.0
135 24159 3.0 3.0
136 24284 3.0 3.0
137 24395 3.0 3.0
138 24460 3.0 3.0
139 24576 3.0 3.0
140 24724 3.0 3.0
141 24797 3.0 3.0
142 24910 3.0 3.0
143 25007 3.0 3.0
144 25099 3.0 3.0
145 25213 3.0 3.0
146 25315 3.0 3.0
147 25388 3.0 3.0
148 25469 3.0 3.0
149 25565 3.0 3.0
150 25655 3.0 3.0
151 25762 3.0 3.0
152 25862 3.0 3.0
153 25938 3.0 3.0
154 26042 3.0 3.0
155 26122 3.0 3.0
156 26221 3.0 3.0
157 26300 3.0 3.0
158 26381 3.0 3.0
159 26463 3.0 3.0
160 26598 3.0 3.0
161 26665 3.0 3.0
162 26760 3.0 3.0
163 26869 3.0 3.0
164 26963 3.0 3.0
165 27086 3.0 3.0
166 27176 3.0 3.0
167 27299 3.0 3.0
168 27403 3.0 3.0
169 27515 3.0 3.0
170 27586 3.0 3.0
171 27692 3.0 3.0
172 27769 3.0 3.0
173 27857 3.0 3.0
174 27965 3.0 3.0
175 28038 3.0 3.0
176 28152 3.0 3.0
177 28230 3.0 3.0
178 28345 3.0 3.0
179 28540 3.0 3.0
180 28609 3.0 3.0
181 28697 3.0 3.0
182 28780 3.0 3.0
183 28855 3.0 3.0
184 28973 3.0 3.0
185 29059 3.0 3.0
186 29169 3.0 3.0
187 29279 3.0 3.0
188 29369 3.0 3.0
189 29465 3.0 3.0
190 29552 3.0 3.0
191 29650 3.0 3.0
192 29733 3.0 3.0
193 29896 3.0 3.0
194 30003 3.0 3.0
195 30066 3.0 3.0
196 30172 3.0 3.0
197 30276 3.0 3.0
198 30352 3.0 3.0
199 30417 3.0 3.0
200 30495 3.0 3.0
201 30667 3.0 3.0
202 30751 3.0 3.0
203 30841 3.0 3.0
204 30918 3.0 3.0
205 31002 3.0 3.0
206 31083 3.0 3.0
207 31193 3.0 3.0
208 31293 3.0 3.0
209 31377 3.0 3.0
210 31487 3.0 3.0
211 31560 3.0 3.0
212 31667 3.0 3.0
213 31775 3.0 3.0
214 32004 3.0 3.0
215 32092 3.0 3.0
216 32173 3.0 3.0
217 32291 3.0 3.0
218 32382 3.0 3.0
219 32519 3.0 3.0
220 32592 3.0 3.0
221 32673 3.0 3.0
222 32768 3.0 3.0
223 32837 3.0 3.0
224 32920 3.0 3.0
225 33043 3.0 3.0
226 33133 3.0 3.0
227 33204 3.0 3.0
228 33305 3.0 3.0
229 33398 3.0 3.0
230 33472 3.0 3.0
231 33555 3.0 3.0
232 33641 3.0 3.0
233 33726 3.0 3.0
234 33799 3.0 3.0
235 33907 3.0 3.0
236 34039 3.0 3.0
237 34124 3.0 3.0
238 34273 3.0 3.0
239 34413 3.0 3.0
240 34501 3.0 3.0
241 34590 3.0 3.0
242 34695 3.0 3.0
243 34763 3.0 3.0
244 34837 3.0 3.0
245 34948 3.0 3.0
246 35016 3.0 3.0
247 35298 3.0 3.0
248 35364 3.0 3.0
249 35533 3.0 3.0
250 35617 3.0 3.0
251 35864 3.0 3.0
252 36012 3.0 3.0
253 36085 3.0 3.0
254 36229 3.0 3.0
255 36318 3.0 3.0
256 36519 3.0 3.0
257 36590 3.0 3.0
258 36692 3.0 3.0
259 36834 3.0 3.0
260 36942 3.0 3.0
261 37049 3.0 3.0
262 37109 3.0 3.0
263 37213 3.0 3.0
264 37307 3.0 3.0
265 37495 3.0 3.0
266 37590 3.0 3.0
267 37677 3.0 3.0
268 37746 3.0 3.0
269 37959 3.0 3.0
270 38030 3.0 3.0
271 38160 3.0 3.0
272 38410 3.0 3.0
273 38521 3.0 3.0
274 38607 3.0 3.0
275 38716 3.0 3.0
276 38824 3.0 3.0
277 38945 3.0 3.0
278 39021 3.0 3.0
279 39081 3.0 3.0
280 39151 3.0 3.0
281 39251 3.0 3.0
282 39326 3.0 3.0
283 39515 3.0 3.0
284 39609 3.0 3.0
285 39692 3.0 3.0
286 39760 3.0 3.0
287 39824 3.0 3.0
288 39886 3.0 3.0
289 40050 3.0 3.0
290 40134 3.0 3.0
291 40232 3.0 3.0
292 40334 3.0 3.0
293 40425 3.0 3.0
294 40500 3.0 3.0
295 40575 3.0 3.0
296 40719 3.0 3.0
297 40794 3.0 3.0
298 40867 3.0 3.0
299 40936 3.0 3.0
300 41037 3.0 3.0
301 41117 3.0 3.0
302 41194 3.0 3.0
303 41268 3.0 3.0
304 41470 3.0 3.0
305 41523 3.0 3.0
306 41635 3.0 3.0
307 41789 3.0 3.0
308 41873 3.0 3.0
309 41997 3.0 3.0
310 42071 3.0 3.0
311 42214 3.0 3.0
312 42331 3.0 3.0
313 42517 3.0 3.0
314 42627 3.0 3.0
315 42695 3.0 3.0
316 42776 3.0 3.0
317 42869 3.0 3.0
318 42956 3.0 3.0
319 43048 3.0 3.0
320 43167 3.0 3.0
321 43243 3.0 3.0
322 43371 3.0 3.0
323 43478 3.0 3.0
324 43574 3.0 3.0
325 43650 3.0 3.0
326 43832 3.0 3.0
327 43927 3.0 3.0
328 43999 3.0 3.0
329 44084 3.0 3.0
330 44142 3.0 3.0
331 44219 3.0 3.0
332 44306 3.0 3.0
333 44418 3.0 3.0
334 44521 3.0 3.0
335 44603 3.0 3.0
336 44702 3.0 3.0
337 44779 3.0 3.0
338 44839 3.0 3.0
339 44913 3.0 3.0
340 45006 3.0 3.0
341 45103 3.0 3.0
342 45221 3.0 3.0
343 45320 3.0 3.0
344 45420 3.0 3.0
345 45491 3.0 3.0
346 45578 3.0 3.0
347 45680 3.0 3.0
348 45762 3.0 3.0
349 45849 3.0 3.0
350 45946 3.0 3.0
351 46016 3.0 3.0
352 46111 3.0 3.0
353 46296 3.0 3.0
354 46363 3.0 3.0
355 46475 3.0 3.0
356 46590 3.0 3.0
357 46728 3.0 3.0
358 46801 3.0 3.0
359 46871 3.0 3.0
360 46957 3.0 3.0
361 47027 3.0 3.0
362 47108 3.0 3.0
363 47196 3.0 3.0
364 47269 3.0 3.0
365 47343 3.0 3.0
366 47415 3.0 3.0
367 47518 3.0 3.0
368 47586 3.0 3.0
369 47675 3.0 3.0
370 47771 3.0 3.0
371 47879 3.0 3.0
372 48060 3.0 3.0
373 48148 3.0 3.0
374 48220 3.0 3.0
375 48350 3.0 3.0
376 48419 3.0 3.0
377 48488 3.0 3.0
378 48574 3.0 3.0
379 48686 3.0 3.0
380 48781 3.0 3.0
381 48857 3.0 3.0
382 48949 3.0 3.0
383 49097 3.0 3.0
384 49173 3.0 3.0
385 49240 3.0 3.0
386 49329 3.0 3.0
387 49424 3.0 3.0
388 49570 3.0 3.0
389 49624 3.0 3.0
390 49754 3.0 3.0
391 49839 3.0 3.0
392 49908 3.0 3.0
393 50016 3.0 3.0
394 50108 3.0 3.0
395 50211 3.0 3.0
396 50345 3.0 3.0
397 50430 3.0 3.0
398 50540 3.0 3.0
399 50620 3.0 3.0
400 50717 3.0 3.0
401 50791 3.0 3.0
402 50872 3.0 3.0
403 50972 3.0 3.0
404 51111 3.0 3.0
405 51238 3.0 3.0
406 51368 3.0 3.0
407 51431 3.0 3.0
408 51515 3.0 3.0
409 51588 3.0 3.0
410 51671 3.0 3.0
411 51847 3.0 3.0
412 51935 3.0 3.0
413 52010 3.0 3.0
414 52096 3.0 3.0
415 52216 3.0 3.0
416 52308 3.0 3.0
417 52375 3.0 3.0
418 52483 3.0 3.0
419 52565 3.0 3.0
420 52650 3.0 3.0
421 52827 3.0 3.0
422 52908 3.0 3.0
423 53012 3.0 3.0
424 53084 3.0 3.0
425 53179 3.0 3.0
426 53261 3.0 3.0
427 53443 3.0 3.0
428 53530 3.0 3.0
429 53642 3.0 3.0
430 53739 3.0 3.0
431 53841 3.0 3.0
432 53978 3.0 3.0
433 54073 3.0 3.0
434 54139 3.0 3.0
435 54223 3.0 3.0
436 54325 3.0 3.0
437 54392 3.0 3.0
438 54503 3.0 3.0
439 54593 3.0 3.0
440 54678 3.0 3.0
441 54773 3.0 3.0
442 54855 3.0 3.0
443 55002 3.0 3.0
444 55122 3.0 3.0
445 55233 3.0 3.0
446 55322 3.0 3.0
447 55410 3.0 3.0
448 55592 3.0 3.0
449 55699 3.0 3.0
450 55811 3.0 3.0
451 55880 3.0 3.0
452 55975 3.0 3.0
453 56044 3.0 3.0
454 56129 3.0 3.0
455 56256 3.0 3.0
456 56325 3.0 3.0
457 56406 3.0 3.0
458 56476 3.0 3.0
459 56562 3.0 3.0
460 56743 3.0 3.0
461 56821 3.0 3.0
462 56912 3.0 3.0
463 57035 3.0 3.0
464 57117 3.0 3.0
465 57194 3.0 3.0
466 57337 3.0 3.0
467 57408 3.0 3.0
468 57467 3.0 3.0
469 57541 3.0 3.0
470 57661 3.0 3.0
471 57728 3.0 3.0
472 57810 3.0 3.0
473 57906 3.0 3.0
474 57972 3.0 3.0
475 58054 3.0 3.0
476 58143 3.0 3.0
477 58227 3.0 3.0
478 58306 3.0 3.0
479 58381 3.0 3.0
480 58485 3.0 3.0
481 58578 3.0 3.0
482 58734 3.0 3.0
483 58808 3.0 3.0
484 58935 3.0 3.0
485 59007 3.0 3.0
486 59074 3.0 3.0
487 59135 3.0 3.0
488 59193 3.0 3.0
489 59293 3.0 3.0
490 59387 3.0 3.0
491 59466 3.0 3.0
492 59611 3.0 3.0
493 59683 3.0 3.0
494 59748 3.0 3.0
495 59813 3.0 3.0
496 59897 3.0 3.0
497 59978 3.0 3.0
498 60068 3.0 3.0
499 60164 3.0 3.0
500 60281 3.0 3.0
501 60387 3.0 3.0
502 60487 3.0 3.0
503 60611 3.0 3.0
504 60672 3.0 3.0
505 60782 3.0 3.0
506 60852 3.0 3.0
507 60990 3.0 3.0
508 61120 3.0 3.0
509 61205 3.0 3.0
510 61274 3.0 3.0
511 61332 3.0 3.0
512 61448 3.0 3.0
513 61541 3.0 3.0
514 61627 3.0 3.0
515 61710 3.0 3.0
516 61869 3.0 3.0
517 61967 3.0 3.0
518 62046 3.0 3.0
519 62154 3.0 3.0
520 62248 3.0 3.0
521 62377 3.0 3.0
522 62454 3.0 3.0
523 62527 3.0 3.0
524 62604 3.0 3.0
525 62700 3.0 3.0
526 62764 3.0 3.0
527 62820 3.0 3.0
528 62920 3.0 3.0
529 63037 3.0 3.0
530 63097 3.0 3.0
531 63185 3.0 3.0
532 63253 3.0 3.0
533 63389 3.0 3.0
534 63457 3.0 3.0
535 63554 3.0 3.0
536 63629 3.0 3.0
537 63736 3.0 3.0
538 63816 3.0 3.0
539 63885 3.0 3.0
540 63957 3.0 3.0
541 64049 3.0 3.0
542 64152 3.0 3.0
543 64263 3.0 3.0
544 64393 3.0 3.0
545 64483 3.0 3.0
546 64577 3.0 3.0
547 64653 3.0 3.0
548 64713 3.0 3.0
549 64787 3.0 3.0
550 64871 3.0 3.0
551 64954 3.0 3.0
552 65017 3.0 3.0
553 65090 3.0 3.0
554 65187 3.0 3.0
555 65260 3.0 3.0
556 65339 3.0 3.0
557 65409 3.0 3.0
558 65489 3.0 3.0
559 65591 3.0 3.0
560 65662 3.0 3.0
561 65754 3.0 3.0
562 65823 3.0 3.0
563 65926 3.0 3.0
564 66011 3.0 3.0
565 66077 3.0 3.0
566 66156 3.0 3.0
567 66247 3.0 3.0
568 66351 3.0 3.0
569 66479 3.0 3.0
570 66569 3.0 3.0
571 66657 3.0 3.0
572 66727 3.0 3.0
573 66793 3.0 3.0
574 66883 3.0 3.0
575 66986 3.0 3.0
576 67119 3.0 3.0
577 67194 3.0 3.0
578 67271 3.0 3.0
579 67361 3.0 3.0
580 67457 3.0 3.0
581 67566 3.0 3.0
582 67690 3.0 3.0
583 67772 3.0 3.0
584 67884 3.0 3.0
585 67954 3.0 3.0
586 68059 3.0 3.0
587 68125 3.0 3.0
588 68188 3.0 3.0
589 68288 3.0 3.0
590 68349 3.0 3.0
591 68455 3.0 3.0
592 68532 3.0 3.0
593 68626 3.0 3.0
594 68695 3.0 3.0
595 68797 3.0 3.0
596 68892 3.0 3.0
597 68971 3.0 3.0
598 69044 3.0 3.0
599 69150 3.0 3.0
600 69297 3.0 3.0
601 69381 3.0 3.0
602 69461 3.0 3.0
603 69532 3.0 3.0
604 69625 3.0 3.0
605 69715 3.0 3.0
606 69847 3.0 3.0
607 70013 3.0 3.0
608 70126 3.0 3.0
609 70199 3.0 3.0
610 70281 3.0 3.0
611 70405 3.0 3.0
612 70513 3.0 3.0
613 70638 3.0 3.0
614 70769 3.0 3.0
615 70856 3.0 3.0
616 70959 3.0 3.0
617 71077 3.0 3.0
618 71156 3.0 3.0
619 71257 3.0 3.0
620 71347 3.0 3.0
621 71426 3.0 3.0
622 71517 3.0 3.0
623 71625 3.0 3.0
624 71729 3.0 3.0
625 71852 3.0 3.0
626 71935 3.0 3.0
627 72045 3.0 3.0
628 72112 3.0 3.0
629 72186 3.0 3.0
630 72285 3.0 3.0
631 72377 3.0 3.0
632 72533 3.0 3.0
633 72622 3.0 3.0
634 72699 3.0 3.0
635 72807 3.0 3.0
636 72898 3.0 3.0
637 72967 3.0 3.0
638 73057 3.0 3.0
639 73199 3.0 3.0
640 73311 3.0 3.0
641 73404 3.0 3.0
642 73560 3.0 3.0
643 73638 3.0 3.0
644 73734 3.0 3.0
645 73804 3.0 3.0
646 73889 3.0 3.0
647 74015 3.0 3.0
648 74091 3.0 3.0
649 74175 3.0 3.0
650 74237 3.0 3.0
651 74398 3.0 3.0
652 74476 3.0 3.0
653 74541 3.0 3.0
654 74674 3.0 3.0
655 74776 3.0 3.0
656 74854 3.0 3.0
657 74926 3.0 3.0
658 74995 3.0 3.0
659 75083 3.0 3.0
660 75238 3.0 3.0
661 75352 3.0 3.0
662 75452 3.0 3.0
663 75532 3.0 3.0
664 75631 3.0 3.0
665 75745 3.0 3.0
666 75869 3.0 3.0
667 75945 3.0 3.0
668 76035 3.0 3.0
669 76095 3.0 3.0
670 76317 3.0 3.0
671 76397 3.0 3.0
672 76535 3.0 3.0
673 76597 3.0 3.0
674 76722 3.0 3.0
675 76789 3.0 3.0
676 76865 3.0 3.0
677 76955 3.0 3.0
678 77063 3.0 3.0
679 77167 3.0 3.0
680 77255 3.0 3.0
681 77327 3.0 3.0
682 77409 3.0 3.0
683 77488 3.0 3.0
684 77602 3.0 3.0
685 77699 3.0 3.0
686 77861 3.0 3.0
687 77959 3.0 3.0
688 78047 3.0 3.0
689 78133 3.0 3.0
690 78212 3.0 3.0
691 78297 3.0 3.0
692 78376 3.0 3.0
693 78453 3.0 3.0
694 78535 3.0 3.0
695 78691 3.0 3.0
696 78796 3.0 3.0
697 78880 3.0 3.0
698 78976 3.0 3.0
699 79049 3.0 3.0
700 79141 3.0 3.0
701 79219 3.0 3.0
702 79298 3.0 3.0
703 79387 3.0 3.0
704 79503 3.0 3.0
705 79585 3.0 3.0
706 79669 3.0 3.0
707 79744 3.0 3.0
708 79814 3.0 3.0
709 79909 3.0 3.0
710 79980 3.0 3.0
711 80087 3.0 3.0
712 80195 3.0 3.0
713 80332 3.0 3.0
714 80409 3.0 3.0
715 80490 3.0 3.0
716 80552 3.0 3.0
717 80682 3.0 3.0
718 80735 3.0 3.0
719 80819 3.0 3.0
720 80907 3.0 3.0
721 80976 3.0 3.0
722 81056 3.0 3.0
723 81164 3.0 3.0
724 81233 3.0 3.0
725 81307 3.0 3.0
726 81382 3.0 3.0
727 81484 3.0 3.0
728 81711 3.0 3.0
729 81804 3.0 3.0
730 81912 3.0 3.0
731 81993 3.0 3.0
732 82081 3.0 3.0
733 82235 3.0 3.0
734 82309 3.0 3.0
735 82416 3.0 3.0
736 82478 3.0 3.0
737 82605 3.0 3.0
738 82680 3.0 3.0
739 82764 3.0 3.0
740 82847 3.0 3.0
741 82937 3.0 3.0
742 83008 3.0 3.0
743 83177 3.0 3.0
744 83269 3.0 3.0
745 83363 3.0 3.0
746 83455 3.0 3.0
747 83521 3.0 3.0
748 83611 3.0 3.0
749 83685 3.0 3.0
750 83774 3.0 3.0
751 83881 3.0 3.0
752 84007 3.0 3.0
753 84127 3.0 3.0
754 84201 3.0 3.0
755 84277 3.0 3.0
756 84345 3.0 3.0
757 84475 3.0 3.0
758 84566 3.0 3.0
759 84640 3.0 3.0
760 84713 3.0 3.0
761 84875 3.0 3.0
762 84971 3.0 3.0
763 85041 3.0 3.0
764 85144 3.0 3.0
765 85226 3.0 3.0
766 85300 3.0 3.0
767 85380 3.0 3.0
768 85447 3.0 3.0
769 85523 3.0 3.0
770 85599 3.0 3.0
771 85666 3.0 3.0
772 85761 3.0 3.0
773 85841 3.0 3.0
774 86007 3.0 3.0
775 86098 3.0 3.0
776 86201 3.0 3.0
777 86291 3.0 3.0
778 86434 3.0 3.0
779 86511 3.0 3.0
780 86591 3.0 3.0
781 86675 3.0 3.0
782 86761 3.0 3.0
783 86834 3.0 3.0
784 86918 3.0 3.0
785 86992 3.0 3.0
786 87096 3.0 3.0
787 87186 3.0 3.0
788 87266 3.0 3.0
789 87372 3.0 3.0
790 87468 3.0 3.0
791 87553 3.0 3.0
792 87658 3.0 3.0
793 87709 3.0 3.0
794 87813 3.0 3.0
795 88075 3.0 3.0
796 88150 3.0 3.0
797 88239 3.0 3.0
798 88315 3.0 3.0
799 88398 3.0 3.0
800 88479 3.0 3.0
801 88551 3.0 3.0
802 88630 3.0 3.0
803 88708 3.0 3.0
804 88770 3.0 3.0
805 88845 3.0 3.0
806 88915 3.0 3.0
807 88997 3.0 3.0
808 89133 3.0 3.0
809 89220 3.0 3.0
810 89280 3.0 3.0
811 89378 3.0 3.0
812 89456 3.0 3.0
813 89564 3.0 3.0
814 89638 3.0 3.0
815 89750 3.0 3.0
816 89832 3.0 3.0
817 89915 3.0 3.0
818 89991 3.0 3.0
819 90065 3.0 3.0
820 90170 3.0 3.0
821 90315 3.0 3.0
822 90410 3.0 3.0
823 90543 3.0 3.0
824 90692 3.0 3.0
825 90759 3.0 3.0
826 90845 3.0 3.0
827 90920 3.0 3.0
828 90993 3.0 3.0
829 91081 3.0 3.0
830 91159 3.0 3.0
831 91266 3.0 3.0
832 91349 3.0 3.0
833 91427 3.0 3.0
834 91527 3.0 3.0
835 91619 3.0 3.0
836 91707 3.0 3.0
837 91766 3.0 3.0
838 91834 3.0 3.0
839 91929 3.0 3.0
840 92024 3.0 3.0
841 92115 3.0 3.0
842 92252 3.0 3.0
843 92311 3.0 3.0
844 92569 3.0 3.0
845 92708 3.0 3.0
846 92829 3.0 3.0
847 92904 3.0 3.0
848 93075 3.0 3.0
849 93160 3.0 3.0
850 93237 3.0 3.0
851 93303 3.0 3.0
852 93361 3.0 3.0
853 93437 3.0 3.0
854 93505 3.0 3.0
855 93573 3.0 3.0
856 93664 3.0 3.0
857 93757 3.0 3.0
858 93814 3.0 3.0
859 93891 3.0 3.0
860 93976 3.0 3.0
861 94031 3.0 3.0
862 94110 3.0 3.0
863 94201 3.0 3.0
864 94264 3.0 3.0
865 94359 3.0 3.0
866 94436 3.0 3.0
867 94607 3.0 3.0
868 94706 3.0 3.0
869 94769 3.0 3.0
870 94855 3.0 3.0
871 94908 3.0 3.0
872 94980 3.0 3.0
873 95071 3.0 3.0
874 95189 3.0 3.0
875 95276 3.0 3.0
876 95364 3.0 3.0
877 95429 3.0 3.0
878 95515 3.0 3.0
879 95580 3.0 3.0
880 95640 3.0 3.0
881 95740 3.0 3.0
882 95802 3.0 3.0
883 95879 3.0 3.0
884 95955 3.0 3.0
885 96033 3.0 3.0
886 96164 3.0 3.0
887 96242 3.0 3.0
888 96306 3.0 3.0
889 96405 3.0 3.0
890 96468 3.0 3.0
891 96579 3.0 3.0
892 96654 3.0 3.0
893 96755 3.0 3.0
894 96825 3.0 3.0
895 96898 3.0 3.0
896 96980 3.0 3.0
897 97060 3.0 3.0
898 97128 3.0 3.0
899 97195 3.0 3.0
900 97263 3.0 3.0
901 97334 3.0 3.0
902 97423 3.0 3.0
903 97553 3.0 3.0
904 97644 3.0 3.0
905 97737 3.0 3.0
906 97803 3.0 3.0
907 97909 3.0 3.0
908 97999 3.0 3.0
909 98074 3.0 3.0
910 98141 3.0 3.0
911 98224 3.0 3.0
912 98301 3.0 3.0
913 98372 3.0 3.0
914 98449 3.0 3.0
915 98557 3.0 3.0
916 98628 3.0 3.0
917 98703 3.0 3.0
918 98848 3.0 3.0
919 98927 3.0 3.0
920 99004 3.0 3.0
921 99076 3.0 3.0
922 99227 3.0 3.0
923 99304 3.0 3.0
924 99388 3.0 3.0
925 99493 3.0 3.0
926 99578 3.0 3.0
927 99643 3.0 3.0
928 99718 3.0 3.0
929 99801 3.0 3.0
930 99879 3.0 3.0
931 100024 3.0 3.0
932 100184 3.0 3.0
933 100273 3.0 3.0
934 100345 3.0 3.0
935 100415 3.0 3.0
936 100481 3.0 3.0
937 100561 3.0 3.0
938 100700 3.0 3.0
939 100788 3.0 3.0
940 100921 3.0 3.0
941 100991 3.0 3.0
942 101064 3.0 3.0
943 101182 3.0 3.0
944 101267 3.0 3.0
945 101335 3.0 3.0
946 101416 3.0 3.0
947 101513 3.0 3.0
948 101674 3.0 3.0
949 101753 3.0 3.0
950 101826 3.0 3.0
951 101936 3.0 3.0
952 102115 3.0 3.0
953 102182 3.0 3.0
954 102250 3.0 3.0
955 102314 3.0 3.0
956 102411 3.0 3.0
957 102546 3.0 3.0
958 102634 3.0 3.0
959 102755 3.0 3.0
960 102848 3.0 3.0
961 103041 3.0 3.0
962 103138 3.0 3.0
963 103220 3.0 3.0
964 103296 3.0 3.0
965 103379 3.0 3.0
966 103447 3.0 3.0
967 103530 3.0 3.0
968 103618 3.0 3.0
969 103714 3.0 3.0
970 103852 3.0 3.0
971 103946 3.0 3.0
972 104056 3.0 3.0
973 104155 3.0 3.0
974 104227 3.0 3.0
975 104288 3.0 3.0
976 104372 3.0 3.0
977 104440 3.0 3.0
978 104530 3.0 3.0
979 104587 3.0 3.0
980 104710 3.0 3.0
981 104808 3.0 3.0
982 104881 3.0 3.0
983 104948 3.0 3.0
984 105026 3.0 3.0
985 105092 3.0 3.0
986 105178 3.0 3.0
987 105260 3.0 3.0
988 105332 3.0 3.0
989 105447 3.0 3.0
990 105532 3.0 3.0
991 105626 3.0 3.0
992 105716 3.0 3.0
993 105792 3.0 3.0
994 105889 3.0 3.0
995 105976 3.0 3.0
996 106046 3.0 3.0
997 106126 3.0 3.0
998 106186 3.0 3.0
999 106255 3.0 3.0
1000 106336 3.0 3.0
1001 106395 3.0 3.0
1002 106468 3.0 3.0
1003 106529 3.0 3.0
1004 106618 3.0 3.0
1005 106708 3.0 3.0
1006 106771 3.0 3.0
1007 106851 3.0 3.0
1008 106924 3.0 3.0
1009 106995 3.0 3.0
1010 107072 3.0 3.0
1011 107189 3.0 3.0
1012 107268 3.0 3.0
1013 107344 3.0 3.0
1014 107424 3.0 3.0
1015 107504 3.0 3.0
1016 107596 3.0 3.0
1017 107710 3.0 3.0
1018 107785 3.0 3.0
1019 107864 3.0 3.0
1020 107952 3.0 3.0
1021 108038 3.0 3.0
1022 108143 3.0 3.0
1023 108225 3.0 3.0
1024 108301 3.0 3.0
1025 108377 3.0 3.0
1026 108499 3.0 3.0
1027 108799 1.0 2.98
1028 108910 3.0 2.98
1029 109041 3.0 2.98
1030 109123 3.0 2.98
1031 109244 3.0 2.98
1032 109354 3.0 2.98
1033 109476 3.0 2.98
1034 109621 3.0 2.98
1035 109697 3.0 2.98
1036 109771 3.0 2.98
1037 109860 3.0 2.98
1038 109958 3.0 2.98
1039 110025 3.0 2.98
1040 110126 3.0 2.98
1041 110233 3.0 2.98
1042 110297 3.0 2.98
1043 110373 3.0 2.98
1044 110497 3.0 2.98
1045 110569 3.0 2.98
1046 110625 3.0 2.98
1047 110689 3.0 2.98
1048 110764 3.0 2.98
1049 110848 3.0 2.98
1050 110923 3.0 2.98
1051 111013 3.0 2.98
1052 111163 3.0 2.98
1053 111290 3.0 2.98
1054 111364 3.0 2.98
1055 111483 3.0 2.98
1056 111555 3.0 2.98
1057 111646 3.0 2.98
1058 111771 3.0 2.98
1059 111848 3.0 2.98
1060 111955 3.0 2.98
1061 112071 3.0 2.98
1062 112162 3.0 2.98
1063 112242 3.0 2.98
1064 112393 3.0 2.98
1065 112477 3.0 2.98
1066 112556 3.0 2.98
1067 112639 3.0 2.98
1068 112711 3.0 2.98
1069 112793 3.0 2.98
1070 112926 3.0 2.98
1071 113050 3.0 2.98
1072 113123 3.0 2.98
1073 113258 3.0 2.98
1074 113424 3.0 2.98
1075 113494 3.0 2.98
1076 113570 3.0 2.98
1077 113668 3.0 2.98
1078 113757 3.0 2.98
1079 113816 3.0 2.98
1080 113887 3.0 2.98
1081 114018 3.0 2.98
1082 114105 3.0 2.98
1083 114193 3.0 2.98
1084 114265 3.0 2.98
1085 114344 3.0 2.98
1086 114422 3.0 2.98
1087 114486 3.0 2.98
1088 114563 3.0 2.98
1089 114640 3.0 2.98
1090 114737 3.0 2.98
1091 114825 3.0 2.98
1092 114901 3.0 2.98
1093 114980 3.0 2.98
1094 115056 3.0 2.98
1095 115159 3.0 2.98
1096 115232 3.0 2.98
1097 115312 3.0 2.98
1098 115384 3.0 2.98
1099 115545 3.0 2.98
1100 115611 3.0 2.98
1101 115683 3.0 2.98
1102 115759 3.0 2.98
1103 115864 3.0 2.98
1104 115968 3.0 2.98
1105 116044 3.0 2.98
1106 116121 3.0 2.98
1107 116211 3.0 2.98
1108 116273 3.0 2.98
1109 116366 3.0 2.98
1110 116442 3.0 2.98
1111 116505 3.0 2.98
1112 116574 3.0 2.98
1113 116659 3.0 2.98
1114 116730 3.0 2.98
1115 116821 3.0 2.98
1116 116913 3.0 2.98
1117 117037 3.0 2.98
1118 117124 3.0 2.98
1119 117187 3.0 2.98
1120 117251 3.0 2.98
1121 117357 3.0 2.98
1122 117427 3.0 2.98
1123 117526 3.0 2.98
1124 117619 3.0 2.98
1125 117717 3.0 2.98
1126 117797 3.0 2.98
1127 117877 3.0 3.0
1128 117985 3.0 3.0
1129 118075 3.0 3.0
1130 118151 3.0 3.0
1131 118273 3.0 3.0
1132 118335 3.0 3.0
1133 118497 3.0 3.0
1134 118593 3.0 3.0
1135 118661 3.0 3.0
1136 118745 3.0 3.0
1137 118826 3.0 3.0
1138 118933 3.0 3.0
1139 119035 3.0 3.0
1140 119093 3.0 3.0
1141 119158 3.0 3.0
1142 119239 3.0 3.0
1143 119349 3.0 3.0
1144 119426 3.0 3.0
1145 119501 3.0 3.0
1146 119581 3.0 3.0
1147 119651 3.0 3.0
1148 119746 3.0 3.0
1149 119825 3.0 3.0
1150 119928 3.0 3.0
1151 120006 3.0 3.0
1152 120149 3.0 3.0
1153 120242 3.0 3.0
1154 120312 3.0 3.0
1155 120400 3.0 3.0
1156 120462 3.0 3.0
1157 120539 3.0 3.0
1158 120606 3.0 3.0
1159 120669 3.0 3.0
1160 120763 3.0 3.0
1161 120848 3.0 3.0
1162 120924 3.0 3.0
1163 121049 3.0 3.0
1164 121156 3.0 3.0
1165 121232 3.0 3.0
1166 121302 3.0 3.0
1167 121387 3.0 3.0
1168 121459 3.0 3.0
1169 121531 3.0 3.0
1170 121604 3.0 3.0
1171 121707 3.0 3.0
1172 121797 3.0 3.0
1173 121888 3.0 3.0
1174 121973 3.0 3.0
1175 122077 3.0 3.0
1176 122170 3.0 3.0
1177 122243 3.0 3.0
1178 122317 3.0 3.0
1179 122394 3.0 3.0
1180 122469 3.0 3.0
1181 122564 3.0 3.0
1182 122706 3.0 3.0
1183 122767 3.0 3.0
1184 122917 3.0 3.0
1185 122979 3.0 3.0
1186 123067 3.0 3.0
1187 123139 3.0 3.0
1188 123197 3.0 3.0
1189 123264 3.0 3.0
1190 123332 3.0 3.0
1191 123398 3.0 3.0
1192 123468 3.0 3.0
1193 123547 3.0 3.0
1194 123635 3.0 3.0
1195 123711 3.0 3.0
1196 123769 3.0 3.0
1197 123840 3.0 3.0
1198 123989 3.0 3.0
1199 124061 3.0 3.0
1200 124131 3.0 3.0
1201 124220 3.0 3.0
1202 124342 3.0 3.0
1203 124493 3.0 3.0
1204 124564 3.0 3.0
1205 124634 3.0 3.0
1206 124716 3.0 3.0
1207 124789 3.0 3.0
1208 124868 3.0 3.0
1209 124945 3.0 3.0
1210 125062 3.0 3.0
1211 125172 3.0 3.0
1212 125264 3.0 3.0
1213 125343 3.0 3.0
1214 125410 3.0 3.0
1215 125512 3.0 3.0
1216 125600 3.0 3.0
1217 125662 3.0 3.0
1218 125763 3.0 3.0
1219 125841 3.0 3.0
1220 125913 3.0 3.0
1221 125990 3.0 3.0
1222 126075 3.0 3.0
1223 126133 3.0 3.0
1224 126211 3.0 3.0
1225 126291 3.0 3.0
1226 126376 3.0 3.0
1227 126458 3.0 3.0
1228 126630 3.0 3.0
1229 126695 3.0 3.0
1230 126768 3.0 3.0
1231 126848 3.0 3.0
1232 126937 3.0 3.0
1233 127018 3.0 3.0
1234 127101 3.0 3.0
1235 127182 3.0 3.0
1236 127249 3.0 3.0
1237 127320 3.0 3.0
1238 127396 3.0 3.0
1239 127481 3.0 3.0
1240 127687 3.0 3.0
1241 127767 3.0 3.0
1242 127882 3.0 3.0
1243 128029 3.0 3.0
1244 128150 3.0 3.0
1245 128232 3.0 3.0
1246 128314 3.0 3.0
1247 128385 3.0 3.0
1248 128471 3.0 3.0
1249 128553 3.0 3.0
1250 128620 3.0 3.0
1251 128680 3.0 3.0
1252 128793 3.0 3.0
1253 128888 3.0 3.0
1254 128958 3.0 3.0
1255 129048 3.0 3.0
1256 129151 3.0 3.0
1257 129221 3.0 3.0
1258 129288 3.0 3.0
1259 129413 3.0 3.0
1260 129506 3.0 3.0
1261 129621 3.0 3.0
1262 129692 3.0 3.0
1263 129794 3.0 3.0
1264 129864 3.0 3.0
1265 129951 3.0 3.0
1266 130049 3.0 3.0
1267 130143 3.0 3.0
1268 130205 3.0 3.0
1269 130292 3.0 3.0
1270 130376 3.0 3.0
1271 130446 3.0 3.0
1272 130530 3.0 3.0
1273 130606 3.0 3.0
1274 130701 3.0 3.0
1275 130794 3.0 3.0
1276 130917 3.0 3.0
1277 131004 3.0 3.0
1278 131135 3.0 3.0
1279 131212 3.0 3.0
1280 131288 3.0 3.0
1281 131392 3.0 3.0
1282 131462 3.0 3.0
1283 131541 3.0 3.0
1284 131597 3.0 3.0
1285 131698 3.0 3.0
1286 131764 3.0 3.0
1287 131869 3.0 3.0
1288 132019 3.0 3.0
1289 132089 3.0 3.0
1290 132172 3.0 3.0
1291 132260 3.0 3.0
1292 132348 3.0 3.0
1293 132490 3.0 3.0
1294 132558 3.0 3.0
1295 132621 3.0 3.0
1296 132706 3.0 3.0
1297 132811 3.0 3.0
1298 132883 3.0 3.0
1299 133037 3.0 3.0
1300 133135 3.0 3.0
1301 133202 3.0 3.0
1302 133282 3.0 3.0
1303 133462 3.0 3.0
1304 133530 3.0 3.0
1305 133621 3.0 3.0
1306 133704 3.0 3.0
1307 133768 3.0 3.0
1308 133831 3.0 3.0
1309 133900 3.0 3.0
1310 133976 3.0 3.0
1311 134048 3.0 3.0
1312 134129 3.0 3.0
1313 134191 3.0 3.0
1314 134252 3.0 3.0
1315 134344 3.0 3.0
1316 134560 3.0 3.0
1317 134642 3.0 3.0
1318 134739 3.0 3.0
1319 134920 3.0 3.0
1320 134988 3.0 3.0
1321 135077 3.0 3.0
1322 135156 3.0 3.0
1323 135327 3.0 3.0
1324 135421 3.0 3.0
1325 135503 3.0 3.0
1326 135597 3.0 3.0
1327 135676 3.0 3.0
1328 135860 3.0 3.0
1329 135952 3.0 3.0
1330 136025 3.0 3.0
1331 136098 3.0 3.0
1332 136181 3.0 3.0
1333 136308 3.0 3.0
1334 136371 3.0 3.0
1335 136441 3.0 3.0
1336 136504 3.0 3.0
1337 136591 3.0 3.0
1338 136743 3.0 3.0
1339 136837 3.0 3.0
1340 136915 3.0 3.0
1341 136997 3.0 3.0
1342 137080 3.0 3.0
1343 137175 3.0 3.0
1344 137253 3.0 3.0
1345 137363 3.0 3.0
1346 137443 3.0 3.0
1347 137527 3.0 3.0
1348 137604 3.0 3.0
1349 137673 3.0 3.0
1350 137749 3.0 3.0
1351 137838 3.0 3.0
1352 137912 3.0 3.0
1353 137969 3.0 3.0
1354 138052 3.0 3.0
1355 138131 3.0 3.0
1356 138196 3.0 3.0
1357 138309 3.0 3.0
1358 138384 3.0 3.0
1359 138462 3.0 3.0
1360 138534 3.0 3.0
1361 138641 3.0 3.0
1362 138727 3.0 3.0
1363 138798 3.0 3.0
1364 138908 3.0 3.0
1365 138977 3.0 3.0
1366 139047 3.0 3.0
1367 139117 3.0 3.0
1368 139197 3.0 3.0
1369 139252 3.0 3.0
1370 139338 3.0 3.0
1371 139401 3.0 3.0
1372 139478 3.0 3.0
1373 139555 3.0 3.0
1374 139616 3.0 3.0
1375 139684 3.0 3.0
1376 139788 3.0 3.0
1377 140085 3.0 3.0
1378 140173 3.0 3.0
1379 140251 3.0 3.0
1380 140331 3.0 3.0
1381 140429 3.0 3.0
1382 140490 3.0 3.0
1383 140590 3.0 3.0
1384 140653 3.0 3.0
1385 140728 3.0 3.0
1386 140913 3.0 3.0
1387 141008 3.0 3.0
1388 141089 3.0 3.0
1389 141173 3.0 3.0
1390 141253 3.0 3.0
1391 141365 3.0 3.0
1392 141452 3.0 3.0
1393 141534 3.0 3.0
1394 141626 3.0 3.0
1395 141796 3.0 3.0
1396 141878 3.0 3.0
1397 141949 3.0 3.0
1398 142021 3.0 3.0
1399 142099 3.0 3.0
1400 142184 3.0 3.0
1401 142280 3.0 3.0
1402 142372 3.0 3.0
1403 142456 3.0 3.0
1404 142542 3.0 3.0
1405 142633 3.0 3.0
1406 142711 3.0 3.0
1407 142786 3.0 3.0
1408 142853 3.0 3.0
1409 142960 3.0 3.0
1410 143031 3.0 3.0
1411 143100 3.0 3.0
1412 143183 3.0 3.0
1413 143243 3.0 3.0
1414 143324 3.0 3.0
1415 143398 3.0 3.0
1416 143522 3.0 3.0
1417 143618 3.0 3.0
1418 143701 3.0 3.0
1419 143790 3.0 3.0
1420 143870 3.0 3.0
1421 143980 3.0 3.0
1422 144054 3.0 3.0
1423 144114 3.0 3.0
1424 144186 3.0 3.0
1425 144259 3.0 3.0
1426 144375 3.0 3.0
1427 144460 3.0 3.0
1428 144527 3.0 3.0
1429 144618 3.0 3.0
1430 144686 3.0 3.0
1431 144776 3.0 3.0
1432 144867 3.0 3.0
1433 144975 3.0 3.0
1434 145071 3.0 3.0
1435 145146 3.0 3.0
1436 145239 3.0 3.0
1437 145308 3.0 3.0
1438 145411 3.0 3.0
1439 145468 3.0 3.0
1440 145584 3.0 3.0
1441 145677 3.0 3.0
1442 145749 3.0 3.0
1443 145915 3.0 3.0
1444 145971 3.0 3.0
1445 146063 3.0 3.0
1446 146143 3.0 3.0
1447 146229 3.0 3.0
1448 146294 3.0 3.0
1449 146385 3.0 3.0
1450 146449 3.0 3.0
1451 146551 3.0 3.0
1452 146612 3.0 3.0
1453 146675 3.0 3.0
1454 146734 3.0 3.0
1455 146811 3.0 3.0
1456 146899 3.0 3.0
1457 146985 3.0 3.0
1458 147071 3.0 3.0
1459 147134 3.0 3.0
1460 147201 3.0 3.0
1461 147303 3.0 3.0
1462 147384 3.0 3.0
1463 147452 3.0 3.0
1464 147516 3.0 3.0
1465 147632 3.0 3.0
1466 147743 3.0 3.0
1467 147847 3.0 3.0
1468 147956 3.0 3.0
1469 148023 3.0 3.0
1470 148103 3.0 3.0
1471 148204 3.0 3.0
1472 148284 3.0 3.0
1473 148372 3.0 3.0
1474 148446 3.0 3.0
1475 148535 3.0 3.0
1476 148621 3.0 3.0
1477 148700 3.0 3.0
1478 148772 3.0 3.0
1479 148854 3.0 3.0
1480 148974 3.0 3.0
1481 149044 3.0 3.0
1482 149118 3.0 3.0
1483 149393 3.0 3.0
1484 149473 3.0 3.0
1485 149558 3.0 3.0
1486 149617 3.0 3.0
1487 149713 3.0 3.0
1488 149776 3.0 3.0
1489 149867 3.0 3.0
1490 149937 3.0 3.0
1491 150098 3.0 3.0
1492 150165 3.0 3.0
1493 150242 3.0 3.0
1494 150337 3.0 3.0
1495 150401 3.0 3.0
1496 150485 3.0 3.0
1497 150547 3.0 3.0
1498 150631 3.0 3.0
1499 150696 3.0 3.0
1500 150783 3.0 3.0
1501 150849 3.0 3.0
1502 150916 3.0 3.0
1503 150979 3.0 3.0
1504 151104 3.0 3.0
1505 151160 3.0 3.0
1506 151314 3.0 3.0
1507 151375 3.0 3.0
1508 151467 3.0 3.0
1509 151554 3.0 3.0
1510 151621 3.0 3.0
1511 151696 3.0 3.0
1512 151813 3.0 3.0
1513 151883 3.0 3.0
1514 151956 3.0 3.0
1515 152043 3.0 3.0
1516 152100 3.0 3.0
1517 152180 3.0 3.0
1518 152304 3.0 3.0
1519 152398 3.0 3.0
1520 152499 3.0 3.0
1521 152580 3.0 3.0
1522 152666 3.0 3.0
1523 152731 3.0 3.0
1524 152793 3.0 3.0
1525 152898 3.0 3.0
1526 152972 3.0 3.0
1527 153036 3.0 3.0
1528 153109 3.0 3.0
1529 153207 3.0 3.0
1530 153316 3.0 3.0
1531 153381 3.0 3.0
1532 153436 3.0 3.0
1533 153501 3.0 3.0
1534 153558 3.0 3.0
1535 153691 3.0 3.0
1536 153793 3.0 3.0
1537 153875 3.0 3.0
1538 153975 3.0 3.0
1539 154055 3.0 3.0
1540 154124 3.0 3.0
1541 154181 3.0 3.0
1542 154266 3.0 3.0
1543 154348 3.0 3.0
1544 154435 3.0 3.0
1545 154506 3.0 3.0
1546 154576 3.0 3.0
1547 154682 3.0 3.0
1548 154748 3.0 3.0
1549 154817 3.0 3.0
1550 154915 3.0 3.0
1551 154986 3.0 3.0
1552 155050 3.0 3.0
1553 155118 3.0 3.0
1554 155205 3.0 3.0
1555 155270 3.0 3.0
1556 155338 3.0 3.0
1557 155413 3.0 3.0
1558 155478 3.0 3.0
1559 155577 3.0 3.0
1560 155663 3.0 3.0
1561 155742 3.0 3.0
1562 155804 3.0 3.0
1563 155891 3.0 3.0
1564 155973 3.0 3.0
1565 156036 3.0 3.0
1566 156106 3.0 3.0
1567 156179 3.0 3.0
1568 156246 3.0 3.0
1569 156359 3.0 3.0
1570 156471 3.0 3.0
1571 156531 3.0 3.0
1572 156652 3.0 3.0
1573 156717 3.0 3.0
1574 156818 3.0 3.0
1575 156893 3.0 3.0
1576 156985 3.0 3.0
1577 157053 3.0 3.0
1578 157136 3.0 3.0
1579 157214 3.0 3.0
1580 157295 3.0 3.0
1581 157374 3.0 3.0
1582 157441 3.0 3.0
1583 157563 3.0 3.0
1584 157627 3.0 3.0
1585 157696 3.0 3.0
1586 157797 3.0 3.0
1587 157876 3.0 3.0
1588 157946 3.0 3.0
1589 158037 3.0 3.0
1590 158105 3.0 3.0
1591 158178 3.0 3.0
1592 158264 3.0 3.0
1593 158362 3.0 3.0
1594 158451 3.0 3.0
1595 158513 3.0 3.0
1596 158598 3.0 3.0
1597 158668 3.0 3.0
1598 158756 3.0 3.0
1599 158930 3.0 3.0
1600 159050 3.0 3.0
1601 159140 3.0 3.0
1602 159271 3.0 3.0
1603 159435 3.0 3.0
1604 159532 3.0 3.0
1605 159616 3.0 3.0
1606 159701 3.0 3.0
1607 159767 3.0 3.0
1608 159840 3.0 3.0
1609 159938 3.0 3.0
1610 160002 3.0 3.0
1611 160085 3.0 3.0
1612 160160 3.0 3.0
1613 160245 3.0 3.0
1614 160318 3.0 3.0
1615 160400 3.0 3.0
1616 160507 3.0 3.0
1617 160580 3.0 3.0
1618 160831 3.0 3.0
1619 160912 3.0 3.0
1620 160994 3.0 3.0
1621 161090 3.0 3.0
1622 161156 3.0 3.0
1623 161259 3.0 3.0
1624 161356 3.0 3.0
1625 161418 3.0 3.0
1626 161497 3.0 3.0
1627 161574 3.0 3.0
1628 161641 3.0 3.0
1629 161728 3.0 3.0
1630 161815 3.0 3.0
1631 161924 3.0 3.0
1632 162074 3.0 3.0
1633 162153 3.0 3.0
1634 162242 3.0 3.0
1635 162297 3.0 3.0
1636 162416 3.0 3.0
1637 162488 3.0 3.0
1638 162565 3.0 3.0
1639 162625 3.0 3.0
1640 162925 2.0 2.99
1641 163009 3.0 2.99
1642 163087 3.0 2.99
1643 163239 3.0 2.99
1644 163315 3.0 2.99
1645 163370 3.0 2.99
1646 163475 3.0 2.99
1647 163546 3.0 2.99
1648 163626 3.0 2.99
1649 163696 3.0 2.99
1650 163776 3.0 2.99
1651 163853 3.0 2.99
1652 163906 3.0 2.99
1653 163997 3.0 2.99
1654 164057 3.0 2.99
1655 164113 3.0 2.99
1656 164195 3.0 2.99
1657 164267 3.0 2.99
1658 164343 3.0 2.99
1659 164412 3.0 2.99
1660 164468 3.0 2.99
1661 164556 3.0 2.99
1662 164639 3.0 2.99
1663 164707 3.0 2.99
1664 164788 3.0 2.99
1665 164874 3.0 2.99
1666 164969 3.0 2.99
1667 165057 3.0 2.99
1668 165130 3.0 2.99
1669 165249 3.0 2.99
1670 165316 3.0 2.99
1671 165409 3.0 2.99
1672 165558 3.0 2.99
1673 165727 3.0 2.99
1674 165794 3.0 2.99
1675 165864 3.0 2.99
1676 165957 3.0 2.99
1677 166030 3.0 2.99
1678 166092 3.0 2.99
1679 166173 3.0 2.99
1680 166260 3.0 2.99
1681 166339 3.0 2.99
1682 166433 3.0 2.99
1683 166519 3.0 2.99
1684 166599 3.0 2.99
1685 166677 3.0 2.99
1686 166765 3.0 2.99
1687 166852 3.0 2.99
1688 166944 3.0 2.99
1689 167033 3.0 2.99
1690 167124 3.0 2.99
1691 167215 3.0 2.99
1692 167273 3.0 2.99
1693 167334 3.0 2.99
1694 167407 3.0 2.99
1695 167482 3.0 2.99
1696 167573 3.0 2.99
1697 167659 3.0 2.99
1698 167725 3.0 2.99
1699 167784 3.0 2.99
1700 167845 3.0 2.99
1701 168041 3.0 2.99
1702 168113 3.0 2.99
1703 168188 3.0 2.99
1704 168269 3.0 2.99
1705 168368 3.0 2.99
1706 168440 3.0 2.99
1707 168520 3.0 2.99
1708 168601 3.0 2.99
1709 168723 3.0 2.99
1710 168796 3.0 2.99
1711 168870 3.0 2.99
1712 168948 3.0 2.99
1713 169006 3.0 2.99
1714 169090 3.0 2.99
1715 169221 3.0 2.99
1716 169355 3.0 2.99
1717 169419 3.0 2.99
1718 169497 3.0 2.99
1719 169578 3.0 2.99
1720 169666 3.0 2.99
1721 169734 3.0 2.99
1722 169828 3.0 2.99
1723 169915 3.0 2.99
1724 170000 3.0 2.99
1725 170086 3.0 2.99
1726 170153 3.0 2.99
1727 170218 3.0 2.99
1728 170274 3.0 2.99
1729 170341 3.0 2.99
1730 170429 3.0 2.99
1731 170492 3.0 2.99
1732 170585 3.0 2.99
1733 170669 3.0 2.99
1734 170740 3.0 2.99
1735 170836 3.0 2.99
1736 170915 3.0 2.99
1737 171012 3.0 2.99
1738 171089 3.0 2.99
1739 171256 3.0 2.99
1740 171392 3.0 3.0
1741 171479 3.0 3.0
1742 171563 3.0 3.0
1743 171648 3.0 3.0
1744 171737 3.0 3.0
1745 171922 3.0 3.0
1746 172004 3.0 3.0
1747 172082 3.0 3.0
1748 172182 3.0 3.0
1749 172266 3.0 3.0
1750 172327 3.0 3.0
1751 172412 3.0 3.0
1752 172494 3.0 3.0
1753 172661 3.0 3.0
1754 172734 3.0 3.0
1755 172818 3.0 3.0
1756 172886 3.0 3.0
1757 173003 3.0 3.0
1758 173070 3.0 3.0
1759 173152 3.0 3.0
1760 173226 3.0 3.0
1761 173296 3.0 3.0
1762 173367 3.0 3.0
1763 173428 3.0 3.0
1764 173497 3.0 3.0
1765 173563 3.0 3.0
1766 173643 3.0 3.0
1767 173718 3.0 3.0
1768 173807 3.0 3.0
1769 173920 3.0 3.0
1770 173999 3.0 3.0
1771 174069 3.0 3.0
1772 174140 3.0 3.0
1773 174220 3.0 3.0
1774 174312 3.0 3.0
1775 174430 3.0 3.0
1776 174521 3.0 3.0
1777 174625 3.0 3.0
1778 174708 3.0 3.0
1779 174774 3.0 3.0
1780 174866 3.0 3.0
1781 174956 3.0 3.0
1782 175031 3.0 3.0
1783 175115 3.0 3.0
1784 175201 3.0 3.0
1785 175278 3.0 3.0
1786 175359 3.0 3.0
1787 175445 3.0 3.0
1788 175510 3.0 3.0
1789 175576 3.0 3.0
1790 175682 3.0 3.0
1791 175773 3.0 3.0
1792 175844 3.0 3.0
1793 175977 3.0 3.0
1794 176061 3.0 3.0
1795 176152 3.0 3.0
1796 176213 3.0 3.0
1797 176450 3.0 3.0
1798 176523 3.0 3.0
1799 176601 3.0 3.0
1800 176679 3.0 3.0
1801 176755 3.0 3.0
1802 176848 3.0 3.0
1803 176923 3.0 3.0
1804 177002 3.0 3.0
1805 177070 3.0 3.0
1806 177206 3.0 3.0
1807 177267 3.0 3.0
1808 177348 3.0 3.0
1809 177419 3.0 3.0
1810 177508 3.0 3.0
1811 177585 3.0 3.0
1812 177654 3.0 3.0
1813 177743 3.0 3.0
1814 177829 3.0 3.0
1815 177905 3.0 3.0
1816 177999 3.0 3.0
1817 178084 3.0 3.0
1818 178171 3.0 3.0
1819 178238 3.0 3.0
1820 178294 3.0 3.0
1821 178366 3.0 3.0
1822 178453 3.0 3.0
1823 178518 3.0 3.0
1824 178617 3.0 3.0
1825 178728 3.0 3.0
1826 178790 3.0 3.0
1827 178872 3.0 3.0
1828 178978 3.0 3.0
1829 179047 3.0 3.0
1830 179148 3.0 3.0
1831 179205 3.0 3.0
1832 179272 3.0 3.0
1833 179355 3.0 3.0
1834 179440 3.0 3.0
1835 179521 3.0 3.0
1836 179590 3.0 3.0
1837 179671 3.0 3.0
1838 179768 3.0 3.0
1839 179838 3.0 3.0
1840 179914 3.0 3.0
1841 179987 3.0 3.0
1842 180051 3.0 3.0
1843 180107 3.0 3.0
1844 180189 3.0 3.0
1845 180261 3.0 3.0
1846 180328 3.0 3.0
1847 180437 3.0 3.0
1848 180638 3.0 3.0
1849 180704 3.0 3.0
1850 180809 3.0 3.0
1851 180887 3.0 3.0
1852 180956 3.0 3.0
1853 181022 3.0 3.0
1854 181107 3.0 3.0
1855 181192 3.0 3.0
1856 181282 3.0 3.0
1857 181381 3.0 3.0
1858 181449 3.0 3.0
1859 181582 3.0 3.0
1860 181650 3.0 3.0
1861 181722 3.0 3.0
1862 181807 3.0 3.0
1863 181966 3.0 3.0
1864 182051 3.0 3.0
1865 182126 3.0 3.0
1866 182212 3.0 3.0
1867 182283 3.0 3.0
1868 182365 3.0 3.0
1869 182458 3.0 3.0
1870 182534 3.0 3.0
1871 182593 3.0 3.0
1872 182691 3.0 3.0
1873 182771 3.0 3.0
1874 182843 3.0 3.0
1875 182922 3.0 3.0
1876 183006 3.0 3.0
1877 183099 3.0 3.0
1878 183184 3.0 3.0
1879 183258 3.0 3.0
1880 183332 3.0 3.0
1881 183395 3.0 3.0
1882 183463 3.0 3.0
1883 183537 3.0 3.0
1884 183635 3.0 3.0
1885 183719 3.0 3.0
1886 183811 3.0 3.0
1887 183883 3.0 3.0
1888 183955 3.0 3.0
1889 184047 3.0 3.0
1890 184119 3.0 3.0
1891 184183 3.0 3.0
1892 184350 3.0 3.0
1893 184450 3.0 3.0
1894 184518 3.0 3.0
1895 184611 3.0 3.0
1896 184683 3.0 3.0
1897 184748 3.0 3.0
1898 184836 3.0 3.0
1899 184982 3.0 3.0
1900 185066 3.0 3.0
1901 185148 3.0 3.0
1902 185243 3.0 3.0
1903 185314 3.0 3.0
1904 185381 3.0 3.0
1905 185502 3.0 3.0
1906 185581 3.0 3.0
1907 185640 3.0 3.0
1908 185716 3.0 3.0
1909 185793 3.0 3.0
1910 185865 3.0 3.0
1911 185966 3.0 3.0
1912 186049 3.0 3.0
1913 186122 3.0 3.0
1914 186203 3.0 3.0
1915 186269 3.0 3.0
1916 186346 3.0 3.0
1917 186422 3.0 3.0
1918 186597 3.0 3.0
1919 186691 3.0 3.0
1920 186761 3.0 3.0
1921 186832 3.0 3.0
1922 186912 3.0 3.0
1923 186980 3.0 3.0
1924 187033 3.0 3.0
1925 187116 3.0 3.0
1926 187181 3.0 3.0
1927 187285 3.0 3.0
1928 187371 3.0 3.0
1929 187450 3.0 3.0
1930 187544 3.0 3.0
1931 187604 3.0 3.0
1932 187730 3.0 3.0
1933 187807 3.0 3.0
1934 187898 3.0 3.0
1935 188013 3.0 3.0
1936 188080 3.0 3.0
1937 188180 3.0 3.0
1938 188243 3.0 3.0
1939 188332 3.0 3.0
1940 188425 3.0 3.0
1941 188504 3.0 3.0
1942 188583 3.0 3.0
1943 188655 3.0 3.0
1944 188722 3.0 3.0
1945 188818 3.0 3.0
1946 188905 3.0 3.0
1947 188980 3.0 3.0
1948 189069 3.0 3.0
1949 189144 3.0 3.0
1950 189212 3.0 3.0
1951 189288 3.0 3.0
1952 189375 3.0 3.0
1953 189461 3.0 3.0
1954 189545 3.0 3.0
1955 189611 3.0 3.0
1956 189682 3.0 3.0
1957 189745 3.0 3.0
1958 189823 3.0 3.0
1959 189907 3.0 3.0
1960 189978 3.0 3.0
1961 190049 3.0 3.0
1962 190117 3.0 3.0
1963 190334 3.0 3.0
1964 190405 3.0 3.0
1965 190510 3.0 3.0
1966 190570 3.0 3.0
1967 190643 3.0 3.0
1968 190720 3.0 3.0
1969 190785 3.0 3.0
1970 190848 3.0 3.0
1971 190928 3.0 3.0
1972 191021 3.0 3.0
1973 191087 3.0 3.0
1974 191258 3.0 3.0
1975 191352 3.0 3.0
1976 191414 3.0 3.0
1977 191501 3.0 3.0
1978 191574 3.0 3.0
1979 191656 3.0 3.0
1980 191734 3.0 3.0
1981 192006 3.0 3.0
1982 192075 3.0 3.0
1983 192157 3.0 3.0
1984 192212 3.0 3.0
1985 192288 3.0 3.0
1986 192354 3.0 3.0
1987 192455 3.0 3.0
1988 192530 3.0 3.0
1989 192585 3.0 3.0
1990 192646 3.0 3.0
1991 192708 3.0 3.0
1992 192776 3.0 3.0
1993 192839 3.0 3.0
1994 192914 3.0 3.0
1995 193005 3.0 3.0
1996 193075 3.0 3.0
1997 193163 3.0 3.0
1998 193243 3.0 3.0
1999 193302 3.0 3.0
2000 193365 3.0 3.0
2001 193467 3.0 3.0
2002 193564 3.0 3.0
2003 193656 3.0 3.0
2004 193739 3.0 3.0
2005 193806 3.0 3.0
2006 193874 3.0 3.0
2007 193958 3.0 3.0
2008 194032 3.0 3.0
2009 194103 3.0 3.0
2010 194177 3.0 3.0
2011 194239 3.0 3.0
2012 194298 3.0 3.0
2013 194367 3.0 3.0
2014 194521 3.0 3.0
2015 194597 3.0 3.0
2016 194655 3.0 3.0
2017 194747 3.0 3.0
2018 194859 3.0 3.0
2019 194925 3.0 3.0
2020 195002 3.0 3.0
2021 195233 3.0 3.0
2022 195296 3.0 3.0
2023 195377 3.0 3.0
2024 195441 3.0 3.0
2025 195525 3.0 3.0
2026 195597 3.0 3.0
2027 195695 3.0 3.0
2028 195754 3.0 3.0
2029 195831 3.0 3.0
2030 195955 3.0 3.0
2031 196013 3.0 3.0
2032 196073 3.0 3.0
2033 196239 3.0 3.0
2034 196314 3.0 3.0
2035 196403 3.0 3.0
2036 196469 3.0 3.0
2037 196548 3.0 3.0
2038 196621 3.0 3.0
2039 196688 3.0 3.0
2040 196776 3.0 3.0
2041 196846 3.0 3.0
2042 196906 3.0 3.0
2043 197005 3.0 3.0
2044 197079 3.0 3.0
2045 197152 3.0 3.0
2046 197234 3.0 3.0
2047 197310 3.0 3.0
2048 197430 3.0 3.0
2049 197550 3.0 3.0
2050 197631 3.0 3.0
2051 197691 3.0 3.0
2052 197762 3.0 3.0
2053 197833 3.0 3.0
2054 197927 3.0 3.0
2055 198017 3.0 3.0
2056 198083 3.0 3.0
2057 198148 3.0 3.0
2058 198238 3.0 3.0
2059 198304 3.0 3.0
2060 198382 3.0 3.0
2061 198458 3.0 3.0
2062 198536 3.0 3.0
2063 198597 3.0 3.0
2064 198671 3.0 3.0
2065 198748 3.0 3.0
2066 198836 3.0 3.0
2067 198969 3.0 3.0
2068 199042 3.0 3.0
2069 199115 3.0 3.0
2070 199195 3.0 3.0
2071 199305 3.0 3.0
2072 199382 3.0 3.0
2073 199466 3.0 3.0
2074 199533 3.0 3.0
2075 199611 3.0 3.0
2076 199695 3.0 3.0
2077 199844 3.0 3.0
2078 199943 3.0 3.0
2079 200023 3.0 3.0
2080 200083 3.0 3.0
2081 200147 3.0 3.0
2082 200299 3.0 3.0
2083 200378 3.0 3.0
2084 200453 3.0 3.0
2085 200532 3.0 3.0
2086 200603 3.0 3.0
2087 200684 3.0 3.0
2088 200763 3.0 3.0
2089 200826 3.0 3.0
2090 200892 3.0 3.0
2091 201000 3.0 3.0
2092 201059 3.0 3.0
2093 201171 3.0 3.0
2094 201270 3.0 3.0
2095 201330 3.0 3.0
2096 201475 3.0 3.0
2097 201556 3.0 3.0
2098 201631 3.0 3.0
2099 201727 3.0 3.0
2100 201828 3.0 3.0
2101 201878 3.0 3.0
2102 201960 3.0 3.0
2103 202027 3.0 3.0
2104 202096 3.0 3.0
2105 202165 3.0 3.0
2106 202249 3.0 3.0
2107 202333 3.0 3.0
2108 202425 3.0 3.0
2109 202514 3.0 3.0
2110 202597 3.0 3.0
2111 202670 3.0 3.0
2112 202757 3.0 3.0
2113 202818 3.0 3.0
2114 202895 3.0 3.0
2115 202997 3.0 3.0
2116 203076 3.0 3.0
2117 203145 3.0 3.0
2118 203266 3.0 3.0
2119 203333 3.0 3.0
2120 203408 3.0 3.0
2121 203492 3.0 3.0
2122 203561 3.0 3.0
2123 203685 3.0 3.0
2124 203757 3.0 3.0
2125 203842 3.0 3.0
2126 203904 3.0 3.0
2127 204017 3.0 3.0
2128 204097 3.0 3.0
2129 204175 3.0 3.0
2130 204264 3.0 3.0
2131 204337 3.0 3.0
2132 204428 3.0 3.0
2133 204509 3.0 3.0
2134 204612 3.0 3.0
2135 204695 3.0 3.0
2136 204767 3.0 3.0
2137 204857 3.0 3.0
2138 204930 3.0 3.0
2139 205002 3.0 3.0
2140 205078 3.0 3.0
2141 205148 3.0 3.0
2142 205280 3.0 3.0
2143 205366 3.0 3.0
2144 205436 3.0 3.0
2145 205493 3.0 3.0
2146 205593 3.0 3.0
2147 205652 3.0 3.0
2148 205737 3.0 3.0
2149 205820 3.0 3.0
2150 205892 3.0 3.0
2151 205962 3.0 3.0
2152 206023 3.0 3.0
2153 206135 3.0 3.0
2154 206234 3.0 3.0
2155 206330 3.0 3.0
2156 206408 3.0 3.0
2157 206523 3.0 3.0
2158 206611 3.0 3.0
2159 206674 3.0 3.0
2160 206777 3.0 3.0
2161 206858 3.0 3.0
2162 206932 3.0 3.0
2163 207020 3.0 3.0
2164 207104 3.0 3.0
2165 207167 3.0 3.0
2166 207252 3.0 3.0
2167 207324 3.0 3.0
2168 207399 3.0 3.0
2169 207465 3.0 3.0
2170 207564 3.0 3.0
2171 207636 3.0 3.0
2172 207707 3.0 3.0
2173 207774 3.0 3.0
2174 207852 3.0 3.0
2175 207920 3.0 3.0
2176 208008 3.0 3.0
2177 208089 3.0 3.0
2178 208164 3.0 3.0
2179 208229 3.0 3.0
2180 208326 3.0 3.0
2181 208397 3.0 3.0
2182 208472 3.0 3.0
2183 208637 3.0 3.0
2184 208711 3.0 3.0
2185 208778 3.0 3.0
2186 208869 3.0 3.0
2187 208967 3.0 3.0
2188 209032 3.0 3.0
2189 209083 3.0 3.0
2190 209222 3.0 3.0
2191 209308 3.0 3.0
2192 209381 3.0 3.0
2193 209451 3.0 3.0
2194 209504 3.0 3.0
2195 209572 3.0 3.0
2196 209637 3.0 3.0
2197 209703 3.0 3.0
2198 209795 3.0 3.0
2199 209886 3.0 3.0
2200 209958 3.0 3.0
2201 210031 3.0 3.0
2202 210117 3.0 3.0
2203 210187 3.0 3.0
2204 210278 3.0 3.0
2205 210353 3.0 3.0
2206 210418 3.0 3.0
2207 210502 3.0 3.0
2208 210561 3.0 3.0
2209 210640 3.0 3.0
2210 210715 3.0 3.0
2211 210785 3.0 3.0
2212 210861 3.0 3.0
2213 210945 3.0 3.0
2214 211024 3.0 3.0
2215 211118 3.0 3.0
2216 211200 3.0 3.0
2217 211289 3.0 3.0
2218 211382 3.0 3.0
2219 211477 3.0 3.0
2220 211554 3.0 3.0
2221 211624 3.0 3.0
2222 211714 3.0 3.0
2223 211784 3.0 3.0
2224 211873 3.0 3.0
2225 211943 3.0 3.0
2226 212032 3.0 3.0
2227 212123 3.0 3.0
2228 212177 3.0 3.0
2229 212255 3.0 3.0
2230 212339 3.0 3.0
2231 212415 3.0 3.0
2232 212494 3.0 3.0
2233 212582 3.0 3.0
2234 212653 3.0 3.0
2235 212718 3.0 3.0
2236 212838 3.0 3.0
2237 212917 3.0 3.0
2238 212993 3.0 3.0
2239 213053 3.0 3.0
2240 213140 3.0 3.0
2241 213205 3.0 3.0
2242 213267 3.0 3.0
2243 213366 3.0 3.0
2244 213504 3.0 3.0
2245 213607 3.0 3.0
2246 213673 3.0 3.0
2247 213745 3.0 3.0
2248 213827 3.0 3.0
2249 213943 3.0 3.0
2250 214019 3.0 3.0
2251 214101 3.0 3.0
2252 214190 3.0 3.0
2253 214270 3.0 3.0
2254 214333 3.0 3.0
2255 214396 3.0 3.0
2256 214470 3.0 3.0
2257 214562 3.0 3.0
2258 214641 3.0 3.0
2259 214721 3.0 3.0
2260 214787 3.0 3.0
2261 214877 3.0 3.0
2262 214934 3.0 3.0
2263 215024 3.0 3.0
2264 215108 3.0 3.0
2265 215182 3.0 3.0
2266 215268 3.0 3.0
2267 215352 3.0 3.0
2268 215474 3.0 3.0
2269 215578 3.0 3.0
2270 215648 3.0 3.0
2271 215901 3.0 3.0
2272 215993 3.0 3.0
2273 216183 3.0 3.0
2274 216271 3.0 3.0
2275 216332 3.0 3.0
2276 216413 3.0 3.0
2277 216467 3.0 3.0
2278 216539 3.0 3.0
2279 216614 3.0 3.0
2280 216693 3.0 3.0
2281 216750 3.0 3.0
2282 216826 3.0 3.0
2283 216895 3.0 3.0
2284 216963 3.0 3.0
2285 217032 3.0 3.0
2286 217111 3.0 3.0
2287 217176 3.0 3.0
2288 217301 3.0 3.0
2289 217385 3.0 3.0
2290 217455 3.0 3.0
2291 217516 3.0 3.0
2292 217598 3.0 3.0
2293 217669 3.0 3.0
2294 217729 3.0 3.0
2295 217830 3.0 3.0
2296 217973 3.0 3.0
2297 218066 3.0 3.0
2298 218157 3.0 3.0
2299 218243 3.0 3.0
2300 218323 3.0 3.0
2301 218402 3.0 3.0
2302 218482 3.0 3.0
2303 218540 3.0 3.0
2304 218622 3.0 3.0
2305 218702 3.0 3.0
2306 218772 3.0 3.0
2307 218839 3.0 3.0
2308 218911 3.0 3.0
2309 219016 3.0 3.0
2310 219076 3.0 3.0
2311 219137 3.0 3.0
2312 219221 3.0 3.0
2313 219290 3.0 3.0
2314 219372 3.0 3.0
2315 219450 3.0 3.0
2316 219538 3.0 3.0
2317 219619 3.0 3.0
2318 219690 3.0 3.0
2319 219772 3.0 3.0
2320 219875 3.0 3.0
2321 220035 3.0 3.0
2322 220108 3.0 3.0
2323 220189 3.0 3.0
2324 220290 3.0 3.0
2325 220360 3.0 3.0
2326 220430 3.0 3.0
2327 220510 3.0 3.0
2328 220569 3.0 3.0
2329 220658 3.0 3.0
2330 220730 3.0 3.0
2331 220809 3.0 3.0
2332 220874 3.0 3.0
2333 220934 3.0 3.0
2334 221007 3.0 3.0
2335 221075 3.0 3.0
2336 221152 3.0 3.0
2337 221237 3.0 3.0
2338 221318 3.0 3.0
2339 221426 3.0 3.0
2340 221496 3.0 3.0
2341 221614 3.0 3.0
2342 221691 3.0 3.0
2343 221742 3.0 3.0
2344 221809 3.0 3.0
2345 221892 3.0 3.0
2346 221954 3.0 3.0
2347 222014 3.0 3.0
2348 222134 3.0 3.0
2349 222206 3.0 3.0
2350 222293 3.0 3.0
2351 222412 3.0 3.0
2352 222469 3.0 3.0
2353 222622 3.0 3.0
2354 222712 3.0 3.0
2355 222785 3.0 3.0
2356 222869 3.0 3.0
2357 222935 3.0 3.0
2358 223027 3.0 3.0
2359 223086 3.0 3.0
2360 223169 3.0 3.0
2361 223246 3.0 3.0
2362 223318 3.0 3.0
2363 223440 3.0 3.0
2364 223533 3.0 3.0
2365 223614 3.0 3.0
2366 223724 3.0 3.0
2367 223796 3.0 3.0
2368 223847 3.0 3.0
2369 223942 3.0 3.0
2370 224028 3.0 3.0
2371 224096 3.0 3.0
2372 224156 3.0 3.0
2373 224247 3.0 3.0
2374 224332 3.0 3.0
2375 224456 3.0 3.0
2376 224523 3.0 3.0
2377 224587 3.0 3.0
2378 224665 3.0 3.0
2379 224750 3.0 3.0
2380 224839 3.0 3.0
2381 224905 3.0 3.0
2382 224984 3.0 3.0
2383 225067 3.0 3.0
2384 225174 3.0 3.0
2385 225245 3.0 3.0
2386 225322 3.0 3.0
2387 225414 3.0 3.0
2388 225499 3.0 3.0
2389 225567 3.0 3.0
2390 225645 3.0 3.0
2391 225722 3.0 3.0
2392 225811 3.0 3.0
2393 225888 3.0 3.0
2394 226050 3.0 3.0
2395 226130 3.0 3.0
2396 226211 3.0 3.0
2397 226272 3.0 3.0
2398 226344 3.0 3.0
2399 226406 3.0 3.0
2400 226488 3.0 3.0
2401 226573 3.0 3.0
2402 226634 3.0 3.0
2403 226701 3.0 3.0
2404 226762 3.0 3.0
2405 226832 3.0 3.0
2406 226913 3.0 3.0
2407 227017 3.0 3.0
2408 227078 3.0 3.0
2409 227175 3.0 3.0
2410 227251 3.0 3.0
2411 227306 3.0 3.0
2412 227417 3.0 3.0
2413 227534 3.0 3.0
2414 227609 3.0 3.0
2415 227672 3.0 3.0
2416 227749 3.0 3.0
2417 227824 3.0 3.0
2418 227902 3.0 3.0
2419 227984 3.0 3.0
2420 228068 3.0 3.0
2421 228164 3.0 3.0
2422 228264 3.0 3.0
2423 228349 3.0 3.0
2424 228412 3.0 3.0
2425 228473 3.0 3.0
2426 228711 3.0 3.0
2427 228778 3.0 3.0
2428 228865 3.0 3.0
2429 228954 3.0 3.0
2430 229023 3.0 3.0
2431 229106 3.0 3.0
2432 229167 3.0 3.0
2433 229240 3.0 3.0
2434 229303 3.0 3.0
2435 229381 3.0 3.0
2436 229454 3.0 3.0
2437 229542 3.0 3.0
2438 229613 3.0 3.0
2439 229706 3.0 3.0
2440 229777 3.0 3.0
2441 229843 3.0 3.0
2442 229972 3.0 3.0
2443 230050 3.0 3.0
2444 230133 3.0 3.0
2445 230199 3.0 3.0
2446 230256 3.0 3.0
2447 230368 3.0 3.0
2448 230423 3.0 3.0
2449 230517 3.0 3.0
2450 230588 3.0 3.0
2451 230648 3.0 3.0
2452 230734 3.0 3.0
2453 230882 3.0 3.0
2454 230973 3.0 3.0
2455 231044 3.0 3.0
2456 231166 3.0 3.0
2457 231268 3.0 3.0
2458 231402 3.0 3.0
2459 231484 3.0 3.0
2460 231550 3.0 3.0
2461 231628 3.0 3.0
2462 231718 3.0 3.0
2463 231780 3.0 3.0
2464 231856 3.0 3.0
2465 231926 3.0 3.0
2466 231999 3.0 3.0
2467 232072 3.0 3.0
2468 232154 3.0 3.0
2469 232207 3.0 3.0
2470 232277 3.0 3.0
2471 232339 3.0 3.0
2472 232477 3.0 3.0
2473 232550 3.0 3.0
2474 232627 3.0 3.0
2475 232731 3.0 3.0
2476 232805 3.0 3.0
2477 232869 3.0 3.0
2478 232932 3.0 3.0
2479 233004 3.0 3.0
2480 233062 3.0 3.0
2481 233142 3.0 3.0
2482 233209 3.0 3.0
2483 233328 3.0 3.0
2484 233399 3.0 3.0
2485 233486 3.0 3.0
2486 233547 3.0 3.0
2487 233679 3.0 3.0
2488 233781 3.0 3.0
2489 233861 3.0 3.0
2490 233938 3.0 3.0
2491 234014 3.0 3.0
2492 234084 3.0 3.0
2493 234147 3.0 3.0
2494 234206 3.0 3.0
2495 234290 3.0 3.0
2496 234374 3.0 3.0
2497 234457 3.0 3.0
2498 234525 3.0 3.0
2499 234588 3.0 3.0
2500 234684 3.0 3.0
2501 234759 3.0 3.0
2502 234819 3.0 3.0
2503 234898 3.0 3.0
2504 234979 3.0 3.0
2505 235052 3.0 3.0
2506 235167 3.0 3.0
2507 235265 3.0 3.0
2508 235341 3.0 3.0
2509 235413 3.0 3.0
2510 235511 3.0 3.0
2511 235588 3.0 3.0
2512 235675 3.0 3.0
2513 235800 3.0 3.0
2514 235891 3.0 3.0
2515 235986 3.0 3.0
2516 236067 3.0 3.0
2517 236228 3.0 3.0
2518 236305 3.0 3.0
2519 236401 3.0 3.0
2520 236468 3.0 3.0
2521 236530 3.0 3.0
2522 236614 3.0 3.0
2523 236724 3.0 3.0
2524 236782 3.0 3.0
2525 236858 3.0 3.0
2526 236952 3.0 3.0
2527 237060 3.0 3.0
2528 237128 3.0 3.0
2529 237200 3.0 3.0
2530 237272 3.0 3.0
2531 237358 3.0 3.0
2532 237454 3.0 3.0
2533 237527 3.0 3.0
2534 237616 3.0 3.0
2535 237708 3.0 3.0
2536 237776 3.0 3.0
2537 237845 3.0 3.0
2538 237910 3.0 3.0
2539 237988 3.0 3.0
2540 238053 3.0 3.0
2541 238230 3.0 3.0
2542 238330 3.0 3.0
2543 238411 3.0 3.0
2544 238480 3.0 3.0
2545 238546 3.0 3.0
2546 238691 3.0 3.0
2547 238771 3.0 3.0
2548 238866 3.0 3.0
2549 238936 3.0 3.0
2550 238996 3.0 3.0
2551 239075 3.0 3.0
2552 239150 3.0 3.0
2553 239224 3.0 3.0
2554 239298 3.0 3.0
2555 239385 3.0 3.0
2556 239443 3.0 3.0
2557 239562 3.0 3.0
2558 239661 3.0 3.0
2559 239752 3.0 3.0
2560 239856 3.0 3.0
2561 239942 3.0 3.0
2562 240004 3.0 3.0
2563 240090 3.0 3.0
2564 240147 3.0 3.0
2565 240214 3.0 3.0
2566 240303 3.0 3.0
2567 240376 3.0 3.0
2568 240464 3.0 3.0
2569 240540 3.0 3.0
2570 240656 3.0 3.0
2571 240742 3.0 3.0
2572 240817 3.0 3.0
2573 240885 3.0 3.0
2574 240969 3.0 3.0
2575 241043 3.0 3.0
2576 241109 3.0 3.0
2577 241182 3.0 3.0
2578 241236 3.0 3.0
2579 241311 3.0 3.0
2580 241393 3.0 3.0
2581 241466 3.0 3.0
2582 241552 3.0 3.0
2583 241630 3.0 3.0
2584 241696 3.0 3.0
2585 241766 3.0 3.0
2586 241841 3.0 3.0
2587 241941 3.0 3.0
2588 242014 3.0 3.0
2589 242081 3.0 3.0
2590 242155 3.0 3.0
2591 242224 3.0 3.0
2592 242310 3.0 3.0
2593 242379 3.0 3.0
2594 242443 3.0 3.0
2595 242515 3.0 3.0
2596 242601 3.0 3.0
2597 242689 3.0 3.0
2598 242769 3.0 3.0
2599 242841 3.0 3.0
2600 242912 3.0 3.0
2601 243017 3.0 3.0
2602 243096 3.0 3.0
2603 243158 3.0 3.0
2604 243280 3.0 3.0
2605 243353 3.0 3.0
2606 243417 3.0 3.0
2607 243504 3.0 3.0
2608 243569 3.0 3.0
2609 243635 3.0 3.0
2610 243722 3.0 3.0
2611 243873 3.0 3.0
2612 243962 3.0 3.0
2613 244100 3.0 3.0
2614 244180 3.0 3.0
2615 244249 3.0 3.0
2616 244325 3.0 3.0
2617 244404 3.0 3.0
2618 244485 3.0 3.0
2619 244568 3.0 3.0
2620 244666 3.0 3.0
2621 244740 3.0 3.0
2622 244823 3.0 3.0
2623 244906 3.0 3.0
2624 244971 3.0 3.0
2625 245062 3.0 3.0
2626 245142 3.0 3.0
2627 245223 3.0 3.0
2628 245280 3.0 3.0
2629 245349 3.0 3.0
2630 245437 3.0 3.0
2631 245510 3.0 3.0
2632 245594 3.0 3.0
2633 245655 3.0 3.0
2634 245722 3.0 3.0
2635 245821 3.0 3.0
2636 245904 3.0 3.0
2637 245991 3.0 3.0
2638 246066 3.0 3.0
2639 246130 3.0 3.0
2640 246220 3.0 3.0
2641 246382 3.0 3.0
2642 246472 3.0 3.0
2643 246557 3.0 3.0
2644 246692 3.0 3.0
2645 246760 3.0 3.0
2646 246914 3.0 3.0
2647 247003 3.0 3.0
2648 247078 3.0 3.0
2649 247155 3.0 3.0
2650 247207 3.0 3.0
2651 247293 3.0 3.0
2652 247345 3.0 3.0
2653 247407 3.0 3.0
2654 247500 3.0 3.0
2655 247586 3.0 3.0
2656 247646 3.0 3.0
2657 247711 3.0 3.0
2658 247775 3.0 3.0
2659 247848 3.0 3.0
2660 247916 3.0 3.0
2661 247983 3.0 3.0
2662 248055 3.0 3.0
2663 248135 3.0 3.0
2664 248212 3.0 3.0
2665 248279 3.0 3.0
2666 248346 3.0 3.0
2667 248433 3.0 3.0
2668 248511 3.0 3.0
2669 248584 3.0 3.0
2670 248675 3.0 3.0
2671 248836 3.0 3.0
2672 248941 3.0 3.0
2673 249023 3.0 3.0
2674 249119 3.0 3.0
2675 249197 3.0 3.0
2676 249262 3.0 3.0
2677 249369 3.0 3.0
2678 249453 3.0 3.0
2679 249528 3.0 3.0
2680 249588 3.0 3.0
2681 249656 3.0 3.0
2682 249730 3.0 3.0
2683 249808 3.0 3.0
2684 249872 3.0 3.0
2685 249928 3.0 3.0
2686 250001 3.0 3.0
2687 250068 3.0 3.0
2688 250139 3.0 3.0
2689 250244 3.0 3.0
2690 250316 3.0 3.0
2691 250410 3.0 3.0
2692 250484 3.0 3.0
2693 250609 3.0 3.0
2694 250702 3.0 3.0
2695 250770 3.0 3.0
2696 250838 3.0 3.0
2697 250921 3.0 3.0
2698 250979 3.0 3.0
2699 251045 3.0 3.0
2700 251117 3.0 3.0
2701 251221 3.0 3.0
2702 251354 3.0 3.0
2703 251455 3.0 3.0
2704 251526 3.0 3.0
2705 251603 3.0 3.0
2706 251670 3.0 3.0
2707 251734 3.0 3.0
2708 251806 3.0 3.0
2709 251880 3.0 3.0
2710 251951 3.0 3.0
2711 252019 3.0 3.0
2712 252199 3.0 3.0
2713 252279 3.0 3.0
2714 252359 3.0 3.0
2715 252476 3.0 3.0
2716 252555 3.0 3.0
2717 252613 3.0 3.0
2718 252675 3.0 3.0
2719 252752 3.0 3.0
2720 252810 3.0 3.0
2721 252876 3.0 3.0
2722 252936 3.0 3.0
2723 253065 3.0 3.0
2724 253204 3.0 3.0
2725 253283 3.0 3.0
2726 253368 3.0 3.0
2727 253434 3.0 3.0
2728 253497 3.0 3.0
2729 253570 3.0 3.0
2730 253637 3.0 3.0
2731 253732 3.0 3.0
2732 253797 3.0 3.0
2733 253870 3.0 3.0
2734 253958 3.0 3.0
2735 254023 3.0 3.0
2736 254096 3.0 3.0
2737 254167 3.0 3.0
2738 254233 3.0 3.0
2739 254313 3.0 3.0
2740 254366 3.0 3.0
2741 254452 3.0 3.0
2742 254526 3.0 3.0
2743 254596 3.0 3.0
2744 254686 3.0 3.0
2745 254770 3.0 3.0
2746 254839 3.0 3.0
2747 254902 3.0 3.0
2748 254973 3.0 3.0
2749 255043 3.0 3.0
2750 255143 3.0 3.0
2751 255224 3.0 3.0
2752 255277 3.0 3.0
2753 255337 3.0 3.0
2754 255397 3.0 3.0
2755 255471 3.0 3.0
2756 255577 3.0 3.0
2757 255648 3.0 3.0
2758 255715 3.0 3.0
2759 255784 3.0 3.0
2760 255852 3.0 3.0
2761 255927 3.0 3.0
2762 255999 3.0 3.0
2763 256064 3.0 3.0
2764 256141 3.0 3.0
2765 256203 3.0 3.0
2766 256266 3.0 3.0
2767 256335 3.0 3.0
2768 256394 3.0 3.0
2769 256468 3.0 3.0
2770 256549 3.0 3.0
2771 256622 3.0 3.0
2772 256725 3.0 3.0
2773 256817 3.0 3.0
2774 256890 3.0 3.0
2775 256962 3.0 3.0
2776 257031 3.0 3.0
2777 257091 3.0 3.0
2778 257176 3.0 3.0
2779 257235 3.0 3.0
2780 257294 3.0 3.0
2781 257352 3.0 3.0
2782 257426 3.0 3.0
2783 257498 3.0 3.0
2784 257607 3.0 3.0
2785 257671 3.0 3.0
2786 257746 3.0 3.0
2787 257820 3.0 3.0
2788 257920 3.0 3.0
2789 257990 3.0 3.0
2790 258052 3.0 3.0
2791 258129 3.0 3.0
2792 258193 3.0 3.0
2793 258269 3.0 3.0
2794 258330 3.0 3.0
2795 258391 3.0 3.0
2796 258466 3.0 3.0
2797 258543 3.0 3.0
2798 258610 3.0 3.0
2799 258682 3.0 3.0
2800 258808 3.0 3.0
2801 258882 3.0 3.0
2802 258965 3.0 3.0
2803 259031 3.0 3.0
2804 259099 3.0 3.0
2805 259185 3.0 3.0
2806 259267 3.0 3.0
2807 259344 3.0 3.0
2808 259400 3.0 3.0
2809 259469 3.0 3.0
2810 259548 3.0 3.0
2811 259625 3.0 3.0
2812 259743 3.0 3.0
2813 259815 3.0 3.0
2814 259876 3.0 3.0
2815 259937 3.0 3.0
2816 260024 3.0 3.0
2817 260091 3.0 3.0
2818 260170 3.0 3.0
2819 260239 3.0 3.0
2820 260310 3.0 3.0
2821 260384 3.0 3.0
2822 260463 3.0 3.0
2823 260545 3.0 3.0
2824 260621 3.0 3.0
2825 260704 3.0 3.0
2826 260795 3.0 3.0
2827 260865 3.0 3.0
2828 260939 3.0 3.0
2829 261011 3.0 3.0
2830 261070 3.0 3.0
2831 261123 3.0 3.0
2832 261199 3.0 3.0
2833 261265 3.0 3.0
2834 261379 3.0 3.0
2835 261471 3.0 3.0
2836 261550 3.0 3.0
2837 261618 3.0 3.0
2838 261682 3.0 3.0
2839 261749 3.0 3.0
2840 261820 3.0 3.0
2841 261929 3.0 3.0
2842 262000 3.0 3.0
2843 262140 3.0 3.0
2844 262211 3.0 3.0
2845 262287 3.0 3.0
2846 262350 3.0 3.0
2847 262444 3.0 3.0
2848 262538 3.0 3.0
2849 262601 3.0 3.0
2850 262667 3.0 3.0
2851 262743 3.0 3.0
2852 262827 3.0 3.0
2853 262926 3.0 3.0
2854 262994 3.0 3.0
2855 263074 3.0 3.0
2856 263155 3.0 3.0
2857 263252 3.0 3.0
2858 263320 3.0 3.0
2859 263393 3.0 3.0
2860 263473 3.0 3.0
2861 263550 3.0 3.0
2862 263623 3.0 3.0
2863 263706 3.0 3.0
2864 263851 3.0 3.0
2865 263917 3.0 3.0
2866 263997 3.0 3.0
2867 264153 3.0 3.0
2868 264230 3.0 3.0
2869 264343 3.0 3.0
2870 264410 3.0 3.0
2871 264508 3.0 3.0
2872 264566 3.0 3.0
2873 264633 3.0 3.0
2874 264751 3.0 3.0
2875 264820 3.0 3.0
2876 264899 3.0 3.0
2877 265007 3.0 3.0
2878 265070 3.0 3.0
2879 265137 3.0 3.0
2880 265215 3.0 3.0
2881 265304 3.0 3.0
2882 265390 3.0 3.0
2883 265476 3.0 3.0
2884 265544 3.0 3.0
2885 265633 3.0 3.0
2886 265708 3.0 3.0
2887 265796 3.0 3.0
2888 265964 3.0 3.0
2889 266027 3.0 3.0
2890 266095 3.0 3.0
2891 266186 3.0 3.0
2892 266262 3.0 3.0
2893 266405 3.0 3.0
2894 266468 3.0 3.0
2895 266556 3.0 3.0
2896 266658 3.0 3.0
2897 266732 3.0 3.0
2898 266793 3.0 3.0
2899 266870 3.0 3.0
2900 266947 3.0 3.0
2901 267155 3.0 3.0
2902 267243 3.0 3.0
2903 267314 3.0 3.0
2904 267372 3.0 3.0
2905 267476 3.0 3.0
2906 267538 3.0 3.0
2907 267604 3.0 3.0
2908 267683 3.0 3.0
2909 267775 3.0 3.0
2910 267852 3.0 3.0
2911 268026 3.0 3.0
2912 268080 3.0 3.0
2913 268161 3.0 3.0
2914 268262 3.0 3.0
2915 268357 3.0 3.0
2916 268435 3.0 3.0
2917 268498 3.0 3.0
2918 268571 3.0 3.0
2919 268637 3.0 3.0
2920 268697 3.0 3.0
2921 268789 3.0 3.0
2922 268865 3.0 3.0
2923 268932 3.0 3.0
2924 268995 3.0 3.0
2925 269057 3.0 3.0
2926 269140 3.0 3.0
2927 269209 3.0 3.0
2928 269326 3.0 3.0
2929 269399 3.0 3.0
2930 269469 3.0 3.0
2931 269530 3.0 3.0
2932 269589 3.0 3.0
2933 269701 3.0 3.0
2934 269825 3.0 3.0
2935 269894 3.0 3.0
2936 269954 3.0 3.0
2937 270026 3.0 3.0
2938 270099 3.0 3.0
2939 270188 3.0 3.0
2940 270268 3.0 3.0
2941 270344 3.0 3.0
2942 270407 3.0 3.0
2943 270488 3.0 3.0
2944 270563 3.0 3.0
2945 270617 3.0 3.0
2946 270679 3.0 3.0
2947 270738 3.0 3.0
2948 270804 3.0 3.0
2949 270887 3.0 3.0
2950 270959 3.0 3.0
2951 271060 3.0 3.0
2952 271158 3.0 3.0
2953 271241 3.0 3.0
2954 271324 3.0 3.0
2955 271400 3.0 3.0
2956 271494 3.0 3.0
2957 271554 3.0 3.0
2958 271615 3.0 3.0
2959 271684 3.0 3.0
2960 271831 3.0 3.0
2961 271911 3.0 3.0
2962 272011 3.0 3.0
2963 272098 3.0 3.0
2964 272226 3.0 3.0
2965 272289 3.0 3.0
2966 272353 3.0 3.0
2967 272428 3.0 3.0
2968 272493 3.0 3.0
2969 272590 3.0 3.0
2970 272675 3.0 3.0
2971 272752 3.0 3.0
2972 272805 3.0 3.0
2973 272878 3.0 3.0
2974 272941 3.0 3.0
2975 273002 3.0 3.0
2976 273153 3.0 3.0
2977 273237 3.0 3.0
2978 273312 3.0 3.0
2979 273379 3.0 3.0
2980 273468 3.0 3.0
2981 273557 3.0 3.0
2982 273619 3.0 3.0
2983 273718 3.0 3.0
2984 273852 3.0 3.0
2985 273917 3.0 3.0
2986 274004 3.0 3.0
2987 274108 3.0 3.0
2988 274180 3.0 3.0
2989 274242 3.0 3.0
2990 274312 3.0 3.0
2991 274390 3.0 3.0
2992 274453 3.0 3.0
2993 274536 3.0 3.0
2994 274603 3.0 3.0
2995 274681 3.0 3.0
2996 274755 3.0 3.0
2997 274822 3.0 3.0
2998 274907 3.0 3.0
2999 274992 3.0 3.0
3000 275066 3.0 3.0
3001 275137 3.0 3.0
3002 275207 3.0 3.0
3003 275292 3.0 3.0
3004 275368 3.0 3.0
3005 275436 3.0 3.0
3006 275539 3.0 3.0
3007 275641 3.0 3.0
3008 275709 3.0 3.0
3009 275778 3.0 3.0
3010 275837 3.0 3.0
3011 275916 3.0 3.0
3012 275982 3.0 3.0
3013 276055 3.0 3.0
3014 276162 3.0 3.0
3015 276222 3.0 3.0
3016 276324 3.0 3.0
3017 276403 3.0 3.0
3018 276475 3.0 3.0
3019 276581 3.0 3.0
3020 276737 3.0 3.0
3021 276821 3.0 3.0
3022 276899 3.0 3.0
3023 276976 3.0 3.0
3024 277039 3.0 3.0
3025 277139 3.0 3.0
3026 277213 3.0 3.0
3027 277308 3.0 3.0
3028 277364 3.0 3.0
3029 277430 3.0 3.0
3030 277507 3.0 3.0
3031 277587 3.0 3.0
3032 277663 3.0 3.0
3033 277796 3.0 3.0
3034 277890 3.0 3.0
3035 277980 3.0 3.0
3036 278054 3.0 3.0
3037 278138 3.0 3.0
3038 278212 3.0 3.0
3039 278289 3.0 3.0
3040 278349 3.0 3.0
3041 278423 3.0 3.0
3042 278495 3.0 3.0
3043 278570 3.0 3.0
3044 278634 3.0 3.0
3045 278708 3.0 3.0
3046 278770 3.0 3.0
3047 278832 3.0 3.0
3048 278900 3.0 3.0
3049 278989 3.0 3.0
3050 279042 3.0 3.0
3051 279121 3.0 3.0
3052 279194 3.0 3.0
3053 279255 3.0 3.0
3054 279350 3.0 3.0
3055 279423 3.0 3.0
3056 279503 3.0 3.0
3057 279563 3.0 3.0
3058 279650 3.0 3.0
3059 279720 3.0 3.0
3060 279782 3.0 3.0
3061 279877 3.0 3.0
3062 279941 3.0 3.0
3063 280035 3.0 3.0
3064 280129 3.0 3.0
3065 280207 3.0 3.0
3066 280284 3.0 3.0
3067 280353 3.0 3.0
3068 280436 3.0 3.0
3069 280531 3.0 3.0
3070 280606 3.0 3.0
3071 280685 3.0 3.0
3072 280743 3.0 3.0
3073 280805 3.0 3.0
3074 280880 3.0 3.0
3075 280959 3.0 3.0
3076 281037 3.0 3.0
3077 281100 3.0 3.0
3078 281181 3.0 3.0
3079 281244 3.0 3.0
3080 281304 3.0 3.0
3081 281398 3.0 3.0
3082 281682 3.0 3.0
3083 281748 3.0 3.0
3084 281957 3.0 3.0
3085 282019 3.0 3.0
3086 282091 3.0 3.0
3087 282180 3.0 3.0
3088 282246 3.0 3.0
3089 282315 3.0 3.0
3090 282403 3.0 3.0
3091 282506 3.0 3.0
3092 282587 3.0 3.0
3093 282665 3.0 3.0
3094 282752 3.0 3.0
3095 282842 3.0 3.0
3096 282929 3.0 3.0
3097 282993 3.0 3.0
3098 283052 3.0 3.0
3099 283124 3.0 3.0
3100 283219 3.0 3.0
3101 283301 3.0 3.0
3102 283377 3.0 3.0
3103 283458 3.0 3.0
3104 283530 3.0 3.0
3105 283596 3.0 3.0
3106 283678 3.0 3.0
3107 283745 3.0 3.0
3108 283819 3.0 3.0
3109 283872 3.0 3.0
3110 283947 3.0 3.0
3111 284014 3.0 3.0
3112 284089 3.0 3.0
3113 284164 3.0 3.0
3114 284248 3.0 3.0
3115 284314 3.0 3.0
3116 284466 3.0 3.0
3117 284595 3.0 3.0
3118 284679 3.0 3.0
3119 284753 3.0 3.0
3120 284813 3.0 3.0
3121 284872 3.0 3.0
3122 284991 3.0 3.0
3123 285054 3.0 3.0
3124 285168 3.0 3.0
3125 285228 3.0 3.0
3126 285377 3.0 3.0
3127 285467 3.0 3.0
3128 285538 3.0 3.0
3129 285610 3.0 3.0
3130 285687 3.0 3.0
3131 285776 3.0 3.0
3132 285857 3.0 3.0
3133 285935 3.0 3.0
3134 286052 3.0 3.0
3135 286126 3.0 3.0
3136 286234 3.0 3.0
3137 286315 3.0 3.0
3138 286421 3.0 3.0
3139 286508 3.0 3.0
3140 286578 3.0 3.0
3141 286649 3.0 3.0
3142 286721 3.0 3.0
3143 286870 3.0 3.0
3144 286938 3.0 3.0
3145 286991 3.0 3.0
3146 287062 3.0 3.0
3147 287220 3.0 3.0
3148 287292 3.0 3.0
3149 287361 3.0 3.0
3150 287433 3.0 3.0
3151 287527 3.0 3.0
3152 287601 3.0 3.0
3153 287673 3.0 3.0
3154 287737 3.0 3.0
3155 287815 3.0 3.0
3156 287891 3.0 3.0
3157 287971 3.0 3.0
3158 288084 3.0 3.0
3159 288166 3.0 3.0
3160 288250 3.0 3.0
3161 288322 3.0 3.0
3162 288433 3.0 3.0
3163 288505 3.0 3.0
3164 288588 3.0 3.0
3165 288670 3.0 3.0
3166 288725 3.0 3.0
3167 288795 3.0 3.0
3168 288873 3.0 3.0
3169 288939 3.0 3.0
3170 289033 3.0 3.0
3171 289102 3.0 3.0
3172 289190 3.0 3.0
3173 289265 3.0 3.0
3174 289330 3.0 3.0
3175 289421 3.0 3.0
3176 289500 3.0 3.0
3177 289568 3.0 3.0
3178 289633 3.0 3.0
3179 289713 3.0 3.0
3180 289801 3.0 3.0
3181 289875 3.0 3.0
3182 289946 3.0 3.0
3183 290019 3.0 3.0
3184 290087 3.0 3.0
3185 290159 3.0 3.0
3186 290226 3.0 3.0
3187 290338 3.0 3.0
3188 290440 3.0 3.0
3189 290553 3.0 3.0
3190 290633 3.0 3.0
3191 290712 3.0 3.0
3192 290802 3.0 3.0
3193 290881 3.0 3.0
3194 290961 3.0 3.0
3195 291047 3.0 3.0
3196 291107 3.0 3.0
3197 291177 3.0 3.0
3198 291258 3.0 3.0
3199 291336 3.0 3.0
3200 291398 3.0 3.0
3201 291510 3.0 3.0
3202 291583 3.0 3.0
3203 291648 3.0 3.0
3204 291719 3.0 3.0
3205 291774 3.0 3.0
3206 291853 3.0 3.0
3207 291928 3.0 3.0
3208 292010 3.0 3.0
3209 292165 3.0 3.0
3210 292239 3.0 3.0
3211 292322 3.0 3.0
3212 292384 3.0 3.0
3213 292444 3.0 3.0
3214 292514 3.0 3.0
3215 292582 3.0 3.0
3216 292673 3.0 3.0
3217 292734 3.0 3.0
3218 292811 3.0 3.0
3219 292889 3.0 3.0
3220 292958 3.0 3.0
3221 293015 3.0 3.0
3222 293078 3.0 3.0
3223 293149 3.0 3.0
3224 293239 3.0 3.0
3225 293316 3.0 3.0
3226 293397 3.0 3.0
3227 293470 3.0 3.0
3228 293554 3.0 3.0
3229 293630 3.0 3.0
3230 293687 3.0 3.0
3231 293759 3.0 3.0
3232 293825 3.0 3.0
3233 293890 3.0 3.0
3234 293953 3.0 3.0
3235 294038 3.0 3.0
3236 294109 3.0 3.0
3237 294183 3.0 3.0
3238 294264 3.0 3.0
3239 294333 3.0 3.0
3240 294403 3.0 3.0
3241 294474 3.0 3.0
3242 294533 3.0 3.0
3243 294612 3.0 3.0
3244 294697 3.0 3.0
3245 294797 3.0 3.0
3246 294872 3.0 3.0
3247 294973 3.0 3.0
3248 295051 3.0 3.0
3249 295107 3.0 3.0
3250 295204 3.0 3.0
3251 295280 3.0 3.0
3252 295382 3.0 3.0
3253 295447 3.0 3.0
3254 295501 3.0 3.0
3255 295563 3.0 3.0
3256 295620 3.0 3.0
3257 295688 3.0 3.0
3258 295753 3.0 3.0
3259 295836 3.0 3.0
3260 295900 3.0 3.0
3261 295986 3.0 3.0
3262 296053 3.0 3.0
3263 296135 3.0 3.0
3264 296230 3.0 3.0
3265 296302 3.0 3.0
3266 296394 3.0 3.0
3267 296527 3.0 3.0
3268 296597 3.0 3.0
3269 296656 3.0 3.0
3270 296745 3.0 3.0
3271 296833 3.0 3.0
3272 296906 3.0 3.0
3273 296973 3.0 3.0
3274 297037 3.0 3.0
3275 297097 3.0 3.0
3276 297161 3.0 3.0
3277 297279 3.0 3.0
3278 297343 3.0 3.0
3279 297439 3.0 3.0
3280 297506 3.0 3.0
3281 297615 3.0 3.0
3282 297681 3.0 3.0
3283 297744 3.0 3.0
3284 297891 3.0 3.0
3285 297982 3.0 3.0
3286 298040 3.0 3.0
3287 298134 3.0 3.0
3288 298222 3.0 3.0
3289 298291 3.0 3.0
3290 298400 3.0 3.0
3291 298480 3.0 3.0
3292 298557 3.0 3.0
3293 298626 3.0 3.0
3294 298689 3.0 3.0
3295 298779 3.0 3.0
3296 298849 3.0 3.0
3297 298940 3.0 3.0
3298 299018 3.0 3.0
3299 299107 3.0 3.0
3300 299178 3.0 3.0
3301 299257 3.0 3.0
3302 299338 3.0 3.0
3303 299419 3.0 3.0
3304 299496 3.0 3.0
3305 299629 3.0 3.0
3306 299714 3.0 3.0
3307 299786 3.0 3.0
3308 299865 3.0 3.0
3309 299934 3.0 3.0
3310 299994 3.0 3.0
3311 300080 3.0 3.0
3312 300155 3.0 3.0
3313 300233 3.0 3.0
3314 300316 3.0 3.0
3315 300439 3.0 3.0
3316 300547 3.0 3.0
3317 300609 3.0 3.0
3318 300684 3.0 3.0
3319 300748 3.0 3.0
3320 300811 3.0 3.0
3321 300946 3.0 3.0
3322 301013 3.0 3.0
3323 301072 3.0 3.0
3324 301142 3.0 3.0
3325 301222 3.0 3.0
3326 301293 3.0 3.0
3327 301366 3.0 3.0
3328 301433 3.0 3.0
3329 301503 3.0 3.0
3330 301576 3.0 3.0
3331 301632 3.0 3.0
3332 301710 3.0 3.0
3333 301779 3.0 3.0
3334 301855 3.0 3.0
3335 301939 3.0 3.0
3336 302000 3.0 3.0
3337 302074 3.0 3.0
3338 302157 3.0 3.0
3339 302223 3.0 3.0
3340 302317 3.0 3.0
3341 302380 3.0 3.0
3342 302473 3.0 3.0
3343 302589 3.0 3.0
3344 302656 3.0 3.0
3345 302741 3.0 3.0
3346 302804 3.0 3.0
3347 302878 3.0 3.0
3348 302955 3.0 3.0
3349 303012 3.0 3.0
3350 303099 3.0 3.0
3351 303191 3.0 3.0
3352 303259 3.0 3.0
3353 303332 3.0 3.0
3354 303403 3.0 3.0
3355 303494 3.0 3.0
3356 303563 3.0 3.0
3357 303640 3.0 3.0
3358 303722 3.0 3.0
3359 303828 3.0 3.0
3360 303907 3.0 3.0
3361 303965 3.0 3.0
3362 304026 3.0 3.0
3363 304094 3.0 3.0
3364 304163 3.0 3.0
3365 304227 3.0 3.0
3366 304317 3.0 3.0
3367 304389 3.0 3.0
3368 304457 3.0 3.0
3369 304525 3.0 3.0
3370 304606 3.0 3.0
3371 304684 3.0 3.0
3372 304763 3.0 3.0
3373 304839 3.0 3.0
3374 304932 3.0 3.0
3375 305021 3.0 3.0
3376 305098 3.0 3.0
3377 305165 3.0 3.0
3378 305239 3.0 3.0
3379 305292 3.0 3.0
3380 305377 3.0 3.0
3381 305452 3.0 3.0
3382 305536 3.0 3.0
3383 305620 3.0 3.0
3384 305715 3.0 3.0
3385 305779 3.0 3.0
3386 305840 3.0 3.0
3387 305909 3.0 3.0
3388 305985 3.0 3.0
3389 306055 3.0 3.0
3390 306162 3.0 3.0
3391 306230 3.0 3.0
3392 306297 3.0 3.0
3393 306366 3.0 3.0
3394 306483 3.0 3.0
3395 306564 3.0 3.0
3396 306645 3.0 3.0
3397 306720 3.0 3.0
3398 306802 3.0 3.0
3399 306866 3.0 3.0
3400 306937 3.0 3.0
3401 307003 3.0 3.0
3402 307089 3.0 3.0
3403 307185 3.0 3.0
3404 307283 3.0 3.0
3405 307351 3.0 3.0
3406 307408 3.0 3.0
3407 307484 3.0 3.0
3408 307574 3.0 3.0
3409 307650 3.0 3.0
3410 307729 3.0 3.0
3411 307821 3.0 3.0
3412 307902 3.0 3.0
3413 307962 3.0 3.0
3414 308041 3.0 3.0
3415 308096 3.0 3.0
3416 308177 3.0 3.0
3417 308245 3.0 3.0
3418 308316 3.0 3.0
3419 308394 3.0 3.0
3420 308463 3.0 3.0
3421 308589 3.0 3.0
3422 308660 3.0 3.0
3423 308742 3.0 3.0
3424 308812 3.0 3.0
3425 308898 3.0 3.0
3426 308969 3.0 3.0
3427 309029 3.0 3.0
3428 309088 3.0 3.0
3429 309163 3.0 3.0
3430 309239 3.0 3.0
3431 309330 3.0 3.0
3432 309424 3.0 3.0
3433 309507 3.0 3.0
3434 309583 3.0 3.0
3435 309650 3.0 3.0
3436 309718 3.0 3.0
3437 309803 3.0 3.0
3438 309881 3.0 3.0
3439 309957 3.0 3.0
3440 310033 3.0 3.0
3441 310116 3.0 3.0
3442 310192 3.0 3.0
3443 310275 3.0 3.0
3444 310378 3.0 3.0
3445 310445 3.0 3.0
3446 310525 3.0 3.0
3447 310614 3.0 3.0
3448 310696 3.0 3.0
3449 310780 3.0 3.0
3450 310846 3.0 3.0
3451 310926 3.0 3.0
3452 311007 3.0 3.0
3453 311093 3.0 3.0
3454 311188 3.0 3.0
3455 311277 3.0 3.0
3456 311392 3.0 3.0
3457 311451 3.0 3.0
3458 311527 3.0 3.0
3459 311600 3.0 3.0
3460 311669 3.0 3.0
3461 311756 3.0 3.0
3462 311868 3.0 3.0
3463 311944 3.0 3.0
3464 312048 3.0 3.0
3465 312269 3.0 3.0
3466 312340 3.0 3.0
3467 312435 3.0 3.0
3468 312504 3.0 3.0
3469 312569 3.0 3.0
3470 312626 3.0 3.0
3471 312703 3.0 3.0
3472 312775 3.0 3.0
3473 312857 3.0 3.0
3474 312927 3.0 3.0
3475 313001 3.0 3.0
3476 313105 3.0 3.0
3477 313186 3.0 3.0
3478 313253 3.0 3.0
3479 313314 3.0 3.0
3480 313394 3.0 3.0
3481 313470 3.0 3.0
3482 313543 3.0 3.0
3483 313681 3.0 3.0
3484 313749 3.0 3.0
3485 313812 3.0 3.0
3486 313935 3.0 3.0
3487 314004 3.0 3.0
3488 314074 3.0 3.0
3489 314137 3.0 3.0
3490 314211 3.0 3.0
3491 314292 3.0 3.0
3492 314355 3.0 3.0
3493 314423 3.0 3.0
3494 314535 3.0 3.0
3495 314595 3.0 3.0
3496 314672 3.0 3.0
3497 314748 3.0 3.0
3498 314810 3.0 3.0
3499 314893 3.0 3.0
3500 314956 3.0 3.0
3501 315023 3.0 3.0
3502 315116 3.0 3.0
3503 315190 3.0 3.0
3504 315281 3.0 3.0
3505 315349 3.0 3.0
3506 315405 3.0 3.0
3507 315506 3.0 3.0
3508 315604 3.0 3.0
3509 315671 3.0 3.0
3510 315748 3.0 3.0
3511 315827 3.0 3.0
3512 315908 3.0 3.0
3513 315973 3.0 3.0
3514 316055 3.0 3.0
3515 316127 3.0 3.0
3516 316226 3.0 3.0
3517 316298 3.0 3.0
3518 316354 3.0 3.0
3519 316427 3.0 3.0
3520 316492 3.0 3.0
3521 316573 3.0 3.0
3522 316660 3.0 3.0
3523 316739 3.0 3.0
3524 316822 3.0 3.0
3525 316921 3.0 3.0
3526 316997 3.0 3.0
3527 317073 3.0 3.0
3528 317128 3.0 3.0
3529 317197 3.0 3.0
3530 317249 3.0 3.0
3531 317363 3.0 3.0
3532 317425 3.0 3.0
3533 317507 3.0 3.0
3534 317597 3.0 3.0
3535 317672 3.0 3.0
3536 317746 3.0 3.0
3537 317837 3.0 3.0
3538 317921 3.0 3.0
3539 317993 3.0 3.0
3540 318068 3.0 3.0
3541 318135 3.0 3.0
3542 318210 3.0 3.0
3543 318329 3.0 3.0
3544 318411 3.0 3.0
3545 318504 3.0 3.0
3546 318576 3.0 3.0
3547 318658 3.0 3.0
3548 318720 3.0 3.0
3549 318781 3.0 3.0
3550 318856 3.0 3.0
3551 318933 3.0 3.0
3552 319011 3.0 3.0
3553 319082 3.0 3.0
3554 319181 3.0 3.0
3555 319271 3.0 3.0
3556 319330 3.0 3.0
3557 319403 3.0 3.0
3558 319465 3.0 3.0
3559 319530 3.0 3.0
3560 319665 3.0 3.0
3561 319732 3.0 3.0
3562 319787 3.0 3.0
3563 319863 3.0 3.0
3564 319940 3.0 3.0
3565 320028 3.0 3.0
3566 320098 3.0 3.0
3567 320168 3.0 3.0
3568 320241 3.0 3.0
3569 320317 3.0 3.0
3570 320413 3.0 3.0
3571 320503 3.0 3.0
3572 320570 3.0 3.0
3573 320658 3.0 3.0
3574 320735 3.0 3.0
3575 320819 3.0 3.0
3576 320893 3.0 3.0
3577 320973 3.0 3.0
3578 321035 3.0 3.0
3579 321095 3.0 3.0
3580 321180 3.0 3.0
3581 321238 3.0 3.0
3582 321327 3.0 3.0
3583 321410 3.0 3.0
3584 321498 3.0 3.0
3585 321557 3.0 3.0
3586 321619 3.0 3.0
3587 321700 3.0 3.0
3588 321778 3.0 3.0
3589 321874 3.0 3.0
3590 321940 3.0 3.0
3591 322025 3.0 3.0
3592 322152 3.0 3.0
3593 322233 3.0 3.0
3594 322288 3.0 3.0
3595 322359 3.0 3.0
3596 322457 3.0 3.0
3597 322531 3.0 3.0
3598 322593 3.0 3.0
3599 322660 3.0 3.0
3600 322720 3.0 3.0
3601 322785 3.0 3.0
3602 322852 3.0 3.0
3603 322928 3.0 3.0
3604 322997 3.0 3.0
3605 323062 3.0 3.0
3606 323121 3.0 3.0
3607 323230 3.0 3.0
3608 323289 3.0 3.0
3609 323361 3.0 3.0
3610 323427 3.0 3.0
3611 323504 3.0 3.0
3612 323568 3.0 3.0
3613 323667 3.0 3.0
3614 323746 3.0 3.0
3615 323911 3.0 3.0
3616 323980 3.0 3.0
3617 324047 3.0 3.0
3618 324137 3.0 3.0
3619 324204 3.0 3.0
3620 324288 3.0 3.0
3621 324369 3.0 3.0
3622 324453 3.0 3.0
3623 324524 3.0 3.0
3624 324611 3.0 3.0
3625 324676 3.0 3.0
3626 324737 3.0 3.0
3627 324901 3.0 3.0
3628 324981 3.0 3.0
3629 325044 3.0 3.0
3630 325126 3.0 3.0
3631 325203 3.0 3.0
3632 325262 3.0 3.0
3633 325337 3.0 3.0
3634 325408 3.0 3.0
3635 325497 3.0 3.0
3636 325564 3.0 3.0
3637 325642 3.0 3.0
3638 325716 3.0 3.0
3639 325864 3.0 3.0
3640 325951 3.0 3.0
3641 326020 3.0 3.0
3642 326083 3.0 3.0
3643 326166 3.0 3.0
3644 326221 3.0 3.0
3645 326324 3.0 3.0
3646 326389 3.0 3.0
3647 326472 3.0 3.0
3648 326563 3.0 3.0
3649 326623 3.0 3.0
3650 326696 3.0 3.0
3651 326769 3.0 3.0
3652 326852 3.0 3.0
3653 326930 3.0 3.0
3654 327016 3.0 3.0
3655 327108 3.0 3.0
3656 327178 3.0 3.0
3657 327273 3.0 3.0
3658 327332 3.0 3.0
3659 327409 3.0 3.0
3660 327493 3.0 3.0
3661 327547 3.0 3.0
3662 327617 3.0 3.0
3663 327703 3.0 3.0
3664 327775 3.0 3.0
3665 327843 3.0 3.0
3666 327924 3.0 3.0
3667 327989 3.0 3.0
3668 328067 3.0 3.0
3669 328132 3.0 3.0
3670 328206 3.0 3.0
3671 328290 3.0 3.0
3672 328383 3.0 3.0
3673 328482 3.0 3.0
3674 328565 3.0 3.0
3675 328735 3.0 3.0
3676 328809 3.0 3.0
3677 328889 3.0 3.0
3678 328962 3.0 3.0
3679 329040 3.0 3.0
3680 329097 3.0 3.0
3681 329192 3.0 3.0
3682 329296 3.0 3.0
3683 329368 3.0 3.0
3684 329547 3.0 3.0
3685 329634 3.0 3.0
3686 329693 3.0 3.0
3687 329758 3.0 3.0
3688 329816 3.0 3.0
3689 329901 3.0 3.0
3690 330001 3.0 3.0
3691 330068 3.0 3.0
3692 330133 3.0 3.0
3693 330218 3.0 3.0
3694 330287 3.0 3.0
3695 330360 3.0 3.0
3696 330443 3.0 3.0
3697 330534 3.0 3.0
3698 330601 3.0 3.0
3699 330681 3.0 3.0
3700 330757 3.0 3.0
3701 330820 3.0 3.0
3702 330880 3.0 3.0
3703 330971 3.0 3.0
3704 331064 3.0 3.0
3705 331136 3.0 3.0
3706 331318 3.0 3.0
3707 331405 3.0 3.0
3708 331467 3.0 3.0
3709 331557 3.0 3.0
3710 331642 3.0 3.0
3711 331710 3.0 3.0
3712 331796 3.0 3.0
3713 331856 3.0 3.0
3714 331965 3.0 3.0
3715 332034 3.0 3.0
3716 332088 3.0 3.0
3717 332161 3.0 3.0
3718 332244 3.0 3.0
3719 332322 3.0 3.0
3720 332394 3.0 3.0
3721 332474 3.0 3.0
3722 332547 3.0 3.0
3723 332622 3.0 3.0
3724 332693 3.0 3.0
3725 332770 3.0 3.0
3726 332833 3.0 3.0
3727 332907 3.0 3.0
3728 333000 3.0 3.0
3729 333066 3.0 3.0
3730 333130 3.0 3.0
3731 333251 3.0 3.0
3732 333324 3.0 3.0
3733 333403 3.0 3.0
3734 333471 3.0 3.0
3735 333549 3.0 3.0
3736 333601 3.0 3.0
3737 333671 3.0 3.0
3738 333753 3.0 3.0
3739 333889 3.0 3.0
3740 333961 3.0 3.0
3741 334050 3.0 3.0
3742 334139 3.0 3.0
3743 334250 3.0 3.0
3744 334349 3.0 3.0
3745 334419 3.0 3.0
3746 334482 3.0 3.0
3747 334548 3.0 3.0
3748 334625 3.0 3.0
3749 334713 3.0 3.0
3750 334785 3.0 3.0
3751 334886 3.0 3.0
3752 334972 3.0 3.0
3753 335039 3.0 3.0
3754 335104 3.0 3.0
3755 335172 3.0 3.0
3756 335248 3.0 3.0
3757 335359 3.0 3.0
3758 335436 3.0 3.0
3759 335523 3.0 3.0
3760 335583 3.0 3.0
3761 335655 3.0 3.0
3762 335763 3.0 3.0
3763 335869 3.0 3.0
3764 335936 3.0 3.0
3765 336008 3.0 3.0
3766 336176 3.0 3.0
3767 336265 3.0 3.0
3768 336342 3.0 3.0
3769 336436 3.0 3.0
3770 336495 3.0 3.0
3771 336578 3.0 3.0
3772 336647 3.0 3.0
3773 336719 3.0 3.0
3774 336783 3.0 3.0
3775 336893 3.0 3.0
3776 336973 3.0 3.0
3777 337078 3.0 3.0
3778 337164 3.0 3.0
3779 337265 3.0 3.0
3780 337407 3.0 3.0
3781 337469 3.0 3.0
3782 337529 3.0 3.0
3783 337611 3.0 3.0
3784 337689 3.0 3.0
3785 337781 3.0 3.0
3786 337851 3.0 3.0
3787 337910 3.0 3.0
3788 337976 3.0 3.0
3789 338056 3.0 3.0
3790 338140 3.0 3.0
3791 338224 3.0 3.0
3792 338294 3.0 3.0
3793 338354 3.0 3.0
3794 338450 3.0 3.0
3795 338519 3.0 3.0
3796 338604 3.0 3.0
3797 338713 3.0 3.0
3798 338792 3.0 3.0
3799 338857 3.0 3.0
3800 338975 3.0 3.0
3801 339041 3.0 3.0
3802 339120 3.0 3.0
3803 339199 3.0 3.0
3804 339259 3.0 3.0
3805 339313 3.0 3.0
3806 339392 3.0 3.0
3807 339460 3.0 3.0
3808 339547 3.0 3.0
3809 339607 3.0 3.0
3810 339771 3.0 3.0
3811 339844 3.0 3.0
3812 339920 3.0 3.0
3813 340024 3.0 3.0
3814 340087 3.0 3.0
3815 340156 3.0 3.0
3816 340270 3.0 3.0
3817 340335 3.0 3.0
3818 340397 3.0 3.0
3819 340496 3.0 3.0
3820 340578 3.0 3.0
3821 340664 3.0 3.0
3822 340745 3.0 3.0
3823 340850 3.0 3.0
3824 340914 3.0 3.0
3825 340986 3.0 3.0
3826 341060 3.0 3.0
3827 341127 3.0 3.0
3828 341190 3.0 3.0
3829 341261 3.0 3.0
3830 341323 3.0 3.0
3831 341386 3.0 3.0
3832 341468 3.0 3.0
3833 341531 3.0 3.0
3834 341596 3.0 3.0
3835 341666 3.0 3.0
3836 341734 3.0 3.0
3837 341801 3.0 3.0
3838 341860 3.0 3.0
3839 341996 3.0 3.0
3840 342093 3.0 3.0
3841 342154 3.0 3.0
3842 342232 3.0 3.0
3843 342315 3.0 3.0
3844 342379 3.0 3.0
3845 342463 3.0 3.0
3846 342526 3.0 3.0
3847 342600 3.0 3.0
3848 342687 3.0 3.0
3849 342772 3.0 3.0
3850 342834 3.0 3.0
3851 342916 3.0 3.0
3852 342979 3.0 3.0
3853 343037 3.0 3.0
3854 343109 3.0 3.0
3855 343192 3.0 3.0
3856 343265 3.0 3.0
3857 343332 3.0 3.0
3858 343424 3.0 3.0
3859 343501 3.0 3.0
3860 343587 3.0 3.0
3861 343658 3.0 3.0
3862 343726 3.0 3.0
3863 343799 3.0 3.0
3864 343868 3.0 3.0
3865 343932 3.0 3.0
3866 343990 3.0 3.0
3867 344122 3.0 3.0
3868 344193 3.0 3.0
3869 344286 3.0 3.0
3870 344350 3.0 3.0
3871 344423 3.0 3.0
3872 344485 3.0 3.0
3873 344566 3.0 3.0
3874 344677 3.0 3.0
3875 344746 3.0 3.0
3876 344830 3.0 3.0
3877 344913 3.0 3.0
3878 345015 3.0 3.0
3879 345070 3.0 3.0
3880 345140 3.0 3.0
3881 345210 3.0 3.0
3882 345274 3.0 3.0
3883 345339 3.0 3.0
3884 345414 3.0 3.0
3885 345531 3.0 3.0
3886 345596 3.0 3.0
3887 345668 3.0 3.0
3888 345749 3.0 3.0
3889 345944 3.0 3.0
3890 346030 3.0 3.0
3891 346096 3.0 3.0
3892 346177 3.0 3.0
3893 346246 3.0 3.0
3894 346320 3.0 3.0
3895 346410 3.0 3.0
3896 346478 3.0 3.0
3897 346548 3.0 3.0
3898 346628 3.0 3.0
3899 346703 3.0 3.0
3900 346786 3.0 3.0
3901 346881 3.0 3.0
3902 346965 3.0 3.0
3903 347057 3.0 3.0
3904 347157 3.0 3.0
3905 347239 3.0 3.0
3906 347354 3.0 3.0
3907 347427 3.0 3.0
3908 347482 3.0 3.0
3909 347574 3.0 3.0
3910 347643 3.0 3.0
3911 347723 3.0 3.0
3912 347787 3.0 3.0
3913 347860 3.0 3.0
3914 347951 3.0 3.0
3915 348061 3.0 3.0
3916 348132 3.0 3.0
3917 348222 3.0 3.0
3918 348291 3.0 3.0
3919 348355 3.0 3.0
3920 348432 3.0 3.0
3921 348548 3.0 3.0
3922 348611 3.0 3.0
3923 348673 3.0 3.0
3924 348754 3.0 3.0
3925 348811 3.0 3.0
3926 348893 3.0 3.0
3927 348993 3.0 3.0
3928 349069 3.0 3.0
3929 349137 3.0 3.0
3930 349195 3.0 3.0
3931 349274 3.0 3.0
3932 349349 3.0 3.0
3933 349445 3.0 3.0
3934 349532 3.0 3.0
3935 349590 3.0 3.0
3936 349666 3.0 3.0
3937 349733 3.0 3.0
3938 349804 3.0 3.0
3939 349911 3.0 3.0
3940 350006 3.0 3.0
3941 350073 3.0 3.0
3942 350156 3.0 3.0
3943 350221 3.0 3.0
3944 350291 3.0 3.0
3945 350353 3.0 3.0
3946 350417 3.0 3.0
3947 350494 3.0 3.0
3948 350571 3.0 3.0
3949 350631 3.0 3.0
3950 350705 3.0 3.0
3951 350797 3.0 3.0
3952 350881 3.0 3.0
3953 350940 3.0 3.0
3954 351006 3.0 3.0
3955 351058 3.0 3.0
3956 351126 3.0 3.0
3957 351219 3.0 3.0
3958 351290 3.0 3.0
3959 351370 3.0 3.0
3960 351445 3.0 3.0
3961 351557 3.0 3.0
3962 351621 3.0 3.0
3963 351689 3.0 3.0
3964 351755 3.0 3.0
3965 351819 3.0 3.0
3966 351885 3.0 3.0
3967 351961 3.0 3.0
3968 352027 3.0 3.0
3969 352111 3.0 3.0
3970 352181 3.0 3.0
3971 352260 3.0 3.0
3972 352344 3.0 3.0
3973 352406 3.0 3.0
3974 352463 3.0 3.0
3975 352553 3.0 3.0
3976 352636 3.0 3.0
3977 352706 3.0 3.0
3978 352779 3.0 3.0
3979 352856 3.0 3.0
3980 352922 3.0 3.0
3981 353042 3.0 3.0
3982 353216 3.0 3.0
3983 353289 3.0 3.0
3984 353363 3.0 3.0
3985 353442 3.0 3.0
3986 353549 3.0 3.0
3987 353630 3.0 3.0
3988 353716 3.0 3.0
3989 353808 3.0 3.0
3990 353884 3.0 3.0
3991 353961 3.0 3.0
3992 354036 3.0 3.0
3993 354100 3.0 3.0
3994 354174 3.0 3.0
3995 354236 3.0 3.0
3996 354304 3.0 3.0
3997 354388 3.0 3.0
3998 354451 3.0 3.0
3999 354544 3.0 3.0
4000 354613 3.0 3.0
4001 354698 3.0 3.0
4002 354772 3.0 3.0
4003 354831 3.0 3.0
4004 354910 3.0 3.0
4005 354990 3.0 3.0
4006 355063 3.0 3.0
4007 355121 3.0 3.0
4008 355215 3.0 3.0
4009 355311 3.0 3.0
4010 355393 3.0 3.0
4011 355451 3.0 3.0
4012 355546 3.0 3.0
4013 355614 3.0 3.0
4014 355686 3.0 3.0
4015 355774 3.0 3.0
4016 355846 3.0 3.0
4017 355917 3.0 3.0
4018 355987 3.0 3.0
4019 356062 3.0 3.0
4020 356142 3.0 3.0
4021 356231 3.0 3.0
4022 356306 3.0 3.0
4023 356382 3.0 3.0
4024 356448 3.0 3.0
4025 356526 3.0 3.0
4026 356663 3.0 3.0
4027 356724 3.0 3.0
4028 356782 3.0 3.0
4029 356861 3.0 3.0
4030 356936 3.0 3.0
4031 357033 3.0 3.0
4032 357101 3.0 3.0
4033 357164 3.0 3.0
4034 357244 3.0 3.0
4035 357321 3.0 3.0
4036 357436 3.0 3.0
4037 357496 3.0 3.0
4038 357564 3.0 3.0
4039 357641 3.0 3.0
4040 357721 3.0 3.0
4041 357816 3.0 3.0
4042 357912 3.0 3.0
4043 357989 3.0 3.0
4044 358068 3.0 3.0
4045 358143 3.0 3.0
4046 358211 3.0 3.0
4047 358294 3.0 3.0
4048 358431 3.0 3.0
4049 358505 3.0 3.0
4050 358570 3.0 3.0
4051 358657 3.0 3.0
4052 358718 3.0 3.0
4053 358792 3.0 3.0
4054 358867 3.0 3.0
4055 358946 3.0 3.0
4056 359027 3.0 3.0
4057 359109 3.0 3.0
4058 359202 3.0 3.0
4059 359272 3.0 3.0
4060 359371 3.0 3.0
4061 359443 3.0 3.0
4062 359523 3.0 3.0
4063 359607 3.0 3.0
4064 359693 3.0 3.0
4065 359753 3.0 3.0
4066 359839 3.0 3.0
4067 359924 3.0 3.0
4068 359989 3.0 3.0
4069 360078 3.0 3.0
4070 360169 3.0 3.0
4071 360270 3.0 3.0
4072 360338 3.0 3.0
4073 360396 3.0 3.0
4074 360462 3.0 3.0
4075 360512 3.0 3.0
4076 360585 3.0 3.0
4077 360655 3.0 3.0
4078 360796 3.0 3.0
4079 360860 3.0 3.0
4080 360931 3.0 3.0
4081 361011 3.0 3.0
4082 361077 3.0 3.0
4083 361156 3.0 3.0
4084 361234 3.0 3.0
4085 361296 3.0 3.0
4086 361364 3.0 3.0
4087 361428 3.0 3.0
4088 361505 3.0 3.0
4089 361576 3.0 3.0
4090 361638 3.0 3.0
4091 361729 3.0 3.0
4092 361801 3.0 3.0
4093 361858 3.0 3.0
4094 361939 3.0 3.0
4095 362011 3.0 3.0
4096 362073 3.0 3.0
4097 362140 3.0 3.0
4098 362199 3.0 3.0
4099 362335 3.0 3.0
4100 362408 3.0 3.0
4101 362475 3.0 3.0
4102 362539 3.0 3.0
4103 362607 3.0 3.0
4104 362746 3.0 3.0
4105 362827 3.0 3.0
4106 362901 3.0 3.0
4107 363003 3.0 3.0
4108 363078 3.0 3.0
4109 363153 3.0 3.0
4110 363230 3.0 3.0
4111 363299 3.0 3.0
4112 363385 3.0 3.0
4113 363458 3.0 3.0
4114 363542 3.0 3.0
4115 363621 3.0 3.0
4116 363691 3.0 3.0
4117 363755 3.0 3.0
4118 363820 3.0 3.0
4119 363913 3.0 3.0
4120 363989 3.0 3.0
4121 364064 3.0 3.0
4122 364139 3.0 3.0
4123 364214 3.0 3.0
4124 364289 3.0 3.0
4125 364360 3.0 3.0
4126 364452 3.0 3.0
4127 364533 3.0 3.0
4128 364596 3.0 3.0
4129 364670 3.0 3.0
4130 364775 3.0 3.0
4131 364859 3.0 3.0
4132 364909 3.0 3.0
4133 364993 3.0 3.0
4134 365155 3.0 3.0
4135 365213 3.0 3.0
4136 365329 3.0 3.0
4137 365413 3.0 3.0
4138 365483 3.0 3.0
4139 365629 3.0 3.0
4140 365714 3.0 3.0
4141 365785 3.0 3.0
4142 365860 3.0 3.0
4143 365947 3.0 3.0
4144 366039 3.0 3.0
4145 366113 3.0 3.0
4146 366168 3.0 3.0
4147 366246 3.0 3.0
4148 366331 3.0 3.0
4149 366401 3.0 3.0
4150 366473 3.0 3.0
4151 366539 3.0 3.0
4152 366627 3.0 3.0
4153 366697 3.0 3.0
4154 366763 3.0 3.0
4155 366825 3.0 3.0
4156 366910 3.0 3.0
4157 366973 3.0 3.0
4158 367045 3.0 3.0
4159 367107 3.0 3.0
4160 367165 3.0 3.0
4161 367229 3.0 3.0
4162 367314 3.0 3.0
4163 367371 3.0 3.0
4164 367440 3.0 3.0
4165 367521 3.0 3.0
4166 367591 3.0 3.0
4167 367667 3.0 3.0
4168 367746 3.0 3.0
4169 367814 3.0 3.0
4170 367893 3.0 3.0
4171 368083 3.0 3.0
4172 368163 3.0 3.0
4173 368227 3.0 3.0
4174 368289 3.0 3.0
4175 368378 3.0 3.0
4176 368445 3.0 3.0
4177 368505 3.0 3.0
4178 368601 3.0 3.0
4179 368666 3.0 3.0
4180 368841 3.0 3.0
4181 368894 3.0 3.0
4182 368958 3.0 3.0
4183 369035 3.0 3.0
4184 369126 3.0 3.0
4185 369203 3.0 3.0
4186 369284 3.0 3.0
4187 369357 3.0 3.0
4188 369540 3.0 3.0
4189 369612 3.0 3.0
4190 369695 3.0 3.0
4191 369768 3.0 3.0
4192 369871 3.0 3.0
4193 369939 3.0 3.0
4194 370020 3.0 3.0
4195 370095 3.0 3.0
4196 370176 3.0 3.0
4197 370248 3.0 3.0
4198 370317 3.0 3.0
4199 370384 3.0 3.0
4200 370447 3.0 3.0
4201 370526 3.0 3.0
4202 370754 3.0 3.0
4203 370826 3.0 3.0
4204 370891 3.0 3.0
4205 370977 3.0 3.0
4206 371046 3.0 3.0
4207 371116 3.0 3.0
4208 371210 3.0 3.0
4209 371271 3.0 3.0
4210 371359 3.0 3.0
4211 371432 3.0 3.0
4212 371542 3.0 3.0
4213 371632 3.0 3.0
4214 371703 3.0 3.0
4215 371801 3.0 3.0
4216 371881 3.0 3.0
4217 371958 3.0 3.0
4218 372032 3.0 3.0
4219 372098 3.0 3.0
4220 372166 3.0 3.0
4221 372238 3.0 3.0
4222 372301 3.0 3.0
4223 372421 3.0 3.0
4224 372491 3.0 3.0
4225 372569 3.0 3.0
4226 372623 3.0 3.0
4227 372712 3.0 3.0
4228 372781 3.0 3.0
4229 372863 3.0 3.0
4230 372942 3.0 3.0
4231 373016 3.0 3.0
4232 373091 3.0 3.0
4233 373160 3.0 3.0
4234 373219 3.0 3.0
4235 373292 3.0 3.0
4236 373417 3.0 3.0
4237 373497 3.0 3.0
4238 373601 3.0 3.0
4239 373667 3.0 3.0
4240 373741 3.0 3.0
4241 373804 3.0 3.0
4242 373888 3.0 3.0
4243 373950 3.0 3.0
4244 374026 3.0 3.0
4245 374094 3.0 3.0
4246 374158 3.0 3.0
4247 374236 3.0 3.0
4248 374297 3.0 3.0
4249 374453 3.0 3.0
4250 374623 3.0 3.0
4251 374696 3.0 3.0
4252 374769 3.0 3.0
4253 374842 3.0 3.0
4254 374921 3.0 3.0
4255 375032 3.0 3.0
4256 375108 3.0 3.0
4257 375170 3.0 3.0
4258 375248 3.0 3.0
4259 375316 3.0 3.0
4260 375393 3.0 3.0
4261 375485 3.0 3.0
4262 375558 3.0 3.0
4263 375640 3.0 3.0
4264 375728 3.0 3.0
4265 375814 3.0 3.0
4266 375907 3.0 3.0
4267 375981 3.0 3.0
4268 376058 3.0 3.0
4269 376120 3.0 3.0
4270 376198 3.0 3.0
4271 376265 3.0 3.0
4272 376335 3.0 3.0
4273 376408 3.0 3.0
4274 376487 3.0 3.0
4275 376564 3.0 3.0
4276 376670 3.0 3.0
4277 376742 3.0 3.0
4278 376862 3.0 3.0
4279 376950 3.0 3.0
4280 377017 3.0 3.0
4281 377084 3.0 3.0
4282 377148 3.0 3.0
4283 377224 3.0 3.0
4284 377294 3.0 3.0
4285 377368 3.0 3.0
4286 377445 3.0 3.0
4287 377643 3.0 3.0
4288 377730 3.0 3.0
4289 377815 3.0 3.0
4290 377973 3.0 3.0
4291 378065 3.0 3.0
4292 378125 3.0 3.0
4293 378194 3.0 3.0
4294 378254 3.0 3.0
4295 378336 3.0 3.0
4296 378456 3.0 3.0
4297 378533 3.0 3.0
4298 378609 3.0 3.0
4299 378667 3.0 3.0
4300 378735 3.0 3.0
4301 378796 3.0 3.0
4302 378896 3.0 3.0
4303 378981 3.0 3.0
4304 379063 3.0 3.0
4305 379149 3.0 3.0
4306 379218 3.0 3.0
4307 379294 3.0 3.0
4308 379359 3.0 3.0
4309 379427 3.0 3.0
4310 379522 3.0 3.0
4311 379590 3.0 3.0
4312 379657 3.0 3.0
4313 379734 3.0 3.0
4314 379792 3.0 3.0
4315 379861 3.0 3.0
4316 379930 3.0 3.0
4317 380015 3.0 3.0
4318 380086 3.0 3.0
4319 380153 3.0 3.0
4320 380214 3.0 3.0
4321 380278 3.0 3.0
4322 380375 3.0 3.0
4323 380443 3.0 3.0
4324 380551 3.0 3.0
4325 380667 3.0 3.0
4326 380765 3.0 3.0
4327 380832 3.0 3.0
4328 380888 3.0 3.0
4329 380979 3.0 3.0
4330 381051 3.0 3.0
4331 381134 3.0 3.0
4332 381215 3.0 3.0
4333 381277 3.0 3.0
4334 381352 3.0 3.0
4335 381433 3.0 3.0
4336 381499 3.0 3.0
4337 381658 3.0 3.0
4338 381742 3.0 3.0
4339 381822 3.0 3.0
4340 381885 3.0 3.0
4341 381958 3.0 3.0
4342 382019 3.0 3.0
4343 382118 3.0 3.0
4344 382182 3.0 3.0
4345 382254 3.0 3.0
4346 382324 3.0 3.0
4347 382392 3.0 3.0
4348 382469 3.0 3.0
4349 382542 3.0 3.0
4350 382622 3.0 3.0
4351 382688 3.0 3.0
4352 382743 3.0 3.0
4353 382801 3.0 3.0
4354 382878 3.0 3.0
4355 383075 3.0 3.0
4356 383150 3.0 3.0
4357 383216 3.0 3.0
4358 383279 3.0 3.0
4359 383373 3.0 3.0
4360 383434 3.0 3.0
4361 383514 3.0 3.0
4362 383578 3.0 3.0
4363 383653 3.0 3.0
4364 383752 3.0 3.0
4365 383819 3.0 3.0
4366 383887 3.0 3.0
4367 383949 3.0 3.0
4368 384028 3.0 3.0
4369 384102 3.0 3.0
4370 384214 3.0 3.0
4371 384286 3.0 3.0
4372 384350 3.0 3.0
4373 384417 3.0 3.0
4374 384481 3.0 3.0
4375 384540 3.0 3.0
4376 384620 3.0 3.0
4377 384698 3.0 3.0
4378 384776 3.0 3.0
4379 384873 3.0 3.0
4380 384944 3.0 3.0
4381 385015 3.0 3.0
4382 385106 3.0 3.0
4383 385166 3.0 3.0
4384 385244 3.0 3.0
4385 385321 3.0 3.0
4386 385405 3.0 3.0
4387 385473 3.0 3.0
4388 385567 3.0 3.0
4389 385628 3.0 3.0
4390 385694 3.0 3.0
4391 385773 3.0 3.0
4392 385850 3.0 3.0
4393 385911 3.0 3.0
4394 386001 3.0 3.0
4395 386067 3.0 3.0
4396 386135 3.0 3.0
4397 386204 3.0 3.0
4398 386266 3.0 3.0
4399 386361 3.0 3.0
4400 386458 3.0 3.0
4401 386532 3.0 3.0
4402 386596 3.0 3.0
4403 386681 3.0 3.0
4404 386751 3.0 3.0
4405 386822 3.0 3.0
4406 386933 3.0 3.0
4407 387009 3.0 3.0
4408 387096 3.0 3.0
4409 387167 3.0 3.0
4410 387249 3.0 3.0
4411 387317 3.0 3.0
4412 387384 3.0 3.0
4413 387465 3.0 3.0
4414 387561 3.0 3.0
4415 387642 3.0 3.0
4416 387718 3.0 3.0
4417 387782 3.0 3.0
4418 387849 3.0 3.0
4419 387911 3.0 3.0
4420 388018 3.0 3.0
4421 388104 3.0 3.0
4422 388172 3.0 3.0
4423 388270 3.0 3.0
4424 388353 3.0 3.0
4425 388416 3.0 3.0
4426 388486 3.0 3.0
4427 388563 3.0 3.0
4428 388621 3.0 3.0
4429 388723 3.0 3.0
4430 388786 3.0 3.0
4431 388852 3.0 3.0
4432 388909 3.0 3.0
4433 388987 3.0 3.0
4434 389059 3.0 3.0
4435 389154 3.0 3.0
4436 389221 3.0 3.0
4437 389281 3.0 3.0
4438 389359 3.0 3.0
4439 389459 3.0 3.0
4440 389523 3.0 3.0
4441 389602 3.0 3.0
4442 389680 3.0 3.0
4443 389745 3.0 3.0
4444 389813 3.0 3.0
4445 389890 3.0 3.0
4446 389964 3.0 3.0
4447 390103 3.0 3.0
4448 390170 3.0 3.0
4449 390261 3.0 3.0
4450 390343 3.0 3.0
4451 390460 3.0 3.0
4452 390516 3.0 3.0
4453 390605 3.0 3.0
4454 390679 3.0 3.0
4455 390751 3.0 3.0
4456 390819 3.0 3.0
4457 390893 3.0 3.0
4458 390962 3.0 3.0
4459 391087 3.0 3.0
4460 391150 3.0 3.0
4461 391241 3.0 3.0
4462 391340 3.0 3.0
4463 391414 3.0 3.0
4464 391531 3.0 3.0
4465 391625 3.0 3.0
4466 391694 3.0 3.0
4467 391765 3.0 3.0
4468 391846 3.0 3.0
4469 392010 3.0 3.0
4470 392078 3.0 3.0
4471 392158 3.0 3.0
4472 392239 3.0 3.0
4473 392307 3.0 3.0
4474 392381 3.0 3.0
4475 392447 3.0 3.0
4476 392515 3.0 3.0
4477 392590 3.0 3.0
4478 392652 3.0 3.0
4479 392712 3.0 3.0
4480 392789 3.0 3.0
4481 392859 3.0 3.0
4482 392917 3.0 3.0
4483 393029 3.0 3.0
4484 393112 3.0 3.0
4485 393279 3.0 3.0
4486 393343 3.0 3.0
4487 393434 3.0 3.0
4488 393492 3.0 3.0
4489 393574 3.0 3.0
4490 393648 3.0 3.0
4491 393729 3.0 3.0
4492 393798 3.0 3.0
4493 393865 3.0 3.0
4494 393935 3.0 3.0
4495 394034 3.0 3.0
4496 394130 3.0 3.0
4497 394199 3.0 3.0
4498 394292 3.0 3.0
4499 394372 3.0 3.0
4500 394469 3.0 3.0
4501 394555 3.0 3.0
4502 394614 3.0 3.0
4503 394684 3.0 3.0
4504 394771 3.0 3.0
4505 394831 3.0 3.0
4506 394949 3.0 3.0
4507 395012 3.0 3.0
4508 395084 3.0 3.0
4509 395154 3.0 3.0
4510 395231 3.0 3.0
4511 395301 3.0 3.0
4512 395392 3.0 3.0
4513 395460 3.0 3.0
4514 395529 3.0 3.0
4515 395605 3.0 3.0
4516 395669 3.0 3.0
4517 395743 3.0 3.0
4518 395814 3.0 3.0
4519 395903 3.0 3.0
4520 395973 3.0 3.0
4521 396045 3.0 3.0
4522 396117 3.0 3.0
4523 396206 3.0 3.0
4524 396318 3.0 3.0
4525 396408 3.0 3.0
4526 396474 3.0 3.0
4527 396553 3.0 3.0
4528 396624 3.0 3.0
4529 396712 3.0 3.0
4530 396773 3.0 3.0
4531 396852 3.0 3.0
4532 396921 3.0 3.0
4533 397004 3.0 3.0
4534 397079 3.0 3.0
4535 397155 3.0 3.0
4536 397236 3.0 3.0
4537 397325 3.0 3.0
4538 397395 3.0 3.0
4539 397468 3.0 3.0
4540 397553 3.0 3.0
4541 397633 3.0 3.0
4542 397693 3.0 3.0
4543 397776 3.0 3.0
4544 397858 3.0 3.0
4545 397924 3.0 3.0
4546 398033 3.0 3.0
4547 398102 3.0 3.0
4548 398169 3.0 3.0
4549 398220 3.0 3.0
4550 398279 3.0 3.0
4551 398349 3.0 3.0
4552 398438 3.0 3.0
4553 398506 3.0 3.0
4554 398569 3.0 3.0
4555 398645 3.0 3.0
4556 398733 3.0 3.0
4557 398805 3.0 3.0
4558 399002 3.0 3.0
4559 399087 3.0 3.0
4560 399144 3.0 3.0
4561 399216 3.0 3.0
4562 399282 3.0 3.0
4563 399339 3.0 3.0
4564 399414 3.0 3.0
4565 399498 3.0 3.0
4566 399572 3.0 3.0
4567 399635 3.0 3.0
4568 399701 3.0 3.0
4569 399779 3.0 3.0
4570 399897 3.0 3.0
4571 399998 3.0 3.0
4572 400065 3.0 3.0
