1 300 0.0 0.0
2 600 1.0 0.01
3 900 1.0 0.02
4 1200 0.0 0.02
5 1500 0.0 0.02
6 1800 1.0 0.03
7 2100 1.0 0.04
8 2400 1.0 0.05
9 2700 1.0 0.06
10 3000 1.0 0.07
11 3300 1.0 0.08
12 3600 1.0 0.09
13 3900 1.0 0.1
14 4200 1.0 0.11
15 4500 1.0 0.12
16 4800 1.0 0.13
17 5100 2.0 0.15
18 5400 2.0 0.17
19 5700 2.0 0.19
20 6000 1.0 0.2
21 6300 1.0 0.21
22 6600 2.0 0.23
23 6882 3.0 0.26
24 7182 1.0 0.27
25 7433 3.0 0.3
26 7733 2.0 0.32
27 8033 2.0 0.34
28 8280 3.0 0.37
29 8462 3.0 0.4
30 8762 2.0 0.42
31 9062 1.0 0.43
32 9276 3.0 0.46
33 9495 3.0 0.49
34 9754 3.0 0.52
35 10054 2.0 0.54
36 10219 3.0 0.57
37 10423 3.0 0.6
38 10723 1.0 0.61
39 10885 3.0 0.64
40 11044 3.0 0.67
41 11267 3.0 0.7
42 11551 3.0 0.73
43 11791 3.0 0.76
44 11909 3.0 0.79
45 12070 3.0 0.82
46 12178 3.0 0.85
47 12281 3.0 0.88
48 12463 3.0 0.91
49 12648 3.0 0.94
50 12849 3.0 0.97
51 12955 3.0 1.0
52 13163 3.0 1.03
53 13447 3.0 1.06
54 13625 3.0 1.09
55 13733 3.0 1.12
56 13844 3.0 1.15
57 14039 3.0 1.18
58 14198 3.0 1.21
59 14402 3.0 1.24
60 14509 3.0 1.27
61 14621 3.0 1.3
62 14705 3.0 1.33
63 14823 3.0 1.36
64 15062 3.0 1.39
65 15266 3.0 1.42
66 15460 3.0 1.45
67 15691 3.0 1.48
68 15776 3.0 1.51
69 15957 3.0 1.54
70 16100 3.0 1.57
71 16311 3.0 1.6
72 16419 3.0 1.63
73 16555 3.0 1.66
74 16699 3.0 1.69
75 16800 3.0 1.72
76 16865 3.0 1.75
77 17087 3.0 1.78
78 17216 3.0 1.81
79 17311 3.0 1.84
80 17433 3.0 1.87
81 17562 3.0 1.9
82 17706 3.0 1.93
83 17801 3.0 1.96
84 17992 3.0 1.99
85 18136 3.0 2.02
86 18257 3.0 2.05
87 18484 3.0 2.08
88 18731 3.0 2.11
89 18905 3.0 2.14
90 19011 3.0 2.17
91 19109 3.0 2.2
92 19200 3.0 2.23
93 19278 3.0 2.26
94 19363 3.0 2.29
95 19462 3.0 2.32
96 19553 3.0 2.35
97 19631 3.0 2.38
98 19759 3.0 2.41
99 19864 3.0 2.44
100 19978 3.0 2.47
101 20115 3.0 2.5
102 20213 3.0 2.52
103 20343 3.0 2.54
104 20440 3.0 2.57
105 20595 3.0 2.6
106 20746 3.0 2.62
107 20860 3.0 2.64
108 20987 3.0 2.66
109 21113 3.0 2.68
110 21229 3.0 2.7
111 21309 3.0 2.72
112 21403 3.0 2.74
113 21552 3.0 2.76
114 21666 3.0 2.78
115 21892 3.0 2.8
116 22015 3.0 2.82
117 22163 3.0 2.83
118 22240 3.0 2.84
119 22379 3.0 2.85
120 22478 3.0 2.87
121 22649 3.0 2.89
122 22779 3.0 2.9
123 22898 3.0 2.9
124 23002 3.0 2.92
125 23139 3.0 2.92
126 23230 3.0 2.93
127 23364 3.0 2.94
128 23447 3.0 2.94
129 23571 3.0 2.94
130 23676 3.0 2.95
131 23808 3.0 2.97
132 23893 3.0 2.97
133 23982 3.0 2.97
134 24076 3.0 2.97
135 24183 3.0 2.98
136 24295 3.0 2.98
137 24367 3.0 2.98
138 24474 3.0 3.0
139 24554 3.0 3.0
140 24649 3.0 3.0
141 24731 3.0 3.0
142 24835 3.0 3.0
143 24927 3.0 3.0
144 25010 3.0 3.0
145 25162 3.0 3.0
146 25266 3.0 3.0
147 25341 3.0 3.0
148 25453 3.0 3.0
149 25593 3.0 3.0
150 25749 3.0 3.0
151 25818 3.0 3.0
152 25903 3.0 3.0
153 26007 3.0 3.0
154 26136 3.0 3.0
155 26197 3.0 3.0
156 26295 3.0 3.0
157 26358 3.0 3.0
158 26462 3.0 3.0
159 26557 3.0 3.0
160 26641 3.0 3.0
161 26718 3.0 3.0
162 26787 3.0 3.0
163 26882 3.0 3.0
164 27104 3.0 3.0
165 27203 3.0 3.0
166 27282 3.0 3.0
167 27522 3.0 3.0
168 27627 3.0 3.0
169 27715 3.0 3.0
170 27849 3.0 3.0
171 27958 3.0 3.0
172 28041 3.0 3.0
173 28111 3.0 3.0
174 28175 3.0 3.0
175 28264 3.0 3.0
176 28367 3.0 3.0
177 28490 3.0 3.0
178 28564 3.0 3.0
179 28656 3.0 3.0
180 28762 3.0 3.0
181 28856 3.0 3.0
182 28963 3.0 3.0
183 29121 3.0 3.0
184 29252 3.0 3.0
185 29336 3.0 3.0
186 29485 3.0 3.0
187 29565 3.0 3.0
188 29695 3.0 3.0
189 29827 3.0 3.0
190 29908 3.0 3.0
191 30003 3.0 3.0
192 30109 3.0 3.0
193 30201 3.0 3.0
194 30279 3.0 3.0
195 30386 3.0 3.0
196 30485 3.0 3.0
197 30571 3.0 3.0
198 30648 3.0 3.0
199 30737 3.0 3.0
200 30815 3.0 3.0
201 30948 3.0 3.0
202 31021 3.0 3.0
203 31128 3.0 3.0
204 31226 3.0 3.0
205 31292 3.0 3.0
206 31408 3.0 3.0
207 31476 3.0 3.0
208 31573 3.0 3.0
209 31641 3.0 3.0
210 31808 3.0 3.0
211 31905 3.0 3.0
212 31989 3.0 3.0
213 32088 3.0 3.0
214 32187 3.0 3.0
215 32257 3.0 3.0
216 32337 3.0 3.0
217 32422 3.0 3.0
218 32518 3.0 3.0
219 32634 3.0 3.0
220 32700 3.0 3.0
221 32809 3.0 3.0
222 32888 3.0 3.0
223 32959 3.0 3.0
224 33038 3.0 3.0
225 33119 3.0 3.0
226 33186 3.0 3.0
227 33309 3.0 3.0
228 33387 3.0 3.0
229 33455 3.0 3.0
230 33522 3.0 3.0
231 33822 2.0 2.99
232 33940 3.0 2.99
233 34029 3.0 2.99
234 34165 3.0 2.99
235 34226 3.0 2.99
236 34321 3.0 2.99
237 34409 3.0 2.99
238 34489 3.0 2.99
239 34587 3.0 2.99
240 34684 3.0 2.99
241 34822 3.0 2.99
242 34953 3.0 2.99
243 35034 3.0 2.99
244 35125 3.0 2.99
245 35183 3.0 2.99
246 35291 3.0 2.99
247 35374 3.0 2.99
248 35467 3.0 2.99
249 35546 3.0 2.99
250 35630 3.0 2.99
251 35728 3.0 2.99
252 35822 3.0 2.99
253 35888 3.0 2.99
254 36051 3.0 2.99
255 36192 3.0 2.99
256 36315 3.0 2.99
257 36398 3.0 2.99
258 36477 3.0 2.99
259 36555 3.0 2.99
260 36620 3.0 2.99
261 36708 3.0 2.99
262 36844 3.0 2.99
263 36910 3.0 2.99
264 37063 3.0 2.99
265 37192 3.0 2.99
266 37272 3.0 2.99
267 37351 3.0 2.99
268 37452 3.0 2.99
269 37510 3.0 2.99
270 37578 3.0 2.99
271 37667 3.0 2.99
272 37757 3.0 2.99
273 37938 3.0 2.99
274 38029 3.0 2.99
275 38098 3.0 2.99
276 38180 3.0 2.99
277 38260 3.0 2.99
278 38334 3.0 2.99
279 38405 3.0 2.99
280 38489 3.0 2.99
281 38602 3.0 2.99
282 38700 3.0 2.99
283 38866 3.0 2.99
284 38943 3.0 2.99
285 39011 3.0 2.99
286 39134 3.0 2.99
287 39215 3.0 2.99
288 39310 3.0 2.99
289 39446 3.0 2.99
290 39589 3.0 2.99
291 39674 3.0 2.99
292 39762 3.0 2.99
293 39824 3.0 2.99
294 39928 3.0 2.99
295 40004 3.0 2.99
296 40073 3.0 2.99
297 40167 3.0 2.99
298 40306 3.0 2.99
299 40395 3.0 2.99
300 40483 3.0 2.99
301 40568 3.0 2.99
302 40635 3.0 2.99
303 40708 3.0 2.99
304 40775 3.0 2.99
305 40886 3.0 2.99
306 40991 3.0 2.99
307 41070 3.0 2.99
308 41149 3.0 2.99
309 41212 3.0 2.99
310 41294 3.0 2.99
311 41460 3.0 2.99
312 41539 3.0 2.99
313 41639 3.0 2.99
314 41721 3.0 2.99
315 41807 3.0 2.99
316 41884 3.0 2.99
317 41975 3.0 2.99
318 42116 3.0 2.99
319 42218 3.0 2.99
320 42285 3.0 2.99
321 42426 3.0 2.99
322 42510 3.0 2.99
323 42570 3.0 2.99
324 42647 3.0 2.99
325 42719 3.0 2.99
326 42814 3.0 2.99
327 42903 3.0 2.99
328 42965 3.0 2.99
329 43043 3.0 2.99
330 43120 3.0 2.99
331 43216 3.0 3.0
332 43297 3.0 3.0
333 43415 3.0 3.0
334 43536 3.0 3.0
335 43681 3.0 3.0
336 43774 3.0 3.0
337 43903 3.0 3.0
338 43970 3.0 3.0
339 44179 3.0 3.0
340 44253 3.0 3.0
341 44332 3.0 3.0
342 44439 3.0 3.0
343 44545 3.0 3.0
344 44631 3.0 3.0
345 44707 3.0 3.0
346 44803 3.0 3.0
347 44884 3.0 3.0
348 45013 3.0 3.0
349 45123 3.0 3.0
350 45198 3.0 3.0
351 45275 3.0 3.0
352 45371 3.0 3.0
353 45456 3.0 3.0
354 45572 3.0 3.0
355 45687 3.0 3.0
356 45797 3.0 3.0
357 45905 3.0 3.0
358 45974 3.0 3.0
359 46075 3.0 3.0
360 46173 3.0 3.0
361 46233 3.0 3.0
362 46410 3.0 3.0
363 46495 3.0 3.0
364 46583 3.0 3.0
365 46690 3.0 3.0
366 46768 3.0 3.0
367 46850 3.0 3.0
368 46923 3.0 3.0
369 47046 3.0 3.0
370 47134 3.0 3.0
371 47197 3.0 3.0
372 47270 3.0 3.0
373 47382 3.0 3.0
374 47478 3.0 3.0
375 47585 3.0 3.0
376 47687 3.0 3.0
377 47764 3.0 3.0
378 47858 3.0 3.0
379 48039 3.0 3.0
380 48177 3.0 3.0
381 48258 3.0 3.0
382 48336 3.0 3.0
383 48442 3.0 3.0
384 48575 3.0 3.0
385 48649 3.0 3.0
386 48728 3.0 3.0
387 48821 3.0 3.0
388 48887 3.0 3.0
389 49000 3.0 3.0
390 49098 3.0 3.0
391 49176 3.0 3.0
392 49238 3.0 3.0
393 49330 3.0 3.0
394 49405 3.0 3.0
395 49474 3.0 3.0
396 49602 3.0 3.0
397 49752 3.0 3.0
398 49829 3.0 3.0
399 49896 3.0 3.0
400 49988 3.0 3.0
401 50095 3.0 3.0
402 50168 3.0 3.0
403 50256 3.0 3.0
404 50350 3.0 3.0
405 50474 3.0 3.0
406 50557 3.0 3.0
407 50644 3.0 3.0
408 50726 3.0 3.0
409 50897 3.0 3.0
410 50967 3.0 3.0
411 51054 3.0 3.0
412 51134 3.0 3.0
413 51229 3.0 3.0
414 51314 3.0 3.0
415 51399 3.0 3.0
416 51483 3.0 3.0
417 51609 3.0 3.0
418 51724 3.0 3.0
419 51789 3.0 3.0
420 51907 3.0 3.0
421 51988 3.0 3.0
422 52089 3.0 3.0
423 52161 3.0 3.0
424 52282 3.0 3.0
425 52389 3.0 3.0
426 52485 3.0 3.0
427 52576 3.0 3.0
428 52675 3.0 3.0
429 52757 3.0 3.0
430 52923 3.0 3.0
431 53001 3.0 3.0
432 53121 3.0 3.0
433 53184 3.0 3.0
434 53266 3.0 3.0
435 53354 3.0 3.0
436 53454 3.0 3.0
437 53562 3.0 3.0
438 53626 3.0 3.0
439 53686 3.0 3.0
440 53746 3.0 3.0
441 53846 3.0 3.0
442 53934 3.0 3.0
443 54005 3.0 3.0
444 54069 3.0 3.0
445 54137 3.0 3.0
446 54202 3.0 3.0
447 54267 3.0 3.0
448 54352 3.0 3.0
449 54466 3.0 3.0
450 54547 3.0 3.0
451 54613 3.0 3.0
452 54680 3.0 3.0
453 54763 3.0 3.0
454 54840 3.0 3.0
455 54907 3.0 3.0
456 54973 3.0 3.0
457 55273 2.0 2.99
458 55355 3.0 2.99
459 55443 3.0 2.99
460 55583 3.0 2.99
461 55742 3.0 2.99
462 55865 3.0 2.99
463 55960 3.0 2.99
464 56025 3.0 2.99
465 56083 3.0 2.99
466 56155 3.0 2.99
467 56232 3.0 2.99
468 56324 3.0 2.99
469 56416 3.0 2.99
470 56490 3.0 2.99
471 56564 3.0 2.99
472 56638 3.0 2.99
473 56798 3.0 2.99
474 56894 3.0 2.99
475 56966 3.0 2.99
476 57044 3.0 2.99
477 57126 3.0 2.99
478 57293 3.0 2.99
479 57382 3.0 2.99
480 57475 3.0 2.99
481 57561 3.0 2.99
482 57663 3.0 2.99
483 57779 3.0 2.99
484 57992 3.0 2.99
485 58076 3.0 2.99
486 58229 3.0 2.99
487 58345 3.0 2.99
488 58434 3.0 2.99
489 58522 3.0 2.99
490 58618 3.0 2.99
491 58735 3.0 2.99
492 58840 3.0 2.99
493 58912 3.0 2.99
494 59001 3.0 2.99
495 59084 3.0 2.99
496 59169 3.0 2.99
497 59297 3.0 2.99
498 59366 3.0 2.99
499 59466 3.0 2.99
500 59589 3.0 2.99
501 59688 3.0 2.99
502 59763 3.0 2.99
503 59839 3.0 2.99
504 59948 3.0 2.99
505 60010 3.0 2.99
506 60108 3.0 2.99
507 60177 3.0 2.99
508 60264 3.0 2.99
509 60335 3.0 2.99
510 60441 3.0 2.99
511 60510 3.0 2.99
512 60621 3.0 2.99
513 60702 3.0 2.99
514 60776 3.0 2.99
515 60866 3.0 2.99
516 60966 3.0 2.99
517 61030 3.0 2.99
518 61106 3.0 2.99
519 61184 3.0 2.99
520 61257 3.0 2.99
521 61346 3.0 2.99
522 61442 3.0 2.99
523 61529 3.0 2.99
524 61609 3.0 2.99
525 61699 3.0 2.99
526 61798 3.0 2.99
527 61884 3.0 2.99
528 61975 3.0 2.99
529 62058 3.0 2.99
530 62160 3.0 2.99
531 62234 3.0 2.99
532 62340 3.0 2.99
533 62439 3.0 2.99
534 62546 3.0 2.99
535 62635 3.0 2.99
536 62806 3.0 2.99
537 62933 3.0 2.99
538 63052 3.0 2.99
539 63130 3.0 2.99
540 63222 3.0 2.99
541 63304 3.0 2.99
542 63389 3.0 2.99
543 63507 3.0 2.99
544 63598 3.0 2.99
545 63698 3.0 2.99
546 63783 3.0 2.99
547 63868 3.0 2.99
548 63981 3.0 2.99
549 64056 3.0 2.99
550 64118 3.0 2.99
551 64198 3.0 2.99
552 64273 3.0 2.99
553 64374 3.0 2.99
554 64435 3.0 2.99
555 64510 3.0 2.99
556 64578 3.0 2.99
557 64673 3.0 3.0
558 64743 3.0 3.0
559 64841 3.0 3.0
560 64923 3.0 3.0
561 65004 3.0 3.0
562 65085 3.0 3.0
563 65177 3.0 3.0
564 65253 3.0 3.0
565 65330 3.0 3.0
566 65417 3.0 3.0
567 65493 3.0 3.0
568 65583 3.0 3.0
569 65683 3.0 3.0
570 65751 3.0 3.0
571 65849 3.0 3.0
572 65948 3.0 3.0
573 66045 3.0 3.0
574 66116 3.0 3.0
575 66219 3.0 3.0
576 66282 3.0 3.0
577 66379 3.0 3.0
578 66489 3.0 3.0
579 66569 3.0 3.0
580 66654 3.0 3.0
581 66732 3.0 3.0
582 66803 3.0 3.0
583 66875 3.0 3.0
584 66988 3.0 3.0
585 67154 3.0 3.0
586 67228 3.0 3.0
587 67304 3.0 3.0
588 67371 3.0 3.0
589 67484 3.0 3.0
590 67554 3.0 3.0
591 67662 3.0 3.0
592 67825 3.0 3.0
593 67949 3.0 3.0
594 68026 3.0 3.0
595 68148 3.0 3.0
596 68233 3.0 3.0
597 68330 3.0 3.0
598 68453 3.0 3.0
599 68547 3.0 3.0
600 68616 3.0 3.0
601 68707 3.0 3.0
602 68768 3.0 3.0
603 68854 3.0 3.0
604 68947 3.0 3.0
605 69028 3.0 3.0
606 69099 3.0 3.0
607 69183 3.0 3.0
608 69243 3.0 3.0
609 69332 3.0 3.0
610 69419 3.0 3.0
611 69528 3.0 3.0
612 69640 3.0 3.0
613 69710 3.0 3.0
614 69782 3.0 3.0
615 69894 3.0 3.0
616 69975 3.0 3.0
617 70065 3.0 3.0
618 70233 3.0 3.0
619 70314 3.0 3.0
620 70392 3.0 3.0
621 70482 3.0 3.0
622 70551 3.0 3.0
623 70653 3.0 3.0
624 70727 3.0 3.0
625 70833 3.0 3.0
626 70962 3.0 3.0
627 71023 3.0 3.0
628 71104 3.0 3.0
629 71183 3.0 3.0
630 71279 3.0 3.0
631 71373 3.0 3.0
632 71458 3.0 3.0
633 71538 3.0 3.0
634 71614 3.0 3.0
635 71697 3.0 3.0
636 71765 3.0 3.0
637 71865 3.0 3.0
638 71936 3.0 3.0
639 71996 3.0 3.0
640 72073 3.0 3.0
641 72144 3.0 3.0
642 72230 3.0 3.0
643 72307 3.0 3.0
644 72462 3.0 3.0
645 72529 3.0 3.0
646 72628 3.0 3.0
647 72719 3.0 3.0
648 72817 3.0 3.0
649 72994 3.0 3.0
650 73102 3.0 3.0
651 73173 3.0 3.0
652 73264 3.0 3.0
653 73366 3.0 3.0
654 73427 3.0 3.0
655 73517 3.0 3.0
656 73587 3.0 3.0
657 73654 3.0 3.0
658 73723 3.0 3.0
659 73794 3.0 3.0
660 73865 3.0 3.0
661 73943 3.0 3.0
662 74020 3.0 3.0
663 74111 3.0 3.0
664 74174 3.0 3.0
665 74272 3.0 3.0
666 74351 3.0 3.0
667 74421 3.0 3.0
668 74536 3.0 3.0
669 74616 3.0 3.0
670 74704 3.0 3.0
671 74808 3.0 3.0
672 74875 3.0 3.0
673 74956 3.0 3.0
674 75028 3.0 3.0
675 75130 3.0 3.0
676 75195 3.0 3.0
677 75271 3.0 3.0
678 75348 3.0 3.0
679 75445 3.0 3.0
680 75528 3.0 3.0
681 75629 3.0 3.0
682 75695 3.0 3.0
683 75754 3.0 3.0
684 75825 3.0 3.0
685 75984 3.0 3.0
686 76052 3.0 3.0
687 76146 3.0 3.0
688 76240 3.0 3.0
689 76308 3.0 3.0
690 76421 3.0 3.0
691 76499 3.0 3.0
692 76569 3.0 3.0
693 76653 3.0 3.0
694 76789 3.0 3.0
695 76881 3.0 3.0
696 76966 3.0 3.0
697 77109 3.0 3.0
698 77183 3.0 3.0
699 77273 3.0 3.0
700 77345 3.0 3.0
701 77422 3.0 3.0
702 77503 3.0 3.0
703 77599 3.0 3.0
704 77662 3.0 3.0
705 77754 3.0 3.0
706 77857 3.0 3.0
707 77948 3.0 3.0
708 78027 3.0 3.0
709 78108 3.0 3.0
710 78169 3.0 3.0
711 78238 3.0 3.0
712 78327 3.0 3.0
713 78401 3.0 3.0
714 78494 3.0 3.0
715 78592 3.0 3.0
716 78690 3.0 3.0
717 78785 3.0 3.0
718 78870 3.0 3.0
719 78947 3.0 3.0
720 79023 3.0 3.0
721 79138 3.0 3.0
722 79277 3.0 3.0
723 79352 3.0 3.0
724 79464 3.0 3.0
725 79542 3.0 3.0
726 79623 3.0 3.0
727 79697 3.0 3.0
728 79814 3.0 3.0
729 79915 3.0 3.0
730 79997 3.0 3.0
731 80080 3.0 3.0
732 80156 3.0 3.0
733 80231 3.0 3.0
734 80314 3.0 3.0
735 80414 3.0 3.0
736 80509 3.0 3.0
737 80637 3.0 3.0
738 80723 3.0 3.0
739 80797 3.0 3.0
740 80891 3.0 3.0
741 80958 3.0 3.0
742 81034 3.0 3.0
743 81095 3.0 3.0
744 81167 3.0 3.0
745 81239 3.0 3.0
746 81316 3.0 3.0
747 81393 3.0 3.0
748 81460 3.0 3.0
749 81544 3.0 3.0
750 81649 3.0 3.0
751 81769 3.0 3.0
752 81841 3.0 3.0
753 81966 3.0 3.0
754 82036 3.0 3.0
755 82147 3.0 3.0
756 82217 3.0 3.0
757 82317 3.0 3.0
758 82421 3.0 3.0
759 82574 3.0 3.0
760 82651 3.0 3.0
761 82730 3.0 3.0
762 82803 3.0 3.0
763 82877 3.0 3.0
764 82953 3.0 3.0
765 83036 3.0 3.0
766 83114 3.0 3.0
767 83202 3.0 3.0
768 83287 3.0 3.0
769 83349 3.0 3.0
770 83415 3.0 3.0
771 83486 3.0 3.0
772 83565 3.0 3.0
773 83628 3.0 3.0
774 83741 3.0 3.0
775 83841 3.0 3.0
776 83901 3.0 3.0
777 83990 3.0 3.0
778 84061 3.0 3.0
779 84147 3.0 3.0
780 84247 3.0 3.0
781 84385 3.0 3.0
782 84479 3.0 3.0
783 84633 3.0 3.0
784 84729 3.0 3.0
785 84849 3.0 3.0
786 84922 3.0 3.0
787 85108 3.0 3.0
788 85174 3.0 3.0
789 85261 3.0 3.0
790 85366 3.0 3.0
791 85463 3.0 3.0
792 85538 3.0 3.0
793 85649 3.0 3.0
794 85726 3.0 3.0
795 85806 3.0 3.0
796 85883 3.0 3.0
797 85943 3.0 3.0
798 86012 3.0 3.0
799 86130 3.0 3.0
800 86239 3.0 3.0
801 86310 3.0 3.0
802 86405 3.0 3.0
803 86540 3.0 3.0
804 86617 3.0 3.0
805 86721 3.0 3.0
806 86800 3.0 3.0
807 86897 3.0 3.0
808 86977 3.0 3.0
809 87041 3.0 3.0
810 87136 3.0 3.0
811 87213 3.0 3.0
812 87284 3.0 3.0
813 87386 3.0 3.0
814 87461 3.0 3.0
815 87527 3.0 3.0
816 87652 3.0 3.0
817 87727 3.0 3.0
818 87810 3.0 3.0
819 87886 3.0 3.0
820 87963 3.0 3.0
821 88059 3.0 3.0
822 88173 3.0 3.0
823 88244 3.0 3.0
824 88322 3.0 3.0
825 88413 3.0 3.0
826 88487 3.0 3.0
827 88558 3.0 3.0
828 88658 3.0 3.0
829 88759 3.0 3.0
830 88819 3.0 3.0
831 88898 3.0 3.0
832 88986 3.0 3.0
833 89051 3.0 3.0
834 89132 3.0 3.0
835 89221 3.0 3.0
836 89305 3.0 3.0
837 89390 3.0 3.0
838 89471 3.0 3.0
839 89555 3.0 3.0
840 89624 3.0 3.0
841 89797 3.0 3.0
842 89873 3.0 3.0
843 89944 3.0 3.0
844 90026 3.0 3.0
845 90090 3.0 3.0
846 90185 3.0 3.0
847 90364 3.0 3.0
848 90519 3.0 3.0
849 90601 3.0 3.0
850 90682 3.0 3.0
851 90742 3.0 3.0
852 90818 3.0 3.0
853 90890 3.0 3.0
854 90998 3.0 3.0
855 91071 3.0 3.0
856 91340 3.0 3.0
857 91410 3.0 3.0
858 91481 3.0 3.0
859 91547 3.0 3.0
860 91650 3.0 3.0
861 91794 3.0 3.0
862 91869 3.0 3.0
863 92063 3.0 3.0
864 92166 3.0 3.0
865 92228 3.0 3.0
866 92304 3.0 3.0
867 92362 3.0 3.0
868 92461 3.0 3.0
869 92527 3.0 3.0
870 92606 3.0 3.0
871 92680 3.0 3.0
872 92776 3.0 3.0
873 92857 3.0 3.0
874 92938 3.0 3.0
875 93063 3.0 3.0
876 93116 3.0 3.0
877 93163 3.0 3.0
878 93252 3.0 3.0
879 93326 3.0 3.0
880 93403 3.0 3.0
881 93470 3.0 3.0
882 93539 3.0 3.0
883 93659 3.0 3.0
884 93724 3.0 3.0
885 93811 3.0 3.0
886 93878 3.0 3.0
887 93963 3.0 3.0
888 94027 3.0 3.0
889 94105 3.0 3.0
890 94170 3.0 3.0
891 94266 3.0 3.0
892 94368 3.0 3.0
893 94463 3.0 3.0
894 94539 3.0 3.0
895 94596 3.0 3.0
896 94672 3.0 3.0
897 94769 3.0 3.0
898 94835 3.0 3.0
899 94918 3.0 3.0
900 95005 3.0 3.0
901 95099 3.0 3.0
902 95169 3.0 3.0
903 95234 3.0 3.0
904 95311 3.0 3.0
905 95380 3.0 3.0
906 95456 3.0 3.0
907 95530 3.0 3.0
908 95712 3.0 3.0
909 95790 3.0 3.0
910 95856 3.0 3.0
911 95972 3.0 3.0
912 96062 3.0 3.0
913 96133 3.0 3.0
914 96243 3.0 3.0
915 96308 3.0 3.0
916 96453 3.0 3.0
917 96528 3.0 3.0
918 96598 3.0 3.0
919 96667 3.0 3.0
920 96821 3.0 3.0
921 96890 3.0 3.0
922 96975 3.0 3.0
923 97051 3.0 3.0
924 97131 3.0 3.0
925 97197 3.0 3.0
926 97261 3.0 3.0
927 97341 3.0 3.0
928 97464 3.0 3.0
929 97532 3.0 3.0
930 97618 3.0 3.0
931 97741 3.0 3.0
932 97804 3.0 3.0
933 97957 3.0 3.0
934 98083 3.0 3.0
935 98155 3.0 3.0
936 98247 3.0 3.0
937 98305 3.0 3.0
938 98370 3.0 3.0
939 98456 3.0 3.0
940 98543 3.0 3.0
941 98623 3.0 3.0
942 98696 3.0 3.0
943 98774 3.0 3.0
944 98905 3.0 3.0
945 99053 3.0 3.0
946 99126 3.0 3.0
947 99210 3.0 3.0
948 99277 3.0 3.0
949 99403 3.0 3.0
950 99480 3.0 3.0
951 99555 3.0 3.0
952 99618 3.0 3.0
953 99676 3.0 3.0
954 99739 3.0 3.0
955 99835 3.0 3.0
956 99903 3.0 3.0
957 99974 3.0 3.0
958 100193 3.0 3.0
959 100274 3.0 3.0
960 100364 3.0 3.0
961 100459 3.0 3.0
962 100536 3.0 3.0
963 100603 3.0 3.0
964 100664 3.0 3.0
965 100734 3.0 3.0
966 100800 3.0 3.0
967 100885 3.0 3.0
968 100962 3.0 3.0
969 101096 3.0 3.0
970 101182 3.0 3.0
971 101288 3.0 3.0
972 101415 3.0 3.0
973 101520 3.0 3.0
974 101619 3.0 3.0
975 101706 3.0 3.0
976 101774 3.0 3.0
977 101838 3.0 3.0
978 101909 3.0 3.0
979 101991 3.0 3.0
980 102077 3.0 3.0
981 102143 3.0 3.0
982 102234 3.0 3.0
983 102300 3.0 3.0
984 102371 3.0 3.0
985 102450 3.0 3.0
986 102540 3.0 3.0
987 102635 3.0 3.0
988 102750 3.0 3.0
989 102816 3.0 3.0
990 102892 3.0 3.0
991 102978 3.0 3.0
992 103043 3.0 3.0
993 103225 3.0 3.0
994 103306 3.0 3.0
995 103409 3.0 3.0
996 103475 3.0 3.0
997 103553 3.0 3.0
998 103618 3.0 3.0
999 103722 3.0 3.0
1000 103814 3.0 3.0
1001 103890 3.0 3.0
1002 103999 3.0 3.0
1003 104077 3.0 3.0
1004 104163 3.0 3.0
1005 104232 3.0 3.0
1006 104298 3.0 3.0
1007 104416 3.0 3.0
1008 104479 3.0 3.0
1009 104547 3.0 3.0
1010 104614 3.0 3.0
1011 104718 3.0 3.0
1012 104780 3.0 3.0
1013 104849 3.0 3.0
1014 104942 3.0 3.0
1015 105033 3.0 3.0
1016 105121 3.0 3.0
1017 105191 3.0 3.0
1018 105281 3.0 3.0
1019 105370 3.0 3.0
1020 105459 3.0 3.0
1021 105531 3.0 3.0
1022 105617 3.0 3.0
1023 105684 3.0 3.0
1024 105779 3.0 3.0
1025 105860 3.0 3.0
1026 105945 3.0 3.0
1027 106020 3.0 3.0
1028 106091 3.0 3.0
1029 106163 3.0 3.0
1030 106231 3.0 3.0
1031 106347 3.0 3.0
1032 106422 3.0 3.0
1033 106504 3.0 3.0
1034 106577 3.0 3.0
1035 106682 3.0 3.0
1036 106860 3.0 3.0
1037 106942 3.0 3.0
1038 107007 3.0 3.0
1039 107083 3.0 3.0
1040 107167 3.0 3.0
1041 107269 3.0 3.0
1042 107376 3.0 3.0
1043 107450 3.0 3.0
1044 107509 3.0 3.0
1045 107588 3.0 3.0
1046 107658 3.0 3.0
1047 107794 3.0 3.0
1048 107883 3.0 3.0
1049 107956 3.0 3.0
1050 108028 3.0 3.0
1051 108107 3.0 3.0
1052 108183 3.0 3.0
1053 108271 3.0 3.0
1054 108346 3.0 3.0
1055 108438 3.0 3.0
1056 108507 3.0 3.0
1057 108671 3.0 3.0
1058 108740 3.0 3.0
1059 108817 3.0 3.0
1060 108890 3.0 3.0
1061 109013 3.0 3.0
1062 109125 3.0 3.0
1063 109251 3.0 3.0
1064 109335 3.0 3.0
1065 109519 3.0 3.0
1066 109589 3.0 3.0
1067 109675 3.0 3.0
1068 109742 3.0 3.0
1069 109817 3.0 3.0
1070 109889 3.0 3.0
1071 110038 3.0 3.0
1072 110139 3.0 3.0
1073 110199 3.0 3.0
1074 110269 3.0 3.0
1075 110354 3.0 3.0
1076 110423 3.0 3.0
1077 110536 3.0 3.0
1078 110622 3.0 3.0
1079 110717 3.0 3.0
1080 110787 3.0 3.0
1081 110874 3.0 3.0
1082 110954 3.0 3.0
1083 111080 3.0 3.0
1084 111150 3.0 3.0
1085 111209 3.0 3.0
1086 111282 3.0 3.0
1087 111417 3.0 3.0
1088 111521 3.0 3.0
1089 111604 3.0 3.0
1090 111693 3.0 3.0
1091 111753 3.0 3.0
1092 111851 3.0 3.0
1093 111919 3.0 3.0
1094 111999 3.0 3.0
1095 112091 3.0 3.0
1096 112165 3.0 3.0
1097 112247 3.0 3.0
1098 112326 3.0 3.0
1099 112408 3.0 3.0
1100 112491 3.0 3.0
1101 112562 3.0 3.0
1102 112706 3.0 3.0
1103 112788 3.0 3.0
1104 112860 3.0 3.0
1105 112942 3.0 3.0
1106 113010 3.0 3.0
1107 113087 3.0 3.0
1108 113148 3.0 3.0
1109 113262 3.0 3.0
1110 113350 3.0 3.0
1111 113417 3.0 3.0
1112 113508 3.0 3.0
1113 113606 3.0 3.0
1114 113671 3.0 3.0
1115 113736 3.0 3.0
1116 113844 3.0 3.0
1117 113903 3.0 3.0
1118 113965 3.0 3.0
1119 114037 3.0 3.0
1120 114117 3.0 3.0
1121 114248 3.0 3.0
1122 114354 3.0 3.0
1123 114441 3.0 3.0
1124 114598 3.0 3.0
1125 114709 3.0 3.0
1126 114785 3.0 3.0
1127 114853 3.0 3.0
1128 114912 3.0 3.0
1129 114973 3.0 3.0
1130 115052 3.0 3.0
1131 115125 3.0 3.0
1132 115261 3.0 3.0
1133 115366 3.0 3.0
1134 115455 3.0 3.0
1135 115573 3.0 3.0
1136 115648 3.0 3.0
1137 115747 3.0 3.0
1138 115820 3.0 3.0
1139 115901 3.0 3.0
1140 115966 3.0 3.0
1141 116035 3.0 3.0
1142 116124 3.0 3.0
1143 116206 3.0 3.0
1144 116292 3.0 3.0
1145 116358 3.0 3.0
1146 116445 3.0 3.0
1147 116508 3.0 3.0
1148 116593 3.0 3.0
1149 116670 3.0 3.0
1150 116749 3.0 3.0
1151 116850 3.0 3.0
1152 116923 3.0 3.0
1153 117006 3.0 3.0
1154 117073 3.0 3.0
1155 117170 3.0 3.0
1156 117247 3.0 3.0
1157 117356 3.0 3.0
1158 117458 3.0 3.0
1159 117535 3.0 3.0
1160 117624 3.0 3.0
1161 117737 3.0 3.0
1162 117833 3.0 3.0
1163 117902 3.0 3.0
1164 117982 3.0 3.0
1165 118059 3.0 3.0
1166 118132 3.0 3.0
1167 118197 3.0 3.0
1168 118264 3.0 3.0
1169 118324 3.0 3.0
1170 118386 3.0 3.0
1171 118444 3.0 3.0
1172 118531 3.0 3.0
1173 118605 3.0 3.0
1174 118738 3.0 3.0
1175 118809 3.0 3.0
1176 118898 3.0 3.0
1177 118969 3.0 3.0
1178 119145 3.0 3.0
1179 119240 3.0 3.0
1180 119301 3.0 3.0
1181 119368 3.0 3.0
1182 119577 3.0 3.0
1183 119680 3.0 3.0
1184 119753 3.0 3.0
1185 119826 3.0 3.0
1186 119922 3.0 3.0
1187 120029 3.0 3.0
1188 120104 3.0 3.0
1189 120171 3.0 3.0
1190 120289 3.0 3.0
1191 120378 3.0 3.0
1192 120444 3.0 3.0
1193 120517 3.0 3.0
1194 120613 3.0 3.0
1195 120677 3.0 3.0
1196 120758 3.0 3.0
1197 120841 3.0 3.0
1198 120904 3.0 3.0
1199 120978 3.0 3.0
1200 121200 3.0 3.0
1201 121303 3.0 3.0
1202 121385 3.0 3.0
1203 121464 3.0 3.0
1204 121578 3.0 3.0
1205 121662 3.0 3.0
1206 121774 3.0 3.0
1207 121859 3.0 3.0
1208 121967 3.0 3.0
1209 122050 3.0 3.0
1210 122144 3.0 3.0
1211 122278 3.0 3.0
1212 122342 3.0 3.0
1213 122407 3.0 3.0
1214 122566 3.0 3.0
1215 122632 3.0 3.0
1216 122700 3.0 3.0
1217 122773 3.0 3.0
1218 122841 3.0 3.0
1219 122924 3.0 3.0
1220 123002 3.0 3.0
1221 123082 3.0 3.0
1222 123146 3.0 3.0
1223 123207 3.0 3.0
1224 123288 3.0 3.0
1225 123378 3.0 3.0
1226 123495 3.0 3.0
1227 123602 3.0 3.0
1228 123671 3.0 3.0
1229 123744 3.0 3.0
1230 123846 3.0 3.0
1231 123930 3.0 3.0
1232 124017 3.0 3.0
1233 124133 3.0 3.0
1234 124201 3.0 3.0
1235 124324 3.0 3.0
1236 124392 3.0 3.0
1237 124470 3.0 3.0
1238 124541 3.0 3.0
1239 124648 3.0 3.0
1240 124731 3.0 3.0
1241 124812 3.0 3.0
1242 124913 3.0 3.0
1243 124975 3.0 3.0
1244 125052 3.0 3.0
1245 125110 3.0 3.0
1246 125190 3.0 3.0
1247 125269 3.0 3.0
1248 125348 3.0 3.0
1249 125428 3.0 3.0
1250 125513 3.0 3.0
1251 125609 3.0 3.0
1252 125689 3.0 3.0
1253 125763 3.0 3.0
1254 125836 3.0 3.0
1255 125904 3.0 3.0
1256 125974 3.0 3.0
1257 126058 3.0 3.0
1258 126160 3.0 3.0
1259 126245 3.0 3.0
1260 126340 3.0 3.0
1261 126415 3.0 3.0
1262 126495 3.0 3.0
1263 126561 3.0 3.0
1264 126630 3.0 3.0
1265 126716 3.0 3.0
1266 126804 3.0 3.0
1267 126906 3.0 3.0
1268 126972 3.0 3.0
1269 127049 3.0 3.0
1270 127133 3.0 3.0
1271 127229 3.0 3.0
1272 127302 3.0 3.0
1273 127380 3.0 3.0
1274 127444 3.0 3.0
1275 127530 3.0 3.0
1276 127615 3.0 3.0
1277 127683 3.0 3.0
1278 127776 3.0 3.0
1279 127841 3.0 3.0
1280 127945 3.0 3.0
1281 128035 3.0 3.0
1282 128104 3.0 3.0
1283 128176 3.0 3.0
1284 128243 3.0 3.0
1285 128313 3.0 3.0
1286 128396 3.0 3.0
1287 128461 3.0 3.0
1288 128536 3.0 3.0
1289 128616 3.0 3.0
1290 128671 3.0 3.0
1291 128739 3.0 3.0
1292 128834 3.0 3.0
1293 129097 3.0 3.0
1294 129163 3.0 3.0
1295 129253 3.0 3.0
1296 129314 3.0 3.0
1297 129410 3.0 3.0
1298 129482 3.0 3.0
1299 129566 3.0 3.0
1300 129639 3.0 3.0
1301 129710 3.0 3.0
1302 129825 3.0 3.0
1303 129968 3.0 3.0
1304 130070 3.0 3.0
1305 130136 3.0 3.0
1306 130217 3.0 3.0
1307 130332 3.0 3.0
1308 130416 3.0 3.0
1309 130508 3.0 3.0
1310 130606 3.0 3.0
1311 130688 3.0 3.0
1312 130805 3.0 3.0
1313 130865 3.0 3.0
1314 130935 3.0 3.0
1315 131020 3.0 3.0
1316 131115 3.0 3.0
1317 131176 3.0 3.0
1318 131231 3.0 3.0
1319 131285 3.0 3.0
1320 131358 3.0 3.0
1321 131450 3.0 3.0
1322 131523 3.0 3.0
1323 131693 3.0 3.0
1324 131760 3.0 3.0
1325 131827 3.0 3.0
1326 131894 3.0 3.0
1327 131989 3.0 3.0
1328 132060 3.0 3.0
1329 132155 3.0 3.0
1330 132255 3.0 3.0
1331 132342 3.0 3.0
1332 132413 3.0 3.0
1333 132479 3.0 3.0
1334 132564 3.0 3.0
1335 132668 3.0 3.0
1336 132764 3.0 3.0
1337 132840 3.0 3.0
1338 132898 3.0 3.0
1339 132971 3.0 3.0
1340 133039 3.0 3.0
1341 133111 3.0 3.0
1342 133194 3.0 3.0
1343 133262 3.0 3.0
1344 133363 3.0 3.0
1345 133437 3.0 3.0
1346 133524 3.0 3.0
1347 133621 3.0 3.0
1348 133697 3.0 3.0
1349 133778 3.0 3.0
1350 133847 3.0 3.0
1351 133913 3.0 3.0
1352 133999 3.0 3.0
1353 134075 3.0 3.0
1354 134166 3.0 3.0
1355 134231 3.0 3.0
1356 134295 3.0 3.0
1357 134380 3.0 3.0
1358 134473 3.0 3.0
1359 134556 3.0 3.0
1360 134626 3.0 3.0
1361 134694 3.0 3.0
1362 134789 3.0 3.0
1363 134877 3.0 3.0
1364 134957 3.0 3.0
1365 135032 3.0 3.0
1366 135105 3.0 3.0
1367 135233 3.0 3.0
1368 135322 3.0 3.0
1369 135394 3.0 3.0
1370 135458 3.0 3.0
1371 135524 3.0 3.0
1372 135651 3.0 3.0
1373 135723 3.0 3.0
1374 135800 3.0 3.0
1375 135879 3.0 3.0
1376 135967 3.0 3.0
1377 136066 3.0 3.0
1378 136151 3.0 3.0
1379 136261 3.0 3.0
1380 136369 3.0 3.0
1381 136454 3.0 3.0
1382 136516 3.0 3.0
1383 136591 3.0 3.0
1384 136652 3.0 3.0
1385 136741 3.0 3.0
1386 136801 3.0 3.0
1387 136889 3.0 3.0
1388 136991 3.0 3.0
1389 137060 3.0 3.0
1390 137138 3.0 3.0
1391 137198 3.0 3.0
1392 137264 3.0 3.0
1393 137360 3.0 3.0
1394 137458 3.0 3.0
1395 137572 3.0 3.0
1396 137639 3.0 3.0
1397 137723 3.0 3.0
1398 137787 3.0 3.0
1399 137860 3.0 3.0
1400 137933 3.0 3.0
1401 138019 3.0 3.0
1402 138103 3.0 3.0
1403 138175 3.0 3.0
1404 138255 3.0 3.0
1405 138330 3.0 3.0
1406 138573 3.0 3.0
1407 138662 3.0 3.0
1408 138734 3.0 3.0
1409 138818 3.0 3.0
1410 138891 3.0 3.0
1411 138964 3.0 3.0
1412 139029 3.0 3.0
1413 139109 3.0 3.0
1414 139172 3.0 3.0
1415 139260 3.0 3.0
1416 139358 3.0 3.0
1417 139416 3.0 3.0
1418 139481 3.0 3.0
1419 139607 3.0 3.0
1420 139677 3.0 3.0
1421 139757 3.0 3.0
1422 139842 3.0 3.0
1423 139917 3.0 3.0
1424 140065 3.0 3.0
1425 140154 3.0 3.0
1426 140234 3.0 3.0
1427 140292 3.0 3.0
1428 140401 3.0 3.0
1429 140474 3.0 3.0
1430 140587 3.0 3.0
1431 140665 3.0 3.0
1432 140748 3.0 3.0
1433 140845 3.0 3.0
1434 140916 3.0 3.0
1435 140985 3.0 3.0
1436 141143 3.0 3.0
1437 141220 3.0 3.0
1438 141296 3.0 3.0
1439 141378 3.0 3.0
1440 141454 3.0 3.0
1441 141554 3.0 3.0
1442 141756 3.0 3.0
1443 141827 3.0 3.0
1444 141900 3.0 3.0
1445 141966 3.0 3.0
1446 142041 3.0 3.0
1447 142117 3.0 3.0
1448 142182 3.0 3.0
1449 142248 3.0 3.0
1450 142305 3.0 3.0
1451 142390 3.0 3.0
1452 142635 3.0 3.0
1453 142709 3.0 3.0
1454 142776 3.0 3.0
1455 142873 3.0 3.0
1456 142992 3.0 3.0
1457 143069 3.0 3.0
1458 143186 3.0 3.0
1459 143290 3.0 3.0
1460 143367 3.0 3.0
1461 143441 3.0 3.0
1462 143502 3.0 3.0
1463 143635 3.0 3.0
1464 143722 3.0 3.0
1465 143811 3.0 3.0
1466 143888 3.0 3.0
1467 143969 3.0 3.0
1468 144046 3.0 3.0
1469 144146 3.0 3.0
1470 144213 3.0 3.0
1471 144309 3.0 3.0
1472 144388 3.0 3.0
1473 144472 3.0 3.0
1474 144568 3.0 3.0
1475 144632 3.0 3.0
1476 144709 3.0 3.0
1477 144782 3.0 3.0
1478 144867 3.0 3.0
1479 144955 3.0 3.0
1480 145023 3.0 3.0
1481 145078 3.0 3.0
1482 145155 3.0 3.0
1483 145290 3.0 3.0
1484 145368 3.0 3.0
1485 145439 3.0 3.0
1486 145605 3.0 3.0
1487 145671 3.0 3.0
1488 145744 3.0 3.0
1489 145814 3.0 3.0
1490 145886 3.0 3.0
1491 145960 3.0 3.0
1492 146027 3.0 3.0
1493 146085 3.0 3.0
1494 146156 3.0 3.0
1495 146217 3.0 3.0
1496 146298 3.0 3.0
1497 146378 3.0 3.0
1498 146440 3.0 3.0
1499 146515 3.0 3.0
1500 146614 3.0 3.0
1501 146723 3.0 3.0
1502 146783 3.0 3.0
1503 146845 3.0 3.0
1504 146905 3.0 3.0
1505 146994 3.0 3.0
1506 147119 3.0 3.0
1507 147188 3.0 3.0
1508 147274 3.0 3.0
1509 147341 3.0 3.0
1510 147432 3.0 3.0
1511 147495 3.0 3.0
1512 147556 3.0 3.0
1513 147629 3.0 3.0
1514 147706 3.0 3.0
1515 147776 3.0 3.0
1516 147866 3.0 3.0
1517 147925 3.0 3.0
1518 147993 3.0 3.0
1519 148096 3.0 3.0
1520 148158 3.0 3.0
1521 148220 3.0 3.0
1522 148302 3.0 3.0
1523 148406 3.0 3.0
1524 148474 3.0 3.0
1525 148555 3.0 3.0
1526 148623 3.0 3.0
1527 148691 3.0 3.0
1528 148762 3.0 3.0
1529 148830 3.0 3.0
1530 148901 3.0 3.0
1531 148957 3.0 3.0
1532 149026 3.0 3.0
1533 149096 3.0 3.0
1534 149173 3.0 3.0
1535 149246 3.0 3.0
1536 149335 3.0 3.0
1537 149420 3.0 3.0
1538 149501 3.0 3.0
1539 149570 3.0 3.0
1540 149663 3.0 3.0
1541 149731 3.0 3.0
1542 149817 3.0 3.0
1543 149881 3.0 3.0
1544 149950 3.0 3.0
1545 150020 3.0 3.0
1546 150107 3.0 3.0
1547 150187 3.0 3.0
1548 150283 3.0 3.0
1549 150360 3.0 3.0
1550 150430 3.0 3.0
1551 150502 3.0 3.0
1552 150562 3.0 3.0
1553 150659 3.0 3.0
1554 150720 3.0 3.0
1555 150881 3.0 3.0
1556 150953 3.0 3.0
1557 151011 3.0 3.0
1558 151098 3.0 3.0
1559 151199 3.0 3.0
1560 151292 3.0 3.0
1561 151380 3.0 3.0
1562 151453 3.0 3.0
1563 151528 3.0 3.0
1564 151602 3.0 3.0
1565 151675 3.0 3.0
1566 151739 3.0 3.0
1567 151814 3.0 3.0
1568 151879 3.0 3.0
1569 151936 3.0 3.0
1570 152006 3.0 3.0
1571 152117 3.0 3.0
1572 152189 3.0 3.0
1573 152282 3.0 3.0
1574 152360 3.0 3.0
1575 152419 3.0 3.0
1576 152474 3.0 3.0
1577 152526 3.0 3.0
1578 152585 3.0 3.0
1579 152654 3.0 3.0
1580 152737 3.0 3.0
1581 152824 3.0 3.0
1582 152894 3.0 3.0
1583 152964 3.0 3.0
1584 153031 3.0 3.0
1585 153116 3.0 3.0
1586 153245 3.0 3.0
1587 153326 3.0 3.0
1588 153413 3.0 3.0
1589 153570 3.0 3.0
1590 153659 3.0 3.0
1591 153723 3.0 3.0
1592 153787 3.0 3.0
1593 153849 3.0 3.0
1594 153937 3.0 3.0
1595 154014 3.0 3.0
1596 154101 3.0 3.0
1597 154174 3.0 3.0
1598 154249 3.0 3.0
1599 154338 3.0 3.0
1600 154434 3.0 3.0
1601 154532 3.0 3.0
1602 154607 3.0 3.0
1603 154669 3.0 3.0
1604 154754 3.0 3.0
1605 154828 3.0 3.0
1606 154914 3.0 3.0
1607 155023 3.0 3.0
1608 155096 3.0 3.0
1609 155208 3.0 3.0
1610 155293 3.0 3.0
1611 155372 3.0 3.0
1612 155447 3.0 3.0
1613 155513 3.0 3.0
1614 155581 3.0 3.0
1615 155647 3.0 3.0
1616 155734 3.0 3.0
1617 155816 3.0 3.0
1618 155924 3.0 3.0
1619 155994 3.0 3.0
1620 156060 3.0 3.0
1621 156195 3.0 3.0
1622 156261 3.0 3.0
1623 156326 3.0 3.0
1624 156476 3.0 3.0
1625 156554 3.0 3.0
1626 156618 3.0 3.0
1627 156697 3.0 3.0
1628 156766 3.0 3.0
1629 156850 3.0 3.0
1630 156907 3.0 3.0
1631 156988 3.0 3.0
1632 157061 3.0 3.0
1633 157131 3.0 3.0
1634 157242 3.0 3.0
1635 157318 3.0 3.0
1636 157372 3.0 3.0
1637 157464 3.0 3.0
1638 157545 3.0 3.0
1639 157627 3.0 3.0
1640 157699 3.0 3.0
1641 157770 3.0 3.0
1642 157851 3.0 3.0
1643 157924 3.0 3.0
1644 158012 3.0 3.0
1645 158093 3.0 3.0
1646 158158 3.0 3.0
1647 158235 3.0 3.0
1648 158304 3.0 3.0
1649 158361 3.0 3.0
1650 158446 3.0 3.0
1651 158507 3.0 3.0
1652 158582 3.0 3.0
1653 158659 3.0 3.0
1654 158754 3.0 3.0
1655 158868 3.0 3.0
1656 158959 3.0 3.0
1657 159024 3.0 3.0
1658 159095 3.0 3.0
1659 159161 3.0 3.0
1660 159224 3.0 3.0
1661 159294 3.0 3.0
1662 159398 3.0 3.0
1663 159505 3.0 3.0
1664 159601 3.0 3.0
1665 159667 3.0 3.0
1666 159728 3.0 3.0
1667 159820 3.0 3.0
1668 159890 3.0 3.0
1669 159952 3.0 3.0
1670 160034 3.0 3.0
1671 160116 3.0 3.0
1672 160179 3.0 3.0
1673 160244 3.0 3.0
1674 160313 3.0 3.0
1675 160404 3.0 3.0
1676 160468 3.0 3.0
1677 160543 3.0 3.0
1678 160689 3.0 3.0
1679 160769 3.0 3.0
1680 160854 3.0 3.0
1681 160960 3.0 3.0
1682 161051 3.0 3.0
1683 161135 3.0 3.0
1684 161202 3.0 3.0
1685 161271 3.0 3.0
1686 161342 3.0 3.0
1687 161424 3.0 3.0
1688 161498 3.0 3.0
1689 161570 3.0 3.0
1690 161661 3.0 3.0
1691 161748 3.0 3.0
1692 161821 3.0 3.0
1693 161893 3.0 3.0
1694 161984 3.0 3.0
1695 162066 3.0 3.0
1696 162153 3.0 3.0
1697 162215 3.0 3.0
1698 162286 3.0 3.0
1699 162386 3.0 3.0
1700 162493 3.0 3.0
1701 162566 3.0 3.0
1702 162630 3.0 3.0
1703 162736 3.0 3.0
1704 162815 3.0 3.0
1705 162906 3.0 3.0
1706 162980 3.0 3.0
1707 163034 3.0 3.0
1708 163111 3.0 3.0
1709 163187 3.0 3.0
1710 163256 3.0 3.0
1711 163326 3.0 3.0
1712 163391 3.0 3.0
1713 163474 3.0 3.0
1714 163562 3.0 3.0
1715 163640 3.0 3.0
1716 163714 3.0 3.0
1717 163784 3.0 3.0
1718 163877 3.0 3.0
1719 163982 3.0 3.0
1720 164060 3.0 3.0
1721 164202 3.0 3.0
1722 164327 3.0 3.0
1723 164396 3.0 3.0
1724 164476 3.0 3.0
1725 164573 3.0 3.0
1726 164671 3.0 3.0
1727 164751 3.0 3.0
1728 164822 3.0 3.0
1729 164882 3.0 3.0
1730 164953 3.0 3.0
1731 165028 3.0 3.0
1732 165100 3.0 3.0
1733 165166 3.0 3.0
1734 165236 3.0 3.0
1735 165314 3.0 3.0
1736 165397 3.0 3.0
1737 165482 3.0 3.0
1738 165549 3.0 3.0
1739 165656 3.0 3.0
1740 165712 3.0 3.0
1741 165763 3.0 3.0
1742 165873 3.0 3.0
1743 165938 3.0 3.0
1744 166068 3.0 3.0
1745 166142 3.0 3.0
1746 166220 3.0 3.0
1747 166312 3.0 3.0
1748 166435 3.0 3.0
1749 166512 3.0 3.0
1750 166589 3.0 3.0
1751 166671 3.0 3.0
1752 166766 3.0 3.0
1753 166835 3.0 3.0
1754 166910 3.0 3.0
1755 166964 3.0 3.0
1756 167105 3.0 3.0
1757 167167 3.0 3.0
1758 167242 3.0 3.0
1759 167368 3.0 3.0
1760 167482 3.0 3.0
1761 167560 3.0 3.0
1762 167655 3.0 3.0
1763 167730 3.0 3.0
1764 167799 3.0 3.0
1765 167911 3.0 3.0
1766 168008 3.0 3.0
1767 168082 3.0 3.0
1768 168173 3.0 3.0
1769 168241 3.0 3.0
1770 168320 3.0 3.0
1771 168385 3.0 3.0
1772 168458 3.0 3.0
1773 168516 3.0 3.0
1774 168631 3.0 3.0
1775 168693 3.0 3.0
1776 168767 3.0 3.0
1777 168859 3.0 3.0
1778 168940 3.0 3.0
1779 169012 3.0 3.0
1780 169085 3.0 3.0
1781 169167 3.0 3.0
1782 169237 3.0 3.0
1783 169295 3.0 3.0
1784 169355 3.0 3.0
1785 169412 3.0 3.0
1786 169501 3.0 3.0
1787 169600 3.0 3.0
1788 169686 3.0 3.0
1789 169767 3.0 3.0
1790 169828 3.0 3.0
1791 169882 3.0 3.0
1792 170021 3.0 3.0
1793 170117 3.0 3.0
1794 170208 3.0 3.0
1795 170289 3.0 3.0
1796 170367 3.0 3.0
1797 170438 3.0 3.0
1798 170512 3.0 3.0
1799 170582 3.0 3.0
1800 170675 3.0 3.0
1801 170750 3.0 3.0
1802 170828 3.0 3.0
1803 170900 3.0 3.0
1804 170963 3.0 3.0
1805 171017 3.0 3.0
1806 171156 3.0 3.0
1807 171233 3.0 3.0
1808 171329 3.0 3.0
1809 171402 3.0 3.0
1810 171469 3.0 3.0
1811 171543 3.0 3.0
1812 171615 3.0 3.0
1813 171691 3.0 3.0
1814 171780 3.0 3.0
1815 171859 3.0 3.0
1816 171940 3.0 3.0
1817 172005 3.0 3.0
1818 172072 3.0 3.0
1819 172148 3.0 3.0
1820 172228 3.0 3.0
1821 172299 3.0 3.0
1822 172369 3.0 3.0
1823 172445 3.0 3.0
1824 172582 3.0 3.0
1825 172650 3.0 3.0
1826 172714 3.0 3.0
1827 172795 3.0 3.0
1828 172940 3.0 3.0
1829 173009 3.0 3.0
1830 173078 3.0 3.0
1831 173156 3.0 3.0
1832 173281 3.0 3.0
1833 173357 3.0 3.0
1834 173426 3.0 3.0
1835 173482 3.0 3.0
1836 173576 3.0 3.0
1837 173658 3.0 3.0
1838 173825 3.0 3.0
1839 173897 3.0 3.0
1840 173958 3.0 3.0
1841 174052 3.0 3.0
1842 174131 3.0 3.0
1843 174220 3.0 3.0
1844 174288 3.0 3.0
1845 174525 3.0 3.0
1846 174591 3.0 3.0
1847 174680 3.0 3.0
1848 174757 3.0 3.0
1849 174834 3.0 3.0
1850 174900 3.0 3.0
1851 174989 3.0 3.0
1852 175074 3.0 3.0
1853 175155 3.0 3.0
1854 175210 3.0 3.0
1855 175287 3.0 3.0
1856 175359 3.0 3.0
1857 175444 3.0 3.0
1858 175512 3.0 3.0
1859 175601 3.0 3.0
1860 175688 3.0 3.0
1861 175763 3.0 3.0
1862 175849 3.0 3.0
1863 175927 3.0 3.0
1864 176000 3.0 3.0
1865 176076 3.0 3.0
1866 176147 3.0 3.0
1867 176233 3.0 3.0
1868 176323 3.0 3.0
1869 176399 3.0 3.0
1870 176461 3.0 3.0
1871 176553 3.0 3.0
1872 176643 3.0 3.0
1873 176721 3.0 3.0
1874 176792 3.0 3.0
1875 176882 3.0 3.0
1876 176952 3.0 3.0
1877 177024 3.0 3.0
1878 177090 3.0 3.0
1879 177152 3.0 3.0
1880 177257 3.0 3.0
1881 177369 3.0 3.0
1882 177441 3.0 3.0
1883 177517 3.0 3.0
1884 177600 3.0 3.0
1885 177663 3.0 3.0
1886 177737 3.0 3.0
1887 177833 3.0 3.0
1888 177908 3.0 3.0
1889 177972 3.0 3.0
1890 178046 3.0 3.0
1891 178127 3.0 3.0
1892 178199 3.0 3.0
1893 178277 3.0 3.0
1894 178358 3.0 3.0
1895 178457 3.0 3.0
1896 178533 3.0 3.0
1897 178607 3.0 3.0
1898 178680 3.0 3.0
1899 178786 3.0 3.0
1900 178860 3.0 3.0
1901 178945 3.0 3.0
1902 179023 3.0 3.0
1903 179098 3.0 3.0
1904 179172 3.0 3.0
1905 179238 3.0 3.0
1906 179314 3.0 3.0
1907 179431 3.0 3.0
1908 179497 3.0 3.0
1909 179613 3.0 3.0
1910 179695 3.0 3.0
1911 179774 3.0 3.0
1912 179876 3.0 3.0
1913 180028 3.0 3.0
1914 180102 3.0 3.0
1915 180177 3.0 3.0
1916 180339 3.0 3.0
1917 180399 3.0 3.0
1918 180481 3.0 3.0
1919 180580 3.0 3.0
1920 180658 3.0 3.0
1921 180731 3.0 3.0
1922 180827 3.0 3.0
1923 180891 3.0 3.0
1924 180940 3.0 3.0
1925 181010 3.0 3.0
1926 181082 3.0 3.0
1927 181168 3.0 3.0
1928 181267 3.0 3.0
1929 181338 3.0 3.0
1930 181425 3.0 3.0
1931 181487 3.0 3.0
1932 181576 3.0 3.0
1933 181680 3.0 3.0
1934 181756 3.0 3.0
1935 181829 3.0 3.0
1936 181909 3.0 3.0
1937 182020 3.0 3.0
1938 182089 3.0 3.0
1939 182186 3.0 3.0
1940 182271 3.0 3.0
1941 182354 3.0 3.0
1942 182422 3.0 3.0
1943 182499 3.0 3.0
1944 182574 3.0 3.0
1945 182647 3.0 3.0
1946 182712 3.0 3.0
1947 182800 3.0 3.0
1948 182879 3.0 3.0
1949 182954 3.0 3.0
1950 183026 3.0 3.0
1951 183105 3.0 3.0
1952 183196 3.0 3.0
1953 183270 3.0 3.0
1954 183358 3.0 3.0
1955 183427 3.0 3.0
1956 183500 3.0 3.0
1957 183608 3.0 3.0
1958 183687 3.0 3.0
1959 183776 3.0 3.0
1960 183860 3.0 3.0
1961 183942 3.0 3.0
1962 184013 3.0 3.0
1963 184096 3.0 3.0
1964 184173 3.0 3.0
1965 184238 3.0 3.0
1966 184319 3.0 3.0
1967 184375 3.0 3.0
1968 184467 3.0 3.0
1969 184552 3.0 3.0
1970 184634 3.0 3.0
1971 184711 3.0 3.0
1972 184797 3.0 3.0
1973 184943 3.0 3.0
1974 185033 3.0 3.0
1975 185117 3.0 3.0
1976 185216 3.0 3.0
1977 185290 3.0 3.0
1978 185374 3.0 3.0
1979 185464 3.0 3.0
1980 185530 3.0 3.0
1981 185608 3.0 3.0
1982 185684 3.0 3.0
1983 185751 3.0 3.0
1984 185818 3.0 3.0
1985 185884 3.0 3.0
1986 185985 3.0 3.0
1987 186058 3.0 3.0
1988 186132 3.0 3.0
1989 186230 3.0 3.0
1990 186314 3.0 3.0
1991 186499 3.0 3.0
1992 186590 3.0 3.0
1993 186683 3.0 3.0
1994 186745 3.0 3.0
1995 186840 3.0 3.0
1996 186919 3.0 3.0
1997 186998 3.0 3.0
1998 187079 3.0 3.0
1999 187152 3.0 3.0
2000 187239 3.0 3.0
2001 187300 3.0 3.0
2002 187404 3.0 3.0
2003 187474 3.0 3.0
2004 187547 3.0 3.0
2005 187636 3.0 3.0
2006 187701 3.0 3.0
2007 187784 3.0 3.0
2008 187879 3.0 3.0
2009 187936 3.0 3.0
2010 188043 3.0 3.0
2011 188103 3.0 3.0
2012 188184 3.0 3.0
2013 188276 3.0 3.0
2014 188356 3.0 3.0
2015 188422 3.0 3.0
2016 188527 3.0 3.0
2017 188610 3.0 3.0
2018 188742 3.0 3.0
2019 188832 3.0 3.0
2020 188891 3.0 3.0
2021 188992 3.0 3.0
2022 189090 3.0 3.0
2023 189175 3.0 3.0
2024 189347 3.0 3.0
2025 189420 3.0 3.0
2026 189493 3.0 3.0
2027 189557 3.0 3.0
2028 189638 3.0 3.0
2029 189707 3.0 3.0
2030 189788 3.0 3.0
2031 189866 3.0 3.0
2032 189929 3.0 3.0
2033 190140 3.0 3.0
2034 190216 3.0 3.0
2035 190280 3.0 3.0
2036 190353 3.0 3.0
2037 190423 3.0 3.0
2038 190502 3.0 3.0
2039 190573 3.0 3.0
2040 190660 3.0 3.0
2041 190720 3.0 3.0
2042 190776 3.0 3.0
2043 190860 3.0 3.0
2044 191023 3.0 3.0
2045 191135 3.0 3.0
2046 191239 3.0 3.0
2047 191305 3.0 3.0
2048 191366 3.0 3.0
2049 191476 3.0 3.0
2050 191530 3.0 3.0
2051 191600 3.0 3.0
2052 191665 3.0 3.0
2053 191730 3.0 3.0
2054 191799 3.0 3.0
2055 191868 3.0 3.0
2056 192007 3.0 3.0
2057 192087 3.0 3.0
2058 192157 3.0 3.0
2059 192220 3.0 3.0
2060 192279 3.0 3.0
2061 192407 3.0 3.0
2062 192476 3.0 3.0
2063 192554 3.0 3.0
2064 192626 3.0 3.0
2065 192711 3.0 3.0
2066 192790 3.0 3.0
2067 192862 3.0 3.0
2068 192920 3.0 3.0
2069 193118 3.0 3.0
2070 193246 3.0 3.0
2071 193331 3.0 3.0
2072 193430 3.0 3.0
2073 193516 3.0 3.0
2074 193603 3.0 3.0
2075 193671 3.0 3.0
2076 193758 3.0 3.0
2077 193835 3.0 3.0
2078 193935 3.0 3.0
2079 194023 3.0 3.0
2080 194089 3.0 3.0
2081 194167 3.0 3.0
2082 194242 3.0 3.0
2083 194319 3.0 3.0
2084 194378 3.0 3.0
2085 194442 3.0 3.0
2086 194509 3.0 3.0
2087 194627 3.0 3.0
2088 194694 3.0 3.0
2089 194767 3.0 3.0
2090 194857 3.0 3.0
2091 195059 3.0 3.0
2092 195141 3.0 3.0
2093 195214 3.0 3.0
2094 195303 3.0 3.0
2095 195391 3.0 3.0
2096 195504 3.0 3.0
2097 195576 3.0 3.0
2098 195703 3.0 3.0
2099 195827 3.0 3.0
2100 195901 3.0 3.0
2101 196015 3.0 3.0
2102 196079 3.0 3.0
2103 196192 3.0 3.0
2104 196265 3.0 3.0
2105 196335 3.0 3.0
2106 196412 3.0 3.0
2107 196493 3.0 3.0
2108 196575 3.0 3.0
2109 196636 3.0 3.0
2110 196693 3.0 3.0
2111 196769 3.0 3.0
2112 196827 3.0 3.0
2113 196896 3.0 3.0
2114 196971 3.0 3.0
2115 197060 3.0 3.0
2116 197133 3.0 3.0
2117 197211 3.0 3.0
2118 197300 3.0 3.0
2119 197377 3.0 3.0
2120 197438 3.0 3.0
2121 197512 3.0 3.0
2122 197581 3.0 3.0
2123 197671 3.0 3.0
2124 197733 3.0 3.0
2125 197811 3.0 3.0
2126 197893 3.0 3.0
2127 197972 3.0 3.0
2128 198065 3.0 3.0
2129 198148 3.0 3.0
2130 198213 3.0 3.0
2131 198269 3.0 3.0
2132 198334 3.0 3.0
2133 198415 3.0 3.0
2134 198480 3.0 3.0
2135 198554 3.0 3.0
2136 198630 3.0 3.0
2137 198704 3.0 3.0
2138 198773 3.0 3.0
2139 198837 3.0 3.0
2140 198901 3.0 3.0
2141 198965 3.0 3.0
2142 199034 3.0 3.0
2143 199138 3.0 3.0
2144 199226 3.0 3.0
2145 199293 3.0 3.0
2146 199365 3.0 3.0
2147 199453 3.0 3.0
2148 199539 3.0 3.0
2149 199654 3.0 3.0
2150 199723 3.0 3.0
2151 199815 3.0 3.0
2152 199915 3.0 3.0
2153 199997 3.0 3.0
2154 200077 3.0 3.0
2155 200150 3.0 3.0
2156 200235 3.0 3.0
2157 200311 3.0 3.0
2158 200382 3.0 3.0
2159 200479 3.0 3.0
2160 200569 3.0 3.0
2161 200663 3.0 3.0
2162 200742 3.0 3.0
2163 200811 3.0 3.0
2164 200905 3.0 3.0
2165 200969 3.0 3.0
2166 201048 3.0 3.0
2167 201128 3.0 3.0
2168 201194 3.0 3.0
2169 201260 3.0 3.0
2170 201327 3.0 3.0
2171 201401 3.0 3.0
2172 201452 3.0 3.0
2173 201524 3.0 3.0
2174 201609 3.0 3.0
2175 201757 3.0 3.0
2176 201917 3.0 3.0
2177 201979 3.0 3.0
2178 202041 3.0 3.0
2179 202121 3.0 3.0
2180 202210 3.0 3.0
2181 202285 3.0 3.0
2182 202354 3.0 3.0
2183 202468 3.0 3.0
2184 202580 3.0 3.0
2185 202637 3.0 3.0
2186 202713 3.0 3.0
2187 202770 3.0 3.0
2188 202836 3.0 3.0
2189 202923 3.0 3.0
2190 203012 3.0 3.0
2191 203084 3.0 3.0
2192 203156 3.0 3.0
2193 203218 3.0 3.0
2194 203290 3.0 3.0
2195 203390 3.0 3.0
2196 203467 3.0 3.0
2197 203540 3.0 3.0
2198 203659 3.0 3.0
2199 203716 3.0 3.0
2200 203784 3.0 3.0
2201 203927 3.0 3.0
2202 203995 3.0 3.0
2203 204056 3.0 3.0
2204 204124 3.0 3.0
2205 204210 3.0 3.0
2206 204283 3.0 3.0
2207 204356 3.0 3.0
2208 204427 3.0 3.0
2209 204488 3.0 3.0
2210 204549 3.0 3.0
2211 204608 3.0 3.0
2212 204677 3.0 3.0
2213 204761 3.0 3.0
2214 204843 3.0 3.0
2215 205032 3.0 3.0
2216 205106 3.0 3.0
2217 205162 3.0 3.0
2218 205240 3.0 3.0
2219 205314 3.0 3.0
2220 205519 3.0 3.0
2221 205583 3.0 3.0
2222 205667 3.0 3.0
2223 205739 3.0 3.0
2224 205821 3.0 3.0
2225 205889 3.0 3.0
2226 206027 3.0 3.0
2227 206171 3.0 3.0
2228 206236 3.0 3.0
2229 206352 3.0 3.0
2230 206408 3.0 3.0
2231 206708 2.0 2.99
2232 206775 3.0 2.99
2233 206866 3.0 2.99
2234 206990 3.0 2.99
2235 207063 3.0 2.99
2236 207160 3.0 2.99
2237 207220 3.0 2.99
2238 207283 3.0 2.99
2239 207342 3.0 2.99
2240 207441 3.0 2.99
2241 207519 3.0 2.99
2242 207582 3.0 2.99
2243 207661 3.0 2.99
2244 207741 3.0 2.99
2245 207844 3.0 2.99
2246 207913 3.0 2.99
2247 207985 3.0 2.99
2248 208059 3.0 2.99
2249 208142 3.0 2.99
2250 208214 3.0 2.99
2251 208284 3.0 2.99
2252 208358 3.0 2.99
2253 208433 3.0 2.99
2254 208517 3.0 2.99
2255 208583 3.0 2.99
2256 208657 3.0 2.99
2257 208733 3.0 2.99
2258 208801 3.0 2.99
2259 208890 3.0 2.99
2260 209022 3.0 2.99
2261 209118 3.0 2.99
2262 209196 3.0 2.99
2263 209303 3.0 2.99
2264 209381 3.0 2.99
2265 209509 3.0 2.99
2266 209596 3.0 2.99
2267 209663 3.0 2.99
2268 209750 3.0 2.99
2269 209806 3.0 2.99
2270 209876 3.0 2.99
2271 209947 3.0 2.99
2272 210055 3.0 2.99
2273 210127 3.0 2.99
2274 210203 3.0 2.99
2275 210274 3.0 2.99
2276 210353 3.0 2.99
2277 210480 3.0 2.99
2278 210553 3.0 2.99
2279 210620 3.0 2.99
2280 210690 3.0 2.99
2281 210763 3.0 2.99
2282 210875 3.0 2.99
2283 210977 3.0 2.99
2284 211037 3.0 2.99
2285 211111 3.0 2.99
2286 211171 3.0 2.99
2287 211248 3.0 2.99
2288 211313 3.0 2.99
2289 211408 3.0 2.99
2290 211493 3.0 2.99
2291 211589 3.0 2.99
2292 211677 3.0 2.99
2293 211733 3.0 2.99
2294 211825 3.0 2.99
2295 211940 3.0 2.99
2296 212005 3.0 2.99
2297 212059 3.0 2.99
2298 212154 3.0 2.99
2299 212229 3.0 2.99
2300 212302 3.0 2.99
2301 212377 3.0 2.99
2302 212454 3.0 2.99
2303 212525 3.0 2.99
2304 212600 3.0 2.99
2305 212658 3.0 2.99
2306 212745 3.0 2.99
2307 212848 3.0 2.99
2308 212924 3.0 2.99
2309 213015 3.0 2.99
2310 213082 3.0 2.99
2311 213145 3.0 2.99
2312 213245 3.0 2.99
2313 213303 3.0 2.99
2314 213381 3.0 2.99
2315 213438 3.0 2.99
2316 213509 3.0 2.99
2317 213624 3.0 2.99
2318 213704 3.0 2.99
2319 213858 3.0 2.99
2320 213929 3.0 2.99
2321 214002 3.0 2.99
2322 214069 3.0 2.99
2323 214126 3.0 2.99
2324 214195 3.0 2.99
2325 214292 3.0 2.99
2326 214358 3.0 2.99
2327 214514 3.0 2.99
2328 214595 3.0 2.99
2329 214678 3.0 2.99
2330 214735 3.0 2.99
2331 214807 3.0 3.0
2332 214889 3.0 3.0
2333 214981 3.0 3.0
2334 215058 3.0 3.0
2335 215183 3.0 3.0
2336 215276 3.0 3.0
2337 215335 3.0 3.0
2338 215400 3.0 3.0
2339 215461 3.0 3.0
2340 215523 3.0 3.0
2341 215612 3.0 3.0
2342 215701 3.0 3.0
2343 215815 3.0 3.0
2344 215908 3.0 3.0
2345 215976 3.0 3.0
2346 216081 3.0 3.0
2347 216353 3.0 3.0
2348 216421 3.0 3.0
2349 216494 3.0 3.0
2350 216572 3.0 3.0
2351 216643 3.0 3.0
2352 216838 3.0 3.0
2353 216923 3.0 3.0
2354 216988 3.0 3.0
2355 217068 3.0 3.0
2356 217142 3.0 3.0
2357 217207 3.0 3.0
2358 217268 3.0 3.0
2359 217357 3.0 3.0
2360 217432 3.0 3.0
2361 217503 3.0 3.0
2362 217582 3.0 3.0
2363 217656 3.0 3.0
2364 217730 3.0 3.0
2365 217839 3.0 3.0
2366 217908 3.0 3.0
2367 218023 3.0 3.0
2368 218099 3.0 3.0
2369 218196 3.0 3.0
2370 218268 3.0 3.0
2371 218344 3.0 3.0
2372 218433 3.0 3.0
2373 218516 3.0 3.0
2374 218592 3.0 3.0
2375 218682 3.0 3.0
2376 218837 3.0 3.0
2377 218918 3.0 3.0
2378 218980 3.0 3.0
2379 219045 3.0 3.0
2380 219115 3.0 3.0
2381 219247 3.0 3.0
2382 219328 3.0 3.0
2383 219409 3.0 3.0
2384 219487 3.0 3.0
2385 219574 3.0 3.0
2386 219638 3.0 3.0
2387 219702 3.0 3.0
2388 219778 3.0 3.0
2389 219878 3.0 3.0
2390 219946 3.0 3.0
2391 220074 3.0 3.0
2392 220130 3.0 3.0
2393 220201 3.0 3.0
2394 220263 3.0 3.0
2395 220357 3.0 3.0
2396 220429 3.0 3.0
2397 220490 3.0 3.0
2398 220549 3.0 3.0
2399 220615 3.0 3.0
2400 220689 3.0 3.0
2401 220748 3.0 3.0
2402 220828 3.0 3.0
2403 220903 3.0 3.0
2404 221104 3.0 3.0
2405 221174 3.0 3.0
2406 221253 3.0 3.0
2407 221328 3.0 3.0
2408 221402 3.0 3.0
2409 221464 3.0 3.0
2410 221541 3.0 3.0
2411 221648 3.0 3.0
2412 221736 3.0 3.0
2413 221809 3.0 3.0
2414 221879 3.0 3.0
2415 221970 3.0 3.0
2416 222076 3.0 3.0
2417 222127 3.0 3.0
2418 222195 3.0 3.0
2419 222253 3.0 3.0
2420 222334 3.0 3.0
2421 222396 3.0 3.0
2422 222458 3.0 3.0
2423 222522 3.0 3.0
2424 222629 3.0 3.0
2425 222710 3.0 3.0
2426 222794 3.0 3.0
2427 222899 3.0 3.0
2428 222959 3.0 3.0
2429 223028 3.0 3.0
2430 223105 3.0 3.0
2431 223170 3.0 3.0
2432 223304 3.0 3.0
2433 223388 3.0 3.0
2434 223462 3.0 3.0
2435 223534 3.0 3.0
2436 223618 3.0 3.0
2437 223707 3.0 3.0
2438 223789 3.0 3.0
2439 223883 3.0 3.0
2440 223965 3.0 3.0
2441 224035 3.0 3.0
2442 224100 3.0 3.0
2443 224166 3.0 3.0
2444 224232 3.0 3.0
2445 224321 3.0 3.0
2446 224412 3.0 3.0
2447 224475 3.0 3.0
2448 224536 3.0 3.0
2449 224613 3.0 3.0
2450 224709 3.0 3.0
2451 224790 3.0 3.0
2452 224865 3.0 3.0
2453 224963 3.0 3.0
2454 225043 3.0 3.0
2455 225122 3.0 3.0
2456 225187 3.0 3.0
2457 225254 3.0 3.0
2458 225344 3.0 3.0
2459 225401 3.0 3.0
2460 225480 3.0 3.0
2461 225558 3.0 3.0
2462 225633 3.0 3.0
2463 225700 3.0 3.0
2464 225759 3.0 3.0
2465 225826 3.0 3.0
2466 225914 3.0 3.0
2467 225986 3.0 3.0
2468 226051 3.0 3.0
2469 226136 3.0 3.0
2470 226204 3.0 3.0
2471 226285 3.0 3.0
2472 226517 3.0 3.0
2473 226589 3.0 3.0
2474 226658 3.0 3.0
2475 226737 3.0 3.0
2476 226810 3.0 3.0
2477 226909 3.0 3.0
2478 227000 3.0 3.0
2479 227069 3.0 3.0
2480 227147 3.0 3.0
2481 227226 3.0 3.0
2482 227294 3.0 3.0
2483 227459 3.0 3.0
2484 227524 3.0 3.0
2485 227596 3.0 3.0
2486 227656 3.0 3.0
2487 227729 3.0 3.0
2488 227796 3.0 3.0
2489 227856 3.0 3.0
2490 227933 3.0 3.0
2491 227996 3.0 3.0
2492 228075 3.0 3.0
2493 228134 3.0 3.0
2494 228203 3.0 3.0
2495 228261 3.0 3.0
2496 228367 3.0 3.0
2497 228441 3.0 3.0
2498 228523 3.0 3.0
2499 228596 3.0 3.0
2500 228688 3.0 3.0
2501 228757 3.0 3.0
2502 228841 3.0 3.0
2503 228935 3.0 3.0
2504 229028 3.0 3.0
2505 229105 3.0 3.0
2506 229207 3.0 3.0
2507 229279 3.0 3.0
2508 229354 3.0 3.0
2509 229419 3.0 3.0
2510 229489 3.0 3.0
2511 229554 3.0 3.0
2512 229671 3.0 3.0
2513 229741 3.0 3.0
2514 229817 3.0 3.0
2515 229877 3.0 3.0
2516 229955 3.0 3.0
2517 230024 3.0 3.0
2518 230090 3.0 3.0
2519 230162 3.0 3.0
2520 230221 3.0 3.0
2521 230308 3.0 3.0
2522 230369 3.0 3.0
2523 230442 3.0 3.0
2524 230604 3.0 3.0
2525 230691 3.0 3.0
2526 230754 3.0 3.0
2527 230835 3.0 3.0
2528 230903 3.0 3.0
2529 230995 3.0 3.0
2530 231080 3.0 3.0
2531 231154 3.0 3.0
2532 231252 3.0 3.0
2533 231320 3.0 3.0
2534 231385 3.0 3.0
2535 231446 3.0 3.0
2536 231518 3.0 3.0
2537 231610 3.0 3.0
2538 231680 3.0 3.0
2539 231742 3.0 3.0
2540 231834 3.0 3.0
2541 231900 3.0 3.0
2542 231993 3.0 3.0
2543 232069 3.0 3.0
2544 232134 3.0 3.0
2545 232291 3.0 3.0
2546 232384 3.0 3.0
2547 232465 3.0 3.0
2548 232673 3.0 3.0
2549 232739 3.0 3.0
2550 232807 3.0 3.0
2551 232902 3.0 3.0
2552 232975 3.0 3.0
2553 233062 3.0 3.0
2554 233119 3.0 3.0
2555 233180 3.0 3.0
2556 233240 3.0 3.0
2557 233311 3.0 3.0
2558 233399 3.0 3.0
2559 233481 3.0 3.0
2560 233544 3.0 3.0
2561 233653 3.0 3.0
2562 233710 3.0 3.0
2563 233777 3.0 3.0
2564 233850 3.0 3.0
2565 233933 3.0 3.0
2566 234040 3.0 3.0
2567 234110 3.0 3.0
2568 234185 3.0 3.0
2569 234243 3.0 3.0
2570 234323 3.0 3.0
2571 234412 3.0 3.0
2572 234488 3.0 3.0
2573 234564 3.0 3.0
2574 234651 3.0 3.0
2575 234721 3.0 3.0
2576 234782 3.0 3.0
2577 234867 3.0 3.0
2578 234932 3.0 3.0
2579 235097 3.0 3.0
2580 235174 3.0 3.0
2581 235251 3.0 3.0
2582 235324 3.0 3.0
2583 235390 3.0 3.0
2584 235467 3.0 3.0
2585 235688 3.0 3.0
2586 235750 3.0 3.0
2587 235917 3.0 3.0
2588 235972 3.0 3.0
2589 236142 3.0 3.0
2590 236234 3.0 3.0
2591 236302 3.0 3.0
2592 236394 3.0 3.0
2593 236472 3.0 3.0
2594 236539 3.0 3.0
2595 236601 3.0 3.0
2596 236666 3.0 3.0
2597 236729 3.0 3.0
2598 236788 3.0 3.0
2599 236868 3.0 3.0
2600 236934 3.0 3.0
2601 237023 3.0 3.0
2602 237086 3.0 3.0
2603 237154 3.0 3.0
2604 237244 3.0 3.0
2605 237312 3.0 3.0
2606 237381 3.0 3.0
2607 237469 3.0 3.0
2608 237528 3.0 3.0
2609 237604 3.0 3.0
2610 237665 3.0 3.0
2611 237763 3.0 3.0
2612 237864 3.0 3.0
2613 237936 3.0 3.0
2614 238005 3.0 3.0
2615 238084 3.0 3.0
2616 238155 3.0 3.0
2617 238228 3.0 3.0
2618 238302 3.0 3.0
2619 238382 3.0 3.0
2620 238467 3.0 3.0
2621 238539 3.0 3.0
2622 238653 3.0 3.0
2623 238717 3.0 3.0
2624 238816 3.0 3.0
2625 238894 3.0 3.0
2626 238961 3.0 3.0
2627 239045 3.0 3.0
2628 239123 3.0 3.0
2629 239204 3.0 3.0
2630 239441 3.0 3.0
2631 239599 3.0 3.0
2632 239670 3.0 3.0
2633 239739 3.0 3.0
2634 239805 3.0 3.0
2635 239870 3.0 3.0
2636 239947 3.0 3.0
2637 240007 3.0 3.0
2638 240074 3.0 3.0
2639 240136 3.0 3.0
2640 240217 3.0 3.0
2641 240297 3.0 3.0
2642 240395 3.0 3.0
2643 240474 3.0 3.0
2644 240563 3.0 3.0
2645 240630 3.0 3.0
2646 240811 3.0 3.0
2647 241003 3.0 3.0
2648 241085 3.0 3.0
2649 241150 3.0 3.0
2650 241213 3.0 3.0
2651 241291 3.0 3.0
2652 241373 3.0 3.0
2653 241443 3.0 3.0
2654 241502 3.0 3.0
2655 241582 3.0 3.0
2656 241659 3.0 3.0
2657 241743 3.0 3.0
2658 241804 3.0 3.0
2659 241864 3.0 3.0
2660 241944 3.0 3.0
2661 242034 3.0 3.0
2662 242165 3.0 3.0
2663 242213 3.0 3.0
2664 242275 3.0 3.0
2665 242332 3.0 3.0
2666 242429 3.0 3.0
2667 242496 3.0 3.0
2668 242575 3.0 3.0
2669 242633 3.0 3.0
2670 242693 3.0 3.0
2671 242813 3.0 3.0
2672 242878 3.0 3.0
2673 242986 3.0 3.0
2674 243069 3.0 3.0
2675 243160 3.0 3.0
2676 243235 3.0 3.0
2677 243330 3.0 3.0
2678 243421 3.0 3.0
2679 243500 3.0 3.0
2680 243645 3.0 3.0
2681 243735 3.0 3.0
2682 243828 3.0 3.0
2683 243888 3.0 3.0
2684 243971 3.0 3.0
2685 244035 3.0 3.0
2686 244102 3.0 3.0
2687 244184 3.0 3.0
2688 244269 3.0 3.0
2689 244351 3.0 3.0
2690 244419 3.0 3.0
2691 244498 3.0 3.0
2692 244586 3.0 3.0
2693 244662 3.0 3.0
2694 244796 3.0 3.0
2695 244878 3.0 3.0
2696 244963 3.0 3.0
2697 245045 3.0 3.0
2698 245110 3.0 3.0
2699 245206 3.0 3.0
2700 245273 3.0 3.0
2701 245346 3.0 3.0
2702 245439 3.0 3.0
2703 245509 3.0 3.0
2704 245581 3.0 3.0
2705 245653 3.0 3.0
2706 245725 3.0 3.0
2707 245802 3.0 3.0
2708 245883 3.0 3.0
2709 245952 3.0 3.0
2710 246022 3.0 3.0
2711 246108 3.0 3.0
2712 246171 3.0 3.0
2713 246241 3.0 3.0
2714 246315 3.0 3.0
2715 246406 3.0 3.0
2716 246475 3.0 3.0
2717 246557 3.0 3.0
2718 246618 3.0 3.0
2719 246686 3.0 3.0
2720 246771 3.0 3.0
2721 246853 3.0 3.0
2722 246928 3.0 3.0
2723 247000 3.0 3.0
2724 247081 3.0 3.0
2725 247147 3.0 3.0
2726 247202 3.0 3.0
2727 247259 3.0 3.0
2728 247389 3.0 3.0
2729 247463 3.0 3.0
2730 247532 3.0 3.0
2731 247594 3.0 3.0
2732 247661 3.0 3.0
2733 247724 3.0 3.0
2734 247785 3.0 3.0
2735 247882 3.0 3.0
2736 247943 3.0 3.0
2737 248008 3.0 3.0
2738 248076 3.0 3.0
2739 248171 3.0 3.0
2740 248239 3.0 3.0
2741 248327 3.0 3.0
2742 248388 3.0 3.0
2743 248457 3.0 3.0
2744 248534 3.0 3.0
2745 248612 3.0 3.0
2746 248698 3.0 3.0
2747 248776 3.0 3.0
2748 248865 3.0 3.0
2749 248942 3.0 3.0
2750 249023 3.0 3.0
2751 249218 3.0 3.0
2752 249297 3.0 3.0
2753 249477 3.0 3.0
2754 249554 3.0 3.0
2755 249636 3.0 3.0
2756 249713 3.0 3.0
2757 249777 3.0 3.0
2758 249843 3.0 3.0
2759 249904 3.0 3.0
2760 249990 3.0 3.0
2761 250077 3.0 3.0
2762 250195 3.0 3.0
2763 250256 3.0 3.0
2764 250347 3.0 3.0
2765 250422 3.0 3.0
2766 250478 3.0 3.0
2767 250594 3.0 3.0
2768 250648 3.0 3.0
2769 250724 3.0 3.0
2770 250796 3.0 3.0
2771 250870 3.0 3.0
2772 250932 3.0 3.0
2773 251009 3.0 3.0
2774 251115 3.0 3.0
2775 251218 3.0 3.0
2776 251293 3.0 3.0
2777 251397 3.0 3.0
2778 251467 3.0 3.0
2779 251535 3.0 3.0
2780 251602 3.0 3.0
2781 251673 3.0 3.0
2782 251746 3.0 3.0
2783 251812 3.0 3.0
2784 251886 3.0 3.0
2785 251958 3.0 3.0
2786 252023 3.0 3.0
2787 252095 3.0 3.0
2788 252169 3.0 3.0
2789 252261 3.0 3.0
2790 252321 3.0 3.0
2791 252388 3.0 3.0
2792 252477 3.0 3.0
2793 252543 3.0 3.0
2794 252603 3.0 3.0
2795 252689 3.0 3.0
2796 252759 3.0 3.0
2797 252825 3.0 3.0
2798 252896 3.0 3.0
2799 252966 3.0 3.0
2800 253061 3.0 3.0
2801 253133 3.0 3.0
2802 253204 3.0 3.0
2803 253269 3.0 3.0
2804 253351 3.0 3.0
2805 253424 3.0 3.0
2806 253510 3.0 3.0
2807 253594 3.0 3.0
2808 253661 3.0 3.0
2809 253759 3.0 3.0
2810 253835 3.0 3.0
2811 253906 3.0 3.0
2812 253986 3.0 3.0
2813 254073 3.0 3.0
2814 254141 3.0 3.0
2815 254212 3.0 3.0
2816 254343 3.0 3.0
2817 254456 3.0 3.0
2818 254536 3.0 3.0
2819 254613 3.0 3.0
2820 254679 3.0 3.0
2821 254768 3.0 3.0
2822 254907 3.0 3.0
2823 254975 3.0 3.0
2824 255037 3.0 3.0
2825 255113 3.0 3.0
2826 255175 3.0 3.0
2827 255239 3.0 3.0
2828 255304 3.0 3.0
2829 255365 3.0 3.0
2830 255446 3.0 3.0
2831 255513 3.0 3.0
2832 255579 3.0 3.0
2833 255659 3.0 3.0
2834 255749 3.0 3.0
2835 255828 3.0 3.0
2836 255908 3.0 3.0
2837 255979 3.0 3.0
2838 256134 3.0 3.0
2839 256236 3.0 3.0
2840 256341 3.0 3.0
2841 256408 3.0 3.0
2842 256475 3.0 3.0
2843 256554 3.0 3.0
2844 256640 3.0 3.0
2845 256722 3.0 3.0
2846 256803 3.0 3.0
2847 256869 3.0 3.0
2848 256944 3.0 3.0
2849 257027 3.0 3.0
2850 257091 3.0 3.0
2851 257149 3.0 3.0
2852 257257 3.0 3.0
2853 257344 3.0 3.0
2854 257418 3.0 3.0
2855 257514 3.0 3.0
2856 257588 3.0 3.0
2857 257646 3.0 3.0
2858 257757 3.0 3.0
2859 257822 3.0 3.0
2860 257894 3.0 3.0
2861 257962 3.0 3.0
2862 258033 3.0 3.0
2863 258092 3.0 3.0
2864 258168 3.0 3.0
2865 258234 3.0 3.0
2866 258317 3.0 3.0
2867 258403 3.0 3.0
2868 258472 3.0 3.0
2869 258527 3.0 3.0
2870 258592 3.0 3.0
2871 258679 3.0 3.0
2872 258768 3.0 3.0
2873 258847 3.0 3.0
2874 258922 3.0 3.0
2875 258993 3.0 3.0
2876 259063 3.0 3.0
2877 259195 3.0 3.0
2878 259291 3.0 3.0
2879 259372 3.0 3.0
2880 259459 3.0 3.0
2881 259528 3.0 3.0
2882 259598 3.0 3.0
2883 259683 3.0 3.0
2884 259766 3.0 3.0
2885 259835 3.0 3.0
2886 259951 3.0 3.0
2887 260028 3.0 3.0
2888 260105 3.0 3.0
2889 260163 3.0 3.0
2890 260225 3.0 3.0
2891 260331 3.0 3.0
2892 260401 3.0 3.0
2893 260491 3.0 3.0
2894 260546 3.0 3.0
2895 260630 3.0 3.0
2896 260708 3.0 3.0
2897 260774 3.0 3.0
2898 260851 3.0 3.0
2899 260906 3.0 3.0
2900 260979 3.0 3.0
2901 261049 3.0 3.0
2902 261115 3.0 3.0
2903 261192 3.0 3.0
2904 261274 3.0 3.0
2905 261359 3.0 3.0
2906 261435 3.0 3.0
2907 261588 3.0 3.0
2908 261659 3.0 3.0
2909 261735 3.0 3.0
2910 261811 3.0 3.0
2911 261883 3.0 3.0
2912 261951 3.0 3.0
2913 262053 3.0 3.0
2914 262139 3.0 3.0
2915 262215 3.0 3.0
2916 262285 3.0 3.0
2917 262384 3.0 3.0
2918 262450 3.0 3.0
2919 262532 3.0 3.0
2920 262606 3.0 3.0
2921 262679 3.0 3.0
2922 262757 3.0 3.0
2923 262813 3.0 3.0
2924 262898 3.0 3.0
2925 262973 3.0 3.0
2926 263059 3.0 3.0
2927 263116 3.0 3.0
2928 263194 3.0 3.0
2929 263274 3.0 3.0
2930 263359 3.0 3.0
2931 263441 3.0 3.0
2932 263517 3.0 3.0
2933 263591 3.0 3.0
2934 263670 3.0 3.0
2935 263774 3.0 3.0
2936 263855 3.0 3.0
2937 263906 3.0 3.0
2938 263976 3.0 3.0
2939 264042 3.0 3.0
2940 264114 3.0 3.0
2941 264367 3.0 3.0
2942 264426 3.0 3.0
2943 264499 3.0 3.0
2944 264567 3.0 3.0
2945 264630 3.0 3.0
2946 264733 3.0 3.0
2947 264810 3.0 3.0
2948 264875 3.0 3.0
2949 264964 3.0 3.0
2950 265044 3.0 3.0
2951 265122 3.0 3.0
2952 265194 3.0 3.0
2953 265268 3.0 3.0
2954 265336 3.0 3.0
2955 265403 3.0 3.0
2956 265468 3.0 3.0
2957 265538 3.0 3.0
2958 265632 3.0 3.0
2959 265687 3.0 3.0
2960 265757 3.0 3.0
2961 265827 3.0 3.0
2962 265907 3.0 3.0
2963 265982 3.0 3.0
2964 266176 3.0 3.0
2965 266249 3.0 3.0
2966 266328 3.0 3.0
2967 266421 3.0 3.0
2968 266498 3.0 3.0
2969 266572 3.0 3.0
2970 266658 3.0 3.0
2971 266726 3.0 3.0
2972 266790 3.0 3.0
2973 266868 3.0 3.0
2974 266938 3.0 3.0
2975 267020 3.0 3.0
2976 267101 3.0 3.0
2977 267165 3.0 3.0
2978 267225 3.0 3.0
2979 267351 3.0 3.0
2980 267428 3.0 3.0
2981 267494 3.0 3.0
2982 267575 3.0 3.0
2983 267646 3.0 3.0
2984 267701 3.0 3.0
2985 267774 3.0 3.0
2986 267893 3.0 3.0
2987 267959 3.0 3.0
2988 268045 3.0 3.0
2989 268112 3.0 3.0
2990 268197 3.0 3.0
2991 268256 3.0 3.0
2992 268318 3.0 3.0
2993 268404 3.0 3.0
2994 268510 3.0 3.0
2995 268569 3.0 3.0
2996 268634 3.0 3.0
2997 268701 3.0 3.0
2998 268775 3.0 3.0
2999 268844 3.0 3.0
3000 268910 3.0 3.0
3001 269059 3.0 3.0
3002 269149 3.0 3.0
3003 269247 3.0 3.0
3004 269324 3.0 3.0
3005 269454 3.0 3.0
3006 269516 3.0 3.0
3007 269610 3.0 3.0
3008 269684 3.0 3.0
3009 269737 3.0 3.0
3010 269811 3.0 3.0
3011 269867 3.0 3.0
3012 269937 3.0 3.0
3013 269999 3.0 3.0
3014 270075 3.0 3.0
3015 270144 3.0 3.0
3016 270216 3.0 3.0
3017 270280 3.0 3.0
3018 270352 3.0 3.0
3019 270473 3.0 3.0
3020 270549 3.0 3.0
3021 270626 3.0 3.0
3022 270678 3.0 3.0
3023 270760 3.0 3.0
3024 270834 3.0 3.0
3025 270898 3.0 3.0
3026 270970 3.0 3.0
3027 271063 3.0 3.0
3028 271148 3.0 3.0
3029 271224 3.0 3.0
3030 271301 3.0 3.0
3031 271381 3.0 3.0
3032 271463 3.0 3.0
3033 271579 3.0 3.0
3034 271639 3.0 3.0
3035 271710 3.0 3.0
3036 271808 3.0 3.0
3037 271881 3.0 3.0
3038 271943 3.0 3.0
3039 272018 3.0 3.0
3040 272081 3.0 3.0
3041 272165 3.0 3.0
3042 272239 3.0 3.0
3043 272313 3.0 3.0
3044 272471 3.0 3.0
3045 272535 3.0 3.0
3046 272597 3.0 3.0
3047 272662 3.0 3.0
3048 272730 3.0 3.0
3049 272789 3.0 3.0
3050 272855 3.0 3.0
3051 272939 3.0 3.0
3052 273009 3.0 3.0
3053 273106 3.0 3.0
3054 273176 3.0 3.0
3055 273262 3.0 3.0
3056 273378 3.0 3.0
3057 273432 3.0 3.0
3058 273489 3.0 3.0
3059 273543 3.0 3.0
3060 273613 3.0 3.0
3061 273672 3.0 3.0
3062 273737 3.0 3.0
3063 273793 3.0 3.0
3064 273862 3.0 3.0
3065 273928 3.0 3.0
3066 274007 3.0 3.0
3067 274090 3.0 3.0
3068 274163 3.0 3.0
3069 274225 3.0 3.0
3070 274300 3.0 3.0
3071 274376 3.0 3.0
3072 274440 3.0 3.0
3073 274525 3.0 3.0
3074 274593 3.0 3.0
3075 274662 3.0 3.0
3076 274735 3.0 3.0
3077 274808 3.0 3.0
3078 274866 3.0 3.0
3079 274937 3.0 3.0
3080 275023 3.0 3.0
3081 275100 3.0 3.0
3082 275163 3.0 3.0
3083 275230 3.0 3.0
3084 275317 3.0 3.0
3085 275394 3.0 3.0
3086 275557 3.0 3.0
3087 275644 3.0 3.0
3088 275713 3.0 3.0
3089 275783 3.0 3.0
3090 275859 3.0 3.0
3091 275994 3.0 3.0
3092 276072 3.0 3.0
3093 276152 3.0 3.0
3094 276228 3.0 3.0
3095 276297 3.0 3.0
3096 276365 3.0 3.0
3097 276430 3.0 3.0
3098 276516 3.0 3.0
3099 276623 3.0 3.0
3100 276693 3.0 3.0
3101 276762 3.0 3.0
3102 276832 3.0 3.0
3103 276904 3.0 3.0
3104 276965 3.0 3.0
3105 277029 3.0 3.0
3106 277101 3.0 3.0
3107 277167 3.0 3.0
3108 277238 3.0 3.0
3109 277338 3.0 3.0
3110 277432 3.0 3.0
3111 277495 3.0 3.0
3112 277603 3.0 3.0
3113 277710 3.0 3.0
3114 277792 3.0 3.0
3115 277963 3.0 3.0
3116 278059 3.0 3.0
3117 278132 3.0 3.0
3118 278219 3.0 3.0
3119 278330 3.0 3.0
3120 278403 3.0 3.0
3121 278464 3.0 3.0
3122 278533 3.0 3.0
3123 278627 3.0 3.0
3124 278707 3.0 3.0
3125 278796 3.0 3.0
3126 278874 3.0 3.0
3127 278939 3.0 3.0
3128 279034 3.0 3.0
3129 279098 3.0 3.0
3130 279175 3.0 3.0
3131 279252 3.0 3.0
3132 279327 3.0 3.0
3133 279423 3.0 3.0
3134 279574 3.0 3.0
3135 279630 3.0 3.0
3136 279704 3.0 3.0
3137 279798 3.0 3.0
3138 279869 3.0 3.0
3139 279963 3.0 3.0
3140 280032 3.0 3.0
3141 280087 3.0 3.0
3142 280161 3.0 3.0
3143 280220 3.0 3.0
3144 280283 3.0 3.0
3145 280357 3.0 3.0
3146 280440 3.0 3.0
3147 280513 3.0 3.0
3148 280586 3.0 3.0
3149 280648 3.0 3.0
3150 280723 3.0 3.0
3151 280815 3.0 3.0
3152 280889 3.0 3.0
3153 280954 3.0 3.0
3154 281029 3.0 3.0
3155 281118 3.0 3.0
3156 281198 3.0 3.0
3157 281270 3.0 3.0
3158 281350 3.0 3.0
3159 281406 3.0 3.0
3160 281473 3.0 3.0
3161 281559 3.0 3.0
3162 281642 3.0 3.0
3163 281730 3.0 3.0
3164 281837 3.0 3.0
3165 281916 3.0 3.0
3166 281985 3.0 3.0
3167 282057 3.0 3.0
3168 282122 3.0 3.0
3169 282216 3.0 3.0
3170 282285 3.0 3.0
3171 282350 3.0 3.0
3172 282461 3.0 3.0
3173 282598 3.0 3.0
3174 282670 3.0 3.0
3175 282748 3.0 3.0
3176 282819 3.0 3.0
3177 282904 3.0 3.0
3178 282979 3.0 3.0
3179 283035 3.0 3.0
3180 283109 3.0 3.0
3181 283185 3.0 3.0
3182 283317 3.0 3.0
3183 283379 3.0 3.0
3184 283473 3.0 3.0
3185 283558 3.0 3.0
3186 283627 3.0 3.0
3187 283705 3.0 3.0
3188 283785 3.0 3.0
3189 283855 3.0 3.0
3190 283916 3.0 3.0
3191 284008 3.0 3.0
3192 284078 3.0 3.0
3193 284150 3.0 3.0
3194 284255 3.0 3.0
3195 284328 3.0 3.0
3196 284395 3.0 3.0
3197 284492 3.0 3.0
3198 284570 3.0 3.0
3199 284646 3.0 3.0
3200 284716 3.0 3.0
3201 284776 3.0 3.0
3202 284832 3.0 3.0
3203 284901 3.0 3.0
3204 284978 3.0 3.0
3205 285035 3.0 3.0
3206 285120 3.0 3.0
3207 285205 3.0 3.0
3208 285287 3.0 3.0
3209 285376 3.0 3.0
3210 285455 3.0 3.0
3211 285522 3.0 3.0
3212 285595 3.0 3.0
3213 285667 3.0 3.0
3214 285725 3.0 3.0
3215 285799 3.0 3.0
3216 285865 3.0 3.0
3217 285958 3.0 3.0
3218 286051 3.0 3.0
3219 286115 3.0 3.0
3220 286186 3.0 3.0
3221 286250 3.0 3.0
3222 286319 3.0 3.0
3223 286412 3.0 3.0
3224 286490 3.0 3.0
3225 286560 3.0 3.0
3226 286634 3.0 3.0
3227 286710 3.0 3.0
3228 286841 3.0 3.0
3229 286916 3.0 3.0
3230 286996 3.0 3.0
3231 287204 3.0 3.0
3232 287290 3.0 3.0
3233 287348 3.0 3.0
3234 287435 3.0 3.0
3235 287505 3.0 3.0
3236 287563 3.0 3.0
3237 287627 3.0 3.0
3238 287716 3.0 3.0
3239 287787 3.0 3.0
3240 287860 3.0 3.0
3241 287927 3.0 3.0
3242 288005 3.0 3.0
3243 288092 3.0 3.0
3244 288160 3.0 3.0
3245 288230 3.0 3.0
3246 288323 3.0 3.0
3247 288391 3.0 3.0
3248 288451 3.0 3.0
3249 288536 3.0 3.0
3250 288595 3.0 3.0
3251 288664 3.0 3.0
3252 288733 3.0 3.0
3253 288815 3.0 3.0
3254 288972 3.0 3.0
3255 289034 3.0 3.0
3256 289105 3.0 3.0
3257 289186 3.0 3.0
3258 289249 3.0 3.0
3259 289321 3.0 3.0
3260 289393 3.0 3.0
3261 289482 3.0 3.0
3262 289579 3.0 3.0
3263 289653 3.0 3.0
3264 289721 3.0 3.0
3265 289823 3.0 3.0
3266 289885 3.0 3.0
3267 289944 3.0 3.0
3268 290015 3.0 3.0
3269 290092 3.0 3.0
3270 290163 3.0 3.0
3271 290230 3.0 3.0
3272 290329 3.0 3.0
3273 290401 3.0 3.0
3274 290472 3.0 3.0
3275 290539 3.0 3.0
3276 290629 3.0 3.0
3277 290702 3.0 3.0
3278 290766 3.0 3.0
3279 290829 3.0 3.0
3280 290908 3.0 3.0
3281 290981 3.0 3.0
3282 291069 3.0 3.0
3283 291126 3.0 3.0
3284 291201 3.0 3.0
3285 291283 3.0 3.0
3286 291402 3.0 3.0
3287 291472 3.0 3.0
3288 291585 3.0 3.0
3289 291663 3.0 3.0
3290 291725 3.0 3.0
3291 291787 3.0 3.0
3292 291882 3.0 3.0
3293 291949 3.0 3.0
3294 292022 3.0 3.0
3295 292090 3.0 3.0
3296 292150 3.0 3.0
3297 292221 3.0 3.0
3298 292292 3.0 3.0
3299 292404 3.0 3.0
3300 292527 3.0 3.0
3301 292625 3.0 3.0
3302 292694 3.0 3.0
3303 292756 3.0 3.0
3304 292839 3.0 3.0
3305 292959 3.0 3.0
3306 293030 3.0 3.0
3307 293185 3.0 3.0
3308 293245 3.0 3.0
3309 293326 3.0 3.0
3310 293385 3.0 3.0
3311 293452 3.0 3.0
3312 293539 3.0 3.0
3313 293704 3.0 3.0
3314 293784 3.0 3.0
3315 293848 3.0 3.0
3316 293925 3.0 3.0
3317 293989 3.0 3.0
3318 294053 3.0 3.0
3319 294124 3.0 3.0
3320 294192 3.0 3.0
3321 294260 3.0 3.0
3322 294348 3.0 3.0
3323 294421 3.0 3.0
3324 294492 3.0 3.0
3325 294573 3.0 3.0
3326 294655 3.0 3.0
3327 294732 3.0 3.0
3328 294814 3.0 3.0
3329 294884 3.0 3.0
3330 294964 3.0 3.0
3331 295053 3.0 3.0
3332 295114 3.0 3.0
3333 295187 3.0 3.0
3334 295274 3.0 3.0
3335 295343 3.0 3.0
3336 295415 3.0 3.0
3337 295473 3.0 3.0
3338 295537 3.0 3.0
3339 295632 3.0 3.0
3340 295756 3.0 3.0
3341 295858 3.0 3.0
3342 295927 3.0 3.0
3343 296004 3.0 3.0
3344 296069 3.0 3.0
3345 296127 3.0 3.0
3346 296214 3.0 3.0
3347 296274 3.0 3.0
3348 296348 3.0 3.0
3349 296416 3.0 3.0
3350 296490 3.0 3.0
3351 296579 3.0 3.0
3352 296647 3.0 3.0
3353 296708 3.0 3.0
3354 296768 3.0 3.0
3355 296854 3.0 3.0
3356 296922 3.0 3.0
3357 296995 3.0 3.0
3358 297067 3.0 3.0
3359 297171 3.0 3.0
3360 297229 3.0 3.0
3361 297303 3.0 3.0
3362 297371 3.0 3.0
3363 297446 3.0 3.0
3364 297503 3.0 3.0
3365 297570 3.0 3.0
3366 297631 3.0 3.0
3367 297785 3.0 3.0
3368 297854 3.0 3.0
3369 297930 3.0 3.0
3370 298021 3.0 3.0
3371 298106 3.0 3.0
3372 298180 3.0 3.0
3373 298240 3.0 3.0
3374 298316 3.0 3.0
3375 298385 3.0 3.0
3376 298466 3.0 3.0
3377 298548 3.0 3.0
3378 298655 3.0 3.0
3379 298778 3.0 3.0
3380 298847 3.0 3.0
3381 298905 3.0 3.0
3382 298971 3.0 3.0
3383 299045 3.0 3.0
3384 299146 3.0 3.0
3385 299211 3.0 3.0
3386 299277 3.0 3.0
3387 299339 3.0 3.0
3388 299459 3.0 3.0
3389 299543 3.0 3.0
3390 299626 3.0 3.0
3391 299827 3.0 3.0
3392 299915 3.0 3.0
3393 299994 3.0 3.0
3394 300074 3.0 3.0
3395 300146 3.0 3.0
3396 300218 3.0 3.0
3397 300299 3.0 3.0
3398 300376 3.0 3.0
3399 300462 3.0 3.0
3400 300539 3.0 3.0
3401 300601 3.0 3.0
3402 300668 3.0 3.0
3403 300747 3.0 3.0
3404 300825 3.0 3.0
3405 300893 3.0 3.0
3406 300959 3.0 3.0
3407 301073 3.0 3.0
3408 301147 3.0 3.0
3409 301217 3.0 3.0
3410 301275 3.0 3.0
3411 301352 3.0 3.0
3412 301432 3.0 3.0
3413 301495 3.0 3.0
3414 301574 3.0 3.0
3415 301637 3.0 3.0
3416 301721 3.0 3.0
3417 301791 3.0 3.0
3418 301865 3.0 3.0
3419 301966 3.0 3.0
3420 302026 3.0 3.0
3421 302105 3.0 3.0
3422 302196 3.0 3.0
3423 302258 3.0 3.0
3424 302386 3.0 3.0
3425 302464 3.0 3.0
3426 302527 3.0 3.0
3427 302593 3.0 3.0
3428 302686 3.0 3.0
3429 302758 3.0 3.0
3430 302835 3.0 3.0
3431 302923 3.0 3.0
3432 302986 3.0 3.0
3433 303055 3.0 3.0
3434 303122 3.0 3.0
3435 303199 3.0 3.0
3436 303277 3.0 3.0
3437 303351 3.0 3.0
3438 303436 3.0 3.0
3439 303514 3.0 3.0
3440 303581 3.0 3.0
3441 303675 3.0 3.0
3442 303753 3.0 3.0
3443 303830 3.0 3.0
3444 303993 3.0 3.0
3445 304061 3.0 3.0
3446 304127 3.0 3.0
3447 304193 3.0 3.0
3448 304286 3.0 3.0
3449 304418 3.0 3.0
3450 304486 3.0 3.0
3451 304561 3.0 3.0
3452 304633 3.0 3.0
3453 304723 3.0 3.0
3454 304782 3.0 3.0
3455 304858 3.0 3.0
3456 304954 3.0 3.0
3457 305025 3.0 3.0
3458 305104 3.0 3.0
3459 305177 3.0 3.0
3460 305240 3.0 3.0
3461 305306 3.0 3.0
3462 305375 3.0 3.0
3463 305446 3.0 3.0
3464 305542 3.0 3.0
3465 305600 3.0 3.0
3466 305668 3.0 3.0
3467 305770 3.0 3.0
3468 305829 3.0 3.0
3469 305907 3.0 3.0
3470 305982 3.0 3.0
3471 306042 3.0 3.0
3472 306119 3.0 3.0
3473 306172 3.0 3.0
3474 306257 3.0 3.0
3475 306328 3.0 3.0
3476 306422 3.0 3.0
3477 306500 3.0 3.0
3478 306572 3.0 3.0
3479 306648 3.0 3.0
3480 306729 3.0 3.0
3481 306795 3.0 3.0
3482 306864 3.0 3.0
3483 306971 3.0 3.0
3484 307049 3.0 3.0
3485 307105 3.0 3.0
3486 307182 3.0 3.0
3487 307250 3.0 3.0
3488 307313 3.0 3.0
3489 307381 3.0 3.0
3490 307445 3.0 3.0
3491 307510 3.0 3.0
3492 307591 3.0 3.0
3493 307669 3.0 3.0
3494 307742 3.0 3.0
3495 307811 3.0 3.0
3496 307897 3.0 3.0
3497 307969 3.0 3.0
3498 308045 3.0 3.0
3499 308132 3.0 3.0
3500 308200 3.0 3.0
3501 308289 3.0 3.0
3502 308354 3.0 3.0
3503 308424 3.0 3.0
3504 308513 3.0 3.0
3505 308580 3.0 3.0
3506 308655 3.0 3.0
3507 308796 3.0 3.0
3508 308861 3.0 3.0
3509 308937 3.0 3.0
3510 309014 3.0 3.0
3511 309082 3.0 3.0
3512 309171 3.0 3.0
3513 309244 3.0 3.0
3514 309305 3.0 3.0
3515 309374 3.0 3.0
3516 309473 3.0 3.0
3517 309538 3.0 3.0
3518 309607 3.0 3.0
3519 309667 3.0 3.0
3520 309739 3.0 3.0
3521 309810 3.0 3.0
3522 309872 3.0 3.0
3523 309932 3.0 3.0
3524 310000 3.0 3.0
3525 310080 3.0 3.0
3526 310152 3.0 3.0
3527 310234 3.0 3.0
3528 310298 3.0 3.0
3529 310377 3.0 3.0
3530 310446 3.0 3.0
3531 310516 3.0 3.0
3532 310578 3.0 3.0
3533 310650 3.0 3.0
3534 310716 3.0 3.0
3535 310776 3.0 3.0
3536 310856 3.0 3.0
3537 311116 3.0 3.0
3538 311187 3.0 3.0
3539 311278 3.0 3.0
3540 311353 3.0 3.0
3541 311452 3.0 3.0
3542 311529 3.0 3.0
3543 311585 3.0 3.0
3544 311685 3.0 3.0
3545 311759 3.0 3.0
3546 311856 3.0 3.0
3547 311922 3.0 3.0
3548 311995 3.0 3.0
3549 312067 3.0 3.0
3550 312122 3.0 3.0
3551 312219 3.0 3.0
3552 312293 3.0 3.0
3553 312368 3.0 3.0
3554 312430 3.0 3.0
3555 312513 3.0 3.0
3556 312578 3.0 3.0
3557 312639 3.0 3.0
3558 312830 3.0 3.0
3559 312922 3.0 3.0
3560 312991 3.0 3.0
3561 313061 3.0 3.0
3562 313135 3.0 3.0
3563 313195 3.0 3.0
3564 313263 3.0 3.0
3565 313339 3.0 3.0
3566 313430 3.0 3.0
3567 313522 3.0 3.0
3568 313583 3.0 3.0
3569 313666 3.0 3.0
3570 313766 3.0 3.0
3571 313846 3.0 3.0
3572 313918 3.0 3.0
3573 313974 3.0 3.0
3574 314042 3.0 3.0
3575 314121 3.0 3.0
3576 314184 3.0 3.0
3577 314257 3.0 3.0
3578 314347 3.0 3.0
3579 314439 3.0 3.0
3580 314515 3.0 3.0
3581 314592 3.0 3.0
3582 314660 3.0 3.0
3583 314729 3.0 3.0
3584 314797 3.0 3.0
3585 314902 3.0 3.0
3586 314973 3.0 3.0
3587 315066 3.0 3.0
3588 315127 3.0 3.0
3589 315194 3.0 3.0
3590 315274 3.0 3.0
3591 315347 3.0 3.0
3592 315422 3.0 3.0
3593 315517 3.0 3.0
3594 315583 3.0 3.0
3595 315655 3.0 3.0
3596 315744 3.0 3.0
3597 315886 3.0 3.0
3598 315951 3.0 3.0
3599 316007 3.0 3.0
3600 316086 3.0 3.0
3601 316159 3.0 3.0
3602 316226 3.0 3.0
3603 316329 3.0 3.0
3604 316401 3.0 3.0
3605 316458 3.0 3.0
3606 316538 3.0 3.0
3607 316607 3.0 3.0
3608 316677 3.0 3.0
3609 316743 3.0 3.0
3610 316884 3.0 3.0
3611 316960 3.0 3.0
3612 317035 3.0 3.0
3613 317107 3.0 3.0
3614 317189 3.0 3.0
3615 317242 3.0 3.0
3616 317354 3.0 3.0
3617 317426 3.0 3.0
3618 317572 3.0 3.0
3619 317649 3.0 3.0
3620 317722 3.0 3.0
3621 317892 3.0 3.0
3622 317951 3.0 3.0
3623 318012 3.0 3.0
3624 318078 3.0 3.0
3625 318138 3.0 3.0
3626 318204 3.0 3.0
3627 318279 3.0 3.0
3628 318357 3.0 3.0
3629 318434 3.0 3.0
3630 318532 3.0 3.0
3631 318644 3.0 3.0
3632 318703 3.0 3.0
3633 318763 3.0 3.0
3634 318842 3.0 3.0
3635 318919 3.0 3.0
3636 319015 3.0 3.0
3637 319099 3.0 3.0
3638 319182 3.0 3.0
3639 319259 3.0 3.0
3640 319347 3.0 3.0
3641 319453 3.0 3.0
3642 319505 3.0 3.0
3643 319575 3.0 3.0
3644 319672 3.0 3.0
3645 319756 3.0 3.0
3646 319822 3.0 3.0
3647 319900 3.0 3.0
3648 319981 3.0 3.0
3649 320142 3.0 3.0
3650 320224 3.0 3.0
3651 320296 3.0 3.0
3652 320364 3.0 3.0
3653 320435 3.0 3.0
3654 320507 3.0 3.0
3655 320576 3.0 3.0
3656 320679 3.0 3.0
3657 320765 3.0 3.0
3658 320866 3.0 3.0
3659 320940 3.0 3.0
3660 321020 3.0 3.0
3661 321080 3.0 3.0
3662 321188 3.0 3.0
3663 321248 3.0 3.0
3664 321362 3.0 3.0
3665 321427 3.0 3.0
3666 321499 3.0 3.0
3667 321579 3.0 3.0
3668 321653 3.0 3.0
3669 321722 3.0 3.0
3670 321789 3.0 3.0
3671 321870 3.0 3.0
3672 321934 3.0 3.0
3673 322034 3.0 3.0
3674 322134 3.0 3.0
3675 322195 3.0 3.0
3676 322268 3.0 3.0
3677 322344 3.0 3.0
3678 322408 3.0 3.0
3679 322475 3.0 3.0
3680 322639 3.0 3.0
3681 322727 3.0 3.0
3682 322794 3.0 3.0
3683 322906 3.0 3.0
3684 322967 3.0 3.0
3685 323036 3.0 3.0
3686 323110 3.0 3.0
3687 323204 3.0 3.0
3688 323277 3.0 3.0
3689 323353 3.0 3.0
3690 323422 3.0 3.0
3691 323489 3.0 3.0
3692 323561 3.0 3.0
3693 323662 3.0 3.0
3694 323741 3.0 3.0
3695 323799 3.0 3.0
3696 323926 3.0 3.0
3697 323988 3.0 3.0
3698 324055 3.0 3.0
3699 324128 3.0 3.0
3700 324202 3.0 3.0
3701 324283 3.0 3.0
3702 324374 3.0 3.0
3703 324441 3.0 3.0
3704 324524 3.0 3.0
3705 324629 3.0 3.0
3706 324699 3.0 3.0
3707 324778 3.0 3.0
3708 324855 3.0 3.0
3709 324921 3.0 3.0
3710 324982 3.0 3.0
3711 325060 3.0 3.0
3712 325147 3.0 3.0
3713 325224 3.0 3.0
3714 325298 3.0 3.0
3715 325382 3.0 3.0
3716 325456 3.0 3.0
3717 325533 3.0 3.0
3718 325613 3.0 3.0
3719 325693 3.0 3.0
3720 325755 3.0 3.0
3721 325821 3.0 3.0
3722 325881 3.0 3.0
3723 325951 3.0 3.0
3724 326017 3.0 3.0
3725 326106 3.0 3.0
3726 326173 3.0 3.0
3727 326254 3.0 3.0
3728 326339 3.0 3.0
3729 326413 3.0 3.0
3730 326483 3.0 3.0
3731 326538 3.0 3.0
3732 326597 3.0 3.0
3733 326661 3.0 3.0
3734 326756 3.0 3.0
3735 326815 3.0 3.0
3736 326897 3.0 3.0
3737 326973 3.0 3.0
3738 327048 3.0 3.0
3739 327115 3.0 3.0
3740 327204 3.0 3.0
3741 327277 3.0 3.0
3742 327349 3.0 3.0
3743 327423 3.0 3.0
3744 327508 3.0 3.0
3745 327620 3.0 3.0
3746 327696 3.0 3.0
3747 327764 3.0 3.0
3748 327831 3.0 3.0
3749 327903 3.0 3.0
3750 327968 3.0 3.0
3751 328057 3.0 3.0
3752 328131 3.0 3.0
3753 328217 3.0 3.0
3754 328276 3.0 3.0
3755 328373 3.0 3.0
3756 328459 3.0 3.0
3757 328554 3.0 3.0
3758 328613 3.0 3.0
3759 328691 3.0 3.0
3760 328762 3.0 3.0
3761 328834 3.0 3.0
3762 328919 3.0 3.0
3763 328997 3.0 3.0
3764 329085 3.0 3.0
3765 329147 3.0 3.0
3766 329296 3.0 3.0
3767 329345 3.0 3.0
3768 329421 3.0 3.0
3769 329489 3.0 3.0
3770 329568 3.0 3.0
3771 329646 3.0 3.0
3772 329712 3.0 3.0
3773 329771 3.0 3.0
3774 329838 3.0 3.0
3775 329908 3.0 3.0
3776 330049 3.0 3.0
3777 330139 3.0 3.0
3778 330205 3.0 3.0
3779 330286 3.0 3.0
3780 330372 3.0 3.0
3781 330439 3.0 3.0
3782 330494 3.0 3.0
3783 330570 3.0 3.0
3784 330630 3.0 3.0
3785 330701 3.0 3.0
3786 330771 3.0 3.0
3787 330845 3.0 3.0
3788 330915 3.0 3.0
3789 330993 3.0 3.0
3790 331068 3.0 3.0
3791 331126 3.0 3.0
3792 331189 3.0 3.0
3793 331251 3.0 3.0
3794 331325 3.0 3.0
3795 331401 3.0 3.0
3796 331486 3.0 3.0
3797 331556 3.0 3.0
3798 331629 3.0 3.0
3799 331710 3.0 3.0
3800 331784 3.0 3.0
3801 331837 3.0 3.0
3802 332017 3.0 3.0
3803 332075 3.0 3.0
3804 332158 3.0 3.0
3805 332219 3.0 3.0
3806 332292 3.0 3.0
3807 332375 3.0 3.0
3808 332439 3.0 3.0
3809 332507 3.0 3.0
3810 332569 3.0 3.0
3811 332654 3.0 3.0
3812 332738 3.0 3.0
3813 332806 3.0 3.0
3814 332882 3.0 3.0
3815 332952 3.0 3.0
3816 333032 3.0 3.0
3817 333103 3.0 3.0
3818 333179 3.0 3.0
3819 333253 3.0 3.0
3820 333350 3.0 3.0
3821 333420 3.0 3.0
3822 333485 3.0 3.0
3823 333545 3.0 3.0
3824 333609 3.0 3.0
3825 333680 3.0 3.0
3826 333759 3.0 3.0
3827 333865 3.0 3.0
3828 333934 3.0 3.0
3829 334014 3.0 3.0
3830 334097 3.0 3.0
3831 334179 3.0 3.0
3832 334275 3.0 3.0
3833 334353 3.0 3.0
3834 334430 3.0 3.0
3835 334496 3.0 3.0
3836 334568 3.0 3.0
3837 334632 3.0 3.0
3838 334707 3.0 3.0
3839 334800 3.0 3.0
3840 334870 3.0 3.0
3841 334951 3.0 3.0
3842 335041 3.0 3.0
3843 335141 3.0 3.0
3844 335232 3.0 3.0
3845 335305 3.0 3.0
3846 335386 3.0 3.0
3847 335461 3.0 3.0
3848 335535 3.0 3.0
3849 335604 3.0 3.0
3850 335666 3.0 3.0
3851 335732 3.0 3.0
3852 335800 3.0 3.0
3853 335871 3.0 3.0
3854 335940 3.0 3.0
3855 336002 3.0 3.0
3856 336088 3.0 3.0
3857 336154 3.0 3.0
3858 336217 3.0 3.0
3859 336287 3.0 3.0
3860 336356 3.0 3.0
3861 336421 3.0 3.0
3862 336493 3.0 3.0
3863 336557 3.0 3.0
3864 336624 3.0 3.0
3865 336704 3.0 3.0
3866 336787 3.0 3.0
3867 336859 3.0 3.0
3868 336949 3.0 3.0
3869 337025 3.0 3.0
3870 337106 3.0 3.0
3871 337208 3.0 3.0
3872 337266 3.0 3.0
3873 337339 3.0 3.0
3874 337399 3.0 3.0
3875 337460 3.0 3.0
3876 337529 3.0 3.0
3877 337589 3.0 3.0
3878 337665 3.0 3.0
3879 337751 3.0 3.0
3880 337822 3.0 3.0
3881 337893 3.0 3.0
3882 337962 3.0 3.0
3883 338051 3.0 3.0
3884 338128 3.0 3.0
3885 338190 3.0 3.0
3886 338258 3.0 3.0
3887 338324 3.0 3.0
3888 338389 3.0 3.0
3889 338463 3.0 3.0
3890 338530 3.0 3.0
3891 338596 3.0 3.0
3892 338656 3.0 3.0
3893 338746 3.0 3.0
3894 338833 3.0 3.0
3895 338923 3.0 3.0
3896 338988 3.0 3.0
3897 339060 3.0 3.0
3898 339120 3.0 3.0
3899 339176 3.0 3.0
3900 339242 3.0 3.0
3901 339331 3.0 3.0
3902 339407 3.0 3.0
3903 339475 3.0 3.0
3904 339571 3.0 3.0
3905 339647 3.0 3.0
3906 339710 3.0 3.0
3907 339766 3.0 3.0
3908 339840 3.0 3.0
3909 339920 3.0 3.0
3910 339995 3.0 3.0
3911 340123 3.0 3.0
3912 340199 3.0 3.0
3913 340295 3.0 3.0
3914 340366 3.0 3.0
3915 340428 3.0 3.0
3916 340492 3.0 3.0
3917 340560 3.0 3.0
3918 340628 3.0 3.0
3919 340684 3.0 3.0
3920 340772 3.0 3.0
3921 340833 3.0 3.0
3922 340909 3.0 3.0
3923 340978 3.0 3.0
3924 341064 3.0 3.0
3925 341135 3.0 3.0
3926 341199 3.0 3.0
3927 341272 3.0 3.0
3928 341442 3.0 3.0
3929 341504 3.0 3.0
3930 341570 3.0 3.0
3931 341637 3.0 3.0
3932 341708 3.0 3.0
3933 341793 3.0 3.0
3934 341855 3.0 3.0
3935 341922 3.0 3.0
3936 342000 3.0 3.0
3937 342071 3.0 3.0
3938 342137 3.0 3.0
3939 342207 3.0 3.0
3940 342275 3.0 3.0
3941 342342 3.0 3.0
3942 342402 3.0 3.0
3943 342494 3.0 3.0
3944 342564 3.0 3.0
3945 342676 3.0 3.0
3946 342738 3.0 3.0
3947 342816 3.0 3.0
3948 342877 3.0 3.0
3949 342956 3.0 3.0
3950 343037 3.0 3.0
3951 343097 3.0 3.0
3952 343175 3.0 3.0
3953 343245 3.0 3.0
3954 343324 3.0 3.0
3955 343410 3.0 3.0
3956 343491 3.0 3.0
3957 343551 3.0 3.0
3958 343622 3.0 3.0
3959 343698 3.0 3.0
3960 343799 3.0 3.0
3961 343863 3.0 3.0
3962 343936 3.0 3.0
3963 344029 3.0 3.0
3964 344114 3.0 3.0
3965 344199 3.0 3.0
3966 344277 3.0 3.0
3967 344340 3.0 3.0
3968 344405 3.0 3.0
3969 344466 3.0 3.0
3970 344530 3.0 3.0
3971 344638 3.0 3.0
3972 344702 3.0 3.0
3973 344767 3.0 3.0
3974 344856 3.0 3.0
3975 344920 3.0 3.0
3976 344989 3.0 3.0
3977 345065 3.0 3.0
3978 345156 3.0 3.0
3979 345244 3.0 3.0
3980 345318 3.0 3.0
3981 345411 3.0 3.0
3982 345494 3.0 3.0
3983 345689 3.0 3.0
3984 345760 3.0 3.0
3985 345830 3.0 3.0
3986 345895 3.0 3.0
3987 345961 3.0 3.0
3988 346024 3.0 3.0
3989 346099 3.0 3.0
3990 346170 3.0 3.0
3991 346233 3.0 3.0
3992 346305 3.0 3.0
3993 346376 3.0 3.0
3994 346503 3.0 3.0
3995 346576 3.0 3.0
3996 346642 3.0 3.0
3997 346698 3.0 3.0
3998 346786 3.0 3.0
3999 346855 3.0 3.0
4000 346936 3.0 3.0
4001 347090 3.0 3.0
4002 347158 3.0 3.0
4003 347217 3.0 3.0
4004 347342 3.0 3.0
4005 347420 3.0 3.0
4006 347498 3.0 3.0
4007 347596 3.0 3.0
4008 347661 3.0 3.0
4009 347759 3.0 3.0
4010 347822 3.0 3.0
4011 347919 3.0 3.0
4012 347986 3.0 3.0
4013 348064 3.0 3.0
4014 348139 3.0 3.0
4015 348198 3.0 3.0
4016 348273 3.0 3.0
4017 348340 3.0 3.0
4018 348418 3.0 3.0
4019 348510 3.0 3.0
4020 348574 3.0 3.0
4021 348637 3.0 3.0
4022 348711 3.0 3.0
4023 348784 3.0 3.0
4024 348895 3.0 3.0
4025 348974 3.0 3.0
4026 349075 3.0 3.0
4027 349151 3.0 3.0
4028 349226 3.0 3.0
4029 349310 3.0 3.0
4030 349378 3.0 3.0
4031 349458 3.0 3.0
4032 349532 3.0 3.0
4033 349606 3.0 3.0
4034 349671 3.0 3.0
4035 349739 3.0 3.0
4036 349814 3.0 3.0
4037 349898 3.0 3.0
4038 349987 3.0 3.0
4039 350054 3.0 3.0
4040 350136 3.0 3.0
4041 350204 3.0 3.0
4042 350257 3.0 3.0
4043 350340 3.0 3.0
4044 350417 3.0 3.0
4045 350478 3.0 3.0
4046 350545 3.0 3.0
4047 350601 3.0 3.0
4048 350660 3.0 3.0
4049 350725 3.0 3.0
4050 350815 3.0 3.0
4051 350884 3.0 3.0
4052 350958 3.0 3.0
4053 351024 3.0 3.0
4054 351084 3.0 3.0
4055 351160 3.0 3.0
4056 351237 3.0 3.0
4057 351321 3.0 3.0
4058 351411 3.0 3.0
4059 351484 3.0 3.0
4060 351556 3.0 3.0
4061 351624 3.0 3.0
4062 351705 3.0 3.0
4063 351785 3.0 3.0
4064 351864 3.0 3.0
4065 351929 3.0 3.0
4066 352086 3.0 3.0
4067 352156 3.0 3.0
4068 352266 3.0 3.0
4069 352337 3.0 3.0
4070 352409 3.0 3.0
4071 352481 3.0 3.0
4072 352556 3.0 3.0
4073 352710 3.0 3.0
4074 352822 3.0 3.0
4075 352890 3.0 3.0
4076 352968 3.0 3.0
4077 353041 3.0 3.0
4078 353115 3.0 3.0
4079 353186 3.0 3.0
4080 353254 3.0 3.0
4081 353317 3.0 3.0
4082 353397 3.0 3.0
4083 353489 3.0 3.0
4084 353686 3.0 3.0
4085 353754 3.0 3.0
4086 353824 3.0 3.0
4087 353884 3.0 3.0
4088 353946 3.0 3.0
4089 354029 3.0 3.0
4090 354100 3.0 3.0
4091 354211 3.0 3.0
4092 354307 3.0 3.0
4093 354372 3.0 3.0
4094 354443 3.0 3.0
4095 354522 3.0 3.0
4096 354584 3.0 3.0
4097 354665 3.0 3.0
4098 354723 3.0 3.0
4099 354813 3.0 3.0
4100 354882 3.0 3.0
4101 354954 3.0 3.0
4102 355010 3.0 3.0
4103 355088 3.0 3.0
4104 355162 3.0 3.0
4105 355226 3.0 3.0
4106 355323 3.0 3.0
4107 355445 3.0 3.0
4108 355521 3.0 3.0
4109 355586 3.0 3.0
4110 355662 3.0 3.0
4111 355732 3.0 3.0
4112 355806 3.0 3.0
4113 355867 3.0 3.0
4114 355944 3.0 3.0
4115 356008 3.0 3.0
4116 356085 3.0 3.0
4117 356146 3.0 3.0
4118 356237 3.0 3.0
4119 356326 3.0 3.0
4120 356403 3.0 3.0
4121 356466 3.0 3.0
4122 356546 3.0 3.0
4123 356614 3.0 3.0
4124 356685 3.0 3.0
4125 356754 3.0 3.0
4126 356887 3.0 3.0
4127 356941 3.0 3.0
4128 357017 3.0 3.0
4129 357105 3.0 3.0
4130 357169 3.0 3.0
4131 357235 3.0 3.0
4132 357292 3.0 3.0
4133 357366 3.0 3.0
4134 357440 3.0 3.0
4135 357505 3.0 3.0
4136 357577 3.0 3.0
4137 357675 3.0 3.0
4138 357744 3.0 3.0
4139 357816 3.0 3.0
4140 357887 3.0 3.0
4141 357951 3.0 3.0
4142 358028 3.0 3.0
4143 358121 3.0 3.0
4144 358188 3.0 3.0
4145 358270 3.0 3.0
4146 358343 3.0 3.0
4147 358408 3.0 3.0
4148 358515 3.0 3.0
4149 358577 3.0 3.0
4150 358653 3.0 3.0
4151 358732 3.0 3.0
4152 358800 3.0 3.0
4153 358871 3.0 3.0
4154 358941 3.0 3.0
4155 359007 3.0 3.0
4156 359102 3.0 3.0
4157 359164 3.0 3.0
4158 359245 3.0 3.0
4159 359318 3.0 3.0
4160 359383 3.0 3.0
4161 359449 3.0 3.0
4162 359512 3.0 3.0
4163 359588 3.0 3.0
4164 359663 3.0 3.0
4165 359732 3.0 3.0
4166 359796 3.0 3.0
4167 359862 3.0 3.0
4168 359944 3.0 3.0
4169 360015 3.0 3.0
4170 360146 3.0 3.0
4171 360242 3.0 3.0
4172 360313 3.0 3.0
4173 360383 3.0 3.0
4174 360441 3.0 3.0
4175 360532 3.0 3.0
4176 360598 3.0 3.0
4177 360669 3.0 3.0
4178 360734 3.0 3.0
4179 360829 3.0 3.0
4180 360921 3.0 3.0
4181 360993 3.0 3.0
4182 361066 3.0 3.0
4183 361125 3.0 3.0
4184 361197 3.0 3.0
4185 361265 3.0 3.0
4186 361335 3.0 3.0
4187 361433 3.0 3.0
4188 361517 3.0 3.0
4189 361608 3.0 3.0
4190 361686 3.0 3.0
4191 361766 3.0 3.0
4192 361854 3.0 3.0
4193 361930 3.0 3.0
4194 361987 3.0 3.0
4195 362063 3.0 3.0
4196 362212 3.0 3.0
4197 362293 3.0 3.0
4198 362355 3.0 3.0
4199 362420 3.0 3.0
4200 362490 3.0 3.0
4201 362558 3.0 3.0
4202 362653 3.0 3.0
4203 362721 3.0 3.0
4204 362828 3.0 3.0
4205 362991 3.0 3.0
4206 363066 3.0 3.0
4207 363132 3.0 3.0
4208 363202 3.0 3.0
4209 363267 3.0 3.0
4210 363347 3.0 3.0
4211 363408 3.0 3.0
4212 363471 3.0 3.0
4213 363537 3.0 3.0
4214 363601 3.0 3.0
4215 363659 3.0 3.0
4216 363726 3.0 3.0
4217 363811 3.0 3.0
4218 363882 3.0 3.0
4219 363951 3.0 3.0
4220 364039 3.0 3.0
4221 364099 3.0 3.0
4222 364187 3.0 3.0
4223 364251 3.0 3.0
4224 364331 3.0 3.0
4225 364397 3.0 3.0
4226 364482 3.0 3.0
4227 364546 3.0 3.0
4228 364626 3.0 3.0
4229 364700 3.0 3.0
4230 364767 3.0 3.0
4231 364836 3.0 3.0
4232 364899 3.0 3.0
4233 364983 3.0 3.0
4234 365135 3.0 3.0
4235 365208 3.0 3.0
4236 365297 3.0 3.0
4237 365388 3.0 3.0
4238 365461 3.0 3.0
4239 365542 3.0 3.0
4240 365598 3.0 3.0
4241 365668 3.0 3.0
4242 365737 3.0 3.0
4243 365814 3.0 3.0
4244 365891 3.0 3.0
4245 365970 3.0 3.0
4246 366029 3.0 3.0
4247 366128 3.0 3.0
4248 366185 3.0 3.0
4249 366269 3.0 3.0
4250 366337 3.0 3.0
4251 366401 3.0 3.0
4252 366470 3.0 3.0
4253 366558 3.0 3.0
4254 366637 3.0 3.0
4255 366710 3.0 3.0
4256 366864 3.0 3.0
4257 366931 3.0 3.0
4258 367055 3.0 3.0
4259 367124 3.0 3.0
4260 367271 3.0 3.0
4261 367350 3.0 3.0
4262 367468 3.0 3.0
4263 367537 3.0 3.0
4264 367681 3.0 3.0
4265 367759 3.0 3.0
4266 367828 3.0 3.0
4267 367897 3.0 3.0
4268 367960 3.0 3.0
4269 368033 3.0 3.0
4270 368090 3.0 3.0
4271 368146 3.0 3.0
4272 368217 3.0 3.0
4273 368277 3.0 3.0
4274 368375 3.0 3.0
4275 368442 3.0 3.0
4276 368511 3.0 3.0
4277 368639 3.0 3.0
4278 368732 3.0 3.0
4279 368795 3.0 3.0
4280 368860 3.0 3.0
4281 368941 3.0 3.0
4282 369006 3.0 3.0
4283 369076 3.0 3.0
4284 369141 3.0 3.0
4285 369224 3.0 3.0
4286 369284 3.0 3.0
4287 369363 3.0 3.0
4288 369429 3.0 3.0
4289 369496 3.0 3.0
4290 369557 3.0 3.0
4291 369611 3.0 3.0
4292 369675 3.0 3.0
4293 369768 3.0 3.0
4294 369832 3.0 3.0
4295 369898 3.0 3.0
4296 369968 3.0 3.0
4297 370050 3.0 3.0
4298 370125 3.0 3.0
4299 370203 3.0 3.0
4300 370264 3.0 3.0
4301 370334 3.0 3.0
4302 370403 3.0 3.0
4303 370477 3.0 3.0
4304 370556 3.0 3.0
4305 370675 3.0 3.0
4306 370740 3.0 3.0
4307 370809 3.0 3.0
4308 370886 3.0 3.0
4309 370970 3.0 3.0
4310 371033 3.0 3.0
4311 371104 3.0 3.0
4312 371178 3.0 3.0
4313 371242 3.0 3.0
4314 371316 3.0 3.0
4315 371406 3.0 3.0
4316 371484 3.0 3.0
4317 371550 3.0 3.0
4318 371628 3.0 3.0
4319 371703 3.0 3.0
4320 371787 3.0 3.0
4321 371863 3.0 3.0
4322 371939 3.0 3.0
4323 372026 3.0 3.0
4324 372085 3.0 3.0
4325 372162 3.0 3.0
4326 372235 3.0 3.0
4327 372317 3.0 3.0
4328 372380 3.0 3.0
4329 372458 3.0 3.0
4330 372549 3.0 3.0
4331 372605 3.0 3.0
4332 372688 3.0 3.0
4333 372750 3.0 3.0
4334 372864 3.0 3.0
4335 372967 3.0 3.0
4336 373040 3.0 3.0
4337 373117 3.0 3.0
4338 373194 3.0 3.0
4339 373259 3.0 3.0
4340 373354 3.0 3.0
4341 373422 3.0 3.0
4342 373495 3.0 3.0
4343 373612 3.0 3.0
4344 373678 3.0 3.0
4345 373747 3.0 3.0
4346 373811 3.0 3.0
4347 373877 3.0 3.0
4348 373989 3.0 3.0
4349 374058 3.0 3.0
4350 374139 3.0 3.0
4351 374212 3.0 3.0
4352 374291 3.0 3.0
4353 374366 3.0 3.0
4354 374453 3.0 3.0
4355 374588 3.0 3.0
4356 374666 3.0 3.0
4357 374749 3.0 3.0
4358 374840 3.0 3.0
4359 374909 3.0 3.0
4360 374995 3.0 3.0
4361 375067 3.0 3.0
4362 375150 3.0 3.0
4363 375218 3.0 3.0
4364 375290 3.0 3.0
4365 375347 3.0 3.0
4366 375409 3.0 3.0
4367 375477 3.0 3.0
4368 375537 3.0 3.0
4369 375605 3.0 3.0
4370 375664 3.0 3.0
4371 375741 3.0 3.0
4372 375812 3.0 3.0
4373 375892 3.0 3.0
4374 375967 3.0 3.0
4375 376040 3.0 3.0
4376 376117 3.0 3.0
4377 376180 3.0 3.0
4378 376250 3.0 3.0
4379 376306 3.0 3.0
4380 376371 3.0 3.0
4381 376441 3.0 3.0
4382 376531 3.0 3.0
4383 376592 3.0 3.0
4384 376696 3.0 3.0
4385 376762 3.0 3.0
4386 376840 3.0 3.0
4387 376911 3.0 3.0
4388 377024 3.0 3.0
4389 377091 3.0 3.0
4390 377177 3.0 3.0
4391 377259 3.0 3.0
4392 377342 3.0 3.0
4393 377409 3.0 3.0
4394 377534 3.0 3.0
4395 377596 3.0 3.0
4396 377668 3.0 3.0
4397 377738 3.0 3.0
4398 377813 3.0 3.0
4399 377915 3.0 3.0
4400 377983 3.0 3.0
4401 378069 3.0 3.0
4402 378159 3.0 3.0
4403 378222 3.0 3.0
4404 378307 3.0 3.0
4405 378379 3.0 3.0
4406 378449 3.0 3.0
4407 378526 3.0 3.0
4408 378595 3.0 3.0
4409 378895 1.0 2.98
4410 378972 3.0 2.98
4411 379048 3.0 2.98
4412 379117 3.0 2.98
4413 379206 3.0 2.98
4414 379322 3.0 2.98
4415 379398 3.0 2.98
4416 379470 3.0 2.98
4417 379532 3.0 2.98
4418 379583 3.0 2.98
4419 379678 3.0 2.98
4420 379762 3.0 2.98
4421 379853 3.0 2.98
4422 379925 3.0 2.98
4423 380039 3.0 2.98
4424 380129 3.0 2.98
4425 380232 3.0 2.98
4426 380324 3.0 2.98
4427 380393 3.0 2.98
4428 380471 3.0 2.98
4429 380537 3.0 2.98
4430 380627 3.0 2.98
4431 380695 3.0 2.98
4432 380754 3.0 2.98
4433 380823 3.0 2.98
4434 380883 3.0 2.98
4435 380949 3.0 2.98
4436 381022 3.0 2.98
4437 381100 3.0 2.98
4438 381152 3.0 2.98
4439 381227 3.0 2.98
4440 381294 3.0 2.98
4441 381366 3.0 2.98
4442 381431 3.0 2.98
4443 381495 3.0 2.98
4444 381573 3.0 2.98
4445 381661 3.0 2.98
4446 381720 3.0 2.98
4447 381795 3.0 2.98
4448 381890 3.0 2.98
4449 381973 3.0 2.98
4450 382060 3.0 2.98
4451 382122 3.0 2.98
4452 382199 3.0 2.98
4453 382281 3.0 2.98
4454 382338 3.0 2.98
4455 382403 3.0 2.98
4456 382471 3.0 2.98
4457 382552 3.0 2.98
4458 382631 3.0 2.98
4459 382741 3.0 2.98
4460 382807 3.0 2.98
4461 382870 3.0 2.98
4462 382952 3.0 2.98
4463 383026 3.0 2.98
4464 383095 3.0 2.98
4465 383164 3.0 2.98
4466 383253 3.0 2.98
4467 383333 3.0 2.98
4468 383420 3.0 2.98
4469 383486 3.0 2.98
4470 383557 3.0 2.98
4471 383630 3.0 2.98
4472 383703 3.0 2.98
4473 383777 3.0 2.98
4474 383834 3.0 2.98
4475 383910 3.0 2.98
4476 383971 3.0 2.98
4477 384084 3.0 2.98
4478 384218 3.0 2.98
4479 384287 3.0 2.98
4480 384353 3.0 2.98
4481 384427 3.0 2.98
4482 384524 3.0 2.98
4483 384591 3.0 2.98
4484 384662 3.0 2.98
4485 384728 3.0 2.98
4486 384831 3.0 2.98
4487 384895 3.0 2.98
4488 384956 3.0 2.98
4489 385022 3.0 2.98
4490 385095 3.0 2.98
4491 385151 3.0 2.98
4492 385211 3.0 2.98
4493 385302 3.0 2.98
4494 385373 3.0 2.98
4495 385463 3.0 2.98
4496 385535 3.0 2.98
4497 385602 3.0 2.98
4498 385673 3.0 2.98
4499 385748 3.0 2.98
4500 385807 3.0 2.98
4501 385893 3.0 2.98
4502 385957 3.0 2.98
4503 386019 3.0 2.98
4504 386085 3.0 2.98
4505 386206 3.0 2.98
4506 386296 3.0 2.98
4507 386357 3.0 2.98
4508 386425 3.0 2.98
4509 386482 3.0 3.0
4510 386614 3.0 3.0
4511 386691 3.0 3.0
4512 386816 3.0 3.0
4513 386896 3.0 3.0
4514 386974 3.0 3.0
4515 387051 3.0 3.0
4516 387133 3.0 3.0
4517 387231 3.0 3.0
4518 387301 3.0 3.0
4519 387371 3.0 3.0
4520 387433 3.0 3.0
4521 387491 3.0 3.0
4522 387555 3.0 3.0
4523 387619 3.0 3.0
4524 387703 3.0 3.0
4525 387761 3.0 3.0
4526 387838 3.0 3.0
4527 387919 3.0 3.0
4528 388000 3.0 3.0
4529 388074 3.0 3.0
4530 388156 3.0 3.0
4531 388215 3.0 3.0
4532 388280 3.0 3.0
4533 388344 3.0 3.0
4534 388424 3.0 3.0
4535 388494 3.0 3.0
4536 388585 3.0 3.0
4537 388664 3.0 3.0
4538 388749 3.0 3.0
4539 388812 3.0 3.0
4540 388892 3.0 3.0
4541 388958 3.0 3.0
4542 389019 3.0 3.0
4543 389102 3.0 3.0
4544 389166 3.0 3.0
4545 389238 3.0 3.0
4546 389310 3.0 3.0
4547 389373 3.0 3.0
4548 389461 3.0 3.0
4549 389528 3.0 3.0
4550 389590 3.0 3.0
4551 389669 3.0 3.0
4552 389743 3.0 3.0
4553 389843 3.0 3.0
4554 389913 3.0 3.0
4555 389981 3.0 3.0
4556 390038 3.0 3.0
4557 390110 3.0 3.0
4558 390190 3.0 3.0
4559 390252 3.0 3.0
4560 390305 3.0 3.0
4561 390374 3.0 3.0
4562 390448 3.0 3.0
4563 390538 3.0 3.0
4564 390615 3.0 3.0
4565 390690 3.0 3.0
4566 390761 3.0 3.0
4567 390819 3.0 3.0
4568 390882 3.0 3.0
4569 390951 3.0 3.0
4570 391023 3.0 3.0
4571 391114 3.0 3.0
4572 391187 3.0 3.0
4573 391338 3.0 3.0
4574 391404 3.0 3.0
4575 391487 3.0 3.0
4576 391549 3.0 3.0
4577 391625 3.0 3.0
4578 391711 3.0 3.0
4579 391807 3.0 3.0
4580 391916 3.0 3.0
4581 392004 3.0 3.0
4582 392077 3.0 3.0
4583 392169 3.0 3.0
4584 392233 3.0 3.0
4585 392304 3.0 3.0
4586 392434 3.0 3.0
4587 392511 3.0 3.0
4588 392639 3.0 3.0
4589 392723 3.0 3.0
4590 392817 3.0 3.0
4591 392880 3.0 3.0
4592 392951 3.0 3.0
4593 393027 3.0 3.0
4594 393101 3.0 3.0
4595 393173 3.0 3.0
4596 393245 3.0 3.0
4597 393302 3.0 3.0
4598 393357 3.0 3.0
4599 393433 3.0 3.0
4600 393497 3.0 3.0
4601 393561 3.0 3.0
4602 393635 3.0 3.0
4603 393719 3.0 3.0
4604 393797 3.0 3.0
4605 393868 3.0 3.0
4606 393969 3.0 3.0
4607 394044 3.0 3.0
4608 394109 3.0 3.0
4609 394176 3.0 3.0
4610 394244 3.0 3.0
4611 394334 3.0 3.0
4612 394406 3.0 3.0
4613 394487 3.0 3.0
4614 394566 3.0 3.0
4615 394628 3.0 3.0
4616 394709 3.0 3.0
4617 394782 3.0 3.0
4618 394855 3.0 3.0
4619 394919 3.0 3.0
4620 394980 3.0 3.0
4621 395038 3.0 3.0
4622 395107 3.0 3.0
4623 395195 3.0 3.0
4624 395273 3.0 3.0
4625 395347 3.0 3.0
4626 395409 3.0 3.0
4627 395472 3.0 3.0
4628 395535 3.0 3.0
4629 395598 3.0 3.0
4630 395680 3.0 3.0
4631 395749 3.0 3.0
4632 395837 3.0 3.0
4633 395908 3.0 3.0
4634 396009 3.0 3.0
4635 396102 3.0 3.0
4636 396184 3.0 3.0
4637 396286 3.0 3.0
4638 396353 3.0 3.0
4639 396447 3.0 3.0
4640 396507 3.0 3.0
4641 396573 3.0 3.0
4642 396635 3.0 3.0
4643 396697 3.0 3.0
4644 396786 3.0 3.0
4645 396873 3.0 3.0
4646 396928 3.0 3.0
4647 396997 3.0 3.0
4648 397061 3.0 3.0
4649 397156 3.0 3.0
4650 397228 3.0 3.0
4651 397290 3.0 3.0
4652 397349 3.0 3.0
4653 397411 3.0 3.0
4654 397495 3.0 3.0
4655 397560 3.0 3.0
4656 397626 3.0 3.0
4657 397698 3.0 3.0
4658 397765 3.0 3.0
4659 397838 3.0 3.0
4660 397907 3.0 3.0
4661 397967 3.0 3.0
4662 398064 3.0 3.0
4663 398177 3.0 3.0
4664 398244 3.0 3.0
4665 398323 3.0 3.0
4666 398397 3.0 3.0
4667 398462 3.0 3.0
4668 398524 3.0 3.0
4669 398606 3.0 3.0
4670 398689 3.0 3.0
4671 398782 3.0 3.0
4672 398843 3.0 3.0
4673 398910 3.0 3.0
4674 398967 3.0 3.0
4675 399051 3.0 3.0
4676 399120 3.0 3.0
4677 399187 3.0 3.0
4678 399248 3.0 3.0
4679 399319 3.0 3.0
4680 399381 3.0 3.0
4681 399457 3.0 3.0
4682 399564 3.0 3.0
4683 399647 3.0 3.0
4684 399705 3.0 3.0
4685 399778 3.0 3.0
4686 399875 3.0 3.0
4687 399943 3.0 3.0
4688 400019 3.0 3.0
