1 300 0.0 0.0
2 600 0.0 0.0
3 900 0.0 0.0
4 1200 0.0 0.0
5 1500 1.0 0.01
6 1800 1.0 0.02
7 2100 1.0 0.03
8 2400 0.0 0.03
9 2700 1.0 0.04
10 3000 2.0 0.06
11 3300 2.0 0.08
12 3600 1.0 0.09
13 3900 0.0 0.09
14 4200 2.0 0.11
15 4500 1.0 0.12
16 4800 1.0 0.13
17 5100 1.0 0.14
18 5400 2.0 0.16
19 5700 1.0 0.17
20 6000 2.0 0.19
21 6300 2.0 0.21
22 6600 2.0 0.23
23 6900 1.0 0.24
24 7200 2.0 0.26
25 7500 2.0 0.28
26 7800 2.0 0.3
27 8100 2.0 0.32
28 8400 2.0 0.34
29 8700 2.0 0.36
30 9000 2.0 0.38
31 9300 2.0 0.4
32 9600 2.0 0.42
33 9900 2.0 0.44
34 10163 3.0 0.47
35 10375 3.0 0.5
36 10675 2.0 0.52
37 10836 3.0 0.55
38 11136 2.0 0.57
39 11436 2.0 0.59
40 11552 3.0 0.62
41 11721 3.0 0.65
42 11893 3.0 0.68
43 12129 3.0 0.71
44 12305 3.0 0.74
45 12497 3.0 0.77
46 12757 3.0 0.8
47 12975 3.0 0.83
48 13126 3.0 0.86
49 13259 3.0 0.89
50 13501 3.0 0.92
51 13758 3.0 0.95
52 14003 3.0 0.98
53 14188 3.0 1.01
54 14352 3.0 1.04
55 14477 3.0 1.07
56 14602 3.0 1.1
57 14826 3.0 1.13
58 14989 3.0 1.16
59 15271 3.0 1.19
60 15571 2.0 1.21
61 15721 3.0 1.24
62 15872 3.0 1.27
63 15988 3.0 1.3
64 16092 3.0 1.33
65 16268 3.0 1.36
66 16410 3.0 1.39
67 16512 3.0 1.42
68 16622 3.0 1.45
69 16741 3.0 1.48
70 16863 3.0 1.51
71 16968 3.0 1.54
72 17042 3.0 1.57
73 17170 3.0 1.6
74 17274 3.0 1.63
75 17435 3.0 1.66
76 17533 3.0 1.69
77 17637 3.0 1.72
78 17803 3.0 1.75
79 17936 3.0 1.78
80 18073 3.0 1.81
81 18194 3.0 1.84
82 18287 3.0 1.87
83 18434 3.0 1.9
84 18608 3.0 1.93
85 18805 3.0 1.96
86 18896 3.0 1.99
87 18987 3.0 2.02
88 19072 3.0 2.05
89 19261 3.0 2.08
90 19376 3.0 2.11
91 19473 3.0 2.14
92 19608 3.0 2.17
93 19740 3.0 2.2
94 19904 3.0 2.23
95 19994 3.0 2.26
96 20113 3.0 2.29
97 20181 3.0 2.32
98 20285 3.0 2.35
99 20366 3.0 2.38
100 20503 3.0 2.41
101 20803 2.0 2.43
102 20926 3.0 2.46
103 21062 3.0 2.49
104 21190 3.0 2.52
105 21261 3.0 2.54
106 21444 3.0 2.56
107 21671 3.0 2.58
108 21827 3.0 2.61
109 21998 3.0 2.63
110 22107 3.0 2.64
111 22296 3.0 2.65
112 22398 3.0 2.67
113 22511 3.0 2.7
114 22603 3.0 2.71
115 22699 3.0 2.73
116 22831 3.0 2.75
117 22964 3.0 2.77
118 23053 3.0 2.78
119 23192 3.0 2.8
120 23335 3.0 2.81
121 23398 3.0 2.82
122 23523 3.0 2.83
123 23613 3.0 2.85
124 23788 3.0 2.86
125 23867 3.0 2.87
126 23957 3.0 2.88
127 24087 3.0 2.89
128 24173 3.0 2.9
129 24288 3.0 2.91
130 24398 3.0 2.92
131 24470 3.0 2.93
132 24573 3.0 2.94
133 24662 3.0 2.95
134 24739 3.0 2.95
135 24868 3.0 2.95
136 24975 3.0 2.96
137 25109 3.0 2.96
138 25204 3.0 2.97
139 25333 3.0 2.98
140 25459 3.0 2.98
141 25537 3.0 2.98
142 25658 3.0 2.98
143 25748 3.0 2.98
144 25880 3.0 2.98
145 26007 3.0 2.98
146 26159 3.0 2.98
147 26341 3.0 2.98
148 26428 3.0 2.98
149 26520 3.0 2.98
150 26661 3.0 2.98
151 26732 3.0 2.98
152 26842 3.0 2.98
153 26942 3.0 2.98
154 27053 3.0 2.98
155 27234 3.0 2.98
156 27394 3.0 2.98
157 27501 3.0 2.98
158 27569 3.0 2.98
159 27780 3.0 2.98
160 27854 3.0 2.99
161 27963 3.0 2.99
162 28029 3.0 2.99
163 28138 3.0 2.99
164 28225 3.0 2.99
165 28320 3.0 2.99
166 28387 3.0 2.99
167 28460 3.0 2.99
168 28522 3.0 2.99
169 28612 3.0 2.99
170 28711 3.0 2.99
171 28836 3.0 2.99
172 28933 3.0 2.99
173 29016 3.0 2.99
174 29085 3.0 2.99
175 29174 3.0 2.99
176 29321 3.0 2.99
177 29400 3.0 2.99
178 29533 3.0 2.99
179 29653 3.0 2.99
180 29858 3.0 2.99
181 29967 3.0 2.99
182 30059 3.0 2.99
183 30167 3.0 2.99
184 30244 3.0 2.99
185 30310 3.0 2.99
186 30384 3.0 2.99
187 30511 3.0 2.99
188 30595 3.0 2.99
189 30686 3.0 2.99
190 30808 3.0 2.99
191 30908 3.0 2.99
192 31076 3.0 2.99
193 31176 3.0 2.99
194 31256 3.0 2.99
195 31311 3.0 2.99
196 31493 3.0 2.99
197 31615 3.0 2.99
198 31749 3.0 2.99
199 31924 3.0 2.99
200 31996 3.0 2.99
201 32129 3.0 3.0
202 32207 3.0 3.0
203 32279 3.0 3.0
204 32333 3.0 3.0
205 32444 3.0 3.0
206 32543 3.0 3.0
207 32672 3.0 3.0
208 32755 3.0 3.0
209 32902 3.0 3.0
210 32988 3.0 3.0
211 33098 3.0 3.0
212 33187 3.0 3.0
213 33309 3.0 3.0
214 33443 3.0 3.0
215 33548 3.0 3.0
216 33632 3.0 3.0
217 33736 3.0 3.0
218 33843 3.0 3.0
219 33906 3.0 3.0
220 34007 3.0 3.0
221 34111 3.0 3.0
222 34190 3.0 3.0
223 34279 3.0 3.0
224 34405 3.0 3.0
225 34509 3.0 3.0
226 34639 3.0 3.0
227 34788 3.0 3.0
228 34905 3.0 3.0
229 34984 3.0 3.0
230 35085 3.0 3.0
231 35222 3.0 3.0
232 35359 3.0 3.0
233 35449 3.0 3.0
234 35556 3.0 3.0
235 35657 3.0 3.0
236 35846 3.0 3.0
237 35934 3.0 3.0
238 36050 3.0 3.0
239 36175 3.0 3.0
240 36258 3.0 3.0
241 36332 3.0 3.0
242 36404 3.0 3.0
243 36504 3.0 3.0
244 36627 3.0 3.0
245 36702 3.0 3.0
246 36831 3.0 3.0
247 36950 3.0 3.0
248 37020 3.0 3.0
249 37149 3.0 3.0
250 37284 3.0 3.0
251 37391 3.0 3.0
252 37480 3.0 3.0
253 37565 3.0 3.0
254 37669 3.0 3.0
255 37748 3.0 3.0
256 37922 3.0 3.0
257 38015 3.0 3.0
258 38112 3.0 3.0
259 38178 3.0 3.0
260 38266 3.0 3.0
261 38404 3.0 3.0
262 38481 3.0 3.0
263 38568 3.0 3.0
264 38649 3.0 3.0
265 38775 3.0 3.0
266 38899 3.0 3.0
267 39028 3.0 3.0
268 39109 3.0 3.0
269 39190 3.0 3.0
270 39321 3.0 3.0
271 39446 3.0 3.0
272 39546 3.0 3.0
273 39686 3.0 3.0
274 39777 3.0 3.0
275 39891 3.0 3.0
276 39961 3.0 3.0
277 40041 3.0 3.0
278 40108 3.0 3.0
279 40184 3.0 3.0
280 40280 3.0 3.0
281 40373 3.0 3.0
282 40504 3.0 3.0
283 40605 3.0 3.0
284 40687 3.0 3.0
285 40767 3.0 3.0
286 40876 3.0 3.0
287 41065 3.0 3.0
288 41283 3.0 3.0
289 41368 3.0 3.0
290 41444 3.0 3.0
291 41518 3.0 3.0
292 41598 3.0 3.0
293 41803 3.0 3.0
294 41863 3.0 3.0
295 41961 3.0 3.0
296 42062 3.0 3.0
297 42167 3.0 3.0
298 42261 3.0 3.0
299 42381 3.0 3.0
300 42475 3.0 3.0
301 42574 3.0 3.0
302 42695 3.0 3.0
303 42797 3.0 3.0
304 42890 3.0 3.0
305 43022 3.0 3.0
306 43167 3.0 3.0
307 43246 3.0 3.0
308 43315 3.0 3.0
309 43384 3.0 3.0
310 43455 3.0 3.0
311 43558 3.0 3.0
312 43641 3.0 3.0
313 43728 3.0 3.0
314 43934 3.0 3.0
315 44130 3.0 3.0
316 44216 3.0 3.0
317 44302 3.0 3.0
318 44376 3.0 3.0
319 44450 3.0 3.0
320 44557 3.0 3.0
321 44632 3.0 3.0
322 44717 3.0 3.0
323 44802 3.0 3.0
324 44888 3.0 3.0
325 44977 3.0 3.0
326 45072 3.0 3.0
327 45146 3.0 3.0
328 45219 3.0 3.0
329 45284 3.0 3.0
330 45348 3.0 3.0
331 45516 3.0 3.0
332 45583 3.0 3.0
333 45679 3.0 3.0
334 45773 3.0 3.0
335 45865 3.0 3.0
336 45959 3.0 3.0
337 46123 3.0 3.0
338 46200 3.0 3.0
339 46296 3.0 3.0
340 46422 3.0 3.0
341 46495 3.0 3.0
342 46621 3.0 3.0
343 46752 3.0 3.0
344 46825 3.0 3.0
345 46977 3.0 3.0
346 47060 3.0 3.0
347 47133 3.0 3.0
348 47251 3.0 3.0
349 47323 3.0 3.0
350 47456 3.0 3.0
351 47538 3.0 3.0
352 47664 3.0 3.0
353 47759 3.0 3.0
354 47856 3.0 3.0
355 47993 3.0 3.0
356 48124 3.0 3.0
357 48197 3.0 3.0
358 48317 3.0 3.0
359 48402 3.0 3.0
360 48501 3.0 3.0
361 48567 3.0 3.0
362 48665 3.0 3.0
363 48754 3.0 3.0
364 48836 3.0 3.0
365 48918 3.0 3.0
366 48997 3.0 3.0
367 49084 3.0 3.0
368 49255 3.0 3.0
369 49343 3.0 3.0
370 49561 3.0 3.0
371 49657 3.0 3.0
372 49735 3.0 3.0
373 49828 3.0 3.0
374 49970 3.0 3.0
375 50036 3.0 3.0
376 50128 3.0 3.0
377 50299 3.0 3.0
378 50374 3.0 3.0
379 50487 3.0 3.0
380 50553 3.0 3.0
381 50624 3.0 3.0
382 50703 3.0 3.0
383 50817 3.0 3.0
384 50951 3.0 3.0
385 51041 3.0 3.0
386 51138 3.0 3.0
387 51206 3.0 3.0
388 51303 3.0 3.0
389 51410 3.0 3.0
390 51489 3.0 3.0
391 51568 3.0 3.0
392 51699 3.0 3.0
393 51795 3.0 3.0
394 51859 3.0 3.0
395 51937 3.0 3.0
396 52129 3.0 3.0
397 52243 3.0 3.0
398 52327 3.0 3.0
399 52392 3.0 3.0
400 52533 3.0 3.0
401 52630 3.0 3.0
402 52697 3.0 3.0
403 52799 3.0 3.0
404 52885 3.0 3.0
405 52973 3.0 3.0
406 53035 3.0 3.0
407 53163 3.0 3.0
408 53250 3.0 3.0
409 53377 3.0 3.0
410 53464 3.0 3.0
411 53533 3.0 3.0
412 53637 3.0 3.0
413 53706 3.0 3.0
414 53801 3.0 3.0
415 53887 3.0 3.0
416 54057 3.0 3.0
417 54126 3.0 3.0
418 54222 3.0 3.0
419 54297 3.0 3.0
420 54422 3.0 3.0
421 54501 3.0 3.0
422 54572 3.0 3.0
423 54656 3.0 3.0
424 54808 3.0 3.0
425 54891 3.0 3.0
426 55012 3.0 3.0
427 55074 3.0 3.0
428 55152 3.0 3.0
429 55235 3.0 3.0
430 55433 3.0 3.0
431 55524 3.0 3.0
432 55599 3.0 3.0
433 55685 3.0 3.0
434 55792 3.0 3.0
435 55874 3.0 3.0
436 55954 3.0 3.0
437 56035 3.0 3.0
438 56112 3.0 3.0
439 56180 3.0 3.0
440 56247 3.0 3.0
441 56325 3.0 3.0
442 56389 3.0 3.0
443 56457 3.0 3.0
444 56588 3.0 3.0
445 56672 3.0 3.0
446 56741 3.0 3.0
447 56819 3.0 3.0
448 56890 3.0 3.0
449 56952 3.0 3.0
450 57026 3.0 3.0
451 57089 3.0 3.0
452 57170 3.0 3.0
453 57231 3.0 3.0
454 57314 3.0 3.0
455 57383 3.0 3.0
456 57462 3.0 3.0
457 57563 3.0 3.0
458 57660 3.0 3.0
459 57730 3.0 3.0
460 57885 3.0 3.0
461 58000 3.0 3.0
462 58097 3.0 3.0
463 58179 3.0 3.0
464 58268 3.0 3.0
465 58380 3.0 3.0
466 58464 3.0 3.0
467 58534 3.0 3.0
468 58605 3.0 3.0
469 58701 3.0 3.0
470 58792 3.0 3.0
471 58887 3.0 3.0
472 58979 3.0 3.0
473 59065 3.0 3.0
474 59190 3.0 3.0
475 59255 3.0 3.0
476 59357 3.0 3.0
477 59428 3.0 3.0
478 59567 3.0 3.0
479 59677 3.0 3.0
480 59760 3.0 3.0
481 59842 3.0 3.0
482 59912 3.0 3.0
483 59981 3.0 3.0
484 60078 3.0 3.0
485 60148 3.0 3.0
486 60210 3.0 3.0
487 60276 3.0 3.0
488 60414 3.0 3.0
489 60508 3.0 3.0
490 60587 3.0 3.0
491 60651 3.0 3.0
492 60746 3.0 3.0
493 60861 3.0 3.0
494 60946 3.0 3.0
495 61047 3.0 3.0
496 61153 3.0 3.0
497 61223 3.0 3.0
498 61286 3.0 3.0
499 61378 3.0 3.0
500 61443 3.0 3.0
501 61534 3.0 3.0
502 61610 3.0 3.0
503 61708 3.0 3.0
504 61966 3.0 3.0
505 62052 3.0 3.0
506 62111 3.0 3.0
507 62242 3.0 3.0
508 62323 3.0 3.0
509 62394 3.0 3.0
510 62494 3.0 3.0
511 62591 3.0 3.0
512 62726 3.0 3.0
513 62916 3.0 3.0
514 62990 3.0 3.0
515 63066 3.0 3.0
516 63131 3.0 3.0
517 63205 3.0 3.0
518 63333 3.0 3.0
519 63406 3.0 3.0
520 63592 3.0 3.0
521 63642 3.0 3.0
522 63743 3.0 3.0
523 63855 3.0 3.0
524 63921 3.0 3.0
525 63991 3.0 3.0
526 64061 3.0 3.0
527 64142 3.0 3.0
528 64217 3.0 3.0
529 64295 3.0 3.0
530 64377 3.0 3.0
531 64536 3.0 3.0
532 64640 3.0 3.0
533 64738 3.0 3.0
534 64888 3.0 3.0
535 64945 3.0 3.0
536 65031 3.0 3.0
537 65123 3.0 3.0
538 65295 3.0 3.0
539 65365 3.0 3.0
540 65467 3.0 3.0
541 65538 3.0 3.0
542 65603 3.0 3.0
543 65664 3.0 3.0
544 65739 3.0 3.0
545 65901 3.0 3.0
546 65967 3.0 3.0
547 66058 3.0 3.0
548 66132 3.0 3.0
549 66272 3.0 3.0
550 66347 3.0 3.0
551 66426 3.0 3.0
552 66491 3.0 3.0
553 66545 3.0 3.0
554 66615 3.0 3.0
555 66683 3.0 3.0
556 66841 3.0 3.0
557 66922 3.0 3.0
558 66988 3.0 3.0
559 67061 3.0 3.0
560 67155 3.0 3.0
561 67229 3.0 3.0
562 67318 3.0 3.0
563 67434 3.0 3.0
564 67521 3.0 3.0
565 67624 3.0 3.0
566 67683 3.0 3.0
567 67743 3.0 3.0
568 67829 3.0 3.0
569 67903 3.0 3.0
570 68009 3.0 3.0
571 68070 3.0 3.0
572 68216 3.0 3.0
573 68281 3.0 3.0
574 68428 3.0 3.0
575 68530 3.0 3.0
576 68609 3.0 3.0
577 68697 3.0 3.0
578 68771 3.0 3.0
579 68881 3.0 3.0
580 69013 3.0 3.0
581 69084 3.0 3.0
582 69161 3.0 3.0
583 69276 3.0 3.0
584 69367 3.0 3.0
585 69472 3.0 3.0
586 69542 3.0 3.0
587 69622 3.0 3.0
588 69761 3.0 3.0
589 69829 3.0 3.0
590 69894 3.0 3.0
591 70001 3.0 3.0
592 70089 3.0 3.0
593 70186 3.0 3.0
594 70351 3.0 3.0
595 70455 3.0 3.0
596 70528 3.0 3.0
597 70638 3.0 3.0
598 70721 3.0 3.0
599 70822 3.0 3.0
600 70907 3.0 3.0
601 70989 3.0 3.0
602 71070 3.0 3.0
603 71161 3.0 3.0
604 71230 3.0 3.0
605 71295 3.0 3.0
606 71385 3.0 3.0
607 71460 3.0 3.0
608 71545 3.0 3.0
609 71617 3.0 3.0
610 71691 3.0 3.0
611 71790 3.0 3.0
612 71949 3.0 3.0
613 72033 3.0 3.0
614 72097 3.0 3.0
615 72185 3.0 3.0
616 72288 3.0 3.0
617 72357 3.0 3.0
618 72474 3.0 3.0
619 72571 3.0 3.0
620 72644 3.0 3.0
621 72817 3.0 3.0
622 72903 3.0 3.0
623 73017 3.0 3.0
624 73109 3.0 3.0
625 73184 3.0 3.0
626 73269 3.0 3.0
627 73365 3.0 3.0
628 73427 3.0 3.0
629 73572 3.0 3.0
630 73645 3.0 3.0
631 73710 3.0 3.0
632 73787 3.0 3.0
633 73885 3.0 3.0
634 73969 3.0 3.0
635 74074 3.0 3.0
636 74162 3.0 3.0
637 74273 3.0 3.0
638 74348 3.0 3.0
639 74432 3.0 3.0
640 74525 3.0 3.0
641 74604 3.0 3.0
642 74682 3.0 3.0
643 74773 3.0 3.0
644 74877 3.0 3.0
645 74955 3.0 3.0
646 75052 3.0 3.0
647 75188 3.0 3.0
648 75260 3.0 3.0
649 75368 3.0 3.0
650 75466 3.0 3.0
651 75545 3.0 3.0
652 75627 3.0 3.0
653 75702 3.0 3.0
654 75871 3.0 3.0
655 75951 3.0 3.0
656 76051 3.0 3.0
657 76128 3.0 3.0
658 76204 3.0 3.0
659 76300 3.0 3.0
660 76417 3.0 3.0
661 76553 3.0 3.0
662 76640 3.0 3.0
663 76717 3.0 3.0
664 76782 3.0 3.0
665 76837 3.0 3.0
666 76928 3.0 3.0
667 77065 3.0 3.0
668 77135 3.0 3.0
669 77214 3.0 3.0
670 77309 3.0 3.0
671 77417 3.0 3.0
672 77493 3.0 3.0
673 77556 3.0 3.0
674 77647 3.0 3.0
675 77796 3.0 3.0
676 77923 3.0 3.0
677 78005 3.0 3.0
678 78305 1.0 2.98
679 78382 3.0 2.98
680 78473 3.0 2.98
681 78546 3.0 2.98
682 78634 3.0 2.98
683 78700 3.0 2.98
684 78781 3.0 2.98
685 78844 3.0 2.98
686 79003 3.0 2.98
687 79163 3.0 2.98
688 79270 3.0 2.98
689 79372 3.0 2.98
690 79510 3.0 2.98
691 79614 3.0 2.98
692 79707 3.0 2.98
693 79786 3.0 2.98
694 79872 3.0 2.98
695 79939 3.0 2.98
696 80029 3.0 2.98
697 80133 3.0 2.98
698 80205 3.0 2.98
699 80279 3.0 2.98
700 80371 3.0 2.98
701 80506 3.0 2.98
702 80595 3.0 2.98
703 80667 3.0 2.98
704 80746 3.0 2.98
705 80815 3.0 2.98
706 80911 3.0 2.98
707 80980 3.0 2.98
708 81055 3.0 2.98
709 81144 3.0 2.98
710 81221 3.0 2.98
711 81305 3.0 2.98
712 81466 3.0 2.98
713 81548 3.0 2.98
714 81646 3.0 2.98
715 81721 3.0 2.98
716 81791 3.0 2.98
717 81863 3.0 2.98
718 81931 3.0 2.98
719 82011 3.0 2.98
720 82089 3.0 2.98
721 82148 3.0 2.98
722 82255 3.0 2.98
723 82378 3.0 2.98
724 82464 3.0 2.98
725 82566 3.0 2.98
726 82639 3.0 2.98
727 82739 3.0 2.98
728 82854 3.0 2.98
729 82931 3.0 2.98
730 83009 3.0 2.98
731 83095 3.0 2.98
732 83192 3.0 2.98
733 83313 3.0 2.98
734 83390 3.0 2.98
735 83484 3.0 2.98
736 83612 3.0 2.98
737 83710 3.0 2.98
738 83802 3.0 2.98
739 83893 3.0 2.98
740 83973 3.0 2.98
741 84091 3.0 2.98
742 84191 3.0 2.98
743 84257 3.0 2.98
744 84377 3.0 2.98
745 84513 3.0 2.98
746 84613 3.0 2.98
747 84722 3.0 2.98
748 84836 3.0 2.98
749 84954 3.0 2.98
750 85042 3.0 2.98
751 85139 3.0 2.98
752 85204 3.0 2.98
753 85272 3.0 2.98
754 85384 3.0 2.98
755 85459 3.0 2.98
756 85612 3.0 2.98
757 85693 3.0 2.98
758 85800 3.0 2.98
759 85876 3.0 2.98
760 85989 3.0 2.98
761 86083 3.0 2.98
762 86166 3.0 2.98
763 86255 3.0 2.98
764 86371 3.0 2.98
765 86455 3.0 2.98
766 86557 3.0 2.98
767 86621 3.0 2.98
768 86711 3.0 2.98
769 86788 3.0 2.98
770 86871 3.0 2.98
771 86939 3.0 2.98
772 87011 3.0 2.98
773 87093 3.0 2.98
774 87182 3.0 2.98
775 87260 3.0 2.98
776 87332 3.0 2.98
777 87427 3.0 2.98
778 87532 3.0 3.0
779 87646 3.0 3.0
780 87735 3.0 3.0
781 87848 3.0 3.0
782 87906 3.0 3.0
783 87994 3.0 3.0
784 88160 3.0 3.0
785 88241 3.0 3.0
786 88299 3.0 3.0
787 88451 3.0 3.0
788 88536 3.0 3.0
789 88741 3.0 3.0
790 88823 3.0 3.0
791 88886 3.0 3.0
792 89076 3.0 3.0
793 89151 3.0 3.0
794 89286 3.0 3.0
795 89385 3.0 3.0
796 89447 3.0 3.0
797 89520 3.0 3.0
798 89593 3.0 3.0
799 89652 3.0 3.0
800 89733 3.0 3.0
801 89860 3.0 3.0
802 89952 3.0 3.0
803 90040 3.0 3.0
804 90187 3.0 3.0
805 90266 3.0 3.0
806 90332 3.0 3.0
807 90398 3.0 3.0
808 90501 3.0 3.0
809 90586 3.0 3.0
810 90690 3.0 3.0
811 90760 3.0 3.0
812 90836 3.0 3.0
813 90908 3.0 3.0
814 90978 3.0 3.0
815 91046 3.0 3.0
816 91114 3.0 3.0
817 91185 3.0 3.0
818 91262 3.0 3.0
819 91324 3.0 3.0
820 91425 3.0 3.0
821 91500 3.0 3.0
822 91610 3.0 3.0
823 91677 3.0 3.0
824 91746 3.0 3.0
825 91822 3.0 3.0
826 91915 3.0 3.0
827 91986 3.0 3.0
828 92074 3.0 3.0
829 92142 3.0 3.0
830 92222 3.0 3.0
831 92305 3.0 3.0
832 92380 3.0 3.0
833 92453 3.0 3.0
834 92582 3.0 3.0
835 92658 3.0 3.0
836 92741 3.0 3.0
837 92827 3.0 3.0
838 92899 3.0 3.0
839 92974 3.0 3.0
840 93035 3.0 3.0
841 93110 3.0 3.0
842 93244 3.0 3.0
843 93313 3.0 3.0
844 93391 3.0 3.0
845 93472 3.0 3.0
846 93560 3.0 3.0
847 93629 3.0 3.0
848 93705 3.0 3.0
849 93776 3.0 3.0
850 93834 3.0 3.0
851 93913 3.0 3.0
852 94014 3.0 3.0
853 94080 3.0 3.0
854 94176 3.0 3.0
855 94244 3.0 3.0
856 94330 3.0 3.0
857 94388 3.0 3.0
858 94443 3.0 3.0
859 94508 3.0 3.0
860 94629 3.0 3.0
861 94701 3.0 3.0
862 94775 3.0 3.0
863 94875 3.0 3.0
864 94958 3.0 3.0
865 95033 3.0 3.0
866 95110 3.0 3.0
867 95206 3.0 3.0
868 95292 3.0 3.0
869 95391 3.0 3.0
870 95465 3.0 3.0
871 95554 3.0 3.0
872 95628 3.0 3.0
873 95710 3.0 3.0
874 95783 3.0 3.0
875 95851 3.0 3.0
876 95917 3.0 3.0
877 96056 3.0 3.0
878 96128 3.0 3.0
879 96205 3.0 3.0
880 96295 3.0 3.0
881 96363 3.0 3.0
882 96441 3.0 3.0
883 96503 3.0 3.0
884 96599 3.0 3.0
885 96679 3.0 3.0
886 96766 3.0 3.0
887 96890 3.0 3.0
888 96954 3.0 3.0
889 97027 3.0 3.0
890 97108 3.0 3.0
891 97179 3.0 3.0
892 97277 3.0 3.0
893 97366 3.0 3.0
894 97448 3.0 3.0
895 97513 3.0 3.0
896 97617 3.0 3.0
897 97721 3.0 3.0
898 97922 3.0 3.0
899 98039 3.0 3.0
900 98145 3.0 3.0
901 98227 3.0 3.0
902 98291 3.0 3.0
903 98378 3.0 3.0
904 98447 3.0 3.0
905 98516 3.0 3.0
906 98590 3.0 3.0
907 98704 3.0 3.0
908 98775 3.0 3.0
909 98918 3.0 3.0
910 98990 3.0 3.0
911 99098 3.0 3.0
912 99167 3.0 3.0
913 99226 3.0 3.0
914 99319 3.0 3.0
915 99394 3.0 3.0
916 99462 3.0 3.0
917 99523 3.0 3.0
918 99622 3.0 3.0
919 99697 3.0 3.0
920 99758 3.0 3.0
921 99885 3.0 3.0
922 99960 3.0 3.0
923 100073 3.0 3.0
924 100152 3.0 3.0
925 100234 3.0 3.0
926 100346 3.0 3.0
927 100453 3.0 3.0
928 100519 3.0 3.0
929 100625 3.0 3.0
930 100696 3.0 3.0
931 100770 3.0 3.0
932 100842 3.0 3.0
933 100914 3.0 3.0
934 100997 3.0 3.0
935 101073 3.0 3.0
936 101138 3.0 3.0
937 101217 3.0 3.0
938 101356 3.0 3.0
939 101431 3.0 3.0
940 101515 3.0 3.0
941 101584 3.0 3.0
942 101665 3.0 3.0
943 101743 3.0 3.0
944 101849 3.0 3.0
945 101923 3.0 3.0
946 101988 3.0 3.0
947 102082 3.0 3.0
948 102196 3.0 3.0
949 102282 3.0 3.0
950 102350 3.0 3.0
951 102424 3.0 3.0
952 102505 3.0 3.0
953 102579 3.0 3.0
954 102643 3.0 3.0
955 102755 3.0 3.0
956 102897 3.0 3.0
957 102970 3.0 3.0
958 103108 3.0 3.0
959 103231 3.0 3.0
960 103297 3.0 3.0
961 103375 3.0 3.0
962 103462 3.0 3.0
963 103546 3.0 3.0
964 103640 3.0 3.0
965 103734 3.0 3.0
966 103792 3.0 3.0
967 103862 3.0 3.0
968 103926 3.0 3.0
969 104011 3.0 3.0
970 104137 3.0 3.0
971 104238 3.0 3.0
972 104345 3.0 3.0
973 104433 3.0 3.0
974 104506 3.0 3.0
975 104567 3.0 3.0
976 104725 3.0 3.0
977 104803 3.0 3.0
978 104877 3.0 3.0
979 104954 3.0 3.0
980 105072 3.0 3.0
981 105141 3.0 3.0
982 105211 3.0 3.0
983 105307 3.0 3.0
984 105408 3.0 3.0
985 105493 3.0 3.0
986 105635 3.0 3.0
987 105703 3.0 3.0
988 105783 3.0 3.0
989 105905 3.0 3.0
990 106018 3.0 3.0
991 106091 3.0 3.0
992 106151 3.0 3.0
993 106226 3.0 3.0
994 106289 3.0 3.0
995 106375 3.0 3.0
996 106445 3.0 3.0
997 106514 3.0 3.0
998 106617 3.0 3.0
999 106697 3.0 3.0
1000 106850 3.0 3.0
1001 106920 3.0 3.0
1002 107001 3.0 3.0
1003 107068 3.0 3.0
1004 107181 3.0 3.0
1005 107293 3.0 3.0
1006 107356 3.0 3.0
1007 107421 3.0 3.0
1008 107505 3.0 3.0
1009 107569 3.0 3.0
1010 107679 3.0 3.0
1011 107759 3.0 3.0
1012 107831 3.0 3.0
1013 107919 3.0 3.0
1014 107994 3.0 3.0
1015 108057 3.0 3.0
1016 108143 3.0 3.0
1017 108216 3.0 3.0
1018 108282 3.0 3.0
1019 108367 3.0 3.0
1020 108444 3.0 3.0
1021 108523 3.0 3.0
1022 108640 3.0 3.0
1023 108707 3.0 3.0
1024 108820 3.0 3.0
1025 108916 3.0 3.0
1026 109010 3.0 3.0
1027 109094 3.0 3.0
1028 109154 3.0 3.0
1029 109239 3.0 3.0
1030 109313 3.0 3.0
1031 109381 3.0 3.0
1032 109483 3.0 3.0
1033 109568 3.0 3.0
1034 109651 3.0 3.0
1035 109717 3.0 3.0
1036 109791 3.0 3.0
1037 109877 3.0 3.0
1038 109949 3.0 3.0
1039 110038 3.0 3.0
1040 110146 3.0 3.0
1041 110230 3.0 3.0
1042 110315 3.0 3.0
1043 110387 3.0 3.0
1044 110527 3.0 3.0
1045 110604 3.0 3.0
1046 110676 3.0 3.0
1047 110757 3.0 3.0
1048 110855 3.0 3.0
1049 110964 3.0 3.0
1050 111050 3.0 3.0
1051 111124 3.0 3.0
1052 111201 3.0 3.0
1053 111315 3.0 3.0
1054 111390 3.0 3.0
1055 111488 3.0 3.0
1056 111571 3.0 3.0
1057 111650 3.0 3.0
1058 111816 3.0 3.0
1059 111883 3.0 3.0
1060 111958 3.0 3.0
1061 112051 3.0 3.0
1062 112153 3.0 3.0
1063 112212 3.0 3.0
1064 112284 3.0 3.0
1065 112353 3.0 3.0
1066 112427 3.0 3.0
1067 112498 3.0 3.0
1068 112695 3.0 3.0
1069 112787 3.0 3.0
1070 112869 3.0 3.0
1071 112949 3.0 3.0
1072 113016 3.0 3.0
1073 113111 3.0 3.0
1074 113184 3.0 3.0
1075 113264 3.0 3.0
1076 113346 3.0 3.0
1077 113443 3.0 3.0
1078 113503 3.0 3.0
1079 113567 3.0 3.0
1080 113635 3.0 3.0
1081 113695 3.0 3.0
1082 113799 3.0 3.0
1083 113884 3.0 3.0
1084 114015 3.0 3.0
1085 114077 3.0 3.0
1086 114164 3.0 3.0
1087 114256 3.0 3.0
1088 114329 3.0 3.0
1089 114440 3.0 3.0
1090 114526 3.0 3.0
1091 114595 3.0 3.0
1092 114688 3.0 3.0
1093 114753 3.0 3.0
1094 114838 3.0 3.0
1095 114908 3.0 3.0
1096 114980 3.0 3.0
1097 115056 3.0 3.0
1098 115148 3.0 3.0
1099 115252 3.0 3.0
1100 115362 3.0 3.0
1101 115467 3.0 3.0
1102 115545 3.0 3.0
1103 115619 3.0 3.0
1104 115685 3.0 3.0
1105 115778 3.0 3.0
1106 115850 3.0 3.0
1107 115931 3.0 3.0
1108 116015 3.0 3.0
1109 116154 3.0 3.0
1110 116236 3.0 3.0
1111 116329 3.0 3.0
1112 116435 3.0 3.0
1113 116503 3.0 3.0
1114 116574 3.0 3.0
1115 116666 3.0 3.0
1116 116754 3.0 3.0
1117 116825 3.0 3.0
1118 116913 3.0 3.0
1119 116974 3.0 3.0
1120 117046 3.0 3.0
1121 117121 3.0 3.0
1122 117195 3.0 3.0
1123 117287 3.0 3.0
1124 117372 3.0 3.0
1125 117453 3.0 3.0
1126 117532 3.0 3.0
1127 117679 3.0 3.0
1128 117753 3.0 3.0
1129 117820 3.0 3.0
1130 117927 3.0 3.0
1131 118004 3.0 3.0
1132 118098 3.0 3.0
1133 118160 3.0 3.0
1134 118270 3.0 3.0
1135 118357 3.0 3.0
1136 118418 3.0 3.0
1137 118491 3.0 3.0
1138 118580 3.0 3.0
1139 118651 3.0 3.0
1140 118751 3.0 3.0
1141 118829 3.0 3.0
1142 118902 3.0 3.0
1143 118968 3.0 3.0
1144 119029 3.0 3.0
1145 119116 3.0 3.0
1146 119192 3.0 3.0
1147 119251 3.0 3.0
1148 119342 3.0 3.0
1149 119401 3.0 3.0
1150 119472 3.0 3.0
1151 119621 3.0 3.0
1152 119681 3.0 3.0
1153 119789 3.0 3.0
1154 119862 3.0 3.0
1155 119949 3.0 3.0
1156 120036 3.0 3.0
1157 120097 3.0 3.0
1158 120181 3.0 3.0
1159 120259 3.0 3.0
1160 120338 3.0 3.0
1161 120440 3.0 3.0
1162 120506 3.0 3.0
1163 120583 3.0 3.0
1164 120657 3.0 3.0
1165 120733 3.0 3.0
1166 120882 3.0 3.0
1167 120962 3.0 3.0
1168 121044 3.0 3.0
1169 121186 3.0 3.0
1170 121264 3.0 3.0
1171 121343 3.0 3.0
1172 121457 3.0 3.0
1173 121534 3.0 3.0
1174 121617 3.0 3.0
1175 121682 3.0 3.0
1176 121768 3.0 3.0
1177 121951 3.0 3.0
1178 122026 3.0 3.0
1179 122112 3.0 3.0
1180 122238 3.0 3.0
1181 122300 3.0 3.0
1182 122378 3.0 3.0
1183 122468 3.0 3.0
1184 122556 3.0 3.0
1185 122630 3.0 3.0
1186 122716 3.0 3.0
1187 122794 3.0 3.0
1188 122876 3.0 3.0
1189 123042 3.0 3.0
1190 123146 3.0 3.0
1191 123276 3.0 3.0
1192 123338 3.0 3.0
1193 123406 3.0 3.0
1194 123504 3.0 3.0
1195 123582 3.0 3.0
1196 123682 3.0 3.0
1197 123753 3.0 3.0
1198 123844 3.0 3.0
1199 123911 3.0 3.0
1200 123980 3.0 3.0
1201 124061 3.0 3.0
1202 124137 3.0 3.0
1203 124203 3.0 3.0
1204 124301 3.0 3.0
1205 124390 3.0 3.0
1206 124471 3.0 3.0
1207 124552 3.0 3.0
1208 124625 3.0 3.0
1209 124715 3.0 3.0
1210 124773 3.0 3.0
1211 124839 3.0 3.0
1212 124914 3.0 3.0
1213 124984 3.0 3.0
1214 125060 3.0 3.0
1215 125170 3.0 3.0
1216 125235 3.0 3.0
1217 125319 3.0 3.0
1218 125408 3.0 3.0
1219 125481 3.0 3.0
1220 125555 3.0 3.0
1221 125659 3.0 3.0
1222 125727 3.0 3.0
1223 125828 3.0 3.0
1224 125968 3.0 3.0
1225 126034 3.0 3.0
1226 126133 3.0 3.0
1227 126214 3.0 3.0
1228 126305 3.0 3.0
1229 126369 3.0 3.0
1230 126441 3.0 3.0
1231 126513 3.0 3.0
1232 126592 3.0 3.0
1233 126670 3.0 3.0
1234 126745 3.0 3.0
1235 126850 3.0 3.0
1236 126916 3.0 3.0
1237 126992 3.0 3.0
1238 127071 3.0 3.0
1239 127227 3.0 3.0
1240 127392 3.0 3.0
1241 127457 3.0 3.0
1242 127548 3.0 3.0
1243 127667 3.0 3.0
1244 127885 3.0 3.0
1245 128008 3.0 3.0
1246 128095 3.0 3.0
1247 128204 3.0 3.0
1248 128343 3.0 3.0
1249 128414 3.0 3.0
1250 128527 3.0 3.0
1251 128601 3.0 3.0
1252 128684 3.0 3.0
1253 128758 3.0 3.0
1254 128835 3.0 3.0
1255 128900 3.0 3.0
1256 128999 3.0 3.0
1257 129089 3.0 3.0
1258 129145 3.0 3.0
1259 129265 3.0 3.0
1260 129368 3.0 3.0
1261 129442 3.0 3.0
1262 129518 3.0 3.0
1263 129609 3.0 3.0
1264 129718 3.0 3.0
1265 129779 3.0 3.0
1266 129885 3.0 3.0
1267 130004 3.0 3.0
1268 130155 3.0 3.0
1269 130229 3.0 3.0
1270 130304 3.0 3.0
1271 130418 3.0 3.0
1272 130494 3.0 3.0
1273 130561 3.0 3.0
1274 130641 3.0 3.0
1275 130722 3.0 3.0
1276 130782 3.0 3.0
1277 130869 3.0 3.0
1278 130981 3.0 3.0
1279 131070 3.0 3.0
1280 131146 3.0 3.0
1281 131216 3.0 3.0
1282 131295 3.0 3.0
1283 131370 3.0 3.0
1284 131465 3.0 3.0
1285 131562 3.0 3.0
1286 131629 3.0 3.0
1287 131814 3.0 3.0
1288 131937 3.0 3.0
1289 132010 3.0 3.0
1290 132137 3.0 3.0
1291 132201 3.0 3.0
1292 132320 3.0 3.0
1293 132394 3.0 3.0
1294 132473 3.0 3.0
1295 132543 3.0 3.0
1296 132601 3.0 3.0
1297 132693 3.0 3.0
1298 132768 3.0 3.0
1299 132830 3.0 3.0
1300 132911 3.0 3.0
1301 132972 3.0 3.0
1302 133033 3.0 3.0
1303 133098 3.0 3.0
1304 133156 3.0 3.0
1305 133247 3.0 3.0
1306 133342 3.0 3.0
1307 133421 3.0 3.0
1308 133501 3.0 3.0
1309 133572 3.0 3.0
1310 133633 3.0 3.0
1311 133687 3.0 3.0
1312 133758 3.0 3.0
1313 133845 3.0 3.0
1314 133932 3.0 3.0
1315 134108 3.0 3.0
1316 134206 3.0 3.0
1317 134276 3.0 3.0
1318 134357 3.0 3.0
1319 134442 3.0 3.0
1320 134523 3.0 3.0
1321 134593 3.0 3.0
1322 134699 3.0 3.0
1323 134785 3.0 3.0
1324 134847 3.0 3.0
1325 134907 3.0 3.0
1326 134975 3.0 3.0
1327 135086 3.0 3.0
1328 135164 3.0 3.0
1329 135262 3.0 3.0
1330 135447 3.0 3.0
1331 135523 3.0 3.0
1332 135586 3.0 3.0
1333 135655 3.0 3.0
1334 135782 3.0 3.0
1335 135853 3.0 3.0
1336 135937 3.0 3.0
1337 136017 3.0 3.0
1338 136090 3.0 3.0
1339 136201 3.0 3.0
1340 136312 3.0 3.0
1341 136387 3.0 3.0
1342 136454 3.0 3.0
1343 136525 3.0 3.0
1344 136593 3.0 3.0
1345 136737 3.0 3.0
1346 136832 3.0 3.0
1347 136896 3.0 3.0
1348 136965 3.0 3.0
1349 137026 3.0 3.0
1350 137105 3.0 3.0
1351 137182 3.0 3.0
1352 137262 3.0 3.0
1353 137353 3.0 3.0
1354 137410 3.0 3.0
1355 137530 3.0 3.0
1356 137610 3.0 3.0
1357 137741 3.0 3.0
1358 137827 3.0 3.0
1359 137898 3.0 3.0
1360 137964 3.0 3.0
1361 138038 3.0 3.0
1362 138124 3.0 3.0
1363 138207 3.0 3.0
1364 138287 3.0 3.0
1365 138358 3.0 3.0
1366 138454 3.0 3.0
1367 138591 3.0 3.0
1368 138677 3.0 3.0
1369 138757 3.0 3.0
1370 138829 3.0 3.0
1371 138894 3.0 3.0
1372 138980 3.0 3.0
1373 139052 3.0 3.0
1374 139238 3.0 3.0
1375 139334 3.0 3.0
1376 139435 3.0 3.0
1377 139511 3.0 3.0
1378 139598 3.0 3.0
1379 139678 3.0 3.0
1380 139779 3.0 3.0
1381 139866 3.0 3.0
1382 139966 3.0 3.0
1383 140074 3.0 3.0
1384 140162 3.0 3.0
1385 140230 3.0 3.0
1386 140305 3.0 3.0
1387 140381 3.0 3.0
1388 140462 3.0 3.0
1389 140537 3.0 3.0
1390 140622 3.0 3.0
1391 140694 3.0 3.0
1392 140777 3.0 3.0
1393 140849 3.0 3.0
1394 140932 3.0 3.0
1395 140993 3.0 3.0
1396 141078 3.0 3.0
1397 141148 3.0 3.0
1398 141213 3.0 3.0
1399 141285 3.0 3.0
1400 141435 3.0 3.0
1401 141511 3.0 3.0
1402 141583 3.0 3.0
1403 141725 3.0 3.0
1404 141810 3.0 3.0
1405 141899 3.0 3.0
1406 141971 3.0 3.0
1407 142039 3.0 3.0
1408 142118 3.0 3.0
1409 142192 3.0 3.0
1410 142274 3.0 3.0
1411 142366 3.0 3.0
1412 142436 3.0 3.0
1413 142513 3.0 3.0
1414 142596 3.0 3.0
1415 142658 3.0 3.0
1416 142730 3.0 3.0
1417 142797 3.0 3.0
1418 142860 3.0 3.0
1419 142931 3.0 3.0
1420 143046 3.0 3.0
1421 143123 3.0 3.0
1422 143268 3.0 3.0
1423 143346 3.0 3.0
1424 143436 3.0 3.0
1425 143529 3.0 3.0
1426 143592 3.0 3.0
1427 143680 3.0 3.0
1428 143738 3.0 3.0
1429 143855 3.0 3.0
1430 143926 3.0 3.0
1431 143992 3.0 3.0
1432 144077 3.0 3.0
1433 144196 3.0 3.0
1434 144255 3.0 3.0
1435 144323 3.0 3.0
1436 144403 3.0 3.0
1437 144474 3.0 3.0
1438 144541 3.0 3.0
1439 144605 3.0 3.0
1440 144684 3.0 3.0
1441 144780 3.0 3.0
1442 144869 3.0 3.0
1443 144970 3.0 3.0
1444 145051 3.0 3.0
1445 145141 3.0 3.0
1446 145213 3.0 3.0
1447 145297 3.0 3.0
1448 145373 3.0 3.0
1449 145438 3.0 3.0
1450 145641 3.0 3.0
1451 145760 3.0 3.0
1452 145837 3.0 3.0
1453 145913 3.0 3.0
1454 146013 3.0 3.0
1455 146077 3.0 3.0
1456 146158 3.0 3.0
1457 146246 3.0 3.0
1458 146305 3.0 3.0
1459 146386 3.0 3.0
1460 146500 3.0 3.0
1461 146579 3.0 3.0
1462 146648 3.0 3.0
1463 146701 3.0 3.0
1464 146783 3.0 3.0
1465 146842 3.0 3.0
1466 146909 3.0 3.0
1467 147020 3.0 3.0
1468 147094 3.0 3.0
1469 147165 3.0 3.0
1470 147241 3.0 3.0
1471 147301 3.0 3.0
1472 147392 3.0 3.0
1473 147546 3.0 3.0
1474 147619 3.0 3.0
1475 147698 3.0 3.0
1476 147779 3.0 3.0
1477 147858 3.0 3.0
1478 147938 3.0 3.0
1479 148005 3.0 3.0
1480 148098 3.0 3.0
1481 148192 3.0 3.0
1482 148255 3.0 3.0
1483 148554 3.0 3.0
1484 148654 3.0 3.0
1485 148729 3.0 3.0
1486 148851 3.0 3.0
1487 148933 3.0 3.0
1488 149002 3.0 3.0
1489 149158 3.0 3.0
1490 149254 3.0 3.0
1491 149317 3.0 3.0
1492 149426 3.0 3.0
1493 149492 3.0 3.0
1494 149563 3.0 3.0
1495 149634 3.0 3.0
1496 149715 3.0 3.0
1497 149779 3.0 3.0
1498 149854 3.0 3.0
1499 150027 3.0 3.0
1500 150092 3.0 3.0
1501 150160 3.0 3.0
1502 150221 3.0 3.0
1503 150308 3.0 3.0
1504 150373 3.0 3.0
1505 150467 3.0 3.0
1506 150538 3.0 3.0
1507 150648 3.0 3.0
1508 150720 3.0 3.0
1509 150812 3.0 3.0
1510 150894 3.0 3.0
1511 150972 3.0 3.0
1512 151051 3.0 3.0
1513 151126 3.0 3.0
1514 151204 3.0 3.0
1515 151275 3.0 3.0
1516 151355 3.0 3.0
1517 151431 3.0 3.0
1518 151500 3.0 3.0
1519 151636 3.0 3.0
1520 151696 3.0 3.0
1521 151768 3.0 3.0
1522 151833 3.0 3.0
1523 151927 3.0 3.0
1524 151988 3.0 3.0
1525 152081 3.0 3.0
1526 152149 3.0 3.0
1527 152210 3.0 3.0
1528 152272 3.0 3.0
1529 152354 3.0 3.0
1530 152421 3.0 3.0
1531 152499 3.0 3.0
1532 152563 3.0 3.0
1533 152633 3.0 3.0
1534 152703 3.0 3.0
1535 152776 3.0 3.0
1536 152868 3.0 3.0
1537 152940 3.0 3.0
1538 153040 3.0 3.0
1539 153106 3.0 3.0
1540 153176 3.0 3.0
1541 153239 3.0 3.0
1542 153323 3.0 3.0
1543 153401 3.0 3.0
1544 153482 3.0 3.0
1545 153564 3.0 3.0
1546 153634 3.0 3.0
1547 153700 3.0 3.0
1548 153762 3.0 3.0
1549 153854 3.0 3.0
1550 153945 3.0 3.0
1551 154036 3.0 3.0
1552 154185 3.0 3.0
1553 154260 3.0 3.0
1554 154333 3.0 3.0
1555 154430 3.0 3.0
1556 154545 3.0 3.0
1557 154637 3.0 3.0
1558 154703 3.0 3.0
1559 154776 3.0 3.0
1560 154852 3.0 3.0
1561 154932 3.0 3.0
1562 155004 3.0 3.0
1563 155088 3.0 3.0
1564 155159 3.0 3.0
1565 155291 3.0 3.0
1566 155395 3.0 3.0
1567 155472 3.0 3.0
1568 155532 3.0 3.0
1569 155599 3.0 3.0
1570 155678 3.0 3.0
1571 155764 3.0 3.0
1572 155840 3.0 3.0
1573 155928 3.0 3.0
1574 156005 3.0 3.0
1575 156068 3.0 3.0
1576 156157 3.0 3.0
1577 156229 3.0 3.0
1578 156319 3.0 3.0
1579 156446 3.0 3.0
1580 156505 3.0 3.0
1581 156579 3.0 3.0
1582 156656 3.0 3.0
1583 156740 3.0 3.0
1584 156819 3.0 3.0
1585 156883 3.0 3.0
1586 156973 3.0 3.0
1587 157053 3.0 3.0
1588 157113 3.0 3.0
1589 157193 3.0 3.0
1590 157274 3.0 3.0
1591 157356 3.0 3.0
1592 157429 3.0 3.0
1593 157501 3.0 3.0
1594 157565 3.0 3.0
1595 157652 3.0 3.0
1596 157722 3.0 3.0
1597 157786 3.0 3.0
1598 157886 3.0 3.0
1599 158012 3.0 3.0
1600 158114 3.0 3.0
1601 158213 3.0 3.0
1602 158320 3.0 3.0
1603 158419 3.0 3.0
1604 158488 3.0 3.0
1605 158555 3.0 3.0
1606 158632 3.0 3.0
1607 158717 3.0 3.0
1608 158851 3.0 3.0
1609 158986 3.0 3.0
1610 159035 3.0 3.0
1611 159093 3.0 3.0
1612 159171 3.0 3.0
1613 159246 3.0 3.0
1614 159319 3.0 3.0
1615 159391 3.0 3.0
1616 159485 3.0 3.0
1617 159552 3.0 3.0
1618 159636 3.0 3.0
1619 159820 3.0 3.0
1620 159897 3.0 3.0
1621 160016 3.0 3.0
1622 160091 3.0 3.0
1623 160157 3.0 3.0
1624 160303 3.0 3.0
1625 160374 3.0 3.0
1626 160462 3.0 3.0
1627 160539 3.0 3.0
1628 160666 3.0 3.0
1629 160748 3.0 3.0
1630 160834 3.0 3.0
1631 160910 3.0 3.0
1632 160971 3.0 3.0
1633 161041 3.0 3.0
1634 161123 3.0 3.0
1635 161184 3.0 3.0
1636 161280 3.0 3.0
1637 161358 3.0 3.0
1638 161461 3.0 3.0
1639 161643 3.0 3.0
1640 161721 3.0 3.0
1641 161799 3.0 3.0
1642 161881 3.0 3.0
1643 161955 3.0 3.0
1644 162024 3.0 3.0
1645 162087 3.0 3.0
1646 162141 3.0 3.0
1647 162234 3.0 3.0
1648 162331 3.0 3.0
1649 162391 3.0 3.0
1650 162458 3.0 3.0
1651 162546 3.0 3.0
1652 162642 3.0 3.0
1653 162716 3.0 3.0
1654 162785 3.0 3.0
1655 162865 3.0 3.0
1656 162942 3.0 3.0
1657 163071 3.0 3.0
1658 163189 3.0 3.0
1659 163251 3.0 3.0
1660 163389 3.0 3.0
1661 163479 3.0 3.0
1662 163585 3.0 3.0
1663 163706 3.0 3.0
1664 163817 3.0 3.0
1665 163887 3.0 3.0
1666 163948 3.0 3.0
1667 164020 3.0 3.0
1668 164111 3.0 3.0
1669 164197 3.0 3.0
1670 164264 3.0 3.0
1671 164356 3.0 3.0
1672 164436 3.0 3.0
1673 164507 3.0 3.0
1674 164596 3.0 3.0
1675 164669 3.0 3.0
1676 164777 3.0 3.0
1677 164845 3.0 3.0
1678 164929 3.0 3.0
1679 165007 3.0 3.0
1680 165130 3.0 3.0
1681 165251 3.0 3.0
1682 165391 3.0 3.0
1683 165464 3.0 3.0
1684 165589 3.0 3.0
1685 165677 3.0 3.0
1686 165779 3.0 3.0
1687 165838 3.0 3.0
1688 165904 3.0 3.0
1689 165992 3.0 3.0
1690 166063 3.0 3.0
1691 166139 3.0 3.0
1692 166205 3.0 3.0
1693 166339 3.0 3.0
1694 166399 3.0 3.0
1695 166460 3.0 3.0
1696 166526 3.0 3.0
1697 166638 3.0 3.0
1698 166717 3.0 3.0
1699 166787 3.0 3.0
1700 166844 3.0 3.0
1701 166931 3.0 3.0
1702 166997 3.0 3.0
1703 167070 3.0 3.0
1704 167125 3.0 3.0
1705 167196 3.0 3.0
1706 167261 3.0 3.0
1707 167339 3.0 3.0
1708 167450 3.0 3.0
1709 167579 3.0 3.0
1710 167735 3.0 3.0
1711 167794 3.0 3.0
1712 167866 3.0 3.0
1713 167939 3.0 3.0
1714 168008 3.0 3.0
1715 168099 3.0 3.0
1716 168170 3.0 3.0
1717 168442 3.0 3.0
1718 168553 3.0 3.0
1719 168625 3.0 3.0
1720 168742 3.0 3.0
1721 168846 3.0 3.0
1722 168948 3.0 3.0
1723 169031 3.0 3.0
1724 169120 3.0 3.0
1725 169188 3.0 3.0
1726 169293 3.0 3.0
1727 169358 3.0 3.0
1728 169446 3.0 3.0
1729 169527 3.0 3.0
1730 169612 3.0 3.0
1731 169711 3.0 3.0
1732 169813 3.0 3.0
1733 169879 3.0 3.0
1734 169958 3.0 3.0
1735 170022 3.0 3.0
1736 170092 3.0 3.0
1737 170201 3.0 3.0
1738 170335 3.0 3.0
1739 170409 3.0 3.0
1740 170490 3.0 3.0
1741 170563 3.0 3.0
1742 170660 3.0 3.0
1743 170790 3.0 3.0
1744 170861 3.0 3.0
1745 170946 3.0 3.0
1746 171075 3.0 3.0
1747 171204 3.0 3.0
1748 171300 3.0 3.0
1749 171366 3.0 3.0
1750 171451 3.0 3.0
1751 171536 3.0 3.0
1752 171607 3.0 3.0
1753 171681 3.0 3.0
1754 171768 3.0 3.0
1755 171862 3.0 3.0
1756 171957 3.0 3.0
1757 172038 3.0 3.0
1758 172107 3.0 3.0
1759 172183 3.0 3.0
1760 172273 3.0 3.0
1761 172358 3.0 3.0
1762 172430 3.0 3.0
1763 172514 3.0 3.0
1764 172589 3.0 3.0
1765 172672 3.0 3.0
1766 172737 3.0 3.0
1767 172808 3.0 3.0
1768 172884 3.0 3.0
1769 172969 3.0 3.0
1770 173116 3.0 3.0
1771 173240 3.0 3.0
1772 173344 3.0 3.0
1773 173417 3.0 3.0
1774 173480 3.0 3.0
1775 173595 3.0 3.0
1776 173779 3.0 3.0
1777 173861 3.0 3.0
1778 173976 3.0 3.0
1779 174043 3.0 3.0
1780 174104 3.0 3.0
1781 174166 3.0 3.0
1782 174242 3.0 3.0
1783 174339 3.0 3.0
1784 174420 3.0 3.0
1785 174485 3.0 3.0
1786 174557 3.0 3.0
1787 174653 3.0 3.0
1788 174818 3.0 3.0
1789 174885 3.0 3.0
1790 175057 3.0 3.0
1791 175235 3.0 3.0
1792 175315 3.0 3.0
1793 175380 3.0 3.0
1794 175444 3.0 3.0
1795 175520 3.0 3.0
1796 175577 3.0 3.0
1797 175660 3.0 3.0
1798 175727 3.0 3.0
1799 175827 3.0 3.0
1800 176073 3.0 3.0
1801 176168 3.0 3.0
1802 176246 3.0 3.0
1803 176315 3.0 3.0
1804 176398 3.0 3.0
1805 176493 3.0 3.0
1806 176591 3.0 3.0
1807 176766 3.0 3.0
1808 176825 3.0 3.0
1809 176898 3.0 3.0
1810 176991 3.0 3.0
1811 177064 3.0 3.0
1812 177151 3.0 3.0
1813 177249 3.0 3.0
1814 177317 3.0 3.0
1815 177418 3.0 3.0
1816 177493 3.0 3.0
1817 177573 3.0 3.0
1818 177651 3.0 3.0
1819 177732 3.0 3.0
1820 177807 3.0 3.0
1821 177885 3.0 3.0
1822 177937 3.0 3.0
1823 178008 3.0 3.0
1824 178080 3.0 3.0
1825 178153 3.0 3.0
1826 178235 3.0 3.0
1827 178317 3.0 3.0
1828 178399 3.0 3.0
1829 178508 3.0 3.0
1830 178617 3.0 3.0
1831 178701 3.0 3.0
1832 178800 3.0 3.0
1833 178882 3.0 3.0
1834 178956 3.0 3.0
1835 179015 3.0 3.0
1836 179116 3.0 3.0
1837 179207 3.0 3.0
1838 179265 3.0 3.0
1839 179383 3.0 3.0
1840 179467 3.0 3.0
1841 179545 3.0 3.0
1842 179622 3.0 3.0
1843 179702 3.0 3.0
1844 179798 3.0 3.0
1845 179882 3.0 3.0
1846 179949 3.0 3.0
1847 180022 3.0 3.0
1848 180106 3.0 3.0
1849 180231 3.0 3.0
1850 180351 3.0 3.0
1851 180474 3.0 3.0
1852 180551 3.0 3.0
1853 180627 3.0 3.0
1854 180684 3.0 3.0
1855 180762 3.0 3.0
1856 180826 3.0 3.0
1857 180943 3.0 3.0
1858 181002 3.0 3.0
1859 181066 3.0 3.0
1860 181145 3.0 3.0
1861 181218 3.0 3.0
1862 181317 3.0 3.0
1863 181396 3.0 3.0
1864 181470 3.0 3.0
1865 181558 3.0 3.0
1866 181651 3.0 3.0
1867 181792 3.0 3.0
1868 181861 3.0 3.0
1869 181929 3.0 3.0
1870 182007 3.0 3.0
1871 182085 3.0 3.0
1872 182162 3.0 3.0
1873 182234 3.0 3.0
1874 182443 3.0 3.0
1875 182601 3.0 3.0
1876 182683 3.0 3.0
1877 182747 3.0 3.0
1878 182814 3.0 3.0
1879 182895 3.0 3.0
1880 182970 3.0 3.0
1881 183041 3.0 3.0
1882 183109 3.0 3.0
1883 183186 3.0 3.0
1884 183252 3.0 3.0
1885 183321 3.0 3.0
1886 183401 3.0 3.0
1887 183469 3.0 3.0
1888 183534 3.0 3.0
1889 183597 3.0 3.0
1890 183673 3.0 3.0
1891 183741 3.0 3.0
1892 183801 3.0 3.0
1893 183896 3.0 3.0
1894 183987 3.0 3.0
1895 184079 3.0 3.0
1896 184150 3.0 3.0
1897 184225 3.0 3.0
1898 184326 3.0 3.0
1899 184397 3.0 3.0
1900 184459 3.0 3.0
1901 184529 3.0 3.0
1902 184635 3.0 3.0
1903 184713 3.0 3.0
1904 184865 3.0 3.0
1905 184949 3.0 3.0
1906 185034 3.0 3.0
1907 185114 3.0 3.0
1908 185201 3.0 3.0
1909 185341 3.0 3.0
1910 185413 3.0 3.0
1911 185479 3.0 3.0
1912 185547 3.0 3.0
1913 185653 3.0 3.0
1914 185711 3.0 3.0
1915 185775 3.0 3.0
1916 185842 3.0 3.0
1917 185913 3.0 3.0
1918 186005 3.0 3.0
1919 186146 3.0 3.0
1920 186224 3.0 3.0
1921 186310 3.0 3.0
1922 186379 3.0 3.0
1923 186466 3.0 3.0
1924 186613 3.0 3.0
1925 186681 3.0 3.0
1926 186771 3.0 3.0
1927 186837 3.0 3.0
1928 186925 3.0 3.0
1929 187002 3.0 3.0
1930 187066 3.0 3.0
1931 187137 3.0 3.0
1932 187270 3.0 3.0
1933 187369 3.0 3.0
1934 187450 3.0 3.0
1935 187509 3.0 3.0
1936 187578 3.0 3.0
1937 187667 3.0 3.0
1938 187745 3.0 3.0
1939 187818 3.0 3.0
1940 188009 3.0 3.0
1941 188068 3.0 3.0
1942 188139 3.0 3.0
1943 188197 3.0 3.0
1944 188257 3.0 3.0
1945 188329 3.0 3.0
1946 188396 3.0 3.0
1947 188475 3.0 3.0
1948 188582 3.0 3.0
1949 188663 3.0 3.0
1950 188733 3.0 3.0
1951 188807 3.0 3.0
1952 188934 3.0 3.0
1953 189029 3.0 3.0
1954 189100 3.0 3.0
1955 189180 3.0 3.0
1956 189249 3.0 3.0
1957 189355 3.0 3.0
1958 189429 3.0 3.0
1959 189487 3.0 3.0
1960 189574 3.0 3.0
1961 189629 3.0 3.0
1962 189701 3.0 3.0
1963 189768 3.0 3.0
1964 189852 3.0 3.0
1965 189923 3.0 3.0
1966 190009 3.0 3.0
1967 190078 3.0 3.0
1968 190152 3.0 3.0
1969 190240 3.0 3.0
1970 190339 3.0 3.0
1971 190422 3.0 3.0
1972 190508 3.0 3.0
1973 190608 3.0 3.0
1974 190686 3.0 3.0
1975 190775 3.0 3.0
1976 190855 3.0 3.0
1977 190931 3.0 3.0
1978 191009 3.0 3.0
1979 191099 3.0 3.0
1980 191164 3.0 3.0
1981 191232 3.0 3.0
1982 191296 3.0 3.0
1983 191372 3.0 3.0
1984 191431 3.0 3.0
1985 191506 3.0 3.0
1986 191578 3.0 3.0
1987 191656 3.0 3.0
1988 191744 3.0 3.0
1989 191829 3.0 3.0
1990 191913 3.0 3.0
1991 191977 3.0 3.0
1992 192045 3.0 3.0
1993 192147 3.0 3.0
1994 192237 3.0 3.0
1995 192309 3.0 3.0
1996 192441 3.0 3.0
1997 192514 3.0 3.0
1998 192596 3.0 3.0
1999 192690 3.0 3.0
2000 192772 3.0 3.0
2001 192825 3.0 3.0
2002 192893 3.0 3.0
2003 192994 3.0 3.0
2004 193062 3.0 3.0
2005 193133 3.0 3.0
2006 193270 3.0 3.0
2007 193349 3.0 3.0
2008 193438 3.0 3.0
2009 193506 3.0 3.0
2010 193576 3.0 3.0
2011 193643 3.0 3.0
2012 193708 3.0 3.0
2013 193786 3.0 3.0
2014 193862 3.0 3.0
2015 193922 3.0 3.0
2016 194025 3.0 3.0
2017 194087 3.0 3.0
2018 194163 3.0 3.0
2019 194241 3.0 3.0
2020 194332 3.0 3.0
2021 194403 3.0 3.0
2022 194471 3.0 3.0
2023 194545 3.0 3.0
2024 194643 3.0 3.0
2025 194760 3.0 3.0
2026 194834 3.0 3.0
2027 194903 3.0 3.0
2028 194992 3.0 3.0
2029 195079 3.0 3.0
2030 195142 3.0 3.0
2031 195226 3.0 3.0
2032 195291 3.0 3.0
2033 195359 3.0 3.0
2034 195416 3.0 3.0
2035 195497 3.0 3.0
2036 195564 3.0 3.0
2037 195626 3.0 3.0
2038 195713 3.0 3.0
2039 195820 3.0 3.0
2040 195958 3.0 3.0
2041 196022 3.0 3.0
2042 196092 3.0 3.0
2043 196191 3.0 3.0
2044 196250 3.0 3.0
2045 196353 3.0 3.0
2046 196426 3.0 3.0
2047 196506 3.0 3.0
2048 196574 3.0 3.0
2049 196656 3.0 3.0
2050 196740 3.0 3.0
2051 196816 3.0 3.0
2052 196888 3.0 3.0
2053 196967 3.0 3.0
2054 197047 3.0 3.0
2055 197126 3.0 3.0
2056 197230 3.0 3.0
2057 197317 3.0 3.0
2058 197395 3.0 3.0
2059 197485 3.0 3.0
2060 197547 3.0 3.0
2061 197601 3.0 3.0
2062 197666 3.0 3.0
2063 197746 3.0 3.0
2064 197824 3.0 3.0
2065 197896 3.0 3.0
2066 198046 3.0 3.0
2067 198129 3.0 3.0
2068 198198 3.0 3.0
2069 198320 3.0 3.0
2070 198412 3.0 3.0
2071 198489 3.0 3.0
2072 198560 3.0 3.0
2073 198617 3.0 3.0
2074 198680 3.0 3.0
2075 198842 3.0 3.0
2076 198907 3.0 3.0
2077 198982 3.0 3.0
2078 199061 3.0 3.0
2079 199136 3.0 3.0
2080 199219 3.0 3.0
2081 199291 3.0 3.0
2082 199381 3.0 3.0
2083 199455 3.0 3.0
2084 199546 3.0 3.0
2085 199640 3.0 3.0
2086 199771 3.0 3.0
2087 199833 3.0 3.0
2088 199914 3.0 3.0
2089 199977 3.0 3.0
2090 200040 3.0 3.0
2091 200100 3.0 3.0
2092 200175 3.0 3.0
2093 200266 3.0 3.0
2094 200340 3.0 3.0
2095 200399 3.0 3.0
2096 200457 3.0 3.0
2097 200523 3.0 3.0
2098 200611 3.0 3.0
2099 200669 3.0 3.0
2100 200745 3.0 3.0
2101 200807 3.0 3.0
2102 200879 3.0 3.0
2103 200987 3.0 3.0
2104 201066 3.0 3.0
2105 201159 3.0 3.0
2106 201268 3.0 3.0
2107 201338 3.0 3.0
2108 201430 3.0 3.0
2109 201544 3.0 3.0
2110 201617 3.0 3.0
2111 201696 3.0 3.0
2112 201771 3.0 3.0
2113 201855 3.0 3.0
2114 201960 3.0 3.0
2115 202053 3.0 3.0
2116 202190 3.0 3.0
2117 202271 3.0 3.0
2118 202335 3.0 3.0
2119 202392 3.0 3.0
2120 202455 3.0 3.0
2121 202524 3.0 3.0
2122 202597 3.0 3.0
2123 202653 3.0 3.0
2124 202720 3.0 3.0
2125 202785 3.0 3.0
2126 202866 3.0 3.0
2127 202960 3.0 3.0
2128 203051 3.0 3.0
2129 203124 3.0 3.0
2130 203214 3.0 3.0
2131 203291 3.0 3.0
2132 203365 3.0 3.0
2133 203460 3.0 3.0
2134 203523 3.0 3.0
2135 203645 3.0 3.0
2136 203742 3.0 3.0
2137 203824 3.0 3.0
2138 203883 3.0 3.0
2139 203966 3.0 3.0
2140 204031 3.0 3.0
2141 204087 3.0 3.0
2142 204205 3.0 3.0
2143 204327 3.0 3.0
2144 204397 3.0 3.0
2145 204475 3.0 3.0
2146 204563 3.0 3.0
2147 204657 3.0 3.0
2148 204738 3.0 3.0
2149 204818 3.0 3.0
2150 204883 3.0 3.0
2151 204949 3.0 3.0
2152 205009 3.0 3.0
2153 205121 3.0 3.0
2154 205220 3.0 3.0
2155 205291 3.0 3.0
2156 205361 3.0 3.0
2157 205440 3.0 3.0
2158 205509 3.0 3.0
2159 205568 3.0 3.0
2160 205707 3.0 3.0
2161 205776 3.0 3.0
2162 205852 3.0 3.0
2163 205925 3.0 3.0
2164 206014 3.0 3.0
2165 206092 3.0 3.0
2166 206156 3.0 3.0
2167 206226 3.0 3.0
2168 206312 3.0 3.0
2169 206377 3.0 3.0
2170 206477 3.0 3.0
2171 206542 3.0 3.0
2172 206642 3.0 3.0
2173 206734 3.0 3.0
2174 206798 3.0 3.0
2175 206939 3.0 3.0
2176 207011 3.0 3.0
2177 207097 3.0 3.0
2178 207188 3.0 3.0
2179 207252 3.0 3.0
2180 207334 3.0 3.0
2181 207401 3.0 3.0
2182 207473 3.0 3.0
2183 207571 3.0 3.0
2184 207718 3.0 3.0
2185 207833 3.0 3.0
2186 207919 3.0 3.0
2187 207983 3.0 3.0
2188 208047 3.0 3.0
2189 208105 3.0 3.0
2190 208174 3.0 3.0
2191 208235 3.0 3.0
2192 208313 3.0 3.0
2193 208368 3.0 3.0
2194 208437 3.0 3.0
2195 208587 3.0 3.0
2196 208668 3.0 3.0
2197 208746 3.0 3.0
2198 208824 3.0 3.0
2199 208886 3.0 3.0
2200 208959 3.0 3.0
2201 209041 3.0 3.0
2202 209091 3.0 3.0
2203 209166 3.0 3.0
2204 209281 3.0 3.0
2205 209380 3.0 3.0
2206 209456 3.0 3.0
2207 209532 3.0 3.0
2208 209643 3.0 3.0
2209 209709 3.0 3.0
2210 209785 3.0 3.0
2211 209919 3.0 3.0
2212 210006 3.0 3.0
2213 210074 3.0 3.0
2214 210140 3.0 3.0
2215 210221 3.0 3.0
2216 210285 3.0 3.0
2217 210345 3.0 3.0
2218 210422 3.0 3.0
2219 210612 3.0 3.0
2220 210688 3.0 3.0
2221 210760 3.0 3.0
2222 210819 3.0 3.0
2223 210906 3.0 3.0
2224 210982 3.0 3.0
2225 211064 3.0 3.0
2226 211150 3.0 3.0
2227 211220 3.0 3.0
2228 211281 3.0 3.0
2229 211346 3.0 3.0
2230 211443 3.0 3.0
2231 211575 3.0 3.0
2232 211664 3.0 3.0
2233 211751 3.0 3.0
2234 211852 3.0 3.0
2235 211996 3.0 3.0
2236 212078 3.0 3.0
2237 212151 3.0 3.0
2238 212223 3.0 3.0
2239 212303 3.0 3.0
2240 212375 3.0 3.0
2241 212455 3.0 3.0
2242 212547 3.0 3.0
2243 212624 3.0 3.0
2244 212716 3.0 3.0
2245 212788 3.0 3.0
2246 212865 3.0 3.0
2247 212949 3.0 3.0
2248 213032 3.0 3.0
2249 213110 3.0 3.0
2250 213191 3.0 3.0
2251 213261 3.0 3.0
2252 213327 3.0 3.0
2253 213419 3.0 3.0
2254 213577 3.0 3.0
2255 213646 3.0 3.0
2256 213714 3.0 3.0
2257 213860 3.0 3.0
2258 213958 3.0 3.0
2259 214026 3.0 3.0
2260 214105 3.0 3.0
2261 214231 3.0 3.0
2262 214325 3.0 3.0
2263 214424 3.0 3.0
2264 214491 3.0 3.0
2265 214557 3.0 3.0
2266 214632 3.0 3.0
2267 214704 3.0 3.0
2268 214794 3.0 3.0
2269 214859 3.0 3.0
2270 214939 3.0 3.0
2271 215003 3.0 3.0
2272 215079 3.0 3.0
2273 215172 3.0 3.0
2274 215257 3.0 3.0
2275 215348 3.0 3.0
2276 215421 3.0 3.0
2277 215490 3.0 3.0
2278 215549 3.0 3.0
2279 215656 3.0 3.0
2280 215834 3.0 3.0
2281 216048 3.0 3.0
2282 216176 3.0 3.0
2283 216284 3.0 3.0
2284 216377 3.0 3.0
2285 216461 3.0 3.0
2286 216544 3.0 3.0
2287 216624 3.0 3.0
2288 216697 3.0 3.0
2289 216768 3.0 3.0
2290 216854 3.0 3.0
2291 216985 3.0 3.0
2292 217057 3.0 3.0
2293 217155 3.0 3.0
2294 217239 3.0 3.0
2295 217306 3.0 3.0
2296 217384 3.0 3.0
2297 217452 3.0 3.0
2298 217521 3.0 3.0
2299 217606 3.0 3.0
2300 217701 3.0 3.0
2301 217781 3.0 3.0
2302 217864 3.0 3.0
2303 217924 3.0 3.0
2304 218012 3.0 3.0
2305 218132 3.0 3.0
2306 218202 3.0 3.0
2307 218270 3.0 3.0
2308 218341 3.0 3.0
2309 218432 3.0 3.0
2310 218507 3.0 3.0
2311 218572 3.0 3.0
2312 218651 3.0 3.0
2313 218743 3.0 3.0
2314 218823 3.0 3.0
2315 218982 3.0 3.0
2316 219047 3.0 3.0
2317 219155 3.0 3.0
2318 219236 3.0 3.0
2319 219297 3.0 3.0
2320 219380 3.0 3.0
2321 219449 3.0 3.0
2322 219519 3.0 3.0
2323 219622 3.0 3.0
2324 219711 3.0 3.0
2325 219825 3.0 3.0
2326 219894 3.0 3.0
2327 219957 3.0 3.0
2328 220032 3.0 3.0
2329 220085 3.0 3.0
2330 220166 3.0 3.0
2331 220251 3.0 3.0
2332 220318 3.0 3.0
2333 220476 3.0 3.0
2334 220562 3.0 3.0
2335 220663 3.0 3.0
2336 220765 3.0 3.0
2337 220852 3.0 3.0
2338 220939 3.0 3.0
2339 221017 3.0 3.0
2340 221109 3.0 3.0
2341 221178 3.0 3.0
2342 221270 3.0 3.0
2343 221357 3.0 3.0
2344 221412 3.0 3.0
2345 221494 3.0 3.0
2346 221649 3.0 3.0
2347 221741 3.0 3.0
2348 221813 3.0 3.0
2349 221895 3.0 3.0
2350 221969 3.0 3.0
2351 222044 3.0 3.0
2352 222119 3.0 3.0
2353 222195 3.0 3.0
2354 222307 3.0 3.0
2355 222377 3.0 3.0
2356 222447 3.0 3.0
2357 222526 3.0 3.0
2358 222590 3.0 3.0
2359 222675 3.0 3.0
2360 222743 3.0 3.0
2361 222832 3.0 3.0
2362 222904 3.0 3.0
2363 223010 3.0 3.0
2364 223098 3.0 3.0
2365 223188 3.0 3.0
2366 223267 3.0 3.0
2367 223341 3.0 3.0
2368 223422 3.0 3.0
2369 223486 3.0 3.0
2370 223561 3.0 3.0
2371 223627 3.0 3.0
2372 223699 3.0 3.0
2373 223841 3.0 3.0
2374 223964 3.0 3.0
2375 224028 3.0 3.0
2376 224104 3.0 3.0
2377 224168 3.0 3.0
2378 224253 3.0 3.0
2379 224319 3.0 3.0
2380 224393 3.0 3.0
2381 224491 3.0 3.0
2382 224588 3.0 3.0
2383 224664 3.0 3.0
2384 224739 3.0 3.0
2385 224820 3.0 3.0
2386 224897 3.0 3.0
2387 224961 3.0 3.0
2388 225099 3.0 3.0
2389 225159 3.0 3.0
2390 225225 3.0 3.0
2391 225291 3.0 3.0
2392 225347 3.0 3.0
2393 225418 3.0 3.0
2394 225496 3.0 3.0
2395 225554 3.0 3.0
2396 225616 3.0 3.0
2397 225683 3.0 3.0
2398 225757 3.0 3.0
2399 225844 3.0 3.0
2400 225930 3.0 3.0
2401 226004 3.0 3.0
2402 226090 3.0 3.0
2403 226218 3.0 3.0
2404 226368 3.0 3.0
2405 226545 3.0 3.0
2406 226610 3.0 3.0
2407 226677 3.0 3.0
2408 226739 3.0 3.0
2409 226812 3.0 3.0
2410 226937 3.0 3.0
2411 227027 3.0 3.0
2412 227110 3.0 3.0
2413 227195 3.0 3.0
2414 227275 3.0 3.0
2415 227351 3.0 3.0
2416 227456 3.0 3.0
2417 227525 3.0 3.0
2418 227669 3.0 3.0
2419 227743 3.0 3.0
2420 227832 3.0 3.0
2421 227914 3.0 3.0
2422 227970 3.0 3.0
2423 228036 3.0 3.0
2424 228131 3.0 3.0
2425 228211 3.0 3.0
2426 228336 3.0 3.0
2427 228400 3.0 3.0
2428 228506 3.0 3.0
2429 228564 3.0 3.0
2430 228642 3.0 3.0
2431 228713 3.0 3.0
2432 228778 3.0 3.0
2433 228842 3.0 3.0
2434 228935 3.0 3.0
2435 229002 3.0 3.0
2436 229065 3.0 3.0
2437 229136 3.0 3.0
2438 229212 3.0 3.0
2439 229279 3.0 3.0
2440 229350 3.0 3.0
2441 229423 3.0 3.0
2442 229555 3.0 3.0
2443 229629 3.0 3.0
2444 229695 3.0 3.0
2445 229779 3.0 3.0
2446 229851 3.0 3.0
2447 229941 3.0 3.0
2448 230011 3.0 3.0
2449 230082 3.0 3.0
2450 230170 3.0 3.0
2451 230254 3.0 3.0
2452 230344 3.0 3.0
2453 230443 3.0 3.0
2454 230506 3.0 3.0
2455 230629 3.0 3.0
2456 230685 3.0 3.0
2457 230751 3.0 3.0
2458 230846 3.0 3.0
2459 230935 3.0 3.0
2460 231041 3.0 3.0
2461 231106 3.0 3.0
2462 231196 3.0 3.0
2463 231359 3.0 3.0
2464 231432 3.0 3.0
2465 231507 3.0 3.0
2466 231584 3.0 3.0
2467 231673 3.0 3.0
2468 231759 3.0 3.0
2469 231855 3.0 3.0
2470 231933 3.0 3.0
2471 232004 3.0 3.0
2472 232144 3.0 3.0
2473 232210 3.0 3.0
2474 232306 3.0 3.0
2475 232370 3.0 3.0
2476 232429 3.0 3.0
2477 232508 3.0 3.0
2478 232565 3.0 3.0
2479 232653 3.0 3.0
2480 232756 3.0 3.0
2481 232841 3.0 3.0
2482 232923 3.0 3.0
2483 232982 3.0 3.0
2484 233058 3.0 3.0
2485 233146 3.0 3.0
2486 233226 3.0 3.0
2487 233295 3.0 3.0
2488 233370 3.0 3.0
2489 233432 3.0 3.0
2490 233526 3.0 3.0
2491 233594 3.0 3.0
2492 233670 3.0 3.0
2493 233796 3.0 3.0
2494 233872 3.0 3.0
2495 233948 3.0 3.0
2496 234024 3.0 3.0
2497 234081 3.0 3.0
2498 234148 3.0 3.0
2499 234251 3.0 3.0
2500 234325 3.0 3.0
2501 234408 3.0 3.0
2502 234487 3.0 3.0
2503 234574 3.0 3.0
2504 234636 3.0 3.0
2505 234718 3.0 3.0
2506 234803 3.0 3.0
2507 234879 3.0 3.0
2508 234961 3.0 3.0
2509 235023 3.0 3.0
2510 235098 3.0 3.0
2511 235263 3.0 3.0
2512 235347 3.0 3.0
2513 235413 3.0 3.0
2514 235513 3.0 3.0
2515 235592 3.0 3.0
2516 235676 3.0 3.0
2517 235765 3.0 3.0
2518 235831 3.0 3.0
2519 235913 3.0 3.0
2520 235986 3.0 3.0
2521 236060 3.0 3.0
2522 236138 3.0 3.0
2523 236216 3.0 3.0
2524 236292 3.0 3.0
2525 236399 3.0 3.0
2526 236477 3.0 3.0
2527 236566 3.0 3.0
2528 236685 3.0 3.0
2529 236746 3.0 3.0
2530 236803 3.0 3.0
2531 236881 3.0 3.0
2532 236945 3.0 3.0
2533 237011 3.0 3.0
2534 237082 3.0 3.0
2535 237153 3.0 3.0
2536 237208 3.0 3.0
2537 237278 3.0 3.0
2538 237369 3.0 3.0
2539 237447 3.0 3.0
2540 237529 3.0 3.0
2541 237600 3.0 3.0
2542 237662 3.0 3.0
2543 237769 3.0 3.0
2544 237838 3.0 3.0
2545 237908 3.0 3.0
2546 238002 3.0 3.0
2547 238099 3.0 3.0
2548 238169 3.0 3.0
2549 238232 3.0 3.0
2550 238306 3.0 3.0
2551 238378 3.0 3.0
2552 238439 3.0 3.0
2553 238507 3.0 3.0
2554 238577 3.0 3.0
2555 238646 3.0 3.0
2556 238721 3.0 3.0
2557 238825 3.0 3.0
2558 238906 3.0 3.0
2559 238994 3.0 3.0
2560 239065 3.0 3.0
2561 239158 3.0 3.0
2562 239231 3.0 3.0
2563 239345 3.0 3.0
2564 239409 3.0 3.0
2565 239472 3.0 3.0
2566 239533 3.0 3.0
2567 239621 3.0 3.0
2568 239693 3.0 3.0
2569 239777 3.0 3.0
2570 239842 3.0 3.0
2571 239913 3.0 3.0
2572 239988 3.0 3.0
2573 240052 3.0 3.0
2574 240120 3.0 3.0
2575 240195 3.0 3.0
2576 240269 3.0 3.0
2577 240339 3.0 3.0
2578 240429 3.0 3.0
2579 240508 3.0 3.0
2580 240591 3.0 3.0
2581 240697 3.0 3.0
2582 240762 3.0 3.0
2583 240841 3.0 3.0
2584 240976 3.0 3.0
2585 241048 3.0 3.0
2586 241127 3.0 3.0
2587 241210 3.0 3.0
2588 241282 3.0 3.0
2589 241374 3.0 3.0
2590 241472 3.0 3.0
2591 241536 3.0 3.0
2592 241622 3.0 3.0
2593 241698 3.0 3.0
2594 241847 3.0 3.0
2595 241926 3.0 3.0
2596 242001 3.0 3.0
2597 242066 3.0 3.0
2598 242131 3.0 3.0
2599 242197 3.0 3.0
2600 242255 3.0 3.0
2601 242334 3.0 3.0
2602 242407 3.0 3.0
2603 242500 3.0 3.0
2604 242630 3.0 3.0
2605 242739 3.0 3.0
2606 242817 3.0 3.0
2607 242875 3.0 3.0
2608 242957 3.0 3.0
2609 243021 3.0 3.0
2610 243089 3.0 3.0
2611 243161 3.0 3.0
2612 243227 3.0 3.0
2613 243300 3.0 3.0
2614 243356 3.0 3.0
2615 243429 3.0 3.0
2616 243526 3.0 3.0
2617 243589 3.0 3.0
2618 243650 3.0 3.0
2619 243724 3.0 3.0
2620 243789 3.0 3.0
2621 243858 3.0 3.0
2622 243929 3.0 3.0
2623 244005 3.0 3.0
2624 244085 3.0 3.0
2625 244222 3.0 3.0
2626 244307 3.0 3.0
2627 244380 3.0 3.0
2628 244463 3.0 3.0
2629 244575 3.0 3.0
2630 244703 3.0 3.0
2631 244769 3.0 3.0
2632 244995 3.0 3.0
2633 245069 3.0 3.0
2634 245149 3.0 3.0
2635 245242 3.0 3.0
2636 245340 3.0 3.0
2637 245419 3.0 3.0
2638 245496 3.0 3.0
2639 245649 3.0 3.0
2640 245726 3.0 3.0
2641 245811 3.0 3.0
2642 245881 3.0 3.0
2643 245954 3.0 3.0
2644 246024 3.0 3.0
2645 246132 3.0 3.0
2646 246200 3.0 3.0
2647 246276 3.0 3.0
2648 246347 3.0 3.0
2649 246460 3.0 3.0
2650 246530 3.0 3.0
2651 246621 3.0 3.0
2652 246705 3.0 3.0
2653 246767 3.0 3.0
2654 246829 3.0 3.0
2655 246900 3.0 3.0
2656 246982 3.0 3.0
2657 247051 3.0 3.0
2658 247135 3.0 3.0
2659 247197 3.0 3.0
2660 247253 3.0 3.0
2661 247315 3.0 3.0
2662 247404 3.0 3.0
2663 247500 3.0 3.0
2664 247638 3.0 3.0
2665 247719 3.0 3.0
2666 247846 3.0 3.0
2667 247904 3.0 3.0
2668 248060 3.0 3.0
2669 248140 3.0 3.0
2670 248218 3.0 3.0
2671 248314 3.0 3.0
2672 248381 3.0 3.0
2673 248466 3.0 3.0
2674 248541 3.0 3.0
2675 248620 3.0 3.0
2676 248698 3.0 3.0
2677 248778 3.0 3.0
2678 248858 3.0 3.0
2679 248960 3.0 3.0
2680 249039 3.0 3.0
2681 249118 3.0 3.0
2682 249218 3.0 3.0
2683 249278 3.0 3.0
2684 249359 3.0 3.0
2685 249423 3.0 3.0
2686 249483 3.0 3.0
2687 249549 3.0 3.0
2688 249628 3.0 3.0
2689 249700 3.0 3.0
2690 249776 3.0 3.0
2691 249856 3.0 3.0
2692 249935 3.0 3.0
2693 250014 3.0 3.0
2694 250066 3.0 3.0
2695 250159 3.0 3.0
2696 250239 3.0 3.0
2697 250300 3.0 3.0
2698 250373 3.0 3.0
2699 250455 3.0 3.0
2700 250523 3.0 3.0
2701 250609 3.0 3.0
2702 250693 3.0 3.0
2703 250771 3.0 3.0
2704 250851 3.0 3.0
2705 250914 3.0 3.0
2706 251196 3.0 3.0
2707 251403 3.0 3.0
2708 251490 3.0 3.0
2709 251562 3.0 3.0
2710 251649 3.0 3.0
2711 251716 3.0 3.0
2712 251813 3.0 3.0
2713 251884 3.0 3.0
2714 251960 3.0 3.0
2715 252039 3.0 3.0
2716 252125 3.0 3.0
2717 252210 3.0 3.0
2718 252280 3.0 3.0
2719 252349 3.0 3.0
2720 252444 3.0 3.0
2721 252511 3.0 3.0
2722 252605 3.0 3.0
2723 252670 3.0 3.0
2724 252738 3.0 3.0
2725 252810 3.0 3.0
2726 252903 3.0 3.0
2727 252995 3.0 3.0
2728 253086 3.0 3.0
2729 253154 3.0 3.0
2730 253214 3.0 3.0
2731 253493 3.0 3.0
2732 253589 3.0 3.0
2733 253664 3.0 3.0
2734 253742 3.0 3.0
2735 253845 3.0 3.0
2736 253918 3.0 3.0
2737 253990 3.0 3.0
2738 254056 3.0 3.0
2739 254190 3.0 3.0
2740 254246 3.0 3.0
2741 254348 3.0 3.0
2742 254476 3.0 3.0
2743 254609 3.0 3.0
2744 254701 3.0 3.0
2745 254823 3.0 3.0
2746 254889 3.0 3.0
2747 254979 3.0 3.0
2748 255128 3.0 3.0
2749 255235 3.0 3.0
2750 255303 3.0 3.0
2751 255384 3.0 3.0
2752 255441 3.0 3.0
2753 255522 3.0 3.0
2754 255601 3.0 3.0
2755 255672 3.0 3.0
2756 255737 3.0 3.0
2757 255809 3.0 3.0
2758 255875 3.0 3.0
2759 255947 3.0 3.0
2760 256018 3.0 3.0
2761 256092 3.0 3.0
2762 256158 3.0 3.0
2763 256232 3.0 3.0
2764 256309 3.0 3.0
2765 256378 3.0 3.0
2766 256476 3.0 3.0
2767 256561 3.0 3.0
2768 256631 3.0 3.0
2769 256712 3.0 3.0
2770 256770 3.0 3.0
2771 256866 3.0 3.0
2772 256930 3.0 3.0
2773 257027 3.0 3.0
2774 257177 3.0 3.0
2775 257250 3.0 3.0
2776 257322 3.0 3.0
2777 257404 3.0 3.0
2778 257479 3.0 3.0
2779 257572 3.0 3.0
2780 257633 3.0 3.0
2781 257690 3.0 3.0
2782 257766 3.0 3.0
2783 257831 3.0 3.0
2784 257903 3.0 3.0
2785 257996 3.0 3.0
2786 258063 3.0 3.0
2787 258168 3.0 3.0
2788 258237 3.0 3.0
2789 258308 3.0 3.0
2790 258369 3.0 3.0
2791 258446 3.0 3.0
2792 258523 3.0 3.0
2793 258592 3.0 3.0
2794 258730 3.0 3.0
2795 258814 3.0 3.0
2796 258901 3.0 3.0
2797 258972 3.0 3.0
2798 259040 3.0 3.0
2799 259118 3.0 3.0
2800 259214 3.0 3.0
2801 259295 3.0 3.0
2802 259356 3.0 3.0
2803 259431 3.0 3.0
2804 259566 3.0 3.0
2805 259639 3.0 3.0
2806 259709 3.0 3.0
2807 259783 3.0 3.0
2808 259840 3.0 3.0
2809 259932 3.0 3.0
2810 259998 3.0 3.0
2811 260076 3.0 3.0
2812 260332 3.0 3.0
2813 260407 3.0 3.0
2814 260507 3.0 3.0
2815 260597 3.0 3.0
2816 260678 3.0 3.0
2817 260747 3.0 3.0
2818 260833 3.0 3.0
2819 260905 3.0 3.0
2820 260961 3.0 3.0
2821 261033 3.0 3.0
2822 261120 3.0 3.0
2823 261187 3.0 3.0
2824 261283 3.0 3.0
2825 261351 3.0 3.0
2826 261426 3.0 3.0
2827 261522 3.0 3.0
2828 261625 3.0 3.0
2829 261703 3.0 3.0
2830 261771 3.0 3.0
2831 261829 3.0 3.0
2832 261911 3.0 3.0
2833 261978 3.0 3.0
2834 262073 3.0 3.0
2835 262143 3.0 3.0
2836 262217 3.0 3.0
2837 262285 3.0 3.0
2838 262386 3.0 3.0
2839 262461 3.0 3.0
2840 262517 3.0 3.0
2841 262582 3.0 3.0
2842 262661 3.0 3.0
2843 262792 3.0 3.0
2844 262922 3.0 3.0
2845 263004 3.0 3.0
2846 263079 3.0 3.0
2847 263154 3.0 3.0
2848 263218 3.0 3.0
2849 263293 3.0 3.0
2850 263492 3.0 3.0
2851 263569 3.0 3.0
2852 263666 3.0 3.0
2853 263776 3.0 3.0
2854 263838 3.0 3.0
2855 263904 3.0 3.0
2856 263977 3.0 3.0
2857 264079 3.0 3.0
2858 264144 3.0 3.0
2859 264301 3.0 3.0
2860 264365 3.0 3.0
2861 264436 3.0 3.0
2862 264503 3.0 3.0
2863 264576 3.0 3.0
2864 264690 3.0 3.0
2865 264756 3.0 3.0
2866 264832 3.0 3.0
2867 264929 3.0 3.0
2868 265014 3.0 3.0
2869 265075 3.0 3.0
2870 265141 3.0 3.0
2871 265220 3.0 3.0
2872 265282 3.0 3.0
2873 265339 3.0 3.0
2874 265456 3.0 3.0
2875 265530 3.0 3.0
2876 265623 3.0 3.0
2877 265699 3.0 3.0
2878 265780 3.0 3.0
2879 265848 3.0 3.0
2880 265908 3.0 3.0
2881 265988 3.0 3.0
2882 266094 3.0 3.0
2883 266167 3.0 3.0
2884 266251 3.0 3.0
2885 266328 3.0 3.0
2886 266397 3.0 3.0
2887 266472 3.0 3.0
2888 266541 3.0 3.0
2889 266715 3.0 3.0
2890 266771 3.0 3.0
2891 266852 3.0 3.0
2892 266936 3.0 3.0
2893 267015 3.0 3.0
2894 267087 3.0 3.0
2895 267148 3.0 3.0
2896 267223 3.0 3.0
2897 267287 3.0 3.0
2898 267390 3.0 3.0
2899 267467 3.0 3.0
2900 267539 3.0 3.0
2901 267641 3.0 3.0
2902 267722 3.0 3.0
2903 267796 3.0 3.0
2904 267869 3.0 3.0
2905 267940 3.0 3.0
2906 268032 3.0 3.0
2907 268113 3.0 3.0
2908 268203 3.0 3.0
2909 268273 3.0 3.0
2910 268345 3.0 3.0
2911 268403 3.0 3.0
2912 268487 3.0 3.0
2913 268543 3.0 3.0
2914 268616 3.0 3.0
2915 268701 3.0 3.0
2916 268766 3.0 3.0
2917 268844 3.0 3.0
2918 268904 3.0 3.0
2919 268978 3.0 3.0
2920 269079 3.0 3.0
2921 269169 3.0 3.0
2922 269256 3.0 3.0
2923 269328 3.0 3.0
2924 269409 3.0 3.0
2925 269512 3.0 3.0
2926 269582 3.0 3.0
2927 269676 3.0 3.0
2928 269740 3.0 3.0
2929 269815 3.0 3.0
2930 269874 3.0 3.0
2931 269951 3.0 3.0
2932 270029 3.0 3.0
2933 270108 3.0 3.0
2934 270166 3.0 3.0
2935 270309 3.0 3.0
2936 270383 3.0 3.0
2937 270577 3.0 3.0
2938 270655 3.0 3.0
2939 270723 3.0 3.0
2940 270820 3.0 3.0
2941 270883 3.0 3.0
2942 270943 3.0 3.0
2943 271012 3.0 3.0
2944 271097 3.0 3.0
2945 271153 3.0 3.0
2946 271230 3.0 3.0
2947 271290 3.0 3.0
2948 271352 3.0 3.0
2949 271414 3.0 3.0
2950 271475 3.0 3.0
2951 271537 3.0 3.0
2952 271657 3.0 3.0
2953 271743 3.0 3.0
2954 271831 3.0 3.0
2955 271947 3.0 3.0
2956 272020 3.0 3.0
2957 272095 3.0 3.0
2958 272209 3.0 3.0
2959 272298 3.0 3.0
2960 272385 3.0 3.0
2961 272456 3.0 3.0
2962 272537 3.0 3.0
2963 272592 3.0 3.0
2964 272679 3.0 3.0
2965 272740 3.0 3.0
2966 272814 3.0 3.0
2967 272884 3.0 3.0
2968 272946 3.0 3.0
2969 273054 3.0 3.0
2970 273181 3.0 3.0
2971 273248 3.0 3.0
2972 273315 3.0 3.0
2973 273388 3.0 3.0
2974 273467 3.0 3.0
2975 273550 3.0 3.0
2976 273624 3.0 3.0
2977 273697 3.0 3.0
2978 273776 3.0 3.0
2979 273849 3.0 3.0
2980 273940 3.0 3.0
2981 274014 3.0 3.0
2982 274080 3.0 3.0
2983 274149 3.0 3.0
2984 274345 3.0 3.0
2985 274407 3.0 3.0
2986 274525 3.0 3.0
2987 274599 3.0 3.0
2988 274658 3.0 3.0
2989 274711 3.0 3.0
2990 274809 3.0 3.0
2991 274873 3.0 3.0
2992 274950 3.0 3.0
2993 275019 3.0 3.0
2994 275100 3.0 3.0
2995 275200 3.0 3.0
2996 275270 3.0 3.0
2997 275347 3.0 3.0
2998 275418 3.0 3.0
2999 275499 3.0 3.0
3000 275573 3.0 3.0
3001 275637 3.0 3.0
3002 275700 3.0 3.0
3003 275763 3.0 3.0
3004 275829 3.0 3.0
3005 275899 3.0 3.0
3006 276006 3.0 3.0
3007 276071 3.0 3.0
3008 276146 3.0 3.0
3009 276233 3.0 3.0
3010 276306 3.0 3.0
3011 276400 3.0 3.0
3012 276464 3.0 3.0
3013 276541 3.0 3.0
3014 276629 3.0 3.0
3015 276699 3.0 3.0
3016 276758 3.0 3.0
3017 276828 3.0 3.0
3018 276915 3.0 3.0
3019 276991 3.0 3.0
3020 277085 3.0 3.0
3021 277170 3.0 3.0
3022 277228 3.0 3.0
3023 277397 3.0 3.0
3024 277506 3.0 3.0
3025 277587 3.0 3.0
3026 277654 3.0 3.0
3027 277739 3.0 3.0
3028 277828 3.0 3.0
3029 277887 3.0 3.0
3030 277973 3.0 3.0
3031 278081 3.0 3.0
3032 278153 3.0 3.0
3033 278266 3.0 3.0
3034 278333 3.0 3.0
3035 278402 3.0 3.0
3036 278481 3.0 3.0
3037 278557 3.0 3.0
3038 278637 3.0 3.0
3039 278716 3.0 3.0
3040 278781 3.0 3.0
3041 278848 3.0 3.0
3042 278932 3.0 3.0
3043 279018 3.0 3.0
3044 279096 3.0 3.0
3045 279183 3.0 3.0
3046 279249 3.0 3.0
3047 279312 3.0 3.0
3048 279380 3.0 3.0
3049 279443 3.0 3.0
3050 279510 3.0 3.0
3051 279581 3.0 3.0
3052 279658 3.0 3.0
3053 279724 3.0 3.0
3054 279785 3.0 3.0
3055 279851 3.0 3.0
3056 279914 3.0 3.0
3057 279981 3.0 3.0
3058 280060 3.0 3.0
3059 280164 3.0 3.0
3060 280239 3.0 3.0
3061 280314 3.0 3.0
3062 280392 3.0 3.0
3063 280466 3.0 3.0
3064 280550 3.0 3.0
3065 280630 3.0 3.0
3066 280717 3.0 3.0
3067 280793 3.0 3.0
3068 280864 3.0 3.0
3069 280921 3.0 3.0
3070 281003 3.0 3.0
3071 281076 3.0 3.0
3072 281147 3.0 3.0
3073 281223 3.0 3.0
3074 281289 3.0 3.0
3075 281365 3.0 3.0
3076 281456 3.0 3.0
3077 281543 3.0 3.0
3078 281758 3.0 3.0
3079 281835 3.0 3.0
3080 281953 3.0 3.0
3081 282041 3.0 3.0
3082 282144 3.0 3.0
3083 282230 3.0 3.0
3084 282296 3.0 3.0
3085 282377 3.0 3.0
3086 282443 3.0 3.0
3087 282595 3.0 3.0
3088 282668 3.0 3.0
3089 282756 3.0 3.0
3090 282826 3.0 3.0
3091 282882 3.0 3.0
3092 282956 3.0 3.0
3093 283023 3.0 3.0
3094 283118 3.0 3.0
3095 283179 3.0 3.0
3096 283238 3.0 3.0
3097 283307 3.0 3.0
3098 283374 3.0 3.0
3099 283489 3.0 3.0
3100 283563 3.0 3.0
3101 283629 3.0 3.0
3102 283707 3.0 3.0
3103 283784 3.0 3.0
3104 283876 3.0 3.0
3105 283979 3.0 3.0
3106 284045 3.0 3.0
3107 284125 3.0 3.0
3108 284198 3.0 3.0
3109 284262 3.0 3.0
3110 284351 3.0 3.0
3111 284411 3.0 3.0
3112 284483 3.0 3.0
3113 284562 3.0 3.0
3114 284638 3.0 3.0
3115 284714 3.0 3.0
3116 284777 3.0 3.0
3117 284845 3.0 3.0
3118 284924 3.0 3.0
3119 284997 3.0 3.0
3120 285071 3.0 3.0
3121 285158 3.0 3.0
3122 285233 3.0 3.0
3123 285296 3.0 3.0
3124 285370 3.0 3.0
3125 285447 3.0 3.0
3126 285515 3.0 3.0
3127 285581 3.0 3.0
3128 285641 3.0 3.0
3129 285737 3.0 3.0
3130 285803 3.0 3.0
3131 285885 3.0 3.0
3132 285954 3.0 3.0
3133 286029 3.0 3.0
3134 286172 3.0 3.0
3135 286252 3.0 3.0
3136 286342 3.0 3.0
3137 286421 3.0 3.0
3138 286493 3.0 3.0
3139 286619 3.0 3.0
3140 286683 3.0 3.0
3141 286781 3.0 3.0
3142 286925 3.0 3.0
3143 287007 3.0 3.0
3144 287083 3.0 3.0
3145 287151 3.0 3.0
3146 287230 3.0 3.0
3147 287290 3.0 3.0
3148 287401 3.0 3.0
3149 287477 3.0 3.0
3150 287560 3.0 3.0
3151 287632 3.0 3.0
3152 287701 3.0 3.0
3153 287783 3.0 3.0
3154 287846 3.0 3.0
3155 287987 3.0 3.0
3156 288112 3.0 3.0
3157 288196 3.0 3.0
3158 288271 3.0 3.0
3159 288340 3.0 3.0
3160 288395 3.0 3.0
3161 288479 3.0 3.0
3162 288539 3.0 3.0
3163 288604 3.0 3.0
3164 288664 3.0 3.0
3165 288733 3.0 3.0
3166 288904 3.0 3.0
3167 289000 3.0 3.0
3168 289078 3.0 3.0
3169 289151 3.0 3.0
3170 289226 3.0 3.0
3171 289300 3.0 3.0
3172 289413 3.0 3.0
3173 289481 3.0 3.0
3174 289569 3.0 3.0
3175 289794 3.0 3.0
3176 289858 3.0 3.0
3177 289937 3.0 3.0
3178 290016 3.0 3.0
3179 290080 3.0 3.0
3180 290138 3.0 3.0
3181 290212 3.0 3.0
3182 290344 3.0 3.0
3183 290418 3.0 3.0
3184 290491 3.0 3.0
3185 290561 3.0 3.0
3186 290617 3.0 3.0
3187 290691 3.0 3.0
3188 290761 3.0 3.0
3189 290828 3.0 3.0
3190 290902 3.0 3.0
3191 290957 3.0 3.0
3192 291031 3.0 3.0
3193 291123 3.0 3.0
3194 291224 3.0 3.0
3195 291314 3.0 3.0
3196 291393 3.0 3.0
3197 291466 3.0 3.0
3198 291535 3.0 3.0
3199 291599 3.0 3.0
3200 291670 3.0 3.0
3201 291734 3.0 3.0
3202 291818 3.0 3.0
3203 291915 3.0 3.0
3204 291990 3.0 3.0
3205 292056 3.0 3.0
3206 292126 3.0 3.0
3207 292219 3.0 3.0
3208 292295 3.0 3.0
3209 292350 3.0 3.0
3210 292422 3.0 3.0
3211 292495 3.0 3.0
3212 292579 3.0 3.0
3213 292684 3.0 3.0
3214 292754 3.0 3.0
3215 292821 3.0 3.0
3216 292914 3.0 3.0
3217 292988 3.0 3.0
3218 293062 3.0 3.0
3219 293146 3.0 3.0
3220 293207 3.0 3.0
3221 293306 3.0 3.0
3222 293382 3.0 3.0
3223 293452 3.0 3.0
3224 293532 3.0 3.0
3225 293615 3.0 3.0
3226 293690 3.0 3.0
3227 293751 3.0 3.0
3228 293830 3.0 3.0
3229 293880 3.0 3.0
3230 293972 3.0 3.0
3231 294066 3.0 3.0
3232 294136 3.0 3.0
3233 294214 3.0 3.0
3234 294308 3.0 3.0
3235 294375 3.0 3.0
3236 294466 3.0 3.0
3237 294545 3.0 3.0
3238 294631 3.0 3.0
3239 294704 3.0 3.0
3240 294770 3.0 3.0
3241 294829 3.0 3.0
3242 294894 3.0 3.0
3243 294958 3.0 3.0
3244 295170 3.0 3.0
3245 295305 3.0 3.0
3246 295433 3.0 3.0
3247 295494 3.0 3.0
3248 295570 3.0 3.0
3249 295687 3.0 3.0
3250 295757 3.0 3.0
3251 295826 3.0 3.0
3252 295898 3.0 3.0
3253 295952 3.0 3.0
3254 296031 3.0 3.0
3255 296115 3.0 3.0
3256 296197 3.0 3.0
3257 296258 3.0 3.0
3258 296326 3.0 3.0
3259 296436 3.0 3.0
3260 296505 3.0 3.0
3261 296608 3.0 3.0
3262 296674 3.0 3.0
3263 296742 3.0 3.0
3264 296819 3.0 3.0
3265 296892 3.0 3.0
3266 296975 3.0 3.0
3267 297050 3.0 3.0
3268 297132 3.0 3.0
3269 297217 3.0 3.0
3270 297283 3.0 3.0
3271 297360 3.0 3.0
3272 297433 3.0 3.0
3273 297504 3.0 3.0
3274 297577 3.0 3.0
3275 297679 3.0 3.0
3276 297758 3.0 3.0
3277 297816 3.0 3.0
3278 297907 3.0 3.0
3279 297985 3.0 3.0
3280 298067 3.0 3.0
3281 298137 3.0 3.0
3282 298201 3.0 3.0
3283 298278 3.0 3.0
3284 298347 3.0 3.0
3285 298429 3.0 3.0
3286 298497 3.0 3.0
3287 298635 3.0 3.0
3288 298707 3.0 3.0
3289 298825 3.0 3.0
3290 298901 3.0 3.0
3291 298957 3.0 3.0
3292 299032 3.0 3.0
3293 299099 3.0 3.0
3294 299158 3.0 3.0
3295 299239 3.0 3.0
3296 299315 3.0 3.0
3297 299397 3.0 3.0
3298 299468 3.0 3.0
3299 299559 3.0 3.0
3300 299672 3.0 3.0
3301 299732 3.0 3.0
3302 299809 3.0 3.0
3303 299879 3.0 3.0
3304 299964 3.0 3.0
3305 300047 3.0 3.0
3306 300112 3.0 3.0
3307 300192 3.0 3.0
3308 300289 3.0 3.0
3309 300359 3.0 3.0
3310 300433 3.0 3.0
3311 300538 3.0 3.0
3312 300599 3.0 3.0
3313 300672 3.0 3.0
3314 300735 3.0 3.0
3315 300825 3.0 3.0
3316 300907 3.0 3.0
3317 300967 3.0 3.0
3318 301033 3.0 3.0
3319 301105 3.0 3.0
3320 301176 3.0 3.0
3321 301263 3.0 3.0
3322 301346 3.0 3.0
3323 301410 3.0 3.0
3324 301474 3.0 3.0
3325 301550 3.0 3.0
3326 301620 3.0 3.0
3327 301681 3.0 3.0
3328 301744 3.0 3.0
3329 301821 3.0 3.0
3330 301901 3.0 3.0
3331 301978 3.0 3.0
3332 302045 3.0 3.0
3333 302114 3.0 3.0
3334 302187 3.0 3.0
3335 302273 3.0 3.0
3336 302352 3.0 3.0
3337 302432 3.0 3.0
3338 302513 3.0 3.0
3339 302601 3.0 3.0
3340 302678 3.0 3.0
3341 302732 3.0 3.0
3342 302800 3.0 3.0
3343 302872 3.0 3.0
3344 302933 3.0 3.0
3345 302992 3.0 3.0
3346 303065 3.0 3.0
3347 303143 3.0 3.0
3348 303235 3.0 3.0
3349 303313 3.0 3.0
3350 303379 3.0 3.0
3351 303460 3.0 3.0
3352 303546 3.0 3.0
3353 303625 3.0 3.0
3354 303700 3.0 3.0
3355 303783 3.0 3.0
3356 303859 3.0 3.0
3357 303924 3.0 3.0
3358 303979 3.0 3.0
3359 304053 3.0 3.0
3360 304121 3.0 3.0
3361 304185 3.0 3.0
3362 304252 3.0 3.0
3363 304347 3.0 3.0
3364 304477 3.0 3.0
3365 304573 3.0 3.0
3366 304646 3.0 3.0
3367 304728 3.0 3.0
3368 304800 3.0 3.0
3369 304873 3.0 3.0
3370 304953 3.0 3.0
3371 305038 3.0 3.0
3372 305109 3.0 3.0
3373 305175 3.0 3.0
3374 305250 3.0 3.0
3375 305364 3.0 3.0
3376 305439 3.0 3.0
3377 305505 3.0 3.0
3378 305582 3.0 3.0
3379 305658 3.0 3.0
3380 305738 3.0 3.0
3381 305837 3.0 3.0
3382 305892 3.0 3.0
3383 305991 3.0 3.0
3384 306057 3.0 3.0
3385 306141 3.0 3.0
3386 306214 3.0 3.0
3387 306289 3.0 3.0
3388 306357 3.0 3.0
3389 306423 3.0 3.0
3390 306518 3.0 3.0
3391 306600 3.0 3.0
3392 306677 3.0 3.0
3393 306758 3.0 3.0
3394 306840 3.0 3.0
3395 306918 3.0 3.0
3396 306983 3.0 3.0
3397 307065 3.0 3.0
3398 307145 3.0 3.0
3399 307229 3.0 3.0
3400 307301 3.0 3.0
3401 307366 3.0 3.0
3402 307496 3.0 3.0
3403 307597 3.0 3.0
3404 307662 3.0 3.0
3405 307734 3.0 3.0
3406 307868 3.0 3.0
3407 307935 3.0 3.0
3408 308008 3.0 3.0
3409 308254 3.0 3.0
3410 308312 3.0 3.0
3411 308373 3.0 3.0
3412 308441 3.0 3.0
3413 308519 3.0 3.0
3414 308601 3.0 3.0
3415 308701 3.0 3.0
3416 308762 3.0 3.0
3417 308874 3.0 3.0
3418 308937 3.0 3.0
3419 309011 3.0 3.0
3420 309081 3.0 3.0
3421 309154 3.0 3.0
3422 309262 3.0 3.0
3423 309340 3.0 3.0
3424 309429 3.0 3.0
3425 309526 3.0 3.0
3426 309591 3.0 3.0
3427 309705 3.0 3.0
3428 309780 3.0 3.0
3429 309849 3.0 3.0
3430 309918 3.0 3.0
3431 309981 3.0 3.0
3432 310058 3.0 3.0
3433 310123 3.0 3.0
3434 310187 3.0 3.0
3435 310292 3.0 3.0
3436 310373 3.0 3.0
3437 310429 3.0 3.0
3438 310512 3.0 3.0
3439 310582 3.0 3.0
3440 310676 3.0 3.0
3441 310830 3.0 3.0
3442 310945 3.0 3.0
3443 311030 3.0 3.0
3444 311098 3.0 3.0
3445 311184 3.0 3.0
3446 311273 3.0 3.0
3447 311368 3.0 3.0
3448 311446 3.0 3.0
3449 311521 3.0 3.0
3450 311596 3.0 3.0
3451 311781 3.0 3.0
3452 311844 3.0 3.0
3453 311922 3.0 3.0
3454 312009 3.0 3.0
3455 312093 3.0 3.0
3456 312150 3.0 3.0
3457 312212 3.0 3.0
3458 312279 3.0 3.0
3459 312350 3.0 3.0
3460 312433 3.0 3.0
3461 312543 3.0 3.0
3462 312615 3.0 3.0
3463 312693 3.0 3.0
3464 312756 3.0 3.0
3465 312859 3.0 3.0
3466 312929 3.0 3.0
3467 313002 3.0 3.0
3468 313089 3.0 3.0
3469 313169 3.0 3.0
3470 313253 3.0 3.0
3471 313328 3.0 3.0
3472 313408 3.0 3.0
3473 313479 3.0 3.0
3474 313564 3.0 3.0
3475 313636 3.0 3.0
3476 313700 3.0 3.0
3477 313774 3.0 3.0
3478 313904 3.0 3.0
3479 313983 3.0 3.0
3480 314051 3.0 3.0
3481 314137 3.0 3.0
3482 314204 3.0 3.0
3483 314277 3.0 3.0
3484 314357 3.0 3.0
3485 314433 3.0 3.0
3486 314504 3.0 3.0
3487 314578 3.0 3.0
3488 314647 3.0 3.0
3489 314724 3.0 3.0
3490 314800 3.0 3.0
3491 314870 3.0 3.0
3492 314931 3.0 3.0
3493 315004 3.0 3.0
3494 315080 3.0 3.0
3495 315146 3.0 3.0
3496 315218 3.0 3.0
3497 315277 3.0 3.0
3498 315361 3.0 3.0
3499 315424 3.0 3.0
3500 315494 3.0 3.0
3501 315552 3.0 3.0
3502 315615 3.0 3.0
3503 315684 3.0 3.0
3504 315750 3.0 3.0
3505 315830 3.0 3.0
3506 315907 3.0 3.0
3507 315974 3.0 3.0
3508 316033 3.0 3.0
3509 316108 3.0 3.0
3510 316172 3.0 3.0
3511 316240 3.0 3.0
3512 316308 3.0 3.0
3513 316397 3.0 3.0
3514 316470 3.0 3.0
3515 316543 3.0 3.0
3516 316615 3.0 3.0
3517 316687 3.0 3.0
3518 316747 3.0 3.0
3519 316816 3.0 3.0
3520 316902 3.0 3.0
3521 316961 3.0 3.0
3522 317026 3.0 3.0
3523 317112 3.0 3.0
3524 317257 3.0 3.0
3525 317320 3.0 3.0
3526 317390 3.0 3.0
3527 317480 3.0 3.0
3528 317567 3.0 3.0
3529 317658 3.0 3.0
3530 317728 3.0 3.0
3531 317787 3.0 3.0
3532 317844 3.0 3.0
3533 317916 3.0 3.0
3534 317987 3.0 3.0
3535 318067 3.0 3.0
3536 318149 3.0 3.0
3537 318217 3.0 3.0
3538 318292 3.0 3.0
3539 318389 3.0 3.0
3540 318457 3.0 3.0
3541 318593 3.0 3.0
3542 318671 3.0 3.0
3543 318760 3.0 3.0
3544 318830 3.0 3.0
3545 318897 3.0 3.0
3546 318993 3.0 3.0
3547 319070 3.0 3.0
3548 319140 3.0 3.0
3549 319219 3.0 3.0
3550 319297 3.0 3.0
3551 319377 3.0 3.0
3552 319448 3.0 3.0
3553 319521 3.0 3.0
3554 319590 3.0 3.0
3555 319678 3.0 3.0
3556 319746 3.0 3.0
3557 319841 3.0 3.0
3558 319926 3.0 3.0
3559 320000 3.0 3.0
3560 320081 3.0 3.0
3561 320190 3.0 3.0
3562 320258 3.0 3.0
3563 320330 3.0 3.0
3564 320403 3.0 3.0
3565 320473 3.0 3.0
3566 320535 3.0 3.0
3567 320617 3.0 3.0
3568 320718 3.0 3.0
3569 320774 3.0 3.0
3570 320832 3.0 3.0
3571 320897 3.0 3.0
3572 320999 3.0 3.0
3573 321076 3.0 3.0
3574 321150 3.0 3.0
3575 321243 3.0 3.0
3576 321328 3.0 3.0
3577 321410 3.0 3.0
3578 321467 3.0 3.0
3579 321528 3.0 3.0
3580 321599 3.0 3.0
3581 321671 3.0 3.0
3582 321747 3.0 3.0
3583 321822 3.0 3.0
3584 321900 3.0 3.0
3585 321974 3.0 3.0
3586 322034 3.0 3.0
3587 322103 3.0 3.0
3588 322179 3.0 3.0
3589 322259 3.0 3.0
3590 322408 3.0 3.0
3591 322505 3.0 3.0
3592 322580 3.0 3.0
3593 322688 3.0 3.0
3594 322759 3.0 3.0
3595 322826 3.0 3.0
3596 322890 3.0 3.0
3597 322950 3.0 3.0
3598 323013 3.0 3.0
3599 323091 3.0 3.0
3600 323169 3.0 3.0
3601 323233 3.0 3.0
3602 323309 3.0 3.0
3603 323499 3.0 3.0
3604 323575 3.0 3.0
3605 323648 3.0 3.0
3606 323705 3.0 3.0
3607 323797 3.0 3.0
3608 323874 3.0 3.0
3609 323955 3.0 3.0
3610 324024 3.0 3.0
3611 324095 3.0 3.0
3612 324147 3.0 3.0
3613 324210 3.0 3.0
3614 324271 3.0 3.0
3615 324331 3.0 3.0
3616 324396 3.0 3.0
3617 324467 3.0 3.0
3618 324533 3.0 3.0
3619 324609 3.0 3.0
3620 324687 3.0 3.0
3621 324811 3.0 3.0
3622 324895 3.0 3.0
3623 324954 3.0 3.0
3624 325028 3.0 3.0
3625 325106 3.0 3.0
3626 325173 3.0 3.0
3627 325231 3.0 3.0
3628 325409 3.0 3.0
3629 325482 3.0 3.0
3630 325568 3.0 3.0
3631 325642 3.0 3.0
3632 325696 3.0 3.0
3633 325770 3.0 3.0
3634 325843 3.0 3.0
3635 325918 3.0 3.0
3636 325991 3.0 3.0
3637 326063 3.0 3.0
3638 326126 3.0 3.0
3639 326189 3.0 3.0
3640 326288 3.0 3.0
3641 326358 3.0 3.0
3642 326428 3.0 3.0
3643 326499 3.0 3.0
3644 326586 3.0 3.0
3645 326652 3.0 3.0
3646 326710 3.0 3.0
3647 326792 3.0 3.0
3648 326853 3.0 3.0
3649 326925 3.0 3.0
3650 326981 3.0 3.0
3651 327063 3.0 3.0
3652 327259 3.0 3.0
3653 327344 3.0 3.0
3654 327413 3.0 3.0
3655 327485 3.0 3.0
3656 327583 3.0 3.0
3657 327651 3.0 3.0
3658 327716 3.0 3.0
3659 327782 3.0 3.0
3660 327868 3.0 3.0
3661 327988 3.0 3.0
3662 328064 3.0 3.0
3663 328140 3.0 3.0
3664 328304 3.0 3.0
3665 328395 3.0 3.0
3666 328449 3.0 3.0
3667 328524 3.0 3.0
3668 328586 3.0 3.0
3669 328656 3.0 3.0
3670 328725 3.0 3.0
3671 328803 3.0 3.0
3672 328890 3.0 3.0
3673 329000 3.0 3.0
3674 329066 3.0 3.0
3675 329169 3.0 3.0
3676 329270 3.0 3.0
3677 329348 3.0 3.0
3678 329419 3.0 3.0
3679 329495 3.0 3.0
3680 329564 3.0 3.0
3681 329669 3.0 3.0
3682 329744 3.0 3.0
3683 329842 3.0 3.0
3684 329912 3.0 3.0
3685 329991 3.0 3.0
3686 330055 3.0 3.0
3687 330130 3.0 3.0
3688 330203 3.0 3.0
3689 330278 3.0 3.0
3690 330340 3.0 3.0
3691 330406 3.0 3.0
3692 330473 3.0 3.0
3693 330544 3.0 3.0
3694 330604 3.0 3.0
3695 330683 3.0 3.0
3696 330763 3.0 3.0
3697 330824 3.0 3.0
3698 330902 3.0 3.0
3699 330981 3.0 3.0
3700 331043 3.0 3.0
3701 331114 3.0 3.0
3702 331182 3.0 3.0
3703 331281 3.0 3.0
3704 331349 3.0 3.0
3705 331435 3.0 3.0
3706 331510 3.0 3.0
3707 331569 3.0 3.0
3708 331640 3.0 3.0
3709 331715 3.0 3.0
3710 331793 3.0 3.0
3711 331881 3.0 3.0
3712 331968 3.0 3.0
3713 332034 3.0 3.0
3714 332099 3.0 3.0
3715 332167 3.0 3.0
3716 332249 3.0 3.0
3717 332360 3.0 3.0
3718 332423 3.0 3.0
3719 332490 3.0 3.0
3720 332552 3.0 3.0
3721 332615 3.0 3.0
3722 332689 3.0 3.0
3723 332773 3.0 3.0
3724 332846 3.0 3.0
3725 332922 3.0 3.0
3726 332986 3.0 3.0
3727 333082 3.0 3.0
3728 333149 3.0 3.0
3729 333276 3.0 3.0
3730 333337 3.0 3.0
3731 333467 3.0 3.0
3732 333543 3.0 3.0
3733 333709 3.0 3.0
3734 333770 3.0 3.0
3735 333830 3.0 3.0
3736 333918 3.0 3.0
3737 334006 3.0 3.0
3738 334070 3.0 3.0
3739 334129 3.0 3.0
3740 334204 3.0 3.0
3741 334267 3.0 3.0
3742 334367 3.0 3.0
3743 334421 3.0 3.0
3744 334510 3.0 3.0
3745 334608 3.0 3.0
3746 334686 3.0 3.0
3747 334753 3.0 3.0
3748 334845 3.0 3.0
3749 334907 3.0 3.0
3750 334983 3.0 3.0
3751 335063 3.0 3.0
3752 335184 3.0 3.0
3753 335271 3.0 3.0
3754 335343 3.0 3.0
3755 335425 3.0 3.0
3756 335501 3.0 3.0
3757 335568 3.0 3.0
3758 335628 3.0 3.0
3759 335709 3.0 3.0
3760 335775 3.0 3.0
3761 335842 3.0 3.0
3762 335923 3.0 3.0
3763 335998 3.0 3.0
3764 336069 3.0 3.0
3765 336147 3.0 3.0
3766 336240 3.0 3.0
3767 336332 3.0 3.0
3768 336403 3.0 3.0
3769 336474 3.0 3.0
3770 336534 3.0 3.0
3771 336611 3.0 3.0
3772 336700 3.0 3.0
3773 336762 3.0 3.0
3774 336846 3.0 3.0
3775 336917 3.0 3.0
3776 337033 3.0 3.0
3777 337108 3.0 3.0
3778 337181 3.0 3.0
3779 337284 3.0 3.0
3780 337357 3.0 3.0
3781 337416 3.0 3.0
3782 337536 3.0 3.0
3783 337623 3.0 3.0
3784 337695 3.0 3.0
3785 337774 3.0 3.0
3786 337916 3.0 3.0
3787 337981 3.0 3.0
3788 338056 3.0 3.0
3789 338125 3.0 3.0
3790 338198 3.0 3.0
3791 338272 3.0 3.0
3792 338377 3.0 3.0
3793 338440 3.0 3.0
3794 338567 3.0 3.0
3795 338648 3.0 3.0
3796 338747 3.0 3.0
3797 338812 3.0 3.0
3798 338881 3.0 3.0
3799 338947 3.0 3.0
3800 339029 3.0 3.0
3801 339107 3.0 3.0
3802 339200 3.0 3.0
3803 339268 3.0 3.0
3804 339340 3.0 3.0
3805 339495 3.0 3.0
3806 339556 3.0 3.0
3807 339634 3.0 3.0
3808 339711 3.0 3.0
3809 339778 3.0 3.0
3810 339847 3.0 3.0
3811 339999 3.0 3.0
3812 340068 3.0 3.0
3813 340133 3.0 3.0
3814 340208 3.0 3.0
3815 340331 3.0 3.0
3816 340407 3.0 3.0
3817 340489 3.0 3.0
3818 340557 3.0 3.0
3819 340624 3.0 3.0
3820 340699 3.0 3.0
3821 340778 3.0 3.0
3822 340837 3.0 3.0
3823 340952 3.0 3.0
3824 341250 3.0 3.0
3825 341341 3.0 3.0
3826 341404 3.0 3.0
3827 341476 3.0 3.0
3828 341546 3.0 3.0
3829 341615 3.0 3.0
3830 341750 3.0 3.0
3831 341832 3.0 3.0
3832 341978 3.0 3.0
3833 342063 3.0 3.0
3834 342122 3.0 3.0
3835 342188 3.0 3.0
3836 342248 3.0 3.0
3837 342330 3.0 3.0
3838 342397 3.0 3.0
3839 342458 3.0 3.0
3840 342620 3.0 3.0
3841 342702 3.0 3.0
3842 342793 3.0 3.0
3843 342878 3.0 3.0
3844 342950 3.0 3.0
3845 343022 3.0 3.0
3846 343128 3.0 3.0
3847 343194 3.0 3.0
3848 343263 3.0 3.0
3849 343342 3.0 3.0
3850 343410 3.0 3.0
3851 343489 3.0 3.0
3852 343573 3.0 3.0
3853 343638 3.0 3.0
3854 343709 3.0 3.0
3855 343759 3.0 3.0
3856 343874 3.0 3.0
3857 343973 3.0 3.0
3858 344041 3.0 3.0
3859 344110 3.0 3.0
3860 344240 3.0 3.0
3861 344303 3.0 3.0
3862 344368 3.0 3.0
3863 344427 3.0 3.0
3864 344504 3.0 3.0
3865 344587 3.0 3.0
3866 344644 3.0 3.0
3867 344733 3.0 3.0
3868 344814 3.0 3.0
3869 344907 3.0 3.0
3870 345011 3.0 3.0
3871 345087 3.0 3.0
3872 345146 3.0 3.0
3873 345204 3.0 3.0
3874 345290 3.0 3.0
3875 345392 3.0 3.0
3876 345456 3.0 3.0
3877 345518 3.0 3.0
3878 345577 3.0 3.0
3879 345644 3.0 3.0
3880 345699 3.0 3.0
3881 345769 3.0 3.0
3882 345839 3.0 3.0
3883 346017 3.0 3.0
3884 346091 3.0 3.0
3885 346173 3.0 3.0
3886 346235 3.0 3.0
3887 346321 3.0 3.0
3888 346391 3.0 3.0
3889 346461 3.0 3.0
3890 346540 3.0 3.0
3891 346609 3.0 3.0
3892 346676 3.0 3.0
3893 346745 3.0 3.0
3894 346811 3.0 3.0
3895 346877 3.0 3.0
3896 346962 3.0 3.0
3897 347027 3.0 3.0
3898 347116 3.0 3.0
3899 347187 3.0 3.0
3900 347256 3.0 3.0
3901 347333 3.0 3.0
3902 347420 3.0 3.0
3903 347487 3.0 3.0
3904 347545 3.0 3.0
3905 347664 3.0 3.0
3906 347740 3.0 3.0
3907 347806 3.0 3.0
3908 347896 3.0 3.0
3909 347951 3.0 3.0
3910 348009 3.0 3.0
3911 348072 3.0 3.0
3912 348154 3.0 3.0
3913 348227 3.0 3.0
3914 348293 3.0 3.0
3915 348364 3.0 3.0
3916 348445 3.0 3.0
3917 348502 3.0 3.0
3918 348601 3.0 3.0
3919 348668 3.0 3.0
3920 348757 3.0 3.0
3921 348813 3.0 3.0
3922 348912 3.0 3.0
3923 348977 3.0 3.0
3924 349030 3.0 3.0
3925 349098 3.0 3.0
3926 349179 3.0 3.0
3927 349286 3.0 3.0
3928 349355 3.0 3.0
3929 349420 3.0 3.0
3930 349486 3.0 3.0
3931 349578 3.0 3.0
3932 349649 3.0 3.0
3933 349744 3.0 3.0
3934 349818 3.0 3.0
3935 349879 3.0 3.0
3936 349977 3.0 3.0
3937 350055 3.0 3.0
3938 350113 3.0 3.0
3939 350180 3.0 3.0
3940 350272 3.0 3.0
3941 350348 3.0 3.0
3942 350402 3.0 3.0
3943 350480 3.0 3.0
3944 350545 3.0 3.0
3945 350685 3.0 3.0
3946 350743 3.0 3.0
3947 350801 3.0 3.0
3948 350879 3.0 3.0
3949 350958 3.0 3.0
3950 351022 3.0 3.0
3951 351106 3.0 3.0
3952 351236 3.0 3.0
3953 351308 3.0 3.0
3954 351368 3.0 3.0
3955 351451 3.0 3.0
3956 351509 3.0 3.0
3957 351627 3.0 3.0
3958 351713 3.0 3.0
3959 351795 3.0 3.0
3960 351854 3.0 3.0
3961 351947 3.0 3.0
3962 352064 3.0 3.0
3963 352148 3.0 3.0
3964 352227 3.0 3.0
3965 352307 3.0 3.0
3966 352436 3.0 3.0
3967 352528 3.0 3.0
3968 352603 3.0 3.0
3969 352673 3.0 3.0
3970 352732 3.0 3.0
3971 352934 3.0 3.0
3972 353011 3.0 3.0
3973 353077 3.0 3.0
3974 353147 3.0 3.0
3975 353232 3.0 3.0
3976 353301 3.0 3.0
3977 353366 3.0 3.0
3978 353450 3.0 3.0
3979 353520 3.0 3.0
3980 353590 3.0 3.0
3981 353665 3.0 3.0
3982 353739 3.0 3.0
3983 353822 3.0 3.0
3984 353901 3.0 3.0
3985 353981 3.0 3.0
3986 354068 3.0 3.0
3987 354123 3.0 3.0
3988 354210 3.0 3.0
3989 354282 3.0 3.0
3990 354349 3.0 3.0
3991 354422 3.0 3.0
3992 354479 3.0 3.0
3993 354551 3.0 3.0
3994 354623 3.0 3.0
3995 354696 3.0 3.0
3996 354782 3.0 3.0
3997 354879 3.0 3.0
3998 354964 3.0 3.0
3999 355049 3.0 3.0
4000 355122 3.0 3.0
4001 355189 3.0 3.0
4002 355258 3.0 3.0
4003 355328 3.0 3.0
4004 355439 3.0 3.0
4005 355498 3.0 3.0
4006 355607 3.0 3.0
4007 355687 3.0 3.0
4008 355758 3.0 3.0
4009 355818 3.0 3.0
4010 355894 3.0 3.0
4011 355989 3.0 3.0
4012 356084 3.0 3.0
4013 356246 3.0 3.0
4014 356308 3.0 3.0
4015 356391 3.0 3.0
4016 356459 3.0 3.0
4017 356520 3.0 3.0
4018 356595 3.0 3.0
4019 356658 3.0 3.0
4020 356745 3.0 3.0
4021 356802 3.0 3.0
4022 356899 3.0 3.0
4023 356964 3.0 3.0
4024 357025 3.0 3.0
4025 357110 3.0 3.0
4026 357225 3.0 3.0
4027 357296 3.0 3.0
4028 357358 3.0 3.0
4029 357418 3.0 3.0
4030 357486 3.0 3.0
4031 357553 3.0 3.0
4032 357614 3.0 3.0
4033 357686 3.0 3.0
4034 357745 3.0 3.0
4035 357852 3.0 3.0
4036 357933 3.0 3.0
4037 358000 3.0 3.0
4038 358078 3.0 3.0
4039 358140 3.0 3.0
4040 358248 3.0 3.0
4041 358326 3.0 3.0
4042 358393 3.0 3.0
4043 358505 3.0 3.0
4044 358596 3.0 3.0
4045 358725 3.0 3.0
4046 358795 3.0 3.0
4047 358866 3.0 3.0
4048 358952 3.0 3.0
4049 359028 3.0 3.0
4050 359151 3.0 3.0
4051 359219 3.0 3.0
4052 359303 3.0 3.0
4053 359390 3.0 3.0
4054 359472 3.0 3.0
4055 359542 3.0 3.0
4056 359606 3.0 3.0
4057 359680 3.0 3.0
4058 359847 3.0 3.0
4059 359907 3.0 3.0
4060 360089 3.0 3.0
4061 360188 3.0 3.0
4062 360251 3.0 3.0
4063 360322 3.0 3.0
4064 360400 3.0 3.0
4065 360479 3.0 3.0
4066 360551 3.0 3.0
4067 360631 3.0 3.0
4068 360698 3.0 3.0
4069 360807 3.0 3.0
4070 360872 3.0 3.0
4071 361000 3.0 3.0
4072 361065 3.0 3.0
4073 361135 3.0 3.0
4074 361194 3.0 3.0
4075 361279 3.0 3.0
4076 361378 3.0 3.0
4077 361454 3.0 3.0
4078 361524 3.0 3.0
4079 361688 3.0 3.0
4080 361747 3.0 3.0
4081 361875 3.0 3.0
4082 361946 3.0 3.0
4083 362013 3.0 3.0
4084 362087 3.0 3.0
4085 362166 3.0 3.0
4086 362224 3.0 3.0
4087 362307 3.0 3.0
4088 362384 3.0 3.0
4089 362447 3.0 3.0
4090 362597 3.0 3.0
4091 362659 3.0 3.0
4092 362748 3.0 3.0
4093 362837 3.0 3.0
4094 362936 3.0 3.0
4095 363010 3.0 3.0
4096 363098 3.0 3.0
4097 363171 3.0 3.0
4098 363246 3.0 3.0
4099 363320 3.0 3.0
4100 363387 3.0 3.0
4101 363468 3.0 3.0
4102 363539 3.0 3.0
4103 363644 3.0 3.0
4104 363703 3.0 3.0
4105 363778 3.0 3.0
4106 363854 3.0 3.0
4107 363931 3.0 3.0
4108 363992 3.0 3.0
4109 364057 3.0 3.0
4110 364138 3.0 3.0
4111 364214 3.0 3.0
4112 364283 3.0 3.0
4113 364369 3.0 3.0
4114 364440 3.0 3.0
4115 364500 3.0 3.0
4116 364566 3.0 3.0
4117 364625 3.0 3.0
4118 364704 3.0 3.0
4119 364776 3.0 3.0
4120 364857 3.0 3.0
4121 364922 3.0 3.0
4122 364996 3.0 3.0
4123 365061 3.0 3.0
4124 365148 3.0 3.0
4125 365203 3.0 3.0
4126 365273 3.0 3.0
4127 365348 3.0 3.0
4128 365422 3.0 3.0
4129 365488 3.0 3.0
4130 365563 3.0 3.0
4131 365632 3.0 3.0
4132 365703 3.0 3.0
4133 365830 3.0 3.0
4134 365909 3.0 3.0
4135 365985 3.0 3.0
4136 366048 3.0 3.0
4137 366116 3.0 3.0
4138 366229 3.0 3.0
4139 366304 3.0 3.0
4140 366366 3.0 3.0
4141 366557 3.0 3.0
4142 366625 3.0 3.0
4143 366714 3.0 3.0
4144 366814 3.0 3.0
4145 366919 3.0 3.0
4146 366978 3.0 3.0
4147 367052 3.0 3.0
4148 367115 3.0 3.0
4149 367183 3.0 3.0
4150 367254 3.0 3.0
4151 367328 3.0 3.0
4152 367394 3.0 3.0
4153 367474 3.0 3.0
4154 367582 3.0 3.0
4155 367655 3.0 3.0
4156 367727 3.0 3.0
4157 367808 3.0 3.0
4158 367922 3.0 3.0
4159 367990 3.0 3.0
4160 368064 3.0 3.0
4161 368138 3.0 3.0
4162 368208 3.0 3.0
4163 368303 3.0 3.0
4164 368381 3.0 3.0
4165 368453 3.0 3.0
4166 368511 3.0 3.0
4167 368568 3.0 3.0
4168 368702 3.0 3.0
4169 368787 3.0 3.0
4170 368860 3.0 3.0
4171 368931 3.0 3.0
4172 369014 3.0 3.0
4173 369089 3.0 3.0
4174 369162 3.0 3.0
4175 369231 3.0 3.0
4176 369301 3.0 3.0
4177 369386 3.0 3.0
4178 369448 3.0 3.0
4179 369515 3.0 3.0
4180 369660 3.0 3.0
4181 369721 3.0 3.0
4182 369802 3.0 3.0
4183 369874 3.0 3.0
4184 369974 3.0 3.0
4185 370041 3.0 3.0
4186 370112 3.0 3.0
4187 370191 3.0 3.0
4188 370284 3.0 3.0
4189 370359 3.0 3.0
4190 370433 3.0 3.0
4191 370495 3.0 3.0
4192 370551 3.0 3.0
4193 370659 3.0 3.0
4194 370720 3.0 3.0
4195 370800 3.0 3.0
4196 370875 3.0 3.0
4197 370938 3.0 3.0
4198 371045 3.0 3.0
4199 371119 3.0 3.0
4200 371184 3.0 3.0
4201 371245 3.0 3.0
4202 371307 3.0 3.0
4203 371394 3.0 3.0
4204 371451 3.0 3.0
4205 371522 3.0 3.0
4206 371648 3.0 3.0
4207 371702 3.0 3.0
4208 371765 3.0 3.0
4209 371836 3.0 3.0
4210 371905 3.0 3.0
4211 371984 3.0 3.0
4212 372056 3.0 3.0
4213 372141 3.0 3.0
4214 372226 3.0 3.0
4215 372315 3.0 3.0
4216 372409 3.0 3.0
4217 372503 3.0 3.0
4218 372596 3.0 3.0
4219 372688 3.0 3.0
4220 372777 3.0 3.0
4221 372879 3.0 3.0
4222 372946 3.0 3.0
4223 373059 3.0 3.0
4224 373121 3.0 3.0
4225 373197 3.0 3.0
4226 373286 3.0 3.0
4227 373347 3.0 3.0
4228 373434 3.0 3.0
4229 373535 3.0 3.0
4230 373698 3.0 3.0
4231 373793 3.0 3.0
4232 373865 3.0 3.0
4233 373956 3.0 3.0
4234 374058 3.0 3.0
4235 374127 3.0 3.0
4236 374218 3.0 3.0
4237 374305 3.0 3.0
4238 374372 3.0 3.0
4239 374437 3.0 3.0
4240 374535 3.0 3.0
4241 374604 3.0 3.0
4242 374682 3.0 3.0
4243 374793 3.0 3.0
4244 374885 3.0 3.0
4245 374961 3.0 3.0
4246 375028 3.0 3.0
4247 375099 3.0 3.0
4248 375170 3.0 3.0
4249 375245 3.0 3.0
4250 375328 3.0 3.0
4251 375424 3.0 3.0
4252 375494 3.0 3.0
4253 375572 3.0 3.0
4254 375637 3.0 3.0
4255 375709 3.0 3.0
4256 375780 3.0 3.0
4257 375854 3.0 3.0
4258 375915 3.0 3.0
4259 375994 3.0 3.0
4260 376053 3.0 3.0
4261 376126 3.0 3.0
4262 376263 3.0 3.0
4263 376365 3.0 3.0
4264 376429 3.0 3.0
4265 376499 3.0 3.0
4266 376563 3.0 3.0
4267 376743 3.0 3.0
4268 376838 3.0 3.0
4269 376904 3.0 3.0
4270 376967 3.0 3.0
4271 377023 3.0 3.0
4272 377085 3.0 3.0
4273 377203 3.0 3.0
4274 377260 3.0 3.0
4275 377329 3.0 3.0
4276 377392 3.0 3.0
4277 377464 3.0 3.0
4278 377533 3.0 3.0
4279 377621 3.0 3.0
4280 377700 3.0 3.0
4281 377770 3.0 3.0
4282 377847 3.0 3.0
4283 377932 3.0 3.0
4284 377999 3.0 3.0
4285 378062 3.0 3.0
4286 378131 3.0 3.0
4287 378193 3.0 3.0
4288 378250 3.0 3.0
4289 378313 3.0 3.0
4290 378397 3.0 3.0
4291 378476 3.0 3.0
4292 378544 3.0 3.0
4293 378622 3.0 3.0
4294 378779 3.0 3.0
4295 378852 3.0 3.0
4296 378927 3.0 3.0
4297 379000 3.0 3.0
4298 379082 3.0 3.0
4299 379145 3.0 3.0
4300 379218 3.0 3.0
4301 379347 3.0 3.0
4302 379429 3.0 3.0
4303 379498 3.0 3.0
4304 379564 3.0 3.0
4305 379625 3.0 3.0
4306 379694 3.0 3.0
4307 379769 3.0 3.0
4308 379832 3.0 3.0
4309 379903 3.0 3.0
4310 380002 3.0 3.0
4311 380081 3.0 3.0
4312 380149 3.0 3.0
4313 380234 3.0 3.0
4314 380303 3.0 3.0
4315 380384 3.0 3.0
4316 380448 3.0 3.0
4317 380562 3.0 3.0
4318 380632 3.0 3.0
4319 380756 3.0 3.0
4320 380821 3.0 3.0
4321 380900 3.0 3.0
4322 380966 3.0 3.0
4323 381028 3.0 3.0
4324 381110 3.0 3.0
4325 381176 3.0 3.0
4326 381259 3.0 3.0
4327 381324 3.0 3.0
4328 381386 3.0 3.0
4329 381455 3.0 3.0
4330 381514 3.0 3.0
4331 381627 3.0 3.0
4332 381687 3.0 3.0
4333 381762 3.0 3.0
4334 381835 3.0 3.0
4335 381928 3.0 3.0
4336 381999 3.0 3.0
4337 382084 3.0 3.0
4338 382154 3.0 3.0
4339 382221 3.0 3.0
4340 382288 3.0 3.0
4341 382349 3.0 3.0
4342 382416 3.0 3.0
4343 382484 3.0 3.0
4344 382550 3.0 3.0
4345 382642 3.0 3.0
4346 382707 3.0 3.0
4347 382786 3.0 3.0
4348 382855 3.0 3.0
4349 382929 3.0 3.0
4350 382996 3.0 3.0
4351 383097 3.0 3.0
4352 383175 3.0 3.0
4353 383238 3.0 3.0
4354 383299 3.0 3.0
4355 383376 3.0 3.0
4356 383437 3.0 3.0
4357 383538 3.0 3.0
4358 383603 3.0 3.0
4359 383677 3.0 3.0
4360 383755 3.0 3.0
4361 383827 3.0 3.0
4362 383905 3.0 3.0
4363 383977 3.0 3.0
4364 384059 3.0 3.0
4365 384143 3.0 3.0
4366 384225 3.0 3.0
4367 384293 3.0 3.0
4368 384362 3.0 3.0
4369 384426 3.0 3.0
4370 384493 3.0 3.0
4371 384556 3.0 3.0
4372 384650 3.0 3.0
4373 384734 3.0 3.0
4374 384802 3.0 3.0
4375 384884 3.0 3.0
4376 384947 3.0 3.0
4377 385017 3.0 3.0
4378 385089 3.0 3.0
4379 385148 3.0 3.0
4380 385235 3.0 3.0
4381 385303 3.0 3.0
4382 385371 3.0 3.0
4383 385430 3.0 3.0
4384 385494 3.0 3.0
4385 385574 3.0 3.0
4386 385639 3.0 3.0
4387 385720 3.0 3.0
4388 385796 3.0 3.0
4389 385924 3.0 3.0
4390 386015 3.0 3.0
4391 386096 3.0 3.0
4392 386185 3.0 3.0
4393 386250 3.0 3.0
4394 386311 3.0 3.0
4395 386392 3.0 3.0
4396 386458 3.0 3.0
4397 386539 3.0 3.0
4398 386611 3.0 3.0
4399 386714 3.0 3.0
4400 386801 3.0 3.0
4401 386907 3.0 3.0
4402 386995 3.0 3.0
4403 387130 3.0 3.0
4404 387224 3.0 3.0
4405 387299 3.0 3.0
4406 387370 3.0 3.0
4407 387441 3.0 3.0
4408 387514 3.0 3.0
4409 387610 3.0 3.0
4410 387697 3.0 3.0
4411 387764 3.0 3.0
4412 387853 3.0 3.0
4413 387960 3.0 3.0
4414 388043 3.0 3.0
4415 388127 3.0 3.0
4416 388286 3.0 3.0
4417 388354 3.0 3.0
4418 388420 3.0 3.0
4419 388487 3.0 3.0
4420 388561 3.0 3.0
4421 388635 3.0 3.0
4422 388778 3.0 3.0
4423 388835 3.0 3.0
4424 388913 3.0 3.0
4425 388984 3.0 3.0
4426 389050 3.0 3.0
4427 389123 3.0 3.0
4428 389185 3.0 3.0
4429 389255 3.0 3.0
4430 389334 3.0 3.0
4431 389401 3.0 3.0
4432 389488 3.0 3.0
4433 389558 3.0 3.0
4434 389636 3.0 3.0
4435 389701 3.0 3.0
4436 389779 3.0 3.0
4437 389862 3.0 3.0
4438 389931 3.0 3.0
4439 390007 3.0 3.0
4440 390107 3.0 3.0
4441 390188 3.0 3.0
4442 390251 3.0 3.0
4443 390327 3.0 3.0
4444 390405 3.0 3.0
4445 390475 3.0 3.0
4446 390562 3.0 3.0
4447 390647 3.0 3.0
4448 390706 3.0 3.0
4449 390777 3.0 3.0
4450 390835 3.0 3.0
4451 390928 3.0 3.0
4452 391006 3.0 3.0
4453 391079 3.0 3.0
4454 391146 3.0 3.0
4455 391243 3.0 3.0
4456 391306 3.0 3.0
4457 391373 3.0 3.0
4458 391438 3.0 3.0
4459 391510 3.0 3.0
4460 391584 3.0 3.0
4461 391645 3.0 3.0
4462 391713 3.0 3.0
4463 391788 3.0 3.0
4464 391856 3.0 3.0
4465 391923 3.0 3.0
4466 392004 3.0 3.0
4467 392086 3.0 3.0
4468 392158 3.0 3.0
4469 392235 3.0 3.0
4470 392316 3.0 3.0
4471 392381 3.0 3.0
4472 392454 3.0 3.0
4473 392526 3.0 3.0
4474 392643 3.0 3.0
4475 392730 3.0 3.0
4476 392803 3.0 3.0
4477 392860 3.0 3.0
4478 392930 3.0 3.0
4479 392996 3.0 3.0
4480 393053 3.0 3.0
4481 393159 3.0 3.0
4482 393236 3.0 3.0
4483 393293 3.0 3.0
4484 393375 3.0 3.0
4485 393451 3.0 3.0
4486 393514 3.0 3.0
4487 393582 3.0 3.0
4488 393653 3.0 3.0
4489 393723 3.0 3.0
4490 393778 3.0 3.0
4491 393858 3.0 3.0
4492 393924 3.0 3.0
4493 393987 3.0 3.0
4494 394073 3.0 3.0
4495 394147 3.0 3.0
4496 394246 3.0 3.0
4497 394332 3.0 3.0
4498 394461 3.0 3.0
4499 394548 3.0 3.0
4500 394617 3.0 3.0
4501 394768 3.0 3.0
4502 394846 3.0 3.0
4503 394904 3.0 3.0
4504 394973 3.0 3.0
4505 395054 3.0 3.0
4506 395119 3.0 3.0
4507 395199 3.0 3.0
4508 395266 3.0 3.0
4509 395338 3.0 3.0
4510 395407 3.0 3.0
4511 395463 3.0 3.0
4512 395530 3.0 3.0
4513 395600 3.0 3.0
4514 395656 3.0 3.0
4515 395728 3.0 3.0
4516 395798 3.0 3.0
4517 395868 3.0 3.0
4518 395947 3.0 3.0
4519 396036 3.0 3.0
4520 396110 3.0 3.0
4521 396193 3.0 3.0
4522 396257 3.0 3.0
4523 396314 3.0 3.0
4524 396434 3.0 3.0
4525 396530 3.0 3.0
4526 396652 3.0 3.0
4527 396738 3.0 3.0
4528 396799 3.0 3.0
4529 396898 3.0 3.0
4530 396971 3.0 3.0
4531 397117 3.0 3.0
4532 397264 3.0 3.0
4533 397328 3.0 3.0
4534 397526 3.0 3.0
4535 397601 3.0 3.0
4536 397674 3.0 3.0
4537 397740 3.0 3.0
4538 397816 3.0 3.0
4539 397886 3.0 3.0
4540 397948 3.0 3.0
4541 398013 3.0 3.0
4542 398093 3.0 3.0
4543 398202 3.0 3.0
4544 398327 3.0 3.0
4545 398392 3.0 3.0
4546 398464 3.0 3.0
4547 398559 3.0 3.0
4548 398627 3.0 3.0
4549 398696 3.0 3.0
4550 398767 3.0 3.0
4551 398838 3.0 3.0
4552 398902 3.0 3.0
4553 398980 3.0 3.0
4554 399052 3.0 3.0
4555 399113 3.0 3.0
4556 399172 3.0 3.0
4557 399244 3.0 3.0
4558 399304 3.0 3.0
4559 399372 3.0 3.0
4560 399450 3.0 3.0
4561 399532 3.0 3.0
4562 399627 3.0 3.0
4563 399727 3.0 3.0
4564 399797 3.0 3.0
4565 399878 3.0 3.0
4566 399938 3.0 3.0
4567 400019 3.0 3.0
