1 300 0.79
2 600 0.79
3 900 0.8
4 1200 0.81
5 1500 0.8200000000000001
6 1800 0.8300000000000001
7 2100 0.8400000000000001
8 2400 0.8400000000000001
9 2700 0.8500000000000001
10 3000 0.8500000000000001
11 3300 0.8600000000000001
12 3600 0.8700000000000001
13 3900 0.8700000000000001
14 4200 0.8800000000000001
15 4500 0.8900000000000001
16 4800 0.9000000000000001
17 5100 0.9100000000000001
18 5400 0.9100000000000001
19 5700 0.9100000000000001
20 6000 0.9200000000000002
21 6300 0.9300000000000002
22 6600 0.9300000000000002
23 6900 0.9300000000000002
24 7200 0.9400000000000002
25 7500 0.9500000000000002
26 7800 0.9500000000000002
27 8100 0.9500000000000002
28 8400 0.9500000000000002
29 8700 0.9500000000000002
30 9000 0.9500000000000002
31 9300 0.9500000000000002
32 9600 0.9600000000000002
33 9900 0.9700000000000002
34 10200 0.9700000000000002
35 10500 0.9700000000000002
36 10800 0.9700000000000002
37 11100 0.9700000000000002
38 11400 0.9700000000000002
39 11700 0.9700000000000002
40 12000 0.9700000000000002
41 12300 0.9700000000000002
42 12600 0.9700000000000002
43 12900 0.9700000000000002
44 13200 0.9700000000000002
45 13500 0.9800000000000002
46 13800 0.9800000000000002
47 14100 0.9800000000000002
48 14400 0.9800000000000002
49 14700 0.9800000000000002
50 15000 0.9800000000000002
51 15300 0.9800000000000002
52 15600 0.9800000000000002
53 15900 0.9800000000000002
54 16200 0.9800000000000002
55 16500 0.9800000000000002
56 16800 0.9800000000000002
57 17100 0.9800000000000002
58 17400 0.9800000000000002
59 17700 0.9800000000000002
60 18000 1.0000000000000002
61 18300 1.0100000000000002
62 18600 1.0100000000000002
63 18900 1.0200000000000002
64 19200 1.02
65 19500 1.03
66 19800 1.03
67 20100 1.03
68 20400 1.04
69 20700 1.04
70 21000 1.04
71 21300 1.05
72 21600 1.05
73 21900 1.06
74 22200 1.06
75 22500 1.07
76 22800 1.07
77 23100 1.08
78 23400 1.08
79 23700 1.09
80 24000 1.1
81 24300 1.1
82 24600 1.11
83 24900 1.12
84 25200 1.1300000000000001
85 25500 1.1400000000000001
86 25800 1.1500000000000001
87 26100 1.1600000000000001
88 26400 1.1700000000000002
89 26700 1.1800000000000002
90 27000 1.1900000000000002
91 27300 1.2000000000000002
92 27600 1.2100000000000002
93 27900 1.2200000000000002
94 28200 1.2300000000000002
95 28500 1.2300000000000002
96 28800 1.2300000000000002
97 29100 1.2400000000000002
98 29400 1.2500000000000002
99 29700 1.2600000000000002
100 30000 1.2700000000000002
101 30300 1.2800000000000002
102 30600 1.2900000000000003
103 30900 1.3000000000000003
104 31200 1.3100000000000003
105 31500 1.3200000000000003
106 31800 1.33
107 32100 1.3400000000000003
108 32400 1.3600000000000003
109 32700 1.37
110 33000 1.3800000000000003
111 33300 1.3900000000000001
112 33600 1.4000000000000004
113 33900 1.4100000000000001
114 34200 1.42
115 34500 1.4300000000000002
116 34800 1.44
117 35100 1.4500000000000002
118 35400 1.46
119 35700 1.4700000000000002
120 36000 1.48
121 36300 1.49
122 36600 1.5
123 36900 1.51
124 37200 1.52
125 37500 1.53
126 37800 1.54
127 38100 1.55
128 38400 1.56
129 38700 1.57
130 39000 1.58
131 39300 1.59
132 39600 1.6
133 39900 1.61
134 40200 1.62
135 40500 1.6300000000000001
136 40800 1.6400000000000001
137 41100 1.6500000000000001
138 41400 1.6600000000000001
139 41700 1.6700000000000002
140 42000 1.6800000000000002
141 42300 1.6900000000000002
142 42600 1.6900000000000002
143 42900 1.7000000000000002
144 43200 1.7100000000000002
145 43500 1.7200000000000002
146 43800 1.7300000000000002
147 44100 1.7400000000000002
148 44400 1.7500000000000002
149 44700 1.7600000000000002
150 45000 1.7700000000000002
151 45300 1.7800000000000002
152 45600 1.7900000000000003
153 45900 1.8000000000000003
154 46200 1.8100000000000003
155 46500 1.8200000000000003
156 46800 1.8300000000000003
157 47100 1.8400000000000003
158 47400 1.8500000000000003
159 47623 1.8600000000000003
160 47908 1.8600000000000003
161 48208 1.8600000000000003
162 48475 1.8700000000000003
163 48775 1.8700000000000003
164 49039 1.8800000000000003
165 49339 1.8800000000000003
166 49639 1.8900000000000003
167 49892 1.9000000000000004
168 50192 1.9000000000000004
169 50492 1.9100000000000004
170 50724 1.9200000000000004
171 51024 1.9200000000000004
172 51189 1.9300000000000004
173 51489 1.9300000000000004
174 51747 1.9400000000000004
175 52047 1.9400000000000004
176 52277 1.9500000000000004
177 52577 1.9500000000000004
178 52819 1.9600000000000004
179 53051 1.9600000000000004
180 53351 1.9600000000000004
181 53500 1.9700000000000004
182 53766 1.9700000000000004
183 53996 1.9700000000000004
184 54216 1.9700000000000004
185 54512 1.9700000000000004
186 54693 1.9700000000000004
187 54857 1.9700000000000004
188 55108 1.9700000000000004
189 55309 1.9700000000000004
190 55514 1.9700000000000004
191 55659 1.9700000000000004
192 55897 1.9700000000000004
193 56154 1.9700000000000004
194 56454 1.9700000000000004
195 56754 1.9800000000000004
196 56956 1.9900000000000002
197 57159 1.9900000000000002
198 57309 1.9900000000000002
199 57495 1.9900000000000002
200 57663 1.9900000000000002
201 57924 1.9900000000000002
202 58211 1.9900000000000002
203 58435 1.9900000000000002
204 58647 1.9900000000000002
205 58835 1.9900000000000002
206 59027 1.9900000000000002
207 59188 1.9900000000000002
208 59337 1.9900000000000002
209 59546 1.9900000000000002
210 59673 1.9900000000000002
211 59837 1.9900000000000002
212 59969 1.9900000000000002
213 60172 1.9900000000000002
214 60313 1.9900000000000002
215 60438 1.9900000000000002
216 60620 1.9900000000000002
217 60716 1.9900000000000002
218 60850 1.9900000000000002
219 60989 1.9900000000000002
220 61201 1.9900000000000002
221 61339 1.9900000000000002
222 61532 1.9900000000000002
223 61754 1.9900000000000002
224 61881 1.9900000000000002
225 62050 1.9900000000000002
226 62239 1.9900000000000002
227 62433 1.9900000000000002
228 62635 1.9900000000000002
229 62780 1.9900000000000002
230 62981 1.9900000000000002
231 63156 1.9900000000000002
232 63260 1.9900000000000002
233 63462 1.9900000000000002
234 63575 1.9900000000000002
235 63816 1.9900000000000002
236 63933 1.9900000000000002
237 64033 1.9900000000000002
238 64191 1.9900000000000002
239 64358 1.9900000000000002
240 64501 1.9900000000000002
241 64801 1.9900000000000002
242 64981 2.0
243 65171 2.0
244 65378 2.0
245 65553 2.0
246 65642 2.0
247 65767 2.0
248 65869 2.0
249 66028 2.0
250 66177 2.0
251 66359 2.0
252 66457 2.0
253 66558 2.0
254 66782 2.0
255 67081 2.0
256 67200 2.0
257 67416 2.0
258 67518 2.0
259 67670 2.0
260 67781 2.0
261 67943 2.0
262 68233 2.0
263 68351 2.0
264 68476 2.0
265 68625 2.0
266 68781 2.0
267 68885 2.0
268 68998 2.0
269 69105 2.0
270 69205 2.0
271 69411 2.0
272 69490 2.0
273 69623 2.0
274 69744 2.0
275 69858 2.0
276 69962 2.0
277 70114 2.0
278 70218 2.0
279 70349 2.0
280 70458 2.0
281 70581 2.0
282 70727 2.0
283 70837 2.0
284 70951 2.0
285 71144 2.0
286 71271 2.0
287 71371 2.0
288 71551 2.0
289 71660 2.0
290 71803 2.0
291 71904 2.0
292 71998 2.0
293 72166 2.0
294 72287 2.0
295 72417 2.0
296 72552 2.0
297 72731 2.0
298 72904 2.0
299 73061 2.0
300 73236 2.0
301 73373 2.0
302 73494 2.0
303 73565 2.0
304 73793 2.0
305 73934 2.0
306 74019 2.0
307 74111 2.0
308 74277 2.0
309 74391 2.0
310 74574 2.0
311 74678 2.0
312 74772 2.0
313 75012 2.0
314 75075 2.0
315 75247 2.0
316 75373 2.0
317 75530 2.0
318 75655 2.0
319 75799 2.0
320 75956 2.0
321 76177 2.0
322 76321 2.0
323 76443 2.0
324 76620 2.0
325 76797 2.0
326 76898 2.0
327 77027 2.0
328 77118 2.0
329 77210 2.0
330 77335 2.0
331 77451 2.0
332 77613 2.0
333 77707 2.0
334 77826 2.0
335 77902 2.0
336 78062 2.0
337 78180 2.0
338 78310 2.0
339 78421 2.0
340 78579 2.0
341 78708 2.0
342 78825 2.0
343 78990 2.0
344 79180 2.0
345 79268 2.0
346 79386 2.0
347 79531 2.0
348 79610 2.0
349 79757 2.0
350 79874 2.0
351 80077 2.0
352 80185 2.0
353 80296 2.0
354 80512 2.0
355 80673 2.0
356 80798 2.0
357 80969 2.0
358 81155 2.0
359 81270 2.0
360 81369 2.0
361 81520 2.0
362 81644 2.0
363 81744 2.0
364 81861 2.0
365 81956 2.0
366 82081 2.0
367 82167 2.0
368 82287 2.0
369 82506 2.0
370 82642 2.0
371 82811 2.0
372 82895 2.0
373 83033 2.0
374 83271 2.0
375 83347 2.0
376 83523 2.0
377 83667 2.0
378 83746 2.0
379 83844 2.0
380 83953 2.0
381 84074 2.0
382 84170 2.0
383 84350 2.0
384 84459 2.0
385 84650 2.0
386 84762 2.0
387 84923 2.0
388 85064 2.0
389 85131 2.0
390 85267 2.0
391 85421 2.0
392 85625 2.0
393 85791 2.0
394 85919 2.0
395 86166 2.0
396 86269 2.0
397 86392 2.0
398 86512 2.0
399 86603 2.0
400 86710 2.0
401 86800 2.0
402 86880 2.0
403 86979 2.0
404 87188 2.0
405 87301 2.0
406 87455 2.0
407 87577 2.0
408 87663 2.0
409 87790 2.0
410 87900 2.0
411 88000 2.0
412 88171 2.0
413 88270 2.0
414 88350 2.0
415 88474 2.0
416 88600 2.0
417 88747 2.0
418 88895 2.0
419 88988 2.0
420 89098 2.0
421 89259 2.0
422 89380 2.0
423 89537 2.0
424 89618 2.0
425 89693 2.0
426 89786 2.0
427 89918 2.0
428 90006 2.0
429 90127 2.0
430 90215 2.0
431 90314 2.0
432 90398 2.0
433 90511 2.0
434 90612 2.0
435 90702 2.0
436 90786 2.0
437 90861 2.0
438 90947 2.0
439 91026 2.0
440 91136 2.0
441 91228 2.0
442 91328 2.0
443 91415 2.0
444 91489 2.0
445 91652 2.0
446 91749 2.0
447 91854 2.0
448 91969 2.0
449 92053 2.0
450 92136 2.0
451 92263 2.0
452 92376 2.0
453 92453 2.0
454 92539 2.0
455 92645 2.0
456 92730 2.0
457 92831 2.0
458 92928 2.0
459 93057 2.0
460 93127 2.0
461 93238 2.0
462 93341 2.0
463 93441 2.0
464 93522 2.0
465 93621 2.0
466 93722 2.0
467 93804 2.0
468 93897 2.0
469 94017 2.0
470 94149 2.0
471 94254 2.0
472 94408 2.0
473 94474 2.0
474 94549 2.0
475 94622 2.0
476 94692 2.0
477 94789 2.0
478 94905 2.0
479 95017 2.0
480 95126 2.0
481 95262 2.0
482 95378 2.0
483 95485 2.0
484 95568 2.0
485 95684 2.0
486 95847 2.0
487 95948 2.0
488 96067 2.0
489 96163 2.0
490 96398 2.0
491 96515 2.0
492 96622 2.0
493 96717 2.0
494 96799 2.0
495 96941 2.0
496 97031 2.0
497 97145 2.0
498 97318 2.0
499 97400 2.0
500 97482 2.0
501 97574 2.0
502 97713 2.0
503 97804 2.0
504 97866 2.0
505 98026 2.0
506 98132 2.0
507 98218 2.0
508 98392 2.0
509 98513 2.0
510 98610 2.0
511 98755 2.0
512 98901 2.0
513 98994 2.0
514 99221 2.0
515 99344 2.0
516 99434 2.0
517 99589 2.0
518 99780 2.0
519 99926 2.0
520 100036 2.0
521 100123 2.0
522 100288 2.0
523 100432 2.0
524 100537 2.0
525 100619 2.0
526 100696 2.0
527 100781 2.0
528 100864 2.0
529 100938 2.0
530 101034 2.0
531 101115 2.0
532 101225 2.0
533 101350 2.0
534 101491 2.0
535 101651 2.0
536 101747 2.0
537 101846 2.0
538 101931 2.0
539 102000 2.0
540 102063 2.0
541 102174 2.0
542 102302 2.0
543 102401 2.0
544 102627 2.0
545 102752 2.0
546 102823 2.0
547 102915 2.0
548 102996 2.0
549 103150 2.0
550 103247 2.0
551 103349 2.0
552 103423 2.0
553 103609 2.0
554 103742 2.0
555 103845 2.0
556 103961 2.0
557 104048 2.0
558 104169 2.0
559 104272 2.0
560 104362 2.0
561 104451 2.0
562 104559 2.0
563 104645 2.0
564 104802 2.0
565 104884 2.0
566 104942 2.0
567 105049 2.0
568 105140 2.0
569 105225 2.0
570 105328 2.0
571 105446 2.0
572 105678 2.0
573 105821 2.0
574 105961 2.0
575 106068 2.0
576 106231 2.0
577 106341 2.0
578 106432 2.0
579 106545 2.0
580 106634 2.0
581 106722 2.0
582 106835 2.0
583 106957 2.0
584 107053 2.0
585 107147 2.0
586 107240 2.0
587 107347 2.0
588 107444 2.0
589 107524 2.0
590 107642 2.0
591 107727 2.0
592 107826 2.0
593 107942 2.0
594 108030 2.0
595 108120 2.0
596 108296 2.0
597 108366 2.0
598 108500 2.0
599 108654 2.0
600 108759 2.0
601 108823 2.0
602 108899 2.0
603 109001 2.0
604 109123 2.0
605 109205 2.0
606 109298 2.0
607 109371 2.0
608 109480 2.0
609 109561 2.0
610 109644 2.0
611 109773 2.0
612 109866 2.0
613 109934 2.0
614 110020 2.0
615 110112 2.0
616 110209 2.0
617 110283 2.0
618 110388 2.0
619 110464 2.0
620 110549 2.0
621 110640 2.0
622 110733 2.0
623 110820 2.0
624 110880 2.0
625 110959 2.0
626 111030 2.0
627 111130 2.0
628 111256 2.0
629 111329 2.0
630 111415 2.0
631 111508 2.0
632 111626 2.0
633 111742 2.0
634 111830 2.0
635 111919 2.0
636 112012 2.0
637 112090 2.0
638 112204 2.0
639 112289 2.0
640 112429 2.0
641 112509 2.0
642 112572 2.0
643 112702 2.0
644 112816 2.0
645 112929 2.0
646 113000 2.0
647 113066 2.0
648 113169 2.0
649 113327 2.0
650 113412 2.0
651 113493 2.0
652 113572 2.0
653 113680 2.0
654 113769 2.0
655 113882 2.0
656 113972 2.0
657 114117 2.0
658 114192 2.0
659 114269 2.0
660 114371 2.0
661 114447 2.0
662 114553 2.0
663 114655 2.0
664 114750 2.0
665 114878 2.0
666 114978 2.0
667 115080 2.0
668 115176 2.0
669 115308 2.0
670 115454 2.0
671 115566 2.0
672 115647 2.0
673 115735 2.0
674 115831 2.0
675 116013 2.0
676 116086 2.0
677 116156 2.0
678 116239 2.0
679 116328 2.0
680 116425 2.0
681 116519 2.0
682 116606 2.0
683 116703 2.0
684 116789 2.0
685 116856 2.0
686 116958 2.0
687 117039 2.0
688 117152 2.0
689 117242 2.0
690 117323 2.0
691 117459 2.0
692 117552 2.0
693 117648 2.0
694 117750 2.0
695 117837 2.0
696 117910 2.0
697 117984 2.0
698 118069 2.0
699 118200 2.0
700 118270 2.0
701 118382 2.0
702 118490 2.0
703 118629 2.0
704 118724 2.0
705 118839 2.0
706 118922 2.0
707 119002 2.0
708 119126 2.0
709 119283 2.0
710 119343 2.0
711 119447 2.0
712 119518 2.0
713 119605 2.0
714 119677 2.0
715 119766 2.0
716 119868 2.0
717 119965 2.0
718 120055 2.0
719 120136 2.0
720 120221 2.0
721 120370 2.0
722 120508 2.0
723 120619 2.0
724 120718 2.0
725 120816 2.0
726 120908 2.0
727 120999 2.0
728 121148 2.0
729 121241 2.0
730 121341 2.0
731 121433 2.0
732 121542 2.0
733 121654 2.0
734 121845 2.0
735 121932 2.0
736 122103 2.0
737 122188 2.0
738 122417 2.0
739 122544 2.0
740 122694 2.0
741 122902 2.0
742 123000 2.0
743 123108 2.0
744 123198 2.0
745 123312 2.0
746 123413 2.0
747 123489 2.0
748 123576 2.0
749 123681 2.0
750 123760 2.0
751 123831 2.0
752 123941 2.0
753 124027 2.0
754 124174 2.0
755 124291 2.0
756 124374 2.0
757 124455 2.0
758 124605 2.0
759 124689 2.0
760 124758 2.0
761 124928 2.0
762 125075 2.0
763 125262 2.0
764 125340 2.0
765 125486 2.0
766 125580 2.0
767 125684 2.0
768 125765 2.0
769 125851 2.0
770 125942 2.0
771 126025 2.0
772 126173 2.0
773 126242 2.0
774 126321 2.0
775 126394 2.0
776 126462 2.0
777 126547 2.0
778 126665 2.0
779 126760 2.0
780 126830 2.0
781 126907 2.0
782 126980 2.0
783 127070 2.0
784 127234 2.0
785 127310 2.0
786 127425 2.0
787 127497 2.0
788 127615 2.0
789 127723 2.0
790 127797 2.0
791 127863 2.0
792 127957 2.0
793 128030 2.0
794 128123 2.0
795 128204 2.0
796 128263 2.0
797 128399 2.0
798 128477 2.0
799 128557 2.0
800 128642 2.0
801 128789 2.0
802 128885 2.0
803 129022 2.0
804 129137 2.0
805 129231 2.0
806 129325 2.0
807 129463 2.0
808 129529 2.0
809 129640 2.0
810 129827 2.0
811 129877 2.0
812 130023 2.0
813 130117 2.0
814 130219 2.0
815 130376 2.0
816 130483 2.0
817 130616 2.0
818 130781 2.0
819 130848 2.0
820 130931 2.0
821 131018 2.0
822 131126 2.0
823 131219 2.0
824 131328 2.0
825 131439 2.0
826 131573 2.0
827 131659 2.0
828 131766 2.0
829 131883 2.0
830 132008 2.0
831 132092 2.0
832 132195 2.0
833 132293 2.0
834 132385 2.0
835 132495 2.0
836 132615 2.0
837 132714 2.0
838 132874 2.0
839 132975 2.0
840 133060 2.0
841 133157 2.0
842 133250 2.0
843 133367 2.0
844 133446 2.0
845 133524 2.0
846 133662 2.0
847 133768 2.0
848 133868 2.0
849 133980 2.0
850 134080 2.0
851 134170 2.0
852 134231 2.0
853 134327 2.0
854 134493 2.0
855 134558 2.0
856 134650 2.0
857 134757 2.0
858 134908 2.0
859 135002 2.0
860 135092 2.0
861 135199 2.0
862 135300 2.0
863 135411 2.0
864 135591 2.0
865 135771 2.0
866 135914 2.0
867 135983 2.0
868 136123 2.0
869 136238 2.0
870 136393 2.0
871 136525 2.0
872 136599 2.0
873 136691 2.0
874 136838 2.0
875 136972 2.0
876 137078 2.0
877 137241 2.0
878 137306 2.0
879 137407 2.0
880 137490 2.0
881 137603 2.0
882 137706 2.0
883 137813 2.0
884 137881 2.0
885 137961 2.0
886 138054 2.0
887 138197 2.0
888 138328 2.0
889 138403 2.0
890 138498 2.0
891 138603 2.0
892 138704 2.0
893 138774 2.0
894 138849 2.0
895 138977 1.9900000000000002
896 139054 1.9900000000000002
897 139154 1.9900000000000002
898 139237 1.9900000000000002
899 139332 1.9900000000000002
900 139429 1.9900000000000002
901 139510 1.9900000000000002
902 139698 1.9900000000000002
903 139760 1.9900000000000002
904 139828 1.9900000000000002
905 139957 1.9900000000000002
906 140041 1.9900000000000002
907 140117 1.9900000000000002
908 140252 1.9900000000000002
909 140331 1.9900000000000002
910 140411 1.9900000000000002
911 140491 1.9900000000000002
912 140581 1.9900000000000002
913 140664 1.9900000000000002
914 140729 1.9900000000000002
915 140841 1.9900000000000002
916 140930 1.9900000000000002
917 141064 1.9900000000000002
918 141145 1.9900000000000002
919 141216 1.9900000000000002
920 141315 1.9900000000000002
921 141384 1.9900000000000002
922 141494 1.9900000000000002
923 141622 1.9900000000000002
924 141709 1.9900000000000002
925 141904 1.9900000000000002
926 142005 1.9900000000000002
927 142092 1.9900000000000002
928 142174 1.9900000000000002
929 142264 1.9900000000000002
930 142340 1.9900000000000002
931 142416 1.9900000000000002
932 142513 1.9900000000000002
933 142583 1.9900000000000002
934 142672 1.9900000000000002
935 142776 1.9900000000000002
936 142847 1.9900000000000002
937 142988 1.9900000000000002
938 143104 1.9900000000000002
939 143169 1.9900000000000002
940 143253 1.9900000000000002
941 143376 1.9900000000000002
942 143468 1.9900000000000002
943 143569 1.9900000000000002
944 143631 1.9900000000000002
945 143705 1.9900000000000002
946 143816 1.9900000000000002
947 143947 1.9900000000000002
948 144030 1.9900000000000002
949 144140 1.9900000000000002
950 144245 1.9900000000000002
951 144303 1.9900000000000002
952 144424 1.9900000000000002
953 144509 1.9900000000000002
954 144595 1.9900000000000002
955 144674 1.9900000000000002
956 144741 1.9900000000000002
957 144813 1.9900000000000002
958 144919 1.9900000000000002
959 145007 1.9900000000000002
960 145075 1.9900000000000002
961 145168 1.9900000000000002
962 145260 1.9900000000000002
963 145323 1.9900000000000002
964 145415 1.9900000000000002
965 145520 1.9900000000000002
966 145665 1.9900000000000002
967 145751 1.9900000000000002
968 145858 1.9900000000000002
969 145934 1.9900000000000002
970 146006 1.9900000000000002
971 146147 1.9900000000000002
972 146220 1.9900000000000002
973 146291 1.9900000000000002
974 146375 1.9900000000000002
975 146439 1.9900000000000002
976 146507 1.9900000000000002
977 146608 1.9900000000000002
978 146684 1.9900000000000002
979 146787 1.9900000000000002
980 146887 1.9900000000000002
981 146971 1.9900000000000002
982 147127 1.9900000000000002
983 147237 1.9900000000000002
984 147331 1.9900000000000002
985 147447 1.9900000000000002
986 147551 1.9900000000000002
987 147684 1.9900000000000002
988 147851 1.9900000000000002
989 147932 1.9900000000000002
990 148014 1.9900000000000002
991 148145 1.9800000000000002
992 148264 1.9800000000000002
993 148346 1.9800000000000002
994 148555 1.9800000000000002
995 148643 1.9900000000000002
996 148728 1.9900000000000002
997 148785 1.9900000000000002
998 148882 1.9900000000000002
999 148948 1.9900000000000002
1000 149024 1.9900000000000002
1001 149117 1.9900000000000002
1002 149205 1.9900000000000002
1003 149340 1.9900000000000002
1004 149428 1.9900000000000002
1005 149511 1.9900000000000002
1006 149593 1.9900000000000002
1007 149666 1.9900000000000002
1008 149852 1.9900000000000002
1009 149961 1.9900000000000002
1010 150056 1.9900000000000002
1011 150139 1.9900000000000002
1012 150224 1.9900000000000002
1013 150291 1.9900000000000002
1014 150415 1.9900000000000002
1015 150491 1.9900000000000002
1016 150571 1.9900000000000002
1017 150659 1.9900000000000002
1018 150738 1.9900000000000002
1019 150801 1.9900000000000002
1020 150893 1.9900000000000002
1021 150968 1.9900000000000002
1022 151042 1.9900000000000002
1023 151152 1.9900000000000002
1024 151265 1.9900000000000002
1025 151351 1.9900000000000002
1026 151421 1.9900000000000002
1027 151561 1.9900000000000002
1028 151649 1.9900000000000002
1029 151737 1.9900000000000002
1030 151809 1.9900000000000002
1031 151886 1.9900000000000002
1032 152025 1.9900000000000002
1033 152122 1.9900000000000002
1034 152252 1.9900000000000002
1035 152432 1.9900000000000002
1036 152521 1.9900000000000002
1037 152591 1.9900000000000002
1038 152751 1.9900000000000002
1039 152824 1.9900000000000002
1040 152917 1.9900000000000002
1041 153064 1.9900000000000002
1042 153143 1.9900000000000002
1043 153222 1.9900000000000002
1044 153301 1.9900000000000002
1045 153458 1.9900000000000002
1046 153528 1.9900000000000002
1047 153610 1.9900000000000002
1048 153696 1.9900000000000002
1049 153795 1.9900000000000002
1050 153905 1.9900000000000002
1051 153997 1.9900000000000002
1052 154100 1.9900000000000002
1053 154163 1.9900000000000002
1054 154248 1.9900000000000002
1055 154371 1.9900000000000002
1056 154439 1.9900000000000002
1057 154514 1.9900000000000002
1058 154617 1.9900000000000002
1059 154709 1.9900000000000002
1060 154903 1.9900000000000002
1061 155008 1.9900000000000002
1062 155076 1.9900000000000002
1063 155160 1.9900000000000002
1064 155229 1.9900000000000002
1065 155322 1.9900000000000002
1066 155380 1.9900000000000002
1067 155464 1.9900000000000002
1068 155574 1.9900000000000002
1069 155685 1.9900000000000002
1070 155761 1.9900000000000002
1071 155881 1.9900000000000002
1072 155960 1.9900000000000002
1073 156026 1.9900000000000002
1074 156114 1.9900000000000002
1075 156188 1.9900000000000002
1076 156265 1.9900000000000002
1077 156403 1.9900000000000002
1078 156515 1.9900000000000002
1079 156603 1.9900000000000002
1080 156674 1.9900000000000002
1081 156797 1.9900000000000002
1082 156934 1.9900000000000002
1083 157081 1.9900000000000002
1084 157194 1.9900000000000002
1085 157295 1.9900000000000002
1086 157434 1.9900000000000002
1087 157530 1.9900000000000002
1088 157600 1.9900000000000002
1089 157684 1.9900000000000002
1090 157984 1.9900000000000002
1091 158058 2.0
1092 158211 2.0
1093 158293 2.0
1094 158385 2.0
1095 158508 2.0
1096 158587 2.0
1097 158665 2.0
1098 158734 2.0
1099 158806 2.0
1100 158921 2.0
1101 159064 2.0
1102 159124 2.0
1103 159201 2.0
1104 159286 2.0
1105 159418 2.0
1106 159512 2.0
1107 159577 2.0
1108 159704 2.0
1109 159778 2.0
1110 159873 2.0
1111 159980 2.0
1112 160055 2.0
1113 160140 2.0
1114 160230 2.0
1115 160327 2.0
1116 160413 2.0
1117 160501 2.0
1118 160665 2.0
1119 160765 2.0
1120 160850 2.0
1121 160930 2.0
1122 161077 2.0
1123 161158 2.0
1124 161345 2.0
1125 161422 2.0
1126 161618 2.0
1127 161695 2.0
1128 161778 2.0
1129 161841 2.0
1130 161926 2.0
1131 162032 2.0
1132 162105 2.0
1133 162193 2.0
1134 162263 2.0
1135 162349 2.0
1136 162436 2.0
1137 162520 2.0
1138 162597 2.0
1139 162694 2.0
1140 162766 2.0
1141 162857 2.0
1142 162925 2.0
1143 163031 2.0
1144 163106 2.0
1145 163186 2.0
1146 163263 2.0
1147 163379 2.0
1148 163531 2.0
1149 163655 2.0
1150 163727 2.0
1151 163797 2.0
1152 163875 2.0
1153 164022 2.0
1154 164126 2.0
1155 164201 2.0
1156 164306 2.0
1157 164367 2.0
1158 164453 2.0
1159 164555 2.0
1160 164665 2.0
1161 164738 2.0
1162 164811 2.0
1163 164884 2.0
1164 164980 2.0
1165 165058 2.0
1166 165116 2.0
1167 165198 2.0
1168 165289 2.0
1169 165372 2.0
1170 165557 2.0
1171 165678 2.0
1172 165739 2.0
1173 165856 2.0
1174 166002 2.0
1175 166068 2.0
1176 166161 2.0
1177 166304 2.0
1178 166404 2.0
1179 166473 2.0
1180 166560 2.0
1181 166689 2.0
1182 166751 2.0
1183 166850 2.0
1184 166935 2.0
1185 167007 2.0
1186 167086 2.0
1187 167177 2.0
1188 167237 2.0
1189 167300 2.0
1190 167385 2.0
1191 167460 2.0
1192 167548 2.0
1193 167657 2.0
1194 167760 2.0
1195 167855 2.0
1196 167925 2.0
1197 168010 2.0
1198 168102 2.0
1199 168183 2.0
1200 168328 2.0
1201 168418 2.0
1202 168530 2.0
1203 168623 2.0
1204 168712 2.0
1205 168802 2.0
1206 168881 2.0
1207 169052 2.0
1208 169145 2.0
1209 169210 2.0
1210 169290 2.0
1211 169359 2.0
1212 169433 2.0
1213 169524 2.0
1214 169596 2.0
1215 169690 2.0
1216 169766 2.0
1217 169910 2.0
1218 170103 2.0
1219 170179 2.0
1220 170320 2.0
1221 170384 2.0
1222 170462 2.0
1223 170531 2.0
1224 170597 2.0
1225 170662 2.0
1226 170750 2.0
1227 170832 2.0
1228 170913 2.0
1229 171000 2.0
1230 171095 2.0
1231 171224 2.0
1232 171331 2.0
1233 171428 2.0
1234 171501 2.0
1235 171587 2.0
1236 171698 2.0
1237 171803 2.0
1238 171885 2.0
1239 171946 2.0
1240 172017 2.0
1241 172109 2.0
1242 172237 2.0
1243 172325 2.0
1244 172575 2.0
1245 172682 2.0
1246 172799 2.0
1247 172868 2.0
1248 172974 2.0
1249 173039 2.0
1250 173118 2.0
1251 173189 2.0
1252 173328 2.0
1253 173415 2.0
1254 173492 2.0
1255 173588 2.0
1256 173698 2.0
1257 173772 2.0
1258 173847 2.0
1259 173964 2.0
1260 174034 2.0
1261 174112 2.0
1262 174280 2.0
1263 174354 2.0
1264 174418 2.0
1265 174503 2.0
1266 174580 2.0
1267 174653 2.0
1268 174737 2.0
1269 174866 2.0
1270 174967 2.0
1271 175074 2.0
1272 175146 2.0
1273 175220 2.0
1274 175300 2.0
1275 175413 2.0
1276 175479 2.0
1277 175543 2.0
1278 175621 2.0
1279 175716 2.0
1280 175833 2.0
1281 175912 2.0
1282 175986 2.0
1283 176065 2.0
1284 176143 2.0
1285 176276 2.0
1286 176468 2.0
1287 176542 2.0
1288 176621 2.0
1289 176696 2.0
1290 176817 2.0
1291 176874 2.0
1292 177014 2.0
1293 177111 2.0
1294 177190 2.0
1295 177262 2.0
1296 177411 2.0
1297 177480 2.0
1298 177651 2.0
1299 177744 2.0
1300 177832 2.0
1301 177916 2.0
1302 177988 2.0
1303 178073 2.0
1304 178168 2.0
1305 178310 2.0
1306 178396 2.0
1307 178479 2.0
1308 178582 2.0
1309 178760 2.0
1310 178852 2.0
1311 178931 2.0
1312 179043 2.0
1313 179124 2.0
1314 179218 2.0
1315 179301 2.0
1316 179358 2.0
1317 179433 2.0
1318 179499 2.0
1319 179733 2.0
1320 179803 2.0
1321 179923 2.0
1322 180019 2.0
1323 180186 2.0
1324 180254 2.0
1325 180351 2.0
1326 180436 2.0
1327 180501 2.0
1328 180569 2.0
1329 180733 2.0
1330 180805 2.0
1331 180870 2.0
1332 180929 2.0
1333 181038 2.0
1334 181135 2.0
1335 181207 2.0
1336 181341 2.0
1337 181405 2.0
1338 181524 2.0
1339 181650 2.0
1340 181737 2.0
1341 181811 2.0
1342 181877 2.0
1343 182018 2.0
1344 182092 2.0
1345 182226 2.0
1346 182297 2.0
1347 182404 2.0
1348 182571 2.0
1349 182668 2.0
1350 182770 2.0
1351 182887 2.0
1352 182959 2.0
1353 183084 2.0
1354 183141 2.0
1355 183200 2.0
1356 183288 2.0
1357 183362 2.0
1358 183437 2.0
1359 183531 2.0
1360 183618 2.0
1361 183683 2.0
1362 183775 2.0
1363 183875 2.0
1364 183952 2.0
1365 184034 2.0
1366 184167 2.0
1367 184230 2.0
1368 184310 2.0
1369 184401 2.0
1370 184479 2.0
1371 184573 2.0
1372 184676 2.0
1373 184776 2.0
1374 184902 2.0
1375 184964 2.0
1376 185042 2.0
1377 185207 2.0
1378 185281 2.0
1379 185341 2.0
1380 185410 2.0
1381 185528 2.0
1382 185610 2.0
1383 185679 2.0
1384 185758 2.0
1385 185834 2.0
1386 185922 2.0
1387 185996 2.0
1388 186076 2.0
1389 186177 2.0
1390 186235 2.0
1391 186354 2.0
1392 186431 2.0
1393 186516 2.0
1394 186603 2.0
1395 186665 2.0
1396 186749 2.0
1397 186841 2.0
1398 186959 2.0
1399 187052 2.0
1400 187138 2.0
1401 187194 2.0
1402 187368 2.0
1403 187471 2.0
1404 187541 2.0
1405 187633 2.0
1406 187708 2.0
1407 187773 2.0
1408 187843 2.0
1409 187958 2.0
1410 188062 2.0
1411 188129 2.0
1412 188215 2.0
1413 188283 2.0
1414 188377 2.0
1415 188481 2.0
1416 188620 2.0
1417 188788 2.0
1418 188885 2.0
1419 188950 2.0
1420 189043 2.0
1421 189153 2.0
1422 189281 2.0
1423 189401 2.0
1424 189508 2.0
1425 189609 2.0
1426 189678 2.0
1427 189755 2.0
1428 189862 2.0
1429 189986 2.0
1430 190056 2.0
1431 190140 2.0
1432 190317 2.0
1433 190396 2.0
1434 190468 2.0
1435 190546 2.0
1436 190632 2.0
1437 190730 2.0
1438 190814 2.0
1439 190883 2.0
1440 190964 2.0
1441 191095 2.0
1442 191159 2.0
1443 191262 2.0
1444 191366 2.0
1445 191530 2.0
1446 191594 2.0
1447 191692 2.0
1448 191766 2.0
1449 191866 2.0
1450 191943 2.0
1451 192068 2.0
1452 192152 2.0
1453 192257 2.0
1454 192350 2.0
1455 192412 2.0
1456 192535 2.0
1457 192616 2.0
1458 192678 2.0
1459 192827 2.0
1460 192908 2.0
1461 193012 2.0
1462 193083 2.0
1463 193183 2.0
1464 193246 2.0
1465 193320 2.0
1466 193395 2.0
1467 193532 2.0
1468 193597 2.0
1469 193665 2.0
1470 193769 2.0
1471 193936 2.0
1472 194022 2.0
1473 194192 2.0
1474 194283 2.0
1475 194378 2.0
1476 194453 2.0
1477 194553 2.0
1478 194644 2.0
1479 194720 2.0
1480 194779 2.0
1481 194858 2.0
1482 194944 2.0
1483 195033 2.0
1484 195097 2.0
1485 195260 2.0
1486 195370 2.0
1487 195463 2.0
1488 195540 2.0
1489 195609 2.0
1490 195688 2.0
1491 195789 2.0
1492 195850 2.0
1493 195966 2.0
1494 196053 2.0
1495 196115 2.0
1496 196199 2.0
1497 196277 2.0
1498 196366 2.0
1499 196488 2.0
1500 196586 2.0
1501 196680 2.0
1502 196766 2.0
1503 196896 2.0
1504 197025 2.0
1505 197093 2.0
1506 197160 2.0
1507 197245 2.0
1508 197373 2.0
1509 197472 1.9900000000000002
1510 197545 1.9900000000000002
1511 197621 1.9900000000000002
1512 197709 1.9900000000000002
1513 197829 1.9900000000000002
1514 198086 1.9900000000000002
1515 198203 1.9900000000000002
1516 198278 1.9900000000000002
1517 198355 1.9900000000000002
1518 198441 1.9900000000000002
1519 198516 1.9900000000000002
1520 198651 1.9900000000000002
1521 198790 1.9900000000000002
1522 198864 1.9900000000000002
1523 198925 1.9900000000000002
1524 198993 1.9900000000000002
1525 199096 1.9900000000000002
1526 199194 1.9900000000000002
1527 199298 1.9900000000000002
1528 199381 1.9900000000000002
1529 199504 1.9900000000000002
1530 199588 1.9900000000000002
1531 199699 1.9900000000000002
1532 199806 1.9900000000000002
1533 199902 1.9900000000000002
1534 199986 1.9900000000000002
1535 200071 1.9900000000000002
1536 200150 1.9900000000000002
1537 200208 1.9900000000000002
1538 200274 1.9900000000000002
1539 200360 1.9900000000000002
1540 200435 1.9900000000000002
1541 200511 1.9900000000000002
1542 200651 1.9900000000000002
1543 200731 1.9900000000000002
1544 200848 1.9900000000000002
1545 200917 1.9900000000000002
1546 201028 1.9900000000000002
1547 201153 1.9900000000000002
1548 201223 1.9900000000000002
1549 201273 1.9900000000000002
1550 201365 1.9900000000000002
1551 201524 1.9900000000000002
1552 201598 1.9900000000000002
1553 201670 1.9900000000000002
1554 201794 1.9900000000000002
1555 201889 1.9900000000000002
1556 201987 1.9900000000000002
1557 202053 1.9900000000000002
1558 202159 1.9900000000000002
1559 202262 1.9900000000000002
1560 202348 1.9900000000000002
1561 202470 1.9900000000000002
1562 202553 1.9900000000000002
1563 202645 1.9900000000000002
1564 202727 1.9900000000000002
1565 202816 1.9900000000000002
1566 202893 1.9900000000000002
1567 202960 1.9900000000000002
1568 203054 1.9900000000000002
1569 203140 1.9900000000000002
1570 203227 1.9900000000000002
1571 203327 1.9900000000000002
1572 203409 1.9900000000000002
1573 203498 1.9900000000000002
1574 203576 1.9900000000000002
1575 203653 1.9900000000000002
1576 203734 1.9900000000000002
1577 203808 1.9900000000000002
1578 203896 1.9900000000000002
1579 203971 1.9900000000000002
1580 204083 1.9900000000000002
1581 204215 1.9900000000000002
1582 204333 1.9900000000000002
1583 204397 1.9900000000000002
1584 204479 1.9900000000000002
1585 204578 1.9900000000000002
1586 204700 1.9900000000000002
1587 204836 1.9900000000000002
1588 204907 1.9900000000000002
1589 205001 1.9900000000000002
1590 205088 1.9900000000000002
1591 205203 1.9900000000000002
1592 205304 1.9900000000000002
1593 205427 1.9900000000000002
1594 205522 1.9900000000000002
1595 205625 1.9900000000000002
1596 205704 1.9900000000000002
1597 205773 1.9900000000000002
1598 205859 1.9900000000000002
1599 205950 1.9900000000000002
1600 206044 1.9900000000000002
1601 206129 1.9900000000000002
1602 206203 1.9900000000000002
1603 206290 1.9900000000000002
1604 206395 1.9900000000000002
1605 206477 1.9900000000000002
1606 206561 1.9900000000000002
1607 206645 1.9900000000000002
1608 206945 1.9900000000000002
1609 207016 2.0
1610 207104 2.0
1611 207173 2.0
1612 207252 2.0
1613 207335 2.0
1614 207395 2.0
1615 207491 2.0
1616 207578 2.0
1617 207694 2.0
1618 207767 2.0
1619 207835 2.0
1620 207963 2.0
1621 208029 2.0
1622 208092 2.0
1623 208179 2.0
1624 208269 2.0
1625 208377 2.0
1626 208463 2.0
1627 208579 2.0
1628 208642 2.0
1629 208710 2.0
1630 208785 2.0
1631 208854 2.0
1632 208939 2.0
1633 209031 2.0
1634 209128 2.0
1635 209201 2.0
1636 209282 2.0
1637 209365 2.0
1638 209469 2.0
1639 209532 2.0
1640 209610 2.0
1641 209698 2.0
1642 209780 2.0
1643 209842 2.0
1644 209910 2.0
1645 209996 2.0
1646 210089 2.0
1647 210153 2.0
1648 210214 2.0
1649 210290 2.0
1650 210407 2.0
1651 210497 2.0
1652 210552 2.0
1653 210623 2.0
1654 210687 2.0
1655 210754 2.0
1656 210874 2.0
1657 210961 2.0
1658 211017 2.0
1659 211079 2.0
1660 211194 2.0
1661 211256 2.0
1662 211341 2.0
1663 211452 2.0
1664 211564 2.0
1665 211640 2.0
1666 211706 2.0
1667 211795 2.0
1668 211919 2.0
1669 211986 2.0
1670 212069 2.0
1671 212175 2.0
1672 212258 2.0
1673 212363 2.0
1674 212429 2.0
1675 212532 2.0
1676 212641 2.0
1677 212793 2.0
1678 212877 2.0
1679 212999 2.0
1680 213071 2.0
1681 213131 2.0
1682 213234 2.0
1683 213311 2.0
1684 213412 2.0
1685 213489 2.0
1686 213595 2.0
1687 213720 2.0
1688 213790 2.0
1689 213886 2.0
1690 214089 2.0
1691 214230 2.0
1692 214297 2.0
1693 214388 2.0
1694 214499 2.0
1695 214583 2.0
1696 214690 2.0
1697 214767 2.0
1698 214876 2.0
1699 215030 2.0
1700 215096 2.0
1701 215180 2.0
1702 215256 2.0
1703 215325 2.0
1704 215427 2.0
1705 215507 2.0
1706 215571 2.0
1707 215655 2.0
1708 215774 2.0
1709 215888 2.0
1710 215964 2.0
1711 216083 2.0
1712 216160 2.0
1713 216250 2.0
1714 216326 2.0
1715 216420 2.0
1716 216487 2.0
1717 216599 2.0
1718 216681 2.0
1719 216755 2.0
1720 216836 2.0
1721 216938 1.9800000000000002
1722 217011 1.9800000000000002
1723 217082 1.9800000000000002
1724 217158 1.9800000000000002
1725 217220 1.9800000000000004
1726 217342 1.9800000000000004
1727 217470 1.9800000000000004
1728 217546 1.9800000000000004
1729 217633 1.9800000000000004
1730 217778 1.9800000000000004
1731 217851 1.9800000000000004
1732 217920 1.9800000000000004
1733 218004 1.9800000000000004
1734 218084 1.9800000000000004
1735 218184 1.9800000000000004
1736 218323 1.9600000000000004
1737 218386 1.9600000000000004
1738 218479 1.9600000000000004
1739 218561 1.9600000000000004
1740 218643 1.9600000000000004
1741 218734 1.9600000000000004
1742 218815 1.9600000000000004
1743 218931 1.9600000000000004
1744 219023 1.9600000000000004
1745 219082 1.9600000000000004
1746 219149 1.9600000000000004
1747 219222 1.9600000000000004
1748 219331 1.9600000000000004
1749 219406 1.9600000000000004
1750 219514 1.9600000000000004
1751 219674 1.9600000000000004
1752 219751 1.9600000000000004
1753 219876 1.9600000000000004
1754 220008 1.9600000000000004
1755 220069 1.9600000000000004
1756 220218 1.9600000000000004
1757 220317 1.9600000000000004
1758 220416 1.9600000000000004
1759 220521 1.9600000000000004
1760 220587 1.9600000000000004
1761 220729 1.9600000000000004
1762 220821 1.9600000000000004
1763 220894 1.9600000000000004
1764 220963 1.9600000000000004
1765 221042 1.9600000000000004
1766 221124 1.9600000000000004
1767 221236 1.9600000000000004
1768 221309 1.9600000000000004
1769 221395 1.9600000000000004
1770 221462 1.9600000000000004
1771 221589 1.9600000000000004
1772 221650 1.9600000000000004
1773 221734 1.9600000000000004
1774 221793 1.9600000000000004
1775 221897 1.9600000000000004
1776 221989 1.9600000000000004
1777 222066 1.9600000000000004
1778 222134 1.9600000000000004
1779 222204 1.9500000000000004
1780 222418 1.9400000000000004
1781 222479 1.9400000000000004
1782 222562 1.9400000000000004
1783 222767 1.9400000000000004
1784 222843 1.9400000000000004
1785 222927 1.9400000000000004
1786 223012 1.9400000000000004
1787 223085 1.9400000000000004
1788 223166 1.9400000000000004
1789 223262 1.9400000000000004
1790 223322 1.9400000000000004
1791 223428 1.9400000000000004
1792 223502 1.9400000000000004
1793 223584 1.9400000000000004
1794 223733 1.9400000000000004
1795 223854 1.9400000000000004
1796 223964 1.9400000000000004
1797 224064 1.9400000000000004
1798 224219 1.9400000000000004
1799 224282 1.9400000000000004
1800 224346 1.9400000000000004
1801 224423 1.9400000000000004
1802 224508 1.9400000000000004
1803 224593 1.9400000000000004
1804 224655 1.9400000000000004
1805 224740 1.9400000000000004
1806 224869 1.9400000000000004
1807 224980 1.9400000000000004
1808 225067 1.9400000000000004
1809 225141 1.9400000000000004
1810 225286 1.9400000000000004
1811 225427 1.9400000000000004
1812 225494 1.9400000000000004
1813 225570 1.9400000000000004
1814 225647 1.9400000000000004
1815 225746 1.9400000000000004
1816 225836 1.9400000000000004
1817 225909 1.9400000000000004
1818 225981 1.9400000000000004
1819 226051 1.9400000000000004
1820 226351 1.9400000000000004
1821 226429 1.9600000000000004
1822 226517 1.9600000000000004
1823 226591 1.9600000000000004
1824 226704 1.9600000000000004
1825 226860 1.9600000000000004
1826 226931 1.9600000000000004
1827 227017 1.9600000000000004
1828 227105 1.9600000000000004
1829 227186 1.9600000000000004
1830 227332 1.9600000000000004
1831 227453 1.9600000000000004
1832 227520 1.9600000000000004
1833 227599 1.9600000000000004
1834 227676 1.9600000000000004
1835 227976 1.9600000000000004
1836 228038 1.9800000000000004
1837 228154 1.9800000000000004
1838 228231 1.9800000000000004
1839 228297 1.9800000000000004
1840 228361 1.9800000000000004
1841 228442 1.9800000000000004
1842 228512 1.9800000000000004
1843 228576 1.9800000000000004
1844 228676 1.9800000000000004
1845 228734 1.9800000000000004
1846 228878 1.9800000000000004
1847 228949 1.9800000000000004
1848 229024 1.9700000000000004
1849 229104 1.9700000000000004
1850 229169 1.9700000000000004
1851 229281 1.9700000000000004
1852 229355 1.9700000000000004
1853 229478 1.9700000000000004
1854 229564 1.9700000000000004
1855 229653 1.9700000000000004
1856 229735 1.9700000000000004
1857 229857 1.9700000000000004
1858 229922 1.9700000000000004
1859 229990 1.9700000000000004
1860 230095 1.9700000000000004
1861 230172 1.9700000000000004
1862 230251 1.9700000000000004
1863 230323 1.9700000000000004
1864 230399 1.9700000000000004
1865 230469 1.9700000000000004
1866 230557 1.9700000000000004
1867 230652 1.9700000000000004
1868 230724 1.9700000000000004
1869 230832 1.9700000000000004
1870 230925 1.9700000000000004
1871 231027 1.9700000000000004
1872 231088 1.9700000000000004
1873 231159 1.9700000000000004
1874 231257 1.9700000000000004
1875 231344 1.9700000000000004
1876 231449 1.9700000000000004
1877 231506 1.9700000000000004
1878 231696 1.9700000000000004
1879 231845 1.9800000000000004
1880 231989 1.9900000000000002
1881 232060 1.9900000000000002
1882 232118 1.9900000000000002
1883 232240 1.9900000000000002
1884 232316 1.9900000000000002
1885 232387 1.9700000000000002
1886 232455 1.9700000000000002
1887 232596 1.9700000000000002
1888 232669 1.9700000000000002
1889 232733 1.9700000000000002
1890 232789 1.9700000000000002
1891 232862 1.9700000000000002
1892 232989 1.9700000000000002
1893 233079 1.9700000000000002
1894 233157 1.9700000000000002
1895 233220 1.9700000000000002
1896 233291 1.9700000000000002
1897 233404 1.9700000000000002
1898 233466 1.9700000000000002
1899 233635 1.9700000000000002
1900 233748 1.9700000000000004
1901 233833 1.9700000000000004
1902 233924 1.9700000000000004
1903 234016 1.9700000000000004
1904 234102 1.9700000000000004
1905 234164 1.9700000000000004
1906 234275 1.9700000000000004
1907 234365 1.9700000000000004
1908 234482 1.9700000000000004
1909 234559 1.9700000000000004
1910 234646 1.9700000000000004
1911 234737 1.9700000000000004
1912 234864 1.9700000000000004
1913 234935 1.9700000000000004
1914 235006 1.9700000000000004
1915 235128 1.9700000000000004
1916 235218 1.9700000000000004
1917 235285 1.9700000000000004
1918 235389 1.9700000000000004
1919 235467 1.9700000000000004
1920 235541 1.9500000000000004
1921 235604 1.9500000000000004
1922 235673 1.9500000000000004
1923 235782 1.9500000000000004
1924 235851 1.9500000000000004
1925 236049 1.9500000000000004
1926 236127 1.9500000000000004
1927 236202 1.9500000000000004
1928 236285 1.9500000000000004
1929 236495 1.9500000000000004
1930 236570 1.9500000000000004
1931 236658 1.9500000000000004
1932 236730 1.9500000000000004
1933 236812 1.9500000000000004
1934 236882 1.9500000000000004
1935 236956 1.9500000000000004
1936 237056 1.9500000000000004
1937 237120 1.9500000000000004
1938 237181 1.9500000000000004
1939 237343 1.9500000000000004
1940 237414 1.9500000000000004
1941 237486 1.9500000000000004
1942 237565 1.9500000000000004
1943 237668 1.9500000000000004
1944 237744 1.9500000000000004
1945 237806 1.9500000000000004
1946 237936 1.9500000000000004
1947 238230 1.9500000000000004
1948 238307 1.9600000000000004
1949 238379 1.9600000000000004
1950 238457 1.9600000000000004
1951 238532 1.9600000000000004
1952 238610 1.9600000000000004
1953 238717 1.9600000000000004
1954 238803 1.9600000000000004
1955 238870 1.9600000000000004
1956 238948 1.9600000000000004
1957 239043 1.9600000000000004
1958 239120 1.9600000000000004
1959 239178 1.9600000000000004
1960 239242 1.9600000000000004
1961 239321 1.9600000000000004
1962 239391 1.9600000000000004
1963 239509 1.9600000000000004
1964 239627 1.9600000000000004
1965 239683 1.9600000000000004
1966 239770 1.9600000000000004
1967 239836 1.9600000000000004
1968 239903 1.9600000000000004
1969 239963 1.9600000000000004
1970 240073 1.9600000000000004
1971 240150 1.9600000000000004
1972 240259 1.9600000000000004
1973 240361 1.9600000000000004
1974 240444 1.9600000000000004
1975 240546 1.9600000000000004
1976 240634 1.9600000000000004
1977 240752 1.9600000000000004
1978 240835 1.9600000000000004
1979 240909 1.9600000000000004
1980 240979 1.9600000000000004
1981 241040 1.9600000000000004
1982 241111 1.9600000000000004
1983 241216 1.9600000000000004
1984 241516 1.9600000000000004
1985 241592 1.9800000000000004
1986 241680 1.9800000000000004
1987 241755 1.9800000000000004
1988 241821 1.9800000000000004
1989 241923 1.9800000000000004
1990 242009 1.9800000000000004
1991 242130 1.9800000000000004
1992 242200 1.9800000000000004
1993 242268 1.9800000000000004
1994 242336 1.9800000000000004
1995 242468 1.9800000000000004
1996 242547 1.9800000000000004
1997 242630 1.9800000000000004
1998 242708 1.9800000000000004
1999 242771 1.9800000000000004
2000 242835 1.9800000000000004
2001 242925 1.9800000000000004
2002 243005 1.9800000000000004
2003 243072 1.9800000000000004
2004 243148 1.9800000000000004
2005 243222 1.9800000000000004
2006 243286 1.9800000000000004
2007 243377 1.9800000000000004
2008 243498 1.9800000000000004
2009 243760 1.9800000000000004
2010 243906 1.9800000000000004
2011 244012 1.9800000000000004
2012 244085 1.9800000000000004
2013 244163 1.9800000000000004
2014 244237 1.9800000000000004
2015 244310 1.9800000000000004
2016 244378 1.9800000000000004
2017 244519 1.9800000000000004
2018 244629 1.9800000000000004
2019 244929 1.9800000000000004
2020 245129 2.0
2021 245214 2.0
2022 245332 2.0
2023 245416 2.0
2024 245524 2.0
2025 245635 2.0
2026 245708 2.0
2027 245783 2.0
2028 245907 2.0
2029 245963 2.0
2030 246049 2.0
2031 246107 2.0
2032 246182 2.0
2033 246277 2.0
2034 246340 2.0
2035 246415 2.0
2036 246496 2.0
2037 246578 2.0
2038 246657 2.0
2039 246728 2.0
2040 246828 2.0
2041 246963 2.0
2042 247032 2.0
2043 247111 2.0
2044 247205 2.0
2045 247294 2.0
2046 247423 2.0
2047 247520 2.0
2048 247622 2.0
2049 247689 2.0
2050 247773 2.0
2051 247880 2.0
2052 247960 2.0
2053 248105 2.0
2054 248221 2.0
2055 248289 2.0
2056 248361 2.0
2057 248435 2.0
2058 248527 2.0
2059 248604 2.0
2060 248710 2.0
2061 248788 2.0
2062 248926 2.0
2063 249020 2.0
2064 249094 2.0
2065 249194 2.0
2066 249271 2.0
2067 249328 2.0
2068 249514 2.0
2069 249589 2.0
2070 249684 2.0
2071 249771 2.0
2072 249861 2.0
2073 249926 2.0
2074 250036 2.0
2075 250112 2.0
2076 250206 2.0
2077 250280 2.0
2078 250357 2.0
2079 250440 2.0
2080 250529 2.0
2081 250608 2.0
2082 250687 2.0
2083 250787 2.0
2084 250861 2.0
2085 251004 2.0
2086 251083 2.0
2087 251157 2.0
2088 251238 2.0
2089 251334 2.0
2090 251416 2.0
2091 251494 2.0
2092 251593 2.0
2093 251655 2.0
2094 251861 2.0
2095 252010 2.0
2096 252078 2.0
2097 252167 2.0
2098 252279 2.0
2099 252384 2.0
2100 252448 2.0
2101 252547 2.0
2102 252614 2.0
2103 252694 2.0
2104 252761 2.0
2105 252861 2.0
2106 252934 2.0
2107 253029 1.9900000000000002
2108 253103 1.9900000000000002
2109 253159 1.9900000000000002
2110 253220 1.9900000000000002
2111 253298 1.9900000000000002
2112 253432 1.9900000000000002
2113 253508 1.9900000000000002
2114 253590 1.9900000000000002
2115 253663 1.9900000000000002
2116 253727 1.9900000000000002
2117 253848 1.9900000000000002
2118 253905 1.9900000000000002
2119 254009 1.9900000000000002
2120 254171 1.9900000000000002
2121 254245 1.9900000000000002
2122 254317 1.9900000000000002
2123 254394 1.9900000000000002
2124 254556 1.9900000000000002
2125 254675 1.9900000000000002
2126 254766 1.9900000000000002
2127 254843 1.9900000000000002
2128 254920 1.9900000000000002
2129 254989 1.9900000000000002
2130 255082 1.9900000000000002
2131 255152 1.9900000000000002
2132 255238 1.9900000000000002
2133 255318 1.9900000000000002
2134 255404 1.9900000000000002
2135 255599 1.9900000000000002
2136 255702 1.9900000000000002
2137 255760 1.9900000000000002
2138 255850 1.9900000000000002
2139 255913 1.9900000000000002
2140 255991 1.9900000000000002
2141 256073 1.9900000000000002
2142 256154 1.9900000000000002
2143 256230 1.9900000000000002
2144 256300 1.9900000000000002
2145 256397 1.9900000000000002
2146 256461 1.9900000000000002
2147 256523 1.9900000000000002
2148 256587 1.9900000000000002
2149 256665 1.9900000000000002
2150 256761 1.9900000000000002
2151 256844 1.9900000000000002
2152 256917 1.9900000000000002
2153 256995 1.9900000000000002
2154 257090 1.9900000000000002
2155 257171 1.9900000000000002
2156 257252 1.9900000000000002
2157 257332 1.9900000000000002
2158 257401 1.9900000000000002
2159 257517 1.9900000000000002
2160 257586 1.9900000000000002
2161 257649 1.9900000000000002
2162 257720 1.9900000000000002
2163 257831 1.9900000000000002
2164 257898 1.9900000000000002
2165 257983 1.9900000000000002
2166 258047 1.9900000000000002
2167 258117 1.9900000000000002
2168 258190 1.9900000000000002
2169 258277 1.9900000000000002
2170 258351 1.9900000000000002
2171 258434 1.9900000000000002
2172 258650 1.9900000000000002
2173 258765 1.9900000000000002
2174 258875 1.9900000000000002
2175 258958 1.9900000000000002
2176 259028 1.9900000000000002
2177 259094 1.9900000000000002
2178 259171 1.9900000000000002
2179 259258 1.9900000000000002
2180 259338 1.9900000000000002
2181 259409 1.9900000000000002
2182 259514 1.9900000000000002
2183 259624 1.9900000000000002
2184 259692 1.9900000000000002
2185 259767 1.9900000000000002
2186 259839 1.9900000000000002
2187 259917 1.9900000000000002
2188 259995 1.9900000000000002
2189 260061 1.9900000000000002
2190 260159 1.9900000000000002
2191 260216 1.9900000000000002
2192 260271 1.9900000000000002
2193 260335 1.9900000000000002
2194 260400 1.9900000000000002
2195 260481 1.9900000000000002
2196 260576 1.9900000000000002
2197 260683 1.9900000000000002
2198 260765 1.9900000000000002
2199 260831 1.9900000000000002
2200 260906 1.9900000000000002
2201 261030 1.9900000000000002
2202 261120 1.9900000000000002
2203 261260 1.9900000000000002
2204 261348 1.9900000000000002
2205 261434 1.9900000000000002
2206 261720 1.9900000000000002
2207 261795 2.0
2208 261863 2.0
2209 261960 2.0
2210 262031 2.0
2211 262108 2.0
2212 262258 2.0
2213 262437 2.0
2214 262605 2.0
2215 262714 2.0
2216 262802 2.0
2217 262891 2.0
2218 262963 2.0
2219 263021 2.0
2220 263264 2.0
2221 263340 2.0
2222 263436 2.0
2223 263505 2.0
2224 263692 2.0
2225 263772 2.0
2226 263840 2.0
2227 263922 2.0
2228 264006 2.0
2229 264107 2.0
2230 264222 2.0
2231 264282 2.0
2232 264367 2.0
2233 264502 2.0
2234 264571 2.0
2235 264693 2.0
2236 264750 2.0
2237 264900 2.0
2238 265006 2.0
2239 265081 2.0
2240 265179 2.0
2241 265250 2.0
2242 265330 2.0
2243 265425 2.0
2244 265510 2.0
2245 265585 2.0
2246 265656 2.0
2247 265720 1.9900000000000002
2248 265794 1.9900000000000002
2249 265853 1.9900000000000002
2250 265918 1.9900000000000002
2251 266002 1.9900000000000002
2252 266068 1.9900000000000002
2253 266146 1.9900000000000002
2254 266239 1.9900000000000002
2255 266318 1.9900000000000002
2256 266390 1.9900000000000002
2257 266464 1.9900000000000002
2258 266534 1.9900000000000002
2259 266612 1.9900000000000002
2260 266691 1.9900000000000002
2261 266791 1.9900000000000002
2262 266868 1.9900000000000002
2263 267158 1.9900000000000002
2264 267224 1.9900000000000002
2265 267343 1.9900000000000002
2266 267411 1.9900000000000002
2267 267485 1.9900000000000002
2268 267554 1.9900000000000002
2269 267640 1.9900000000000002
2270 267731 1.9900000000000002
2271 267826 1.9900000000000002
2272 267894 1.9900000000000002
2273 267971 1.9900000000000002
2274 268046 1.9900000000000002
2275 268123 1.9900000000000002
2276 268193 1.9900000000000002
2277 268300 1.9900000000000002
2278 268370 1.9900000000000002
2279 268434 1.9900000000000002
2280 268493 1.9900000000000002
2281 268569 1.9900000000000002
2282 268666 1.9900000000000002
2283 268729 1.9900000000000002
2284 268851 1.9900000000000002
2285 268932 1.9900000000000002
2286 269007 1.9900000000000002
2287 269094 1.9900000000000002
2288 269181 1.9900000000000002
2289 269253 1.9900000000000002
2290 269342 1.9900000000000002
2291 269434 1.9900000000000002
2292 269518 1.9900000000000002
2293 269589 1.9900000000000002
2294 269662 1.9900000000000002
2295 269747 1.9900000000000002
2296 269818 1.9900000000000002
2297 269883 1.9900000000000002
2298 269969 1.9900000000000002
2299 270037 1.9900000000000002
2300 270148 1.9900000000000002
2301 270248 1.9900000000000002
2302 270309 1.9900000000000002
2303 270417 1.9900000000000002
2304 270488 1.9900000000000002
2305 270566 1.9900000000000002
2306 270649 1.9900000000000002
2307 270726 1.9900000000000002
2308 270810 1.9900000000000002
2309 270874 1.9900000000000002
2310 270974 1.9900000000000002
2311 271069 1.9900000000000002
2312 271164 1.9900000000000002
2313 271230 1.9900000000000002
2314 271313 1.9900000000000002
2315 271511 1.9900000000000002
2316 271695 1.9900000000000002
2317 271801 1.9900000000000002
2318 271884 1.9900000000000002
2319 271977 1.9900000000000002
2320 272059 1.9900000000000002
2321 272140 1.9900000000000002
2322 272206 1.9900000000000002
2323 272304 1.9900000000000002
2324 272376 1.9900000000000002
2325 272482 1.9900000000000002
2326 272554 1.9900000000000002
2327 272639 1.9900000000000002
2328 272706 1.9900000000000002
2329 272774 1.9900000000000002
2330 272845 1.9900000000000002
2331 272929 1.9900000000000002
2332 273144 1.9900000000000002
2333 273237 1.9900000000000002
2334 273312 1.9900000000000002
2335 273375 1.9900000000000002
2336 273444 1.9900000000000002
2337 273542 1.9900000000000002
2338 273612 1.9900000000000002
2339 273695 1.9900000000000002
2340 273759 1.9900000000000002
2341 273865 1.9900000000000002
2342 273960 1.9900000000000002
2343 274041 1.9900000000000002
2344 274134 1.9900000000000002
2345 274200 1.9900000000000002
2346 274348 1.9900000000000002
2347 274428 2.0
2348 274502 2.0
2349 274570 2.0
2350 274637 2.0
2351 274719 2.0
2352 274790 2.0
2353 274873 2.0
2354 274971 2.0
2355 275099 2.0
2356 275189 2.0
2357 275271 2.0
2358 275446 2.0
2359 275539 2.0
2360 275807 2.0
2361 275954 2.0
2362 276015 2.0
2363 276086 2.0
2364 276195 2.0
2365 276294 2.0
2366 276361 2.0
2367 276437 2.0
2368 276513 2.0
2369 276588 2.0
2370 276688 2.0
2371 276756 2.0
2372 276831 2.0
2373 276908 2.0
2374 276972 2.0
2375 277058 2.0
2376 277163 2.0
2377 277232 2.0
2378 277297 2.0
2379 277378 2.0
2380 277457 2.0
2381 277539 2.0
2382 277625 2.0
2383 277708 2.0
2384 277795 2.0
2385 277908 2.0
2386 277977 2.0
2387 278051 2.0
2388 278120 2.0
2389 278177 2.0
2390 278240 2.0
2391 278314 2.0
2392 278414 2.0
2393 278489 2.0
2394 278570 2.0
2395 278645 2.0
2396 278748 2.0
2397 278824 2.0
2398 278901 2.0
2399 278971 2.0
2400 279081 2.0
2401 279135 2.0
2402 279225 2.0
2403 279341 2.0
2404 279413 2.0
2405 279473 2.0
2406 279528 2.0
2407 279682 2.0
2408 279774 2.0
2409 279864 2.0
2410 279948 1.9900000000000002
2411 280038 1.9900000000000002
2412 280119 1.9900000000000002
2413 280198 1.9900000000000002
2414 280266 1.9900000000000002
2415 280341 1.9900000000000002
2416 280422 1.9900000000000002
2417 280476 1.9900000000000002
2418 280567 1.9900000000000002
2419 280654 1.9900000000000002
2420 280731 1.9900000000000002
2421 280823 1.9900000000000002
2422 280913 1.9900000000000002
2423 281019 1.9900000000000002
2424 281109 1.9900000000000002
2425 281171 1.9900000000000002
2426 281238 1.9900000000000002
2427 281308 1.9900000000000002
2428 281392 1.9900000000000002
2429 281462 1.9900000000000002
2430 281556 1.9900000000000002
2431 281623 1.9900000000000002
2432 281689 1.9900000000000002
2433 281770 1.9900000000000002
2434 281850 1.9900000000000002
2435 281916 1.9900000000000002
2436 281993 1.9900000000000002
2437 282085 1.9900000000000002
2438 282188 1.9900000000000002
2439 282270 1.9900000000000002
2440 282355 1.9900000000000002
2441 282506 1.9900000000000002
2442 282578 1.9900000000000002
2443 282655 1.9900000000000002
2444 282756 1.9900000000000002
2445 282826 1.9900000000000002
2446 282922 1.9900000000000002
2447 282993 1.9900000000000002
2448 283069 1.9900000000000002
2449 283164 1.9900000000000002
2450 283248 1.9900000000000002
2451 283324 1.9900000000000002
2452 283380 1.9900000000000002
2453 283456 1.9900000000000002
2454 283551 1.9900000000000002
2455 283622 1.9900000000000002
2456 283690 1.9900000000000002
2457 283777 1.9900000000000002
2458 283843 1.9900000000000002
2459 283934 1.9900000000000002
2460 283997 1.9900000000000002
2461 284087 1.9900000000000002
2462 284157 1.9900000000000002
2463 284320 1.9900000000000002
2464 284391 1.9900000000000002
2465 284533 1.9900000000000002
2466 284600 1.9900000000000002
2467 284677 1.9900000000000002
2468 284765 1.9900000000000002
2469 284899 1.9900000000000002
2470 284970 1.9900000000000002
2471 285079 1.9900000000000002
2472 285226 1.9900000000000002
2473 285304 1.9900000000000002
2474 285385 1.9900000000000002
2475 285472 1.9900000000000002
2476 285571 1.9900000000000002
2477 285640 1.9900000000000002
2478 285714 1.9900000000000002
2479 285776 1.9900000000000002
2480 285906 1.9900000000000002
2481 285982 1.9900000000000002
2482 286052 1.9900000000000002
2483 286123 1.9900000000000002
2484 286211 1.9900000000000002
2485 286300 1.9900000000000002
2486 286487 1.9900000000000002
2487 286565 1.9900000000000002
2488 286641 1.9900000000000002
2489 286756 1.9900000000000002
2490 286816 1.9900000000000002
2491 286924 1.9900000000000002
2492 287045 1.9900000000000002
2493 287152 1.9900000000000002
2494 287224 1.9900000000000002
2495 287358 1.9900000000000002
2496 287435 1.9900000000000002
2497 287519 1.9900000000000002
2498 287596 1.9900000000000002
2499 287672 1.9900000000000002
2500 287781 1.9900000000000002
2501 287881 1.9900000000000002
2502 287958 1.9900000000000002
2503 288017 1.9900000000000002
2504 288084 1.9900000000000002
2505 288148 1.9900000000000002
2506 288280 1.9900000000000002
2507 288381 1.9900000000000002
2508 288466 1.9900000000000002
2509 288605 1.9900000000000002
2510 288686 2.0
2511 288744 2.0
2512 288821 2.0
2513 288935 2.0
2514 289003 2.0
2515 289154 2.0
2516 289222 2.0
2517 289304 2.0
2518 289375 2.0
2519 289450 2.0
2520 289528 2.0
2521 289609 2.0
2522 289690 2.0
2523 289778 2.0
2524 289865 2.0
2525 289982 2.0
2526 290056 2.0
2527 290172 2.0
2528 290230 2.0
2529 290289 2.0
2530 290370 2.0
2531 290466 2.0
2532 290532 2.0
2533 290612 2.0
2534 290680 2.0
2535 290751 2.0
2536 290819 2.0
2537 290894 2.0
2538 290961 2.0
2539 291024 2.0
2540 291087 2.0
2541 291147 2.0
2542 291217 2.0
2543 291277 2.0
2544 291363 2.0
2545 291444 2.0
2546 291518 2.0
2547 291599 2.0
2548 291682 2.0
2549 291744 2.0
2550 291915 2.0
2551 291991 2.0
2552 292085 2.0
2553 292158 2.0
2554 292246 2.0
2555 292335 2.0
2556 292399 2.0
2557 292484 2.0
2558 292559 2.0
2559 292632 2.0
2560 292705 2.0
2561 292798 2.0
2562 292857 2.0
2563 292922 2.0
2564 292989 2.0
2565 293080 2.0
2566 293146 2.0
2567 293236 2.0
2568 293312 2.0
2569 293378 2.0
2570 293473 2.0
2571 293532 2.0
2572 293617 2.0
2573 293708 2.0
2574 293781 2.0
2575 293848 2.0
2576 293919 2.0
2577 293980 2.0
2578 294042 2.0
2579 294140 2.0
2580 294286 2.0
2581 294401 2.0
2582 294467 2.0
2583 294533 2.0
2584 294620 2.0
2585 294714 2.0
2586 294783 2.0
2587 294861 2.0
2588 294933 2.0
2589 295013 2.0
2590 295078 2.0
2591 295147 2.0
2592 295261 2.0
2593 295337 2.0
2594 295399 2.0
2595 295474 2.0
2596 295553 2.0
2597 295712 2.0
2598 295800 2.0
2599 295893 2.0
2600 295965 2.0
2601 296061 2.0
2602 296210 2.0
2603 296288 1.9900000000000002
2604 296355 1.9900000000000002
2605 296430 1.9900000000000002
2606 296514 1.9900000000000002
2607 296584 1.9900000000000002
2608 296708 1.9900000000000002
2609 296787 1.9900000000000002
2610 296869 1.9900000000000002
2611 296918 1.9900000000000002
2612 296969 1.9900000000000002
2613 297035 1.9900000000000002
2614 297100 1.9900000000000002
2615 297201 1.9900000000000002
2616 297401 1.9900000000000002
2617 297467 1.9900000000000002
2618 297549 1.9900000000000002
2619 297617 1.9900000000000002
2620 297688 1.9900000000000002
2621 297904 1.9900000000000002
2622 298031 1.9900000000000002
2623 298098 1.9900000000000002
2624 298171 1.9900000000000002
2625 298260 1.9900000000000002
2626 298331 1.9900000000000002
2627 298418 1.9900000000000002
2628 298486 1.9900000000000002
2629 298570 1.9900000000000002
2630 298630 1.9900000000000002
2631 298712 1.9900000000000002
2632 298779 1.9900000000000002
2633 298876 1.9900000000000002
2634 298960 1.9900000000000002
2635 299051 1.9900000000000002
2636 299111 1.9900000000000002
2637 299198 1.9900000000000002
2638 299279 1.9900000000000002
2639 299343 1.9900000000000002
2640 299411 1.9900000000000002
2641 299516 1.9900000000000002
2642 299582 1.9900000000000002
2643 299642 1.9900000000000002
2644 299698 1.9900000000000002
2645 299792 1.9900000000000002
2646 299916 1.9900000000000002
2647 299990 1.9900000000000002
2648 300059 1.9900000000000002
2649 300173 1.9900000000000002
2650 300238 1.9900000000000002
2651 300323 1.9900000000000002
2652 300417 1.9900000000000002
2653 300486 1.9900000000000002
2654 300557 1.9900000000000002
2655 300615 1.9900000000000002
2656 300778 1.9900000000000002
2657 300884 1.9900000000000002
2658 300975 1.9900000000000002
2659 301027 1.9900000000000002
2660 301102 1.9900000000000002
2661 301188 1.9900000000000002
2662 301254 1.9900000000000002
2663 301317 1.9900000000000002
2664 301376 1.9900000000000002
2665 301442 1.9900000000000002
2666 301509 1.9900000000000002
2667 301588 1.9900000000000002
2668 301678 1.9900000000000002
2669 301755 1.9900000000000002
2670 301828 1.9900000000000002
2671 301905 1.9900000000000002
2672 301990 1.9900000000000002
2673 302066 1.9900000000000002
2674 302294 1.9900000000000002
2675 302364 1.9900000000000002
2676 302435 1.9900000000000002
2677 302541 1.9900000000000002
2678 302607 1.9900000000000002
2679 302696 1.9900000000000002
2680 302799 1.9900000000000002
2681 302894 1.9900000000000002
2682 302982 1.9900000000000002
2683 303053 1.9900000000000002
2684 303165 1.9900000000000002
2685 303241 1.9900000000000002
2686 303316 1.9900000000000002
2687 303393 1.9900000000000002
2688 303471 1.9900000000000002
2689 303569 1.9900000000000002
2690 303627 1.9900000000000002
2691 303767 1.9900000000000002
2692 303853 1.9900000000000002
2693 304023 1.9900000000000002
2694 304101 1.9900000000000002
2695 304186 1.9900000000000002
2696 304279 1.9900000000000002
2697 304355 1.9900000000000002
2698 304433 1.9900000000000002
2699 304540 1.9900000000000002
2700 304606 1.9900000000000002
2701 304690 1.9900000000000002
2702 304990 1.9900000000000002
2703 305076 2.0
2704 305151 2.0
2705 305241 2.0
2706 305355 2.0
2707 305456 2.0
2708 305538 2.0
2709 305656 2.0
2710 305745 2.0
2711 305804 2.0
2712 305873 2.0
2713 305929 2.0
2714 306013 2.0
2715 306090 2.0
2716 306146 2.0
2717 306207 2.0
2718 306325 2.0
2719 306396 2.0
2720 306468 2.0
2721 306535 2.0
2722 306608 2.0
2723 306675 2.0
2724 306757 2.0
2725 306841 2.0
2726 306916 2.0
2727 306997 2.0
2728 307068 2.0
2729 307180 2.0
2730 307252 2.0
2731 307340 2.0
2732 307428 2.0
2733 307563 2.0
2734 307645 2.0
2735 307716 2.0
2736 307776 2.0
2737 307851 2.0
2738 307955 2.0
2739 308042 2.0
2740 308108 2.0
2741 308172 2.0
2742 308297 2.0
2743 308382 2.0
2744 308443 2.0
2745 308530 2.0
2746 308610 2.0
2747 308672 2.0
2748 308756 2.0
2749 308843 2.0
2750 308913 2.0
2751 308993 2.0
2752 309070 2.0
2753 309156 2.0
2754 309226 2.0
2755 309302 2.0
2756 309484 2.0
2757 309543 2.0
2758 309620 2.0
2759 309684 2.0
2760 309756 2.0
2761 309810 2.0
2762 309871 2.0
2763 309943 2.0
2764 310037 2.0
2765 310096 2.0
2766 310238 2.0
2767 310358 2.0
2768 310474 2.0
2769 310548 2.0
2770 310619 2.0
2771 310685 2.0
2772 310751 2.0
2773 310834 2.0
2774 310924 2.0
2775 310996 2.0
2776 311071 2.0
2777 311145 2.0
2778 311207 2.0
2779 311338 2.0
2780 311437 2.0
2781 311561 2.0
2782 311634 2.0
2783 311700 2.0
2784 311780 2.0
2785 311865 2.0
2786 311944 2.0
2787 312032 2.0
2788 312113 2.0
2789 312190 2.0
2790 312265 2.0
2791 312339 2.0
2792 312410 2.0
2793 312497 2.0
2794 312600 2.0
2795 312670 2.0
2796 312756 2.0
2797 312844 2.0
2798 313032 2.0
2799 313103 2.0
2800 313179 2.0
2801 313248 2.0
2802 313338 2.0
2803 313411 2.0
2804 313512 2.0
2805 313620 2.0
2806 313683 2.0
2807 313760 2.0
2808 313842 2.0
2809 313915 2.0
2810 313984 2.0
2811 314073 2.0
2812 314181 2.0
2813 314257 2.0
2814 314327 2.0
2815 314405 2.0
2816 314472 2.0
2817 314544 2.0
2818 314653 2.0
2819 314720 2.0
2820 314784 2.0
2821 314863 2.0
2822 314964 2.0
2823 315051 2.0
2824 315120 2.0
2825 315201 2.0
2826 315278 2.0
2827 315340 2.0
2828 315496 2.0
2829 315563 2.0
2830 315637 2.0
2831 315761 2.0
2832 315832 2.0
2833 315897 2.0
2834 315967 2.0
2835 316117 2.0
2836 316205 2.0
2837 316409 2.0
2838 316542 2.0
2839 316626 2.0
2840 316692 2.0
2841 316756 2.0
2842 316831 2.0
2843 316913 2.0
2844 317019 2.0
2845 317083 2.0
2846 317174 2.0
2847 317261 2.0
2848 317374 2.0
2849 317432 2.0
2850 317548 2.0
2851 317630 2.0
2852 317690 2.0
2853 317790 2.0
2854 317848 2.0
2855 317901 2.0
2856 318020 2.0
2857 318178 2.0
2858 318295 2.0
2859 318378 2.0
2860 318438 2.0
2861 318523 2.0
2862 318636 2.0
2863 318714 2.0
2864 318778 2.0
2865 318849 2.0
2866 318943 2.0
2867 319026 2.0
2868 319083 2.0
2869 319163 2.0
2870 319240 2.0
2871 319315 2.0
2872 319389 2.0
2873 319463 2.0
2874 319553 2.0
2875 319646 2.0
2876 319747 2.0
2877 319915 2.0
2878 319975 2.0
2879 320061 2.0
2880 320132 2.0
2881 320213 2.0
2882 320271 2.0
2883 320370 2.0
2884 320461 2.0
2885 320584 2.0
2886 320646 2.0
2887 320700 2.0
2888 320801 2.0
2889 320928 2.0
2890 320999 2.0
2891 321076 2.0
2892 321173 2.0
2893 321248 2.0
2894 321327 2.0
2895 321399 2.0
2896 321486 2.0
2897 321588 2.0
2898 321653 2.0
2899 321739 2.0
2900 321812 2.0
2901 321893 2.0
2902 321989 2.0
2903 322069 2.0
2904 322134 2.0
2905 322200 2.0
2906 322261 2.0
2907 322334 2.0
2908 322418 2.0
2909 322530 2.0
2910 322600 2.0
2911 322680 2.0
2912 322767 2.0
2913 322871 2.0
2914 322990 2.0
2915 323061 2.0
2916 323157 2.0
2917 323251 2.0
2918 323318 2.0
2919 323385 2.0
2920 323454 2.0
2921 323565 2.0
2922 323666 2.0
2923 323803 2.0
2924 323877 2.0
2925 323939 2.0
2926 324021 2.0
2927 324103 2.0
2928 324174 2.0
2929 324252 2.0
2930 324330 2.0
2931 324456 2.0
2932 324528 2.0
2933 324602 2.0
2934 324666 2.0
2935 324779 2.0
2936 324854 2.0
2937 324959 2.0
2938 325085 2.0
2939 325231 2.0
2940 325324 2.0
2941 325423 2.0
2942 325506 2.0
2943 325629 2.0
2944 325699 2.0
2945 325761 2.0
2946 325823 2.0
2947 325897 2.0
2948 326010 2.0
2949 326088 2.0
2950 326199 2.0
2951 326272 2.0
2952 326341 2.0
2953 326448 2.0
2954 326566 2.0
2955 326684 2.0
2956 326784 2.0
2957 326855 2.0
2958 326966 2.0
2959 327037 2.0
2960 327136 2.0
2961 327238 2.0
2962 327298 2.0
2963 327378 2.0
2964 327455 2.0
2965 327531 2.0
2966 327611 2.0
2967 327690 2.0
2968 327766 2.0
2969 327851 2.0
2970 327912 2.0
2971 327993 2.0
2972 328053 2.0
2973 328142 2.0
2974 328206 2.0
2975 328293 2.0
2976 328392 2.0
2977 328469 2.0
2978 328553 2.0
2979 328661 2.0
2980 328755 2.0
2981 328870 2.0
2982 328941 2.0
2983 329018 2.0
2984 329097 2.0
2985 329166 2.0
2986 329236 2.0
2987 329311 2.0
2988 329380 2.0
2989 329449 2.0
2990 329565 2.0
2991 329643 2.0
2992 329715 2.0
2993 329783 2.0
2994 329840 2.0
2995 329909 2.0
2996 329980 2.0
2997 330060 2.0
2998 330127 2.0
2999 330215 2.0
3000 330302 2.0
3001 330376 2.0
3002 330462 2.0
3003 330564 2.0
3004 330641 2.0
3005 330704 2.0
3006 330802 2.0
3007 330967 2.0
3008 331054 2.0
3009 331135 2.0
3010 331216 2.0
3011 331295 2.0
3012 331377 2.0
3013 331468 2.0
3014 331562 2.0
3015 331637 2.0
3016 331725 2.0
3017 331808 2.0
3018 331875 2.0
3019 331939 2.0
3020 332013 2.0
3021 332096 2.0
3022 332167 2.0
3023 332220 2.0
3024 332290 2.0
3025 332374 2.0
3026 332438 2.0
3027 332519 2.0
3028 332620 2.0
3029 332694 2.0
3030 332769 2.0
3031 332858 2.0
3032 332970 2.0
3033 333166 2.0
3034 333234 2.0
3035 333350 2.0
3036 333539 2.0
3037 333639 2.0
3038 333894 2.0
3039 333958 2.0
3040 334064 2.0
3041 334194 2.0
3042 334282 2.0
3043 334352 2.0
3044 334461 2.0
3045 334540 2.0
3046 334622 2.0
3047 334694 2.0
3048 334753 2.0
3049 334823 2.0
3050 334889 2.0
3051 334983 2.0
3052 335062 2.0
3053 335184 2.0
3054 335280 2.0
3055 335354 2.0
3056 335426 2.0
3057 335524 2.0
3058 335600 2.0
3059 335667 2.0
3060 335732 2.0
3061 335802 2.0
3062 335898 2.0
3063 335965 2.0
3064 336040 2.0
3065 336113 2.0
3066 336199 2.0
3067 336306 2.0
3068 336374 2.0
3069 336439 2.0
3070 336518 2.0
3071 336603 2.0
3072 336679 2.0
3073 336746 2.0
3074 336876 2.0
3075 336963 2.0
3076 337084 1.9900000000000002
3077 337153 1.9900000000000002
3078 337229 1.9900000000000002
3079 337297 1.9900000000000002
3080 337378 1.9900000000000002
3081 337445 1.9900000000000002
3082 337519 1.9900000000000002
3083 337675 1.9900000000000002
3084 337747 1.9900000000000002
3085 337804 1.9900000000000002
3086 337867 1.9900000000000002
3087 338050 1.9900000000000002
3088 338118 1.9900000000000002
3089 338182 1.9900000000000002
3090 338252 1.9900000000000002
3091 338335 1.9900000000000002
3092 338393 1.9900000000000002
3093 338512 1.9900000000000002
3094 338629 1.9900000000000002
3095 338705 1.9900000000000002
3096 338762 1.9900000000000002
3097 338826 1.9900000000000002
3098 338892 1.9900000000000002
3099 338962 1.9900000000000002
3100 339030 1.9900000000000002
3101 339092 1.9900000000000002
3102 339156 1.9900000000000002
3103 339225 1.9900000000000002
3104 339310 1.9900000000000002
3105 339368 1.9900000000000002
3106 339457 1.9900000000000002
3107 339556 1.9900000000000002
3108 339670 1.9900000000000002
3109 339724 1.9900000000000002
3110 339837 1.9900000000000002
3111 339914 1.9900000000000002
3112 340004 1.9900000000000002
3113 340070 1.9900000000000002
3114 340172 1.9900000000000002
3115 340251 1.9900000000000002
3116 340322 1.9900000000000002
3117 340401 1.9900000000000002
3118 340477 1.9900000000000002
3119 340546 1.9900000000000002
3120 340655 1.9900000000000002
3121 340731 1.9900000000000002
3122 340793 1.9900000000000002
3123 340858 1.9900000000000002
3124 340937 1.9900000000000002
3125 341022 1.9900000000000002
3126 341084 1.9900000000000002
3127 341161 1.9900000000000002
3128 341271 1.9900000000000002
3129 341374 1.9700000000000002
3130 341450 1.9700000000000002
3131 341537 1.9700000000000002
3132 341628 1.9700000000000002
3133 341684 1.9700000000000004
3134 341762 1.9700000000000004
3135 341827 1.9700000000000004
3136 341906 1.9700000000000004
3137 341991 1.9700000000000004
3138 342154 1.9700000000000004
3139 342239 1.9700000000000004
3140 342314 1.9700000000000004
3141 342388 1.9700000000000004
3142 342452 1.9700000000000004
3143 342538 1.9700000000000004
3144 342628 1.9700000000000004
3145 342753 1.9700000000000004
3146 342824 1.9700000000000004
3147 342917 1.9700000000000004
3148 342994 1.9700000000000004
3149 343055 1.9700000000000004
3150 343115 1.9700000000000004
3151 343230 1.9700000000000004
3152 343359 1.9700000000000004
3153 343433 1.9700000000000004
3154 343502 1.9700000000000004
3155 343566 1.9700000000000004
3156 343637 1.9700000000000004
3157 343763 1.9700000000000004
3158 343821 1.9700000000000004
3159 343885 1.9700000000000004
3160 344008 1.9700000000000004
3161 344074 1.9700000000000004
3162 344160 1.9700000000000004
3163 344247 1.9700000000000004
3164 344305 1.9700000000000004
3165 344381 1.9700000000000004
3166 344459 1.9700000000000004
3167 344523 1.9700000000000004
3168 344636 1.9700000000000004
3169 344761 1.9700000000000004
3170 344822 1.9700000000000004
3171 344904 1.9700000000000004
3172 345002 1.9700000000000004
3173 345065 1.9700000000000004
3174 345165 1.9700000000000004
3175 345465 1.9700000000000004
3176 345528 1.9800000000000004
3177 345601 1.9800000000000004
3178 345696 1.9800000000000004
3179 345762 1.9800000000000004
3180 345859 1.9800000000000004
3181 345995 1.9800000000000004
3182 346063 1.9800000000000004
3183 346145 1.9800000000000004
3184 346212 1.9800000000000004
3185 346283 1.9800000000000004
3186 346365 1.9800000000000004
3187 346469 1.9800000000000004
3188 346528 1.9800000000000004
3189 346615 1.9800000000000004
3190 346700 1.9800000000000004
3191 346772 1.9800000000000004
3192 346836 1.9800000000000004
3193 346918 1.9800000000000004
3194 347029 1.9700000000000004
3195 347095 1.9700000000000004
3196 347188 1.9700000000000004
3197 347249 1.9700000000000004
3198 347314 1.9700000000000002
3199 347387 1.9700000000000002
3200 347467 1.9700000000000002
3201 347541 1.9700000000000002
3202 347619 1.9700000000000002
3203 347699 1.9700000000000002
3204 347780 1.9700000000000002
3205 347859 1.9700000000000002
3206 347939 1.9700000000000002
3207 348051 1.9700000000000002
3208 348120 1.9700000000000002
3209 348181 1.9700000000000002
3210 348257 1.9700000000000002
3211 348322 1.9700000000000002
3212 348390 1.9700000000000002
3213 348480 1.9700000000000002
3214 348536 1.9700000000000002
3215 348607 1.9700000000000002
3216 348684 1.9700000000000002
3217 348770 1.9700000000000002
3218 348877 1.9700000000000002
3219 348947 1.9700000000000002
3220 349124 1.9700000000000002
3221 349193 1.9700000000000002
3222 349272 1.9700000000000002
3223 349344 1.9700000000000002
3224 349408 1.9700000000000002
3225 349477 1.9700000000000002
3226 349548 1.9700000000000002
3227 349611 1.9700000000000002
3228 349911 1.9700000000000002
3229 349981 1.9900000000000002
3230 350049 1.9900000000000002
3231 350116 1.9900000000000002
3232 350215 1.9900000000000002
3233 350321 1.9900000000000002
3234 350398 1.9900000000000002
3235 350482 1.9900000000000002
3236 350601 1.9900000000000002
3237 350714 1.9900000000000002
3238 350790 1.9900000000000002
3239 350862 1.9900000000000002
3240 350935 1.9900000000000002
3241 350999 1.9900000000000002
3242 351081 1.9900000000000002
3243 351163 1.9900000000000002
3244 351246 1.9900000000000002
3245 351327 1.9900000000000002
3246 351397 1.9900000000000002
3247 351472 1.9900000000000002
3248 351544 1.9900000000000002
3249 351636 1.9900000000000002
3250 351723 1.9900000000000002
3251 351792 1.9900000000000002
3252 351867 1.9900000000000002
3253 351969 1.9900000000000002
3254 352060 1.9900000000000002
3255 352143 1.9900000000000002
3256 352205 1.9900000000000002
3257 352264 1.9900000000000002
3258 352345 1.9900000000000002
3259 352425 1.9900000000000002
3260 352508 1.9900000000000002
3261 352612 1.9900000000000002
3262 352736 1.9900000000000002
3263 352855 1.9900000000000002
3264 353043 1.9900000000000002
3265 353157 1.9900000000000002
3266 353214 1.9900000000000002
3267 353312 1.9900000000000002
3268 353374 1.9900000000000002
3269 353461 1.9900000000000002
3270 353533 1.9900000000000002
3271 353593 1.9900000000000002
3272 353850 1.9900000000000002
3273 353914 1.9900000000000002
3274 354120 1.9900000000000002
3275 354206 1.9900000000000002
3276 354286 1.9900000000000002
3277 354423 1.9900000000000002
3278 354485 1.9900000000000002
3279 354553 1.9900000000000002
3280 354644 1.9900000000000002
3281 354701 1.9900000000000002
3282 354780 1.9900000000000002
3283 354870 1.9900000000000002
3284 354952 1.9900000000000002
3285 355078 1.9900000000000002
3286 355145 1.9900000000000002
3287 355213 1.9900000000000002
3288 355297 1.9900000000000002
3289 355354 1.9900000000000002
3290 355421 1.9900000000000002
3291 355502 1.9900000000000002
3292 355575 1.9900000000000002
3293 355767 1.9900000000000002
3294 355831 2.0
3295 355901 2.0
3296 355975 2.0
3297 356039 2.0
3298 356111 2.0
3299 356188 2.0
3300 356322 2.0
3301 356385 2.0
3302 356467 2.0
3303 356598 2.0
3304 356678 2.0
3305 356738 2.0
3306 356809 2.0
3307 356891 2.0
3308 356973 2.0
3309 357063 2.0
3310 357126 2.0
3311 357194 2.0
3312 357287 2.0
3313 357350 2.0
3314 357468 2.0
3315 357643 2.0
3316 357707 2.0
3317 357810 2.0
3318 357870 2.0
3319 357949 2.0
3320 358050 2.0
3321 358129 2.0
3322 358207 2.0
3323 358278 2.0
3324 358357 2.0
3325 358478 2.0
3326 358587 2.0
3327 358688 2.0
3328 358781 2.0
3329 358862 2.0
3330 358929 2.0
3331 358990 2.0
3332 359079 2.0
3333 359160 2.0
3334 359251 2.0
3335 359317 2.0
3336 359389 2.0
3337 359464 2.0
3338 359535 2.0
3339 359610 2.0
3340 359697 2.0
3341 359766 2.0
3342 359924 2.0
3343 360049 2.0
3344 360110 2.0
3345 360179 2.0
3346 360319 2.0
3347 360374 2.0
3348 360447 2.0
3349 360524 2.0
3350 360610 2.0
3351 360720 2.0
3352 360789 2.0
3353 360862 2.0
3354 360925 2.0
3355 360999 2.0
3356 361057 2.0
3357 361166 2.0
3358 361238 2.0
3359 361302 2.0
3360 361372 2.0
3361 361454 2.0
3362 361532 2.0
3363 361616 2.0
3364 361692 2.0
3365 361778 2.0
3366 361858 2.0
3367 361966 2.0
3368 362081 2.0
3369 362245 2.0
3370 362319 2.0
3371 362399 2.0
3372 362472 2.0
3373 362561 2.0
3374 362630 2.0
3375 362695 2.0
3376 362771 2.0
3377 362919 2.0
3378 362986 2.0
3379 363043 2.0
3380 363102 2.0
3381 363184 2.0
3382 363264 2.0
3383 363329 2.0
3384 363422 2.0
3385 363494 2.0
3386 363586 2.0
3387 363670 2.0
3388 363739 2.0
3389 363800 2.0
3390 363856 2.0
3391 363912 2.0
3392 363992 2.0
3393 364062 2.0
3394 364137 2.0
3395 364213 2.0
3396 364300 2.0
3397 364432 2.0
3398 364502 2.0
3399 364571 2.0
3400 364640 2.0
3401 364717 2.0
3402 364836 2.0
3403 364906 2.0
3404 365037 2.0
3405 365099 2.0
3406 365193 2.0
3407 365292 2.0
3408 365356 2.0
3409 365527 2.0
3410 365579 2.0
3411 365640 2.0
3412 365707 2.0
3413 365808 2.0
3414 365881 2.0
3415 365955 2.0
3416 366013 2.0
3417 366078 2.0
3418 366155 2.0
3419 366225 2.0
3420 366285 2.0
3421 366348 2.0
3422 366450 2.0
3423 366518 2.0
3424 366590 2.0
3425 366743 2.0
3426 366826 2.0
3427 366889 2.0
3428 366966 2.0
3429 367086 2.0
3430 367179 2.0
3431 367277 2.0
3432 367339 2.0
3433 367405 2.0
3434 367479 2.0
3435 367553 2.0
3436 367614 2.0
3437 367707 2.0
3438 367814 2.0
3439 367904 2.0
3440 367980 2.0
3441 368056 2.0
3442 368133 2.0
3443 368190 2.0
3444 368299 2.0
3445 368358 2.0
3446 368417 2.0
3447 368593 2.0
3448 368709 2.0
3449 368788 2.0
3450 368852 2.0
3451 368916 2.0
3452 368974 2.0
3453 369054 2.0
3454 369115 2.0
3455 369181 2.0
3456 369252 2.0
3457 369314 2.0
3458 369387 2.0
3459 369474 2.0
3460 369549 2.0
3461 369622 2.0
3462 369692 2.0
3463 369770 2.0
3464 369843 2.0
3465 369926 2.0
3466 369998 2.0
3467 370078 2.0
3468 370160 2.0
3469 370228 2.0
3470 370303 2.0
3471 370360 2.0
3472 370423 2.0
3473 370494 2.0
3474 370567 2.0
3475 370647 2.0
3476 370747 2.0
3477 370882 2.0
3478 370952 2.0
3479 371014 2.0
3480 371090 2.0
3481 371171 2.0
3482 371295 2.0
3483 371364 2.0
3484 371440 2.0
3485 371501 2.0
3486 371577 2.0
3487 371648 2.0
3488 371733 2.0
3489 371845 2.0
3490 371976 2.0
3491 372051 1.9900000000000002
3492 372125 1.9900000000000002
3493 372192 1.9900000000000002
3494 372309 1.9900000000000002
3495 372396 1.9900000000000002
3496 372463 1.9900000000000002
3497 372522 1.9900000000000002
3498 372593 1.9900000000000002
3499 372657 1.9900000000000002
3500 372740 1.9900000000000002
3501 372838 1.9900000000000002
3502 372906 1.9900000000000002
3503 373027 1.9900000000000002
3504 373095 1.9900000000000002
3505 373198 1.9900000000000002
3506 373258 1.9900000000000002
3507 373356 1.9900000000000002
3508 373443 1.9900000000000002
3509 373557 1.9900000000000002
3510 373620 1.9900000000000002
3511 373761 1.9900000000000002
3512 373852 1.9900000000000002
3513 373951 1.9900000000000002
3514 374033 1.9900000000000002
3515 374112 1.9900000000000002
3516 374280 1.9900000000000002
3517 374383 1.9900000000000002
3518 374527 1.9900000000000002
3519 374595 1.9900000000000002
3520 374665 1.9900000000000002
3521 374731 1.9900000000000002
3522 374787 1.9900000000000002
3523 374867 1.9900000000000002
3524 374932 1.9900000000000002
3525 375004 1.9900000000000002
3526 375069 1.9900000000000002
3527 375163 1.9900000000000002
3528 375223 1.9900000000000002
3529 375292 1.9900000000000002
3530 375386 1.9900000000000002
3531 375482 1.9900000000000002
3532 375572 1.9900000000000002
3533 375649 1.9900000000000002
3534 375711 1.9900000000000002
3535 375870 1.9900000000000002
3536 375929 1.9900000000000002
3537 376004 1.9900000000000002
3538 376151 1.9900000000000002
3539 376241 1.9900000000000002
3540 376328 1.9900000000000002
3541 376397 1.9900000000000002
3542 376468 1.9900000000000002
3543 376549 1.9900000000000002
3544 376626 1.9900000000000002
3545 376744 1.9900000000000002
3546 376811 1.9900000000000002
3547 376880 1.9900000000000002
3548 376975 1.9900000000000002
3549 377049 1.9900000000000002
3550 377120 1.9900000000000002
3551 377190 1.9900000000000002
3552 377290 1.9900000000000002
3553 377366 1.9900000000000002
3554 377434 1.9900000000000002
3555 377511 1.9900000000000002
3556 377576 1.9900000000000002
3557 377658 1.9900000000000002
3558 377724 1.9900000000000002
3559 377799 1.9900000000000002
3560 377864 1.9900000000000002
3561 377942 1.9900000000000002
3562 378012 1.9900000000000002
3563 378137 1.9900000000000002
3564 378203 1.9900000000000002
3565 378308 1.9900000000000002
3566 378400 1.9900000000000002
3567 378463 1.9900000000000002
3568 378536 1.9900000000000002
3569 378664 1.9900000000000002
3570 378773 1.9900000000000002
3571 378854 1.9900000000000002
3572 378920 1.9900000000000002
3573 378995 1.9900000000000002
3574 379057 1.9900000000000002
3575 379145 1.9900000000000002
3576 379211 1.9900000000000002
3577 379301 1.9900000000000002
3578 379363 1.9900000000000002
3579 379426 1.9900000000000002
3580 379522 1.9900000000000002
3581 379646 1.9900000000000002
3582 379734 1.9900000000000002
3583 379820 1.9900000000000002
3584 379916 1.9900000000000002
3585 379993 1.9900000000000002
3586 380092 1.9900000000000002
3587 380169 1.9900000000000002
3588 380239 1.9900000000000002
3589 380341 1.9900000000000002
3590 380641 1.9900000000000002
3591 380754 2.0
3592 380837 2.0
3593 380909 2.0
3594 380986 2.0
3595 381051 2.0
3596 381159 2.0
3597 381260 2.0
3598 381348 2.0
3599 381417 2.0
3600 381487 2.0
3601 381556 2.0
3602 381676 2.0
3603 381742 2.0
3604 381814 2.0
3605 381955 2.0
3606 382013 2.0
3607 382078 2.0
3608 382166 2.0
3609 382265 2.0
3610 382344 2.0
3611 382422 2.0
3612 382505 2.0
3613 382603 2.0
3614 382684 2.0
3615 382760 2.0
3616 382829 2.0
3617 382909 2.0
3618 382985 2.0
3619 383059 2.0
3620 383113 2.0
3621 383188 2.0
3622 383320 2.0
3623 383395 2.0
3624 383474 2.0
3625 383536 2.0
3626 383615 2.0
3627 383686 2.0
3628 383786 2.0
3629 383849 2.0
3630 383944 2.0
3631 384016 2.0
3632 384102 2.0
3633 384167 2.0
3634 384247 2.0
3635 384335 2.0
3636 384420 2.0
3637 384481 2.0
3638 384592 2.0
3639 384750 2.0
3640 384820 2.0
3641 384899 2.0
3642 384961 2.0
3643 385037 2.0
3644 385146 2.0
3645 385203 2.0
3646 385261 2.0
3647 385369 2.0
3648 385458 2.0
3649 385521 2.0
3650 385599 2.0
3651 385750 2.0
3652 385892 2.0
3653 385959 2.0
3654 386036 2.0
3655 386163 2.0
3656 386231 2.0
3657 386382 2.0
3658 386488 2.0
3659 386602 2.0
3660 386673 2.0
3661 386750 2.0
3662 386848 2.0
3663 386950 2.0
3664 387020 2.0
3665 387096 2.0
3666 387172 2.0
3667 387232 2.0
3668 387295 2.0
3669 387363 2.0
3670 387526 2.0
3671 387602 2.0
3672 387663 2.0
3673 387719 2.0
3674 387785 2.0
3675 387907 2.0
3676 387988 2.0
3677 388044 2.0
3678 388157 2.0
3679 388232 2.0
3680 388308 2.0
3681 388375 2.0
3682 388450 2.0
3683 388505 2.0
3684 388577 2.0
3685 388660 2.0
3686 388749 2.0
3687 388827 2.0
3688 388909 2.0
3689 388988 2.0
3690 389085 2.0
3691 389165 2.0
3692 389254 2.0
3693 389329 2.0
3694 389405 2.0
3695 389496 2.0
3696 389578 2.0
3697 389672 2.0
3698 389741 2.0
3699 389807 2.0
3700 389883 2.0
3701 389951 2.0
3702 390021 2.0
3703 390093 2.0
3704 390168 2.0
3705 390229 2.0
3706 390331 2.0
3707 390495 2.0
3708 390554 2.0
3709 390639 2.0
3710 390727 2.0
3711 390791 2.0
3712 390881 2.0
3713 390963 2.0
3714 391050 2.0
3715 391120 2.0
3716 391273 2.0
3717 391373 2.0
3718 391483 2.0
3719 391564 2.0
3720 391670 2.0
3721 391742 2.0
3722 391851 2.0
3723 391935 2.0
