1 300 1.09
2 600 1.09
3 900 1.1
4 1200 1.1
5 1500 1.1
6 1800 1.1
7 2100 1.1
8 2400 1.1
9 2700 1.1
10 3000 1.1
11 3300 1.1
12 3600 1.1
13 3900 1.1
14 4200 1.1
15 4500 1.1
16 4800 1.11
17 5100 1.12
18 5400 1.12
19 5700 1.12
20 6000 1.12
21 6300 1.12
22 6600 1.1300000000000001
23 6900 1.1400000000000001
24 7200 1.1400000000000001
25 7500 1.1400000000000001
26 7800 1.1400000000000001
27 8100 1.1400000000000001
28 8400 1.1500000000000001
29 8700 1.1500000000000001
30 9000 1.1500000000000001
31 9300 1.1500000000000001
32 9600 1.1500000000000001
33 9900 1.1500000000000001
34 10200 1.1700000000000002
35 10500 1.1700000000000002
36 10800 1.1700000000000002
37 11100 1.1700000000000002
38 11400 1.1700000000000002
39 11700 1.1700000000000002
40 12000 1.1700000000000002
41 12300 1.1700000000000002
42 12600 1.1700000000000002
43 12900 1.1700000000000002
44 13200 1.1700000000000002
45 13500 1.1700000000000002
46 13800 1.1600000000000001
47 14100 1.1600000000000001
48 14400 1.1600000000000001
49 14700 1.1600000000000001
50 15000 1.1600000000000001
51 15300 1.1600000000000001
52 15600 1.1600000000000001
53 15900 1.1500000000000001
54 16200 1.1500000000000001
55 16500 1.1600000000000001
56 16800 1.1600000000000001
57 17100 1.1600000000000001
58 17400 1.1600000000000001
59 17700 1.1700000000000002
60 18000 1.1700000000000002
61 18300 1.1900000000000002
62 18600 1.1800000000000002
63 18900 1.1900000000000002
64 19200 1.2100000000000002
65 19500 1.2100000000000002
66 19800 1.2100000000000002
67 20100 1.2100000000000002
68 20400 1.2200000000000002
69 20700 1.2200000000000002
70 21000 1.2200000000000002
71 21300 1.2300000000000002
72 21600 1.2300000000000002
73 21900 1.2300000000000002
74 22200 1.2200000000000002
75 22500 1.2200000000000002
76 22800 1.2200000000000002
77 23100 1.2300000000000002
78 23400 1.2300000000000002
79 23700 1.2300000000000002
80 24000 1.2300000000000002
81 24300 1.2200000000000002
82 24600 1.2200000000000002
83 24900 1.2100000000000002
84 25200 1.2100000000000002
85 25500 1.2100000000000002
86 25800 1.2100000000000002
87 26100 1.2100000000000002
88 26400 1.2100000000000002
89 26700 1.2000000000000002
90 27000 1.2000000000000002
91 27300 1.2000000000000002
92 27600 1.2000000000000002
93 27900 1.1900000000000002
94 28200 1.1900000000000002
95 28500 1.1900000000000002
96 28800 1.2100000000000002
97 29100 1.22
98 29400 1.22
99 29700 1.2200000000000002
100 30000 1.2200000000000002
101 30300 1.2200000000000002
102 30600 1.2300000000000002
103 30900 1.2200000000000002
104 31200 1.2200000000000002
105 31500 1.22
106 31800 1.2200000000000002
107 32100 1.2200000000000002
108 32400 1.2300000000000002
109 32700 1.2300000000000002
110 33000 1.2300000000000002
111 33300 1.2500000000000002
112 33600 1.2500000000000002
113 33900 1.25
114 34200 1.25
115 34500 1.2700000000000002
116 34800 1.2600000000000002
117 35100 1.27
118 35400 1.28
119 35700 1.28
120 36000 1.3
121 36300 1.31
122 36600 1.3
123 36900 1.2900000000000003
124 37200 1.2900000000000003
125 37500 1.29
126 37800 1.29
127 38100 1.29
128 38400 1.2800000000000002
129 38700 1.2900000000000003
130 39000 1.2900000000000003
131 39300 1.2900000000000003
132 39600 1.3100000000000003
133 39819 1.31
134 40119 1.29
135 40419 1.29
136 40719 1.31
137 41019 1.31
138 41319 1.32
139 41619 1.34
140 41919 1.34
141 42219 1.34
142 42519 1.34
143 42819 1.35
144 43119 1.35
145 43419 1.35
146 43719 1.35
147 44019 1.35
148 44319 1.37
149 44619 1.37
150 44919 1.3800000000000001
151 45219 1.3800000000000001
152 45519 1.4000000000000001
153 45819 1.4100000000000001
154 46119 1.41
155 46419 1.4000000000000001
156 46719 1.4000000000000001
157 47019 1.42
158 47319 1.42
159 47619 1.4200000000000002
160 47876 1.44
161 48176 1.44
162 48476 1.44
163 48709 1.43
164 49009 1.4300000000000002
165 49309 1.4500000000000002
166 49609 1.4500000000000002
167 49909 1.4500000000000002
168 50209 1.44
169 50509 1.44
170 50809 1.44
171 51109 1.44
172 51409 1.4600000000000002
173 51709 1.4600000000000002
174 52009 1.4600000000000002
175 52309 1.48
176 52596 1.48
177 52896 1.46
178 53196 1.48
179 53496 1.48
180 53796 1.48
181 54096 1.48
182 54396 1.48
183 54696 1.48
184 54996 1.48
185 55296 1.48
186 55596 1.49
187 55896 1.5
188 56196 1.5
189 56496 1.52
190 56796 1.52
191 57096 1.54
192 57396 1.54
193 57696 1.54
194 57996 1.56
195 58228 1.56
196 58528 1.54
197 58828 1.55
198 59128 1.57
199 59428 1.57
200 59728 1.57
201 60028 1.57
202 60328 1.56
203 60628 1.56
204 60928 1.56
205 61228 1.56
206 61528 1.56
207 61828 1.56
208 62128 1.55
209 62428 1.57
210 62726 1.58
211 63026 1.56
212 63326 1.56
213 63626 1.56
214 63845 1.58
215 64145 1.57
216 64361 1.57
217 64661 1.55
218 64961 1.54
219 65188 1.54
220 65488 1.53
221 65788 1.53
222 66088 1.5299999999999998
223 66388 1.5299999999999998
224 66688 1.53
225 66988 1.53
226 67288 1.55
227 67588 1.56
228 67888 1.58
229 68188 1.59
230 68488 1.59
231 68682 1.59
232 68982 1.57
233 69282 1.59
234 69582 1.6
235 69829 1.6
236 70129 1.6
237 70429 1.6
238 70670 1.6
239 70970 1.59
240 71270 1.6
241 71570 1.6
242 71870 1.6
243 72170 1.59
244 72470 1.59
245 72770 1.6
246 73070 1.61
247 73305 1.62
248 73605 1.62
249 73905 1.62
250 74205 1.61
251 74412 1.61
252 74712 1.59
253 75012 1.58
254 75312 1.58
255 75612 1.58
256 75846 1.6
257 76146 1.6
258 76446 1.62
259 76591 1.61
260 76793 1.61
261 77093 1.59
262 77393 1.59
263 77648 1.59
264 77834 1.57
265 78134 1.55
266 78434 1.5499999999999998
267 78734 1.5499999999999998
268 79034 1.57
269 79334 1.57
270 79634 1.57
271 79896 1.57
272 80196 1.57
273 80496 1.57
274 80774 1.57
275 81074 1.5499999999999998
276 81374 1.55
277 81576 1.56
278 81876 1.54
279 82176 1.54
280 82476 1.54
281 82776 1.54
282 83076 1.54
283 83376 1.54
284 83676 1.54
285 83976 1.56
286 84276 1.55
287 84576 1.54
288 84777 1.55
289 85077 1.54
290 85308 1.54
291 85608 1.52
292 85908 1.5200000000000002
293 86162 1.52
294 86462 1.5
295 86762 1.52
296 87053 1.53
297 87266 1.52
298 87566 1.5
299 87866 1.5
300 88166 1.5000000000000002
301 88466 1.52
302 88766 1.52
303 89066 1.52
304 89366 1.52
305 89666 1.54
306 89966 1.56
307 90266 1.58
308 90393 1.58
309 90693 1.56
310 90993 1.55
311 91293 1.55
312 91593 1.55
313 91809 1.57
314 92109 1.55
315 92409 1.54
316 92709 1.54
317 93009 1.56
318 93309 1.56
319 93609 1.56
320 93909 1.55
321 94209 1.56
322 94509 1.56
323 94809 1.56
324 95109 1.58
325 95346 1.58
326 95646 1.56
327 95932 1.55
328 96193 1.54
329 96493 1.52
330 96793 1.52
331 97093 1.54
332 97292 1.54
333 97592 1.52
334 97892 1.53
335 98078 1.55
336 98378 1.5500000000000003
337 98678 1.5600000000000003
338 98978 1.57
339 99278 1.56
340 99578 1.55
341 99878 1.56
342 100178 1.58
343 100478 1.58
344 100778 1.5800000000000003
345 101078 1.5700000000000003
346 101378 1.56
347 101645 1.55
348 101945 1.53
349 102245 1.55
350 102545 1.55
351 102845 1.55
352 103145 1.5700000000000003
353 103445 1.5800000000000003
354 103745 1.58
355 104025 1.6
356 104173 1.59
357 104386 1.57
358 104686 1.57
359 104913 1.57
360 105213 1.5500000000000003
361 105513 1.5700000000000003
362 105813 1.5800000000000003
363 106113 1.5800000000000003
364 106413 1.58
365 106713 1.59
366 107013 1.59
367 107214 1.61
368 107514 1.59
369 107814 1.59
370 108114 1.61
371 108257 1.62
372 108557 1.6
373 108857 1.62
374 109157 1.62
375 109457 1.62
376 109757 1.6400000000000001
377 110057 1.63
378 110357 1.63
379 110657 1.63
380 110957 1.65
381 111257 1.67
382 111557 1.68
383 111857 1.7
384 112080 1.71
385 112380 1.69
386 112680 1.6900000000000002
387 112980 1.6900000000000002
388 113280 1.6900000000000002
389 113580 1.69
390 113880 1.69
391 114180 1.69
392 114480 1.6900000000000002
393 114780 1.69
394 115049 1.71
395 115349 1.7000000000000002
396 115649 1.6900000000000002
397 115949 1.69
398 116249 1.71
399 116549 1.7300000000000002
400 116795 1.7400000000000002
401 117095 1.72
402 117395 1.73
403 117695 1.7500000000000002
404 117937 1.7700000000000002
405 118158 1.7700000000000002
406 118342 1.7500000000000002
407 118642 1.74
408 118942 1.76
409 119242 1.76
410 119542 1.78
411 119842 1.8
412 119960 1.8
413 120260 1.7800000000000002
414 120560 1.7800000000000002
415 120860 1.78
416 121119 1.78
417 121419 1.76
418 121719 1.78
419 122019 1.8
420 122172 1.7999999999999998
421 122472 1.8
422 122772 1.82
423 122918 1.82
424 123218 1.8000000000000003
425 123518 1.8
426 123818 1.8
427 124118 1.8200000000000003
428 124418 1.81
429 124718 1.81
430 124960 1.81
431 125260 1.79
432 125560 1.8
433 125807 1.8
434 126099 1.79
435 126235 1.79
436 126535 1.7800000000000002
437 126820 1.77
438 127120 1.7500000000000002
439 127420 1.7500000000000002
440 127720 1.75
441 127929 1.7400000000000002
442 128229 1.7200000000000002
443 128529 1.7400000000000002
444 128829 1.7400000000000002
445 129129 1.7600000000000002
446 129429 1.7600000000000002
447 129729 1.7600000000000002
448 129929 1.7800000000000002
449 130229 1.7600000000000002
450 130529 1.7600000000000002
451 130661 1.7600000000000002
452 130961 1.7400000000000002
453 131261 1.7500000000000002
454 131543 1.76
455 131843 1.74
456 132143 1.7500000000000002
457 132415 1.7700000000000002
458 132715 1.75
459 133015 1.77
460 133196 1.77
461 133496 1.75
462 133796 1.7600000000000002
463 134096 1.7799999999999998
464 134396 1.7799999999999998
465 134696 1.79
466 134889 1.8
467 135189 1.78
468 135489 1.8
469 135720 1.82
470 135940 1.8200000000000003
471 136240 1.82
472 136431 1.8299999999999998
473 136731 1.81
474 137031 1.8299999999999998
475 137298 1.8299999999999998
476 137598 1.83
477 137898 1.83
478 138198 1.84
479 138423 1.86
480 138577 1.86
481 138877 1.85
482 139078 1.84
483 139378 1.84
484 139678 1.8300000000000003
485 139978 1.84
486 140278 1.86
487 140578 1.86
488 140878 1.87
489 141178 1.86
490 141478 1.88
491 141778 1.9
492 142078 1.92
493 142230 1.92
494 142530 1.92
495 142830 1.92
496 143130 1.94
497 143333 1.95
498 143621 1.95
499 143921 1.93
500 144221 1.92
501 144521 1.93
502 144697 1.94
503 144942 1.92
504 145141 1.91
505 145441 1.89
506 145741 1.89
507 145985 1.9
508 146285 1.9
509 146537 1.9
510 146715 1.88
511 147015 1.8599999999999999
512 147315 1.8599999999999999
513 147615 1.88
514 147915 1.88
515 148215 1.9
516 148515 1.91
517 148738 1.93
518 148951 1.91
519 149251 1.89
520 149418 1.89
521 149693 1.8699999999999999
522 149993 1.8499999999999999
523 150293 1.85
524 150593 1.85
525 150893 1.85
526 151062 1.85
527 151362 1.85
528 151662 1.85
529 151962 1.87
530 152262 1.8900000000000001
531 152562 1.9100000000000001
532 152862 1.9200000000000002
533 153162 1.94
534 153403 1.9300000000000002
535 153703 1.9300000000000002
536 154003 1.9300000000000002
537 154303 1.93
538 154603 1.93
539 154903 1.94
540 155203 1.9600000000000002
541 155503 1.97
542 155684 1.97
543 155984 1.95
544 156165 1.95
545 156465 1.9400000000000002
546 156765 1.9400000000000002
547 156999 1.9600000000000002
548 157299 1.9600000000000002
549 157599 1.96
550 157899 1.98
551 158199 1.99
552 158468 1.99
553 158768 1.97
554 159068 1.9800000000000002
555 159332 2.0
556 159629 2.0
557 159929 1.9800000000000002
558 160202 1.9800000000000002
559 160502 1.98
560 160802 2.0
561 160981 2.0
562 161204 1.98
563 161504 1.96
564 161657 1.97
565 161957 1.9500000000000002
566 162257 1.9600000000000002
567 162372 1.9700000000000002
568 162631 1.97
569 162851 1.96
570 163012 1.94
571 163312 1.9300000000000002
572 163612 1.92
573 163781 1.9400000000000002
574 164081 1.9300000000000002
575 164376 1.95
576 164676 1.95
577 164976 1.97
578 165135 1.9800000000000002
579 165409 1.9800000000000002
580 165709 1.9600000000000002
581 166009 1.9500000000000002
582 166308 1.9700000000000002
583 166608 1.95
584 166908 1.95
585 167197 1.96
586 167497 1.9600000000000002
587 167794 1.9600000000000002
588 168094 1.9600000000000002
589 168210 1.96
590 168412 1.94
591 168586 1.92
592 168886 1.91
593 169186 1.92
594 169486 1.9100000000000001
595 169768 1.9000000000000001
596 169975 1.88
597 170137 1.8599999999999999
598 170437 1.85
599 170737 1.85
600 171037 1.8499999999999999
601 171221 1.86
602 171521 1.8600000000000003
603 171821 1.8800000000000001
604 172121 1.8900000000000001
605 172421 1.9100000000000001
606 172694 1.9100000000000001
607 172952 1.8900000000000001
608 173252 1.8900000000000001
609 173552 1.8900000000000001
610 173852 1.8900000000000001
611 174152 1.9000000000000001
612 174321 1.9100000000000001
613 174621 1.9100000000000001
614 174888 1.9300000000000002
615 175188 1.93
616 175375 1.94
617 175675 1.94
618 175975 1.94
619 176275 1.94
620 176575 1.96
621 176875 1.96
622 177175 1.98
623 177475 2.0
624 177775 2.01
625 178075 2.03
626 178235 2.04
627 178535 2.03
628 178777 2.05
629 178981 2.04
630 179219 2.0399999999999996
631 179360 2.0199999999999996
632 179544 2.0100000000000002
633 179844 2.0
634 180124 2.0
635 180424 2.0
636 180724 1.99
637 181024 1.99
638 181324 2.01
639 181469 2.02
640 181769 2.02
641 182069 2.03
642 182369 2.05
643 182669 2.0699999999999994
644 182969 2.0899999999999994
645 183269 2.079999999999999
646 183508 2.079999999999999
647 183704 2.0699999999999994
648 184004 2.0699999999999994
649 184226 2.0699999999999994
650 184526 2.0699999999999994
651 184826 2.079999999999999
652 185126 2.0899999999999994
653 185371 2.1099999999999994
654 185553 2.1099999999999994
655 185703 2.0999999999999996
656 186003 2.0799999999999996
657 186303 2.099999999999999
658 186459 2.0999999999999996
659 186639 2.099999999999999
660 186939 2.079999999999999
661 187239 2.099999999999999
662 187539 2.099999999999999
663 187839 2.099999999999999
664 188139 2.0899999999999994
665 188353 2.089999999999999
666 188653 2.0899999999999994
667 188908 2.099999999999999
668 189208 2.0899999999999994
669 189508 2.09
670 189808 2.1099999999999994
671 190108 2.0999999999999996
672 190373 2.1199999999999997
673 190673 2.1099999999999994
674 190833 2.0999999999999996
675 190976 2.0799999999999996
676 191198 2.0799999999999996
677 191480 2.059999999999999
678 191769 2.0599999999999996
679 192069 2.0599999999999996
680 192369 2.07
681 192556 2.0799999999999996
682 192856 2.0599999999999996
683 193156 2.07
684 193374 2.0899999999999994
685 193613 2.0699999999999994
686 193913 2.0499999999999994
687 194136 2.0699999999999994
688 194436 2.0699999999999994
689 194736 2.0799999999999996
690 195036 2.0999999999999996
691 195336 2.119999999999999
692 195636 2.1099999999999994
693 195936 2.119999999999999
694 196236 2.1099999999999994
695 196536 2.129999999999999
696 196836 2.1399999999999992
697 197136 2.1399999999999997
698 197436 2.1299999999999994
699 197736 2.1499999999999995
700 197917 2.169999999999999
701 198108 2.1699999999999995
702 198340 2.169999999999999
703 198590 2.149999999999999
704 198811 2.129999999999999
705 199111 2.119999999999999
706 199411 2.1199999999999997
707 199620 2.13
708 199920 2.1299999999999994
709 200220 2.1299999999999994
710 200520 2.1499999999999995
711 200820 2.1599999999999993
712 201000 2.1499999999999995
713 201119 2.149999999999999
714 201256 2.149999999999999
715 201501 2.129999999999999
716 201795 2.1299999999999994
717 202095 2.1299999999999994
718 202395 2.1399999999999992
719 202633 2.1399999999999992
720 202933 2.1299999999999994
721 203059 2.13
722 203284 2.1099999999999994
723 203584 2.1099999999999994
724 203858 2.119999999999999
725 204158 2.119999999999999
726 204458 2.109999999999999
727 204715 2.099999999999999
728 205015 2.079999999999999
729 205236 2.0899999999999994
730 205536 2.069999999999999
731 205836 2.069999999999999
732 206136 2.059999999999999
733 206436 2.069999999999999
734 206640 2.089999999999999
735 206940 2.0899999999999994
736 207240 2.1099999999999994
737 207488 2.129999999999999
738 207737 2.129999999999999
739 207941 2.129999999999999
740 208221 2.109999999999999
741 208511 2.089999999999999
742 208697 2.079999999999999
743 208980 2.059999999999999
744 209280 2.0399999999999996
745 209580 2.059999999999999
746 209880 2.079999999999999
747 210143 2.0699999999999994
748 210443 2.0499999999999994
749 210604 2.0699999999999994
750 210844 2.0699999999999994
751 211144 2.0499999999999994
752 211417 2.0599999999999996
753 211698 2.0399999999999996
754 211998 2.0199999999999996
755 212298 2.01
756 212564 2.01
757 212864 2.0
758 213121 2.02
759 213421 2.02
760 213678 2.0399999999999996
761 213978 2.0399999999999996
762 214278 2.0599999999999996
763 214578 2.0599999999999996
764 214878 2.059999999999999
765 215157 2.059999999999999
766 215398 2.059999999999999
767 215698 2.0399999999999996
768 215998 2.0299999999999994
769 216239 2.0399999999999996
770 216539 2.0399999999999996
771 216839 2.0399999999999996
772 217139 2.0399999999999996
773 217439 2.03
774 217739 2.0299999999999994
775 218028 2.0499999999999994
776 218328 2.03
777 218505 2.0499999999999994
778 218727 2.04
779 219027 2.0399999999999996
780 219327 2.05
781 219627 2.0599999999999996
782 219927 2.0799999999999996
783 220185 2.0899999999999994
784 220485 2.0899999999999994
785 220785 2.1099999999999994
786 221084 2.109999999999999
787 221279 2.109999999999999
788 221579 2.089999999999999
789 221854 2.079999999999999
790 222051 2.079999999999999
791 222351 2.079999999999999
792 222619 2.099999999999999
793 222919 2.079999999999999
794 223125 2.099999999999999
795 223425 2.099999999999999
796 223725 2.109999999999999
797 224025 2.119999999999999
798 224306 2.1399999999999997
799 224454 2.1399999999999997
800 224607 2.1399999999999997
801 224757 2.119999999999999
802 225057 2.119999999999999
803 225357 2.1399999999999992
804 225657 2.1399999999999992
805 225957 2.1399999999999992
806 226257 2.1599999999999997
807 226413 2.1699999999999995
808 226713 2.1699999999999995
809 226908 2.1799999999999997
810 227084 2.1799999999999997
811 227384 2.1799999999999997
812 227562 2.1899999999999995
813 227767 2.1899999999999995
814 228067 2.1899999999999995
815 228206 2.1999999999999997
816 228332 2.1999999999999993
817 228632 2.1999999999999993
818 228932 2.1899999999999995
819 229232 2.2099999999999995
820 229532 2.1999999999999993
821 229832 2.199999999999999
822 230076 2.1999999999999993
823 230351 2.1999999999999993
824 230582 2.1799999999999993
825 230882 2.1799999999999993
826 231182 2.1899999999999995
827 231482 2.2099999999999995
828 231705 2.2099999999999995
829 232005 2.1999999999999997
830 232305 2.2199999999999993
831 232605 2.2199999999999998
832 232778 2.2199999999999998
833 233026 2.1999999999999993
834 233185 2.1999999999999993
835 233456 2.1999999999999993
836 233633 2.1799999999999993
837 233892 2.1799999999999993
838 234179 2.1599999999999993
839 234479 2.1499999999999995
840 234779 2.1699999999999995
841 235079 2.1699999999999995
842 235379 2.1599999999999993
843 235679 2.1599999999999993
844 235881 2.1599999999999993
845 236011 2.1599999999999993
846 236311 2.1599999999999993
847 236611 2.1799999999999993
848 236745 2.1899999999999995
849 236972 2.1899999999999995
850 237272 2.1899999999999995
851 237547 2.2099999999999995
852 237847 2.209999999999999
853 238147 2.2299999999999995
854 238447 2.229999999999999
855 238747 2.2499999999999996
856 239047 2.269999999999999
857 239261 2.2799999999999994
858 239402 2.2599999999999993
859 239584 2.2399999999999993
860 239862 2.2399999999999993
861 240154 2.2399999999999993
862 240454 2.2299999999999995
863 240754 2.2499999999999996
864 241054 2.2699999999999996
865 241319 2.2699999999999996
866 241619 2.269999999999999
867 241919 2.2899999999999996
868 242069 2.289999999999999
869 242254 2.2799999999999994
870 242554 2.28
871 242709 2.2999999999999994
872 243009 2.29
873 243309 2.3099999999999996
874 243539 2.3299999999999996
875 243839 2.32
876 244004 2.34
877 244304 2.34
878 244496 2.3299999999999996
879 244623 2.3299999999999996
880 244843 2.3099999999999996
881 245072 2.2899999999999996
882 245257 2.269999999999999
883 245411 2.269999999999999
884 245567 2.2699999999999996
885 245867 2.269999999999999
886 246141 2.2799999999999994
887 246441 2.2799999999999994
888 246741 2.29
889 246943 2.3099999999999996
890 247206 2.3099999999999996
891 247497 2.3099999999999996
892 247797 2.3099999999999996
893 248081 2.309999999999999
894 248223 2.309999999999999
895 248487 2.309999999999999
896 248787 2.289999999999999
897 249069 2.2799999999999994
898 249292 2.2599999999999993
899 249388 2.2499999999999996
900 249688 2.2499999999999996
901 249850 2.2699999999999996
902 249998 2.2499999999999996
903 250298 2.2299999999999995
904 250598 2.249999999999999
905 250865 2.2599999999999993
906 251052 2.2599999999999993
907 251233 2.2599999999999993
908 251533 2.2499999999999996
909 251808 2.26
910 252005 2.2399999999999998
911 252305 2.2399999999999998
912 252446 2.2499999999999996
913 252666 2.2499999999999996
914 252966 2.249999999999999
915 253097 2.2399999999999993
916 253235 2.2399999999999993
917 253535 2.2399999999999993
918 253813 2.2499999999999996
919 254113 2.2399999999999998
920 254413 2.26
921 254713 2.28
922 254846 2.28
923 255146 2.2799999999999994
924 255249 2.2999999999999994
925 255549 2.2999999999999994
926 255720 2.3099999999999996
927 256020 2.3
928 256320 2.2999999999999994
929 256478 2.3099999999999996
930 256778 2.2899999999999996
931 257078 2.3099999999999996
932 257378 2.3099999999999996
933 257468 2.329999999999999
934 257692 2.3299999999999996
935 257992 2.3099999999999996
936 258233 2.3299999999999996
937 258533 2.3299999999999996
938 258833 2.329999999999999
939 259100 2.3399999999999994
940 259400 2.3399999999999994
941 259700 2.359999999999999
942 260000 2.379999999999999
943 260300 2.3999999999999995
944 260392 2.419999999999999
945 260483 2.419999999999999
946 260681 2.419999999999999
947 260981 2.419999999999999
948 261250 2.4099999999999993
949 261358 2.4099999999999993
950 261533 2.4099999999999993
951 261811 2.4099999999999993
952 261986 2.3899999999999992
953 262286 2.3899999999999992
954 262531 2.4099999999999993
955 262683 2.4099999999999993
956 262935 2.4099999999999993
957 263235 2.3899999999999992
958 263535 2.4099999999999993
959 263818 2.4299999999999993
960 263994 2.4299999999999993
961 264294 2.4199999999999995
962 264392 2.4299999999999997
963 264640 2.4299999999999997
964 264940 2.42
965 265091 2.4399999999999995
966 265307 2.4399999999999995
967 265607 2.4199999999999995
968 265907 2.4399999999999995
969 266160 2.4299999999999997
970 266267 2.4099999999999997
971 266567 2.3899999999999992
972 266740 2.399999999999999
973 266921 2.3799999999999994
974 267221 2.3599999999999994
975 267388 2.349999999999999
976 267656 2.329999999999999
977 267956 2.3299999999999996
978 268180 2.3499999999999996
979 268480 2.329999999999999
980 268780 2.349999999999999
981 269080 2.3699999999999997
982 269276 2.3899999999999992
983 269411 2.38
984 269579 2.38
985 269879 2.38
986 270118 2.3899999999999997
987 270418 2.3899999999999997
988 270645 2.3999999999999995
989 270778 2.3999999999999995
990 270908 2.3799999999999994
991 271078 2.3799999999999994
992 271378 2.3599999999999994
993 271634 2.3599999999999994
994 271858 2.3599999999999994
995 272158 2.3599999999999994
996 272458 2.3799999999999994
997 272758 2.3999999999999995
998 273058 2.4199999999999995
999 273224 2.4299999999999997
1000 273498 2.4299999999999997
1001 273798 2.4099999999999997
1002 274098 2.4299999999999993
1003 274275 2.4299999999999997
1004 274465 2.4299999999999997
1005 274670 2.4299999999999993
1006 274790 2.4299999999999993
1007 275090 2.4299999999999997
1008 275240 2.4299999999999997
1009 275540 2.4299999999999997
1010 275837 2.4499999999999997
1011 275950 2.44
1012 276143 2.4199999999999995
1013 276380 2.3999999999999995
1014 276680 2.3999999999999995
1015 276873 2.419999999999999
1016 277052 2.419999999999999
1017 277352 2.399999999999999
1018 277652 2.4099999999999993
1019 277788 2.4199999999999995
1020 277932 2.4199999999999995
1021 278232 2.4199999999999995
1022 278486 2.4199999999999995
1023 278757 2.3999999999999995
1024 278999 2.3999999999999995
1025 279167 2.3999999999999995
1026 279467 2.3899999999999997
1027 279767 2.3999999999999995
1028 279981 2.42
1029 280281 2.4
1030 280449 2.4199999999999995
1031 280749 2.3999999999999995
1032 280909 2.419999999999999
1033 281126 2.4199999999999995
1034 281426 2.3999999999999995
1035 281648 2.4099999999999997
1036 281882 2.4099999999999997
1037 282182 2.4099999999999997
1038 282400 2.4299999999999997
1039 282586 2.4099999999999993
1040 282841 2.3899999999999992
1041 283018 2.369999999999999
1042 283144 2.349999999999999
1043 283351 2.329999999999999
1044 283490 2.329999999999999
1045 283659 2.309999999999999
1046 283846 2.3099999999999996
1047 284146 2.309999999999999
1048 284374 2.329999999999999
1049 284545 2.329999999999999
1050 284733 2.329999999999999
1051 285033 2.329999999999999
1052 285111 2.349999999999999
1053 285273 2.349999999999999
1054 285490 2.349999999999999
1055 285750 2.349999999999999
1056 286050 2.349999999999999
1057 286160 2.369999999999999
1058 286291 2.369999999999999
1059 286536 2.349999999999999
1060 286836 2.349999999999999
1061 287001 2.359999999999999
1062 287218 2.359999999999999
1063 287518 2.3599999999999994
1064 287741 2.369999999999999
1065 287895 2.369999999999999
1066 288195 2.369999999999999
1067 288288 2.3899999999999992
1068 288588 2.369999999999999
1069 288888 2.3899999999999992
1070 289188 2.3899999999999992
1071 289345 2.4099999999999993
1072 289645 2.4099999999999993
1073 289945 2.4099999999999993
1074 290245 2.4099999999999993
1075 290545 2.429999999999999
1076 290705 2.4499999999999993
1077 290877 2.4299999999999993
1078 291177 2.4299999999999993
1079 291473 2.449999999999999
1080 291616 2.439999999999999
1081 291743 2.4399999999999995
1082 292043 2.4399999999999995
1083 292337 2.4499999999999993
1084 292534 2.4499999999999993
1085 292707 2.4499999999999993
1086 292892 2.4299999999999993
1087 293028 2.4099999999999993
1088 293208 2.3899999999999992
1089 293508 2.3899999999999992
1090 293735 2.4099999999999993
1091 294035 2.3899999999999992
1092 294335 2.4099999999999993
1093 294592 2.4299999999999993
1094 294875 2.4299999999999993
1095 295020 2.4299999999999993
1096 295129 2.4199999999999995
1097 295289 2.4199999999999995
1098 295438 2.4199999999999995
1099 295636 2.4099999999999997
1100 295936 2.4099999999999997
1101 296149 2.4299999999999997
1102 296449 2.42
1103 296703 2.4399999999999995
1104 297003 2.4199999999999995
1105 297207 2.3999999999999995
1106 297374 2.399999999999999
1107 297674 2.379999999999999
1108 297848 2.3799999999999994
1109 298033 2.3799999999999994
1110 298333 2.3799999999999994
1111 298633 2.3699999999999997
1112 298933 2.3899999999999992
1113 299146 2.409999999999999
1114 299279 2.409999999999999
1115 299423 2.3999999999999995
1116 299723 2.3999999999999995
1117 299942 2.3999999999999995
1118 300078 2.3799999999999994
1119 300190 2.379999999999999
1120 300322 2.379999999999999
1121 300622 2.359999999999999
1122 300922 2.379999999999999
1123 301166 2.399999999999999
1124 301303 2.399999999999999
1125 301603 2.3799999999999994
1126 301767 2.369999999999999
1127 301902 2.369999999999999
1128 302202 2.369999999999999
1129 302359 2.3899999999999992
1130 302659 2.3899999999999992
1131 302763 2.3899999999999992
1132 302967 2.369999999999999
1133 303267 2.369999999999999
1134 303567 2.389999999999999
1135 303695 2.399999999999999
1136 303890 2.3999999999999995
1137 304119 2.3799999999999994
1138 304419 2.3799999999999994
1139 304719 2.379999999999999
1140 305019 2.3999999999999995
1141 305319 2.4199999999999995
1142 305619 2.439999999999999
1143 305817 2.439999999999999
1144 306117 2.4199999999999995
1145 306197 2.4399999999999995
1146 306367 2.4199999999999995
1147 306497 2.419999999999999
1148 306695 2.4199999999999995
1149 306847 2.4199999999999995
1150 307012 2.4199999999999995
1151 307107 2.3999999999999995
1152 307277 2.3799999999999994
1153 307418 2.3799999999999994
1154 307552 2.3799999999999994
1155 307675 2.3799999999999994
1156 307965 2.3799999999999994
1157 308107 2.3799999999999994
1158 308407 2.3599999999999994
1159 308618 2.3799999999999994
1160 308743 2.3599999999999994
1161 308964 2.3599999999999994
1162 309157 2.3599999999999994
1163 309457 2.3599999999999994
1164 309586 2.3599999999999994
1165 309840 2.3499999999999996
1166 310044 2.3499999999999996
1167 310344 2.3499999999999996
1168 310533 2.3699999999999997
1169 310833 2.369999999999999
1170 311052 2.3899999999999992
1171 311314 2.3899999999999997
1172 311614 2.3899999999999997
1173 311914 2.4099999999999993
1174 312109 2.4299999999999993
1175 312258 2.4099999999999997
1176 312558 2.4099999999999997
1177 312757 2.4299999999999993
1178 312966 2.4299999999999993
1179 313266 2.4099999999999997
1180 313506 2.4199999999999995
1181 313684 2.4199999999999995
1182 313802 2.4199999999999995
1183 313942 2.3999999999999995
1184 314120 2.399999999999999
1185 314420 2.399999999999999
1186 314720 2.4099999999999997
1187 315020 2.4299999999999997
1188 315199 2.4499999999999993
1189 315433 2.4499999999999993
1190 315733 2.4499999999999993
1191 315973 2.4699999999999998
1192 316202 2.4499999999999997
1193 316417 2.4299999999999997
1194 316556 2.4299999999999997
1195 316856 2.4299999999999997
1196 316992 2.419999999999999
1197 317170 2.4199999999999995
1198 317470 2.4199999999999995
1199 317745 2.4299999999999993
1200 317845 2.4299999999999993
1201 318145 2.4299999999999993
1202 318320 2.4199999999999995
1203 318620 2.4199999999999995
1204 318920 2.4399999999999995
1205 319096 2.4599999999999995
1206 319396 2.4599999999999995
1207 319696 2.4599999999999995
1208 319891 2.4699999999999993
1209 320175 2.4699999999999993
1210 320475 2.4699999999999993
1211 320643 2.4699999999999993
1212 320797 2.4699999999999993
1213 320922 2.4699999999999993
1214 321222 2.4699999999999993
1215 321484 2.4799999999999995
1216 321784 2.4599999999999995
1217 322084 2.479999999999999
1218 322193 2.4999999999999996
1219 322446 2.4999999999999996
1220 322746 2.499999999999999
1221 322845 2.5199999999999996
1222 323029 2.5199999999999996
1223 323184 2.5199999999999996
1224 323484 2.5199999999999996
1225 323784 2.539999999999999
1226 323993 2.5499999999999994
1227 324124 2.5499999999999994
1228 324293 2.5499999999999994
1229 324479 2.5499999999999994
1230 324779 2.5499999999999994
1231 325079 2.5699999999999994
1232 325247 2.589999999999999
1233 325382 2.589999999999999
1234 325569 2.589999999999999
1235 325836 2.589999999999999
1236 326136 2.589999999999999
1237 326317 2.6099999999999994
1238 326617 2.6099999999999994
1239 326783 2.629999999999999
1240 326933 2.609999999999999
1241 327091 2.609999999999999
1242 327391 2.609999999999999
1243 327691 2.6099999999999994
1244 327830 2.6099999999999994
1245 328130 2.6099999999999994
1246 328289 2.609999999999999
1247 328489 2.609999999999999
1248 328634 2.589999999999999
1249 328736 2.589999999999999
1250 329036 2.5899999999999994
1251 329336 2.6099999999999994
1252 329480 2.6299999999999994
1253 329659 2.6299999999999994
1254 329788 2.629999999999999
1255 329980 2.629999999999999
1256 330124 2.6299999999999994
1257 330424 2.6299999999999994
1258 330601 2.6499999999999995
1259 330901 2.6499999999999995
1260 331082 2.6699999999999995
1261 331215 2.6699999999999995
1262 331357 2.6699999999999995
1263 331516 2.6699999999999995
1264 331816 2.6699999999999995
1265 332000 2.6799999999999997
1266 332228 2.6799999999999997
1267 332481 2.6599999999999993
1268 332771 2.6599999999999993
1269 332962 2.6599999999999993
1270 333241 2.6599999999999993
1271 333394 2.6399999999999992
1272 333592 2.6399999999999992
1273 333792 2.6399999999999992
1274 334092 2.6399999999999992
1275 334209 2.6599999999999993
1276 334357 2.6599999999999993
1277 334475 2.6599999999999993
1278 334775 2.6599999999999993
1279 335043 2.6799999999999997
1280 335188 2.6699999999999995
1281 335277 2.6699999999999995
1282 335577 2.6699999999999995
1283 335850 2.6899999999999995
1284 336044 2.6799999999999993
1285 336344 2.6799999999999993
1286 336498 2.6899999999999995
1287 336718 2.6699999999999995
1288 336946 2.6699999999999995
1289 337058 2.6699999999999995
1290 337195 2.6699999999999995
1291 337495 2.669999999999999
1292 337795 2.689999999999999
1293 337959 2.709999999999999
1294 338227 2.709999999999999
1295 338527 2.6999999999999993
1296 338601 2.7199999999999993
1297 338778 2.7199999999999993
1298 338879 2.7199999999999993
1299 339103 2.719999999999999
1300 339343 2.719999999999999
1301 339643 2.719999999999999
1302 339791 2.7199999999999993
1303 340072 2.7199999999999993
1304 340278 2.7199999999999993
1305 340465 2.7199999999999993
1306 340765 2.6999999999999993
1307 341039 2.6999999999999993
1308 341249 2.6999999999999993
1309 341425 2.6999999999999993
1310 341725 2.699999999999999
1311 341859 2.719999999999999
1312 341981 2.719999999999999
1313 342090 2.719999999999999
1314 342387 2.719999999999999
1315 342687 2.719999999999999
1316 342864 2.7399999999999993
1317 343041 2.7399999999999993
1318 343335 2.7199999999999993
1319 343511 2.7199999999999993
1320 343691 2.7199999999999993
1321 343905 2.7199999999999993
1322 344069 2.7199999999999993
1323 344257 2.7199999999999993
1324 344531 2.719999999999999
1325 344831 2.719999999999999
1326 345048 2.7099999999999995
1327 345196 2.7099999999999995
1328 345371 2.6899999999999995
1329 345457 2.6899999999999995
1330 345684 2.689999999999999
1331 345855 2.689999999999999
1332 346099 2.6799999999999997
1333 346216 2.6799999999999997
1334 346426 2.6799999999999997
1335 346681 2.6799999999999997
1336 346777 2.679999999999999
1337 347008 2.679999999999999
1338 347233 2.679999999999999
1339 347533 2.679999999999999
1340 347742 2.6899999999999995
1341 347936 2.6799999999999997
1342 348236 2.67
1343 348536 2.6899999999999995
1344 348775 2.689999999999999
1345 349075 2.689999999999999
1346 349189 2.709999999999999
1347 349489 2.709999999999999
1348 349614 2.729999999999999
1349 349786 2.7199999999999993
1350 349937 2.719999999999999
1351 350060 2.719999999999999
1352 350237 2.7199999999999993
1353 350332 2.719999999999999
1354 350495 2.719999999999999
1355 350693 2.719999999999999
1356 350822 2.719999999999999
1357 350909 2.719999999999999
1358 351137 2.719999999999999
1359 351290 2.719999999999999
1360 351388 2.719999999999999
1361 351590 2.719999999999999
1362 351877 2.719999999999999
1363 352010 2.719999999999999
1364 352167 2.719999999999999
1365 352438 2.719999999999999
1366 352738 2.719999999999999
1367 353033 2.739999999999999
1368 353264 2.7199999999999993
1369 353471 2.7199999999999993
1370 353771 2.7199999999999993
1371 353939 2.719999999999999
1372 354108 2.7199999999999993
1373 354294 2.7199999999999993
1374 354513 2.7199999999999993
1375 354763 2.719999999999999
1376 354950 2.719999999999999
1377 355107 2.6999999999999993
1378 355271 2.6999999999999993
1379 355571 2.6999999999999993
1380 355812 2.7099999999999995
1381 356037 2.709999999999999
1382 356219 2.709999999999999
1383 356519 2.709999999999999
1384 356682 2.719999999999999
1385 356876 2.7199999999999993
1386 357176 2.6999999999999993
1387 357329 2.7199999999999993
1388 357567 2.6999999999999993
1389 357790 2.6999999999999993
1390 357898 2.6899999999999995
1391 358058 2.6799999999999993
1392 358159 2.6799999999999997
1393 358405 2.6799999999999997
1394 358705 2.6799999999999997
1395 358841 2.6899999999999995
1396 358957 2.6699999999999995
1397 359105 2.6499999999999995
1398 359395 2.6499999999999995
1399 359554 2.6499999999999995
1400 359649 2.629999999999999
1401 359949 2.6199999999999997
1402 360054 2.6399999999999997
1403 360140 2.619999999999999
1404 360401 2.6199999999999997
1405 360701 2.619999999999999
1406 361001 2.6399999999999992
1407 361254 2.6599999999999993
1408 361374 2.6599999999999993
1409 361652 2.6599999999999993
1410 361825 2.6599999999999993
1411 361994 2.6599999999999993
1412 362136 2.6599999999999993
1413 362345 2.6599999999999993
1414 362479 2.6599999999999993
1415 362697 2.6599999999999993
1416 362819 2.6599999999999993
1417 363119 2.6599999999999993
1418 363268 2.679999999999999
1419 363458 2.679999999999999
1420 363724 2.669999999999999
1421 363942 2.669999999999999
1422 364130 2.669999999999999
1423 364361 2.669999999999999
1424 364625 2.669999999999999
1425 364925 2.669999999999999
1426 365032 2.689999999999999
1427 365332 2.689999999999999
1428 365502 2.709999999999999
1429 365633 2.709999999999999
1430 365922 2.709999999999999
1431 366222 2.689999999999999
1432 366502 2.699999999999999
1433 366641 2.679999999999999
1434 366881 2.679999999999999
1435 367010 2.679999999999999
1436 367143 2.679999999999999
1437 367308 2.679999999999999
1438 367485 2.679999999999999
1439 367785 2.679999999999999
1440 368085 2.6899999999999995
1441 368385 2.6899999999999995
1442 368630 2.6999999999999993
1443 368930 2.6999999999999993
1444 369101 2.7199999999999993
1445 369278 2.719999999999999
1446 369508 2.719999999999999
1447 369762 2.719999999999999
1448 370062 2.719999999999999
1449 370167 2.729999999999999
1450 370449 2.7299999999999995
1451 370635 2.7299999999999995
1452 370766 2.729999999999999
1453 370974 2.729999999999999
1454 371271 2.729999999999999
1455 371395 2.7199999999999993
1456 371522 2.7199999999999998
1457 371698 2.7199999999999998
1458 371919 2.7199999999999998
1459 372186 2.719999999999999
1460 372364 2.719999999999999
1461 372484 2.719999999999999
1462 372657 2.7199999999999993
1463 372814 2.7199999999999993
1464 373002 2.7199999999999993
1465 373205 2.7199999999999993
1466 373362 2.7199999999999993
1467 373662 2.7199999999999993
1468 373853 2.7399999999999993
1469 374056 2.7399999999999993
1470 374356 2.7399999999999993
1471 374614 2.759999999999999
1472 374708 2.759999999999999
1473 374912 2.759999999999999
1474 375076 2.759999999999999
1475 375285 2.749999999999999
1476 375585 2.749999999999999
1477 375770 2.769999999999999
1478 376043 2.769999999999999
1479 376282 2.749999999999999
1480 376553 2.749999999999999
1481 376732 2.7499999999999987
1482 376836 2.7499999999999987
1483 377108 2.749999999999999
1484 377257 2.749999999999999
1485 377557 2.749999999999999
1486 377752 2.769999999999999
1487 378052 2.7599999999999993
1488 378212 2.7799999999999994
1489 378512 2.7799999999999994
1490 378812 2.789999999999999
1491 378917 2.799999999999999
1492 379053 2.799999999999999
1493 379270 2.799999999999999
1494 379481 2.799999999999999
1495 379781 2.799999999999999
1496 380081 2.8199999999999994
1497 380169 2.839999999999999
1498 380341 2.839999999999999
1499 380641 2.829999999999999
1500 380941 2.8299999999999996
1501 381090 2.8399999999999994
1502 381390 2.8199999999999994
1503 381644 2.829999999999999
1504 381941 2.829999999999999
1505 382076 2.8299999999999996
1506 382181 2.82
