1 300 1.29
2 600 1.29
3 900 1.29
4 1200 1.29
5 1500 1.29
6 1800 1.29
7 2100 1.29
8 2400 1.29
9 2700 1.29
10 3000 1.29
11 3300 1.29
12 3600 1.31
13 3900 1.33
14 4200 1.33
15 4500 1.33
16 4800 1.33
17 5100 1.33
18 5304 1.34
19 5604 1.34
20 5904 1.36
21 6204 1.36
22 6504 1.3600000000000003
23 6804 1.36
24 7104 1.37
25 7404 1.37
26 7704 1.37
27 8004 1.36
28 8304 1.37
29 8604 1.3700000000000003
30 8904 1.36
31 9204 1.36
32 9504 1.3800000000000003
33 9804 1.3800000000000001
34 10104 1.3800000000000001
35 10404 1.3900000000000003
36 10610 1.3900000000000003
37 10910 1.3700000000000003
38 11053 1.37
39 11353 1.35
40 11653 1.35
41 11953 1.35
42 12253 1.37
43 12553 1.3900000000000001
44 12853 1.4100000000000001
45 13153 1.4200000000000002
46 13453 1.4200000000000002
47 13753 1.4200000000000002
48 13970 1.4200000000000002
49 14270 1.4
50 14516 1.41
51 14816 1.3900000000000001
52 15116 1.3900000000000001
53 15327 1.4100000000000001
54 15627 1.3900000000000001
55 15927 1.4100000000000001
56 16227 1.4
57 16527 1.4
58 16827 1.4
59 17113 1.42
60 17413 1.4
61 17713 1.4
62 18013 1.4
63 18313 1.4
64 18613 1.39
65 18913 1.39
66 19213 1.39
67 19513 1.38
68 19755 1.38
69 20055 1.3599999999999999
70 20355 1.3599999999999999
71 20655 1.3599999999999999
72 20955 1.3599999999999999
73 21255 1.35
74 21489 1.35
75 21789 1.33
76 22089 1.33
77 22389 1.33
78 22526 1.33
79 22762 1.31
80 23062 1.29
81 23362 1.29
82 23662 1.29
83 23962 1.31
84 24262 1.3
85 24562 1.3
86 24862 1.3
87 25162 1.2999999999999998
88 25462 1.2999999999999998
89 25762 1.2999999999999998
90 26062 1.2999999999999998
91 26362 1.2999999999999998
92 26662 1.2999999999999998
93 26962 1.2999999999999998
94 27262 1.3199999999999998
95 27562 1.3199999999999998
96 27862 1.3299999999999998
97 28162 1.3399999999999999
98 28462 1.3399999999999999
99 28762 1.3599999999999999
100 29062 1.3599999999999999
101 29362 1.38
102 29662 1.38
103 29962 1.39
104 30262 1.39
105 30562 1.41
106 30862 1.4100000000000001
107 31162 1.4200000000000002
108 31462 1.4200000000000002
109 31762 1.4200000000000002
110 32062 1.4300000000000002
111 32352 1.44
112 32630 1.42
113 32930 1.42
114 33230 1.4200000000000002
115 33530 1.4200000000000002
116 33830 1.42
117 34130 1.42
118 34294 1.4300000000000002
119 34525 1.4100000000000001
120 34825 1.3900000000000001
121 35125 1.3900000000000001
122 35425 1.3900000000000001
123 35725 1.4100000000000001
124 36025 1.4
125 36325 1.4
126 36625 1.42
127 36925 1.42
128 37225 1.4100000000000001
129 37525 1.4200000000000002
130 37825 1.4200000000000002
131 38071 1.4200000000000002
132 38371 1.4000000000000001
133 38671 1.4
134 38971 1.4000000000000001
135 39271 1.4000000000000001
136 39571 1.4200000000000002
137 39871 1.4200000000000002
138 40171 1.4400000000000002
139 40471 1.4400000000000002
140 40771 1.44
141 40999 1.44
142 41278 1.4400000000000002
143 41570 1.4200000000000002
144 41870 1.4200000000000002
145 42170 1.4100000000000001
146 42470 1.4300000000000002
147 42770 1.4300000000000002
148 43070 1.4300000000000002
149 43370 1.4300000000000002
150 43670 1.42
151 43970 1.42
152 44130 1.4300000000000002
153 44430 1.4200000000000002
154 44700 1.42
155 45000 1.4
156 45300 1.4000000000000001
157 45600 1.4
158 45839 1.42
159 46139 1.42
160 46439 1.42
161 46739 1.42
162 47039 1.44
163 47339 1.46
164 47639 1.47
165 47939 1.47
166 48239 1.49
167 48539 1.49
168 48839 1.5
169 49139 1.5
170 49439 1.5
171 49739 1.5
172 50039 1.52
173 50339 1.52
174 50639 1.52
175 50939 1.52
176 51239 1.54
177 51539 1.54
178 51839 1.54
179 52139 1.54
180 52439 1.54
181 52739 1.54
182 53024 1.56
183 53324 1.54
184 53624 1.54
185 53924 1.54
186 54224 1.56
187 54524 1.58
188 54824 1.58
189 55124 1.6
190 55424 1.6
191 55724 1.62
192 56024 1.6400000000000001
193 56310 1.6400000000000001
194 56610 1.62
195 56910 1.6400000000000001
196 57210 1.6300000000000001
197 57510 1.62
198 57651 1.62
199 57951 1.6
200 58125 1.61
201 58425 1.59
202 58725 1.61
203 59025 1.61
204 59185 1.61
205 59485 1.59
206 59785 1.61
207 60085 1.62
208 60385 1.6400000000000001
209 60685 1.6400000000000001
210 60985 1.64
211 61285 1.6500000000000001
212 61524 1.6700000000000002
213 61824 1.6600000000000001
214 62124 1.6700000000000002
215 62424 1.6700000000000002
216 62724 1.6900000000000002
217 62967 1.6900000000000002
218 63267 1.67
219 63567 1.67
220 63867 1.67
221 64167 1.67
222 64428 1.69
223 64728 1.67
224 65028 1.6700000000000002
225 65139 1.67
226 65439 1.67
227 65739 1.68
228 66039 1.68
229 66339 1.6800000000000002
230 66639 1.68
231 66939 1.69
232 67239 1.69
233 67539 1.69
234 67839 1.69
235 68094 1.68
236 68394 1.6800000000000002
237 68611 1.7000000000000002
238 68911 1.7000000000000002
239 69211 1.7000000000000002
240 69511 1.7100000000000002
241 69740 1.7200000000000002
242 70040 1.7000000000000002
243 70219 1.7000000000000002
244 70519 1.68
245 70744 1.6800000000000002
246 71044 1.6600000000000001
247 71344 1.6800000000000002
248 71644 1.6900000000000002
249 71944 1.6900000000000002
250 72244 1.71
251 72544 1.71
252 72844 1.7000000000000002
253 73144 1.69
254 73444 1.71
255 73744 1.71
256 74044 1.71
257 74186 1.71
258 74365 1.71
259 74665 1.71
260 74965 1.73
261 75264 1.74
262 75495 1.74
263 75795 1.74
264 76095 1.73
265 76247 1.73
266 76547 1.71
267 76847 1.73
268 77147 1.74
269 77447 1.74
270 77747 1.75
271 77877 1.75
272 78177 1.73
273 78477 1.73
274 78777 1.73
275 78929 1.73
276 79229 1.73
277 79529 1.73
278 79829 1.73
279 80129 1.73
280 80429 1.75
281 80688 1.75
282 80988 1.73
283 81288 1.74
284 81588 1.74
285 81862 1.75
286 82059 1.73
287 82359 1.71
288 82600 1.7100000000000002
289 82900 1.69
290 83152 1.69
291 83326 1.69
292 83626 1.67
293 83926 1.67
294 84217 1.67
295 84517 1.67
296 84817 1.67
297 85117 1.69
298 85417 1.7
299 85717 1.7
300 86017 1.69
301 86287 1.69
302 86587 1.67
303 86887 1.6800000000000002
304 87187 1.6800000000000002
305 87460 1.6800000000000002
306 87710 1.6600000000000001
307 88001 1.6600000000000001
308 88301 1.6400000000000001
309 88601 1.6600000000000001
310 88850 1.6500000000000001
311 89050 1.6400000000000001
312 89350 1.6300000000000001
313 89650 1.6400000000000001
314 89950 1.6300000000000001
315 90229 1.6500000000000001
316 90529 1.6500000000000001
317 90829 1.6700000000000002
318 91129 1.6700000000000002
319 91429 1.6900000000000002
320 91729 1.6900000000000002
321 91937 1.71
322 92237 1.69
323 92537 1.6900000000000002
324 92837 1.7100000000000002
325 92954 1.73
326 93254 1.73
327 93554 1.7200000000000002
328 93854 1.7200000000000002
329 94154 1.73
330 94454 1.74
331 94754 1.7300000000000002
332 95054 1.7300000000000002
333 95354 1.7300000000000002
334 95654 1.73
335 95934 1.75
336 96184 1.74
337 96413 1.72
338 96713 1.7
339 97013 1.72
340 97313 1.71
341 97613 1.7200000000000002
342 97913 1.7400000000000002
343 98213 1.7400000000000002
344 98513 1.7600000000000002
345 98813 1.78
346 99040 1.78
347 99340 1.76
348 99640 1.77
349 99926 1.77
350 100226 1.75
351 100526 1.75
352 100826 1.77
353 101120 1.77
354 101420 1.75
355 101720 1.77
356 102020 1.79
357 102250 1.79
358 102438 1.77
359 102699 1.75
360 102999 1.73
361 103268 1.74
362 103442 1.72
363 103742 1.71
364 104042 1.73
365 104342 1.7500000000000002
366 104579 1.77
367 104688 1.75
368 104988 1.75
369 105288 1.77
370 105588 1.76
371 105888 1.78
372 106188 1.78
373 106488 1.78
374 106788 1.7899999999999998
375 106897 1.7999999999999998
376 107197 1.78
377 107497 1.78
378 107797 1.8
379 108012 1.8
380 108312 1.78
381 108612 1.8
382 108912 1.82
383 109212 1.81
384 109512 1.83
385 109812 1.82
386 110112 1.82
387 110412 1.84
388 110712 1.86
389 111012 1.8800000000000001
390 111309 1.8800000000000001
391 111609 1.86
392 111909 1.8800000000000001
393 112209 1.8800000000000001
394 112356 1.8800000000000001
395 112656 1.8800000000000001
396 112956 1.88
397 113256 1.88
398 113556 1.87
399 113856 1.87
400 114156 1.8900000000000001
401 114456 1.8900000000000001
402 114727 1.89
403 115027 1.8699999999999999
404 115327 1.89
405 115627 1.89
406 115878 1.91
407 116178 1.89
408 116313 1.91
409 116613 1.91
410 116913 1.93
411 117213 1.92
412 117341 1.91
413 117641 1.91
414 117890 1.91
415 118171 1.91
416 118409 1.91
417 118709 1.89
418 118856 1.89
419 119156 1.8699999999999999
420 119341 1.89
421 119641 1.8900000000000001
422 119941 1.9100000000000001
423 120081 1.9100000000000001
424 120268 1.8900000000000001
425 120459 1.8900000000000001
426 120759 1.8900000000000001
427 121059 1.8900000000000001
428 121233 1.8900000000000001
429 121533 1.8900000000000001
430 121833 1.88
431 122133 1.9000000000000001
432 122433 1.9000000000000001
433 122733 1.91
434 122922 1.93
435 123222 1.91
436 123522 1.9200000000000002
437 123822 1.94
438 124016 1.94
439 124316 1.92
440 124587 1.93
441 124788 1.91
442 125088 1.91
443 125369 1.93
444 125640 1.9200000000000002
445 125940 1.9000000000000001
446 126240 1.9000000000000001
447 126499 1.92
448 126799 1.92
449 127099 1.9200000000000002
450 127399 1.92
451 127610 1.94
452 127910 1.94
453 128210 1.94
454 128391 1.96
455 128523 1.96
456 128823 1.94
457 129123 1.95
458 129423 1.97
459 129723 1.99
460 130007 2.01
461 130307 2.01
462 130607 2.03
463 130907 2.0199999999999996
464 131176 2.0
465 131277 1.98
466 131577 1.96
467 131735 1.98
468 132007 1.96
469 132307 1.96
470 132418 1.9600000000000002
471 132718 1.9400000000000004
472 133018 1.9600000000000002
473 133318 1.98
474 133618 1.9900000000000002
475 133918 1.98
476 134218 2.0
477 134377 2.0
478 134677 1.9800000000000002
479 134977 2.0
480 135192 2.0
481 135457 2.0
482 135757 1.98
483 135880 2.0
484 136180 1.98
485 136480 1.98
486 136636 1.9800000000000002
487 136823 1.9800000000000002
488 137055 1.9800000000000002
489 137355 1.9600000000000002
490 137655 1.96
491 137835 1.98
492 138135 1.98
493 138435 1.98
494 138593 2.0
495 138893 2.0
496 139193 2.0
497 139493 2.0
498 139793 2.02
499 140089 2.0399999999999996
500 140389 2.03
501 140689 2.05
502 140989 2.0699999999999994
503 141205 2.0899999999999994
504 141505 2.0899999999999994
505 141746 2.0899999999999994
506 142046 2.0699999999999994
507 142340 2.069999999999999
508 142601 2.069999999999999
509 142836 2.0699999999999994
510 143136 2.0699999999999994
511 143436 2.0899999999999994
512 143636 2.0899999999999994
513 143936 2.0699999999999994
514 144176 2.089999999999999
515 144343 2.089999999999999
516 144643 2.0699999999999994
517 144943 2.0899999999999994
518 145243 2.089999999999999
519 145400 2.1099999999999994
520 145523 2.089999999999999
521 145709 2.089999999999999
522 146009 2.0699999999999994
523 146309 2.0699999999999994
524 146510 2.089999999999999
525 146682 2.069999999999999
526 146982 2.0699999999999994
527 147282 2.0899999999999994
528 147544 2.089999999999999
529 147844 2.0699999999999994
530 148070 2.0899999999999994
531 148370 2.0899999999999994
532 148670 2.089999999999999
533 148854 2.099999999999999
534 149154 2.079999999999999
535 149277 2.099999999999999
536 149475 2.079999999999999
537 149775 2.079999999999999
538 150075 2.079999999999999
539 150375 2.079999999999999
540 150675 2.089999999999999
541 150878 2.1099999999999994
542 150989 2.089999999999999
543 151289 2.0699999999999994
544 151589 2.059999999999999
545 151889 2.0699999999999994
546 152183 2.0699999999999994
547 152318 2.0499999999999994
548 152618 2.0299999999999994
549 152918 2.0299999999999994
550 153139 2.0299999999999994
551 153226 2.03
552 153526 2.03
553 153716 2.03
554 153982 2.03
555 154282 2.03
556 154582 2.03
557 154693 2.0399999999999996
558 154961 2.0199999999999996
559 155198 2.0
560 155371 1.98
561 155457 1.98
562 155757 1.9600000000000002
563 156057 1.9800000000000002
564 156357 1.99
565 156657 2.01
566 156935 2.03
567 157235 2.01
568 157365 2.01
569 157665 2.0100000000000002
570 157965 2.03
571 158228 2.05
572 158349 2.05
573 158636 2.03
574 158936 2.03
575 159152 2.03
576 159452 2.03
577 159752 2.03
578 159952 2.03
579 160252 2.03
580 160403 2.05
581 160703 2.05
582 160940 2.0699999999999994
583 161240 2.0699999999999994
584 161540 2.0899999999999994
585 161840 2.1099999999999994
586 161993 2.1099999999999994
587 162104 2.1099999999999994
588 162404 2.089999999999999
589 162704 2.0899999999999994
590 162992 2.1099999999999994
591 163198 2.0899999999999994
592 163498 2.069999999999999
593 163741 2.079999999999999
594 163988 2.0799999999999996
595 164288 2.0799999999999996
596 164518 2.079999999999999
597 164727 2.059999999999999
598 164889 2.059999999999999
599 165189 2.0599999999999996
600 165369 2.0499999999999994
601 165642 2.0499999999999994
602 165914 2.05
603 166121 2.03
604 166421 2.02
605 166721 2.0399999999999996
606 167021 2.0399999999999996
607 167240 2.0399999999999996
608 167443 2.0199999999999996
609 167579 2.01
610 167744 1.99
611 168044 1.99
612 168344 2.01
613 168592 2.03
614 168795 2.03
615 169095 2.03
616 169235 2.05
617 169535 2.03
618 169680 2.0299999999999994
619 169980 2.01
620 170152 2.01
621 170452 1.99
622 170752 1.99
623 171020 2.01
624 171320 2.0100000000000002
625 171459 2.03
626 171603 2.03
627 171903 2.01
628 172203 2.03
629 172390 2.03
630 172642 2.01
631 172942 2.0100000000000002
632 173135 2.02
633 173435 2.02
634 173635 2.0399999999999996
635 173935 2.0399999999999996
636 174092 2.0399999999999996
637 174392 2.0399999999999996
638 174692 2.0599999999999996
639 174959 2.07
640 175077 2.07
641 175377 2.0499999999999994
642 175677 2.0699999999999994
643 175977 2.0899999999999994
644 176277 2.109999999999999
645 176577 2.1099999999999994
646 176877 2.1099999999999994
647 177177 2.1299999999999994
648 177477 2.1299999999999994
649 177777 2.1499999999999995
650 177900 2.1499999999999995
651 178122 2.1499999999999995
652 178422 2.149999999999999
653 178656 2.1699999999999995
654 178940 2.149999999999999
655 179240 2.149999999999999
656 179513 2.1699999999999995
657 179813 2.1699999999999995
658 180113 2.1899999999999995
659 180413 2.209999999999999
660 180598 2.2099999999999995
661 180898 2.2099999999999995
662 181157 2.209999999999999
663 181457 2.209999999999999
664 181578 2.1999999999999993
665 181742 2.1999999999999993
666 182042 2.1999999999999993
667 182342 2.1999999999999993
668 182593 2.2199999999999993
669 182816 2.1999999999999993
670 183035 2.1799999999999993
671 183179 2.1599999999999993
672 183479 2.1399999999999992
673 183643 2.1399999999999992
674 183943 2.119999999999999
675 184103 2.1399999999999992
676 184403 2.1399999999999992
677 184703 2.1599999999999993
678 184853 2.1799999999999993
679 185023 2.1799999999999993
680 185283 2.1799999999999993
681 185505 2.1799999999999993
682 185686 2.1799999999999993
683 185877 2.1799999999999993
684 186083 2.1799999999999993
685 186383 2.1799999999999993
686 186516 2.1799999999999993
687 186816 2.1599999999999993
688 187116 2.1799999999999993
689 187257 2.1999999999999993
690 187557 2.1999999999999993
691 187857 2.2199999999999993
692 188157 2.2399999999999993
693 188417 2.249999999999999
694 188700 2.229999999999999
695 189000 2.229999999999999
696 189300 2.2499999999999996
697 189488 2.269999999999999
698 189712 2.269999999999999
699 190012 2.269999999999999
700 190118 2.289999999999999
701 190347 2.269999999999999
702 190647 2.269999999999999
703 190947 2.269999999999999
704 191213 2.2599999999999993
705 191513 2.239999999999999
706 191813 2.2599999999999993
707 192113 2.2599999999999993
708 192413 2.2799999999999994
709 192713 2.289999999999999
710 192986 2.289999999999999
711 193129 2.2699999999999996
712 193364 2.2699999999999996
713 193545 2.2699999999999996
714 193692 2.269999999999999
715 193890 2.2499999999999996
716 194190 2.2299999999999995
717 194490 2.249999999999999
718 194790 2.2699999999999996
719 195090 2.2899999999999996
720 195390 2.3099999999999996
721 195690 2.3199999999999994
722 195868 2.34
723 196071 2.32
724 196270 2.32
725 196375 2.299999999999999
726 196675 2.299999999999999
727 196783 2.319999999999999
728 197083 2.299999999999999
729 197383 2.319999999999999
730 197589 2.3399999999999994
731 197889 2.3399999999999994
732 198188 2.3499999999999996
733 198431 2.349999999999999
734 198671 2.349999999999999
735 198971 2.3299999999999996
736 199120 2.349999999999999
737 199245 2.3399999999999994
738 199545 2.3399999999999994
739 199844 2.3299999999999996
740 200144 2.3299999999999996
741 200398 2.349999999999999
742 200569 2.329999999999999
743 200722 2.3299999999999996
744 201022 2.3299999999999996
745 201322 2.3399999999999994
746 201531 2.3599999999999994
747 201831 2.3599999999999994
748 202038 2.3799999999999994
749 202338 2.359999999999999
750 202458 2.3599999999999994
751 202666 2.3399999999999994
752 202847 2.3199999999999994
753 203147 2.3199999999999994
754 203344 2.3399999999999994
755 203540 2.3399999999999994
756 203791 2.3399999999999994
757 203965 2.339999999999999
758 204110 2.339999999999999
759 204410 2.3199999999999994
760 204587 2.3399999999999994
761 204887 2.3399999999999994
762 205108 2.3399999999999994
763 205408 2.3399999999999994
764 205693 2.359999999999999
765 205909 2.359999999999999
766 206209 2.3599999999999994
767 206317 2.3599999999999994
768 206617 2.3399999999999994
769 206917 2.3599999999999994
770 207217 2.3799999999999994
771 207517 2.3999999999999995
772 207817 2.4199999999999995
773 208117 2.4399999999999995
774 208311 2.4599999999999995
775 208466 2.4399999999999995
776 208641 2.4199999999999995
777 208909 2.3999999999999995
778 209139 2.3999999999999995
779 209420 2.3999999999999995
780 209705 2.3999999999999995
781 209847 2.3999999999999995
782 210124 2.3999999999999995
783 210293 2.3999999999999995
784 210526 2.3999999999999995
785 210826 2.3999999999999995
786 211126 2.4199999999999995
787 211330 2.4399999999999995
788 211529 2.4199999999999995
789 211781 2.3999999999999995
790 211960 2.3899999999999997
791 212135 2.3699999999999997
792 212348 2.36
793 212648 2.36
794 212749 2.3799999999999994
795 212971 2.36
796 213216 2.3599999999999994
797 213312 2.3599999999999994
798 213494 2.3599999999999994
799 213718 2.3599999999999994
800 214018 2.3399999999999994
801 214181 2.3399999999999994
802 214481 2.3399999999999994
803 214781 2.3599999999999994
804 215081 2.3799999999999994
805 215344 2.3799999999999994
806 215644 2.3599999999999994
807 215794 2.3699999999999997
808 215965 2.369999999999999
809 216265 2.3499999999999996
810 216565 2.3699999999999997
811 216751 2.3899999999999992
812 217049 2.369999999999999
813 217260 2.369999999999999
814 217560 2.3699999999999997
815 217860 2.3899999999999992
816 218000 2.4099999999999993
817 218101 2.4099999999999993
818 218393 2.3899999999999992
819 218672 2.3899999999999992
820 218972 2.3899999999999992
821 219104 2.3999999999999995
822 219404 2.3999999999999995
823 219531 2.4199999999999995
824 219831 2.4199999999999995
825 220011 2.4199999999999995
826 220180 2.4199999999999995
827 220480 2.3999999999999995
828 220736 2.3999999999999995
829 220866 2.3999999999999995
830 221081 2.3999999999999995
831 221310 2.3999999999999995
832 221559 2.3799999999999994
833 221695 2.3799999999999994
834 221995 2.3799999999999994
835 222231 2.3799999999999994
836 222531 2.3599999999999994
837 222709 2.369999999999999
838 223009 2.369999999999999
839 223270 2.3899999999999992
840 223480 2.3699999999999997
841 223780 2.3699999999999997
842 223912 2.369999999999999
843 224056 2.369999999999999
844 224275 2.3499999999999996
845 224353 2.3299999999999996
846 224597 2.329999999999999
847 224758 2.329999999999999
848 225058 2.3099999999999996
849 225358 2.3299999999999996
850 225658 2.329999999999999
851 225958 2.3499999999999996
852 226110 2.3699999999999997
853 226387 2.369999999999999
854 226676 2.349999999999999
855 226908 2.349999999999999
856 227144 2.329999999999999
857 227404 2.309999999999999
858 227704 2.3099999999999996
859 227914 2.329999999999999
860 228085 2.3299999999999996
861 228385 2.329999999999999
862 228671 2.349999999999999
863 228800 2.349999999999999
864 229023 2.329999999999999
865 229157 2.3299999999999996
866 229457 2.3299999999999996
867 229757 2.349999999999999
868 229938 2.369999999999999
869 230083 2.369999999999999
870 230220 2.369999999999999
871 230449 2.369999999999999
872 230629 2.369999999999999
873 230753 2.369999999999999
874 231053 2.349999999999999
875 231353 2.369999999999999
876 231653 2.3899999999999992
877 231917 2.3899999999999992
878 232209 2.3899999999999992
879 232343 2.369999999999999
880 232452 2.369999999999999
881 232622 2.349999999999999
882 232889 2.349999999999999
883 233027 2.329999999999999
884 233318 2.309999999999999
885 233448 2.3099999999999996
886 233569 2.3099999999999996
887 233869 2.309999999999999
888 234169 2.329999999999999
889 234469 2.3499999999999996
890 234769 2.3599999999999994
891 235069 2.3799999999999994
892 235176 2.3899999999999997
893 235311 2.3899999999999997
894 235611 2.3899999999999997
895 235804 2.4099999999999993
896 235967 2.4099999999999993
897 236091 2.3899999999999992
898 236388 2.3899999999999992
899 236688 2.3899999999999992
900 236988 2.4099999999999997
901 237158 2.4299999999999997
902 237377 2.4299999999999997
903 237531 2.4299999999999997
904 237831 2.4299999999999997
905 238131 2.4499999999999993
906 238431 2.4499999999999997
907 238560 2.4399999999999995
908 238860 2.4399999999999995
909 239133 2.4399999999999995
910 239296 2.4199999999999995
911 239596 2.4199999999999995
912 239836 2.4399999999999995
913 240077 2.4399999999999995
914 240254 2.4399999999999995
915 240439 2.4399999999999995
916 240578 2.4399999999999995
917 240878 2.4399999999999995
918 241150 2.4399999999999995
919 241260 2.4399999999999995
920 241353 2.4399999999999995
921 241578 2.4399999999999995
922 241871 2.4399999999999995
923 242065 2.4199999999999995
924 242365 2.4199999999999995
925 242630 2.439999999999999
926 242930 2.439999999999999
927 243230 2.4599999999999995
928 243394 2.4799999999999995
929 243595 2.4799999999999995
930 243828 2.4599999999999995
931 244128 2.4599999999999995
932 244387 2.4799999999999995
933 244518 2.479999999999999
934 244818 2.4799999999999995
935 245118 2.4999999999999996
936 245225 2.5199999999999996
937 245336 2.519999999999999
938 245459 2.519999999999999
939 245759 2.4999999999999996
940 245887 2.519999999999999
941 246187 2.519999999999999
942 246459 2.5399999999999996
943 246759 2.539999999999999
944 247059 2.5599999999999996
945 247258 2.579999999999999
946 247490 2.559999999999999
947 247790 2.559999999999999
948 248060 2.5799999999999996
949 248360 2.5799999999999996
950 248522 2.5999999999999996
951 248725 2.5999999999999996
952 248890 2.5999999999999996
953 249190 2.5999999999999996
954 249469 2.619999999999999
955 249769 2.6199999999999997
956 250069 2.6399999999999997
957 250263 2.6599999999999993
958 250452 2.6599999999999993
959 250563 2.6599999999999993
960 250839 2.6599999999999993
961 251025 2.6599999999999993
962 251225 2.6599999999999993
963 251525 2.6399999999999992
964 251800 2.6599999999999993
965 251925 2.659999999999999
966 252095 2.659999999999999
967 252180 2.6599999999999993
968 252265 2.6599999999999993
969 252443 2.6599999999999993
970 252621 2.6599999999999993
971 252782 2.6599999999999993
972 252987 2.6599999999999993
973 253287 2.6599999999999993
974 253453 2.679999999999999
975 253620 2.679999999999999
976 253920 2.659999999999999
977 254139 2.6799999999999993
978 254439 2.6799999999999993
979 254625 2.679999999999999
980 254925 2.679999999999999
981 255162 2.699999999999999
982 255462 2.699999999999999
983 255762 2.719999999999999
984 255846 2.739999999999999
985 256034 2.739999999999999
986 256144 2.739999999999999
987 256236 2.739999999999999
988 256503 2.739999999999999
989 256665 2.739999999999999
990 256860 2.739999999999999
991 257027 2.719999999999999
992 257139 2.699999999999999
993 257268 2.699999999999999
994 257350 2.699999999999999
995 257538 2.699999999999999
996 257838 2.6999999999999993
997 257950 2.719999999999999
998 258110 2.719999999999999
999 258410 2.719999999999999
1000 258633 2.699999999999999
1001 258733 2.699999999999999
1002 258905 2.679999999999999
1003 259096 2.679999999999999
1004 259270 2.6799999999999993
1005 259570 2.6799999999999993
1006 259870 2.699999999999999
1007 260024 2.719999999999999
1008 260324 2.699999999999999
1009 260624 2.7199999999999993
1010 260907 2.739999999999999
1011 261040 2.739999999999999
1012 261147 2.739999999999999
1013 261258 2.739999999999999
1014 261407 2.739999999999999
1015 261702 2.739999999999999
1016 261835 2.719999999999999
1017 262135 2.719999999999999
1018 262275 2.739999999999999
1019 262509 2.739999999999999
1020 262635 2.739999999999999
1021 262742 2.739999999999999
1022 263042 2.7399999999999993
1023 263295 2.759999999999999
1024 263380 2.739999999999999
1025 263483 2.739999999999999
1026 263593 2.739999999999999
1027 263704 2.739999999999999
1028 263805 2.739999999999999
1029 264105 2.739999999999999
1030 264361 2.759999999999999
1031 264661 2.759999999999999
1032 264769 2.759999999999999
1033 264946 2.739999999999999
1034 265069 2.739999999999999
1035 265344 2.739999999999999
1036 265448 2.729999999999999
1037 265671 2.729999999999999
1038 265971 2.709999999999999
1039 266066 2.729999999999999
1040 266313 2.729999999999999
1041 266486 2.729999999999999
1042 266610 2.729999999999999
1043 266787 2.7199999999999993
1044 266998 2.7199999999999993
1045 267298 2.6999999999999993
1046 267466 2.7199999999999993
1047 267557 2.6999999999999993
1048 267686 2.6999999999999993
1049 267930 2.6999999999999993
1050 268155 2.6999999999999993
1051 268409 2.6799999999999993
1052 268643 2.6799999999999993
1053 268930 2.6599999999999993
1054 269022 2.6399999999999992
1055 269155 2.6399999999999992
1056 269323 2.6399999999999992
1057 269567 2.6399999999999992
1058 269682 2.619999999999999
1059 269919 2.6099999999999994
1060 270157 2.6099999999999994
1061 270313 2.6099999999999994
1062 270613 2.6099999999999994
1063 270879 2.629999999999999
1064 270980 2.629999999999999
1065 271273 2.629999999999999
1066 271569 2.619999999999999
1067 271657 2.619999999999999
1068 271757 2.619999999999999
1069 271889 2.599999999999999
1070 272106 2.599999999999999
1071 272333 2.579999999999999
1072 272432 2.579999999999999
1073 272700 2.5799999999999996
1074 272822 2.5799999999999996
1075 273122 2.5599999999999996
1076 273265 2.5599999999999996
1077 273437 2.5599999999999996
1078 273737 2.5599999999999996
1079 273930 2.5799999999999996
1080 274047 2.5799999999999996
1081 274190 2.5799999999999996
1082 274382 2.5799999999999996
1083 274658 2.5599999999999996
1084 274840 2.5399999999999996
1085 275103 2.5199999999999996
1086 275309 2.5199999999999996
1087 275435 2.5199999999999996
1088 275553 2.5199999999999996
1089 275701 2.5199999999999996
1090 276001 2.4999999999999996
1091 276301 2.5199999999999996
1092 276547 2.5399999999999996
1093 276659 2.5399999999999996
1094 276872 2.5399999999999996
1095 276958 2.5399999999999996
1096 277127 2.5399999999999996
1097 277282 2.5399999999999996
1098 277400 2.5399999999999996
1099 277700 2.5399999999999996
1100 277844 2.5599999999999996
1101 278144 2.5599999999999996
1102 278338 2.579999999999999
1103 278610 2.579999999999999
1104 278803 2.559999999999999
1105 279085 2.559999999999999
1106 279197 2.559999999999999
1107 279497 2.539999999999999
1108 279572 2.559999999999999
1109 279753 2.559999999999999
1110 279968 2.559999999999999
1111 280090 2.559999999999999
1112 280205 2.559999999999999
1113 280503 2.559999999999999
1114 280680 2.5399999999999996
1115 280980 2.5399999999999996
1116 281097 2.559999999999999
1117 281292 2.559999999999999
1118 281576 2.559999999999999
1119 281730 2.5599999999999996
1120 281870 2.5599999999999996
1121 282009 2.5599999999999996
1122 282098 2.5599999999999996
1123 282398 2.5599999999999996
1124 282598 2.559999999999999
1125 282788 2.559999999999999
1126 283027 2.559999999999999
1127 283145 2.559999999999999
1128 283221 2.5399999999999996
1129 283385 2.5399999999999996
1130 283467 2.5399999999999996
1131 283698 2.5399999999999996
1132 283998 2.5399999999999996
1133 284095 2.5599999999999996
1134 284217 2.5599999999999996
1135 284517 2.5599999999999996
1136 284804 2.5699999999999994
1137 285104 2.5699999999999994
1138 285288 2.569999999999999
1139 285444 2.5699999999999994
1140 285638 2.5699999999999994
1141 285857 2.569999999999999
1142 286157 2.5499999999999994
1143 286448 2.559999999999999
1144 286748 2.559999999999999
1145 286887 2.579999999999999
1146 287187 2.559999999999999
1147 287347 2.579999999999999
1148 287468 2.579999999999999
1149 287638 2.579999999999999
1150 287938 2.579999999999999
1151 288038 2.5999999999999996
1152 288338 2.5999999999999996
1153 288638 2.599999999999999
1154 288779 2.619999999999999
1155 288932 2.619999999999999
1156 289173 2.619999999999999
1157 289473 2.599999999999999
1158 289773 2.619999999999999
1159 290002 2.6299999999999994
1160 290092 2.6099999999999994
1161 290237 2.6099999999999994
1162 290476 2.6099999999999994
1163 290660 2.609999999999999
1164 290739 2.6099999999999994
1165 291039 2.6099999999999994
1166 291253 2.6199999999999997
1167 291370 2.599999999999999
1168 291670 2.599999999999999
1169 291764 2.6199999999999997
1170 292064 2.6199999999999997
1171 292228 2.6399999999999992
1172 292353 2.639999999999999
1173 292439 2.6399999999999992
1174 292739 2.6399999999999997
1175 293039 2.6599999999999993
1176 293246 2.6599999999999993
1177 293349 2.6599999999999993
1178 293581 2.6599999999999993
1179 293865 2.6599999999999993
1180 294012 2.6599999999999993
1181 294271 2.6599999999999993
1182 294571 2.6399999999999992
1183 294871 2.6599999999999993
1184 295171 2.6799999999999993
1185 295299 2.699999999999999
1186 295392 2.6999999999999993
1187 295488 2.6999999999999993
1188 295738 2.6999999999999993
1189 296038 2.6999999999999993
1190 296145 2.719999999999999
1191 296316 2.719999999999999
1192 296540 2.719999999999999
1193 296766 2.699999999999999
1194 297058 2.699999999999999
1195 297253 2.699999999999999
1196 297363 2.6999999999999993
1197 297477 2.6999999999999993
1198 297637 2.6999999999999993
1199 297863 2.6999999999999993
1200 298051 2.6999999999999993
1201 298137 2.6999999999999993
1202 298267 2.6999999999999993
1203 298567 2.6799999999999993
1204 298723 2.699999999999999
1205 298828 2.699999999999999
1206 299128 2.699999999999999
1207 299243 2.719999999999999
1208 299349 2.719999999999999
1209 299527 2.719999999999999
1210 299668 2.699999999999999
1211 299859 2.699999999999999
1212 299958 2.699999999999999
1213 300258 2.699999999999999
1214 300359 2.719999999999999
1215 300445 2.719999999999999
1216 300588 2.719999999999999
1217 300768 2.719999999999999
1218 301030 2.719999999999999
1219 301120 2.719999999999999
1220 301214 2.719999999999999
1221 301307 2.719999999999999
1222 301548 2.719999999999999
1223 301848 2.719999999999999
1224 302028 2.7399999999999993
1225 302120 2.7399999999999993
1226 302276 2.739999999999999
1227 302576 2.739999999999999
1228 302763 2.759999999999999
1229 302887 2.759999999999999
1230 302984 2.759999999999999
1231 303214 2.759999999999999
1232 303354 2.759999999999999
1233 303558 2.759999999999999
1234 303710 2.759999999999999
1235 303797 2.759999999999999
1236 303917 2.759999999999999
1237 304217 2.759999999999999
1238 304375 2.779999999999999
1239 304477 2.779999999999999
1240 304556 2.7799999999999994
1241 304856 2.7799999999999994
1242 305118 2.799999999999999
1243 305318 2.799999999999999
1244 305470 2.799999999999999
1245 305770 2.799999999999999
1246 305970 2.819999999999999
1247 306131 2.819999999999999
1248 306273 2.819999999999999
1249 306443 2.819999999999999
1250 306549 2.819999999999999
1251 306699 2.819999999999999
1252 306999 2.819999999999999
1253 307213 2.839999999999999
1254 307443 2.839999999999999
1255 307644 2.839999999999999
1256 307944 2.839999999999999
1257 308124 2.859999999999999
1258 308264 2.859999999999999
1259 308564 2.859999999999999
1260 308680 2.879999999999999
1261 308846 2.879999999999999
1262 309064 2.879999999999999
1263 309184 2.879999999999999
1264 309351 2.879999999999999
1265 309440 2.879999999999999
1266 309740 2.879999999999999
1267 309839 2.899999999999999
1268 309957 2.899999999999999
1269 310055 2.879999999999999
1270 310184 2.879999999999999
1271 310278 2.879999999999999
1272 310385 2.879999999999999
1273 310514 2.879999999999999
1274 310593 2.879999999999999
1275 310893 2.879999999999999
1276 310960 2.899999999999999
1277 311115 2.899999999999999
1278 311408 2.899999999999999
1279 311494 2.899999999999999
1280 311695 2.899999999999999
1281 311995 2.899999999999999
1282 312107 2.899999999999999
1283 312223 2.899999999999999
1284 312318 2.899999999999999
1285 312464 2.899999999999999
1286 312577 2.899999999999999
1287 312718 2.899999999999999
1288 312812 2.899999999999999
1289 312940 2.899999999999999
1290 313096 2.899999999999999
1291 313234 2.899999999999999
1292 313534 2.899999999999999
1293 313639 2.919999999999999
1294 313759 2.919999999999999
1295 313883 2.919999999999999
1296 313975 2.919999999999999
1297 314251 2.919999999999999
1298 314426 2.919999999999999
1299 314624 2.919999999999999
1300 314760 2.919999999999999
1301 314846 2.919999999999999
1302 315146 2.919999999999999
1303 315301 2.939999999999999
1304 315414 2.939999999999999
1305 315556 2.939999999999999
1306 315651 2.939999999999999
1307 315727 2.939999999999999
1308 315902 2.939999999999999
1309 316202 2.939999999999999
1310 316317 2.959999999999999
1311 316477 2.959999999999999
1312 316700 2.959999999999999
1313 316851 2.959999999999999
1314 317058 2.959999999999999
1315 317230 2.959999999999999
1316 317321 2.959999999999999
1317 317505 2.959999999999999
1318 317633 2.959999999999999
1319 317737 2.939999999999999
1320 318023 2.939999999999999
1321 318111 2.939999999999999
1322 318341 2.939999999999999
1323 318465 2.939999999999999
1324 318684 2.939999999999999
1325 318983 2.939999999999999
1326 319065 2.939999999999999
1327 319329 2.939999999999999
1328 319583 2.939999999999999
1329 319755 2.939999999999999
1330 319890 2.939999999999999
1331 319997 2.919999999999999
1332 320195 2.919999999999999
1333 320488 2.919999999999999
1334 320598 2.899999999999999
1335 320691 2.899999999999999
1336 320793 2.899999999999999
1337 320933 2.879999999999999
1338 321221 2.879999999999999
1339 321334 2.879999999999999
1340 321445 2.879999999999999
1341 321527 2.879999999999999
1342 321638 2.879999999999999
1343 321753 2.879999999999999
1344 321858 2.879999999999999
1345 322003 2.879999999999999
1346 322134 2.879999999999999
1347 322251 2.879999999999999
1348 322388 2.879999999999999
1349 322534 2.879999999999999
1350 322627 2.879999999999999
1351 322806 2.879999999999999
1352 322994 2.879999999999999
1353 323187 2.879999999999999
1354 323325 2.879999999999999
1355 323450 2.879999999999999
1356 323540 2.879999999999999
1357 323632 2.879999999999999
1358 323756 2.879999999999999
1359 323980 2.879999999999999
1360 324146 2.879999999999999
1361 324272 2.879999999999999
1362 324367 2.879999999999999
1363 324562 2.879999999999999
1364 324694 2.879999999999999
1365 324894 2.879999999999999
1366 325054 2.879999999999999
1367 325131 2.879999999999999
1368 325431 2.879999999999999
1369 325541 2.899999999999999
1370 325639 2.899999999999999
1371 325733 2.899999999999999
1372 325834 2.899999999999999
1373 326043 2.899999999999999
1374 326137 2.899999999999999
1375 326315 2.899999999999999
1376 326408 2.899999999999999
1377 326526 2.899999999999999
1378 326682 2.899999999999999
1379 326963 2.899999999999999
1380 327137 2.899999999999999
1381 327437 2.899999999999999
1382 327593 2.919999999999999
1383 327690 2.919999999999999
1384 327765 2.919999999999999
1385 327854 2.919999999999999
1386 328046 2.919999999999999
1387 328149 2.919999999999999
1388 328377 2.919999999999999
1389 328444 2.919999999999999
1390 328518 2.919999999999999
1391 328616 2.919999999999999
1392 328807 2.919999999999999
1393 328913 2.919999999999999
1394 329113 2.919999999999999
1395 329307 2.919999999999999
1396 329487 2.919999999999999
1397 329583 2.919999999999999
1398 329849 2.919999999999999
1399 329934 2.899999999999999
1400 330116 2.899999999999999
1401 330254 2.899999999999999
1402 330438 2.899999999999999
1403 330565 2.899999999999999
1404 330645 2.899999999999999
1405 330740 2.899999999999999
1406 330843 2.899999999999999
1407 330943 2.899999999999999
1408 331035 2.899999999999999
1409 331111 2.899999999999999
1410 331196 2.899999999999999
1411 331282 2.899999999999999
1412 331524 2.899999999999999
1413 331643 2.899999999999999
1414 331759 2.899999999999999
1415 331915 2.899999999999999
1416 332060 2.899999999999999
1417 332291 2.899999999999999
1418 332591 2.899999999999999
1419 332688 2.919999999999999
1420 332907 2.919999999999999
1421 333148 2.899999999999999
1422 333232 2.899999999999999
1423 333409 2.899999999999999
1424 333504 2.899999999999999
1425 333637 2.899999999999999
1426 333735 2.899999999999999
1427 333821 2.899999999999999
1428 333903 2.899999999999999
1429 334163 2.899999999999999
1430 334463 2.899999999999999
1431 334581 2.919999999999999
1432 334714 2.919999999999999
1433 335014 2.919999999999999
1434 335141 2.939999999999999
1435 335280 2.939999999999999
1436 335580 2.939999999999999
1437 335821 2.959999999999999
1438 336044 2.959999999999999
1439 336256 2.959999999999999
1440 336462 2.9499999999999993
1441 336686 2.9499999999999993
1442 336815 2.9499999999999993
1443 337004 2.9499999999999993
1444 337104 2.9499999999999993
1445 337211 2.9499999999999993
1446 337305 2.9499999999999993
1447 337428 2.9499999999999993
1448 337511 2.9499999999999993
1449 337599 2.9499999999999993
1450 337763 2.9499999999999993
1451 337904 2.9499999999999993
1452 338034 2.9499999999999993
1453 338150 2.9499999999999993
1454 338237 2.9499999999999993
1455 338425 2.9499999999999993
1456 338627 2.9499999999999993
1457 338734 2.9499999999999993
1458 338829 2.9499999999999993
1459 338998 2.9499999999999993
1460 339102 2.9499999999999993
1461 339189 2.9499999999999993
1462 339337 2.9499999999999993
1463 339452 2.9499999999999993
1464 339608 2.9499999999999993
1465 339774 2.9499999999999993
1466 339854 2.9499999999999993
1467 340015 2.9499999999999993
1468 340140 2.9499999999999993
1469 340277 2.9499999999999993
1470 340391 2.9499999999999993
1471 340645 2.9499999999999993
1472 340920 2.9499999999999993
1473 341190 2.9499999999999993
1474 341323 2.9499999999999993
1475 341407 2.9499999999999993
1476 341524 2.9499999999999993
1477 341633 2.9499999999999993
1478 341734 2.9499999999999993
1479 341812 2.9499999999999993
1480 341899 2.9499999999999993
1481 341992 2.9499999999999993
1482 342182 2.9499999999999993
1483 342306 2.9499999999999993
1484 342533 2.9499999999999993
1485 342607 2.9499999999999993
1486 342690 2.9499999999999993
1487 342798 2.9499999999999993
1488 343024 2.9499999999999993
1489 343199 2.9499999999999993
1490 343315 2.9499999999999993
1491 343555 2.9499999999999993
1492 343630 2.9499999999999993
1493 343835 2.9499999999999993
1494 343921 2.9499999999999993
1495 344050 2.9499999999999993
1496 344144 2.9499999999999993
1497 344410 2.9499999999999993
1498 344710 2.9499999999999993
1499 344806 2.969999999999999
1500 344906 2.969999999999999
1501 345039 2.969999999999999
1502 345147 2.969999999999999
1503 345337 2.969999999999999
1504 345444 2.969999999999999
1505 345581 2.969999999999999
1506 345716 2.969999999999999
1507 345875 2.969999999999999
1508 345997 2.969999999999999
1509 346088 2.969999999999999
1510 346295 2.969999999999999
1511 346377 2.969999999999999
1512 346527 2.969999999999999
1513 346633 2.969999999999999
1514 346807 2.969999999999999
1515 346972 2.969999999999999
1516 347099 2.969999999999999
1517 347184 2.969999999999999
1518 347260 2.969999999999999
1519 347455 2.969999999999999
1520 347755 2.969999999999999
1521 347856 2.9899999999999993
1522 347992 2.9899999999999993
1523 348070 2.9899999999999993
1524 348161 2.9899999999999993
1525 348302 2.9899999999999993
1526 348453 2.9899999999999993
1527 348625 2.9899999999999993
1528 348713 2.9899999999999993
1529 348811 2.9899999999999993
1530 348976 2.9899999999999993
1531 349179 2.9899999999999993
1532 349448 2.9899999999999993
1533 349552 2.9899999999999993
1534 349692 2.9899999999999993
1535 349773 2.9899999999999993
1536 349861 2.9899999999999993
1537 349974 2.9899999999999993
1538 350168 2.9899999999999993
1539 350468 2.9899999999999993
1540 350544 2.999999999999999
1541 350659 2.999999999999999
1542 350764 2.999999999999999
1543 350857 2.999999999999999
1544 350969 2.999999999999999
1545 351202 2.999999999999999
1546 351362 2.999999999999999
1547 351498 2.999999999999999
1548 351655 2.999999999999999
1549 351766 2.999999999999999
1550 351849 2.999999999999999
1551 351949 2.999999999999999
1552 352153 2.999999999999999
1553 352278 2.999999999999999
1554 352350 2.999999999999999
1555 352480 2.999999999999999
1556 352728 2.999999999999999
1557 352995 2.999999999999999
1558 353227 2.999999999999999
1559 353423 2.999999999999999
1560 353511 2.999999999999999
1561 353635 2.999999999999999
1562 353738 2.999999999999999
1563 353930 2.999999999999999
1564 354037 2.999999999999999
1565 354174 2.999999999999999
1566 354285 2.999999999999999
1567 354372 2.999999999999999
1568 354475 2.999999999999999
1569 354568 2.999999999999999
1570 354801 2.999999999999999
1571 354885 2.999999999999999
1572 355020 2.999999999999999
1573 355135 2.999999999999999
1574 355249 2.999999999999999
1575 355372 2.999999999999999
1576 355537 2.999999999999999
1577 355637 2.999999999999999
1578 355779 2.999999999999999
1579 355963 2.999999999999999
1580 356102 2.999999999999999
1581 356322 2.999999999999999
1582 356434 2.999999999999999
1583 356533 2.999999999999999
1584 356614 2.999999999999999
1585 356839 2.999999999999999
1586 356938 2.999999999999999
1587 357058 2.999999999999999
1588 357165 2.999999999999999
1589 357298 2.999999999999999
1590 357390 2.999999999999999
1591 357481 2.999999999999999
1592 357741 2.999999999999999
1593 357866 2.999999999999999
1594 358035 2.999999999999999
1595 358199 2.999999999999999
1596 358338 2.999999999999999
1597 358474 2.999999999999999
1598 358583 2.999999999999999
1599 358709 2.999999999999999
1600 358906 2.999999999999999
1601 359076 2.999999999999999
1602 359309 2.999999999999999
1603 359443 2.999999999999999
1604 359639 2.999999999999999
1605 359774 2.999999999999999
1606 359958 2.999999999999999
1607 360075 2.999999999999999
1608 360139 2.999999999999999
1609 360275 2.999999999999999
1610 360371 2.999999999999999
1611 360524 2.999999999999999
1612 360620 2.999999999999999
1613 360730 2.999999999999999
1614 360812 2.999999999999999
1615 360895 2.999999999999999
1616 361006 2.999999999999999
1617 361088 2.999999999999999
1618 361251 2.999999999999999
1619 361375 2.999999999999999
1620 361480 2.999999999999999
1621 361583 2.999999999999999
1622 361724 2.999999999999999
1623 361919 2.999999999999999
1624 362052 2.999999999999999
1625 362244 2.999999999999999
1626 362342 2.999999999999999
1627 362460 2.999999999999999
1628 362585 2.999999999999999
1629 362737 2.999999999999999
1630 362862 2.999999999999999
1631 362995 2.999999999999999
1632 363192 2.999999999999999
1633 363288 2.999999999999999
1634 363418 2.999999999999999
1635 363531 2.999999999999999
1636 363655 2.999999999999999
1637 363751 2.999999999999999
1638 363857 2.979999999999999
1639 363966 2.979999999999999
1640 364087 2.979999999999999
1641 364200 2.979999999999999
1642 364294 2.979999999999999
1643 364371 2.979999999999999
1644 364454 2.979999999999999
1645 364552 2.979999999999999
1646 364665 2.979999999999999
1647 364911 2.979999999999999
1648 365018 2.979999999999999
1649 365251 2.979999999999999
1650 365365 2.979999999999999
1651 365477 2.979999999999999
1652 365613 2.979999999999999
1653 365750 2.979999999999999
1654 365850 2.979999999999999
1655 366118 2.979999999999999
1656 366321 2.979999999999999
1657 366403 2.979999999999999
1658 366497 2.979999999999999
1659 366593 2.979999999999999
1660 366682 2.979999999999999
1661 366756 2.979999999999999
1662 366901 2.979999999999999
1663 366996 2.979999999999999
1664 367129 2.979999999999999
1665 367215 2.979999999999999
1666 367311 2.979999999999999
1667 367413 2.979999999999999
1668 367548 2.979999999999999
1669 367612 2.979999999999999
1670 367686 2.979999999999999
1671 367795 2.979999999999999
1672 367922 2.979999999999999
1673 368040 2.979999999999999
1674 368108 2.979999999999999
1675 368241 2.979999999999999
1676 368401 2.979999999999999
1677 368516 2.979999999999999
1678 368658 2.979999999999999
1679 368803 2.979999999999999
1680 368924 2.979999999999999
1681 369073 2.979999999999999
1682 369159 2.979999999999999
1683 369274 2.979999999999999
1684 369389 2.979999999999999
1685 369480 2.959999999999999
1686 369583 2.959999999999999
1687 369697 2.959999999999999
1688 369843 2.959999999999999
1689 369965 2.959999999999999
1690 370041 2.959999999999999
1691 370136 2.959999999999999
1692 370257 2.959999999999999
1693 370360 2.959999999999999
1694 370451 2.959999999999999
1695 370542 2.959999999999999
1696 370669 2.959999999999999
1697 370793 2.959999999999999
1698 370880 2.959999999999999
1699 371001 2.959999999999999
1700 371123 2.959999999999999
1701 371220 2.959999999999999
1702 371345 2.959999999999999
1703 371469 2.959999999999999
1704 371601 2.959999999999999
1705 371697 2.959999999999999
1706 371810 2.959999999999999
1707 372102 2.959999999999999
1708 372269 2.959999999999999
1709 372400 2.959999999999999
1710 372478 2.959999999999999
1711 372591 2.959999999999999
1712 372706 2.959999999999999
1713 372787 2.959999999999999
1714 372874 2.959999999999999
1715 372949 2.959999999999999
1716 373037 2.959999999999999
1717 373141 2.959999999999999
1718 373345 2.959999999999999
1719 373525 2.959999999999999
1720 373632 2.959999999999999
1721 373699 2.959999999999999
1722 373802 2.959999999999999
1723 373907 2.959999999999999
1724 373993 2.959999999999999
1725 374100 2.959999999999999
1726 374197 2.959999999999999
1727 374302 2.959999999999999
1728 374410 2.959999999999999
1729 374513 2.959999999999999
1730 374587 2.959999999999999
1731 374802 2.959999999999999
1732 374915 2.959999999999999
1733 374997 2.959999999999999
1734 375095 2.959999999999999
1735 375207 2.959999999999999
1736 375299 2.959999999999999
1737 375599 2.959999999999999
1738 375712 2.979999999999999
1739 375817 2.979999999999999
1740 375922 2.979999999999999
1741 376052 2.979999999999999
1742 376161 2.979999999999999
1743 376320 2.979999999999999
1744 376491 2.979999999999999
1745 376591 2.979999999999999
1746 376710 2.979999999999999
1747 376876 2.979999999999999
1748 377004 2.979999999999999
1749 377183 2.959999999999999
1750 377309 2.959999999999999
1751 377443 2.959999999999999
1752 377589 2.959999999999999
1753 377715 2.959999999999999
1754 377806 2.959999999999999
1755 377920 2.959999999999999
1756 378108 2.959999999999999
1757 378196 2.959999999999999
1758 378312 2.959999999999999
1759 378426 2.959999999999999
1760 378561 2.959999999999999
1761 378674 2.959999999999999
1762 378834 2.959999999999999
1763 378920 2.959999999999999
1764 379070 2.959999999999999
1765 379245 2.959999999999999
1766 379344 2.959999999999999
1767 379419 2.959999999999999
1768 379560 2.959999999999999
1769 379711 2.959999999999999
1770 379893 2.959999999999999
1771 379992 2.959999999999999
1772 380161 2.959999999999999
1773 380307 2.959999999999999
1774 380446 2.959999999999999
1775 380548 2.959999999999999
1776 380637 2.959999999999999
1777 380715 2.959999999999999
1778 380815 2.959999999999999
1779 380923 2.959999999999999
1780 381051 2.959999999999999
1781 381178 2.959999999999999
1782 381272 2.959999999999999
1783 381361 2.959999999999999
1784 381661 2.959999999999999
1785 381748 2.979999999999999
1786 381848 2.979999999999999
1787 382052 2.979999999999999
1788 382174 2.979999999999999
1789 382292 2.979999999999999
1790 382446 2.979999999999999
1791 382513 2.959999999999999
1792 382681 2.959999999999999
1793 382774 2.959999999999999
1794 382857 2.959999999999999
1795 383037 2.959999999999999
1796 383233 2.959999999999999
1797 383345 2.959999999999999
1798 383471 2.959999999999999
1799 383593 2.959999999999999
1800 383676 2.959999999999999
1801 383812 2.959999999999999
1802 383896 2.959999999999999
1803 383996 2.959999999999999
1804 384081 2.959999999999999
1805 384223 2.959999999999999
1806 384313 2.959999999999999
1807 384504 2.959999999999999
1808 384643 2.959999999999999
1809 384817 2.959999999999999
1810 385059 2.959999999999999
1811 385177 2.959999999999999
1812 385338 2.959999999999999
1813 385606 2.959999999999999
1814 385716 2.959999999999999
1815 385886 2.959999999999999
1816 386030 2.959999999999999
1817 386166 2.959999999999999
1818 386279 2.959999999999999
1819 386409 2.959999999999999
1820 386576 2.959999999999999
1821 386684 2.959999999999999
1822 386811 2.959999999999999
1823 386955 2.959999999999999
1824 387050 2.959999999999999
1825 387237 2.959999999999999
1826 387364 2.959999999999999
1827 387518 2.959999999999999
1828 387610 2.959999999999999
