1 300 1.1700000000000002
2 600 1.1700000000000002
3 900 1.1700000000000002
4 1200 1.1600000000000001
5 1500 1.1700000000000002
6 1800 1.1700000000000002
7 2100 1.1700000000000002
8 2400 1.1700000000000002
9 2700 1.1700000000000002
10 3000 1.1900000000000002
11 3300 1.1900000000000002
12 3600 1.1900000000000002
13 3900 1.1900000000000002
14 4200 1.1900000000000002
15 4500 1.1900000000000002
16 4800 1.1900000000000002
17 5100 1.1900000000000002
18 5400 1.1900000000000002
19 5700 1.1900000000000002
20 6000 1.1900000000000002
21 6300 1.2000000000000002
22 6600 1.2000000000000002
23 6900 1.2000000000000002
24 7200 1.2200000000000002
25 7500 1.2200000000000002
26 7800 1.2200000000000002
27 8100 1.2200000000000002
28 8400 1.2200000000000002
29 8700 1.2200000000000002
30 9000 1.2200000000000002
31 9300 1.2400000000000002
32 9600 1.2400000000000002
33 9875 1.2400000000000002
34 10175 1.2200000000000002
35 10475 1.2200000000000002
36 10775 1.2200000000000002
37 11075 1.2200000000000002
38 11375 1.2200000000000002
39 11675 1.2200000000000002
40 11975 1.2300000000000002
41 12275 1.2300000000000002
42 12575 1.2400000000000002
43 12875 1.2400000000000002
44 13175 1.2300000000000002
45 13475 1.2300000000000002
46 13775 1.2300000000000002
47 14075 1.2300000000000002
48 14375 1.2500000000000002
49 14675 1.2700000000000002
50 14975 1.2700000000000002
51 15275 1.2600000000000002
52 15575 1.2600000000000002
53 15875 1.2500000000000002
54 16175 1.2500000000000002
55 16475 1.2700000000000002
56 16775 1.2700000000000002
57 17075 1.2600000000000002
58 17375 1.2800000000000002
59 17675 1.2800000000000002
60 17975 1.2800000000000002
61 18275 1.2800000000000002
62 18575 1.2800000000000002
63 18875 1.3000000000000003
64 19175 1.3000000000000003
65 19475 1.3200000000000003
66 19775 1.3200000000000003
67 20075 1.3200000000000003
68 20375 1.32
69 20675 1.33
70 20975 1.3500000000000003
71 21128 1.37
72 21428 1.36
73 21728 1.36
74 22028 1.3600000000000003
75 22328 1.36
76 22628 1.3599999999999999
77 22928 1.3599999999999999
78 23228 1.36
79 23528 1.38
80 23828 1.3900000000000001
81 24081 1.4000000000000001
82 24381 1.4000000000000004
83 24681 1.4100000000000004
84 24981 1.4300000000000002
85 25281 1.45
86 25581 1.45
87 25881 1.45
88 26181 1.45
89 26481 1.47
90 26781 1.49
91 27081 1.5100000000000002
92 27381 1.5300000000000002
93 27681 1.53
94 27981 1.53
95 28281 1.52
96 28581 1.52
97 28881 1.54
98 29181 1.54
99 29481 1.54
100 29781 1.56
101 30081 1.56
102 30381 1.56
103 30681 1.56
104 30981 1.58
105 31281 1.59
106 31581 1.61
107 31881 1.6300000000000001
108 32181 1.6500000000000001
109 32421 1.6700000000000002
110 32721 1.6500000000000001
111 33021 1.6700000000000002
112 33321 1.6700000000000002
113 33621 1.6700000000000002
114 33921 1.6700000000000002
115 34221 1.6700000000000002
116 34521 1.6800000000000002
117 34821 1.6900000000000002
118 35121 1.6900000000000002
119 35421 1.7100000000000002
120 35721 1.7100000000000002
121 36021 1.7200000000000002
122 36321 1.7300000000000002
123 36530 1.7300000000000002
124 36830 1.7100000000000002
125 37130 1.7100000000000002
126 37430 1.71
127 37730 1.71
128 38030 1.71
129 38330 1.73
130 38550 1.73
131 38850 1.71
132 39150 1.72
133 39450 1.72
134 39750 1.72
135 40050 1.72
136 40350 1.7300000000000002
137 40650 1.7500000000000002
138 40950 1.7700000000000002
139 41250 1.79
140 41550 1.79
141 41850 1.79
142 42150 1.8
143 42450 1.81
144 42750 1.8300000000000003
145 43050 1.85
146 43350 1.85
147 43639 1.87
148 43798 1.85
149 44098 1.83
150 44398 1.83
151 44698 1.84
152 44998 1.84
153 45298 1.84
154 45514 1.85
155 45814 1.83
156 46114 1.83
157 46401 1.83
158 46701 1.83
159 47001 1.83
160 47301 1.83
161 47601 1.83
162 47797 1.83
163 48097 1.81
164 48369 1.81
165 48669 1.81
166 48969 1.83
167 49269 1.83
168 49544 1.85
169 49690 1.83
170 49918 1.81
171 50218 1.79
172 50518 1.7800000000000002
173 50818 1.77
174 51118 1.77
175 51418 1.77
176 51718 1.77
177 52018 1.77
178 52197 1.79
179 52311 1.77
180 52513 1.75
181 52792 1.73
182 53092 1.71
183 53319 1.7
184 53608 1.6800000000000002
185 53908 1.6600000000000001
186 54208 1.6600000000000001
187 54508 1.6800000000000002
188 54730 1.6800000000000002
189 55018 1.6600000000000001
190 55218 1.66
191 55471 1.6500000000000001
192 55771 1.6300000000000001
193 56071 1.6300000000000001
194 56371 1.6300000000000001
195 56671 1.65
196 56934 1.6500000000000001
197 57234 1.6500000000000001
198 57534 1.6700000000000002
199 57702 1.6700000000000002
200 58002 1.6700000000000002
201 58302 1.6700000000000002
202 58602 1.69
203 58774 1.69
204 59008 1.6700000000000002
205 59305 1.6700000000000002
206 59449 1.6500000000000001
207 59705 1.6300000000000001
208 59885 1.61
209 60185 1.59
210 60417 1.59
211 60717 1.59
212 61017 1.59
213 61317 1.61
214 61617 1.61
215 61917 1.61
216 62217 1.6
217 62517 1.6
218 62762 1.6
219 63062 1.58
220 63265 1.58
221 63565 1.58
222 63865 1.59
223 64165 1.59
224 64465 1.59
225 64765 1.59
226 65065 1.5899999999999999
227 65365 1.5899999999999999
228 65524 1.59
229 65824 1.57
230 66124 1.57
231 66424 1.57
232 66724 1.56
233 67024 1.58
234 67324 1.58
235 67624 1.58
236 67850 1.57
237 68006 1.55
238 68204 1.54
239 68504 1.52
240 68804 1.53
241 69095 1.53
242 69395 1.51
243 69601 1.52
244 69746 1.52
245 70046 1.5
246 70320 1.51
247 70620 1.49
248 70920 1.51
249 71220 1.51
250 71520 1.51
251 71820 1.51
252 72120 1.51
253 72355 1.51
254 72655 1.49
255 72955 1.49
256 73255 1.49
257 73377 1.49
258 73677 1.49
259 73977 1.49
260 74277 1.49
261 74577 1.5
262 74877 1.5
263 75177 1.5
264 75422 1.5
265 75604 1.48
266 75904 1.46
267 76091 1.47
268 76391 1.47
269 76691 1.47
270 76991 1.47
271 77291 1.47
272 77591 1.47
273 77891 1.47
274 78191 1.48
275 78491 1.48
276 78791 1.48
277 78947 1.5
278 79247 1.5
279 79547 1.51
280 79847 1.51
281 80147 1.51
282 80447 1.51
283 80747 1.51
284 81047 1.51
285 81347 1.51
286 81600 1.51
287 81900 1.49
288 82200 1.49
289 82405 1.49
290 82705 1.49
291 83005 1.48
292 83305 1.5
293 83605 1.52
294 83779 1.52
295 84079 1.5
296 84214 1.5
297 84434 1.5
298 84734 1.48
299 85033 1.5
300 85333 1.48
301 85585 1.48
302 85885 1.48
303 86185 1.48
304 86448 1.5
305 86748 1.48
306 87048 1.48
307 87348 1.48
308 87648 1.48
309 87948 1.48
310 88224 1.48
311 88524 1.48
312 88733 1.48
313 89033 1.48
314 89333 1.48
315 89633 1.48
316 89933 1.48
317 90233 1.47
318 90533 1.47
319 90833 1.4900000000000002
320 91027 1.5100000000000002
321 91282 1.49
322 91582 1.47
323 91882 1.4700000000000002
324 92182 1.4900000000000002
325 92482 1.4900000000000002
326 92782 1.4900000000000002
327 93082 1.4900000000000002
328 93382 1.4900000000000002
329 93682 1.49
330 93982 1.51
331 94282 1.53
332 94575 1.54
333 94875 1.5200000000000002
334 95175 1.5400000000000003
335 95475 1.54
336 95775 1.56
337 96075 1.56
338 96375 1.5499999999999998
339 96606 1.5699999999999998
340 96906 1.56
341 97206 1.58
342 97480 1.59
343 97761 1.57
344 98061 1.55
345 98361 1.57
346 98661 1.56
347 98934 1.58
348 99234 1.56
349 99534 1.56
350 99834 1.58
351 100134 1.57
352 100434 1.59
353 100734 1.61
354 101034 1.61
355 101334 1.61
356 101634 1.61
357 101761 1.61
358 102061 1.59
359 102361 1.59
360 102661 1.61
361 102961 1.61
362 103261 1.61
363 103561 1.6300000000000001
364 103861 1.6300000000000001
365 104161 1.63
366 104461 1.63
367 104698 1.6400000000000001
368 104998 1.62
369 105298 1.6400000000000001
370 105598 1.6400000000000001
371 105898 1.6400000000000001
372 106198 1.6400000000000001
373 106498 1.6400000000000001
374 106798 1.63
375 107098 1.63
376 107313 1.63
377 107611 1.6300000000000001
378 107911 1.61
379 108211 1.6
380 108511 1.62
381 108811 1.6400000000000001
382 109111 1.6400000000000001
383 109411 1.6400000000000001
384 109711 1.6400000000000001
385 110011 1.6600000000000001
386 110311 1.6600000000000001
387 110611 1.6600000000000001
388 110911 1.6600000000000001
389 111157 1.6600000000000001
390 111457 1.6400000000000001
391 111643 1.6600000000000001
392 111847 1.6600000000000001
393 112147 1.6400000000000001
394 112447 1.6400000000000001
395 112747 1.6400000000000001
396 112969 1.6600000000000001
397 113269 1.6400000000000001
398 113469 1.6600000000000001
399 113769 1.6400000000000001
400 114069 1.6600000000000001
401 114365 1.6600000000000001
402 114665 1.6400000000000001
403 114906 1.6400000000000001
404 115206 1.62
405 115506 1.6400000000000001
406 115806 1.6400000000000001
407 116106 1.6400000000000001
408 116406 1.6400000000000001
409 116706 1.6600000000000001
410 116952 1.6800000000000002
411 117252 1.6800000000000002
412 117506 1.6800000000000002
413 117806 1.6800000000000002
414 118106 1.6800000000000002
415 118406 1.6800000000000002
416 118706 1.7000000000000002
417 119006 1.7000000000000002
418 119134 1.7100000000000002
419 119392 1.6900000000000002
420 119692 1.6700000000000002
421 119992 1.6700000000000002
422 120292 1.67
423 120577 1.67
424 120877 1.6500000000000001
425 121177 1.6500000000000001
426 121477 1.6500000000000001
427 121777 1.6500000000000001
428 122077 1.6700000000000002
429 122304 1.6700000000000002
430 122466 1.6700000000000002
431 122766 1.6500000000000001
432 123066 1.6400000000000001
433 123256 1.6600000000000001
434 123556 1.6400000000000001
435 123825 1.6400000000000001
436 124125 1.6400000000000001
437 124425 1.6600000000000001
438 124674 1.6800000000000002
439 124974 1.6600000000000001
440 125270 1.6500000000000001
441 125570 1.63
442 125870 1.6400000000000001
443 126170 1.6600000000000001
444 126324 1.6800000000000002
445 126624 1.6600000000000001
446 126838 1.6600000000000001
447 127138 1.6400000000000001
448 127438 1.6600000000000001
449 127639 1.6800000000000002
450 127939 1.6600000000000001
451 128189 1.6600000000000001
452 128428 1.6400000000000001
453 128728 1.64
454 129028 1.6600000000000001
455 129328 1.6600000000000001
456 129628 1.6600000000000001
457 129928 1.6800000000000002
458 130228 1.6800000000000002
459 130469 1.7000000000000002
460 130769 1.6800000000000002
461 131069 1.69
462 131350 1.71
463 131650 1.7100000000000002
464 131950 1.7100000000000002
465 132250 1.7100000000000002
466 132483 1.7300000000000002
467 132783 1.7100000000000002
468 132923 1.7100000000000002
469 133223 1.6900000000000002
470 133523 1.7100000000000002
471 133823 1.7100000000000002
472 134123 1.7300000000000002
473 134423 1.7300000000000002
474 134723 1.7300000000000002
475 135023 1.7300000000000002
476 135317 1.73
477 135617 1.71
478 135917 1.7100000000000002
479 136092 1.7300000000000002
480 136352 1.71
481 136652 1.69
482 136952 1.6900000000000002
483 137252 1.7100000000000002
484 137550 1.71
485 137850 1.69
486 138150 1.71
487 138450 1.73
488 138750 1.73
489 139050 1.74
490 139297 1.74
491 139543 1.72
492 139843 1.7
493 140143 1.7000000000000002
494 140443 1.7000000000000002
495 140594 1.7000000000000002
496 140894 1.7000000000000002
497 141103 1.7200000000000002
498 141403 1.7000000000000002
499 141608 1.7000000000000002
500 141908 1.68
501 142208 1.7
502 142508 1.7000000000000002
503 142808 1.7200000000000002
504 143070 1.7400000000000002
505 143370 1.7200000000000002
506 143670 1.7400000000000002
507 143970 1.7400000000000002
508 144225 1.7599999999999998
509 144465 1.7599999999999998
510 144724 1.7400000000000002
511 145024 1.7300000000000002
512 145193 1.75
513 145493 1.73
514 145793 1.7300000000000002
515 146015 1.7300000000000002
516 146315 1.71
517 146615 1.71
518 146915 1.7000000000000002
519 147215 1.7000000000000002
520 147515 1.7000000000000002
521 147815 1.72
522 148115 1.7400000000000002
523 148415 1.7400000000000002
524 148715 1.74
525 149015 1.7399999999999998
526 149315 1.74
527 149474 1.76
528 149774 1.76
529 150068 1.76
530 150368 1.76
531 150668 1.76
532 150912 1.76
533 151212 1.76
534 151512 1.76
535 151765 1.7600000000000002
536 151855 1.7400000000000002
537 152026 1.7400000000000002
538 152326 1.7200000000000002
539 152626 1.72
540 152926 1.74
541 153226 1.76
542 153506 1.76
543 153774 1.7400000000000002
544 154074 1.7400000000000002
545 154374 1.76
546 154674 1.7800000000000002
547 154838 1.8000000000000003
548 155069 1.8000000000000003
549 155369 1.7800000000000002
550 155669 1.7800000000000002
551 155969 1.7800000000000002
552 156182 1.78
553 156374 1.7600000000000002
554 156674 1.7400000000000002
555 156974 1.7400000000000002
556 157249 1.7400000000000002
557 157549 1.7200000000000002
558 157791 1.7200000000000002
559 158091 1.7200000000000002
560 158236 1.7400000000000002
561 158441 1.7400000000000002
562 158640 1.7400000000000002
563 158940 1.7400000000000002
564 159240 1.7400000000000002
565 159386 1.7600000000000002
566 159686 1.7600000000000002
567 159986 1.7800000000000002
568 160286 1.8000000000000003
569 160551 1.8
570 160851 1.7800000000000002
571 161149 1.7800000000000002
572 161449 1.7600000000000002
573 161749 1.7800000000000002
574 162049 1.7800000000000002
575 162349 1.7800000000000002
576 162649 1.7900000000000003
577 162949 1.8
578 163226 1.82
579 163526 1.8
580 163826 1.8
581 164126 1.7999999999999998
582 164366 1.7999999999999998
583 164666 1.7799999999999998
584 164966 1.7799999999999998
585 165231 1.7999999999999998
586 165469 1.7999999999999998
587 165769 1.7999999999999998
588 166069 1.8199999999999998
589 166369 1.82
590 166669 1.8199999999999998
591 166969 1.82
592 167269 1.82
593 167569 1.8199999999999998
594 167869 1.8199999999999998
595 168028 1.8199999999999998
596 168325 1.8199999999999998
597 168625 1.8
598 168925 1.82
599 169225 1.84
600 169488 1.8599999999999999
601 169788 1.86
602 170029 1.8600000000000003
603 170284 1.84
604 170584 1.8399999999999999
605 170814 1.8399999999999999
606 171114 1.8200000000000003
607 171340 1.83
608 171447 1.8099999999999998
609 171747 1.81
610 172047 1.8300000000000003
611 172208 1.82
612 172508 1.81
613 172808 1.81
614 173108 1.83
615 173408 1.85
616 173708 1.87
617 174008 1.87
618 174308 1.87
619 174608 1.8800000000000001
620 174892 1.9000000000000001
621 175127 1.9000000000000001
622 175427 1.8800000000000001
623 175727 1.9000000000000001
624 176027 1.9
625 176327 1.9
626 176520 1.92
627 176682 1.9
628 176982 1.9
629 177264 1.9
630 177564 1.9000000000000001
631 177864 1.9000000000000001
632 177996 1.92
633 178296 1.92
634 178596 1.92
635 178896 1.94
636 179168 1.94
637 179468 1.92
638 179768 1.94
639 180045 1.96
640 180268 1.96
641 180428 1.94
642 180728 1.92
643 180988 1.92
644 181218 1.92
645 181475 1.92
646 181662 1.92
647 181861 1.9200000000000002
648 182161 1.9000000000000001
649 182461 1.9
650 182761 1.9
651 183061 1.9000000000000001
652 183361 1.9200000000000002
653 183661 1.94
654 183961 1.96
655 184261 1.96
656 184561 1.98
657 184861 1.98
658 185063 1.98
659 185348 1.96
660 185609 1.94
661 185810 1.94
662 186070 1.92
663 186370 1.92
664 186538 1.94
665 186659 1.93
666 186901 1.9100000000000001
667 187068 1.8900000000000001
668 187368 1.8900000000000001
669 187668 1.8900000000000001
670 187968 1.8900000000000001
671 188268 1.8900000000000001
672 188545 1.8900000000000001
673 188845 1.8800000000000001
674 189145 1.8800000000000001
675 189445 1.8800000000000001
676 189745 1.88
677 190026 1.87
678 190326 1.85
679 190626 1.8699999999999999
680 190926 1.8900000000000001
681 191226 1.8900000000000001
682 191526 1.9100000000000001
683 191826 1.9300000000000002
684 192005 1.9500000000000002
685 192218 1.9500000000000002
686 192364 1.9400000000000002
687 192530 1.9400000000000002
688 192830 1.9200000000000002
689 193130 1.93
690 193430 1.9500000000000002
691 193730 1.9500000000000002
692 194030 1.9500000000000002
693 194330 1.9500000000000002
694 194630 1.9500000000000002
695 194902 1.9700000000000002
696 195202 1.9700000000000002
697 195358 1.9700000000000002
698 195513 1.9700000000000002
699 195674 1.9500000000000002
700 195896 1.9300000000000002
701 196196 1.9300000000000002
702 196496 1.9500000000000002
703 196743 1.9500000000000002
704 197043 1.9500000000000002
705 197343 1.9700000000000002
706 197643 1.9700000000000002
707 197943 1.9600000000000002
708 198103 1.9800000000000002
709 198347 1.96
710 198647 1.94
711 198947 1.9400000000000002
712 199247 1.9300000000000002
713 199544 1.9500000000000002
714 199774 1.9400000000000002
715 200043 1.9400000000000002
716 200343 1.9300000000000002
717 200643 1.9300000000000002
718 200943 1.93
719 201138 1.9400000000000002
720 201376 1.94
721 201676 1.94
722 201869 1.96
723 202169 1.94
724 202469 1.94
725 202637 1.94
726 202937 1.92
727 203110 1.94
728 203410 1.94
729 203563 1.94
730 203863 1.94
731 204054 1.94
732 204273 1.92
733 204573 1.92
734 204697 1.94
735 204997 1.92
736 205297 1.94
737 205451 1.94
738 205748 1.92
739 206017 1.9200000000000002
740 206317 1.9200000000000002
741 206617 1.94
742 206917 1.95
743 207178 1.9500000000000002
744 207384 1.9300000000000004
745 207563 1.9100000000000001
746 207826 1.8900000000000001
747 208126 1.87
748 208426 1.87
749 208726 1.87
750 209026 1.87
751 209200 1.8900000000000001
752 209430 1.87
753 209663 1.85
754 209963 1.85
755 210203 1.85
756 210503 1.83
757 210803 1.83
758 211103 1.83
759 211403 1.83
760 211616 1.83
761 211916 1.81
762 212155 1.82
763 212415 1.8
764 212715 1.8
765 213015 1.8099999999999998
766 213315 1.81
767 213490 1.81
768 213790 1.79
769 214090 1.79
770 214390 1.81
771 214690 1.82
772 214990 1.83
773 215290 1.8199999999999998
774 215590 1.8399999999999999
775 215890 1.84
776 216190 1.85
777 216490 1.8499999999999999
778 216729 1.8499999999999999
779 216971 1.83
780 217271 1.81
781 217436 1.82
782 217626 1.82
783 217827 1.82
784 218000 1.8
785 218300 1.7800000000000002
786 218556 1.79
787 218856 1.79
788 219031 1.81
789 219293 1.8
790 219593 1.8
791 219893 1.8
792 220193 1.82
793 220493 1.8200000000000003
794 220722 1.82
795 221011 1.8
796 221311 1.78
797 221590 1.78
798 221890 1.76
799 222190 1.76
800 222447 1.7600000000000002
801 222545 1.7400000000000002
802 222845 1.7400000000000002
803 223033 1.7600000000000002
804 223289 1.7600000000000002
805 223589 1.7400000000000002
806 223889 1.76
807 224009 1.78
808 224309 1.7800000000000002
809 224609 1.7800000000000002
810 224909 1.7800000000000002
811 225209 1.8000000000000003
812 225426 1.8000000000000003
813 225726 1.8000000000000003
814 225895 1.8
815 226195 1.8
816 226495 1.79
817 226795 1.81
818 227033 1.81
819 227169 1.81
820 227270 1.79
821 227568 1.79
822 227868 1.79
823 228168 1.81
824 228468 1.83
825 228768 1.83
826 228982 1.83
827 229199 1.81
828 229499 1.8
829 229725 1.81
830 230025 1.8100000000000003
831 230325 1.8100000000000003
832 230524 1.8200000000000003
833 230736 1.8100000000000003
834 231036 1.79
835 231291 1.79
836 231591 1.7900000000000003
837 231891 1.8000000000000003
838 232057 1.8200000000000003
839 232216 1.8200000000000003
840 232432 1.8200000000000003
841 232732 1.8200000000000003
842 233032 1.81
843 233332 1.83
844 233632 1.8500000000000003
845 233932 1.8700000000000003
846 234232 1.8900000000000001
847 234532 1.8900000000000001
848 234832 1.9100000000000001
849 235132 1.9300000000000002
850 235244 1.9400000000000002
851 235544 1.9200000000000002
852 235844 1.9400000000000002
853 236136 1.9400000000000002
854 236436 1.94
855 236736 1.96
856 237036 1.96
857 237336 1.96
858 237636 1.98
859 237936 2.0
860 238236 2.02
861 238536 2.0199999999999996
862 238836 2.03
863 238997 2.0499999999999994
864 239245 2.03
865 239545 2.03
866 239845 2.0499999999999994
867 240145 2.0699999999999994
868 240445 2.0899999999999994
869 240598 2.089999999999999
870 240898 2.089999999999999
871 241198 2.079999999999999
872 241498 2.0699999999999994
873 241629 2.089999999999999
874 241929 2.079999999999999
875 242212 2.099999999999999
876 242512 2.0799999999999996
877 242812 2.099999999999999
878 243112 2.119999999999999
879 243412 2.1399999999999992
880 243712 2.1599999999999993
881 243869 2.169999999999999
882 244078 2.169999999999999
883 244378 2.169999999999999
884 244678 2.1899999999999995
885 244854 2.209999999999999
886 245021 2.209999999999999
887 245226 2.1999999999999993
888 245526 2.1999999999999993
889 245758 2.1899999999999995
890 246058 2.1799999999999997
891 246198 2.1799999999999997
892 246498 2.1599999999999997
893 246798 2.1799999999999997
894 247098 2.1999999999999993
895 247398 2.2199999999999993
896 247698 2.2399999999999993
897 247998 2.2399999999999993
898 248298 2.2399999999999993
899 248598 2.2599999999999993
900 248898 2.2599999999999993
901 249106 2.2799999999999994
902 249374 2.2799999999999994
903 249592 2.2799999999999994
904 249892 2.2799999999999994
905 250174 2.2999999999999994
906 250312 2.2999999999999994
907 250604 2.2999999999999994
908 250904 2.2799999999999994
909 251204 2.2999999999999994
910 251404 2.2999999999999994
911 251704 2.2999999999999994
912 251933 2.2999999999999994
913 252233 2.2999999999999994
914 252515 2.309999999999999
915 252815 2.289999999999999
916 253029 2.309999999999999
917 253329 2.309999999999999
918 253540 2.3099999999999996
919 253840 2.289999999999999
920 253992 2.309999999999999
921 254149 2.289999999999999
922 254401 2.289999999999999
923 254662 2.2899999999999996
924 254962 2.2699999999999996
925 255262 2.2899999999999996
926 255562 2.289999999999999
927 255862 2.3099999999999996
928 256162 2.3199999999999994
929 256429 2.3299999999999996
930 256729 2.329999999999999
931 257029 2.3499999999999996
932 257329 2.3599999999999994
933 257629 2.369999999999999
934 257929 2.3899999999999997
935 258180 2.4099999999999993
936 258480 2.4099999999999993
937 258688 2.3999999999999995
938 258876 2.3999999999999995
939 258971 2.3999999999999995
940 259219 2.3999999999999995
941 259519 2.3999999999999995
942 259770 2.419999999999999
943 259974 2.4199999999999995
944 260096 2.4199999999999995
945 260268 2.4199999999999995
946 260568 2.4199999999999995
947 260731 2.4399999999999995
948 260868 2.4399999999999995
949 261168 2.4399999999999995
950 261468 2.4299999999999993
951 261730 2.4499999999999993
952 262030 2.4299999999999993
953 262312 2.4499999999999993
954 262520 2.4499999999999993
955 262820 2.4499999999999993
956 263120 2.4699999999999993
957 263410 2.4699999999999993
958 263516 2.4499999999999993
959 263731 2.4499999999999993
960 264031 2.4499999999999993
961 264217 2.4699999999999993
962 264414 2.4499999999999993
963 264714 2.4299999999999993
964 264953 2.4499999999999993
965 265251 2.4499999999999993
966 265359 2.4499999999999993
967 265487 2.4499999999999993
968 265787 2.4499999999999993
969 266085 2.4499999999999993
970 266385 2.4499999999999993
971 266685 2.4699999999999993
972 266933 2.4899999999999993
973 267233 2.4899999999999993
974 267368 2.499999999999999
975 267668 2.499999999999999
976 267796 2.5199999999999996
977 268086 2.51
978 268334 2.51
979 268504 2.51
980 268709 2.51
981 268829 2.5099999999999993
982 268950 2.489999999999999
983 269180 2.4899999999999993
984 269402 2.4899999999999998
985 269569 2.4699999999999993
986 269869 2.4699999999999993
987 269988 2.479999999999999
988 270288 2.479999999999999
989 270588 2.4899999999999993
990 270888 2.4999999999999996
991 271188 2.5199999999999996
992 271337 2.5399999999999996
993 271472 2.539999999999999
994 271565 2.539999999999999
995 271733 2.539999999999999
996 272033 2.539999999999999
997 272333 2.5399999999999996
998 272452 2.539999999999999
999 272752 2.539999999999999
1000 272909 2.559999999999999
1001 273065 2.539999999999999
1002 273251 2.539999999999999
1003 273390 2.5199999999999987
1004 273513 2.519999999999999
1005 273682 2.519999999999999
1006 273944 2.519999999999999
1007 274244 2.519999999999999
1008 274428 2.519999999999999
1009 274728 2.519999999999999
1010 274953 2.5199999999999996
1011 275253 2.5099999999999993
1012 275509 2.5299999999999994
1013 275789 2.5299999999999994
1014 276089 2.5299999999999994
1015 276194 2.529999999999999
1016 276397 2.5299999999999994
1017 276697 2.5299999999999994
1018 276997 2.5499999999999994
1019 277153 2.5699999999999994
1020 277453 2.5699999999999994
1021 277644 2.5699999999999994
1022 277777 2.569999999999999
1023 278077 2.569999999999999
1024 278277 2.5899999999999994
1025 278577 2.5899999999999994
1026 278864 2.6099999999999994
1027 279098 2.5999999999999996
1028 279304 2.5999999999999996
1029 279449 2.5999999999999996
1030 279592 2.5899999999999994
1031 279837 2.5699999999999994
1032 280075 2.55
1033 280268 2.55
1034 280431 2.5499999999999994
1035 280663 2.5499999999999994
1036 280963 2.5499999999999994
1037 281135 2.5699999999999994
1038 281389 2.5499999999999994
1039 281542 2.5499999999999994
1040 281760 2.5499999999999994
1041 281931 2.5499999999999994
1042 282089 2.5499999999999994
1043 282367 2.5499999999999994
1044 282628 2.5299999999999994
1045 282810 2.5199999999999996
1046 283049 2.52
1047 283165 2.5
1048 283339 2.4999999999999996
1049 283639 2.4899999999999993
1050 283937 2.5099999999999993
1051 284237 2.51
1052 284411 2.5199999999999996
1053 284547 2.5199999999999996
1054 284687 2.5199999999999996
1055 284963 2.5199999999999996
1056 285263 2.5199999999999996
1057 285563 2.5399999999999996
1058 285723 2.55
1059 285923 2.55
1060 286117 2.55
1061 286417 2.5299999999999994
1062 286717 2.5299999999999994
1063 286969 2.549999999999999
1064 287190 2.549999999999999
1065 287272 2.5499999999999994
1066 287427 2.5399999999999996
1067 287582 2.5399999999999996
1068 287882 2.5399999999999996
1069 287995 2.5599999999999996
1070 288103 2.549999999999999
1071 288247 2.549999999999999
1072 288421 2.5499999999999994
1073 288675 2.55
1074 288900 2.5299999999999994
1075 289100 2.5299999999999994
1076 289400 2.5299999999999994
1077 289510 2.539999999999999
1078 289680 2.539999999999999
1079 289919 2.539999999999999
1080 290091 2.539999999999999
1081 290391 2.539999999999999
1082 290522 2.559999999999999
1083 290707 2.559999999999999
1084 291007 2.559999999999999
1085 291258 2.579999999999999
1086 291426 2.579999999999999
1087 291645 2.579999999999999
1088 291945 2.579999999999999
1089 292078 2.5899999999999994
1090 292237 2.5899999999999994
1091 292377 2.569999999999999
1092 292617 2.569999999999999
1093 292778 2.559999999999999
1094 292981 2.559999999999999
1095 293162 2.5599999999999996
1096 293462 2.5599999999999996
1097 293762 2.559999999999999
1098 293962 2.579999999999999
1099 294167 2.579999999999999
1100 294467 2.579999999999999
1101 294743 2.599999999999999
1102 295043 2.599999999999999
1103 295217 2.619999999999999
1104 295407 2.619999999999999
1105 295527 2.619999999999999
1106 295749 2.599999999999999
1107 296049 2.599999999999999
1108 296213 2.619999999999999
1109 296513 2.619999999999999
1110 296813 2.6399999999999992
1111 296970 2.6499999999999995
1112 297133 2.6499999999999995
1113 297339 2.6499999999999995
1114 297639 2.6499999999999995
1115 297901 2.649999999999999
1116 298047 2.649999999999999
1117 298142 2.649999999999999
1118 298310 2.6499999999999995
1119 298499 2.6499999999999995
1120 298799 2.6499999999999995
1121 298892 2.6699999999999995
1122 299110 2.669999999999999
1123 299249 2.669999999999999
1124 299547 2.669999999999999
1125 299677 2.669999999999999
1126 299977 2.669999999999999
1127 300135 2.6799999999999993
1128 300281 2.6799999999999993
1129 300581 2.6599999999999993
1130 300881 2.6699999999999995
1131 301181 2.689999999999999
1132 301324 2.709999999999999
1133 301461 2.689999999999999
1134 301684 2.689999999999999
1135 301954 2.689999999999999
1136 302186 2.689999999999999
1137 302486 2.689999999999999
1138 302667 2.689999999999999
1139 302901 2.689999999999999
1140 303037 2.689999999999999
1141 303147 2.689999999999999
1142 303326 2.689999999999999
1143 303626 2.689999999999999
1144 303926 2.709999999999999
1145 304086 2.699999999999999
1146 304386 2.699999999999999
1147 304605 2.719999999999999
1148 304905 2.719999999999999
1149 305073 2.729999999999999
1150 305344 2.729999999999999
1151 305644 2.7299999999999986
1152 305857 2.729999999999999
1153 305987 2.7299999999999995
1154 306119 2.7299999999999995
1155 306393 2.729999999999999
1156 306656 2.7299999999999986
1157 306956 2.729999999999999
1158 307057 2.7399999999999993
1159 307257 2.739999999999999
1160 307557 2.719999999999999
1161 307857 2.719999999999999
1162 308049 2.7199999999999993
1163 308218 2.699999999999999
1164 308406 2.699999999999999
1165 308706 2.6999999999999993
1166 308824 2.689999999999999
1167 309016 2.669999999999999
1168 309174 2.669999999999999
1169 309474 2.649999999999999
1170 309702 2.6599999999999993
1171 309994 2.659999999999999
1172 310226 2.639999999999999
1173 310526 2.6399999999999992
1174 310701 2.659999999999999
1175 310824 2.659999999999999
1176 311052 2.6399999999999992
1177 311189 2.6399999999999992
1178 311361 2.619999999999999
1179 311501 2.619999999999999
1180 311701 2.619999999999999
1181 311950 2.6199999999999997
1182 312056 2.619999999999999
1183 312275 2.619999999999999
1184 312444 2.619999999999999
1185 312605 2.619999999999999
1186 312710 2.619999999999999
1187 312884 2.619999999999999
1188 313176 2.619999999999999
1189 313433 2.6099999999999994
1190 313733 2.6099999999999994
1191 313854 2.6299999999999994
1192 314154 2.6299999999999994
1193 314276 2.619999999999999
1194 314398 2.599999999999999
1195 314668 2.599999999999999
1196 314968 2.579999999999999
1197 315146 2.579999999999999
1198 315395 2.579999999999999
1199 315553 2.579999999999999
1200 315786 2.579999999999999
1201 316017 2.579999999999999
1202 316233 2.579999999999999
1203 316408 2.579999999999999
1204 316661 2.579999999999999
1205 316961 2.579999999999999
1206 317247 2.579999999999999
1207 317467 2.579999999999999
1208 317673 2.579999999999999
1209 317896 2.579999999999999
1210 318144 2.579999999999999
1211 318311 2.5699999999999994
1212 318529 2.5699999999999994
1213 318742 2.5699999999999994
1214 319042 2.5699999999999994
1215 319226 2.589999999999999
1216 319357 2.589999999999999
1217 319517 2.579999999999999
1218 319770 2.579999999999999
1219 319990 2.559999999999999
1220 320126 2.559999999999999
1221 320213 2.539999999999999
1222 320380 2.539999999999999
1223 320602 2.519999999999999
1224 320772 2.519999999999999
1225 320919 2.519999999999999
1226 321038 2.5099999999999993
1227 321181 2.4899999999999998
1228 321481 2.4899999999999998
1229 321609 2.5099999999999993
1230 321906 2.5099999999999993
1231 322086 2.51
1232 322386 2.4899999999999998
1233 322553 2.5099999999999993
1234 322827 2.4899999999999993
1235 322999 2.4699999999999993
1236 323175 2.4699999999999998
1237 323475 2.4699999999999998
1238 323768 2.4899999999999998
1239 323962 2.4899999999999993
1240 324122 2.4899999999999993
1241 324280 2.4899999999999993
1242 324518 2.4899999999999993
1243 324669 2.4899999999999993
1244 324969 2.4899999999999993
1245 325059 2.51
1246 325289 2.51
1247 325580 2.51
1248 325773 2.51
1249 325981 2.51
1250 326147 2.51
1251 326447 2.51
1252 326676 2.5199999999999996
1253 326922 2.5199999999999996
1254 327140 2.5199999999999996
1255 327268 2.5199999999999996
1256 327378 2.5199999999999996
1257 327625 2.5199999999999996
1258 327780 2.5199999999999996
1259 328080 2.5199999999999996
1260 328380 2.519999999999999
1261 328680 2.539999999999999
1262 328980 2.559999999999999
1263 329151 2.559999999999999
1264 329335 2.559999999999999
1265 329635 2.559999999999999
1266 329935 2.579999999999999
1267 330152 2.599999999999999
1268 330452 2.599999999999999
1269 330631 2.619999999999999
1270 330759 2.599999999999999
1271 331059 2.599999999999999
1272 331172 2.6099999999999994
1273 331373 2.6099999999999994
1274 331503 2.6099999999999994
1275 331803 2.5999999999999996
1276 331935 2.619999999999999
1277 332235 2.619999999999999
1278 332369 2.6399999999999992
1279 332470 2.6399999999999992
1280 332636 2.6399999999999997
1281 332924 2.6399999999999997
1282 333218 2.6399999999999992
1283 333485 2.6399999999999992
1284 333691 2.6399999999999992
1285 333913 2.6399999999999992
1286 334048 2.6399999999999992
1287 334200 2.6399999999999992
1288 334500 2.6399999999999997
1289 334692 2.6499999999999995
1290 334819 2.6499999999999995
1291 334954 2.6499999999999995
1292 335254 2.6299999999999994
1293 335554 2.649999999999999
1294 335718 2.649999999999999
1295 336018 2.649999999999999
1296 336318 2.6699999999999995
1297 336594 2.689999999999999
1298 336788 2.6899999999999995
1299 336966 2.6799999999999997
1300 337131 2.6799999999999997
1301 337308 2.6799999999999997
1302 337429 2.6799999999999997
1303 337565 2.6799999999999993
1304 337833 2.6799999999999993
1305 338133 2.6799999999999993
1306 338312 2.6799999999999993
1307 338484 2.6599999999999993
1308 338651 2.6599999999999993
1309 338797 2.6599999999999993
1310 339097 2.6399999999999997
1311 339260 2.6499999999999995
1312 339457 2.629999999999999
1313 339692 2.629999999999999
1314 339805 2.6299999999999994
1315 339998 2.6199999999999997
1316 340298 2.619999999999999
1317 340428 2.629999999999999
1318 340728 2.6099999999999994
1319 340955 2.6299999999999994
1320 341255 2.6299999999999994
1321 341352 2.649999999999999
1322 341652 2.6299999999999994
1323 341849 2.649999999999999
1324 341996 2.649999999999999
1325 342296 2.649999999999999
1326 342596 2.6599999999999993
1327 342796 2.6799999999999993
1328 343013 2.679999999999999
1329 343283 2.679999999999999
1330 343538 2.6799999999999993
1331 343838 2.6799999999999993
1332 344080 2.6999999999999993
1333 344380 2.6999999999999993
1334 344680 2.719999999999999
1335 344914 2.7199999999999993
1336 345117 2.7199999999999993
1337 345262 2.7199999999999993
1338 345459 2.6999999999999993
1339 345682 2.699999999999999
1340 345872 2.699999999999999
1341 346039 2.699999999999999
1342 346150 2.6999999999999993
1343 346253 2.6999999999999993
1344 346430 2.6999999999999993
1345 346608 2.6999999999999993
1346 346778 2.6999999999999993
1347 346903 2.6999999999999993
1348 347108 2.6999999999999993
1349 347309 2.6999999999999993
1350 347503 2.6999999999999993
1351 347754 2.6799999999999993
1352 347910 2.6799999999999993
1353 348084 2.6799999999999993
1354 348185 2.6799999999999993
1355 348470 2.679999999999999
1356 348594 2.679999999999999
1357 348735 2.679999999999999
1358 348849 2.679999999999999
1359 349149 2.6599999999999993
1360 349351 2.6799999999999993
1361 349627 2.6699999999999995
1362 349927 2.6699999999999995
1363 350082 2.6899999999999995
1364 350266 2.6899999999999995
1365 350560 2.689999999999999
1366 350693 2.689999999999999
1367 350965 2.689999999999999
1368 351102 2.689999999999999
1369 351402 2.689999999999999
1370 351607 2.709999999999999
1371 351907 2.689999999999999
1372 352068 2.699999999999999
1373 352246 2.699999999999999
1374 352546 2.699999999999999
1375 352789 2.709999999999999
1376 352915 2.689999999999999
1377 353141 2.669999999999999
1378 353327 2.669999999999999
1379 353470 2.669999999999999
1380 353617 2.669999999999999
1381 353774 2.669999999999999
1382 353932 2.669999999999999
1383 354042 2.669999999999999
1384 354229 2.669999999999999
1385 354385 2.669999999999999
1386 354532 2.669999999999999
1387 354629 2.669999999999999
1388 354830 2.669999999999999
1389 355034 2.669999999999999
1390 355193 2.669999999999999
1391 355493 2.669999999999999
1392 355742 2.6899999999999986
1393 356042 2.6899999999999986
1394 356286 2.689999999999999
1395 356473 2.689999999999999
1396 356694 2.689999999999999
1397 356908 2.689999999999999
1398 357208 2.689999999999999
1399 357463 2.699999999999999
1400 357591 2.699999999999999
1401 357791 2.699999999999999
1402 357990 2.679999999999999
1403 358086 2.679999999999999
1404 358243 2.6799999999999993
1405 358543 2.6799999999999993
1406 358843 2.699999999999999
1407 359133 2.719999999999999
1408 359306 2.719999999999999
1409 359606 2.719999999999999
1410 359709 2.719999999999999
1411 360009 2.719999999999999
1412 360140 2.739999999999999
1413 360315 2.739999999999999
1414 360615 2.739999999999999
1415 360766 2.749999999999999
1416 360912 2.749999999999999
1417 361212 2.729999999999999
1418 361383 2.7499999999999987
1419 361509 2.739999999999999
1420 361640 2.739999999999999
1421 361940 2.7399999999999993
1422 362098 2.7399999999999993
1423 362266 2.719999999999999
1424 362347 2.719999999999999
1425 362519 2.719999999999999
1426 362683 2.719999999999999
1427 362936 2.719999999999999
1428 363077 2.719999999999999
1429 363203 2.719999999999999
1430 363459 2.719999999999999
1431 363653 2.699999999999999
1432 363839 2.699999999999999
1433 364032 2.699999999999999
1434 364332 2.699999999999999
1435 364441 2.719999999999999
1436 364558 2.699999999999999
1437 364858 2.699999999999999
1438 365097 2.7199999999999993
1439 365296 2.7199999999999993
1440 365374 2.7199999999999993
1441 365673 2.7199999999999993
1442 365812 2.7199999999999993
1443 366058 2.6999999999999993
1444 366266 2.6999999999999993
1445 366518 2.6999999999999993
1446 366644 2.6999999999999993
1447 366924 2.6999999999999993
1448 367074 2.6999999999999993
1449 367187 2.6999999999999993
1450 367487 2.6899999999999995
1451 367660 2.709999999999999
1452 367839 2.709999999999999
1453 368116 2.709999999999999
1454 368250 2.709999999999999
1455 368484 2.709999999999999
1456 368673 2.709999999999999
1457 368906 2.709999999999999
1458 369206 2.709999999999999
1459 369349 2.7299999999999986
1460 369649 2.729999999999999
1461 369768 2.7399999999999993
1462 369888 2.7399999999999993
1463 370013 2.7399999999999993
1464 370208 2.7199999999999993
1465 370404 2.7199999999999993
1466 370640 2.6999999999999993
1467 370794 2.6999999999999993
1468 370958 2.6999999999999993
1469 371067 2.6999999999999993
1470 371367 2.6999999999999993
1471 371592 2.719999999999999
1472 371852 2.719999999999999
1473 371963 2.699999999999999
1474 372068 2.699999999999999
1475 372368 2.689999999999999
1476 372668 2.7099999999999995
1477 372950 2.7299999999999995
1478 373066 2.7199999999999998
1479 373253 2.7199999999999993
1480 373390 2.7199999999999993
1481 373550 2.7199999999999993
1482 373685 2.719999999999999
1483 373915 2.699999999999999
1484 374064 2.699999999999999
1485 374201 2.679999999999999
1486 374497 2.679999999999999
1487 374630 2.6799999999999993
1488 374719 2.679999999999999
1489 374827 2.659999999999999
1490 374972 2.6599999999999993
1491 375061 2.6599999999999993
1492 375186 2.659999999999999
1493 375486 2.6399999999999992
1494 375597 2.659999999999999
1495 375819 2.6599999999999993
1496 375938 2.6599999999999993
1497 376093 2.6399999999999992
1498 376367 2.6399999999999992
1499 376449 2.6399999999999992
1500 376553 2.6399999999999992
1501 376853 2.6399999999999992
1502 377149 2.6599999999999993
1503 377314 2.6599999999999993
1504 377487 2.6599999999999993
1505 377761 2.6599999999999993
1506 377899 2.6599999999999993
1507 378070 2.6599999999999993
1508 378237 2.6599999999999993
1509 378537 2.6599999999999993
1510 378711 2.6799999999999993
1511 378923 2.6799999999999993
1512 379131 2.6599999999999993
1513 379405 2.6599999999999993
1514 379541 2.6599999999999993
