1 300 0.43000000000000005
2 600 0.44000000000000006
3 900 0.45000000000000007
4 1200 0.4600000000000001
5 1500 0.46
6 1800 0.47000000000000003
7 2100 0.4700000000000001
8 2400 0.48000000000000004
9 2700 0.49
10 3000 0.5
11 3300 0.51
12 3600 0.52
13 3900 0.53
14 4200 0.54
15 4500 0.55
16 4800 0.56
17 5100 0.5700000000000001
18 5400 0.5800000000000001
19 5700 0.5900000000000001
20 6000 0.6000000000000001
21 6300 0.6100000000000001
22 6600 0.6200000000000001
23 6900 0.6300000000000001
24 7200 0.6400000000000001
25 7500 0.6500000000000001
26 7800 0.66
27 8100 0.67
28 8400 0.68
29 8700 0.6900000000000001
30 9000 0.7000000000000001
31 9300 0.7000000000000001
32 9600 0.7100000000000001
33 9900 0.72
34 10200 0.73
35 10500 0.74
36 10800 0.75
37 11100 0.76
38 11400 0.77
39 11700 0.78
40 12000 0.79
41 12300 0.8
42 12600 0.81
43 12900 0.8200000000000001
44 13200 0.8200000000000001
45 13500 0.8200000000000001
46 13800 0.8300000000000001
47 14100 0.8400000000000001
48 14400 0.8300000000000001
49 14700 0.8300000000000001
50 15000 0.8300000000000001
51 15300 0.8400000000000001
52 15600 0.8400000000000001
53 15900 0.8500000000000001
54 16200 0.8600000000000001
55 16500 0.8600000000000001
56 16800 0.8700000000000001
57 17100 0.8700000000000001
58 17400 0.8800000000000001
59 17700 0.8900000000000001
60 18000 0.8900000000000001
61 18300 0.9000000000000001
62 18600 0.9100000000000001
63 18900 0.9100000000000001
64 19200 0.9100000000000001
65 19500 0.9100000000000001
66 19800 0.9200000000000002
67 20100 0.9200000000000002
68 20400 0.9200000000000002
69 20700 0.9200000000000002
70 21000 0.9200000000000002
71 21300 0.9200000000000002
72 21600 0.9200000000000002
73 21900 0.9200000000000002
74 22200 0.9200000000000002
75 22500 0.9200000000000002
76 22800 0.9200000000000002
77 23100 0.9200000000000002
78 23400 0.9200000000000002
79 23700 0.9200000000000002
80 24000 0.9200000000000002
81 24300 0.9100000000000001
82 24600 0.9100000000000001
83 24900 0.9100000000000001
84 25200 0.9100000000000001
85 25500 0.9100000000000001
86 25800 0.9100000000000001
87 26100 0.9100000000000001
88 26400 0.9100000000000001
89 26700 0.9100000000000001
90 27000 0.9100000000000001
91 27300 0.9200000000000002
92 27600 0.9200000000000002
93 27900 0.9200000000000002
94 28200 0.9200000000000002
95 28500 0.9200000000000002
96 28800 0.9200000000000002
97 29100 0.9300000000000002
98 29400 0.9300000000000002
99 29700 0.9300000000000002
100 30000 0.9300000000000002
101 30300 0.9300000000000002
102 30600 0.9300000000000002
103 30900 0.9300000000000002
104 31200 0.9300000000000002
105 31500 0.9400000000000002
106 31800 0.9400000000000002
107 32100 0.9500000000000002
108 32400 0.9500000000000002
109 32700 0.9500000000000002
110 33000 0.9500000000000002
111 33300 0.9500000000000002
112 33600 0.9500000000000002
113 33900 0.9500000000000002
114 34200 0.9500000000000002
115 34500 0.9500000000000002
116 34800 0.9500000000000002
117 35100 0.9500000000000002
118 35400 0.9500000000000002
119 35700 0.9500000000000002
120 36000 0.9500000000000002
121 36300 0.9500000000000002
122 36600 0.9500000000000002
123 36900 0.9500000000000002
124 37200 0.9500000000000002
125 37500 0.9500000000000002
126 37800 0.9400000000000002
127 38100 0.9400000000000002
128 38400 0.9400000000000002
129 38700 0.9400000000000002
130 39000 0.9400000000000002
131 39300 0.9400000000000002
132 39600 0.9400000000000002
133 39900 0.9400000000000002
134 40200 0.9400000000000002
135 40500 0.9400000000000002
136 40800 0.9400000000000002
137 41100 0.9400000000000002
138 41400 0.9400000000000002
139 41700 0.9400000000000002
140 42000 0.9400000000000002
141 42300 0.9400000000000002
142 42600 0.9400000000000002
143 42900 0.9400000000000002
144 43200 0.9500000000000002
145 43500 0.9500000000000002
146 43800 0.9500000000000002
147 44100 0.9500000000000002
148 44400 0.9600000000000002
149 44700 0.9700000000000002
150 45000 0.9700000000000002
151 45300 0.9700000000000002
152 45600 0.9700000000000002
153 45900 0.9700000000000002
154 46200 0.9700000000000002
155 46500 0.9800000000000002
156 46800 0.9800000000000002
157 47100 0.9800000000000002
158 47400 0.9800000000000002
159 47700 0.9800000000000002
160 48000 0.9800000000000002
161 48300 0.9800000000000002
162 48600 0.9800000000000002
163 48900 0.9800000000000002
164 49200 0.9800000000000002
165 49500 0.9800000000000002
166 49800 0.9800000000000002
167 50100 0.9800000000000002
168 50400 0.9800000000000002
169 50700 0.9800000000000002
170 51000 0.9800000000000002
171 51300 0.9800000000000002
172 51600 0.9800000000000002
173 51900 0.9800000000000002
174 52200 0.9800000000000002
175 52500 0.9800000000000002
176 52800 0.9800000000000002
177 53100 0.9700000000000002
178 53400 0.9700000000000002
179 53700 0.9700000000000002
180 54000 0.9700000000000002
181 54300 0.9800000000000002
182 54600 0.9800000000000002
183 54900 0.9800000000000002
184 55200 0.9800000000000002
185 55500 0.9800000000000002
186 55800 0.9800000000000002
187 56100 0.9800000000000002
188 56400 0.9800000000000002
189 56700 0.9800000000000002
190 57000 0.9800000000000002
191 57300 0.9800000000000002
192 57600 0.9800000000000002
193 57900 0.9800000000000002
194 58200 0.9800000000000002
195 58500 0.9800000000000002
196 58800 0.9800000000000002
197 59100 0.9800000000000002
198 59400 0.9800000000000002
199 59700 0.9800000000000002
200 60000 0.9800000000000002
201 60300 0.9800000000000002
202 60600 0.9800000000000002
203 60900 0.9800000000000002
204 61200 0.9800000000000002
205 61500 0.9800000000000002
206 61800 0.9800000000000002
207 62100 0.9800000000000002
208 62400 0.9800000000000002
209 62700 0.9800000000000002
210 63000 0.9800000000000002
211 63300 0.9800000000000002
212 63600 0.9800000000000002
213 63900 0.9800000000000002
214 64200 0.9800000000000002
215 64500 0.9800000000000002
216 64800 0.9800000000000002
217 65100 0.9800000000000002
218 65400 0.9800000000000002
219 65700 0.9800000000000002
220 66000 0.9800000000000002
221 66300 0.9800000000000002
222 66600 0.9800000000000002
223 66900 0.9800000000000002
224 67200 0.9800000000000002
225 67500 0.9800000000000002
226 67800 0.9900000000000002
227 68100 0.9900000000000002
228 68400 0.9900000000000002
229 68700 0.9900000000000002
230 69000 0.9900000000000002
231 69300 0.9900000000000002
232 69600 0.9900000000000002
233 69900 0.9900000000000002
234 70200 0.9900000000000002
235 70500 0.9900000000000002
236 70800 0.9900000000000002
237 71100 0.9900000000000002
238 71400 0.9900000000000002
239 71700 0.9900000000000002
240 72000 0.9900000000000002
241 72300 0.9900000000000002
242 72600 0.9900000000000002
243 72900 0.9900000000000002
244 73200 0.9900000000000002
245 73500 0.9900000000000002
246 73800 0.9900000000000002
247 74100 0.9900000000000002
248 74400 0.9900000000000002
249 74700 0.9900000000000002
250 75000 0.9900000000000002
251 75300 0.9900000000000002
252 75600 0.9900000000000002
253 75900 0.9900000000000002
254 76200 0.9900000000000002
255 76500 0.9900000000000002
256 76800 0.9900000000000002
257 77100 0.9900000000000002
258 77400 0.9900000000000002
259 77700 0.9900000000000002
260 78000 0.9900000000000002
261 78300 0.9900000000000002
262 78600 0.9900000000000002
263 78900 0.9900000000000002
264 79200 0.9900000000000002
265 79500 0.9900000000000002
266 79800 0.9900000000000002
267 80100 0.9900000000000002
268 80400 0.9900000000000002
269 80700 0.9900000000000002
270 81000 0.9900000000000002
271 81300 0.9900000000000002
272 81600 0.9900000000000002
273 81900 0.9900000000000002
274 82200 0.9900000000000002
275 82500 0.9900000000000002
276 82800 0.9900000000000002
277 83100 1.0
278 83400 1.0
279 83700 1.0
280 84000 1.0
281 84300 1.0
282 84600 1.0
283 84900 1.0
284 85200 1.0
285 85500 1.0
286 85800 1.0
287 86100 1.0
288 86400 1.0
289 86700 1.0
290 87000 1.0
291 87300 1.0
292 87600 1.0
293 87900 1.0
294 88200 1.0
295 88500 1.0
296 88800 1.0
297 89100 1.0
298 89400 1.0
299 89700 1.0
300 90000 1.0
301 90300 1.0
302 90600 1.0
303 90900 1.0
304 91200 1.0
305 91500 1.0
306 91800 1.0
307 92100 1.0
308 92400 1.0
309 92700 1.0
310 93000 1.0
311 93300 1.0
312 93600 1.0
313 93900 1.0
314 94200 1.0
315 94500 1.0
316 94800 1.0
317 95100 1.0
318 95400 1.0
319 95700 1.0
320 96000 1.0
321 96300 1.0
322 96600 1.0
323 96900 1.0
324 97200 1.0
325 97500 1.0
326 97800 1.0
327 98100 1.0
328 98400 1.0
329 98700 1.0
330 99000 1.0
331 99300 1.0
332 99600 1.0
333 99900 1.0
334 100200 1.0
335 100500 1.0
336 100800 1.0
337 101100 1.0
338 101400 1.0
339 101700 1.0
340 102000 1.0
341 102300 1.0
342 102600 1.0
343 102900 1.0
344 103200 1.0
345 103500 1.0
346 103800 1.0
347 104100 1.0
348 104400 1.0
349 104700 1.0
350 105000 1.0
351 105300 1.0
352 105600 1.0
353 105900 1.0
354 106200 1.0
355 106500 1.0
356 106800 1.0
357 107100 1.0
358 107400 1.0
359 107700 1.0
360 108000 1.0
361 108300 1.0
362 108600 1.0
363 108900 1.0
364 109200 1.0
365 109500 1.0
366 109800 1.0
367 110100 1.0
368 110400 1.0
369 110700 1.0
370 111000 1.0
371 111300 1.0
372 111600 1.0
373 111900 1.0
374 112200 1.0
375 112500 1.0
376 112800 1.0
377 113100 1.0
378 113400 1.0
379 113700 1.0
380 114000 1.0
381 114300 1.0
382 114600 1.0
383 114900 1.0
384 115200 1.0
385 115500 1.0
386 115800 1.0
387 116100 1.0
388 116400 1.0
389 116700 1.0
390 117000 1.0
391 117300 1.0
392 117600 1.0
393 117900 1.0
394 118200 1.0
395 118500 1.0
396 118800 1.0
397 119100 1.0
398 119400 1.0
399 119700 1.0
400 120000 1.0
401 120300 1.0
402 120600 1.0
403 120900 1.0
404 121200 1.0
405 121500 1.0
406 121800 1.0
407 122100 1.0
408 122400 1.0
409 122700 1.0
410 123000 1.0
411 123300 1.0
412 123600 1.0
413 123900 1.0
414 124200 1.0
415 124500 1.0
416 124800 1.0
417 125100 1.0
418 125400 1.0
419 125700 1.0
420 126000 1.0
421 126300 1.0
422 126600 1.0
423 126900 1.0
424 127200 1.0
425 127500 1.0
426 127800 1.0
427 128100 1.0
428 128400 1.0
429 128700 1.0
430 129000 1.0
431 129300 1.0
432 129600 1.0
433 129900 1.0
434 130200 1.0
435 130500 1.0
436 130800 1.0
437 131100 1.0
438 131400 1.0
439 131700 1.0
440 132000 1.0
441 132300 1.0
442 132600 1.0
443 132900 1.0
444 133200 1.0
445 133500 1.0
446 133800 1.0
447 134100 1.0
448 134400 1.0
449 134700 1.0
450 135000 1.0
451 135300 1.0
452 135600 1.0
453 135900 1.0
454 136200 1.0
455 136500 1.0
456 136800 1.0
457 137100 1.0
458 137400 1.0
459 137700 1.0
460 138000 1.0
461 138300 1.0
462 138600 1.0
463 138900 1.0
464 139200 1.0
465 139500 1.0
466 139800 1.0
467 140100 1.0
468 140400 1.0
469 140700 1.0
470 141000 1.0
471 141300 1.0
472 141600 1.0
473 141900 1.0
474 142200 1.0
475 142500 1.0
476 142800 1.0
477 143100 1.0
478 143400 1.0
479 143700 1.0
480 144000 1.0
481 144300 1.0
482 144600 1.0
483 144900 1.0
484 145200 1.0
485 145500 1.0
486 145800 1.0
487 146100 1.0
488 146400 1.0
489 146700 1.0
490 147000 1.0
491 147300 1.0
492 147600 1.0
493 147900 1.0
494 148200 1.0
495 148500 1.0
496 148800 1.0
497 149100 1.0
498 149400 1.0
499 149700 1.0
500 150000 1.0
501 150300 1.0
502 150600 1.0
503 150900 1.0
504 151200 1.0
505 151500 1.0
506 151800 1.0
507 152100 1.0
508 152400 1.0
509 152700 1.0
510 153000 1.0
511 153300 1.0
512 153600 1.0
513 153900 1.0
514 154200 1.0
515 154500 1.0
516 154800 1.0
517 155100 1.0
518 155400 1.0
519 155700 1.0
520 156000 1.0
521 156300 1.0
522 156600 1.0
523 156900 1.0
524 157200 1.0
525 157500 1.0
526 157800 1.0
527 158100 1.0
528 158400 1.0
529 158700 1.0
530 159000 1.0
531 159300 1.0
532 159600 1.0
533 159900 1.0
534 160200 1.0
535 160500 1.0
536 160800 1.0
537 161100 1.0
538 161400 1.0
539 161700 1.0
540 162000 1.0
541 162300 1.0
542 162600 1.0
543 162900 1.0
544 163200 1.0
545 163500 1.0
546 163800 1.0
547 164100 1.0
548 164400 1.0
549 164700 1.0
550 165000 1.0
551 165300 1.0
552 165600 1.0
553 165900 1.0
554 166200 1.0
555 166500 1.0
556 166800 1.0
557 167100 1.0
558 167400 1.0
559 167700 1.0
560 168000 1.0
561 168300 1.0
562 168600 1.0
563 168900 1.0
564 169200 1.0
565 169500 1.0
566 169800 1.0
567 170100 1.0
568 170400 1.0
569 170700 1.0
570 171000 1.0
571 171300 1.0
572 171600 1.0
573 171900 1.0
574 172200 1.0
575 172500 1.0
576 172800 1.0
577 173100 1.0
578 173400 1.0
579 173700 1.0
580 174000 1.0
581 174300 1.0
582 174600 1.0
583 174900 1.0
584 175200 1.0
585 175500 1.0
586 175800 1.0
587 176100 1.0
588 176400 1.0
589 176700 1.0
590 177000 1.0
591 177300 1.0
592 177600 1.0
593 177900 1.0
594 178200 1.0
595 178500 1.0
596 178800 1.0
597 179100 1.0
598 179400 1.0
599 179700 1.0
600 180000 1.0
601 180300 1.0
602 180600 1.0
603 180900 1.0
604 181200 1.0
605 181500 1.0
606 181800 1.0
607 182100 1.0
608 182400 1.0
609 182700 1.0
610 183000 1.0
611 183300 1.0
612 183600 1.0
613 183900 1.0
614 184200 1.0
615 184500 1.0
616 184800 1.0
617 185100 1.0
618 185400 1.0
619 185700 1.0
620 186000 1.0
621 186300 1.0
622 186600 1.0
623 186900 1.0
624 187200 1.0
625 187500 1.0
626 187800 1.0
627 188100 1.0
628 188400 1.0
629 188700 1.0
630 189000 1.0
631 189300 1.0
632 189600 1.0
633 189900 1.0
634 190200 1.0
635 190500 1.0
636 190800 1.0
637 191100 1.0
638 191400 1.0
639 191700 1.0
640 192000 1.0
641 192300 1.0
642 192600 1.0
643 192900 1.0
644 193200 1.0
645 193500 1.0
646 193800 1.0
647 194100 1.0
648 194400 1.0
649 194700 1.0
650 195000 1.0
651 195300 1.0
652 195600 1.0
653 195900 1.0
654 196200 1.0
655 196500 1.0
656 196800 1.0
657 197100 1.0
658 197400 1.0
659 197700 1.0
660 198000 1.0
661 198300 1.0
662 198600 1.0
663 198900 1.0
664 199200 1.01
665 199500 1.01
666 199800 1.01
667 200100 1.01
668 200400 1.01
669 200700 1.01
670 201000 1.01
671 201300 1.01
672 201600 1.01
673 201900 1.01
674 202200 1.01
675 202500 1.01
676 202800 1.01
677 203100 1.01
678 203400 1.01
679 203700 1.01
680 204000 1.01
681 204300 1.01
682 204600 1.01
683 204900 1.01
684 205200 1.01
685 205500 1.01
686 205800 1.01
687 206100 1.01
688 206400 1.01
689 206700 1.01
690 207000 1.01
691 207300 1.01
692 207600 1.01
693 207900 1.01
694 208200 1.01
695 208500 1.01
696 208800 1.01
697 209100 1.01
698 209400 1.01
699 209700 1.01
700 210000 1.01
701 210300 1.01
702 210600 1.01
703 210900 1.01
704 211200 1.01
705 211500 1.01
706 211800 1.01
707 212100 1.01
708 212400 1.01
709 212700 1.01
710 213000 1.01
711 213300 1.01
712 213600 1.01
713 213900 1.01
714 214200 1.01
715 214500 1.01
716 214800 1.01
717 215100 1.01
718 215400 1.01
719 215700 1.01
720 216000 1.01
721 216300 1.01
722 216600 1.01
723 216900 1.01
724 217200 1.01
725 217500 1.01
726 217800 1.01
727 218100 1.01
728 218400 1.01
729 218700 1.01
730 219000 1.01
731 219300 1.01
732 219600 1.01
733 219900 1.01
734 220200 1.01
735 220500 1.01
736 220800 1.01
737 221100 1.01
738 221400 1.01
739 221700 1.01
740 222000 1.01
741 222300 1.01
742 222600 1.01
743 222900 1.01
744 223200 1.01
745 223500 1.01
746 223800 1.01
747 224100 1.01
748 224400 1.01
749 224700 1.01
750 225000 1.01
751 225300 1.01
752 225600 1.01
753 225900 1.01
754 226200 1.01
755 226500 1.01
756 226800 1.01
757 227100 1.01
758 227400 1.01
759 227700 1.01
760 228000 1.01
761 228300 1.01
762 228600 1.01
763 228900 1.01
764 229200 1.0
765 229500 1.0
766 229800 1.0
767 230100 1.0
768 230400 1.0
769 230700 1.0
770 231000 1.0
771 231300 1.0
772 231600 1.0
773 231900 1.0
774 232200 1.0
775 232500 1.0
776 232800 1.0
777 233100 1.0
778 233400 1.0
779 233700 1.0
780 234000 1.0
781 234300 1.0
782 234600 1.0
783 234900 1.0
784 235200 1.0
785 235500 1.0
786 235800 1.0
787 236100 1.0
788 236400 1.0
789 236700 1.0
790 237000 1.0
791 237300 1.0
792 237600 1.0
793 237900 1.0
794 238200 1.0
795 238500 1.0
796 238800 1.0
797 239100 1.0
798 239400 1.0
799 239700 1.0
800 240000 1.0
801 240300 1.0
802 240600 1.0
803 240900 1.0
804 241200 1.0
805 241500 1.0
806 241800 1.0
807 242100 1.0
808 242400 1.0
809 242700 1.0
810 243000 1.0
811 243300 1.0
812 243600 1.0
813 243900 1.0
814 244200 1.0
815 244500 1.0
816 244800 1.0
817 245100 1.0
818 245400 1.0
819 245700 1.0
820 246000 1.0
821 246300 1.0
822 246600 1.0
823 246900 1.0
824 247200 1.0
825 247500 1.0
826 247800 1.0
827 248100 1.0
828 248400 1.0
829 248700 1.0
830 249000 1.0
831 249300 1.0
832 249600 1.0
833 249900 1.0
834 250200 1.0
835 250500 1.0
836 250800 1.0
837 251100 1.0
838 251400 1.0
839 251700 1.0
840 252000 1.0
841 252300 1.0
842 252600 1.0
843 252900 1.0
844 253200 1.0
845 253500 1.0
846 253800 1.0
847 254100 1.0
848 254400 1.0
849 254700 1.0
850 255000 1.01
851 255300 1.01
852 255600 1.01
853 255900 1.01
854 256200 1.01
855 256500 1.01
856 256800 1.01
857 257100 1.01
858 257400 1.01
859 257700 1.01
860 258000 1.01
861 258300 1.01
862 258600 1.01
863 258900 1.01
864 259200 1.01
865 259500 1.01
866 259800 1.01
867 260100 1.01
868 260400 1.01
869 260700 1.01
870 261000 1.01
871 261300 1.01
872 261600 1.01
873 261900 1.01
874 262200 1.01
875 262500 1.01
876 262800 1.01
877 263100 1.01
878 263400 1.02
879 263700 1.02
880 264000 1.02
881 264300 1.02
882 264600 1.02
883 264900 1.02
884 265200 1.02
885 265500 1.02
886 265800 1.02
887 266100 1.02
888 266400 1.02
889 266700 1.02
890 267000 1.02
891 267300 1.02
892 267600 1.02
893 267900 1.02
894 268200 1.02
895 268500 1.02
896 268800 1.02
897 269100 1.02
898 269400 1.02
899 269700 1.02
900 270000 1.02
901 270300 1.02
902 270600 1.02
903 270900 1.02
904 271200 1.02
905 271500 1.02
906 271800 1.02
907 272100 1.02
908 272400 1.02
909 272700 1.02
910 273000 1.02
911 273300 1.02
912 273600 1.02
913 273900 1.02
914 274200 1.02
915 274500 1.02
916 274800 1.02
917 275100 1.02
918 275400 1.02
919 275700 1.02
920 276000 1.02
921 276300 1.02
922 276600 1.02
923 276900 1.02
924 277200 1.02
925 277500 1.02
926 277800 1.02
927 278100 1.02
928 278400 1.02
929 278700 1.02
930 279000 1.02
931 279300 1.02
932 279600 1.02
933 279900 1.02
934 280200 1.02
935 280500 1.02
936 280800 1.02
937 281100 1.02
938 281400 1.02
939 281700 1.02
940 282000 1.02
941 282300 1.02
942 282600 1.02
943 282900 1.02
944 283200 1.02
945 283500 1.02
946 283800 1.02
947 284100 1.02
948 284400 1.02
949 284700 1.02
950 285000 1.01
951 285300 1.01
952 285600 1.01
953 285900 1.01
954 286200 1.01
955 286500 1.01
956 286800 1.01
957 287100 1.01
958 287400 1.01
959 287700 1.01
960 288000 1.01
961 288300 1.01
962 288600 1.01
963 288900 1.01
964 289200 1.01
965 289500 1.01
966 289800 1.01
967 290100 1.01
968 290400 1.01
969 290700 1.01
970 291000 1.01
971 291300 1.01
972 291600 1.01
973 291900 1.01
974 292200 1.01
975 292500 1.03
976 292800 1.03
977 293100 1.03
978 293400 1.02
979 293700 1.02
980 294000 1.02
981 294300 1.02
982 294600 1.02
983 294900 1.02
984 295200 1.02
985 295500 1.02
986 295800 1.02
987 296100 1.02
988 296400 1.02
989 296700 1.02
990 297000 1.02
991 297300 1.02
992 297600 1.02
993 297900 1.02
994 298200 1.02
995 298500 1.02
996 298800 1.02
997 299100 1.02
998 299400 1.02
999 299700 1.02
1000 300000 1.02
1001 300300 1.02
1002 300600 1.02
1003 300900 1.02
1004 301200 1.02
1005 301500 1.02
1006 301800 1.02
1007 302100 1.02
1008 302400 1.02
1009 302700 1.02
1010 303000 1.02
1011 303300 1.02
1012 303600 1.02
1013 303900 1.02
1014 304200 1.02
1015 304500 1.02
1016 304800 1.02
1017 305100 1.02
1018 305400 1.02
1019 305700 1.02
1020 306000 1.02
1021 306300 1.02
1022 306600 1.02
1023 306900 1.02
1024 307200 1.02
1025 307500 1.02
1026 307800 1.02
1027 308100 1.02
1028 308400 1.02
1029 308700 1.02
1030 309000 1.02
1031 309300 1.02
1032 309600 1.02
1033 309900 1.02
1034 310200 1.02
1035 310500 1.02
1036 310800 1.02
1037 311100 1.02
1038 311400 1.02
1039 311700 1.02
1040 312000 1.02
1041 312300 1.02
1042 312600 1.02
1043 312900 1.02
1044 313200 1.02
1045 313500 1.02
1046 313800 1.02
1047 314100 1.02
1048 314400 1.02
1049 314700 1.02
1050 315000 1.02
1051 315300 1.02
1052 315600 1.02
1053 315900 1.02
1054 316200 1.02
1055 316500 1.02
1056 316800 1.02
1057 317100 1.02
1058 317400 1.02
1059 317700 1.02
1060 318000 1.02
1061 318300 1.02
1062 318600 1.02
1063 318900 1.02
1064 319200 1.02
1065 319500 1.02
1066 319800 1.02
1067 320100 1.02
1068 320400 1.02
1069 320700 1.02
1070 321000 1.02
1071 321300 1.02
1072 321600 1.02
1073 321900 1.02
1074 322142 1.02
1075 322442 1.0
1076 322742 1.0
1077 323042 1.0
1078 323342 1.0
1079 323642 1.0
1080 323942 1.0
1081 324242 1.0
1082 324542 1.0
1083 324842 1.0
1084 325142 1.0
1085 325442 1.0
1086 325742 1.0
1087 326042 1.0
1088 326342 1.0
1089 326642 1.0
1090 326942 1.0
1091 327242 1.0
1092 327542 1.0
1093 327842 1.0
1094 328142 1.0
1095 328442 1.0
1096 328742 1.0
1097 329042 1.0
1098 329342 1.0
1099 329642 1.0
1100 329942 1.0
1101 330242 1.0
1102 330542 1.0
1103 330842 1.0
1104 331142 1.0
1105 331442 1.0
1106 331742 1.0
1107 332042 1.0
1108 332342 1.0
1109 332642 1.0
1110 332942 1.0
1111 333242 1.0
1112 333542 1.0
1113 333842 1.0
1114 334142 1.0
1115 334442 1.0
1116 334742 1.0
1117 335042 1.0
1118 335342 1.0
1119 335642 1.0
1120 335942 1.0
1121 336242 1.0
1122 336542 1.0
1123 336842 1.0
1124 337142 1.0
1125 337442 1.0
1126 337742 1.0
1127 338042 1.0
1128 338342 1.0
1129 338642 1.0
1130 338942 1.0
1131 339242 1.0
1132 339542 1.0
1133 339842 1.0
1134 340142 1.0
1135 340442 1.0
1136 340742 1.0
1137 341042 1.0
1138 341342 1.0
1139 341642 1.0
1140 341942 1.0
1141 342242 1.0
1142 342542 1.0
1143 342842 1.0
1144 343142 1.0
1145 343442 1.0
1146 343742 1.0
1147 344042 1.0
1148 344342 1.0
1149 344642 1.0
1150 344942 1.0
1151 345242 1.0
1152 345542 1.0
1153 345842 1.0
1154 346142 1.0
1155 346442 1.0
1156 346742 1.0
1157 347042 1.0
1158 347342 1.0
1159 347642 1.0
1160 347942 1.0
1161 348242 1.0
1162 348542 1.0
1163 348842 1.0
1164 349142 1.0
1165 349442 1.0
1166 349742 1.0
1167 350042 1.0
1168 350342 1.0
1169 350642 1.0
1170 350942 1.0
1171 351242 1.0
1172 351542 1.0
1173 351842 1.0
1174 352142 1.0
1175 352442 1.0
1176 352742 1.0
1177 353042 1.0
1178 353342 1.0
1179 353642 1.01
1180 353942 1.01
1181 354242 1.01
1182 354542 1.01
1183 354842 1.01
1184 355142 1.01
1185 355442 1.01
1186 355742 1.01
1187 356042 1.01
1188 356342 1.01
1189 356642 1.01
1190 356942 1.01
1191 357242 1.01
1192 357542 1.01
1193 357842 1.01
1194 358142 1.01
1195 358442 1.01
1196 358742 1.01
1197 359042 1.01
1198 359342 1.01
1199 359642 1.01
1200 359942 1.01
1201 360242 1.01
1202 360542 1.01
1203 360842 1.01
1204 361142 1.01
1205 361442 1.01
1206 361742 1.01
1207 362042 1.01
1208 362342 1.01
1209 362642 1.01
1210 362942 1.01
1211 363242 1.01
1212 363542 1.01
1213 363842 1.01
1214 364142 1.01
1215 364442 1.01
1216 364742 1.01
1217 365042 1.01
1218 365342 1.01
1219 365642 1.01
1220 365942 1.01
1221 366242 1.01
1222 366542 1.01
1223 366842 1.01
1224 367142 1.01
1225 367442 1.01
1226 367742 1.01
1227 368042 1.01
1228 368342 1.01
1229 368642 1.01
1230 368942 1.01
1231 369242 1.01
1232 369542 1.01
1233 369842 1.01
1234 370142 1.01
1235 370442 1.01
