1 300 0.0 0.0
2 600 0.0 0.0
3 900 0.0 0.0
4 1200 0.0 0.0
5 1500 0.0 0.0
6 1800 0.0 0.0
7 2100 0.0 0.0
8 2400 0.0 0.0
9 2700 0.0 0.0
10 3000 0.0 0.0
11 3300 1.0 0.01
12 3600 1.0 0.02
13 3900 0.0 0.02
14 4200 1.0 0.03
15 4500 0.0 0.03
16 4800 1.0 0.04
17 5100 1.0 0.05
18 5400 1.0 0.06
19 5700 1.0 0.07
20 6000 0.0 0.07
21 6300 1.0 0.08
22 6600 1.0 0.09
23 6900 0.0 0.09
24 7200 1.0 0.1
25 7500 1.0 0.11
26 7800 1.0 0.12
27 8100 1.0 0.13
28 8400 1.0 0.14
29 8700 1.0 0.15
30 9000 1.0 0.16
31 9300 1.0 0.17
32 9600 1.0 0.18
33 9900 1.0 0.19
34 10200 1.0 0.2
35 10500 1.0 0.21
36 10800 1.0 0.22
37 11100 1.0 0.23
38 11400 1.0 0.24
39 11700 1.0 0.25
40 12000 1.0 0.26
41 12300 1.0 0.27
42 12600 1.0 0.28
43 12900 1.0 0.29
44 13200 1.0 0.3
45 13500 0.0 0.3
46 13800 1.0 0.31
47 14100 1.0 0.32
48 14400 1.0 0.33
49 14700 0.0 0.33
50 15000 0.0 0.33
51 15300 1.0 0.34
52 15600 1.0 0.35
53 15900 0.0 0.35
54 16200 0.0 0.35
55 16500 1.0 0.36
56 16800 1.0 0.37
57 17100 1.0 0.38
58 17400 0.0 0.38
59 17700 1.0 0.39
60 18000 1.0 0.4
61 18300 1.0 0.41
62 18600 1.0 0.42
63 18900 1.0 0.43
64 19200 1.0 0.44
65 19500 1.0 0.45
66 19800 1.0 0.46
67 20100 1.0 0.47
68 20400 1.0 0.48
69 20700 1.0 0.49
70 21000 1.0 0.5
71 21300 1.0 0.51
72 21600 1.0 0.52
73 21900 0.0 0.52
74 22200 1.0 0.53
75 22500 0.0 0.53
76 22800 1.0 0.54
77 23100 1.0 0.55
78 23400 1.0 0.56
79 23700 1.0 0.57
80 24000 1.0 0.58
81 24300 1.0 0.59
82 24600 1.0 0.6
83 24900 1.0 0.61
84 25200 1.0 0.62
85 25500 1.0 0.63
86 25800 1.0 0.64
87 26100 1.0 0.65
88 26400 0.0 0.65
89 26700 1.0 0.66
90 27000 1.0 0.67
91 27300 1.0 0.68
92 27600 1.0 0.69
93 27900 1.0 0.7
94 28200 1.0 0.71
95 28500 1.0 0.72
96 28800 1.0 0.73
97 29100 1.0 0.74
98 29400 1.0 0.75
99 29700 1.0 0.76
100 30000 1.0 0.77
101 30300 1.0 0.78
102 30600 1.0 0.79
103 30900 1.0 0.8
104 31200 0.0 0.8
105 31500 1.0 0.81
106 31800 1.0 0.82
107 32100 1.0 0.83
108 32400 1.0 0.84
109 32700 1.0 0.85
110 33000 1.0 0.86
111 33300 1.0 0.86
112 33600 1.0 0.86
113 33900 1.0 0.87
114 34200 1.0 0.87
115 34500 1.0 0.88
116 34800 1.0 0.88
117 35100 1.0 0.88
118 35400 1.0 0.88
119 35700 1.0 0.88
120 36000 1.0 0.89
121 36300 1.0 0.89
122 36600 1.0 0.89
123 36900 1.0 0.9
124 37200 1.0 0.9
125 37500 0.0 0.89
126 37800 1.0 0.89
127 38100 1.0 0.89
128 38400 0.0 0.88
129 38700 1.0 0.88
130 39000 1.0 0.88
131 39300 1.0 0.88
132 39600 1.0 0.88
133 39900 1.0 0.88
134 40200 1.0 0.88
135 40500 1.0 0.88
136 40800 1.0 0.88
137 41100 1.0 0.88
138 41400 1.0 0.88
139 41700 1.0 0.88
140 42000 1.0 0.88
141 42300 1.0 0.88
142 42600 1.0 0.88
143 42900 1.0 0.88
144 43200 1.0 0.88
145 43500 1.0 0.89
146 43800 1.0 0.89
147 44100 1.0 0.89
148 44400 1.0 0.89
149 44700 1.0 0.9
150 45000 1.0 0.91
151 45300 1.0 0.91
152 45600 1.0 0.91
153 45900 1.0 0.92
154 46200 1.0 0.93
155 46500 1.0 0.93
156 46800 1.0 0.93
157 47100 1.0 0.93
158 47400 1.0 0.94
159 47700 1.0 0.94
160 48000 1.0 0.94
161 48300 1.0 0.94
162 48600 1.0 0.94
163 48900 1.0 0.94
164 49200 1.0 0.94
165 49500 1.0 0.94
166 49800 1.0 0.94
167 50100 1.0 0.94
168 50400 1.0 0.94
169 50700 1.0 0.94
170 51000 1.0 0.94
171 51300 1.0 0.94
172 51600 1.0 0.94
173 51900 1.0 0.95
174 52200 1.0 0.95
175 52500 1.0 0.96
176 52800 1.0 0.96
177 53100 1.0 0.96
178 53400 1.0 0.96
179 53700 1.0 0.96
180 54000 1.0 0.96
181 54300 1.0 0.96
182 54600 1.0 0.96
183 54900 1.0 0.96
184 55200 1.0 0.96
185 55500 1.0 0.96
186 55800 1.0 0.96
187 56100 1.0 0.96
188 56400 1.0 0.97
189 56700 1.0 0.97
190 57000 1.0 0.97
191 57300 1.0 0.97
192 57600 1.0 0.97
193 57900 1.0 0.97
194 58200 1.0 0.97
195 58500 1.0 0.97
196 58800 1.0 0.97
197 59100 1.0 0.97
198 59400 1.0 0.97
199 59700 1.0 0.97
200 60000 1.0 0.97
201 60300 1.0 0.97
202 60600 1.0 0.97
203 60900 1.0 0.97
204 61200 1.0 0.98
205 61500 1.0 0.98
206 61800 1.0 0.98
207 62100 1.0 0.98
208 62400 1.0 0.98
209 62700 1.0 0.98
210 63000 1.0 0.98
211 63300 1.0 0.98
212 63600 1.0 0.98
213 63900 1.0 0.98
214 64200 1.0 0.98
215 64500 1.0 0.98
216 64800 1.0 0.98
217 65100 1.0 0.98
218 65400 1.0 0.98
219 65700 1.0 0.98
220 66000 1.0 0.98
221 66300 1.0 0.98
222 66600 1.0 0.98
223 66900 1.0 0.98
224 67200 1.0 0.98
225 67500 1.0 0.99
226 67800 1.0 0.99
227 68100 1.0 0.99
228 68400 1.0 1.0
229 68700 1.0 1.0
230 69000 1.0 1.0
231 69300 1.0 1.0
232 69600 1.0 1.0
233 69900 1.0 1.0
234 70200 1.0 1.0
235 70500 1.0 1.0
236 70800 1.0 1.0
237 71100 1.0 1.0
238 71400 1.0 1.0
239 71700 1.0 1.0
240 72000 1.0 1.0
241 72300 1.0 1.0
242 72600 1.0 1.0
243 72900 1.0 1.0
244 73200 1.0 1.0
245 73500 1.0 1.0
246 73800 1.0 1.0
247 74100 1.0 1.0
248 74400 1.0 1.0
249 74700 1.0 1.0
250 75000 1.0 1.0
251 75300 1.0 1.0
252 75600 1.0 1.0
253 75900 1.0 1.0
254 76200 1.0 1.0
255 76500 1.0 1.0
256 76800 1.0 1.0
257 77100 1.0 1.0
258 77400 1.0 1.0
259 77700 1.0 1.0
260 78000 1.0 1.0
261 78300 1.0 1.0
262 78600 1.0 1.0
263 78900 1.0 1.0
264 79200 1.0 1.0
265 79500 1.0 1.0
266 79800 1.0 1.0
267 80100 1.0 1.0
268 80400 1.0 1.0
269 80700 1.0 1.0
270 81000 1.0 1.0
271 81300 1.0 1.0
272 81600 1.0 1.0
273 81900 1.0 1.0
274 82200 1.0 1.0
275 82500 1.0 1.0
276 82800 1.0 1.0
277 83100 1.0 1.0
278 83400 1.0 1.0
279 83700 1.0 1.0
280 84000 1.0 1.0
281 84300 1.0 1.0
282 84600 1.0 1.0
283 84900 1.0 1.0
284 85200 1.0 1.0
285 85500 1.0 1.0
286 85800 1.0 1.0
287 86100 1.0 1.0
288 86400 1.0 1.0
289 86700 1.0 1.0
290 87000 1.0 1.0
291 87300 1.0 1.0
292 87600 1.0 1.0
293 87900 1.0 1.0
294 88200 1.0 1.0
295 88500 1.0 1.0
296 88800 1.0 1.0
297 89100 1.0 1.0
298 89400 1.0 1.0
299 89700 1.0 1.0
300 90000 1.0 1.0
301 90300 1.0 1.0
302 90600 1.0 1.0
303 90900 1.0 1.0
304 91200 1.0 1.0
305 91500 1.0 1.0
306 91800 1.0 1.0
307 92100 1.0 1.0
308 92400 1.0 1.0
309 92700 1.0 1.0
310 93000 1.0 1.0
311 93300 1.0 1.0
312 93600 1.0 1.0
313 93900 1.0 1.0
314 94200 1.0 1.0
315 94500 1.0 1.0
316 94800 1.0 1.0
317 95100 1.0 1.0
318 95400 1.0 1.0
319 95700 1.0 1.0
320 96000 1.0 1.0
321 96300 1.0 1.0
322 96600 1.0 1.0
323 96900 1.0 1.0
324 97200 1.0 1.0
325 97500 1.0 1.0
326 97800 1.0 1.0
327 98100 1.0 1.0
328 98400 1.0 1.0
329 98700 1.0 1.0
330 99000 1.0 1.0
331 99300 1.0 1.0
332 99600 1.0 1.0
333 99900 1.0 1.0
334 100200 1.0 1.0
335 100500 1.0 1.0
336 100800 1.0 1.0
337 101100 1.0 1.0
338 101400 1.0 1.0
339 101700 1.0 1.0
340 102000 1.0 1.0
341 102300 1.0 1.0
342 102600 1.0 1.0
343 102900 1.0 1.0
344 103200 1.0 1.0
345 103500 1.0 1.0
346 103800 1.0 1.0
347 104100 1.0 1.0
348 104400 1.0 1.0
349 104700 1.0 1.0
350 105000 1.0 1.0
351 105300 1.0 1.0
352 105600 1.0 1.0
353 105900 1.0 1.0
354 106200 1.0 1.0
355 106500 1.0 1.0
356 106800 1.0 1.0
357 107100 1.0 1.0
358 107400 1.0 1.0
359 107700 1.0 1.0
360 108000 1.0 1.0
361 108300 1.0 1.0
362 108600 1.0 1.0
363 108900 1.0 1.0
364 109200 1.0 1.0
365 109500 1.0 1.0
366 109800 1.0 1.0
367 110100 1.0 1.0
368 110400 1.0 1.0
369 110700 1.0 1.0
370 111000 1.0 1.0
371 111300 1.0 1.0
372 111600 2.0 1.01
373 111900 1.0 1.01
374 112200 1.0 1.01
375 112500 1.0 1.01
376 112800 1.0 1.01
377 113100 1.0 1.01
378 113400 1.0 1.01
379 113700 1.0 1.01
380 114000 1.0 1.01
381 114300 1.0 1.01
382 114600 1.0 1.01
383 114900 1.0 1.01
384 115200 1.0 1.01
385 115500 1.0 1.01
386 115800 1.0 1.01
387 116100 1.0 1.01
388 116400 1.0 1.01
389 116700 1.0 1.01
390 117000 1.0 1.01
391 117300 1.0 1.01
392 117600 1.0 1.01
393 117900 1.0 1.01
394 118200 1.0 1.01
395 118500 1.0 1.01
396 118800 1.0 1.01
397 119100 1.0 1.01
398 119400 1.0 1.01
399 119700 1.0 1.01
400 120000 1.0 1.01
401 120300 1.0 1.01
402 120600 1.0 1.01
403 120900 1.0 1.01
404 121200 1.0 1.01
405 121500 1.0 1.01
406 121800 1.0 1.01
407 122100 1.0 1.01
408 122400 1.0 1.01
409 122700 1.0 1.01
410 123000 1.0 1.01
411 123300 1.0 1.01
412 123600 1.0 1.01
413 123900 1.0 1.01
414 124200 1.0 1.01
415 124500 1.0 1.01
416 124800 1.0 1.01
417 125100 1.0 1.01
418 125400 1.0 1.01
419 125700 1.0 1.01
420 126000 1.0 1.01
421 126300 1.0 1.01
422 126600 1.0 1.01
423 126900 1.0 1.01
424 127200 1.0 1.01
425 127500 1.0 1.01
426 127800 1.0 1.01
427 128100 1.0 1.01
428 128400 1.0 1.01
429 128700 1.0 1.01
430 129000 2.0 1.02
431 129300 1.0 1.02
432 129600 1.0 1.02
433 129900 1.0 1.02
434 130200 1.0 1.02
435 130500 1.0 1.02
436 130800 1.0 1.02
437 131100 1.0 1.02
438 131400 1.0 1.02
439 131700 1.0 1.02
440 132000 1.0 1.02
441 132300 1.0 1.02
442 132600 1.0 1.02
443 132900 1.0 1.02
444 133200 2.0 1.03
445 133500 1.0 1.03
446 133800 1.0 1.03
447 134100 1.0 1.03
448 134400 1.0 1.03
449 134700 1.0 1.03
450 135000 1.0 1.03
451 135300 1.0 1.03
452 135600 1.0 1.03
453 135900 1.0 1.03
454 136200 1.0 1.03
455 136500 1.0 1.03
456 136800 1.0 1.03
457 137100 1.0 1.03
458 137400 1.0 1.03
459 137700 1.0 1.03
460 138000 1.0 1.03
461 138300 1.0 1.03
462 138600 1.0 1.03
463 138900 1.0 1.03
464 139200 1.0 1.03
465 139500 1.0 1.03
466 139800 1.0 1.03
467 140100 1.0 1.03
468 140400 1.0 1.03
469 140700 1.0 1.03
470 141000 1.0 1.03
471 141300 2.0 1.04
472 141600 1.0 1.03
473 141900 1.0 1.03
474 142200 1.0 1.03
475 142500 1.0 1.03
476 142800 1.0 1.03
477 143100 1.0 1.03
478 143400 1.0 1.03
479 143700 1.0 1.03
480 144000 1.0 1.03
481 144300 1.0 1.03
482 144600 1.0 1.03
483 144900 2.0 1.04
484 145200 1.0 1.04
485 145500 1.0 1.04
486 145800 1.0 1.04
487 146100 1.0 1.04
488 146400 1.0 1.04
489 146700 1.0 1.04
490 147000 1.0 1.04
491 147300 1.0 1.04
492 147600 1.0 1.04
493 147900 1.0 1.04
494 148200 1.0 1.04
495 148500 0.0 1.03
496 148800 1.0 1.03
497 149100 1.0 1.03
498 149400 1.0 1.03
499 149700 1.0 1.03
500 150000 1.0 1.03
501 150300 1.0 1.03
502 150600 1.0 1.03
503 150900 1.0 1.03
504 151200 1.0 1.03
505 151500 1.0 1.03
506 151800 1.0 1.03
507 152100 2.0 1.04
508 152400 1.0 1.04
509 152700 1.0 1.04
510 153000 1.0 1.04
511 153300 1.0 1.04
512 153600 1.0 1.04
513 153900 1.0 1.04
514 154200 1.0 1.04
515 154500 1.0 1.04
516 154800 1.0 1.04
517 155100 1.0 1.04
518 155400 1.0 1.04
519 155700 1.0 1.04
520 156000 1.0 1.04
521 156300 1.0 1.04
522 156600 1.0 1.04
523 156900 1.0 1.04
524 157200 1.0 1.04
525 157500 1.0 1.04
526 157800 1.0 1.04
527 158100 1.0 1.04
528 158400 1.0 1.04
529 158700 1.0 1.04
530 159000 1.0 1.03
531 159300 1.0 1.03
532 159600 1.0 1.03
533 159900 1.0 1.03
534 160200 1.0 1.03
535 160500 1.0 1.03
536 160800 1.0 1.03
537 161100 1.0 1.03
538 161400 1.0 1.03
539 161700 1.0 1.03
540 162000 1.0 1.03
541 162300 1.0 1.03
542 162600 1.0 1.03
543 162900 1.0 1.03
544 163200 1.0 1.02
545 163500 1.0 1.02
546 163800 1.0 1.02
547 164100 1.0 1.02
548 164400 1.0 1.02
549 164700 1.0 1.02
550 165000 1.0 1.02
551 165300 1.0 1.02
552 165600 1.0 1.02
553 165900 1.0 1.02
554 166200 1.0 1.02
555 166500 1.0 1.02
556 166800 1.0 1.02
557 167100 1.0 1.02
558 167400 1.0 1.02
559 167700 1.0 1.02
560 168000 1.0 1.02
561 168300 1.0 1.02
562 168600 1.0 1.02
563 168900 1.0 1.02
564 169200 1.0 1.02
565 169500 1.0 1.02
566 169800 1.0 1.02
567 170100 1.0 1.02
568 170400 1.0 1.02
569 170700 1.0 1.02
570 171000 1.0 1.02
571 171300 1.0 1.01
572 171600 1.0 1.01
573 171900 1.0 1.01
574 172200 1.0 1.01
575 172500 1.0 1.01
576 172800 1.0 1.01
577 173100 1.0 1.01
578 173400 1.0 1.01
579 173700 1.0 1.01
580 174000 1.0 1.01
581 174300 1.0 1.01
582 174600 1.0 1.01
583 174900 1.0 1.0
584 175200 1.0 1.0
585 175500 1.0 1.0
586 175800 1.0 1.0
587 176100 1.0 1.0
588 176400 1.0 1.0
589 176700 1.0 1.0
590 177000 1.0 1.0
591 177300 2.0 1.01
592 177600 1.0 1.01
593 177900 1.0 1.01
594 178200 1.0 1.01
595 178500 1.0 1.02
596 178800 1.0 1.02
597 179100 1.0 1.02
598 179400 1.0 1.02
599 179700 1.0 1.02
600 180000 1.0 1.02
601 180300 1.0 1.02
602 180600 1.0 1.02
603 180900 1.0 1.02
604 181200 1.0 1.02
605 181500 1.0 1.02
606 181800 1.0 1.02
607 182100 1.0 1.01
608 182400 1.0 1.01
609 182700 1.0 1.01
610 183000 1.0 1.01
611 183300 1.0 1.01
612 183600 1.0 1.01
613 183900 1.0 1.01
614 184200 1.0 1.01
615 184500 1.0 1.01
616 184800 1.0 1.01
617 185100 1.0 1.01
618 185400 1.0 1.01
619 185700 1.0 1.01
620 186000 1.0 1.01
621 186300 1.0 1.01
622 186600 1.0 1.01
623 186900 1.0 1.01
624 187200 1.0 1.01
625 187500 1.0 1.01
626 187800 1.0 1.01
627 188100 1.0 1.01
628 188400 1.0 1.01
629 188700 1.0 1.01
630 189000 1.0 1.01
631 189300 1.0 1.01
632 189600 1.0 1.01
633 189900 1.0 1.01
634 190200 1.0 1.01
635 190500 1.0 1.01
636 190800 2.0 1.02
637 191100 1.0 1.02
638 191400 1.0 1.02
639 191700 1.0 1.02
640 192000 1.0 1.02
641 192300 1.0 1.02
642 192600 1.0 1.02
643 192900 1.0 1.02
644 193200 1.0 1.02
645 193500 1.0 1.02
646 193800 1.0 1.02
647 194100 1.0 1.02
648 194400 1.0 1.02
649 194700 1.0 1.02
650 195000 1.0 1.02
651 195300 1.0 1.02
652 195600 1.0 1.02
653 195900 1.0 1.02
654 196200 1.0 1.02
655 196500 1.0 1.02
656 196800 1.0 1.02
657 197100 2.0 1.03
658 197400 1.0 1.03
659 197700 1.0 1.03
660 198000 1.0 1.03
661 198300 1.0 1.03
662 198600 1.0 1.03
663 198900 1.0 1.03
664 199200 1.0 1.03
665 199500 1.0 1.03
666 199800 1.0 1.03
667 200100 1.0 1.03
668 200400 1.0 1.03
669 200700 1.0 1.03
670 201000 1.0 1.03
671 201300 1.0 1.03
672 201600 1.0 1.03
673 201900 1.0 1.03
674 202200 1.0 1.03
675 202500 1.0 1.03
676 202800 1.0 1.03
677 203100 1.0 1.03
678 203400 1.0 1.03
679 203700 1.0 1.03
680 204000 1.0 1.03
681 204300 1.0 1.03
682 204600 1.0 1.03
683 204900 1.0 1.03
684 205200 1.0 1.03
685 205500 1.0 1.03
686 205800 1.0 1.03
687 206100 1.0 1.03
688 206400 1.0 1.03
689 206700 1.0 1.03
690 207000 1.0 1.03
691 207300 1.0 1.02
692 207600 1.0 1.02
693 207900 1.0 1.02
694 208200 1.0 1.02
695 208500 1.0 1.02
696 208800 1.0 1.02
697 209100 1.0 1.02
698 209400 1.0 1.02
699 209700 1.0 1.02
700 210000 1.0 1.02
701 210300 1.0 1.02
702 210600 1.0 1.02
703 210900 1.0 1.02
704 211200 1.0 1.02
705 211500 1.0 1.02
706 211800 1.0 1.02
707 212100 1.0 1.02
708 212400 1.0 1.02
709 212700 1.0 1.02
710 213000 1.0 1.02
711 213300 1.0 1.02
712 213600 1.0 1.02
713 213900 1.0 1.02
714 214200 1.0 1.02
715 214500 1.0 1.02
716 214800 1.0 1.02
717 215100 1.0 1.02
718 215400 1.0 1.02
719 215700 1.0 1.02
720 216000 1.0 1.02
721 216300 1.0 1.02
722 216600 1.0 1.02
723 216900 1.0 1.02
724 217200 1.0 1.02
725 217500 1.0 1.02
726 217800 1.0 1.02
727 218100 1.0 1.02
728 218400 1.0 1.02
729 218700 1.0 1.02
730 219000 1.0 1.02
731 219300 1.0 1.02
732 219600 1.0 1.02
733 219900 1.0 1.02
734 220200 1.0 1.02
735 220500 1.0 1.02
736 220742 3.0 1.03
737 221042 1.0 1.03
738 221342 1.0 1.03
739 221642 1.0 1.03
740 221942 1.0 1.03
741 222242 1.0 1.03
742 222542 1.0 1.03
743 222842 1.0 1.03
744 223142 1.0 1.03
745 223442 1.0 1.03
746 223742 1.0 1.03
747 224042 1.0 1.03
748 224342 1.0 1.03
749 224642 1.0 1.03
750 224942 1.0 1.03
751 225242 1.0 1.03
752 225542 1.0 1.03
753 225842 1.0 1.03
754 226142 1.0 1.03
755 226442 1.0 1.03
756 226742 1.0 1.03
757 227042 1.0 1.02
758 227342 1.0 1.02
759 227642 1.0 1.02
760 227942 1.0 1.02
761 228242 1.0 1.02
762 228542 1.0 1.02
763 228842 1.0 1.02
764 229142 1.0 1.02
765 229442 1.0 1.02
766 229742 1.0 1.02
767 230042 1.0 1.02
768 230342 1.0 1.02
769 230642 1.0 1.02
770 230942 1.0 1.02
771 231242 1.0 1.02
772 231542 1.0 1.02
773 231842 1.0 1.02
774 232142 1.0 1.02
775 232442 1.0 1.02
776 232742 1.0 1.02
777 233042 0.0 1.01
778 233342 1.0 1.01
779 233642 1.0 1.01
780 233942 1.0 1.01
781 234242 1.0 1.01
782 234542 1.0 1.01
783 234842 1.0 1.01
784 235142 1.0 1.01
785 235442 1.0 1.01
786 235742 1.0 1.01
787 236042 2.0 1.02
788 236342 1.0 1.02
789 236642 1.0 1.02
790 236942 1.0 1.02
791 237242 1.0 1.02
792 237542 1.0 1.02
793 237842 1.0 1.02
794 238142 1.0 1.02
795 238442 1.0 1.02
796 238742 1.0 1.02
797 239042 1.0 1.02
798 239342 1.0 1.02
799 239642 1.0 1.02
800 239942 1.0 1.02
801 240242 1.0 1.02
802 240542 1.0 1.02
803 240842 1.0 1.02
804 241142 1.0 1.02
805 241442 1.0 1.02
806 241742 1.0 1.02
807 242042 2.0 1.03
808 242342 1.0 1.03
809 242642 1.0 1.03
810 242942 1.0 1.03
811 243242 1.0 1.03
812 243542 1.0 1.03
813 243842 1.0 1.03
814 244142 1.0 1.03
815 244442 1.0 1.03
816 244742 1.0 1.03
817 245042 1.0 1.03
818 245342 1.0 1.03
819 245642 1.0 1.03
820 245942 1.0 1.03
821 246242 1.0 1.03
822 246542 1.0 1.03
823 246842 1.0 1.03
824 247142 1.0 1.03
825 247442 1.0 1.03
826 247742 1.0 1.03
827 248042 1.0 1.03
828 248342 1.0 1.03
829 248642 1.0 1.03
830 248942 1.0 1.03
831 249242 1.0 1.03
832 249542 1.0 1.03
833 249842 1.0 1.03
834 250142 1.0 1.03
835 250442 1.0 1.03
836 250742 1.0 1.01
837 251042 1.0 1.01
838 251342 1.0 1.01
839 251642 1.0 1.01
840 251942 1.0 1.01
841 252242 1.0 1.01
842 252542 1.0 1.01
843 252842 1.0 1.01
844 253142 1.0 1.01
845 253442 1.0 1.01
846 253742 1.0 1.01
847 254042 1.0 1.01
848 254342 1.0 1.01
849 254642 1.0 1.01
850 254942 1.0 1.01
851 255242 1.0 1.01
852 255542 1.0 1.01
853 255842 1.0 1.01
854 256142 1.0 1.01
855 256442 1.0 1.01
856 256742 1.0 1.01
857 257042 1.0 1.01
858 257342 1.0 1.01
859 257642 1.0 1.01
860 257942 1.0 1.01
861 258242 1.0 1.01
862 258542 1.0 1.01
863 258842 1.0 1.01
864 259142 1.0 1.01
865 259442 1.0 1.01
866 259742 1.0 1.01
867 260042 1.0 1.01
868 260342 1.0 1.01
869 260642 1.0 1.01
870 260942 1.0 1.01
871 261242 1.0 1.01
872 261542 1.0 1.01
873 261842 1.0 1.01
874 262142 1.0 1.01
875 262442 1.0 1.01
876 262742 1.0 1.01
877 263042 1.0 1.02
878 263342 1.0 1.02
879 263642 1.0 1.02
880 263942 1.0 1.02
881 264242 1.0 1.02
882 264542 1.0 1.02
883 264842 1.0 1.02
884 265142 1.0 1.02
885 265442 1.0 1.02
886 265742 1.0 1.02
887 266042 1.0 1.01
888 266342 1.0 1.01
889 266642 1.0 1.01
890 266942 1.0 1.01
891 267242 1.0 1.01
892 267542 1.0 1.01
893 267842 1.0 1.01
894 268142 1.0 1.01
895 268442 1.0 1.01
896 268742 1.0 1.01
897 269042 1.0 1.01
898 269342 1.0 1.01
899 269642 1.0 1.01
900 269942 1.0 1.01
901 270242 1.0 1.01
902 270542 2.0 1.02
903 270842 1.0 1.02
904 271142 1.0 1.02
905 271442 1.0 1.02
906 271742 1.0 1.02
907 272042 1.0 1.01
908 272342 1.0 1.01
909 272642 1.0 1.01
910 272942 1.0 1.01
911 273242 1.0 1.01
912 273542 1.0 1.01
913 273842 1.0 1.01
914 274142 1.0 1.01
915 274442 1.0 1.01
916 274742 1.0 1.01
917 275042 1.0 1.01
918 275342 1.0 1.01
919 275642 1.0 1.01
920 275942 1.0 1.01
921 276242 1.0 1.01
922 276542 1.0 1.01
923 276842 1.0 1.01
924 277142 1.0 1.01
925 277442 1.0 1.01
926 277742 1.0 1.01
927 278042 1.0 1.01
928 278342 1.0 1.01
929 278642 1.0 1.01
930 278942 1.0 1.01
931 279242 1.0 1.01
932 279542 1.0 1.01
933 279842 1.0 1.01
934 280142 1.0 1.01
935 280442 1.0 1.01
936 280742 1.0 1.01
937 281042 1.0 1.01
938 281342 1.0 1.01
939 281642 1.0 1.01
940 281942 1.0 1.01
941 282242 1.0 1.01
942 282542 1.0 1.01
943 282842 1.0 1.01
944 283142 1.0 1.01
945 283442 1.0 1.01
946 283742 1.0 1.01
947 284042 1.0 1.01
948 284342 1.0 1.01
949 284642 1.0 1.01
950 284942 1.0 1.01
951 285242 1.0 1.01
952 285542 1.0 1.01
953 285842 1.0 1.01
954 286142 1.0 1.01
955 286442 1.0 1.01
956 286742 1.0 1.01
957 287042 1.0 1.01
958 287342 1.0 1.01
959 287642 1.0 1.01
960 287942 1.0 1.01
961 288242 1.0 1.01
962 288542 1.0 1.01
963 288842 1.0 1.01
964 289142 1.0 1.01
965 289442 1.0 1.01
966 289742 1.0 1.01
967 290042 1.0 1.01
968 290342 1.0 1.01
969 290642 1.0 1.01
970 290942 1.0 1.01
971 291242 1.0 1.01
972 291542 1.0 1.01
973 291842 1.0 1.01
974 292142 1.0 1.01
975 292442 1.0 1.01
976 292742 1.0 1.01
977 293042 1.0 1.01
978 293342 1.0 1.01
979 293642 1.0 1.01
980 293942 1.0 1.01
981 294242 1.0 1.01
982 294542 1.0 1.01
983 294842 1.0 1.01
984 295142 1.0 1.01
985 295442 1.0 1.01
986 295742 1.0 1.01
987 296042 1.0 1.01
988 296342 1.0 1.01
989 296642 1.0 1.01
990 296942 1.0 1.01
991 297242 1.0 1.01
992 297542 1.0 1.01
993 297842 1.0 1.01
994 298142 1.0 1.01
995 298442 1.0 1.01
996 298742 1.0 1.01
997 299042 1.0 1.01
998 299342 1.0 1.01
999 299642 1.0 1.01
1000 299942 1.0 1.01
1001 300242 1.0 1.01
1002 300542 1.0 1.0
1003 300842 1.0 1.0
1004 301142 1.0 1.0
1005 301442 1.0 1.0
1006 301742 1.0 1.0
1007 302042 1.0 1.0
1008 302342 1.0 1.0
1009 302642 1.0 1.0
1010 302942 1.0 1.0
1011 303242 1.0 1.0
1012 303542 1.0 1.0
1013 303842 1.0 1.0
1014 304142 1.0 1.0
1015 304442 1.0 1.0
1016 304742 1.0 1.0
1017 305042 1.0 1.0
1018 305342 1.0 1.0
1019 305642 1.0 1.0
1020 305942 1.0 1.0
1021 306242 1.0 1.0
1022 306542 1.0 1.0
1023 306842 1.0 1.0
1024 307142 1.0 1.0
1025 307442 1.0 1.0
1026 307742 1.0 1.0
1027 308042 1.0 1.0
1028 308342 1.0 1.0
1029 308642 1.0 1.0
1030 308942 1.0 1.0
1031 309242 1.0 1.0
1032 309542 1.0 1.0
1033 309842 1.0 1.0
1034 310142 1.0 1.0
1035 310442 1.0 1.0
1036 310742 1.0 1.0
1037 311042 1.0 1.0
1038 311342 1.0 1.0
1039 311642 1.0 1.0
1040 311942 1.0 1.0
1041 312242 1.0 1.0
1042 312542 1.0 1.0
1043 312842 1.0 1.0
1044 313142 1.0 1.0
1045 313442 1.0 1.0
1046 313742 1.0 1.0
1047 314042 1.0 1.0
1048 314342 1.0 1.0
1049 314642 1.0 1.0
1050 314942 1.0 1.0
1051 315242 1.0 1.0
1052 315542 1.0 1.0
1053 315842 2.0 1.01
1054 316142 1.0 1.01
1055 316442 1.0 1.01
1056 316742 1.0 1.01
1057 317042 1.0 1.01
1058 317342 1.0 1.01
1059 317642 1.0 1.01
1060 317942 1.0 1.01
1061 318242 1.0 1.01
1062 318542 1.0 1.01
1063 318842 1.0 1.01
1064 319138 3.0 1.03
1065 319438 1.0 1.03
1066 319738 1.0 1.03
1067 320038 1.0 1.03
1068 320338 1.0 1.03
1069 320638 1.0 1.03
1070 320938 1.0 1.03
1071 321238 1.0 1.03
1072 321538 2.0 1.04
1073 321838 1.0 1.04
1074 322138 1.0 1.04
1075 322438 1.0 1.04
1076 322738 1.0 1.04
1077 323038 1.0 1.04
1078 323338 1.0 1.04
1079 323638 1.0 1.04
1080 323938 1.0 1.04
1081 324238 2.0 1.05
1082 324538 1.0 1.05
1083 324838 2.0 1.06
1084 325138 1.0 1.06
1085 325438 2.0 1.07
1086 325738 1.0 1.07
1087 326038 1.0 1.07
1088 326338 1.0 1.07
1089 326638 1.0 1.07
1090 326938 1.0 1.07
1091 327238 1.0 1.07
1092 327538 1.0 1.07
1093 327838 1.0 1.07
1094 328138 1.0 1.07
1095 328438 1.0 1.07
1096 328738 1.0 1.07
1097 329038 1.0 1.07
1098 329338 1.0 1.07
1099 329638 1.0 1.07
1100 329938 1.0 1.07
1101 330238 1.0 1.07
1102 330538 1.0 1.07
1103 330838 1.0 1.07
1104 331138 1.0 1.07
1105 331438 1.0 1.07
1106 331738 1.0 1.07
1107 332038 1.0 1.07
1108 332338 1.0 1.07
1109 332638 1.0 1.07
1110 332938 1.0 1.07
1111 333238 1.0 1.07
1112 333538 1.0 1.07
1113 333838 1.0 1.07
1114 334138 1.0 1.07
1115 334438 1.0 1.07
1116 334738 1.0 1.07
1117 335038 1.0 1.07
1118 335338 1.0 1.07
1119 335638 1.0 1.07
1120 335938 1.0 1.07
1121 336238 1.0 1.07
1122 336538 1.0 1.07
1123 336838 1.0 1.07
1124 337138 1.0 1.07
1125 337438 1.0 1.07
1126 337738 1.0 1.07
1127 338038 1.0 1.07
1128 338338 1.0 1.07
1129 338638 1.0 1.07
1130 338938 1.0 1.07
1131 339238 1.0 1.07
1132 339538 1.0 1.07
1133 339838 1.0 1.07
1134 340138 1.0 1.07
1135 340438 1.0 1.07
1136 340738 1.0 1.07
1137 341038 1.0 1.07
1138 341338 1.0 1.07
1139 341638 1.0 1.07
1140 341938 1.0 1.07
1141 342238 1.0 1.07
1142 342538 1.0 1.07
1143 342838 1.0 1.07
1144 343138 1.0 1.07
1145 343438 1.0 1.07
1146 343738 2.0 1.08
1147 344038 1.0 1.08
1148 344338 1.0 1.08
1149 344638 1.0 1.08
1150 344938 1.0 1.08
1151 345238 1.0 1.08
1152 345538 1.0 1.08
1153 345838 1.0 1.07
1154 346138 2.0 1.08
1155 346438 1.0 1.08
1156 346738 1.0 1.08
1157 347038 1.0 1.08
1158 347338 1.0 1.08
1159 347638 1.0 1.08
1160 347938 1.0 1.08
1161 348238 1.0 1.08
1162 348538 1.0 1.08
1163 348838 1.0 1.08
1164 349138 1.0 1.06
1165 349438 1.0 1.06
1166 349738 1.0 1.06
1167 350038 1.0 1.06
1168 350338 1.0 1.06
1169 350638 1.0 1.06
1170 350938 1.0 1.06
1171 351238 1.0 1.06
1172 351538 1.0 1.05
1173 351838 1.0 1.05
1174 352138 1.0 1.05
1175 352438 1.0 1.05
1176 352738 1.0 1.05
1177 353038 1.0 1.05
1178 353338 1.0 1.05
1179 353638 1.0 1.05
1180 353938 1.0 1.05
1181 354238 1.0 1.04
1182 354538 1.0 1.04
1183 354838 1.0 1.03
1184 355138 1.0 1.03
1185 355438 1.0 1.02
1186 355738 1.0 1.02
1187 356038 1.0 1.02
1188 356338 1.0 1.02
1189 356638 1.0 1.02
1190 356938 1.0 1.02
1191 357238 1.0 1.02
1192 357538 1.0 1.02
1193 357838 1.0 1.02
1194 358138 1.0 1.02
1195 358438 1.0 1.02
1196 358738 1.0 1.02
1197 359038 1.0 1.02
1198 359338 1.0 1.02
1199 359638 1.0 1.02
1200 359938 1.0 1.02
1201 360238 1.0 1.02
1202 360538 1.0 1.02
1203 360838 2.0 1.03
1204 361138 1.0 1.03
1205 361438 1.0 1.03
1206 361738 1.0 1.03
1207 362038 1.0 1.03
1208 362338 2.0 1.04
1209 362638 1.0 1.04
1210 362938 1.0 1.04
1211 363238 1.0 1.04
1212 363538 1.0 1.04
1213 363838 2.0 1.05
1214 364138 2.0 1.06
1215 364438 1.0 1.06
1216 364738 1.0 1.06
1217 365038 1.0 1.06
1218 365338 1.0 1.06
1219 365638 1.0 1.06
1220 365938 1.0 1.06
1221 366238 1.0 1.06
1222 366538 1.0 1.06
1223 366838 1.0 1.06
1224 367138 1.0 1.06
1225 367438 1.0 1.06
1226 367738 1.0 1.06
1227 368038 1.0 1.06
1228 368338 1.0 1.06
1229 368638 1.0 1.06
1230 368938 1.0 1.06
1231 369238 2.0 1.07
1232 369538 1.0 1.07
1233 369838 1.0 1.07
1234 370138 1.0 1.07
1235 370438 1.0 1.07
1236 370738 1.0 1.07
1237 371038 1.0 1.07
1238 371338 1.0 1.07
1239 371638 1.0 1.07
1240 371938 1.0 1.07
1241 372238 1.0 1.07
1242 372538 1.0 1.07
1243 372838 1.0 1.07
1244 373138 1.0 1.07
1245 373438 1.0 1.07
1246 373738 1.0 1.06
1247 374038 1.0 1.06
1248 374338 1.0 1.06
1249 374638 1.0 1.06
1250 374938 1.0 1.06
1251 375238 1.0 1.06
1252 375538 1.0 1.06
1253 375838 1.0 1.06
1254 376138 1.0 1.05
1255 376438 1.0 1.05
1256 376738 1.0 1.05
1257 377038 2.0 1.06
1258 377338 1.0 1.06
1259 377638 1.0 1.06
1260 377938 1.0 1.06
1261 378238 1.0 1.06
1262 378538 1.0 1.06
1263 378838 1.0 1.06
1264 379138 1.0 1.06
1265 379438 1.0 1.06
1266 379738 1.0 1.06
1267 380038 1.0 1.06
1268 380338 1.0 1.06
1269 380638 1.0 1.06
1270 380938 1.0 1.06
1271 381238 1.0 1.06
1272 381538 1.0 1.06
1273 381838 1.0 1.06
1274 382138 1.0 1.06
1275 382438 1.0 1.06
1276 382738 1.0 1.06
1277 383038 1.0 1.06
1278 383338 2.0 1.07
1279 383638 1.0 1.07
1280 383938 1.0 1.07
1281 384238 1.0 1.07
1282 384538 1.0 1.07
1283 384838 1.0 1.07
1284 385138 2.0 1.08
1285 385438 1.0 1.08
1286 385738 1.0 1.08
1287 386038 1.0 1.08
1288 386338 1.0 1.08
1289 386638 1.0 1.08
1290 386938 1.0 1.08
1291 387238 1.0 1.08
1292 387538 1.0 1.08
1293 387838 1.0 1.08
1294 388138 2.0 1.09
1295 388438 1.0 1.09
1296 388738 1.0 1.09
1297 389038 1.0 1.09
1298 389338 1.0 1.09
1299 389638 1.0 1.09
1300 389938 1.0 1.09
1301 390238 1.0 1.09
1302 390538 1.0 1.09
1303 390838 1.0 1.08
1304 391138 1.0 1.08
1305 391438 1.0 1.08
1306 391738 1.0 1.08
1307 392038 1.0 1.08
1308 392338 1.0 1.07
1309 392638 1.0 1.07
1310 392938 1.0 1.07
1311 393238 1.0 1.07
1312 393538 1.0 1.07
1313 393838 1.0 1.06
1314 394138 1.0 1.05
1315 394438 1.0 1.05
1316 394738 1.0 1.05
1317 395038 1.0 1.05
1318 395338 1.0 1.05
1319 395638 1.0 1.05
1320 395938 1.0 1.05
1321 396238 1.0 1.05
1322 396538 1.0 1.05
1323 396838 1.0 1.05
1324 397138 1.0 1.05
1325 397438 2.0 1.06
1326 397738 1.0 1.06
1327 398038 2.0 1.07
1328 398338 1.0 1.07
1329 398638 1.0 1.07
1330 398938 1.0 1.07
1331 399238 1.0 1.06
1332 399538 1.0 1.06
1333 399838 1.0 1.06
1334 400138 1.0 1.06
