1 300 0.0
2 600 0.0
3 900 0.0
4 1200 0.0
5 1500 0.0
6 1800 0.0
7 2100 0.0
8 2400 0.0
9 2700 0.0
10 3000 0.0
11 3300 0.0
12 3600 0.0
13 3900 0.0
14 4200 0.0
15 4500 0.0
16 4800 0.0
17 5100 0.0
18 5400 0.0
19 5700 0.0
20 6000 0.0
21 6300 0.0
22 6600 0.0
23 6900 0.0
24 7200 0.0
25 7500 0.0
26 7800 0.0
27 8100 0.0
28 8400 0.0
29 8700 0.0
30 9000 0.0
31 9300 0.0
32 9600 0.0
33 9900 0.0
34 10200 0.0
35 10500 0.0
36 10800 0.0
37 11100 0.0
38 11400 0.0
39 11700 0.0
40 12000 0.0
41 12300 0.0
42 12600 0.0
43 12900 0.0
44 13200 0.0
45 13500 0.0
46 13800 0.0
47 14100 0.0
48 14400 0.0
49 14700 0.0
50 15000 0.0
51 15300 0.0
52 15600 0.0
53 15900 0.0
54 16200 0.0
55 16500 0.0
56 16800 0.0
57 17100 0.0
58 17400 0.0
59 17700 0.0
60 18000 0.0
61 18300 0.0
62 18600 0.0
63 18900 0.0
64 19200 0.0
65 19500 0.0
66 19800 0.0
67 20100 0.0
68 20400 0.0
69 20700 0.0
70 21000 0.0
71 21300 0.0
72 21600 0.0
73 21900 0.0
74 22200 0.0
75 22500 0.0
76 22800 0.0
77 23100 0.0
78 23400 0.0
79 23700 0.0
80 24000 0.0
81 24300 0.0
82 24600 0.0
83 24900 0.0
84 25200 0.0
85 25500 0.0
86 25800 0.0
87 26100 0.0
88 26400 0.0
89 26700 0.0
90 27000 0.0
91 27300 0.0
92 27600 0.0
93 27900 0.0
94 28200 0.0
95 28500 0.0
96 28800 0.0
97 29100 0.0
98 29400 0.0
99 29700 0.0
100 30000 0.0
101 30300 0.0
102 30600 0.0
103 30900 0.0
104 31200 0.0
105 31500 0.0
106 31800 0.0
107 32100 0.0
108 32400 0.0
109 32700 0.0
110 33000 0.0
111 33300 0.0
112 33600 0.0
113 33900 0.0
114 34200 0.0
115 34500 0.0
116 34800 0.0
117 35100 0.0
118 35400 0.0
119 35700 0.0
120 36000 0.0
121 36300 0.0
122 36600 0.0
123 36900 0.0
124 37200 0.0
125 37500 0.0
126 37800 0.0
127 38100 0.0
128 38400 0.0
129 38700 0.0
130 39000 0.0
131 39300 0.0
132 39600 0.0
133 39900 0.0
134 40200 0.0
135 40500 0.0
136 40800 0.0
137 41100 0.0
138 41400 0.0
139 41700 0.0
140 42000 0.0
141 42300 0.0
142 42600 0.0
143 42900 0.0
144 43200 0.0
145 43500 0.0
146 43800 0.0
147 44100 0.0
148 44400 0.0
149 44700 0.0
150 45000 0.0
151 45300 0.0
152 45600 0.0
153 45900 0.0
154 46200 0.0
155 46500 0.0
156 46800 0.0
157 47100 0.0
158 47400 0.0
159 47700 0.0
160 48000 0.0
161 48300 0.0
162 48600 0.0
163 48900 0.0
164 49200 0.0
165 49500 0.0
166 49800 0.0
167 50100 0.0
168 50400 0.0
169 50700 0.0
170 51000 0.0
171 51300 0.0
172 51600 0.0
173 51900 0.0
174 52200 0.0
175 52500 0.0
176 52800 0.0
177 53100 0.0
178 53400 0.0
179 53700 0.0
180 54000 0.0
181 54300 0.0
182 54600 0.0
183 54900 0.0
184 55200 0.0
185 55500 0.0
186 55800 0.0
187 56100 0.0
188 56400 0.0
189 56700 0.0
190 57000 0.0
191 57300 0.0
192 57600 0.0
193 57900 0.0
194 58200 0.0
195 58500 0.0
196 58800 0.0
197 59100 0.0
198 59400 0.0
199 59700 0.0
200 60000 0.0
201 60300 0.0
202 60600 0.0
203 60900 0.0
204 61200 0.0
205 61500 0.0
206 61800 0.0
207 62100 0.0
208 62400 0.0
209 62700 0.0
210 63000 0.0
211 63300 0.0
212 63600 0.0
213 63900 0.0
214 64200 0.0
215 64500 0.0
216 64800 0.0
217 65100 0.0
218 65400 0.0
219 65700 0.0
220 66000 0.0
221 66300 0.0
222 66600 0.0
223 66900 0.0
224 67200 0.0
225 67500 0.0
226 67800 0.0
227 68100 0.0
228 68400 0.0
229 68700 0.0
230 69000 0.0
231 69300 0.0
232 69600 0.0
233 69900 0.0
234 70200 0.0
235 70500 0.0
236 70800 0.0
237 71100 0.0
238 71400 0.0
239 71700 0.0
240 72000 0.0
241 72300 0.0
242 72600 0.0
243 72900 0.0
244 73200 0.0
245 73500 0.0
246 73800 0.0
247 74100 0.0
248 74400 0.0
249 74700 0.0
250 75000 0.0
251 75300 0.0
252 75600 0.0
253 75900 0.0
254 76200 0.0
255 76500 0.0
256 76800 0.0
257 77100 0.0
258 77400 0.0
259 77700 0.0
260 78000 0.0
261 78300 0.0
262 78600 0.0
263 78900 0.0
264 79200 0.0
265 79500 0.0
266 79800 0.0
267 80100 0.0
268 80400 0.0
269 80700 0.0
270 81000 0.0
271 81300 0.0
272 81600 0.0
273 81900 0.0
274 82200 0.0
275 82500 0.0
276 82800 0.0
277 83100 0.0
278 83400 0.0
279 83700 0.0
280 84000 0.0
281 84300 0.0
282 84600 0.0
283 84900 0.0
284 85200 0.0
285 85500 0.0
286 85800 0.0
287 86100 0.0
288 86400 0.0
289 86700 0.0
290 87000 0.0
291 87300 0.0
292 87600 0.0
293 87900 0.0
294 88200 0.0
295 88500 0.0
296 88800 0.0
297 89100 0.0
298 89400 0.0
299 89700 0.0
300 90000 0.0
301 90300 0.0
302 90600 0.0
303 90900 0.0
304 91200 0.0
305 91500 0.0
306 91800 0.0
307 92100 0.0
308 92400 0.0
309 92700 0.0
310 93000 0.0
311 93300 0.0
312 93600 0.0
313 93900 0.0
314 94200 0.0
315 94500 0.0
316 94800 0.0
317 95100 0.0
318 95400 0.0
319 95700 0.0
320 96000 0.0
321 96300 0.0
322 96600 0.0
323 96900 0.0
324 97200 0.0
325 97500 0.0
326 97800 0.0
327 98100 0.0
328 98400 0.0
329 98700 0.0
330 99000 0.0
331 99300 0.0
332 99600 0.0
333 99900 0.0
334 100200 0.0
335 100500 0.0
336 100800 0.0
337 101100 0.0
338 101400 0.0
339 101700 0.0
340 102000 0.0
341 102300 0.0
342 102600 0.0
343 102900 0.0
344 103200 0.0
345 103500 0.0
346 103800 0.0
347 104100 0.0
348 104400 0.0
349 104700 0.0
350 105000 0.0
351 105300 0.0
352 105600 0.0
353 105900 0.0
354 106200 0.0
355 106500 0.0
356 106800 0.0
357 107100 0.0
358 107400 0.0
359 107700 0.0
360 108000 0.0
361 108300 0.0
362 108600 0.0
363 108900 0.0
364 109200 0.0
365 109500 0.0
366 109800 0.0
367 110100 0.0
368 110400 0.0
369 110700 0.0
370 111000 0.0
371 111300 0.0
372 111600 0.0
373 111900 0.0
374 112200 0.0
375 112500 0.0
376 112800 0.0
377 113100 0.0
378 113400 0.0
379 113700 0.0
380 114000 0.0
381 114300 0.0
382 114600 0.0
383 114900 0.0
384 115200 0.0
385 115500 0.01
386 115800 0.01
387 116100 0.01
388 116400 0.01
389 116700 0.01
390 117000 0.02
391 117300 0.02
392 117600 0.02
393 117900 0.02
394 118200 0.02
395 118500 0.03
396 118800 0.03
397 119100 0.03
398 119400 0.03
399 119700 0.03
400 120000 0.03
401 120300 0.04
402 120600 0.04
403 120900 0.04
404 121200 0.04
405 121500 0.05
406 121800 0.05
407 122100 0.060000000000000005
408 122400 0.07
409 122700 0.07
410 123000 0.08
411 123300 0.08
412 123600 0.08
413 123900 0.08
414 124200 0.08
415 124500 0.08
416 124800 0.08
417 125100 0.08
418 125400 0.09
419 125700 0.09999999999999999
420 126000 0.10999999999999999
421 126300 0.11999999999999998
422 126600 0.12999999999999998
423 126900 0.14
424 127200 0.14
425 127500 0.15000000000000002
426 127800 0.16000000000000003
427 128100 0.17000000000000004
428 128400 0.17000000000000004
429 128700 0.18000000000000002
430 129000 0.18
431 129300 0.19
432 129600 0.20000000000000004
433 129900 0.21000000000000002
434 130200 0.22000000000000003
435 130500 0.23000000000000004
436 130800 0.24000000000000005
437 131100 0.25000000000000006
438 131400 0.26
439 131700 0.27
440 132000 0.28
441 132300 0.29000000000000004
442 132600 0.30000000000000004
443 132900 0.31000000000000005
444 133200 0.32000000000000006
445 133500 0.33000000000000007
446 133800 0.3400000000000001
447 134100 0.35000000000000003
448 134400 0.36000000000000004
449 134700 0.37000000000000005
450 135000 0.38000000000000006
451 135300 0.39000000000000007
452 135600 0.4
453 135900 0.41000000000000003
454 136200 0.42000000000000004
455 136500 0.43000000000000005
456 136800 0.44000000000000006
457 137100 0.45000000000000007
458 137400 0.45000000000000007
459 137700 0.4600000000000001
460 138000 0.4700000000000001
461 138300 0.48000000000000004
462 138600 0.49000000000000005
463 138900 0.5
464 139200 0.51
465 139500 0.52
466 139800 0.53
467 140100 0.54
468 140400 0.55
469 140700 0.56
470 141000 0.5700000000000001
471 141300 0.5800000000000001
472 141600 0.5900000000000001
473 141900 0.6000000000000001
474 142200 0.6100000000000001
475 142500 0.6200000000000001
476 142800 0.6300000000000001
477 143100 0.6400000000000001
478 143400 0.6500000000000001
479 143700 0.66
480 144000 0.67
481 144300 0.68
482 144600 0.6900000000000001
483 144900 0.7000000000000001
484 145182 0.71
485 145482 0.71
486 145782 0.72
487 146082 0.73
488 146382 0.74
489 146610 0.75
490 146910 0.75
491 147210 0.76
492 147510 0.77
493 147810 0.78
494 148048 0.79
495 148348 0.79
496 148648 0.8
497 148948 0.81
498 149248 0.8200000000000001
499 149548 0.8300000000000001
500 149752 0.8400000000000001
501 150052 0.8400000000000001
502 150352 0.8500000000000001
503 150652 0.8600000000000001
504 150854 0.8700000000000001
505 151154 0.8700000000000001
506 151344 0.8800000000000001
507 151484 0.8800000000000001
508 151784 0.8800000000000001
509 151911 0.8900000000000001
510 152211 0.8900000000000001
511 152511 0.9000000000000001
512 152811 0.9100000000000001
513 153111 0.9200000000000002
514 153411 0.9300000000000002
515 153711 0.9400000000000002
516 154011 0.9500000000000002
517 154187 0.9600000000000002
518 154335 0.9600000000000002
519 154571 0.9600000000000002
520 154809 0.9600000000000002
521 154988 0.9600000000000002
522 155179 0.9600000000000002
523 155479 0.9600000000000002
524 155637 0.9700000000000002
525 155846 0.9700000000000002
526 156106 0.9700000000000002
527 156406 0.9700000000000002
528 156678 0.9800000000000002
529 156978 0.9800000000000002
530 157117 0.9900000000000002
531 157283 0.9900000000000002
532 157510 0.9900000000000002
533 157768 0.9900000000000002
534 157968 0.9900000000000002
535 158117 0.9900000000000002
536 158281 0.9900000000000002
537 158526 0.9900000000000002
538 158751 0.9900000000000002
539 158877 0.9900000000000002
540 159028 0.9900000000000002
541 159160 0.9900000000000002
542 159317 0.9900000000000002
543 159472 0.9900000000000002
544 159669 0.9900000000000002
545 159858 0.9900000000000002
546 160078 0.9900000000000002
547 160255 0.9900000000000002
548 160476 0.9900000000000002
549 160693 0.9900000000000002
550 160893 0.9900000000000002
551 161010 0.9900000000000002
552 161174 0.9900000000000002
553 161366 0.9900000000000002
554 161535 0.9900000000000002
555 161774 0.9900000000000002
556 161906 0.9900000000000002
557 162206 0.9900000000000002
558 162391 1.0
559 162570 1.0
560 162693 1.0
561 162937 1.0
562 163036 1.0
563 163191 1.0
564 163295 1.0
565 163513 1.0
566 163675 1.0
567 163754 1.0
568 163992 1.0
569 164131 1.0
570 164305 1.0
571 164396 1.0
572 164562 1.0
573 164711 1.0
574 164869 1.0
575 164979 1.0
576 165081 1.0
577 165167 1.0
578 165269 1.0
579 165448 1.0
580 165598 1.0
581 165751 1.0
582 165958 1.0
583 166105 1.0
584 166397 1.0
585 166499 1.0
586 166705 1.0
587 166860 1.0
588 167009 1.0
589 167102 1.0
590 167261 1.0
591 167390 1.0
592 167567 1.0
593 167776 1.0
594 167882 1.0
595 167969 1.0
596 168153 1.0
597 168281 1.0
598 168380 1.0
599 168478 1.0
600 168573 1.0
601 168699 1.0
602 168840 1.0
603 168926 1.0
604 169021 1.0
605 169130 1.0
606 169281 1.0
607 169434 1.0
608 169630 1.0
609 169733 1.0
610 169817 1.0
611 170061 1.0
612 170294 1.0
613 170404 1.0
614 170507 1.0
615 170635 1.0
616 170749 1.0
617 170854 1.0
618 170995 1.0
619 171121 1.0
620 171214 1.0
621 171378 1.0
622 171501 1.0
623 171638 1.0
624 171809 1.0
625 171944 1.0
626 172026 1.0
627 172162 1.0
628 172254 1.0
629 172461 1.0
630 172570 1.0
631 172699 1.0
632 172793 1.0
633 173014 1.0
634 173108 1.0
635 173210 1.0
636 173299 1.0
637 173505 1.0
638 173587 1.0
639 173696 1.0
640 173864 1.0
641 174059 1.0
642 174243 1.0
643 174393 1.0
644 174498 1.0
645 174674 1.0
646 174760 1.0
647 174923 1.0
648 175076 1.0
649 175210 1.0
650 175331 1.0
651 175413 1.0
652 175498 1.0
653 175689 1.0
654 175779 1.0
655 175868 1.0
656 175978 1.0
657 176123 1.0
658 176248 1.0
659 176361 1.0
660 176625 1.0
661 176783 1.0
662 176898 1.0
663 177105 1.0
664 177221 1.0
665 177314 1.0
666 177406 1.0
667 177553 1.0
668 177667 1.0
669 177774 1.0
670 177899 1.0
671 178022 1.0
672 178151 1.0
673 178248 1.0
674 178353 1.0
675 178475 1.0
676 178588 1.0
677 178675 1.0
678 178794 1.0
679 178901 1.0
680 179027 1.0
681 179140 1.0
682 179225 1.0
683 179321 1.0
684 179404 1.0
685 179492 1.0
686 179621 1.0
687 179723 1.0
688 179842 1.0
689 179942 1.0
690 180044 1.0
691 180155 1.0
692 180273 1.0
693 180359 1.0
694 180480 1.0
695 180575 1.0
696 180660 1.0
697 180812 1.0
698 180956 1.0
699 181061 1.0
700 181167 1.0
701 181278 1.0
702 181370 1.0
703 181467 1.0
704 181583 1.0
705 181809 1.0
706 181969 1.0
707 182065 1.0
708 182176 1.0
709 182313 1.0
710 182424 1.0
711 182530 1.0
712 182668 1.0
713 182780 1.0
714 182909 1.0
715 183016 1.0
716 183108 1.0
717 183195 1.0
718 183285 1.0
719 183445 1.0
720 183537 1.0
721 183645 1.0
722 183741 1.0
723 183942 1.0
724 184066 1.0
725 184169 1.0
726 184298 1.0
727 184410 1.0
728 184498 1.0
729 184593 1.0
730 184765 1.0
731 184895 1.0
732 185026 1.0
733 185122 1.0
734 185201 1.0
735 185278 1.0
736 185407 1.0
737 185534 1.0
738 185627 1.0
739 185705 1.0
740 185866 1.0
741 185975 1.0
742 186106 1.0
743 186228 1.0
744 186305 1.0
745 186382 1.0
746 186548 1.0
747 186704 1.0
748 186806 1.0
749 186914 1.0
750 187036 1.0
751 187174 1.0
752 187274 1.0
753 187381 1.0
754 187506 1.0
755 187637 1.0
756 187712 1.0
757 187808 1.0
758 187916 1.0
759 188052 1.0
760 188160 1.0
761 188245 1.0
762 188328 1.0
763 188440 1.0
764 188535 1.0
765 188635 1.0
766 188807 1.0
767 188886 1.0
768 188979 1.0
769 189068 1.0
770 189205 1.0
771 189297 1.0
772 189387 1.0
773 189496 1.0
774 189628 1.0
775 189784 1.0
776 189921 1.0
777 190019 1.0
778 190142 1.0
779 190214 1.0
780 190308 1.0
781 190535 1.0
782 190672 1.0
783 190810 1.0
784 190929 1.0
785 191054 1.0
786 191166 1.0
787 191280 1.0
788 191378 1.0
789 191600 1.0
790 191741 1.0
791 191811 1.0
792 191933 1.0
793 192034 1.0
794 192099 1.0
795 192230 1.0
796 192333 1.0
797 192488 1.0
798 192655 1.0
799 192728 1.0
800 192815 1.0
801 192915 1.0
802 193038 1.0
803 193193 1.0
804 193355 1.0
805 193451 1.0
806 193549 1.0
807 193630 1.0
808 193744 1.0
809 193898 1.0
810 194045 1.0
811 194192 1.0
812 194314 1.0
813 194477 1.0
814 194630 1.0
815 194758 1.0
816 194921 1.0
817 195052 1.0
818 195152 1.0
819 195290 1.0
820 195445 1.0
821 195537 1.0
822 195658 1.0
823 195745 1.0
824 195848 1.0
825 196003 1.0
826 196184 1.0
827 196285 1.0
828 196357 1.0
829 196514 1.0
830 196613 1.0
831 196708 1.0
832 196909 1.0
833 197000 1.0
834 197096 1.0
835 197212 1.0
836 197327 1.0
837 197428 1.0
838 197507 1.0
839 197598 1.0
840 197671 1.0
841 197808 1.0
842 197946 1.0
843 198042 1.0
844 198129 1.0
845 198236 1.0
846 198358 1.0
847 198498 1.0
848 198610 1.0
849 198732 1.0
850 198824 1.0
851 198974 1.0
852 199074 1.0
853 199150 1.0
854 199263 1.0
855 199402 1.0
856 199477 1.0
857 199582 1.0
858 199653 1.0
859 199767 1.0
860 199913 1.0
861 200165 1.0
862 200264 1.0
863 200366 1.0
864 200461 1.0
865 200553 1.0
866 200649 1.0
867 200794 1.0
868 200931 1.0
869 201017 1.0
870 201097 1.0
871 201251 1.0
872 201362 1.0
873 201460 1.0
874 201555 1.0
875 201618 1.0
876 201746 1.0
877 201817 1.0
878 201953 1.0
879 202099 1.0
880 202189 1.0
881 202286 1.0
882 202372 1.0
883 202477 1.0
884 202581 1.0
885 202674 1.0
886 202763 1.0
887 202850 1.0
888 202935 1.0
889 203070 1.0
890 203150 1.0
891 203265 1.0
892 203352 1.0
893 203458 1.0
894 203581 1.0
895 203693 1.0
896 203773 1.0
897 203864 1.0
898 203950 1.0
899 204088 1.0
900 204189 1.0
901 204301 1.0
902 204388 1.0
903 204486 1.0
904 204574 1.0
905 204659 1.0
906 204762 1.0
907 204854 1.0
908 204936 1.0
909 205023 1.0
910 205118 1.0
911 205258 1.0
912 205375 1.0
913 205506 1.0
914 205635 1.0
915 205750 1.0
916 205852 1.0
917 205973 1.0
918 206081 1.0
919 206166 1.0
920 206332 1.0
921 206413 1.0
922 206497 1.0
923 206600 1.0
924 206707 1.0
925 206827 1.0
926 206931 1.0
927 207046 1.0
928 207186 1.0
929 207277 1.0
930 207356 1.0
931 207445 1.0
932 207577 1.0
933 207687 1.0
934 207796 1.0
935 207881 1.0
936 207965 1.0
937 208044 1.0
938 208118 1.0
939 208191 1.0
940 208278 1.0
941 208366 1.0
942 208495 1.0
943 208599 1.0
944 208738 1.0
945 208842 1.0
946 208969 1.0
947 209067 1.0
948 209156 1.0
949 209268 1.0
950 209365 1.0
951 209470 1.0
952 209585 1.0
953 209658 1.0
954 209788 1.0
955 209916 1.0
956 210007 1.0
957 210112 1.0
958 210195 1.0
959 210292 1.0
960 210376 1.0
961 210461 1.0
962 210550 1.0
963 210696 1.0
964 210847 1.0
965 210935 1.0
966 211059 1.0
967 211153 1.0
968 211245 1.0
969 211334 1.0
970 211429 1.0
971 211543 1.0
972 211627 1.0
973 211710 1.0
974 211805 1.0
975 211878 1.0
976 212004 1.0
977 212107 1.0
978 212180 1.0
979 212240 1.0
980 212339 1.0
981 212437 1.0
982 212556 1.0
983 212665 1.0
984 212764 1.0
985 212853 1.0
986 212930 1.0
987 213042 1.0
988 213181 1.0
989 213241 1.0
990 213317 1.0
991 213433 1.0
992 213539 1.0
993 213635 1.0
994 213755 1.0
995 213843 1.0
996 213936 1.0
997 214033 1.0
998 214114 1.0
999 214211 1.0
1000 214340 1.0
1001 214457 1.0
1002 214548 1.0
1003 214632 1.0
1004 214768 1.0
1005 214847 1.0
1006 214943 1.0
1007 215056 1.0
1008 215133 1.0
1009 215250 1.0
1010 215343 1.0
1011 215434 1.0
1012 215520 1.0
1013 215632 1.0
1014 215735 1.0
1015 215850 1.0
1016 215922 1.0
1017 216001 1.0
1018 216125 1.0
1019 216216 1.0
1020 216292 1.0
1021 216361 1.0
1022 216475 1.0
1023 216553 1.0
1024 216674 1.0
1025 216764 1.0
1026 216870 1.0
1027 216945 1.0
1028 217022 1.0
1029 217110 1.0
1030 217280 1.0
1031 217363 1.0
1032 217439 1.0
1033 217529 1.0
1034 217665 1.0
1035 217753 1.0
1036 217850 1.0
1037 217972 1.0
1038 218076 1.0
1039 218177 1.0
1040 218314 1.0
1041 218412 1.0
1042 218501 1.0
1043 218569 1.0
1044 218690 1.0
1045 218795 1.0
1046 218894 1.0
1047 218956 1.0
1048 219024 1.0
1049 219125 1.0
1050 219215 1.0
1051 219304 1.0
1052 219388 1.0
1053 219468 1.0
1054 219559 1.0
1055 219682 1.0
1056 219762 1.0
1057 219839 1.0
1058 219930 1.0
1059 220025 1.0
1060 220156 1.0
1061 220266 1.0
1062 220349 1.0
1063 220480 1.0
1064 220571 1.0
1065 220681 1.0
1066 220769 1.0
1067 220852 1.0
1068 220996 1.0
1069 221094 1.0
1070 221198 1.0
1071 221317 1.0
1072 221422 1.0
1073 221510 1.0
1074 221590 1.0
1075 221664 1.0
1076 221754 1.0
1077 221841 1.0
1078 221947 1.0
1079 222058 1.0
1080 222166 1.0
1081 222246 1.0
1082 222412 1.0
1083 222487 1.0
1084 222578 1.0
1085 222667 1.0
1086 222742 1.0
1087 222840 1.0
1088 222936 1.0
1089 223039 1.0
1090 223116 1.0
1091 223210 1.0
1092 223307 1.0
1093 223412 1.0
1094 223501 1.0
1095 223611 1.0
1096 223686 1.0
1097 223766 1.0
1098 223844 1.0
1099 223923 1.0
1100 223997 1.0
1101 224072 1.0
1102 224188 1.0
1103 224280 1.0
1104 224342 1.0
1105 224448 1.0
1106 224517 1.0
1107 224604 1.0
1108 224736 1.0
1109 224854 1.0
1110 224928 1.0
1111 225023 1.0
1112 225084 1.0
1113 225165 1.0
1114 225277 1.0
1115 225391 1.0
1116 225496 1.0
1117 225590 1.0
1118 225657 1.0
1119 225741 1.0
1120 225827 1.0
1121 225939 1.0
1122 226053 1.0
1123 226155 1.0
1124 226230 1.0
1125 226331 1.0
1126 226409 1.0
1127 226518 1.0
1128 226651 1.0
1129 226726 1.0
1130 226821 1.0
1131 226915 1.0
1132 227009 1.0
1133 227090 1.0
1134 227157 1.0
1135 227238 1.0
1136 227349 1.0
1137 227433 1.0
1138 227570 1.0
1139 227645 1.0
1140 227719 1.0
1141 227778 1.0
1142 227959 1.0
1143 228055 1.0
1144 228135 1.0
1145 228214 1.0
1146 228306 1.0
1147 228397 1.0
1148 228472 1.0
1149 228567 1.0
1150 228646 1.0
1151 228783 1.0
1152 228899 1.0
1153 229008 1.0
1154 229113 1.0
1155 229214 1.0
1156 229305 1.0
1157 229418 1.0
1158 229498 1.0
1159 229591 1.0
1160 229671 1.0
1161 229749 1.0
1162 229871 1.0
1163 229967 1.0
1164 230051 1.0
1165 230187 1.0
1166 230338 1.0
1167 230409 1.0
1168 230490 1.0
1169 230569 1.0
1170 230664 1.0
1171 230788 1.0
1172 230878 1.0
1173 230996 1.0
1174 231099 1.0
1175 231194 1.0
1176 231301 1.0
1177 231385 1.0
1178 231495 1.0
1179 231573 1.0
1180 231714 1.0
1181 231786 1.0
1182 231892 1.0
1183 231950 1.0
1184 232034 1.0
1185 232110 1.0
1186 232207 1.0
1187 232324 1.0
1188 232400 1.0
1189 232493 1.0
1190 232574 1.0
1191 232642 1.0
1192 232729 1.0
1193 232830 1.0
1194 232921 1.0
1195 232983 1.0
1196 233068 1.0
1197 233139 1.0
1198 233258 1.0
1199 233358 1.0
1200 233434 1.0
1201 233497 1.0
1202 233571 1.0
1203 233676 1.0
1204 233778 1.0
1205 233866 1.0
1206 233929 1.0
1207 234038 1.0
1208 234144 1.0
1209 234229 1.0
1210 234313 1.0
1211 234384 1.0
1212 234473 1.0
1213 234584 1.0
1214 234679 1.0
1215 234784 1.0
1216 234874 1.0
1217 234968 1.0
1218 235046 1.0
1219 235132 1.0
1220 235204 1.0
1221 235323 1.0
1222 235432 1.0
1223 235518 1.0
1224 235618 1.0
1225 235768 1.0
1226 235870 1.0
1227 235955 1.0
1228 236037 1.0
1229 236144 1.0
1230 236275 1.0
1231 236371 1.0
1232 236471 1.0
1233 236560 1.0
1234 236622 1.0
1235 236735 1.0
1236 236813 1.0
1237 236910 1.0
1238 236992 1.0
1239 237068 1.0
1240 237163 1.0
1241 237273 1.0
1242 237393 1.0
1243 237462 1.0
1244 237543 1.0
1245 237628 1.0
1246 237730 1.0
1247 237809 1.0
1248 237904 1.0
1249 238003 1.0
1250 238086 1.0
1251 238176 1.0
1252 238262 1.0
1253 238356 1.0
1254 238446 1.0
1255 238514 1.0
1256 238597 1.0
1257 238670 1.0
1258 238737 1.0
1259 238812 1.0
1260 238882 1.0
1261 238973 1.0
1262 239047 1.0
1263 239117 1.0
1264 239248 1.0
1265 239331 1.0
1266 239424 1.0
1267 239511 1.0
1268 239582 1.0
1269 239688 1.0
1270 239784 1.0
1271 239886 1.0
1272 239993 1.0
1273 240100 1.0
1274 240180 1.0
1275 240255 1.0
1276 240347 1.0
1277 240441 1.0
1278 240529 1.0
1279 240616 1.0
1280 240707 1.0
1281 240779 1.0
1282 240870 1.0
1283 240965 1.0
1284 241062 1.0
1285 241143 1.0
1286 241258 1.0
1287 241343 1.0
1288 241418 1.0
1289 241514 1.0
1290 241618 1.0
1291 241700 1.0
1292 241776 1.0
1293 241846 1.0
1294 241923 1.0
1295 242040 1.0
1296 242117 1.0
1297 242214 1.0
1298 242289 1.0
1299 242381 1.0
1300 242486 1.0
1301 242576 1.0
1302 242674 1.0
1303 242744 1.0
1304 242887 1.0
1305 242986 1.0
1306 243072 1.0
1307 243137 1.0
1308 243212 1.0
1309 243326 1.0
1310 243419 1.0
1311 243494 1.0
1312 243567 1.0
1313 243691 1.0
1314 243751 1.0
1315 243836 1.0
1316 243929 1.0
1317 244022 1.0
1318 244106 1.0
1319 244212 1.0
1320 244303 1.0
1321 244398 1.0
1322 244489 1.0
1323 244571 1.0
1324 244664 1.0
1325 244772 1.0
1326 244831 1.0
1327 244900 1.0
1328 244967 1.0
1329 245064 1.0
1330 245148 1.0
1331 245234 1.0
1332 245319 1.0
1333 245417 1.0
1334 245543 1.0
1335 245655 1.0
1336 245730 1.0
1337 245814 1.0
1338 245910 1.0
1339 245992 1.0
1340 246077 1.0
1341 246219 1.0
1342 246290 1.0
1343 246360 1.0
1344 246432 1.0
1345 246496 1.0
1346 246554 1.0
1347 246642 1.0
1348 246724 1.0
1349 246852 1.0
1350 246957 1.0
1351 247036 1.0
1352 247122 1.0
1353 247224 1.0
1354 247312 1.0
1355 247388 1.0
1356 247472 1.0
1357 247576 1.0
1358 247674 1.0
1359 247758 1.0
1360 247860 1.0
1361 247952 1.0
1362 248025 1.0
1363 248096 1.0
1364 248192 1.0
1365 248294 1.0
1366 248380 1.0
1367 248475 1.0
1368 248600 1.0
1369 248681 1.0
1370 248777 1.0
1371 248860 1.0
1372 248934 1.0
1373 249004 1.0
1374 249107 1.0
1375 249194 1.0
1376 249310 1.0
1377 249395 1.0
1378 249470 1.0
1379 249549 1.0
1380 249615 1.0
1381 249714 1.0
1382 249796 1.0
1383 249879 1.0
1384 249953 1.0
1385 250055 1.0
1386 250192 1.0
1387 250273 1.0
1388 250374 1.0
1389 250454 1.0
1390 250522 1.0
1391 250616 1.0
1392 250706 1.0
1393 250778 1.0
1394 250851 1.0
1395 250925 1.0
1396 251029 1.0
1397 251105 1.0
1398 251166 1.0
1399 251259 1.0
1400 251347 1.0
1401 251477 1.0
1402 251560 1.0
1403 251644 1.0
1404 251719 1.0
1405 251784 1.0
1406 251886 1.0
1407 251955 1.0
1408 252032 1.0
1409 252119 1.0
1410 252217 1.0
1411 252311 1.0
1412 252429 1.0
1413 252500 1.0
1414 252643 1.0
1415 252737 1.0
1416 252846 1.0
1417 252925 1.0
1418 253048 1.0
1419 253145 1.0
1420 253218 1.0
1421 253298 1.0
1422 253389 1.0
1423 253499 1.0
1424 253590 1.0
1425 253676 1.0
1426 253788 1.0
1427 253901 1.0
1428 254026 1.0
1429 254112 1.0
1430 254198 1.0
1431 254283 1.0
1432 254366 1.0
1433 254455 1.0
1434 254592 1.0
1435 254680 1.0
1436 254775 1.0
1437 254865 1.0
1438 254938 1.0
1439 255021 1.0
1440 255089 1.0
1441 255199 1.0
1442 255282 1.0
1443 255388 1.0
1444 255568 1.0
1445 255680 1.0
1446 255776 1.0
1447 255846 1.0
1448 255911 1.0
1449 255985 1.0
1450 256065 1.0
1451 256175 1.0
1452 256253 1.0
1453 256346 1.0
1454 256424 1.0
1455 256492 1.0
1456 256568 1.0
1457 256678 1.0
1458 256750 1.0
1459 256838 1.0
1460 256930 1.0
1461 257044 1.0
1462 257137 1.0
1463 257223 1.0
1464 257341 1.0
1465 257422 1.0
1466 257495 1.0
1467 257638 1.0
1468 257714 1.0
1469 257826 1.0
1470 257895 1.0
1471 257978 1.0
1472 258063 1.0
1473 258138 1.0
1474 258201 1.0
1475 258293 1.0
1476 258395 1.0
1477 258502 1.0
1478 258622 1.0
1479 258696 1.0
1480 258780 1.0
1481 258847 1.0
1482 258932 1.0
1483 258999 1.0
1484 259066 1.0
1485 259153 1.0
1486 259248 1.0
1487 259338 1.0
1488 259432 1.0
1489 259501 1.0
1490 259576 1.0
1491 259652 1.0
1492 259742 1.0
1493 259835 1.0
1494 259912 1.0
1495 259995 1.0
1496 260070 1.0
1497 260157 1.0
1498 260222 1.0
1499 260298 1.0
1500 260383 1.0
1501 260465 1.0
1502 260527 1.0
1503 260606 1.0
1504 260676 1.0
1505 260743 1.0
1506 260841 1.0
1507 260928 1.0
1508 261001 1.0
1509 261083 1.0
1510 261180 1.0
1511 261314 1.0
1512 261401 1.0
1513 261513 1.0
1514 261582 1.0
1515 261695 1.0
1516 261781 1.0
1517 261879 1.0
1518 261960 1.0
1519 262054 1.0
1520 262145 1.0
1521 262240 1.0
1522 262331 1.0
1523 262418 1.0
1524 262519 1.0
1525 262605 1.0
1526 262698 1.0
1527 262812 1.0
1528 262898 1.0
1529 262977 1.0
1530 263060 1.0
1531 263146 1.0
1532 263256 1.0
1533 263349 1.0
1534 263421 1.0
1535 263510 1.0
1536 263600 1.0
1537 263696 1.0
1538 263764 1.0
1539 263816 1.0
1540 263898 1.0
1541 263976 1.0
1542 264071 1.0
1543 264158 1.0
1544 264226 1.0
1545 264295 1.0
1546 264388 1.0
1547 264502 1.0
1548 264607 1.0
1549 264680 1.0
1550 264795 1.0
1551 264854 1.0
1552 264928 1.0
1553 264987 1.0
1554 265053 1.0
1555 265135 1.0
1556 265235 1.0
1557 265342 1.0
1558 265419 1.0
1559 265532 1.0
1560 265636 1.0
1561 265710 1.0
1562 265824 1.0
1563 265922 1.0
1564 265995 1.0
1565 266071 1.0
1566 266135 1.0
1567 266216 1.0
1568 266286 1.0
1569 266341 1.0
1570 266426 1.0
1571 266515 1.0
1572 266594 1.0
1573 266681 1.0
1574 266758 1.0
1575 266836 1.0
1576 266912 1.0
1577 266978 1.0
1578 267049 1.0
1579 267131 1.0
1580 267199 1.0
1581 267312 1.0
1582 267391 1.0
1583 267476 1.0
1584 267557 1.0
1585 267635 1.0
1586 267717 1.0
1587 267814 1.0
1588 267897 1.0
1589 267972 1.0
1590 268044 1.0
1591 268135 1.0
1592 268214 1.0
1593 268293 1.0
1594 268377 1.0
1595 268434 1.0
1596 268510 1.0
1597 268606 1.0
1598 268706 1.0
1599 268789 1.0
1600 268867 1.0
1601 268934 1.0
1602 269013 1.0
1603 269103 1.0
1604 269207 1.0
1605 269289 1.0
1606 269357 1.0
1607 269469 1.0
1608 269543 1.0
1609 269654 1.0
1610 269746 1.0
1611 269841 1.0
1612 269915 1.0
1613 269997 1.0
1614 270075 1.0
1615 270149 1.0
1616 270212 1.0
1617 270287 1.0
1618 270380 1.0
1619 270465 1.0
1620 270537 1.0
1621 270630 1.0
1622 270714 1.0
1623 270791 1.0
1624 270881 1.0
1625 270954 1.0
1626 271023 1.0
1627 271084 1.0
1628 271175 1.0
1629 271272 1.0
1630 271347 1.0
1631 271482 1.0
1632 271571 1.0
1633 271652 1.0
1634 271727 1.0
1635 271831 1.0
1636 271913 1.0
1637 271999 1.0
1638 272074 1.0
1639 272143 1.0
1640 272268 1.0
1641 272376 1.0
1642 272460 1.0
1643 272538 1.0
1644 272630 1.0
1645 272724 1.0
1646 272810 1.0
1647 272887 1.0
1648 272955 1.0
1649 273054 1.0
1650 273147 1.0
1651 273228 1.0
1652 273288 1.0
1653 273366 1.0
1654 273434 1.0
1655 273537 1.0
1656 273637 1.0
1657 273724 1.0
1658 273814 1.0
1659 273895 1.0
1660 273982 1.0
1661 274061 1.0
1662 274130 1.0
1663 274200 1.0
1664 274280 1.0
1665 274376 1.0
1666 274474 1.0
1667 274543 1.0
1668 274626 1.0
1669 274693 1.0
1670 274821 1.0
1671 274892 1.0
1672 274961 1.0
1673 275067 1.0
1674 275161 1.0
1675 275237 1.0
1676 275362 1.0
1677 275432 1.0
1678 275512 1.0
1679 275589 1.0
1680 275674 1.0
1681 275748 1.0
1682 275830 1.0
1683 275902 1.0
1684 276007 1.0
1685 276083 1.0
1686 276198 1.0
1687 276321 1.0
1688 276397 1.0
1689 276557 1.0
1690 276635 1.0
1691 276708 1.0
1692 276793 1.0
1693 276871 1.0
1694 276950 1.0
1695 277048 1.0
1696 277133 1.0
1697 277229 1.0
1698 277313 1.0
1699 277390 1.0
1700 277482 1.0
1701 277566 1.0
1702 277679 1.0
1703 277745 1.0
1704 277841 1.0
1705 277917 1.0
1706 278016 1.0
1707 278103 1.0
1708 278191 1.0
1709 278320 1.0
1710 278389 1.0
1711 278485 1.0
1712 278578 1.0
1713 278673 1.0
1714 278754 1.0
1715 278845 1.0
1716 278931 1.0
1717 279010 1.0
1718 279103 1.0
1719 279216 1.0
1720 279283 1.0
1721 279378 1.0
1722 279473 1.0
1723 279542 1.0
1724 279614 1.0
1725 279696 1.0
1726 279810 1.0
1727 279897 1.0
1728 280015 1.0
1729 280088 1.0
1730 280183 1.0
1731 280249 1.0
1732 280316 1.0
1733 280416 1.0
1734 280497 1.0
1735 280586 1.0
1736 280676 1.0
1737 280778 1.0
1738 280855 1.0
1739 280921 1.0
1740 281005 1.0
1741 281094 1.0
1742 281162 1.0
1743 281259 1.0
1744 281349 1.0
1745 281426 1.0
1746 281519 1.0
1747 281581 1.0
1748 281679 1.0
1749 281766 1.0
1750 281858 1.0
1751 281947 1.0
1752 282025 1.0
1753 282091 1.0
1754 282184 1.0
1755 282290 1.0
1756 282377 1.0
1757 282463 1.0
1758 282529 1.0
1759 282601 1.0
1760 282665 1.0
1761 282760 1.0
1762 282872 1.0
1763 282960 1.0
1764 283034 1.0
1765 283144 1.0
1766 283227 1.0
1767 283312 1.0
1768 283390 1.0
1769 283465 1.0
1770 283543 1.0
1771 283625 1.0
1772 283723 1.0
1773 283831 1.0
1774 283912 1.0
1775 284011 1.0
1776 284113 1.0
1777 284198 1.0
1778 284276 1.0
1779 284377 1.0
1780 284458 1.0
1781 284555 1.0
1782 284631 1.0
1783 284704 1.0
1784 284792 1.0
1785 284880 1.0
1786 284957 1.0
1787 285037 1.0
1788 285126 1.0
1789 285211 1.0
1790 285270 1.0
1791 285351 1.0
1792 285440 1.0
1793 285549 1.0
1794 285631 1.0
1795 285697 1.0
1796 285802 1.0
1797 285889 1.0
1798 285980 1.0
1799 286111 1.0
1800 286186 1.0
1801 286320 1.0
1802 286395 1.0
1803 286456 1.0
1804 286542 1.0
1805 286604 1.0
1806 286685 1.0
1807 286757 1.0
1808 286844 1.0
1809 286930 1.0
1810 286999 1.0
1811 287097 1.0
1812 287162 1.0
1813 287275 1.0
1814 287390 1.0
1815 287453 1.0
1816 287562 1.0
1817 287656 1.0
1818 287732 1.0
1819 287822 1.0
1820 287895 1.0
1821 287977 1.0
1822 288061 1.0
1823 288158 1.0
1824 288216 1.0
1825 288278 1.0
1826 288344 1.0
1827 288432 1.0
1828 288507 1.0
1829 288581 1.0
1830 288650 1.0
1831 288728 1.0
1832 288823 1.0
1833 288912 1.0
1834 288990 1.0
1835 289079 1.0
1836 289185 1.0
1837 289266 1.0
1838 289349 1.0
1839 289427 1.0
1840 289488 1.0
1841 289575 1.0
1842 289665 1.0
1843 289741 1.0
1844 289815 1.0
1845 289888 1.0
1846 289967 1.0
1847 290040 1.0
1848 290112 1.0
1849 290213 1.0
1850 290323 1.0
1851 290390 1.0
1852 290469 1.0
1853 290547 1.0
1854 290639 1.0
1855 290719 1.0
1856 290816 1.0
1857 290888 1.0
1858 290974 1.0
1859 291073 1.0
1860 291156 1.0
1861 291253 1.0
1862 291340 1.0
1863 291417 1.0
1864 291501 1.0
1865 291569 1.0
1866 291655 1.0
1867 291743 1.0
1868 291812 1.0
1869 291880 1.0
1870 291953 1.0
1871 292021 1.0
1872 292119 1.0
1873 292189 1.0
1874 292280 1.0
1875 292342 1.0
1876 292449 1.0
1877 292530 1.0
1878 292600 1.0
1879 292683 1.0
1880 292788 1.0
1881 292869 1.0
1882 292939 1.0
1883 293009 1.0
1884 293121 1.0
1885 293203 1.0
1886 293268 1.0
1887 293359 1.0
1888 293434 1.0
1889 293520 1.0
1890 293606 1.0
1891 293687 1.0
1892 293762 1.0
1893 293833 1.0
1894 293931 1.0
1895 294021 1.0
1896 294103 1.0
1897 294174 1.0
1898 294257 1.0
1899 294325 1.0
1900 294399 1.0
1901 294475 1.0
1902 294571 1.0
1903 294643 1.0
1904 294726 1.0
1905 294881 1.0
1906 294987 1.0
1907 295080 1.0
1908 295161 1.0
1909 295230 1.0
1910 295327 1.0
1911 295410 1.0
1912 295487 1.0
1913 295550 1.0
1914 295651 1.0
1915 295747 1.0
1916 295847 1.0
1917 295901 1.0
1918 295967 1.0
1919 296033 1.0
1920 296127 1.0
1921 296180 1.0
1922 296317 1.0
1923 296469 1.0
1924 296549 1.0
1925 296624 1.0
1926 296709 1.0
1927 296807 1.0
1928 296866 1.0
1929 296935 1.0
1930 297046 1.0
1931 297121 1.0
1932 297214 1.0
1933 297316 1.0
1934 297428 1.0
1935 297526 1.0
1936 297597 1.0
1937 297683 1.0
1938 297747 1.0
1939 297830 1.0
1940 297892 1.0
1941 298006 1.0
1942 298111 1.0
1943 298174 1.0
1944 298248 1.0
1945 298314 1.0
1946 298388 1.0
1947 298483 1.0
1948 298552 1.0
1949 298647 1.0
1950 298729 1.0
1951 298796 1.0
1952 298886 1.0
1953 298948 1.0
1954 299016 1.0
1955 299099 1.0
1956 299171 1.0
1957 299251 1.0
1958 299315 1.0
1959 299401 1.0
1960 299484 1.0
1961 299568 1.0
1962 299654 1.0
1963 299736 1.0
1964 299830 1.0
1965 299900 1.0
1966 299986 1.0
1967 300097 1.0
1968 300163 1.0
1969 300238 1.0
1970 300317 1.0
1971 300399 1.0
1972 300461 1.0
1973 300521 1.0
1974 300609 1.0
1975 300694 1.0
1976 300776 1.0
1977 300859 1.0
1978 300931 1.0
1979 301024 1.0
1980 301102 1.0
1981 301185 1.0
1982 301270 1.0
1983 301369 1.0
1984 301442 1.0
1985 301549 1.0
1986 301639 1.0
1987 301692 1.0
1988 301787 1.0
1989 301890 1.0
1990 301964 1.0
1991 302043 1.0
1992 302122 1.0
1993 302208 1.0
1994 302267 1.0
1995 302332 1.0
1996 302396 1.0
1997 302475 1.0
1998 302570 1.0
1999 302666 1.0
2000 302741 1.0
2001 302816 1.0
2002 302890 1.0
2003 302968 1.0
2004 303047 1.0
2005 303146 1.0
2006 303212 1.0
2007 303288 1.0
2008 303367 1.0
2009 303449 1.0
2010 303521 1.0
2011 303603 1.0
2012 303686 1.0
2013 303758 1.0
2014 303864 1.0
2015 303975 1.0
2016 304055 1.0
2017 304141 1.0
2018 304227 1.0
2019 304301 1.0
2020 304401 1.0
2021 304484 1.0
2022 304557 1.0
2023 304620 1.0
2024 304700 1.0
2025 304793 1.0
2026 304874 1.0
2027 304960 1.0
2028 305047 1.0
2029 305107 1.0
2030 305186 1.0
2031 305256 1.0
2032 305334 1.0
2033 305411 1.0
2034 305487 1.0
2035 305548 1.0
2036 305625 1.0
2037 305711 1.0
2038 305794 1.0
2039 305861 1.0
2040 305933 1.0
2041 306012 1.0
2042 306106 1.0
2043 306177 1.0
2044 306299 1.0
2045 306370 1.0
2046 306490 1.0
2047 306606 1.0
2048 306672 1.0
2049 306733 1.0
2050 306823 1.0
2051 306905 1.0
2052 306996 1.0
2053 307066 1.0
2054 307143 1.0
2055 307329 1.0
2056 307409 1.0
2057 307489 1.0
2058 307562 1.0
2059 307637 1.0
2060 307714 1.0
2061 307785 1.0
2062 307857 1.0
2063 307935 1.0
2064 308022 1.0
2065 308093 1.0
2066 308165 1.0
2067 308227 1.0
2068 308297 1.0
2069 308371 1.0
2070 308452 1.0
2071 308535 1.0
2072 308597 1.0
2073 308690 1.0
2074 308774 1.0
2075 308842 1.0
2076 308922 1.0
2077 309025 1.0
2078 309082 1.0
2079 309173 1.0
2080 309241 1.0
2081 309326 1.0
2082 309401 1.0
2083 309478 1.0
2084 309545 1.0
2085 309620 1.0
2086 309712 1.0
2087 309801 1.0
2088 309873 1.0
2089 309953 1.0
2090 310060 1.0
2091 310172 1.0
2092 310244 1.0
2093 310331 1.0
2094 310407 1.0
2095 310477 1.0
2096 310553 1.0
2097 310633 1.0
2098 310702 1.0
2099 310808 1.0
2100 310869 1.0
2101 310937 1.0
2102 311017 1.0
2103 311084 1.0
2104 311182 1.0
2105 311247 1.0
2106 311324 1.0
2107 311420 1.0
2108 311504 1.0
2109 311572 1.0
2110 311637 1.0
2111 311726 1.0
2112 311814 1.0
2113 311912 1.0
2114 311985 1.0
2115 312067 1.0
2116 312159 1.0
2117 312222 1.0
2118 312318 1.0
2119 312390 1.0
2120 312465 1.0
2121 312568 1.0
2122 312664 1.0
2123 312753 1.0
2124 312861 1.0
2125 312930 1.0
2126 313017 1.0
2127 313125 1.0
2128 313205 1.0
2129 313298 1.0
2130 313383 1.0
2131 313474 1.0
2132 313562 1.0
2133 313678 1.0
2134 313763 1.0
2135 313843 1.0
2136 313956 1.0
2137 314046 1.0
2138 314155 1.0
2139 314256 1.0
2140 314333 1.0
2141 314409 1.0
2142 314500 1.0
2143 314570 1.0
2144 314640 1.0
2145 314719 1.0
2146 314791 1.0
2147 314858 1.0
2148 314947 1.0
2149 315008 1.0
2150 315101 1.0
2151 315188 1.0
2152 315260 1.0
2153 315343 1.0
2154 315407 1.0
2155 315499 1.0
2156 315596 1.0
2157 315653 1.0
2158 315722 1.0
2159 315797 1.0
2160 315871 1.0
2161 315939 1.0
2162 316047 1.0
2163 316180 1.0
2164 316274 1.0
2165 316347 1.0
2166 316422 1.0
2167 316500 1.0
2168 316565 1.0
2169 316634 1.0
2170 316691 1.0
2171 316763 1.0
2172 316849 1.0
2173 316920 1.0
2174 316982 1.0
2175 317075 1.0
2176 317165 1.0
2177 317262 1.0
2178 317401 1.0
2179 317482 1.0
2180 317557 1.0
2181 317636 1.0
2182 317716 1.0
2183 317798 1.0
2184 317877 1.0
2185 317933 1.0
2186 318004 1.0
2187 318067 1.0
2188 318139 1.0
2189 318222 1.0
2190 318284 1.0
2191 318385 1.0
2192 318451 1.0
2193 318516 1.0
2194 318605 1.0
2195 318698 1.0
2196 318809 1.0
2197 318880 1.0
2198 318969 1.0
2199 319033 1.0
2200 319116 1.0
2201 319193 1.0
2202 319281 1.0
2203 319350 1.0
2204 319426 1.0
2205 319525 1.0
2206 319606 1.0
2207 319672 1.0
2208 319747 1.0
2209 319862 1.0
2210 319932 1.0
2211 319994 1.0
2212 320093 1.0
2213 320183 1.0
2214 320248 1.0
2215 320316 1.0
2216 320377 1.0
2217 320459 1.0
2218 320554 1.0
2219 320621 1.0
2220 320745 1.0
2221 320808 1.0
2222 320880 1.0
2223 320942 1.0
2224 321010 1.0
2225 321075 1.0
2226 321156 1.0
2227 321229 1.0
2228 321315 1.0
2229 321388 1.0
2230 321450 1.0
2231 321511 1.0
2232 321589 1.0
2233 321662 1.0
2234 321730 1.0
2235 321809 1.0
2236 321876 1.0
2237 321952 1.0
2238 322010 1.0
2239 322108 1.0
2240 322239 1.0
2241 322316 1.0
2242 322383 1.0
2243 322508 1.0
2244 322560 1.0
2245 322629 1.0
2246 322691 1.0
2247 322766 1.0
2248 322878 1.0
2249 322991 1.0
2250 323064 1.0
2251 323147 1.0
2252 323240 1.0
2253 323334 1.0
2254 323419 1.0
2255 323495 1.0
2256 323561 1.0
2257 323638 1.0
2258 323735 1.0
2259 323812 1.0
2260 323897 1.0
2261 323990 1.0
2262 324068 1.0
2263 324181 1.0
2264 324241 1.0
2265 324309 1.0
2266 324389 1.0
2267 324465 1.0
2268 324576 1.0
2269 324635 1.0
2270 324721 1.0
2271 324828 1.0
2272 324920 1.0
2273 324995 1.0
2274 325071 1.0
2275 325148 1.0
2276 325214 1.0
2277 325287 1.0
2278 325367 1.0
2279 325457 1.0
2280 325545 1.0
2281 325620 1.0
2282 325691 1.0
2283 325782 1.0
2284 325858 1.0
2285 325931 1.0
2286 326001 1.0
2287 326061 1.0
2288 326144 1.0
2289 326236 1.0
2290 326321 1.0
2291 326400 1.0
2292 326485 1.0
2293 326576 1.0
2294 326678 1.0
2295 326759 1.0
2296 326808 1.0
2297 326894 1.0
2298 326985 1.0
2299 327067 1.0
2300 327155 1.0
2301 327226 1.0
2302 327319 1.0
2303 327406 1.0
2304 327489 1.0
2305 327565 1.0
2306 327639 1.0
2307 327731 1.0
2308 327822 1.0
2309 327894 1.0
2310 327982 1.0
2311 328081 1.0
2312 328153 1.0
2313 328209 1.0
2314 328288 1.0
2315 328370 1.0
2316 328445 1.0
2317 328516 1.0
2318 328587 1.0
2319 328676 1.0
2320 328775 1.0
2321 328867 1.0
2322 328939 1.0
2323 329008 1.0
2324 329114 1.0
2325 329223 1.0
2326 329294 1.0
2327 329362 1.0
2328 329426 1.0
2329 329517 1.0
2330 329610 1.0
2331 329698 1.0
2332 329780 1.0
2333 329849 1.0
2334 329919 1.0
2335 330017 1.0
2336 330090 1.0
2337 330187 1.0
2338 330253 1.0
2339 330331 1.0
2340 330391 1.0
2341 330482 1.0
2342 330562 1.0
2343 330638 1.0
2344 330712 1.0
2345 330775 1.0
2346 330856 1.0
2347 330927 1.0
2348 331040 1.0
2349 331108 1.0
2350 331178 1.0
2351 331255 1.0
2352 331338 1.0
2353 331427 1.0
2354 331512 1.0
2355 331601 1.0
2356 331714 1.0
2357 331788 1.0
2358 331857 1.0
2359 331918 1.0
2360 331983 1.0
2361 332077 1.0
2362 332163 1.0
2363 332238 1.0
2364 332321 1.0
2365 332391 1.0
2366 332465 1.0
2367 332547 1.0
2368 332614 1.0
2369 332676 1.0
2370 332775 1.0
2371 332845 1.0
2372 332943 1.0
2373 333037 1.0
2374 333112 1.0
2375 333199 1.0
2376 333280 1.0
2377 333350 1.0
2378 333415 1.0
2379 333477 1.0
2380 333547 1.0
2381 333616 1.0
2382 333722 1.0
2383 333799 1.0
2384 333868 1.0
2385 333942 1.0
2386 334006 1.0
2387 334116 1.0
2388 334182 1.0
2389 334250 1.0
2390 334316 1.0
2391 334430 1.0
2392 334514 1.0
2393 334586 1.0
2394 334643 1.0
2395 334709 1.0
2396 334810 1.0
2397 334912 1.0
2398 335012 1.0
2399 335089 1.0
2400 335163 1.0
2401 335264 1.0
2402 335349 1.0
2403 335425 1.0
2404 335512 1.0
2405 335601 1.0
2406 335681 1.0
2407 335749 1.0
2408 335824 1.0
2409 335909 1.0
2410 336039 1.0
2411 336149 1.0
2412 336213 1.0
2413 336282 1.0
2414 336367 1.0
2415 336452 1.0
2416 336533 1.0
2417 336605 1.0
2418 336666 1.0
2419 336753 1.0
2420 336821 1.0
2421 336894 1.0
2422 336996 1.0
2423 337071 1.0
2424 337128 1.0
2425 337188 1.0
2426 337306 1.0
2427 337396 1.0
2428 337489 1.0
2429 337570 1.0
2430 337647 1.0
2431 337720 1.0
2432 337813 1.0
2433 337903 1.0
2434 337984 1.0
2435 338058 1.0
2436 338150 1.0
2437 338224 1.0
2438 338286 1.0
2439 338361 1.0
2440 338437 1.0
2441 338513 1.0
2442 338587 1.0
2443 338672 1.0
2444 338779 1.0
2445 338840 1.0
2446 338927 1.0
2447 339020 1.0
2448 339111 1.0
2449 339183 1.0
2450 339254 1.0
2451 339322 1.0
2452 339418 1.0
2453 339505 1.0
2454 339593 1.0
2455 339668 1.0
2456 339752 1.0
2457 339820 1.0
2458 339895 1.0
2459 339956 1.0
2460 340034 1.0
2461 340121 1.0
2462 340216 1.0
2463 340283 1.0
2464 340373 1.0
2465 340444 1.0
2466 340510 1.0
2467 340593 1.0
2468 340665 1.0
2469 340738 1.0
2470 340795 1.0
2471 340861 1.0
2472 340976 1.0
2473 341044 1.0
2474 341123 1.0
2475 341200 1.0
2476 341343 1.0
2477 341434 1.0
2478 341523 1.0
2479 341596 1.0
2480 341664 1.0
2481 341742 1.0
2482 341820 1.0
2483 341900 1.0
2484 342019 1.0
2485 342107 1.0
2486 342178 1.0
2487 342246 1.0
2488 342327 1.0
2489 342406 1.0
2490 342472 1.0
2491 342534 1.0
2492 342612 1.0
2493 342682 1.0
2494 342750 1.0
2495 342838 1.0
2496 342905 1.0
2497 342977 1.0
2498 343042 1.0
2499 343125 1.0
2500 343222 1.0
2501 343300 1.0
2502 343385 1.0
2503 343454 1.0
2504 343530 1.0
2505 343608 1.0
2506 343701 1.0
2507 343774 1.0
2508 343851 1.0
2509 343924 1.0
2510 344008 1.0
2511 344069 1.0
2512 344140 1.0
2513 344226 1.0
2514 344310 1.0
2515 344377 1.0
2516 344458 1.0
2517 344529 1.0
2518 344629 1.0
2519 344713 1.0
2520 344813 1.0
2521 344885 1.0
2522 344948 1.0
2523 345023 1.0
2524 345104 1.0
2525 345195 1.0
2526 345279 1.0
2527 345350 1.0
2528 345424 1.0
2529 345499 1.0
2530 345576 1.0
2531 345650 1.0
2532 345734 1.0
2533 345802 1.0
2534 345880 1.0
2535 345955 1.0
2536 346014 1.0
2537 346106 1.0
2538 346160 1.0
2539 346246 1.0
2540 346340 1.0
2541 346421 1.0
2542 346522 1.0
2543 346584 1.0
2544 346644 1.0
2545 346722 1.0
2546 346798 1.0
2547 346856 1.0
2548 346919 1.0
2549 346993 1.0
2550 347055 1.0
2551 347146 1.0
2552 347246 1.0
2553 347330 1.0
2554 347408 1.0
2555 347519 1.0
2556 347576 1.0
2557 347652 1.0
2558 347720 1.0
2559 347797 1.0
2560 347884 1.0
2561 347968 1.0
2562 348039 1.0
2563 348114 1.0
2564 348183 1.0
2565 348243 1.0
2566 348367 1.0
2567 348434 1.0
2568 348490 1.0
2569 348590 1.0
2570 348653 1.0
2571 348715 1.0
2572 348779 1.0
2573 348853 1.0
2574 348948 1.0
2575 349028 1.0
2576 349099 1.0
2577 349220 1.0
2578 349288 1.0
2579 349359 1.0
2580 349432 1.0
2581 349506 1.0
2582 349564 1.0
2583 349628 1.0
2584 349705 1.0
2585 349766 1.0
2586 349836 1.0
2587 349902 1.0
2588 349979 1.0
2589 350074 1.0
2590 350141 1.0
2591 350223 1.0
2592 350288 1.0
2593 350382 1.0
2594 350511 1.0
2595 350585 1.0
2596 350645 1.0
2597 350727 1.0
2598 350797 1.0
2599 350869 1.0
2600 350949 1.0
2601 351021 1.0
2602 351097 1.0
2603 351190 1.0
2604 351254 1.0
2605 351343 1.0
2606 351433 1.0
2607 351521 1.0
2608 351593 1.0
2609 351665 1.0
2610 351751 1.0
2611 351828 1.0
2612 351896 1.0
2613 351967 1.0
2614 352048 1.0
2615 352126 1.0
2616 352255 1.0
2617 352321 1.0
2618 352415 1.0
2619 352499 1.0
2620 352569 1.0
2621 352635 1.0
2622 352745 1.0
2623 352821 1.0
2624 352884 1.0
2625 352956 1.0
2626 353018 1.0
2627 353090 1.0
2628 353175 1.0
2629 353234 1.0
2630 353334 1.0
2631 353417 1.0
2632 353487 1.0
2633 353548 1.0
2634 353613 1.0
2635 353692 1.0
2636 353759 1.0
2637 353859 1.0
2638 353930 1.0
2639 354017 1.0
2640 354104 1.0
2641 354174 1.0
2642 354244 1.0
2643 354315 1.0
2644 354389 1.0
2645 354470 1.0
2646 354548 1.0
2647 354627 1.0
2648 354700 1.0
2649 354759 1.0
2650 354842 1.0
2651 354912 1.0
2652 355012 1.0
2653 355105 1.0
2654 355171 1.0
2655 355252 1.0
2656 355326 1.0
2657 355408 1.0
2658 355471 1.0
2659 355557 1.0
2660 355647 1.0
2661 355714 1.0
2662 355802 1.0
2663 355900 1.0
2664 355976 1.0
2665 356069 1.0
2666 356136 1.0
2667 356210 1.0
2668 356283 1.0
2669 356378 1.0
2670 356474 1.0
2671 356577 1.0
2672 356653 1.0
2673 356740 1.0
2674 356796 1.0
2675 356871 1.0
2676 356939 1.0
2677 357004 1.0
2678 357113 1.0
2679 357207 1.0
2680 357284 1.0
2681 357352 1.0
2682 357420 1.0
2683 357493 1.0
2684 357603 1.0
2685 357694 1.0
2686 357803 1.0
2687 357865 1.0
2688 357927 1.0
2689 358011 1.0
2690 358072 1.0
2691 358170 1.0
2692 358251 1.0
2693 358371 1.0
2694 358466 1.0
2695 358537 1.0
2696 358594 1.0
2697 358676 1.0
2698 358776 1.0
2699 358829 1.0
2700 358922 1.0
2701 358980 1.0
2702 359083 1.0
2703 359156 1.0
2704 359236 1.0
2705 359306 1.0
2706 359379 1.0
2707 359457 1.0
2708 359565 1.0
2709 359652 1.0
2710 359739 1.0
2711 359829 1.0
2712 359899 1.0
2713 359965 1.0
2714 360054 1.0
2715 360147 1.0
2716 360225 1.0
2717 360312 1.0
2718 360401 1.0
2719 360462 1.0
2720 360542 1.0
2721 360600 1.0
2722 360672 1.0
2723 360731 1.0
2724 360804 1.0
2725 360904 1.0
2726 360978 1.0
2727 361040 1.0
2728 361098 1.0
2729 361162 1.0
2730 361245 1.0
2731 361329 1.0
2732 361407 1.0
2733 361483 1.0
2734 361598 1.0
2735 361694 1.0
2736 361764 1.0
2737 361822 1.0
2738 361908 1.0
2739 362025 1.0
2740 362107 1.0
2741 362200 1.0
2742 362299 1.0
2743 362421 1.0
2744 362486 1.0
2745 362556 1.0
2746 362634 1.0
2747 362708 1.0
2748 362779 1.0
2749 362850 1.0
2750 362935 1.0
2751 363014 1.0
2752 363082 1.0
2753 363174 1.0
2754 363244 1.0
2755 363320 1.0
2756 363375 1.0
2757 363447 1.0
2758 363518 1.0
2759 363586 1.0
2760 363658 1.0
2761 363746 1.0
2762 363841 1.0
2763 363936 1.0
2764 364019 1.0
2765 364141 1.0
2766 364207 1.0
2767 364271 1.0
2768 364345 1.0
2769 364429 1.0
2770 364488 1.0
2771 364569 1.0
2772 364638 1.0
2773 364703 1.0
2774 364764 1.0
2775 364855 1.0
2776 364928 1.0
2777 364995 1.0
2778 365062 1.0
2779 365152 1.0
2780 365238 1.0
2781 365322 1.0
2782 365396 1.0
2783 365452 1.0
2784 365531 1.0
2785 365611 1.0
2786 365696 1.0
2787 365756 1.0
2788 365819 1.0
2789 365888 1.0
2790 365960 1.0
2791 366058 1.0
2792 366128 1.0
2793 366254 1.0
2794 366332 1.0
2795 366403 1.0
2796 366536 1.0
2797 366627 1.0
2798 366695 1.0
2799 366765 1.0
2800 366838 1.0
2801 366937 1.0
2802 367008 1.0
2803 367082 1.0
2804 367164 1.0
2805 367245 1.0
2806 367308 1.0
2807 367443 1.0
2808 367520 1.0
2809 367590 1.0
2810 367657 1.0
2811 367728 1.0
2812 367787 1.0
2813 367859 1.0
2814 367928 1.0
2815 367999 1.0
2816 368085 1.0
2817 368146 1.0
2818 368216 1.0
2819 368288 1.0
2820 368368 1.0
2821 368455 1.0
2822 368531 1.0
2823 368593 1.0
2824 368679 1.0
2825 368748 1.0
2826 368818 1.0
2827 368891 1.0
2828 368971 1.0
2829 369033 1.0
2830 369104 1.0
2831 369178 1.0
2832 369237 1.0
2833 369304 1.0
2834 369389 1.0
2835 369457 1.0
2836 369536 1.0
2837 369613 1.0
2838 369723 1.0
2839 369817 1.0
2840 369886 1.0
2841 369954 1.0
2842 370032 1.0
2843 370112 1.0
2844 370187 1.0
2845 370249 1.0
2846 370320 1.0
2847 370382 1.0
2848 370465 1.0
2849 370533 1.0
2850 370628 1.0
2851 370717 1.0
2852 370819 1.0
2853 370886 1.0
2854 370942 1.0
2855 371001 1.0
2856 371072 1.0
2857 371144 1.0
2858 371240 1.0
2859 371327 1.0
2860 371394 1.0
2861 371464 1.0
2862 371549 1.0
2863 371610 1.0
2864 371680 1.0
2865 371744 1.0
2866 371819 1.0
2867 371887 1.0
2868 371985 1.0
2869 372055 1.0
2870 372160 1.0
2871 372223 1.0
2872 372279 1.0
2873 372364 1.0
2874 372435 1.0
2875 372511 1.0
2876 372580 1.0
2877 372665 1.0
2878 372739 1.0
2879 372826 1.0
2880 372893 1.0
2881 372985 1.0
2882 373049 1.0
2883 373127 1.0
2884 373251 1.0
2885 373343 1.0
2886 373415 1.0
2887 373494 1.0
2888 373578 1.0
2889 373721 1.0
2890 373838 1.0
2891 373924 1.0
2892 373997 1.0
2893 374069 1.0
2894 374131 1.0
2895 374208 1.0
2896 374304 1.0
2897 374372 1.0
2898 374461 1.0
2899 374542 1.0
2900 374614 1.0
2901 374674 1.0
2902 374759 1.0
2903 374848 1.0
2904 374911 1.0
2905 374983 1.0
2906 375070 1.0
2907 375151 1.0
2908 375223 1.0
2909 375307 1.0
2910 375390 1.0
2911 375472 1.0
2912 375537 1.0
2913 375610 1.0
2914 375686 1.0
2915 375747 1.0
2916 375819 1.0
2917 375894 1.0
2918 375945 1.0
2919 376007 1.0
2920 376094 1.0
2921 376170 1.0
2922 376244 1.0
2923 376325 1.0
2924 376394 1.0
2925 376451 1.0
2926 376508 1.0
2927 376574 1.0
2928 376636 1.0
2929 376779 1.0
2930 376847 1.0
2931 376936 1.0
2932 377011 1.0
2933 377085 1.0
2934 377205 1.0
2935 377265 1.0
2936 377332 1.0
2937 377401 1.0
2938 377472 1.0
2939 377553 1.0
2940 377669 1.0
2941 377750 1.0
2942 377812 1.0
2943 377954 1.0
2944 378025 1.0
2945 378103 1.0
2946 378181 1.0
2947 378248 1.0
2948 378305 1.0
2949 378421 1.0
2950 378499 1.0
2951 378572 1.0
2952 378625 1.0
2953 378720 1.0
2954 378806 1.0
2955 378883 1.0
2956 378944 1.0
2957 379025 1.0
2958 379087 1.0
2959 379151 1.0
2960 379215 1.0
2961 379302 1.0
2962 379442 1.0
2963 379502 1.0
2964 379572 1.0
2965 379654 1.0
2966 379718 1.0
2967 379802 1.0
2968 379887 1.0
2969 379995 1.0
2970 380074 1.0
2971 380165 1.0
2972 380231 1.0
2973 380338 1.0
2974 380408 1.0
2975 380488 1.0
2976 380559 1.0
2977 380639 1.0
2978 380719 1.0
2979 380785 1.0
2980 380856 1.0
2981 380924 1.0
2982 381004 1.0
2983 381076 1.0
2984 381202 1.0
2985 381273 1.0
2986 381328 1.0
2987 381410 1.0
2988 381481 1.0
2989 381547 1.0
2990 381620 1.0
2991 381682 1.0
2992 381748 1.0
2993 381809 1.0
2994 381894 1.0
2995 381968 1.0
2996 382046 1.0
2997 382125 1.0
2998 382203 1.0
2999 382290 1.0
3000 382371 1.0
3001 382457 1.0
3002 382517 1.0
3003 382583 1.0
3004 382649 1.0
3005 382722 1.0
3006 382803 1.0
3007 382872 1.0
3008 382937 1.0
3009 383000 1.0
3010 383095 1.0
3011 383224 1.0
3012 383308 1.0
3013 383379 1.0
3014 383465 1.0
3015 383546 1.0
3016 383638 1.0
3017 383716 1.0
3018 383784 1.0
3019 383857 1.0
3020 383921 1.0
3021 384011 1.0
3022 384102 1.0
3023 384167 1.0
3024 384266 1.0
3025 384327 1.0
3026 384393 1.0
3027 384473 1.0
3028 384544 1.0
3029 384610 1.0
3030 384689 1.0
3031 384757 1.0
3032 384839 1.0
3033 384899 1.0
3034 385005 1.0
3035 385086 1.0
3036 385150 1.0
3037 385222 1.0
3038 385317 1.0
3039 385381 1.0
3040 385468 1.0
3041 385541 1.0
3042 385609 1.0
3043 385661 1.0
3044 385719 1.0
3045 385816 1.0
3046 385901 1.0
3047 385973 1.0
3048 386042 1.0
3049 386118 1.0
3050 386218 1.0
3051 386303 1.0
3052 386375 1.0
3053 386465 1.0
3054 386533 1.0
3055 386597 1.0
3056 386669 1.0
3057 386748 1.0
3058 386832 1.0
3059 386935 1.0
3060 387015 1.0
3061 387079 1.0
3062 387136 1.0
3063 387194 1.0
3064 387261 1.0
3065 387353 1.0
3066 387422 1.0
3067 387496 1.0
3068 387565 1.0
3069 387635 1.0
3070 387705 1.0
3071 387764 1.0
3072 387835 1.0
3073 387905 1.0
3074 387977 1.0
3075 388045 1.0
3076 388142 1.0
3077 388206 1.0
3078 388293 1.0
3079 388373 1.0
3080 388466 1.0
3081 388521 1.0
3082 388591 1.0
3083 388672 1.0
3084 388737 1.0
3085 388791 1.0
3086 388860 1.0
3087 388939 1.0
3088 389004 1.0
3089 389090 1.0
3090 389161 1.0
3091 389253 1.0
3092 389322 1.0
3093 389408 1.0
3094 389459 1.0
3095 389533 1.0
3096 389617 1.0
3097 389709 1.0
3098 389788 1.0
3099 389850 1.0
3100 389933 1.0
3101 390025 1.0
3102 390102 1.0
3103 390163 1.0
3104 390225 1.0
3105 390298 1.0
3106 390393 1.0
3107 390476 1.0
3108 390551 1.0
3109 390621 1.0
3110 390707 1.0
3111 390780 1.0
3112 390882 1.0
3113 390940 1.0
3114 391053 1.0
3115 391132 1.0
3116 391206 1.0
3117 391279 1.0
3118 391359 1.0
3119 391432 1.0
3120 391517 1.0
3121 391671 1.0
3122 391753 1.0
3123 391827 1.0
3124 391930 1.0
3125 391993 1.0
3126 392066 1.0
3127 392173 1.0
3128 392238 1.0
3129 392320 1.0
3130 392389 1.0
3131 392446 1.0
3132 392538 1.0
3133 392614 1.0
