1 300 0.0
2 600 0.0
3 900 0.0
4 1200 0.0
5 1500 0.0
6 1800 0.0
7 2100 0.0
8 2400 0.0
9 2700 0.0
10 3000 0.0
11 3300 0.0
12 3600 0.0
13 3900 0.0
14 4200 0.0
15 4500 0.0
16 4800 0.0
17 5100 0.0
18 5400 0.0
19 5700 0.0
20 6000 0.0
21 6300 0.0
22 6600 0.0
23 6900 0.0
24 7200 0.0
25 7500 0.0
26 7800 0.0
27 8100 0.0
28 8400 0.0
29 8700 0.0
30 9000 0.0
31 9300 0.0
32 9600 0.0
33 9900 0.0
34 10200 0.0
35 10500 0.0
36 10800 0.0
37 11100 0.0
38 11400 0.0
39 11700 0.0
40 12000 0.0
41 12300 0.0
42 12600 0.0
43 12900 0.0
44 13200 0.0
45 13500 0.0
46 13800 0.0
47 14100 0.0
48 14400 0.0
49 14700 0.0
50 15000 0.0
51 15300 0.0
52 15600 0.0
53 15900 0.0
54 16200 0.0
55 16500 0.0
56 16800 0.0
57 17100 0.0
58 17400 0.0
59 17700 0.0
60 18000 0.0
61 18300 0.0
62 18600 0.0
63 18900 0.0
64 19200 0.0
65 19500 0.0
66 19800 0.0
67 20100 0.0
68 20400 0.0
69 20700 0.0
70 21000 0.0
71 21300 0.0
72 21600 0.0
73 21900 0.0
74 22200 0.0
75 22500 0.0
76 22800 0.0
77 23100 0.0
78 23400 0.0
79 23700 0.0
80 24000 0.0
81 24300 0.0
82 24600 0.0
83 24900 0.0
84 25200 0.0
85 25500 0.0
86 25800 0.0
87 26100 0.0
88 26400 0.0
89 26700 0.0
90 27000 0.0
91 27300 0.0
92 27600 0.0
93 27900 0.0
94 28200 0.0
95 28500 0.0
96 28800 0.0
97 29100 0.0
98 29400 0.0
99 29700 0.0
100 30000 0.0
101 30300 0.0
102 30600 0.0
103 30900 0.0
104 31200 0.0
105 31500 0.0
106 31800 0.0
107 32100 0.0
108 32400 0.0
109 32700 0.0
110 33000 0.0
111 33300 0.0
112 33600 0.0
113 33900 0.0
114 34200 0.0
115 34500 0.0
116 34800 0.0
117 35100 0.0
118 35400 0.0
119 35700 0.0
120 36000 0.0
121 36300 0.0
122 36600 0.0
123 36900 0.0
124 37200 0.0
125 37500 0.0
126 37800 0.0
127 38100 0.0
128 38400 0.0
129 38700 0.0
130 39000 0.0
131 39300 0.0
132 39600 0.0
133 39900 0.0
134 40200 0.0
135 40500 0.0
136 40800 0.0
137 41100 0.0
138 41400 0.0
139 41700 0.0
140 42000 0.0
141 42300 0.0
142 42600 0.0
143 42900 0.0
144 43200 0.0
145 43500 0.0
146 43800 0.0
147 44100 0.0
148 44400 0.0
149 44700 0.0
150 45000 0.0
151 45300 0.0
152 45600 0.0
153 45900 0.0
154 46200 0.0
155 46500 0.0
156 46800 0.0
157 47100 0.0
158 47400 0.0
159 47700 0.0
160 48000 0.0
161 48300 0.0
162 48600 0.0
163 48900 0.0
164 49200 0.0
165 49500 0.0
166 49800 0.0
167 50100 0.0
168 50400 0.0
169 50700 0.0
170 51000 0.0
171 51300 0.0
172 51600 0.0
173 51900 0.0
174 52200 0.0
175 52500 0.0
176 52800 0.0
177 53100 0.0
178 53400 0.0
179 53700 0.0
180 54000 0.0
181 54300 0.0
182 54600 0.0
183 54900 0.0
184 55200 0.0
185 55500 0.0
186 55800 0.0
187 56100 0.0
188 56400 0.0
189 56700 0.0
190 57000 0.0
191 57300 0.0
192 57600 0.0
193 57900 0.0
194 58200 0.0
195 58500 0.0
196 58800 0.0
197 59100 0.0
198 59400 0.0
199 59700 0.0
200 60000 0.0
201 60300 0.0
202 60600 0.0
203 60900 0.0
204 61200 0.0
205 61500 0.0
206 61800 0.0
207 62100 0.0
208 62400 0.0
209 62700 0.0
210 63000 0.0
211 63300 0.0
212 63600 0.0
213 63900 0.0
214 64200 0.0
215 64500 0.0
216 64800 0.0
217 65100 0.0
218 65400 0.0
219 65700 0.0
220 66000 0.0
221 66300 0.0
222 66600 0.0
223 66900 0.0
224 67200 0.0
225 67500 0.0
226 67800 0.0
227 68100 0.0
228 68400 0.0
229 68700 0.0
230 69000 0.0
231 69300 0.0
232 69600 0.0
233 69900 0.0
234 70200 0.0
235 70500 0.0
236 70800 0.0
237 71100 0.0
238 71400 0.0
239 71700 0.0
240 72000 0.0
241 72300 0.0
242 72600 0.0
243 72900 0.0
244 73200 0.0
245 73500 0.0
246 73800 0.0
247 74100 0.0
248 74400 0.0
249 74700 0.0
250 75000 0.0
251 75300 0.0
252 75600 0.0
253 75900 0.0
254 76200 0.0
255 76500 0.0
256 76800 0.0
257 77100 0.0
258 77400 0.0
259 77700 0.0
260 78000 0.0
261 78300 0.0
262 78600 0.0
263 78900 0.0
264 79200 0.0
265 79500 0.0
266 79800 0.0
267 80100 0.0
268 80400 0.0
269 80700 0.0
270 81000 0.0
271 81300 0.0
272 81600 0.0
273 81900 0.0
274 82200 0.0
275 82500 0.0
276 82800 0.0
277 83100 0.0
278 83400 0.0
279 83700 0.0
280 84000 0.0
281 84300 0.0
282 84600 0.0
283 84900 0.0
284 85200 0.0
285 85500 0.0
286 85800 0.0
287 86100 0.0
288 86400 0.0
289 86700 0.0
290 87000 0.0
291 87300 0.0
292 87600 0.0
293 87900 0.0
294 88200 0.0
295 88500 0.0
296 88800 0.0
297 89100 0.0
298 89400 0.0
299 89700 0.0
300 90000 0.0
301 90300 0.0
302 90600 0.0
303 90900 0.0
304 91200 0.0
305 91500 0.0
306 91800 0.0
307 92100 0.0
308 92400 0.0
309 92700 0.0
310 93000 0.0
311 93300 0.0
312 93600 0.0
313 93900 0.0
314 94200 0.0
315 94500 0.0
316 94800 0.0
317 95100 0.0
318 95400 0.0
319 95700 0.0
320 96000 0.0
321 96300 0.0
322 96600 0.0
323 96900 0.0
324 97200 0.0
325 97500 0.0
326 97800 0.0
327 98100 0.0
328 98400 0.0
329 98700 0.0
330 99000 0.0
331 99300 0.0
332 99600 0.0
333 99900 0.0
334 100200 0.0
335 100500 0.0
336 100800 0.0
337 101100 0.0
338 101400 0.0
339 101700 0.0
340 102000 0.0
341 102300 0.0
342 102600 0.0
343 102900 0.0
344 103200 0.0
345 103500 0.0
346 103800 0.0
347 104100 0.0
348 104400 0.0
349 104700 0.0
350 105000 0.0
351 105300 0.0
352 105600 0.0
353 105900 0.0
354 106200 0.0
355 106500 0.0
356 106800 0.0
357 107100 0.0
358 107400 0.0
359 107700 0.0
360 108000 0.0
361 108300 0.0
362 108600 0.0
363 108900 0.0
364 109200 0.0
365 109500 0.01
366 109800 0.02
367 110100 0.02
368 110400 0.02
369 110700 0.02
370 111000 0.02
371 111300 0.02
372 111600 0.02
373 111900 0.02
374 112200 0.02
375 112500 0.02
376 112800 0.02
377 113100 0.02
378 113400 0.02
379 113700 0.03
380 114000 0.03
381 114300 0.03
382 114600 0.04
383 114900 0.04
384 115200 0.05
385 115500 0.05
386 115800 0.05
387 116100 0.05
388 116400 0.05
389 116700 0.05
390 117000 0.060000000000000005
391 117300 0.060000000000000005
392 117600 0.060000000000000005
393 117900 0.060000000000000005
394 118200 0.06
395 118500 0.06
396 118800 0.06
397 119100 0.06999999999999999
398 119400 0.06999999999999999
399 119700 0.07999999999999999
400 120000 0.08999999999999998
401 120300 0.09999999999999999
402 120600 0.10999999999999999
403 120900 0.11999999999999998
404 121200 0.12999999999999998
405 121500 0.13
406 121800 0.14
407 122100 0.15000000000000002
408 122400 0.15000000000000002
409 122700 0.16000000000000003
410 123000 0.17000000000000004
411 123300 0.17000000000000004
412 123600 0.18000000000000005
413 123900 0.19000000000000003
414 124200 0.19
415 124500 0.2
416 124800 0.21000000000000002
417 125100 0.21000000000000002
418 125400 0.22000000000000003
419 125700 0.23000000000000004
420 126000 0.24000000000000005
421 126300 0.25000000000000006
422 126600 0.26
423 126900 0.27
424 127200 0.28
425 127500 0.29000000000000004
426 127800 0.30000000000000004
427 128100 0.31000000000000005
428 128400 0.32000000000000006
429 128700 0.33000000000000007
430 129000 0.3400000000000001
431 129300 0.3500000000000001
432 129600 0.36000000000000004
433 129900 0.37
434 130200 0.38
435 130500 0.39
436 130800 0.4
437 131100 0.41000000000000003
438 131400 0.42000000000000004
439 131700 0.43000000000000005
440 132000 0.44000000000000006
441 132300 0.45000000000000007
442 132600 0.4600000000000001
443 132900 0.4700000000000001
444 133200 0.4800000000000001
445 133500 0.49000000000000005
446 133800 0.5
447 134100 0.51
448 134400 0.52
449 134700 0.53
450 135000 0.54
451 135300 0.54
452 135600 0.55
453 135900 0.56
454 136200 0.5700000000000001
455 136500 0.5800000000000001
456 136800 0.5900000000000001
457 137100 0.6000000000000001
458 137400 0.6100000000000001
459 137700 0.6200000000000001
460 138000 0.6300000000000001
461 138300 0.6400000000000001
462 138600 0.6500000000000001
463 138900 0.6600000000000001
464 139166 0.66
465 139438 0.6599999999999999
466 139738 0.66
467 140038 0.67
468 140338 0.6799999999999999
469 140638 0.69
470 140938 0.7
471 141238 0.71
472 141538 0.72
473 141838 0.73
474 142138 0.74
475 142438 0.75
476 142738 0.76
477 143038 0.77
478 143203 0.78
479 143503 0.78
480 143803 0.79
481 143987 0.8
482 144287 0.8
483 144397 0.81
484 144697 0.81
485 144997 0.8200000000000001
486 145297 0.8300000000000001
487 145597 0.8400000000000001
488 145897 0.8500000000000001
489 146072 0.8600000000000001
490 146372 0.8600000000000001
491 146672 0.8700000000000001
492 146972 0.8800000000000001
493 147272 0.8900000000000001
494 147572 0.9000000000000001
495 147872 0.9100000000000001
496 148078 0.9200000000000002
497 148378 0.9200000000000002
498 148606 0.9300000000000002
499 148881 0.9300000000000002
500 149132 0.9300000000000002
501 149264 0.9300000000000002
502 149398 0.9300000000000002
503 149593 0.9300000000000002
504 149893 0.9300000000000002
505 150036 0.9400000000000002
506 150263 0.9400000000000002
507 150563 0.9400000000000002
508 150791 0.9500000000000002
509 150952 0.9500000000000002
510 151252 0.9500000000000002
511 151422 0.9600000000000002
512 151701 0.9600000000000002
513 152001 0.9600000000000002
514 152234 0.9700000000000002
515 152527 0.9700000000000002
516 152827 0.9700000000000002
517 153086 0.9800000000000002
518 153237 0.9800000000000002
519 153366 0.9800000000000002
520 153578 0.9800000000000002
521 153797 0.9800000000000002
522 153926 0.9800000000000002
523 154035 0.9800000000000002
524 154219 0.9800000000000002
525 154415 0.9800000000000002
526 154624 0.9800000000000002
527 154719 0.9800000000000002
528 154921 0.9800000000000002
529 155060 0.9800000000000002
530 155207 0.9800000000000002
531 155474 0.9800000000000002
532 155763 0.9800000000000002
533 155884 0.9800000000000002
534 155992 0.9800000000000002
535 156110 0.9800000000000002
536 156232 0.9800000000000002
537 156389 0.9800000000000002
538 156668 0.9800000000000002
539 156772 0.9800000000000002
540 156993 0.9800000000000002
541 157202 0.9800000000000002
542 157399 0.9800000000000002
543 157541 0.9800000000000002
544 157719 0.9800000000000002
545 157905 0.9800000000000002
546 158083 0.9800000000000002
547 158201 0.9800000000000002
548 158320 0.9800000000000002
549 158558 0.9800000000000002
550 158858 0.9800000000000002
551 158968 0.9900000000000002
552 159079 0.9900000000000002
553 159299 0.9900000000000002
554 159501 0.9900000000000002
555 159651 0.9900000000000002
556 159826 0.9900000000000002
557 159917 0.9900000000000002
558 160079 0.9900000000000002
559 160188 0.9900000000000002
560 160347 0.9900000000000002
561 160497 0.9900000000000002
562 160723 0.9900000000000002
563 161023 0.9900000000000002
564 161138 1.0
565 161257 1.0
566 161467 1.0
567 161622 1.0
568 161761 1.0
569 161956 1.0
570 162092 1.0
571 162238 1.0
572 162375 1.0
573 162559 1.0
574 162679 1.0
575 162917 1.0
576 163044 1.0
577 163194 1.0
578 163349 1.0
579 163493 1.0
580 163602 1.0
581 163767 1.0
582 163925 1.0
583 164019 1.0
584 164129 1.0
585 164316 1.0
586 164423 1.0
587 164544 1.0
588 164683 1.0
589 164780 1.0
590 164956 1.0
591 165146 1.0
592 165246 1.0
593 165402 1.0
594 165577 1.0
595 165734 1.0
596 165922 1.0
597 166085 1.0
598 166182 1.0
599 166304 1.0
600 166474 1.0
601 166659 1.0
602 166842 1.0
603 166964 1.0
604 167045 1.0
605 167170 1.0
606 167296 1.0
607 167474 1.0
608 167635 1.0
609 167747 1.0
610 167903 1.0
611 167987 1.0
612 168083 1.0
613 168233 1.0
614 168341 1.0
615 168494 1.0
616 168641 1.0
617 168793 1.0
618 168884 1.0
619 168975 1.0
620 169093 1.0
621 169218 1.0
622 169365 1.0
623 169486 1.0
624 169587 1.0
625 169707 1.0
626 169825 1.0
627 169995 1.0
628 170062 1.0
629 170151 1.0
630 170348 1.0
631 170501 1.0
632 170621 1.0
633 170820 1.0
634 170974 1.0
635 171080 1.0
636 171167 1.0
637 171280 1.0
638 171403 1.0
639 171510 1.0
640 171654 1.0
641 171761 1.0
642 171896 1.0
643 171988 1.0
644 172116 1.0
645 172255 1.0
646 172353 1.0
647 172454 1.0
648 172606 1.0
649 172726 1.0
650 172951 1.0
651 173117 1.0
652 173242 1.0
653 173413 1.0
654 173519 1.0
655 173641 1.0
656 173757 1.0
657 173852 1.0
658 173991 1.0
659 174102 1.0
660 174205 1.0
661 174310 1.0
662 174423 1.0
663 174543 1.0
664 174720 1.0
665 174913 1.0
666 175071 1.0
667 175183 1.0
668 175291 1.0
669 175416 1.0
670 175521 1.0
671 175702 1.0
672 175790 1.0
673 175891 1.0
674 175979 1.0
675 176097 1.0
676 176191 1.0
677 176313 1.0
678 176424 1.0
679 176548 1.0
680 176662 1.0
681 176766 1.0
682 176871 1.0
683 176997 1.0
684 177093 1.0
685 177191 1.0
686 177333 1.0
687 177501 1.0
688 177659 1.0
689 177743 1.0
690 177864 1.0
691 177997 1.0
692 178086 1.0
693 178226 1.0
694 178367 1.0
695 178531 1.0
696 178631 1.0
697 178735 1.0
698 178831 1.0
699 178980 1.0
700 179093 1.0
701 179232 1.0
702 179327 1.0
703 179393 1.0
704 179495 1.0
705 179599 1.0
706 179715 1.0
707 179826 1.0
708 179920 1.0
709 180070 1.0
710 180175 1.0
711 180271 1.0
712 180376 1.0
713 180534 1.0
714 180658 1.0
715 180754 1.0
716 180911 1.0
717 181038 1.0
718 181204 1.0
719 181314 1.0
720 181431 1.0
721 181533 1.0
722 181711 1.0
723 181798 1.0
724 181913 1.0
725 182035 1.0
726 182188 1.0
727 182292 1.0
728 182413 1.0
729 182527 1.0
730 182692 1.0
731 182831 1.0
732 182948 1.0
733 183055 1.0
734 183218 1.0
735 183370 1.0
736 183497 1.0
737 183616 1.0
738 183754 1.0
739 183866 1.0
740 183965 1.0
741 184085 1.0
742 184192 1.0
743 184315 1.0
744 184441 1.0
745 184540 1.0
746 184630 1.0
747 184827 1.0
748 184955 1.0
749 185078 1.0
750 185177 1.0
751 185265 1.0
752 185369 1.0
753 185547 1.0
754 185691 1.0
755 185808 1.0
756 185881 1.0
757 185981 1.0
758 186079 1.0
759 186204 1.0
760 186294 1.0
761 186409 1.0
762 186512 1.0
763 186611 1.0
764 186721 1.0
765 186827 1.0
766 186920 1.0
767 187053 1.0
768 187166 1.0
769 187277 1.0
770 187390 1.0
771 187543 1.0
772 187674 1.0
773 187783 1.0
774 187901 1.0
775 188027 1.0
776 188134 1.0
777 188202 1.0
778 188273 1.0
779 188370 1.0
780 188543 1.0
781 188650 1.0
782 188740 1.0
783 188834 1.0
784 188920 1.0
785 189026 1.0
786 189106 1.0
787 189194 1.0
788 189273 1.0
789 189393 1.0
790 189476 1.0
791 189594 1.0
792 189676 1.0
793 189802 1.0
794 189895 1.0
795 190029 1.0
796 190140 1.0
797 190243 1.0
798 190368 1.0
799 190462 1.0
800 190536 1.0
801 190628 1.0
802 190720 1.0
803 190784 1.0
804 190857 1.0
805 190930 1.0
806 191014 1.0
807 191146 1.0
808 191236 1.0
809 191329 1.0
810 191403 1.0
811 191495 1.0
812 191613 1.0
813 191738 1.0
814 191843 1.0
815 191934 1.0
816 192066 1.0
817 192159 1.0
818 192253 1.0
819 192348 1.0
820 192443 1.0
821 192537 1.0
822 192632 1.0
823 192750 1.0
824 192845 1.0
825 193022 1.0
826 193115 1.0
827 193193 1.0
828 193284 1.0
829 193433 1.0
830 193532 1.0
831 193622 1.0
832 193721 1.0
833 193883 1.0
834 194012 1.0
835 194125 1.0
836 194224 1.0
837 194309 1.0
838 194453 1.0
839 194586 1.0
840 194703 1.0
841 194816 1.0
842 194942 1.0
843 195107 1.0
844 195244 1.0
845 195339 1.0
846 195468 1.0
847 195578 1.0
848 195702 1.0
849 195781 1.0
850 195852 1.0
851 195945 1.0
852 196038 1.0
853 196182 1.0
854 196279 1.0
855 196357 1.0
856 196449 1.0
857 196554 1.0
858 196666 1.0
859 196826 1.0
860 196914 1.0
861 197025 1.0
862 197162 1.0
863 197255 1.0
864 197344 1.0
865 197488 1.0
866 197631 1.0
867 197752 1.0
868 197881 1.0
869 197969 1.0
870 198051 1.0
871 198134 1.0
872 198223 1.0
873 198348 1.0
874 198479 1.0
875 198600 1.0
876 198718 1.0
877 198786 1.0
878 198881 1.0
879 198956 1.0
880 199035 1.0
881 199167 1.0
882 199293 1.0
883 199382 1.0
884 199499 1.0
885 199568 1.0
886 199684 1.0
887 199796 1.0
888 199873 1.0
889 199984 1.0
890 200087 1.0
891 200180 1.0
892 200280 1.0
893 200380 1.0
894 200451 1.0
895 200562 1.0
896 200667 1.0
897 200774 1.0
898 200949 1.0
899 201080 1.0
900 201200 1.0
901 201321 1.0
902 201409 1.0
903 201535 1.0
904 201648 1.0
905 201756 1.0
906 201865 1.0
907 201979 1.0
908 202070 1.0
909 202176 1.0
910 202286 1.0
911 202379 1.0
912 202474 1.0
913 202582 1.0
914 202675 1.0
915 202794 1.0
916 202891 1.0
917 202968 1.0
918 203073 1.0
919 203172 1.0
920 203297 1.0
921 203393 1.0
922 203519 1.0
923 203695 1.0
924 203787 1.0
925 203873 1.0
926 203981 1.0
927 204070 1.0
928 204211 1.0
929 204295 1.0
930 204437 1.0
931 204575 1.0
932 204675 1.0
933 204775 1.0
934 204856 1.0
935 204972 1.0
936 205036 1.0
937 205104 1.0
938 205184 1.0
939 205315 1.0
940 205411 1.0
941 205510 1.0
942 205607 1.0
943 205701 1.0
944 205803 1.0
945 205933 1.0
946 206061 1.0
947 206158 1.0
948 206234 1.0
949 206321 1.0
950 206403 1.0
951 206526 1.0
952 206637 1.0
953 206746 1.0
954 206846 1.0
955 206950 1.0
956 207043 1.0
957 207176 1.0
958 207296 1.0
959 207425 1.0
960 207500 1.0
961 207617 1.0
962 207728 1.0
963 207808 1.0
964 207902 1.0
965 207988 1.0
966 208078 1.0
967 208189 1.0
968 208269 1.0
969 208420 1.0
970 208501 1.0
971 208595 1.0
972 208677 1.0
973 208743 1.0
974 208837 1.0
975 208956 1.0
976 209036 1.0
977 209113 1.0
978 209203 1.0
979 209304 1.0
980 209414 1.0
981 209531 1.0
982 209611 1.0
983 209767 1.0
984 209840 1.0
985 209932 1.0
986 210019 1.0
987 210119 1.0
988 210198 1.0
989 210277 1.0
990 210395 1.0
991 210496 1.0
992 210604 1.0
993 210731 1.0
994 210879 1.0
995 210983 1.0
996 211098 1.0
997 211310 1.0
998 211443 1.0
999 211560 1.0
1000 211678 1.0
1001 211768 1.0
1002 211879 1.0
1003 212061 1.0
1004 212222 1.0
1005 212335 1.0
1006 212448 1.0
1007 212512 1.0
1008 212579 1.0
1009 212665 1.0
1010 212784 1.0
1011 212863 1.0
1012 212958 1.0
1013 213052 1.0
1014 213154 1.0
1015 213261 1.0
1016 213360 1.0
1017 213482 1.0
1018 213564 1.0
1019 213651 1.0
1020 213777 1.0
1021 213914 1.0
1022 214017 1.0
1023 214129 1.0
1024 214241 1.0
1025 214329 1.0
1026 214464 1.0
1027 214548 1.0
1028 214634 1.0
1029 214715 1.0
1030 214833 1.0
1031 214947 1.0
1032 215054 1.0
1033 215151 1.0
1034 215219 1.0
1035 215288 1.0
1036 215381 1.0
1037 215486 1.0
1038 215586 1.0
1039 215652 1.0
1040 215710 1.0
1041 215802 1.0
1042 215889 1.0
1043 215983 1.0
1044 216074 1.0
1045 216209 1.0
1046 216310 1.0
1047 216395 1.0
1048 216489 1.0
1049 216607 1.0
1050 216699 1.0
1051 216809 1.0
1052 216899 1.0
1053 216980 1.0
1054 217066 1.0
1055 217157 1.0
1056 217286 1.0
1057 217373 1.0
1058 217482 1.0
1059 217613 1.0
1060 217708 1.0
1061 217774 1.0
1062 217859 1.0
1063 217980 1.0
1064 218087 1.0
1065 218142 1.0
1066 218230 1.0
1067 218320 1.0
1068 218412 1.0
1069 218506 1.0
1070 218592 1.0
1071 218697 1.0
1072 218801 1.0
1073 218899 1.0
1074 219077 1.0
1075 219187 1.0
1076 219316 1.0
1077 219448 1.0
1078 219564 1.0
1079 219702 1.0
1080 219831 1.0
1081 219945 1.0
1082 220028 1.0
1083 220149 1.0
1084 220241 1.0
1085 220366 1.0
1086 220454 1.0
1087 220553 1.0
1088 220667 1.0
1089 220741 1.0
1090 220847 1.0
1091 220931 1.0
1092 221006 1.0
1093 221111 1.0
1094 221208 1.0
1095 221299 1.0
1096 221374 1.0
1097 221476 1.0
1098 221564 1.0
1099 221653 1.0
1100 221724 1.0
1101 221860 1.0
1102 221942 1.0
1103 222013 1.0
1104 222096 1.0
1105 222210 1.0
1106 222305 1.0
1107 222404 1.0
1108 222475 1.0
1109 222550 1.0
1110 222615 1.0
1111 222704 1.0
1112 222811 1.0
1113 222904 1.0
1114 222978 1.0
1115 223068 1.0
1116 223205 1.0
1117 223283 1.0
1118 223364 1.0
1119 223461 1.0
1120 223551 1.0
1121 223666 1.0
1122 223863 1.0
1123 223935 1.0
1124 224014 1.0
1125 224122 1.0
1126 224208 1.0
1127 224298 1.0
1128 224384 1.0
1129 224487 1.0
1130 224587 1.0
1131 224738 1.0
1132 224827 1.0
1133 224913 1.0
1134 225009 1.0
1135 225128 1.0
1136 225251 1.0
1137 225328 1.0
1138 225445 1.0
1139 225548 1.0
1140 225648 1.0
1141 225737 1.0
1142 225874 1.0
1143 225963 1.0
1144 226074 1.0
1145 226158 1.0
1146 226263 1.0
1147 226354 1.0
1148 226454 1.0
1149 226552 1.0
1150 226670 1.0
1151 226786 1.0
1152 226887 1.0
1153 226949 1.0
1154 227043 1.0
1155 227156 1.0
1156 227232 1.0
1157 227306 1.0
1158 227400 1.0
1159 227465 1.0
1160 227560 1.0
1161 227624 1.0
1162 227741 1.0
1163 227857 1.0
1164 227953 1.0
1165 228034 1.0
1166 228148 1.0
1167 228276 1.0
1168 228379 1.0
1169 228488 1.0
1170 228616 1.0
1171 228787 1.0
1172 228888 1.0
1173 228984 1.0
1174 229087 1.0
1175 229177 1.0
1176 229279 1.0
1177 229408 1.0
1178 229503 1.0
1179 229592 1.0
1180 229680 1.0
1181 229786 1.0
1182 229899 1.0
1183 230010 1.0
1184 230122 1.0
1185 230221 1.0
1186 230327 1.0
1187 230393 1.0
1188 230520 1.0
1189 230648 1.0
1190 230729 1.0
1191 230805 1.0
1192 230898 1.0
1193 230969 1.0
1194 231051 1.0
1195 231125 1.0
1196 231190 1.0
1197 231269 1.0
1198 231347 1.0
1199 231465 1.0
1200 231557 1.0
1201 231634 1.0
1202 231760 1.0
1203 231835 1.0
1204 231924 1.0
1205 232010 1.0
1206 232088 1.0
1207 232182 1.0
1208 232267 1.0
1209 232364 1.0
1210 232469 1.0
1211 232549 1.0
1212 232624 1.0
1213 232695 1.0
1214 232805 1.0
1215 232893 1.0
1216 233015 1.0
1217 233090 1.0
1218 233195 1.0
1219 233272 1.0
1220 233351 1.0
1221 233420 1.0
1222 233528 1.0
1223 233609 1.0
1224 233685 1.0
1225 233777 1.0
1226 233859 1.0
1227 233965 1.0
1228 234045 1.0
1229 234134 1.0
1230 234255 1.0
1231 234320 1.0
1232 234399 1.0
1233 234477 1.0
1234 234560 1.0
1235 234694 1.0
1236 234800 1.0
1237 234874 1.0
1238 234979 1.0
1239 235069 1.0
1240 235146 1.0
1241 235297 1.0
1242 235386 1.0
1243 235470 1.0
1244 235561 1.0
1245 235678 1.0
1246 235756 1.0
1247 235831 1.0
1248 235919 1.0
1249 236012 1.0
1250 236095 1.0
1251 236180 1.0
1252 236318 1.0
1253 236396 1.0
1254 236457 1.0
1255 236543 1.0
1256 236613 1.0
1257 236714 1.0
1258 236804 1.0
1259 236886 1.0
1260 236972 1.0
1261 237045 1.0
1262 237151 1.0
1263 237216 1.0
1264 237297 1.0
1265 237384 1.0
1266 237450 1.0
1267 237537 1.0
1268 237638 1.0
1269 237736 1.0
1270 237819 1.0
1271 237913 1.0
1272 238051 1.0
1273 238164 1.0
1274 238266 1.0
1275 238375 1.0
1276 238462 1.0
1277 238555 1.0
1278 238663 1.0
1279 238743 1.0
1280 238823 1.0
1281 238923 1.0
1282 238979 1.0
1283 239065 1.0
1284 239181 1.0
1285 239279 1.0
1286 239369 1.0
1287 239449 1.0
1288 239536 1.0
1289 239617 1.0
1290 239699 1.0
1291 239803 1.0
1292 239895 1.0
1293 239964 1.0
1294 240040 1.0
1295 240106 1.0
1296 240190 1.0
1297 240286 1.0
1298 240385 1.0
1299 240472 1.0
1300 240598 1.0
1301 240690 1.0
1302 240788 1.0
1303 240872 1.0
1304 240953 1.0
1305 241026 1.0
1306 241091 1.0
1307 241173 1.0
1308 241268 1.0
1309 241331 1.0
1310 241398 1.0
1311 241515 1.0
1312 241587 1.0
1313 241662 1.0
1314 241763 1.0
1315 241848 1.0
1316 241939 1.0
1317 242038 1.0
1318 242131 1.0
1319 242228 1.0
1320 242349 1.0
1321 242469 1.0
1322 242532 1.0
1323 242611 1.0
1324 242702 1.0
1325 242796 1.0
1326 242879 1.0
1327 242975 1.0
1328 243059 1.0
1329 243155 1.0
1330 243241 1.0
1331 243354 1.0
1332 243426 1.0
1333 243528 1.0
1334 243621 1.0
1335 243701 1.0
1336 243821 1.0
1337 243890 1.0
1338 243990 1.0
1339 244100 1.0
1340 244198 1.0
1341 244270 1.0
1342 244338 1.0
1343 244425 1.0
1344 244506 1.0
1345 244606 1.0
1346 244684 1.0
1347 244789 1.0
1348 244891 1.0
1349 245003 1.0
1350 245113 1.0
1351 245172 1.0
1352 245248 1.0
1353 245327 1.0
1354 245394 1.0
1355 245515 1.0
1356 245612 1.0
1357 245701 1.0
1358 245795 1.0
1359 245863 1.0
1360 245953 1.0
1361 246073 1.0
1362 246150 1.0
1363 246251 1.0
1364 246325 1.0
1365 246405 1.0
1366 246483 1.0
1367 246599 1.0
1368 246694 1.0
1369 246774 1.0
1370 246849 1.0
1371 246928 1.0
1372 247008 1.0
1373 247135 1.0
1374 247228 1.0
1375 247309 1.0
1376 247403 1.0
1377 247491 1.0
1378 247576 1.0
1379 247650 1.0
1380 247729 1.0
1381 247801 1.0
1382 247895 1.0
1383 248000 1.0
1384 248093 1.0
1385 248186 1.0
1386 248259 1.0
1387 248377 1.0
1388 248477 1.0
1389 248569 1.0
1390 248658 1.0
1391 248741 1.0
1392 248817 1.0
1393 248917 1.0
1394 249068 1.0
1395 249154 1.0
1396 249236 1.0
1397 249368 1.0
1398 249452 1.0
1399 249535 1.0
1400 249639 1.0
1401 249742 1.0
1402 249865 1.0
1403 249940 1.0
1404 250029 1.0
1405 250109 1.0
1406 250192 1.0
1407 250260 1.0
1408 250367 1.0
1409 250466 1.0
1410 250543 1.0
1411 250600 1.0
1412 250712 1.0
1413 250833 1.0
1414 250943 1.0
1415 251047 1.0
1416 251128 1.0
1417 251202 1.0
1418 251277 1.0
1419 251339 1.0
1420 251434 1.0
1421 251559 1.0
1422 251652 1.0
1423 251743 1.0
1424 251845 1.0
1425 251950 1.0
1426 252041 1.0
1427 252139 1.0
1428 252218 1.0
1429 252302 1.0
1430 252432 1.0
1431 252528 1.0
1432 252640 1.0
1433 252755 1.0
1434 252838 1.0
1435 252924 1.0
1436 252994 1.0
1437 253072 1.0
1438 253152 1.0
1439 253237 1.0
1440 253331 1.0
1441 253476 1.0
1442 253565 1.0
1443 253643 1.0
1444 253704 1.0
1445 253794 1.0
1446 253859 1.0
1447 253935 1.0
1448 254014 1.0
1449 254089 1.0
1450 254155 1.0
1451 254233 1.0
1452 254328 1.0
1453 254430 1.0
1454 254523 1.0
1455 254597 1.0
1456 254687 1.0
1457 254772 1.0
1458 254883 1.0
1459 254980 1.0
1460 255057 1.0
1461 255138 1.0
1462 255231 1.0
1463 255341 1.0
1464 255416 1.0
1465 255502 1.0
1466 255622 1.0
1467 255701 1.0
1468 255793 1.0
1469 255869 1.0
1470 255955 1.0
1471 256057 1.0
1472 256142 1.0
1473 256210 1.0
1474 256336 1.0
1475 256421 1.0
1476 256489 1.0
1477 256568 1.0
1478 256633 1.0
1479 256742 1.0
1480 256844 1.0
1481 256944 1.0
1482 257052 1.0
1483 257183 1.0
1484 257261 1.0
1485 257371 1.0
1486 257494 1.0
1487 257584 1.0
1488 257677 1.0
1489 257750 1.0
1490 257853 1.0
1491 257943 1.0
1492 258011 1.0
1493 258084 1.0
1494 258158 1.0
1495 258223 1.0
1496 258313 1.0
1497 258400 1.0
1498 258488 1.0
1499 258575 1.0
1500 258648 1.0
1501 258728 1.0
1502 258806 1.0
1503 258891 1.0
1504 258969 1.0
1505 259042 1.0
1506 259136 1.0
1507 259230 1.0
1508 259323 1.0
1509 259428 1.0
1510 259520 1.0
1511 259637 1.0
1512 259727 1.0
1513 259843 1.0
1514 259942 1.0
1515 260014 1.0
1516 260109 1.0
1517 260185 1.0
1518 260255 1.0
1519 260319 1.0
1520 260436 1.0
1521 260530 1.0
1522 260642 1.0
1523 260716 1.0
1524 260776 1.0
1525 260867 1.0
1526 260955 1.0
1527 261030 1.0
1528 261119 1.0
1529 261197 1.0
1530 261286 1.0
1531 261356 1.0
1532 261427 1.0
1533 261541 1.0
1534 261646 1.0
1535 261718 1.0
1536 261802 1.0
1537 261934 1.0
1538 262016 1.0
1539 262084 1.0
1540 262148 1.0
1541 262221 1.0
1542 262320 1.0
1543 262411 1.0
1544 262480 1.0
1545 262549 1.0
1546 262625 1.0
1547 262700 1.0
1548 262777 1.0
1549 262879 1.0
1550 262989 1.0
1551 263082 1.0
1552 263165 1.0
1553 263243 1.0
1554 263314 1.0
1555 263399 1.0
1556 263469 1.0
1557 263564 1.0
1558 263641 1.0
1559 263769 1.0
1560 263840 1.0
1561 263960 1.0
1562 264040 1.0
1563 264148 1.0
1564 264216 1.0
1565 264296 1.0
1566 264384 1.0
1567 264466 1.0
1568 264563 1.0
1569 264618 1.0
1570 264725 1.0
1571 264838 1.0
1572 264933 1.0
1573 265043 1.0
1574 265128 1.0
1575 265237 1.0
1576 265317 1.0
1577 265430 1.0
1578 265527 1.0
1579 265606 1.0
1580 265687 1.0
1581 265779 1.0
1582 265853 1.0
1583 265931 1.0
1584 266002 1.0
1585 266084 1.0
1586 266164 1.0
1587 266248 1.0
1588 266333 1.0
1589 266428 1.0
1590 266514 1.0
1591 266579 1.0
1592 266666 1.0
1593 266785 1.0
1594 266901 1.0
1595 266991 1.0
1596 267071 1.0
1597 267167 1.0
1598 267267 1.0
1599 267346 1.0
1600 267467 1.0
1601 267536 1.0
1602 267662 1.0
1603 267753 1.0
1604 267845 1.0
1605 267939 1.0
1606 267998 1.0
1607 268063 1.0
1608 268144 1.0
1609 268238 1.0
1610 268330 1.0
1611 268436 1.0
1612 268524 1.0
1613 268635 1.0
1614 268710 1.0
1615 268809 1.0
1616 268874 1.0
1617 268953 1.0
1618 269026 1.0
1619 269088 1.0
1620 269184 1.0
1621 269256 1.0
1622 269343 1.0
1623 269415 1.0
1624 269493 1.0
1625 269553 1.0
1626 269629 1.0
1627 269718 1.0
1628 269813 1.0
1629 269913 1.0
1630 270020 1.0
1631 270104 1.0
1632 270168 1.0
1633 270273 1.0
1634 270335 1.0
1635 270440 1.0
1636 270553 1.0
1637 270649 1.0
1638 270733 1.0
1639 270803 1.0
1640 270901 1.0
1641 270989 1.0
1642 271054 1.0
1643 271143 1.0
1644 271251 1.0
1645 271349 1.0
1646 271407 1.0
1647 271483 1.0
1648 271554 1.0
1649 271638 1.0
1650 271717 1.0
1651 271812 1.0
1652 271897 1.0
1653 271996 1.0
1654 272095 1.0
1655 272166 1.0
1656 272264 1.0
1657 272341 1.0
1658 272440 1.0
1659 272530 1.0
1660 272623 1.0
1661 272720 1.0
1662 272792 1.0
1663 272887 1.0
1664 272963 1.0
1665 273066 1.0
1666 273149 1.0
1667 273223 1.0
1668 273337 1.0
1669 273407 1.0
1670 273548 1.0
1671 273626 1.0
1672 273712 1.0
1673 273785 1.0
1674 273891 1.0
1675 273960 1.0
1676 274041 1.0
1677 274092 1.0
1678 274165 1.0
1679 274263 1.0
1680 274332 1.0
1681 274396 1.0
1682 274480 1.0
1683 274574 1.0
1684 274648 1.0
1685 274707 1.0
1686 274772 1.0
1687 274846 1.0
1688 274917 1.0
1689 275003 1.0
1690 275081 1.0
1691 275144 1.0
1692 275214 1.0
1693 275282 1.0
1694 275385 1.0
1695 275481 1.0
1696 275568 1.0
1697 275657 1.0
1698 275733 1.0
1699 275797 1.0
1700 275868 1.0
1701 275947 1.0
1702 276006 1.0
1703 276073 1.0
1704 276140 1.0
1705 276216 1.0
1706 276292 1.0
1707 276375 1.0
1708 276499 1.0
1709 276588 1.0
1710 276659 1.0
1711 276800 1.0
1712 276876 1.0
1713 276968 1.0
1714 277028 1.0
1715 277111 1.0
1716 277177 1.0
1717 277248 1.0
1718 277344 1.0
1719 277417 1.0
1720 277512 1.0
1721 277617 1.0
1722 277702 1.0
1723 277816 1.0
1724 277925 1.0
1725 277998 1.0
1726 278055 1.0
1727 278128 1.0
1728 278223 1.0
1729 278295 1.0
1730 278358 1.0
1731 278433 1.0
1732 278518 1.0
1733 278571 1.0
1734 278674 1.0
1735 278758 1.0
1736 278849 1.0
1737 278930 1.0
1738 279009 1.0
1739 279079 1.0
1740 279143 1.0
1741 279233 1.0
1742 279294 1.0
1743 279407 1.0
1744 279490 1.0
1745 279567 1.0
1746 279633 1.0
1747 279709 1.0
1748 279783 1.0
1749 279854 1.0
1750 279925 1.0
1751 280024 1.0
1752 280110 1.0
1753 280174 1.0
1754 280263 1.0
1755 280336 1.0
1756 280425 1.0
1757 280501 1.0
1758 280577 1.0
1759 280653 1.0
1760 280725 1.0
1761 280804 1.0
1762 280866 1.0
1763 280983 1.0
1764 281068 1.0
1765 281146 1.0
1766 281231 1.0
1767 281303 1.0
1768 281414 1.0
1769 281529 1.0
1770 281631 1.0
1771 281721 1.0
1772 281796 1.0
1773 281896 1.0
1774 281987 1.0
1775 282053 1.0
1776 282152 1.0
1777 282238 1.0
1778 282317 1.0
1779 282403 1.0
1780 282480 1.0
1781 282579 1.0
1782 282669 1.0
1783 282772 1.0
1784 282835 1.0
1785 282905 1.0
1786 283017 1.0
1787 283095 1.0
1788 283171 1.0
1789 283243 1.0
1790 283352 1.0
1791 283412 1.0
1792 283487 1.0
1793 283570 1.0
1794 283660 1.0
1795 283757 1.0
1796 283840 1.0
1797 283927 1.0
1798 284017 1.0
1799 284073 1.0
1800 284144 1.0
1801 284254 1.0
1802 284338 1.0
1803 284423 1.0
1804 284511 1.0
1805 284625 1.0
1806 284681 1.0
1807 284789 1.0
1808 284851 1.0
1809 284910 1.0
1810 284993 1.0
1811 285069 1.0
1812 285143 1.0
1813 285233 1.0
1814 285346 1.0
1815 285415 1.0
1816 285491 1.0
1817 285564 1.0
1818 285648 1.0
1819 285727 1.0
1820 285816 1.0
1821 285889 1.0
1822 285984 1.0
1823 286051 1.0
1824 286140 1.0
1825 286208 1.0
1826 286298 1.0
1827 286403 1.0
1828 286538 1.0
1829 286617 1.0
1830 286684 1.0
1831 286755 1.0
1832 286834 1.0
1833 286906 1.0
1834 286988 1.0
1835 287078 1.0
1836 287167 1.0
1837 287227 1.0
1838 287317 1.0
1839 287391 1.0
1840 287476 1.0
1841 287553 1.0
1842 287626 1.0
1843 287709 1.0
1844 287820 1.0
1845 287918 1.0
1846 288000 1.0
1847 288075 1.0
1848 288163 1.0
1849 288242 1.0
1850 288305 1.0
1851 288391 1.0
1852 288468 1.0
1853 288547 1.0
1854 288633 1.0
1855 288710 1.0
1856 288814 1.0
1857 288893 1.0
1858 288959 1.0
1859 289037 1.0
1860 289132 1.0
1861 289207 1.0
1862 289282 1.0
1863 289351 1.0
1864 289423 1.0
1865 289498 1.0
1866 289588 1.0
1867 289671 1.0
1868 289747 1.0
1869 289801 1.0
1870 289882 1.0
1871 289975 1.0
1872 290049 1.0
1873 290166 1.0
1874 290224 1.0
1875 290294 1.0
1876 290377 1.0
1877 290449 1.0
1878 290533 1.0
1879 290590 1.0
1880 290671 1.0
1881 290769 1.0
1882 290866 1.0
1883 290943 1.0
1884 291034 1.0
1885 291108 1.0
1886 291193 1.0
1887 291277 1.0
1888 291354 1.0
1889 291427 1.0
1890 291534 1.0
1891 291601 1.0
1892 291694 1.0
1893 291774 1.0
1894 291851 1.0
1895 291917 1.0
1896 291980 1.0
1897 292073 1.0
1898 292171 1.0
1899 292247 1.0
1900 292313 1.0
1901 292424 1.0
1902 292503 1.0
1903 292581 1.0
1904 292651 1.0
1905 292729 1.0
1906 292814 1.0
1907 292883 1.0
1908 292956 1.0
1909 293024 1.0
1910 293090 1.0
1911 293165 1.0
1912 293252 1.0
1913 293309 1.0
1914 293373 1.0
1915 293447 1.0
1916 293519 1.0
1917 293593 1.0
1918 293665 1.0
1919 293739 1.0
1920 293848 1.0
1921 293951 1.0
1922 294018 1.0
1923 294179 1.0
1924 294255 1.0
1925 294343 1.0
1926 294435 1.0
1927 294508 1.0
1928 294586 1.0
1929 294670 1.0
1930 294751 1.0
1931 294842 1.0
1932 294931 1.0
1933 295003 1.0
1934 295092 1.0
1935 295166 1.0
1936 295244 1.0
1937 295312 1.0
1938 295386 1.0
1939 295484 1.0
1940 295554 1.0
1941 295631 1.0
1942 295723 1.0
1943 295827 1.0
1944 295911 1.0
1945 295996 1.0
1946 296064 1.0
1947 296135 1.0
1948 296217 1.0
1949 296291 1.0
1950 296372 1.0
1951 296442 1.0
1952 296510 1.0
1953 296624 1.0
1954 296710 1.0
1955 296773 1.0
1956 296871 1.0
1957 296951 1.0
1958 297034 1.0
1959 297111 1.0
1960 297194 1.0
1961 297296 1.0
1962 297423 1.0
1963 297497 1.0
1964 297571 1.0
1965 297656 1.0
1966 297745 1.0
1967 297812 1.0
1968 297883 1.0
1969 297977 1.0
1970 298044 1.0
1971 298136 1.0
1972 298219 1.0
1973 298291 1.0
1974 298357 1.0
1975 298433 1.0
1976 298512 1.0
1977 298591 1.0
1978 298671 1.0
1979 298739 1.0
1980 298813 1.0
1981 298880 1.0
1982 298965 1.0
1983 299035 1.0
1984 299133 1.0
1985 299214 1.0
1986 299294 1.0
1987 299357 1.0
1988 299431 1.0
1989 299523 1.0
1990 299594 1.0
1991 299691 1.0
1992 299767 1.0
1993 299833 1.0
1994 299924 1.0
1995 300031 1.0
1996 300107 1.0
1997 300196 1.0
1998 300290 1.0
1999 300361 1.0
2000 300445 1.0
2001 300514 1.0
2002 300608 1.0
2003 300685 1.0
2004 300766 1.0
2005 300838 1.0
2006 300956 1.0
2007 301070 1.0
2008 301157 1.0
2009 301234 1.0
2010 301316 1.0
2011 301394 1.0
2012 301458 1.0
2013 301525 1.0
2014 301602 1.0
2015 301686 1.0
2016 301791 1.0
2017 301880 1.0
2018 301985 1.0
2019 302073 1.0
2020 302162 1.0
2021 302234 1.0
2022 302319 1.0
2023 302428 1.0
2024 302511 1.0
2025 302596 1.0
2026 302669 1.0
2027 302756 1.0
2028 302811 1.0
2029 302909 1.0
2030 302967 1.0
2031 303044 1.0
2032 303130 1.0
2033 303202 1.0
2034 303321 1.0
2035 303412 1.0
2036 303504 1.0
2037 303575 1.0
2038 303639 1.0
2039 303723 1.0
2040 303796 1.0
2041 303890 1.0
2042 303952 1.0
2043 304016 1.0
2044 304130 1.0
2045 304195 1.0
2046 304270 1.0
2047 304361 1.0
2048 304444 1.0
2049 304518 1.0
2050 304581 1.0
2051 304655 1.0
2052 304833 1.0
2053 304915 1.0
2054 304995 1.0
2055 305066 1.0
2056 305137 1.0
2057 305227 1.0
2058 305306 1.0
2059 305381 1.0
2060 305448 1.0
2061 305529 1.0
2062 305602 1.0
2063 305683 1.0
2064 305752 1.0
2065 305821 1.0
2066 305932 1.0
2067 306021 1.0
2068 306103 1.0
2069 306179 1.0
2070 306258 1.0
2071 306333 1.0
2072 306409 1.0
2073 306463 1.0
2074 306538 1.0
2075 306606 1.0
2076 306672 1.0
2077 306777 1.0
2078 306846 1.0
2079 306929 1.0
2080 307023 1.0
2081 307134 1.0
2082 307266 1.0
2083 307336 1.0
2084 307426 1.0
2085 307514 1.0
2086 307588 1.0
2087 307695 1.0
2088 307769 1.0
2089 307866 1.0
2090 307936 1.0
2091 308015 1.0
2092 308086 1.0
2093 308169 1.0
2094 308260 1.0
2095 308342 1.0
2096 308411 1.0
2097 308498 1.0
2098 308601 1.0
2099 308670 1.0
2100 308742 1.0
2101 308807 1.0
2102 308879 1.0
2103 308974 1.0
2104 309032 1.0
2105 309126 1.0
2106 309221 1.0
2107 309316 1.0
2108 309395 1.0
2109 309461 1.0
2110 309537 1.0
2111 309588 1.0
2112 309687 1.0
2113 309751 1.0
2114 309822 1.0
2115 309882 1.0
2116 309958 1.0
2117 310035 1.0
2118 310102 1.0
2119 310178 1.0
2120 310276 1.0
2121 310378 1.0
2122 310480 1.0
2123 310558 1.0
2124 310637 1.0
2125 310719 1.0
2126 310788 1.0
2127 310915 1.0
2128 310985 1.0
2129 311075 1.0
2130 311170 1.0
2131 311256 1.0
2132 311355 1.0
2133 311442 1.0
2134 311531 1.0
2135 311624 1.0
2136 311711 1.0
2137 311778 1.0
2138 311853 1.0
2139 311940 1.0
2140 312004 1.0
2141 312076 1.0
2142 312151 1.0
2143 312220 1.0
2144 312317 1.0
2145 312388 1.0
2146 312487 1.0
2147 312567 1.0
2148 312641 1.0
2149 312746 1.0
2150 312818 1.0
2151 312955 1.0
2152 313033 1.0
2153 313100 1.0
2154 313162 1.0
2155 313253 1.0
2156 313309 1.0
2157 313404 1.0
2158 313535 1.0
2159 313617 1.0
2160 313706 1.0
2161 313778 1.0
2162 313860 1.0
2163 314008 1.0
2164 314132 1.0
2165 314237 1.0
2166 314328 1.0
2167 314407 1.0
2168 314482 1.0
2169 314585 1.0
2170 314656 1.0
2171 314727 1.0
2172 314851 1.0
2173 314936 1.0
2174 315023 1.0
2175 315109 1.0
2176 315199 1.0
2177 315284 1.0
2178 315404 1.0
2179 315484 1.0
2180 315555 1.0
2181 315629 1.0
2182 315706 1.0
2183 315770 1.0
2184 315837 1.0
2185 315919 1.0
2186 315995 1.0
2187 316058 1.0
2188 316174 1.0
2189 316250 1.0
2190 316333 1.0
2191 316411 1.0
2192 316478 1.0
2193 316548 1.0
2194 316622 1.0
2195 316734 1.0
2196 316813 1.0
2197 316894 1.0
2198 316989 1.0
2199 317053 1.0
2200 317122 1.0
2201 317199 1.0
2202 317283 1.0
2203 317358 1.0
2204 317423 1.0
2205 317477 1.0
2206 317540 1.0
2207 317617 1.0
2208 317737 1.0
2209 317815 1.0
2210 317906 1.0
2211 317999 1.0
2212 318102 1.0
2213 318182 1.0
2214 318256 1.0
2215 318396 1.0
2216 318472 1.0
2217 318571 1.0
2218 318637 1.0
2219 318703 1.0
2220 318787 1.0
2221 318860 1.0
2222 318954 1.0
2223 319063 1.0
2224 319130 1.0
2225 319208 1.0
2226 319316 1.0
2227 319390 1.0
2228 319502 1.0
2229 319567 1.0
2230 319634 1.0
2231 319712 1.0
2232 319786 1.0
2233 319884 1.0
2234 319960 1.0
2235 320035 1.0
2236 320104 1.0
2237 320173 1.0
2238 320238 1.0
2239 320300 1.0
2240 320379 1.0
2241 320452 1.0
2242 320537 1.0
2243 320605 1.0
2244 320674 1.0
2245 320770 1.0
2246 320850 1.0
2247 320909 1.0
2248 320995 1.0
2249 321057 1.0
2250 321135 1.0
2251 321207 1.0
2252 321276 1.0
2253 321366 1.0
2254 321450 1.0
2255 321522 1.0
2256 321594 1.0
2257 321664 1.0
2258 321743 1.0
2259 321804 1.0
2260 321882 1.0
2261 321958 1.0
2262 322017 1.0
2263 322074 1.0
2264 322151 1.0
2265 322233 1.0
2266 322321 1.0
2267 322409 1.0
2268 322478 1.0
2269 322575 1.0
2270 322638 1.0
2271 322734 1.0
2272 322820 1.0
2273 322889 1.0
2274 322973 1.0
2275 323057 1.0
2276 323142 1.0
2277 323221 1.0
2278 323299 1.0
2279 323381 1.0
2280 323477 1.0
2281 323538 1.0
2282 323632 1.0
2283 323725 1.0
2284 323819 1.0
2285 323893 1.0
2286 323980 1.0
2287 324056 1.0
2288 324165 1.0
2289 324250 1.0
2290 324318 1.0
2291 324389 1.0
2292 324457 1.0
2293 324524 1.0
2294 324603 1.0
2295 324680 1.0
2296 324744 1.0
2297 324820 1.0
2298 324910 1.0
2299 324987 1.0
2300 325056 1.0
2301 325142 1.0
2302 325223 1.0
2303 325310 1.0
2304 325385 1.0
2305 325446 1.0
2306 325515 1.0
2307 325595 1.0
2308 325711 1.0
2309 325782 1.0
2310 325880 1.0
2311 325999 1.0
2312 326074 1.0
2313 326157 1.0
2314 326223 1.0
2315 326294 1.0
2316 326372 1.0
2317 326435 1.0
2318 326506 1.0
2319 326584 1.0
2320 326670 1.0
2321 326749 1.0
2322 326862 1.0
2323 326931 1.0
2324 327001 1.0
2325 327079 1.0
2326 327145 1.0
2327 327247 1.0
2328 327326 1.0
2329 327419 1.0
2330 327509 1.0
2331 327603 1.0
2332 327689 1.0
2333 327758 1.0
2334 327861 1.0
2335 327955 1.0
2336 328031 1.0
2337 328128 1.0
2338 328238 1.0
2339 328327 1.0
2340 328400 1.0
2341 328496 1.0
2342 328565 1.0
2343 328639 1.0
2344 328718 1.0
2345 328800 1.0
2346 328874 1.0
2347 328949 1.0
2348 329042 1.0
2349 329123 1.0
2350 329206 1.0
2351 329294 1.0
2352 329364 1.0
2353 329432 1.0
2354 329528 1.0
2355 329593 1.0
2356 329704 1.0
2357 329771 1.0
2358 329865 1.0
2359 329948 1.0
2360 330026 1.0
2361 330113 1.0
2362 330187 1.0
2363 330261 1.0
2364 330323 1.0
2365 330396 1.0
2366 330480 1.0
2367 330563 1.0
2368 330640 1.0
2369 330718 1.0
2370 330794 1.0
2371 330878 1.0
2372 330957 1.0
2373 331046 1.0
2374 331152 1.0
2375 331231 1.0
2376 331300 1.0
2377 331392 1.0
2378 331474 1.0
2379 331530 1.0
2380 331603 1.0
2381 331682 1.0
2382 331761 1.0
2383 331840 1.0
2384 331902 1.0
2385 331997 1.0
2386 332068 1.0
2387 332142 1.0
2388 332228 1.0
2389 332286 1.0
2390 332383 1.0
2391 332463 1.0
2392 332541 1.0
2393 332645 1.0
2394 332705 1.0
2395 332798 1.0
2396 332868 1.0
2397 332951 1.0
2398 333022 1.0
2399 333115 1.0
2400 333202 1.0
2401 333289 1.0
2402 333368 1.0
2403 333461 1.0
2404 333547 1.0
2405 333632 1.0
2406 333727 1.0
2407 333791 1.0
2408 333852 1.0
2409 333934 1.0
2410 334009 1.0
2411 334095 1.0
2412 334189 1.0
2413 334277 1.0
2414 334345 1.0
2415 334403 1.0
2416 334482 1.0
2417 334564 1.0
2418 334659 1.0
2419 334736 1.0
2420 334800 1.0
2421 334864 1.0
2422 334926 1.0
2423 334995 1.0
2424 335073 1.0
2425 335145 1.0
2426 335205 1.0
2427 335264 1.0
2428 335347 1.0
2429 335433 1.0
2430 335534 1.0
2431 335609 1.0
2432 335664 1.0
2433 335741 1.0
2434 335810 1.0
2435 335884 1.0
2436 335960 1.0
2437 336033 1.0
2438 336126 1.0
2439 336222 1.0
2440 336304 1.0
2441 336378 1.0
2442 336464 1.0
2443 336554 1.0
2444 336621 1.0
2445 336700 1.0
2446 336799 1.0
2447 336883 1.0
2448 336961 1.0
2449 337049 1.0
2450 337127 1.0
2451 337223 1.0
2452 337284 1.0
2453 337372 1.0
2454 337441 1.0
2455 337523 1.0
2456 337607 1.0
2457 337710 1.0
2458 337788 1.0
2459 337900 1.0
2460 338000 1.0
2461 338077 1.0
2462 338157 1.0
2463 338295 1.0
2464 338370 1.0
2465 338452 1.0
2466 338513 1.0
2467 338571 1.0
2468 338651 1.0
2469 338739 1.0
2470 338807 1.0
2471 338872 1.0
2472 338931 1.0
2473 339011 1.0
2474 339089 1.0
2475 339178 1.0
2476 339257 1.0
2477 339328 1.0
2478 339405 1.0
2479 339477 1.0
2480 339555 1.0
2481 339654 1.0
2482 339713 1.0
2483 339772 1.0
2484 339839 1.0
2485 339912 1.0
2486 340006 1.0
2487 340059 1.0
2488 340166 1.0
2489 340247 1.0
2490 340311 1.0
2491 340409 1.0
2492 340489 1.0
2493 340568 1.0
2494 340630 1.0
2495 340751 1.0
2496 340825 1.0
2497 340900 1.0
2498 340977 1.0
2499 341051 1.0
2500 341143 1.0
2501 341235 1.0
2502 341312 1.0
2503 341383 1.0
2504 341475 1.0
2505 341560 1.0
2506 341633 1.0
2507 341742 1.0
2508 341827 1.0
2509 341902 1.0
2510 341970 1.0
2511 342064 1.0
2512 342143 1.0
2513 342205 1.0
2514 342300 1.0
2515 342390 1.0
2516 342489 1.0
2517 342554 1.0
2518 342630 1.0
2519 342729 1.0
2520 342798 1.0
2521 342872 1.0
2522 342943 1.0
2523 343005 1.0
2524 343095 1.0
2525 343162 1.0
2526 343234 1.0
2527 343299 1.0
2528 343379 1.0
2529 343476 1.0
2530 343546 1.0
2531 343632 1.0
2532 343713 1.0
2533 343792 1.0
2534 343894 1.0
2535 343955 1.0
2536 344033 1.0
2537 344114 1.0
2538 344180 1.0
2539 344268 1.0
2540 344348 1.0
2541 344409 1.0
2542 344487 1.0
2543 344578 1.0
2544 344639 1.0
2545 344735 1.0
2546 344821 1.0
2547 344894 1.0
2548 344962 1.0
2549 345063 1.0
2550 345146 1.0
2551 345208 1.0
2552 345284 1.0
2553 345368 1.0
2554 345451 1.0
2555 345512 1.0
2556 345588 1.0
2557 345681 1.0
2558 345742 1.0
2559 345824 1.0
2560 345928 1.0
2561 346021 1.0
2562 346115 1.0
2563 346182 1.0
2564 346284 1.0
2565 346358 1.0
2566 346417 1.0
2567 346487 1.0
2568 346585 1.0
2569 346656 1.0
2570 346735 1.0
2571 346814 1.0
2572 346892 1.0
2573 346979 1.0
2574 347048 1.0
2575 347110 1.0
2576 347200 1.0
2577 347304 1.0
2578 347397 1.0
2579 347480 1.0
2580 347555 1.0
2581 347623 1.0
2582 347714 1.0
2583 347790 1.0
2584 347883 1.0
2585 347968 1.0
2586 348065 1.0
2587 348145 1.0
2588 348202 1.0
2589 348272 1.0
2590 348347 1.0
2591 348422 1.0
2592 348493 1.0
2593 348561 1.0
2594 348629 1.0
2595 348729 1.0
2596 348801 1.0
2597 348878 1.0
2598 348972 1.0
2599 349087 1.0
2600 349160 1.0
2601 349246 1.0
2602 349324 1.0
2603 349391 1.0
2604 349463 1.0
2605 349544 1.0
2606 349624 1.0
2607 349706 1.0
2608 349780 1.0
2609 349853 1.0
2610 349916 1.0
2611 349990 1.0
2612 350098 1.0
2613 350185 1.0
2614 350249 1.0
2615 350314 1.0
2616 350381 1.0
2617 350457 1.0
2618 350518 1.0
2619 350577 1.0
2620 350659 1.0
2621 350724 1.0
2622 350782 1.0
2623 350853 1.0
2624 350939 1.0
2625 351010 1.0
2626 351075 1.0
2627 351136 1.0
2628 351205 1.0
2629 351270 1.0
2630 351337 1.0
2631 351409 1.0
2632 351498 1.0
2633 351582 1.0
2634 351671 1.0
2635 351777 1.0
2636 351843 1.0
2637 351920 1.0
2638 351991 1.0
2639 352048 1.0
2640 352141 1.0
2641 352231 1.0
2642 352307 1.0
2643 352374 1.0
2644 352442 1.0
2645 352578 1.0
2646 352645 1.0
2647 352747 1.0
2648 352848 1.0
2649 352909 1.0
2650 352968 1.0
2651 353043 1.0
2652 353122 1.0
2653 353201 1.0
2654 353282 1.0
2655 353357 1.0
2656 353430 1.0
2657 353515 1.0
2658 353598 1.0
2659 353668 1.0
2660 353736 1.0
2661 353818 1.0
2662 353896 1.0
2663 353966 1.0
2664 354037 1.0
2665 354131 1.0
2666 354196 1.0
2667 354262 1.0
2668 354344 1.0
2669 354408 1.0
2670 354479 1.0
2671 354575 1.0
2672 354689 1.0
2673 354762 1.0
2674 354827 1.0
2675 354926 1.0
2676 354987 1.0
2677 355060 1.0
2678 355155 1.0
2679 355221 1.0
2680 355303 1.0
2681 355398 1.0
2682 355490 1.0
2683 355578 1.0
2684 355645 1.0
2685 355725 1.0
2686 355809 1.0
2687 355875 1.0
2688 355949 1.0
2689 356026 1.0
2690 356102 1.0
2691 356177 1.0
2692 356249 1.0
2693 356332 1.0
2694 356406 1.0
2695 356474 1.0
2696 356546 1.0
2697 356612 1.0
2698 356678 1.0
2699 356749 1.0
2700 356817 1.0
2701 356906 1.0
2702 356993 1.0
2703 357054 1.0
2704 357170 1.0
2705 357240 1.0
2706 357310 1.0
2707 357392 1.0
2708 357482 1.0
2709 357558 1.0
2710 357633 1.0
2711 357714 1.0
2712 357773 1.0
2713 357871 1.0
2714 357936 1.0
2715 358003 1.0
2716 358080 1.0
2717 358150 1.0
2718 358215 1.0
2719 358298 1.0
2720 358383 1.0
2721 358463 1.0
2722 358557 1.0
2723 358657 1.0
2724 358722 1.0
2725 358807 1.0
2726 358871 1.0
2727 358954 1.0
2728 359032 1.0
2729 359101 1.0
2730 359195 1.0
2731 359304 1.0
2732 359378 1.0
2733 359441 1.0
2734 359513 1.0
2735 359590 1.0
2736 359670 1.0
2737 359753 1.0
2738 359861 1.0
2739 359940 1.0
2740 360005 1.0
2741 360064 1.0
2742 360138 1.0
2743 360211 1.0
2744 360275 1.0
2745 360367 1.0
2746 360425 1.0
2747 360517 1.0
2748 360579 1.0
2749 360659 1.0
2750 360776 1.0
2751 360851 1.0
2752 360913 1.0
2753 360977 1.0
2754 361048 1.0
2755 361149 1.0
2756 361226 1.0
2757 361298 1.0
2758 361379 1.0
2759 361450 1.0
2760 361521 1.0
2761 361589 1.0
2762 361695 1.0
2763 361756 1.0
2764 361822 1.0
2765 361894 1.0
2766 361973 1.0
2767 362045 1.0
2768 362108 1.0
2769 362175 1.0
2770 362241 1.0
2771 362329 1.0
2772 362389 1.0
2773 362472 1.0
2774 362558 1.0
2775 362638 1.0
2776 362713 1.0
2777 362783 1.0
2778 362855 1.0
2779 362936 1.0
2780 363028 1.0
2781 363156 1.0
2782 363230 1.0
2783 363288 1.0
2784 363364 1.0
2785 363436 1.0
2786 363523 1.0
2787 363622 1.0
2788 363698 1.0
2789 363768 1.0
2790 363858 1.0
2791 363931 1.0
2792 363995 1.0
2793 364067 1.0
2794 364149 1.0
2795 364209 1.0
2796 364296 1.0
2797 364387 1.0
2798 364452 1.0
2799 364517 1.0
2800 364605 1.0
2801 364686 1.0
2802 364772 1.0
2803 364859 1.0
2804 364965 1.0
2805 365035 1.0
2806 365138 1.0
2807 365243 1.0
2808 365300 1.0
2809 365361 1.0
2810 365439 1.0
2811 365513 1.0
2812 365601 1.0
2813 365670 1.0
2814 365744 1.0
2815 365813 1.0
2816 365874 1.0
2817 365948 1.0
2818 366030 1.0
2819 366144 1.0
2820 366230 1.0
2821 366302 1.0
2822 366372 1.0
2823 366443 1.0
2824 366523 1.0
2825 366628 1.0
2826 366687 1.0
2827 366761 1.0
2828 366831 1.0
2829 366907 1.0
2830 366961 1.0
2831 367043 1.0
2832 367145 1.0
2833 367205 1.0
2834 367274 1.0
2835 367348 1.0
2836 367408 1.0
2837 367503 1.0
2838 367579 1.0
2839 367639 1.0
2840 367725 1.0
2841 367796 1.0
2842 367871 1.0
2843 367954 1.0
2844 368040 1.0
2845 368116 1.0
2846 368179 1.0
2847 368263 1.0
2848 368329 1.0
2849 368402 1.0
2850 368508 1.0
2851 368569 1.0
2852 368640 1.0
2853 368710 1.0
2854 368780 1.0
2855 368859 1.0
2856 368933 1.0
2857 368995 1.0
2858 369064 1.0
2859 369131 1.0
2860 369202 1.0
2861 369284 1.0
2862 369386 1.0
2863 369466 1.0
2864 369547 1.0
2865 369629 1.0
2866 369706 1.0
2867 369776 1.0
2868 369870 1.0
2869 369944 1.0
2870 370006 1.0
2871 370089 1.0
2872 370173 1.0
2873 370267 1.0
2874 370368 1.0
2875 370446 1.0
2876 370517 1.0
2877 370579 1.0
2878 370659 1.0
2879 370731 1.0
2880 370812 1.0
2881 370891 1.0
2882 370974 1.0
2883 371040 1.0
2884 371121 1.0
2885 371191 1.0
2886 371277 1.0
2887 371367 1.0
2888 371453 1.0
2889 371529 1.0
2890 371630 1.0
2891 371730 1.0
2892 371805 1.0
2893 371883 1.0
2894 371988 1.0
2895 372090 1.0
2896 372174 1.0
2897 372254 1.0
2898 372321 1.0
2899 372372 1.0
2900 372469 1.0
2901 372534 1.0
2902 372634 1.0
2903 372700 1.0
2904 372775 1.0
2905 372855 1.0
2906 372953 1.0
2907 373028 1.0
2908 373120 1.0
2909 373239 1.0
2910 373310 1.0
2911 373387 1.0
2912 373455 1.0
2913 373528 1.0
2914 373614 1.0
2915 373701 1.0
2916 373759 1.0
2917 373830 1.0
2918 373913 1.0
2919 373988 1.0
2920 374048 1.0
2921 374147 1.0
2922 374239 1.0
2923 374307 1.0
2924 374436 1.0
2925 374491 1.0
2926 374560 1.0
2927 374623 1.0
2928 374696 1.0
2929 374787 1.0
2930 374879 1.0
2931 374940 1.0
2932 375018 1.0
2933 375078 1.0
2934 375139 1.0
2935 375212 1.0
2936 375281 1.0
2937 375348 1.0
2938 375408 1.0
2939 375488 1.0
2940 375551 1.0
2941 375637 1.0
2942 375707 1.0
2943 375794 1.0
2944 375855 1.0
2945 375925 1.0
2946 375989 1.0
2947 376052 1.0
2948 376120 1.0
2949 376186 1.0
2950 376277 1.0
2951 376346 1.0
2952 376420 1.0
2953 376493 1.0
2954 376559 1.0
2955 376654 1.0
2956 376733 1.0
2957 376828 1.0
2958 376919 1.0
2959 376990 1.0
2960 377077 1.0
2961 377142 1.0
2962 377224 1.0
2963 377314 1.0
2964 377380 1.0
2965 377450 1.0
2966 377510 1.0
2967 377602 1.0
2968 377684 1.0
2969 377799 1.0
2970 377866 1.0
2971 377950 1.0
2972 378008 1.0
2973 378089 1.0
2974 378168 1.0
2975 378225 1.0
2976 378296 1.0
2977 378368 1.0
2978 378459 1.0
2979 378548 1.0
2980 378608 1.0
2981 378680 1.0
2982 378757 1.0
2983 378833 1.0
2984 378934 1.0
2985 379006 1.0
2986 379073 1.0
2987 379166 1.0
2988 379240 1.0
2989 379308 1.0
2990 379378 1.0
2991 379459 1.0
2992 379535 1.0
2993 379651 1.0
2994 379748 1.0
2995 379830 1.0
2996 379915 1.0
2997 379994 1.0
2998 380100 1.0
2999 380175 1.0
3000 380251 1.0
3001 380328 1.0
3002 380414 1.0
3003 380477 1.0
3004 380565 1.0
3005 380626 1.0
3006 380684 1.0
3007 380770 1.0
3008 380860 1.0
3009 380933 1.0
3010 381012 1.0
3011 381103 1.0
3012 381192 1.0
3013 381268 1.0
3014 381339 1.0
3015 381417 1.0
3016 381504 1.0
3017 381580 1.0
3018 381651 1.0
3019 381723 1.0
3020 381789 1.0
3021 381865 1.0
3022 381938 1.0
3023 382017 1.0
3024 382166 1.0
3025 382234 1.0
3026 382312 1.0
3027 382381 1.0
3028 382461 1.0
3029 382543 1.0
3030 382622 1.0
3031 382683 1.0
3032 382745 1.0
3033 382818 1.0
3034 382892 1.0
3035 382963 1.0
3036 383042 1.0
3037 383117 1.0
3038 383196 1.0
3039 383315 1.0
3040 383395 1.0
3041 383513 1.0
3042 383592 1.0
3043 383675 1.0
3044 383736 1.0
3045 383822 1.0
3046 383880 1.0
3047 383948 1.0
3048 384016 1.0
3049 384083 1.0
3050 384157 1.0
3051 384225 1.0
3052 384324 1.0
3053 384423 1.0
3054 384501 1.0
3055 384561 1.0
3056 384638 1.0
3057 384719 1.0
3058 384781 1.0
3059 384863 1.0
3060 384927 1.0
3061 385003 1.0
3062 385077 1.0
3063 385181 1.0
3064 385285 1.0
3065 385394 1.0
3066 385482 1.0
3067 385557 1.0
3068 385635 1.0
3069 385704 1.0
3070 385785 1.0
3071 385859 1.0
3072 385914 1.0
3073 385982 1.0
3074 386075 1.0
3075 386142 1.0
3076 386219 1.0
3077 386305 1.0
3078 386375 1.0
3079 386436 1.0
3080 386501 1.0
3081 386564 1.0
3082 386697 1.0
3083 386762 1.0
3084 386817 1.0
3085 386876 1.0
3086 386936 1.0
3087 386992 1.0
3088 387063 1.0
3089 387137 1.0
3090 387210 1.0
3091 387286 1.0
3092 387351 1.0
3093 387419 1.0
3094 387501 1.0
3095 387570 1.0
3096 387642 1.0
3097 387723 1.0
3098 387802 1.0
3099 387898 1.0
3100 387996 1.0
3101 388083 1.0
3102 388155 1.0
3103 388215 1.0
3104 388287 1.0
3105 388369 1.0
3106 388448 1.0
3107 388530 1.0
3108 388594 1.0
3109 388701 1.0
3110 388781 1.0
3111 388842 1.0
3112 388914 1.0
3113 388992 1.0
3114 389080 1.0
3115 389154 1.0
3116 389236 1.0
3117 389331 1.0
3118 389417 1.0
3119 389500 1.0
3120 389575 1.0
3121 389684 1.0
3122 389770 1.0
3123 389841 1.0
3124 389916 1.0
3125 389986 1.0
3126 390065 1.0
3127 390193 1.0
3128 390277 1.0
3129 390345 1.0
3130 390410 1.0
3131 390478 1.0
3132 390555 1.0
3133 390634 1.0
3134 390712 1.0
3135 390801 1.0
3136 390883 1.0
3137 390957 1.0
3138 391024 1.0
3139 391099 1.0
3140 391172 1.0
3141 391235 1.0
3142 391312 1.0
3143 391385 1.0
3144 391452 1.0
3145 391546 1.0
3146 391611 1.0
3147 391682 1.0
3148 391747 1.0
3149 391812 1.0
3150 391868 1.0
3151 391935 1.0
3152 392015 1.0
3153 392092 1.0
3154 392147 1.0
3155 392237 1.0
3156 392296 1.0
3157 392389 1.0
3158 392458 1.0
3159 392517 1.0
