1 300 0.0 0.0
2 600 0.0 0.0
3 900 0.0 0.0
4 1200 0.0 0.0
5 1500 0.0 0.0
6 1800 0.0 0.0
7 2100 0.0 0.0
8 2400 0.0 0.0
9 2700 0.0 0.0
10 3000 0.0 0.0
11 3300 0.0 0.0
12 3600 0.0 0.0
13 3900 0.0 0.0
14 4200 0.0 0.0
15 4500 0.0 0.0
16 4800 0.0 0.0
17 5100 0.0 0.0
18 5400 0.0 0.0
19 5700 0.0 0.0
20 6000 0.0 0.0
21 6300 0.0 0.0
22 6600 0.0 0.0
23 6900 0.0 0.0
24 7200 0.0 0.0
25 7500 0.0 0.0
26 7800 1.0 0.01
27 8100 0.0 0.01
28 8400 0.0 0.01
29 8700 1.0 0.02
30 9000 0.0 0.02
31 9300 0.0 0.02
32 9600 1.0 0.03
33 9900 0.0 0.03
34 10200 0.0 0.03
35 10500 0.0 0.03
36 10800 0.0 0.03
37 11100 1.0 0.04
38 11400 0.0 0.04
39 11700 0.0 0.04
40 12000 1.0 0.05
41 12300 0.0 0.05
42 12600 1.0 0.06
43 12900 1.0 0.07
44 13200 0.0 0.07
45 13500 0.0 0.07
46 13800 0.0 0.07
47 14100 1.0 0.08
48 14400 1.0 0.09
49 14700 0.0 0.09
50 15000 0.0 0.09
51 15300 1.0 0.1
52 15600 0.0 0.1
53 15900 1.0 0.11
54 16200 1.0 0.12
55 16500 1.0 0.13
56 16800 1.0 0.14
57 17100 1.0 0.15
58 17400 1.0 0.16
59 17700 1.0 0.17
60 18000 1.0 0.18
61 18300 1.0 0.19
62 18600 1.0 0.2
63 18900 1.0 0.21
64 19200 1.0 0.22
65 19500 0.0 0.22
66 19800 0.0 0.22
67 20100 1.0 0.23
68 20400 1.0 0.24
69 20700 1.0 0.25
70 21000 0.0 0.25
71 21300 1.0 0.26
72 21600 1.0 0.27
73 21900 1.0 0.28
74 22200 1.0 0.29
75 22500 1.0 0.3
76 22800 1.0 0.31
77 23100 1.0 0.32
78 23400 1.0 0.33
79 23700 1.0 0.34
80 24000 0.0 0.34
81 24300 1.0 0.35
82 24600 1.0 0.36
83 24900 1.0 0.37
84 25200 1.0 0.38
85 25500 1.0 0.39
86 25800 1.0 0.4
87 26100 1.0 0.41
88 26400 1.0 0.42
89 26700 1.0 0.43
90 27000 1.0 0.44
91 27300 2.0 0.46
92 27600 2.0 0.48
93 27900 1.0 0.49
94 28200 1.0 0.5
95 28500 1.0 0.51
96 28800 1.0 0.52
97 29100 1.0 0.53
98 29400 1.0 0.54
99 29700 1.0 0.55
100 30000 1.0 0.56
101 30300 1.0 0.57
102 30600 1.0 0.58
103 30900 1.0 0.59
104 31200 1.0 0.6
105 31500 1.0 0.61
106 31800 1.0 0.62
107 32100 1.0 0.63
108 32400 1.0 0.64
109 32700 1.0 0.65
110 33000 0.0 0.65
111 33300 1.0 0.66
112 33600 1.0 0.67
113 33900 1.0 0.68
114 34200 1.0 0.69
115 34500 1.0 0.7
116 34800 1.0 0.71
117 35100 1.0 0.72
118 35400 1.0 0.73
119 35700 1.0 0.74
120 36000 1.0 0.75
121 36300 1.0 0.76
122 36600 1.0 0.77
123 36900 1.0 0.78
124 37200 1.0 0.79
125 37500 1.0 0.8
126 37800 1.0 0.8
127 38100 1.0 0.81
128 38400 1.0 0.82
129 38700 1.0 0.82
130 39000 1.0 0.83
131 39300 1.0 0.84
132 39600 1.0 0.84
133 39900 1.0 0.85
134 40200 1.0 0.86
135 40500 1.0 0.87
136 40800 1.0 0.88
137 41100 1.0 0.88
138 41400 1.0 0.89
139 41700 1.0 0.9
140 42000 1.0 0.9
141 42300 1.0 0.91
142 42600 1.0 0.91
143 42900 1.0 0.91
144 43200 1.0 0.92
145 43500 1.0 0.93
146 43800 1.0 0.94
147 44100 1.0 0.94
148 44400 1.0 0.94
149 44700 1.0 0.95
150 45000 1.0 0.96
151 45300 1.0 0.96
152 45600 1.0 0.97
153 45900 1.0 0.97
154 46200 1.0 0.97
155 46500 1.0 0.97
156 46800 1.0 0.97
157 47100 1.0 0.97
158 47400 1.0 0.97
159 47700 1.0 0.97
160 48000 1.0 0.97
161 48300 1.0 0.97
162 48600 1.0 0.97
163 48900 0.0 0.96
164 49200 1.0 0.96
165 49500 1.0 0.97
166 49800 0.0 0.97
167 50100 1.0 0.97
168 50400 1.0 0.97
169 50700 1.0 0.97
170 51000 1.0 0.98
171 51300 1.0 0.98
172 51600 1.0 0.98
173 51900 1.0 0.98
174 52200 1.0 0.98
175 52500 1.0 0.98
176 52800 1.0 0.98
177 53100 1.0 0.98
178 53400 1.0 0.98
179 53700 1.0 0.98
180 54000 1.0 0.99
181 54300 1.0 0.99
182 54600 1.0 0.99
183 54900 1.0 0.99
184 55200 1.0 0.99
185 55500 1.0 0.99
186 55800 1.0 0.99
187 56100 1.0 0.99
188 56400 1.0 0.99
189 56700 1.0 0.99
190 57000 1.0 0.99
191 57300 1.0 0.98
192 57600 1.0 0.97
193 57900 1.0 0.97
194 58200 1.0 0.97
195 58500 1.0 0.97
196 58800 1.0 0.97
197 59100 0.0 0.96
198 59400 1.0 0.96
199 59700 1.0 0.96
200 60000 1.0 0.96
201 60300 1.0 0.96
202 60600 1.0 0.96
203 60900 1.0 0.96
204 61200 1.0 0.96
205 61500 1.0 0.96
206 61800 1.0 0.96
207 62100 1.0 0.96
208 62400 1.0 0.96
209 62700 1.0 0.96
210 63000 1.0 0.97
211 63300 1.0 0.97
212 63600 1.0 0.97
213 63900 1.0 0.97
214 64200 1.0 0.97
215 64500 1.0 0.97
216 64800 1.0 0.97
217 65100 1.0 0.97
218 65400 1.0 0.97
219 65700 1.0 0.97
220 66000 0.0 0.96
221 66300 1.0 0.96
222 66600 1.0 0.96
223 66900 1.0 0.96
224 67200 1.0 0.96
225 67500 1.0 0.96
226 67800 1.0 0.96
227 68100 1.0 0.96
228 68400 1.0 0.96
229 68700 1.0 0.96
230 69000 1.0 0.96
231 69300 1.0 0.96
232 69600 1.0 0.96
233 69900 1.0 0.96
234 70200 1.0 0.96
235 70500 1.0 0.96
236 70800 1.0 0.96
237 71100 1.0 0.96
238 71400 1.0 0.96
239 71700 1.0 0.96
240 72000 1.0 0.96
241 72300 1.0 0.96
242 72600 1.0 0.96
243 72900 1.0 0.96
244 73200 1.0 0.96
245 73500 1.0 0.96
246 73800 1.0 0.96
247 74100 0.0 0.95
248 74400 1.0 0.95
249 74700 0.0 0.94
250 75000 1.0 0.94
251 75300 1.0 0.94
252 75600 1.0 0.94
253 75900 1.0 0.94
254 76200 2.0 0.95
255 76500 1.0 0.95
256 76800 1.0 0.95
257 77100 1.0 0.95
258 77400 1.0 0.95
259 77700 1.0 0.95
260 78000 1.0 0.95
261 78300 1.0 0.95
262 78600 1.0 0.95
263 78900 1.0 0.96
264 79200 0.0 0.95
265 79500 1.0 0.95
266 79800 1.0 0.96
267 80100 1.0 0.96
268 80400 1.0 0.96
269 80700 1.0 0.96
270 81000 1.0 0.96
271 81300 1.0 0.96
272 81600 1.0 0.96
273 81900 1.0 0.96
274 82200 1.0 0.96
275 82500 1.0 0.96
276 82800 1.0 0.96
277 83100 1.0 0.96
278 83400 1.0 0.96
279 83700 1.0 0.96
280 84000 1.0 0.96
281 84300 1.0 0.96
282 84600 1.0 0.96
283 84900 1.0 0.96
284 85200 1.0 0.96
285 85500 1.0 0.96
286 85800 1.0 0.96
287 86100 1.0 0.96
288 86400 1.0 0.96
289 86700 1.0 0.96
290 87000 1.0 0.96
291 87300 1.0 0.96
292 87600 1.0 0.96
293 87900 1.0 0.96
294 88200 1.0 0.96
295 88500 1.0 0.96
296 88800 1.0 0.96
297 89100 1.0 0.97
298 89400 1.0 0.97
299 89700 1.0 0.97
300 90000 1.0 0.97
301 90300 1.0 0.97
302 90600 1.0 0.97
303 90900 1.0 0.97
304 91200 1.0 0.97
305 91500 1.0 0.97
306 91800 1.0 0.97
307 92100 1.0 0.97
308 92400 1.0 0.97
309 92700 1.0 0.97
310 93000 1.0 0.97
311 93300 1.0 0.97
312 93600 1.0 0.97
313 93900 1.0 0.97
314 94200 1.0 0.97
315 94500 1.0 0.97
316 94800 1.0 0.97
317 95100 1.0 0.97
318 95400 1.0 0.97
319 95700 1.0 0.97
320 96000 1.0 0.98
321 96300 1.0 0.98
322 96600 1.0 0.98
323 96900 1.0 0.98
324 97200 1.0 0.98
325 97500 1.0 0.98
326 97800 1.0 0.98
327 98100 1.0 0.98
328 98400 1.0 0.98
329 98700 1.0 0.98
330 99000 1.0 0.98
331 99300 1.0 0.98
332 99600 1.0 0.98
333 99900 1.0 0.98
334 100200 1.0 0.98
335 100500 1.0 0.98
336 100800 1.0 0.98
337 101100 1.0 0.98
338 101400 1.0 0.98
339 101700 1.0 0.98
340 102000 1.0 0.98
341 102300 1.0 0.98
342 102600 1.0 0.98
343 102900 1.0 0.98
344 103200 1.0 0.98
345 103500 1.0 0.98
346 103800 1.0 0.98
347 104100 1.0 0.99
348 104400 1.0 0.99
349 104700 1.0 1.0
350 105000 1.0 1.0
351 105300 1.0 1.0
352 105600 2.0 1.01
353 105900 1.0 1.01
354 106200 1.0 1.0
355 106500 1.0 1.0
356 106800 1.0 1.0
357 107100 1.0 1.0
358 107400 1.0 1.0
359 107700 1.0 1.0
360 108000 1.0 1.0
361 108300 1.0 1.0
362 108600 1.0 1.0
363 108900 1.0 1.0
364 109200 1.0 1.01
365 109500 1.0 1.01
366 109800 1.0 1.01
367 110100 1.0 1.01
368 110400 1.0 1.01
369 110700 1.0 1.01
370 111000 1.0 1.01
371 111300 1.0 1.01
372 111600 1.0 1.01
373 111900 1.0 1.01
374 112200 1.0 1.01
375 112500 1.0 1.01
376 112800 1.0 1.01
377 113100 1.0 1.01
378 113400 1.0 1.01
379 113700 1.0 1.01
380 114000 1.0 1.01
381 114300 1.0 1.01
382 114600 1.0 1.01
383 114900 1.0 1.01
384 115200 1.0 1.01
385 115500 1.0 1.01
386 115800 1.0 1.01
387 116100 1.0 1.01
388 116400 1.0 1.01
389 116700 1.0 1.01
390 117000 2.0 1.02
391 117300 1.0 1.02
392 117600 1.0 1.02
393 117900 1.0 1.02
394 118200 1.0 1.02
395 118500 1.0 1.02
396 118800 1.0 1.02
397 119100 1.0 1.02
398 119400 1.0 1.02
399 119700 1.0 1.02
400 120000 1.0 1.02
401 120300 1.0 1.02
402 120600 1.0 1.02
403 120900 1.0 1.02
404 121200 1.0 1.02
405 121500 1.0 1.02
406 121800 1.0 1.02
407 122100 1.0 1.02
408 122400 1.0 1.02
409 122700 1.0 1.02
410 123000 1.0 1.02
411 123300 1.0 1.02
412 123600 1.0 1.02
413 123900 1.0 1.02
414 124200 1.0 1.02
415 124500 1.0 1.02
416 124800 1.0 1.02
417 125100 1.0 1.02
418 125400 1.0 1.02
419 125700 1.0 1.02
420 126000 1.0 1.02
421 126300 1.0 1.02
422 126600 1.0 1.02
423 126900 1.0 1.02
424 127200 1.0 1.02
425 127500 1.0 1.02
426 127800 1.0 1.02
427 128100 1.0 1.02
428 128400 1.0 1.02
429 128700 1.0 1.02
430 129000 1.0 1.02
431 129300 1.0 1.02
432 129600 1.0 1.02
433 129900 2.0 1.03
434 130200 1.0 1.03
435 130500 1.0 1.03
436 130800 1.0 1.03
437 131100 1.0 1.03
438 131400 1.0 1.03
439 131700 1.0 1.03
440 132000 1.0 1.03
441 132300 1.0 1.03
442 132600 0.0 1.02
443 132900 2.0 1.03
444 133200 1.0 1.03
445 133500 1.0 1.03
446 133800 1.0 1.03
447 134100 1.0 1.03
448 134400 1.0 1.03
449 134700 1.0 1.03
450 135000 1.0 1.03
451 135300 1.0 1.03
452 135600 1.0 1.02
453 135900 1.0 1.02
454 136200 1.0 1.02
455 136500 1.0 1.02
456 136800 1.0 1.02
457 137100 1.0 1.02
458 137400 1.0 1.02
459 137700 1.0 1.02
460 138000 1.0 1.02
461 138300 1.0 1.02
462 138600 1.0 1.02
463 138900 1.0 1.02
464 139200 1.0 1.02
465 139500 1.0 1.02
466 139800 1.0 1.02
467 140100 1.0 1.02
468 140400 1.0 1.02
469 140700 1.0 1.02
470 141000 1.0 1.02
471 141300 2.0 1.03
472 141600 1.0 1.03
473 141900 1.0 1.03
474 142200 1.0 1.03
475 142500 1.0 1.03
476 142800 1.0 1.03
477 143100 1.0 1.03
478 143400 1.0 1.03
479 143700 1.0 1.03
480 143930 3.0 1.05
481 144230 1.0 1.05
482 144530 1.0 1.05
483 144830 1.0 1.05
484 145130 1.0 1.05
485 145430 1.0 1.05
486 145730 1.0 1.05
487 146030 1.0 1.05
488 146330 1.0 1.05
489 146630 1.0 1.05
490 146930 1.0 1.04
491 147230 1.0 1.04
492 147530 1.0 1.04
493 147830 1.0 1.04
494 148130 1.0 1.04
495 148430 1.0 1.04
496 148730 1.0 1.04
497 149030 1.0 1.04
498 149330 1.0 1.04
499 149630 1.0 1.04
500 149930 1.0 1.04
501 150230 1.0 1.04
502 150530 1.0 1.04
503 150830 1.0 1.04
504 151130 1.0 1.04
505 151430 1.0 1.04
506 151730 1.0 1.04
507 152030 1.0 1.04
508 152330 2.0 1.05
509 152630 1.0 1.05
510 152930 2.0 1.06
511 153230 1.0 1.06
512 153530 1.0 1.06
513 153830 1.0 1.06
514 154130 2.0 1.07
515 154430 1.0 1.07
516 154730 1.0 1.07
517 155030 1.0 1.07
518 155330 2.0 1.08
519 155630 1.0 1.08
520 155930 1.0 1.08
521 156230 1.0 1.08
522 156530 1.0 1.08
523 156830 1.0 1.08
524 157130 1.0 1.08
525 157430 1.0 1.08
526 157730 1.0 1.08
527 158030 1.0 1.08
528 158330 1.0 1.08
529 158630 1.0 1.08
530 158930 1.0 1.08
531 159230 1.0 1.08
532 159530 1.0 1.08
533 159830 1.0 1.07
534 160130 2.0 1.08
535 160430 1.0 1.08
536 160730 1.0 1.08
537 161030 1.0 1.08
538 161330 1.0 1.08
539 161630 1.0 1.08
540 161930 1.0 1.08
541 162230 2.0 1.09
542 162530 1.0 1.1
543 162830 1.0 1.09
544 163130 1.0 1.09
545 163430 1.0 1.09
546 163730 1.0 1.09
547 164030 1.0 1.09
548 164330 1.0 1.09
549 164630 1.0 1.09
550 164929 3.0 1.11
551 165229 1.0 1.11
552 165529 1.0 1.11
553 165829 1.0 1.11
554 166129 1.0 1.11
555 166429 1.0 1.11
556 166729 1.0 1.11
557 167029 1.0 1.11
558 167329 1.0 1.11
559 167629 1.0 1.11
560 167929 1.0 1.11
561 168229 1.0 1.11
562 168529 2.0 1.12
563 168829 1.0 1.12
564 169129 1.0 1.12
565 169429 1.0 1.12
566 169729 1.0 1.12
567 170029 2.0 1.13
568 170329 1.0 1.13
569 170629 1.0 1.13
570 170929 1.0 1.13
571 171229 1.0 1.12
572 171529 1.0 1.12
573 171829 1.0 1.12
574 172129 1.0 1.12
575 172429 1.0 1.12
576 172729 1.0 1.12
577 173001 3.0 1.14
578 173301 1.0 1.14
579 173601 1.0 1.14
580 173840 3.0 1.14
581 174140 1.0 1.14
582 174440 1.0 1.14
583 174740 1.0 1.14
584 175040 1.0 1.14
585 175340 1.0 1.14
586 175640 1.0 1.14
587 175940 1.0 1.14
588 176240 1.0 1.14
589 176540 1.0 1.14
590 176840 1.0 1.14
591 177140 1.0 1.14
592 177440 1.0 1.14
593 177740 1.0 1.14
594 178040 1.0 1.14
595 178340 1.0 1.14
596 178640 1.0 1.14
597 178940 1.0 1.14
598 179240 1.0 1.14
599 179540 1.0 1.14
600 179840 1.0 1.14
601 180140 1.0 1.14
602 180440 1.0 1.14
603 180740 1.0 1.14
604 181040 1.0 1.14
605 181161 3.0 1.16
606 181461 1.0 1.16
607 181761 1.0 1.16
608 182061 1.0 1.15
609 182361 1.0 1.15
610 182661 1.0 1.14
611 182961 1.0 1.14
612 183261 1.0 1.14
613 183561 1.0 1.14
614 183861 1.0 1.13
615 184161 1.0 1.13
616 184461 1.0 1.13
617 184761 1.0 1.13
618 185061 1.0 1.12
619 185361 1.0 1.12
620 185661 1.0 1.12
621 185961 1.0 1.12
622 186261 1.0 1.12
623 186561 1.0 1.12
624 186772 3.0 1.14
625 187072 1.0 1.14
626 187372 1.0 1.14
627 187672 1.0 1.14
628 187972 1.0 1.14
629 188272 1.0 1.14
630 188572 1.0 1.14
631 188872 1.0 1.14
632 189172 1.0 1.14
633 189472 1.0 1.14
634 189772 1.0 1.13
635 190072 1.0 1.13
636 190372 1.0 1.13
637 190545 3.0 1.15
638 190845 1.0 1.15
639 191145 1.0 1.15
640 191445 1.0 1.15
641 191745 1.0 1.14
642 192045 1.0 1.14
643 192345 1.0 1.14
644 192645 1.0 1.14
645 192945 1.0 1.14
646 193245 1.0 1.14
647 193545 1.0 1.14
648 193845 1.0 1.14
649 194145 1.0 1.14
650 194445 1.0 1.12
651 194745 2.0 1.13
652 195045 1.0 1.13
653 195345 1.0 1.13
654 195645 1.0 1.13
655 195945 1.0 1.13
656 196245 2.0 1.14
657 196545 1.0 1.14
658 196845 1.0 1.14
659 197074 3.0 1.16
660 197374 1.0 1.16
661 197674 1.0 1.16
662 197974 1.0 1.15
663 198274 1.0 1.15
664 198574 1.0 1.15
665 198874 1.0 1.15
666 199174 1.0 1.15
667 199474 1.0 1.14
668 199774 1.0 1.14
669 200074 1.0 1.14
670 200374 2.0 1.15
671 200674 1.0 1.15
672 200974 1.0 1.15
673 201274 2.0 1.16
674 201574 2.0 1.17
675 201874 1.0 1.17
676 202062 3.0 1.19
677 202362 1.0 1.17
678 202662 1.0 1.17
679 202962 1.0 1.17
680 203262 1.0 1.15
681 203562 1.0 1.15
682 203861 3.0 1.17
683 204161 1.0 1.17
684 204461 1.0 1.17
685 204761 2.0 1.18
686 205061 1.0 1.18
687 205361 1.0 1.18
688 205661 1.0 1.18
689 205961 1.0 1.18
690 206261 1.0 1.18
691 206561 1.0 1.18
692 206861 1.0 1.18
693 207161 1.0 1.18
694 207461 1.0 1.18
695 207761 1.0 1.18
696 208061 1.0 1.18
697 208361 1.0 1.18
698 208661 1.0 1.18
699 208961 1.0 1.18
700 209261 1.0 1.18
701 209501 3.0 1.2
702 209784 3.0 1.22
703 210084 1.0 1.22
704 210384 1.0 1.22
705 210684 1.0 1.2
706 210984 1.0 1.2
707 211284 1.0 1.2
708 211525 3.0 1.22
709 211825 2.0 1.23
710 212019 3.0 1.25
711 212319 1.0 1.25
712 212619 1.0 1.25
713 212919 1.0 1.25
714 213219 1.0 1.25
715 213452 3.0 1.27
716 213752 2.0 1.28
717 214052 1.0 1.28
718 214282 3.0 1.3
719 214582 1.0 1.3
720 214882 1.0 1.3
721 215182 1.0 1.3
722 215482 1.0 1.3
723 215782 1.0 1.3
724 215963 3.0 1.3
725 216167 3.0 1.32
726 216450 3.0 1.34
727 216704 3.0 1.36
728 217004 1.0 1.36
729 217304 2.0 1.37
730 217604 1.0 1.37
731 217904 1.0 1.37
732 218204 1.0 1.37
733 218504 1.0 1.37
734 218804 1.0 1.37
735 219104 1.0 1.37
736 219404 1.0 1.37
737 219704 1.0 1.35
738 220004 1.0 1.35
739 220304 1.0 1.35
740 220604 1.0 1.35
741 220904 1.0 1.35
742 221204 2.0 1.36
743 221459 3.0 1.38
744 221694 3.0 1.4
745 221994 2.0 1.41
746 222294 1.0 1.41
747 222594 1.0 1.41
748 222894 1.0 1.41
749 223109 3.0 1.43
750 223409 2.0 1.44
751 223709 1.0 1.43
752 224009 1.0 1.43
753 224309 2.0 1.44
754 224609 1.0 1.44
755 224909 1.0 1.44
756 225145 3.0 1.45
757 225376 3.0 1.47
758 225676 1.0 1.47
759 225955 3.0 1.47
760 226255 1.0 1.47
761 226555 2.0 1.48
762 226855 2.0 1.49
763 227155 1.0 1.49
764 227397 3.0 1.51
765 227697 1.0 1.51
766 227997 1.0 1.51
767 228199 3.0 1.53
768 228499 2.0 1.54
769 228799 1.0 1.54
770 229020 3.0 1.55
771 229234 3.0 1.57
772 229534 1.0 1.57
773 229834 1.0 1.56
774 230048 3.0 1.57
775 230155 3.0 1.59
776 230389 3.0 1.59
777 230689 2.0 1.6
778 230989 2.0 1.61
779 231289 1.0 1.61
780 231589 1.0 1.61
781 231814 3.0 1.63
782 232022 3.0 1.63
783 232322 1.0 1.63
784 232622 2.0 1.64
785 232922 1.0 1.63
786 233222 2.0 1.64
787 233522 1.0 1.64
788 233746 3.0 1.66
789 234046 1.0 1.66
790 234346 1.0 1.66
791 234572 3.0 1.68
792 234791 3.0 1.7
793 235008 3.0 1.72
794 235308 2.0 1.73
795 235538 3.0 1.75
796 235838 1.0 1.75
797 236138 1.0 1.75
798 236438 1.0 1.75
799 236738 1.0 1.75
800 237038 1.0 1.75
801 237338 1.0 1.73
802 237638 1.0 1.71
803 237938 1.0 1.71
804 238238 1.0 1.71
805 238538 1.0 1.71
806 238719 3.0 1.73
807 239019 1.0 1.73
808 239319 2.0 1.72
809 239619 1.0 1.71
810 239919 2.0 1.7
811 240219 1.0 1.7
812 240519 1.0 1.7
813 240819 1.0 1.7
814 241119 1.0 1.7
815 241305 3.0 1.7
816 241469 3.0 1.71
817 241769 1.0 1.71
818 242069 1.0 1.69
819 242313 3.0 1.71
820 242515 3.0 1.73
821 242815 1.0 1.73
822 243115 1.0 1.73
823 243336 3.0 1.75
824 243575 3.0 1.75
825 243875 1.0 1.73
826 244175 1.0 1.71
827 244466 3.0 1.71
828 244672 3.0 1.73
829 244838 3.0 1.74
830 245138 1.0 1.74
831 245407 3.0 1.76
832 245707 1.0 1.76
833 245951 3.0 1.78
834 246061 3.0 1.8
835 246361 1.0 1.8
836 246661 1.0 1.8
837 246961 1.0 1.8
838 247261 1.0 1.8
839 247561 1.0 1.8
840 247861 1.0 1.8
841 248161 1.0 1.8
842 248461 2.0 1.8
843 248761 1.0 1.78
844 248946 3.0 1.78
845 249246 1.0 1.77
846 249392 3.0 1.79
847 249692 1.0 1.79
848 249954 3.0 1.81
849 250254 1.0 1.79
850 250554 1.0 1.78
851 250854 1.0 1.78
852 251154 1.0 1.78
853 251454 1.0 1.77
854 251754 1.0 1.77
855 252054 1.0 1.77
856 252354 1.0 1.75
857 252654 1.0 1.73
858 252954 1.0 1.73
859 253254 1.0 1.71
860 253554 1.0 1.71
861 253854 1.0 1.7
862 254154 1.0 1.69
863 254306 3.0 1.71
864 254548 3.0 1.71
865 254848 1.0 1.71
866 255098 3.0 1.73
867 255310 3.0 1.73
868 255546 3.0 1.74
869 255846 1.0 1.74
870 255999 3.0 1.74
871 256278 3.0 1.74
872 256438 3.0 1.76
873 256738 1.0 1.76
874 256885 3.0 1.76
875 257185 1.0 1.74
876 257485 1.0 1.72
877 257785 1.0 1.71
878 258085 2.0 1.71
879 258385 2.0 1.72
880 258685 1.0 1.72
881 258969 3.0 1.72
882 259140 3.0 1.72
883 259440 1.0 1.72
884 259740 2.0 1.72
885 260040 2.0 1.73
886 260215 3.0 1.74
887 260515 1.0 1.74
888 260815 2.0 1.73
889 261065 3.0 1.75
890 261365 2.0 1.76
891 261665 2.0 1.75
892 261965 1.0 1.73
893 262265 1.0 1.71
894 262450 3.0 1.72
895 262750 1.0 1.7
896 263050 1.0 1.7
897 263350 1.0 1.7
898 263650 1.0 1.7
899 263950 2.0 1.71
900 264250 1.0 1.71
901 264550 1.0 1.71
902 264782 3.0 1.73
903 265082 1.0 1.73
904 265382 1.0 1.73
905 265682 1.0 1.73
906 265891 3.0 1.73
907 266191 2.0 1.74
908 266359 3.0 1.75
909 266659 1.0 1.75
910 266864 3.0 1.76
911 267062 3.0 1.78
912 267243 3.0 1.8
913 267436 3.0 1.82
914 267686 3.0 1.84
915 267986 1.0 1.82
916 268286 1.0 1.8
917 268586 1.0 1.8
918 268732 3.0 1.82
919 268898 3.0 1.82
920 269089 3.0 1.82
921 269389 1.0 1.82
922 269689 3.0 1.84
923 269989 1.0 1.82
924 270289 1.0 1.8
925 270589 1.0 1.8
926 270889 1.0 1.8
927 271189 1.0 1.78
928 271460 3.0 1.78
929 271760 2.0 1.77
930 272033 3.0 1.79
931 272333 1.0 1.77
932 272633 1.0 1.77
933 272933 1.0 1.75
934 273233 1.0 1.73
935 273533 1.0 1.73
936 273833 1.0 1.73
937 274133 2.0 1.74
938 274433 1.0 1.74
939 274733 3.0 1.76
940 274978 3.0 1.78
941 275278 1.0 1.78
942 275578 1.0 1.77
943 275878 1.0 1.77
944 276178 1.0 1.75
945 276478 2.0 1.76
946 276669 3.0 1.76
947 276850 3.0 1.78
948 277105 3.0 1.78
949 277246 3.0 1.8
950 277546 1.0 1.8
951 277846 1.0 1.8
952 278146 1.0 1.8
953 278446 1.0 1.8
954 278746 1.0 1.8
955 278975 3.0 1.82
956 279095 3.0 1.84
957 279270 3.0 1.86
958 279570 1.0 1.86
959 279870 1.0 1.86
960 280170 1.0 1.86
961 280363 3.0 1.88
962 280610 3.0 1.9
963 280910 1.0 1.88
964 281210 1.0 1.86
965 281510 1.0 1.86
966 281798 3.0 1.86
967 282098 1.0 1.84
968 282398 1.0 1.82
969 282604 3.0 1.84
970 282851 3.0 1.84
971 283151 1.0 1.82
972 283428 3.0 1.82
973 283724 3.0 1.84
974 284024 1.0 1.82
975 284324 1.0 1.82
976 284460 3.0 1.84
977 284760 1.0 1.84
978 285060 1.0 1.83
979 285330 3.0 1.84
980 285630 1.0 1.84
981 285930 1.0 1.82
982 286119 3.0 1.82
983 286376 3.0 1.84
984 286676 1.0 1.83
985 286976 1.0 1.82
986 287276 1.0 1.8
987 287576 1.0 1.8
988 287807 3.0 1.81
989 288107 1.0 1.79
990 288407 1.0 1.78
991 288707 1.0 1.77
992 289007 1.0 1.77
993 289307 1.0 1.77
994 289607 1.0 1.75
995 289907 2.0 1.76
996 290076 3.0 1.78
997 290259 3.0 1.8
998 290559 1.0 1.8
999 290859 1.0 1.79
1000 291159 1.0 1.79
1001 291459 1.0 1.79
1002 291653 3.0 1.79
1003 291953 1.0 1.79
1004 292253 1.0 1.79
1005 292553 1.0 1.79
1006 292702 3.0 1.79
1007 293002 1.0 1.78
1008 293162 3.0 1.78
1009 293407 3.0 1.8
1010 293707 1.0 1.78
1011 294007 1.0 1.76
1012 294307 1.0 1.74
1013 294514 3.0 1.74
1014 294814 1.0 1.72
1015 295114 1.0 1.72
1016 295398 3.0 1.74
1017 295647 3.0 1.76
1018 295947 1.0 1.74
1019 296105 3.0 1.74
1020 296272 3.0 1.74
1021 296437 3.0 1.76
1022 296641 3.0 1.76
1023 296855 3.0 1.78
1024 297155 1.0 1.78
1025 297333 3.0 1.8
1026 297633 1.0 1.8
1027 297933 1.0 1.8
1028 298233 1.0 1.78
1029 298533 2.0 1.78
1030 298822 3.0 1.78
1031 299122 1.0 1.78
1032 299331 3.0 1.8
1033 299631 1.0 1.8
1034 299931 1.0 1.8
1035 300231 1.0 1.8
1036 300531 1.0 1.8
1037 300831 1.0 1.79
1038 301131 1.0 1.79
1039 301431 1.0 1.77
1040 301731 1.0 1.75
1041 302031 2.0 1.76
1042 302279 3.0 1.78
1043 302579 1.0 1.78
1044 302879 1.0 1.78
1045 303179 1.0 1.77
1046 303479 2.0 1.76
1047 303721 3.0 1.76
1048 304021 1.0 1.74
1049 304220 3.0 1.74
1050 304401 3.0 1.76
1051 304624 3.0 1.78
1052 304924 1.0 1.78
1053 305193 3.0 1.8
1054 305364 3.0 1.82
1055 305566 3.0 1.82
1056 305866 1.0 1.8
1057 306023 3.0 1.8
1058 306323 2.0 1.81
1059 306623 1.0 1.81
1060 306923 1.0 1.81
1061 307223 2.0 1.8
1062 307523 2.0 1.79
1063 307688 3.0 1.81
1064 307859 3.0 1.83
1065 308096 3.0 1.85
1066 308253 3.0 1.85
1067 308472 3.0 1.87
1068 308772 2.0 1.88
1069 308947 3.0 1.88
1070 309246 3.0 1.88
1071 309546 1.0 1.88
1072 309743 3.0 1.88
1073 310043 1.0 1.86
1074 310245 3.0 1.88
1075 310545 1.0 1.88
1076 310845 2.0 1.87
1077 311007 3.0 1.89
1078 311307 1.0 1.89
1079 311607 1.0 1.87
1080 311907 1.0 1.87
1081 312182 3.0 1.89
1082 312365 3.0 1.89
1083 312507 3.0 1.89
1084 312759 3.0 1.91
1085 312910 3.0 1.93
1086 313136 3.0 1.95
1087 313401 3.0 1.97
1088 313651 3.0 1.97
1089 313951 1.0 1.97
1090 314150 3.0 1.99
1091 314444 3.0 2.01
1092 314744 2.0 2.02
1093 315044 1.0 2.02
1094 315344 1.0 2.02
1095 315644 1.0 2.01
1096 315883 3.0 2.01
1097 316183 1.0 1.99
1098 316477 3.0 2.01
1099 316621 3.0 2.03
1100 316921 1.0 2.03
1101 317060 3.0 2.05
1102 317360 1.0 2.03
1103 317660 1.0 2.03
1104 317877 3.0 2.05
1105 318177 1.0 2.05
1106 318378 3.0 2.05
1107 318658 3.0 2.07
1108 318786 3.0 2.07
1109 318932 3.0 2.07
1110 319084 3.0 2.09
1111 319231 3.0 2.11
1112 319517 3.0 2.13
1113 319707 3.0 2.13
1114 320003 3.0 2.15
1115 320303 1.0 2.15
1116 320564 3.0 2.15
1117 320864 1.0 2.13
1118 321164 1.0 2.13
1119 321291 3.0 2.13
1120 321551 3.0 2.13
1121 321851 1.0 2.11
1122 322055 3.0 2.11
1123 322355 1.0 2.09
1124 322655 1.0 2.09
1125 322899 3.0 2.09
1126 323055 3.0 2.11
1127 323355 1.0 2.11
1128 323655 1.0 2.11
1129 323931 3.0 2.12
1130 324231 1.0 2.1
1131 324531 1.0 2.1
1132 324831 1.0 2.08
1133 325131 1.0 2.08
1134 325262 3.0 2.1
1135 325535 3.0 2.12
1136 325834 3.0 2.14
1137 325964 3.0 2.16
1138 326171 3.0 2.18
1139 326471 1.0 2.18
1140 326663 3.0 2.2
1141 326938 3.0 2.21
1142 327238 1.0 2.19
1143 327396 3.0 2.21
1144 327696 1.0 2.21
1145 327996 1.0 2.21
1146 328296 1.0 2.2
1147 328596 1.0 2.18
1148 328816 3.0 2.2
1149 328988 3.0 2.2
1150 329215 3.0 2.2
1151 329336 3.0 2.2
1152 329636 1.0 2.2
1153 329904 3.0 2.2
1154 330204 1.0 2.18
1155 330471 3.0 2.18
1156 330719 3.0 2.2
1157 331019 2.0 2.19
1158 331291 3.0 2.2
1159 331389 3.0 2.22
1160 331689 1.0 2.22
1161 331948 3.0 2.23
1162 332150 3.0 2.24
1163 332379 3.0 2.24
1164 332636 3.0 2.24
1165 332936 1.0 2.22
1166 333236 1.0 2.2
1167 333536 1.0 2.18
1168 333789 3.0 2.19
1169 333998 3.0 2.19
1170 334140 3.0 2.19
1171 334317 3.0 2.21
1172 334548 3.0 2.21
1173 334789 3.0 2.23
1174 335089 1.0 2.21
1175 335389 1.0 2.21
1176 335568 3.0 2.22
1177 335868 1.0 2.2
1178 336168 2.0 2.21
1179 336468 1.0 2.21
1180 336768 2.0 2.22
1181 336922 3.0 2.22
1182 337153 3.0 2.22
1183 337453 2.0 2.21
1184 337589 3.0 2.21
1185 337820 3.0 2.21
1186 337973 3.0 2.21
1187 338271 3.0 2.21
1188 338411 3.0 2.21
1189 338587 3.0 2.23
1190 338887 1.0 2.21
1191 339187 1.0 2.19
1192 339487 2.0 2.19
1193 339787 2.0 2.2
1194 340066 3.0 2.22
1195 340340 3.0 2.24
1196 340640 1.0 2.22
1197 340940 1.0 2.22
1198 341240 1.0 2.2
1199 341365 3.0 2.2
1200 341665 1.0 2.2
1201 341965 1.0 2.18
1202 342117 3.0 2.2
1203 342235 3.0 2.22
1204 342386 3.0 2.22
1205 342601 3.0 2.24
1206 342799 3.0 2.24
1207 343068 3.0 2.24
1208 343238 3.0 2.24
1209 343538 1.0 2.22
1210 343838 1.0 2.2
1211 344138 1.0 2.18
1212 344303 3.0 2.18
1213 344473 3.0 2.18
1214 344601 3.0 2.18
1215 344901 1.0 2.18
1216 345066 3.0 2.18
1217 345248 3.0 2.2
1218 345529 3.0 2.22
1219 345743 3.0 2.22
1220 345862 3.0 2.22
1221 345989 3.0 2.24
1222 346261 3.0 2.24
1223 346439 3.0 2.26
1224 346551 3.0 2.28
1225 346675 3.0 2.28
1226 346975 1.0 2.26
1227 347271 3.0 2.28
1228 347415 3.0 2.3
1229 347650 3.0 2.3
1230 347865 3.0 2.32
1231 348160 3.0 2.34
1232 348383 3.0 2.36
1233 348538 3.0 2.38
1234 348838 1.0 2.36
1235 349009 3.0 2.36
1236 349309 2.0 2.35
1237 349609 1.0 2.33
1238 349868 3.0 2.33
1239 350044 3.0 2.35
1240 350344 1.0 2.33
1241 350498 3.0 2.33
1242 350644 3.0 2.35
1243 350944 1.0 2.33
1244 351145 3.0 2.35
1245 351282 3.0 2.37
1246 351451 3.0 2.39
1247 351671 3.0 2.41
1248 351813 3.0 2.41
1249 352113 2.0 2.4
1250 352377 3.0 2.4
1251 352514 3.0 2.4
1252 352814 1.0 2.4
1253 353013 3.0 2.4
1254 353147 3.0 2.42
1255 353447 2.0 2.41
1256 353747 1.0 2.39
1257 354047 1.0 2.38
1258 354294 3.0 2.38
1259 354507 3.0 2.38
1260 354714 3.0 2.4
1261 354980 3.0 2.4
1262 355136 3.0 2.4
1263 355363 3.0 2.4
1264 355663 1.0 2.38
1265 355862 3.0 2.4
1266 356048 3.0 2.42
1267 356348 1.0 2.42
1268 356507 3.0 2.42
1269 356786 3.0 2.42
1270 357086 1.0 2.4
1271 357280 3.0 2.4
1272 357580 1.0 2.38
1273 357770 3.0 2.38
1274 357951 3.0 2.4
1275 358248 3.0 2.42
1276 358382 3.0 2.42
1277 358517 3.0 2.44
1278 358729 3.0 2.45
1279 358843 3.0 2.47
1280 358993 3.0 2.48
1281 359200 3.0 2.48
1282 359390 3.0 2.48
1283 359572 3.0 2.49
1284 359841 3.0 2.49
1285 360054 3.0 2.49
1286 360191 3.0 2.49
1287 360474 3.0 2.49
1288 360647 3.0 2.49
1289 360762 3.0 2.49
1290 360997 3.0 2.51
1291 361297 1.0 2.51
1292 361457 3.0 2.52
1293 361684 3.0 2.53
1294 361877 3.0 2.53
1295 362028 3.0 2.53
1296 362255 3.0 2.55
1297 362400 3.0 2.57
1298 362542 3.0 2.59
1299 362811 3.0 2.59
1300 363018 3.0 2.61
1301 363245 3.0 2.63
1302 363542 3.0 2.63
1303 363709 3.0 2.63
1304 363897 3.0 2.63
1305 364197 1.0 2.61
1306 364497 1.0 2.59
1307 364628 3.0 2.59
1308 364776 3.0 2.59
1309 365076 1.0 2.59
1310 365265 3.0 2.61
1311 365547 3.0 2.63
1312 365847 1.0 2.61
1313 366147 1.0 2.59
1314 366447 1.0 2.57
1315 366747 2.0 2.58
1316 367047 2.0 2.57
1317 367298 3.0 2.57
1318 367528 3.0 2.57
1319 367716 3.0 2.57
1320 368016 1.0 2.55
1321 368316 1.0 2.53
1322 368616 1.0 2.51
1323 368809 3.0 2.51
1324 369109 1.0 2.49
1325 369409 1.0 2.47
1326 369709 1.0 2.47
1327 370009 2.0 2.46
1328 370309 1.0 2.44
1329 370461 3.0 2.44
1330 370667 3.0 2.44
1331 370967 1.0 2.42
1332 371160 3.0 2.42
1333 371425 3.0 2.42
1334 371556 3.0 2.44
1335 371856 1.0 2.42
1336 371975 3.0 2.43
1337 372211 3.0 2.45
1338 372511 1.0 2.43
1339 372811 2.0 2.42
1340 372962 3.0 2.44
1341 373181 3.0 2.44
1342 373404 3.0 2.44
1343 373584 3.0 2.46
1344 373751 3.0 2.46
1345 373966 3.0 2.46
1346 374266 2.0 2.45
1347 374566 1.0 2.43
1348 374736 3.0 2.43
1349 374899 3.0 2.44
1350 375199 1.0 2.42
1351 375499 1.0 2.4
1352 375692 3.0 2.42
1353 375816 3.0 2.42
1354 375960 3.0 2.42
1355 376216 3.0 2.43
1356 376418 3.0 2.45
1357 376568 3.0 2.47
1358 376854 3.0 2.47
1359 377087 3.0 2.47
1360 377313 3.0 2.47
1361 377613 1.0 2.45
1362 377778 3.0 2.45
1363 377988 3.0 2.45
1364 378183 3.0 2.47
1365 378483 1.0 2.45
1366 378783 1.0 2.43
1367 378891 3.0 2.45
1368 379114 3.0 2.45
1369 379261 3.0 2.45
1370 379386 3.0 2.47
1371 379498 3.0 2.47
1372 379697 3.0 2.49
1373 379997 2.0 2.48
1374 380173 3.0 2.48
1375 380354 3.0 2.48
1376 380654 2.0 2.47
1377 380866 3.0 2.47
1378 381040 3.0 2.47
1379 381340 1.0 2.45
1380 381532 3.0 2.45
1381 381713 3.0 2.45
1382 382005 3.0 2.45
1383 382241 3.0 2.45
1384 382541 1.0 2.43
1385 382819 3.0 2.43
1386 383086 3.0 2.43
1387 383322 3.0 2.43
1388 383582 3.0 2.43
1389 383710 3.0 2.43
1390 384010 1.0 2.41
1391 384206 3.0 2.43
1392 384419 3.0 2.43
1393 384704 3.0 2.43
1394 385004 1.0 2.41
1395 385304 1.0 2.39
1396 385406 3.0 2.39
1397 385640 3.0 2.39
1398 385940 1.0 2.37
1399 386158 3.0 2.37
1400 386345 3.0 2.37
1401 386490 3.0 2.37
1402 386790 2.0 2.36
1403 386925 3.0 2.36
1404 387027 3.0 2.36
1405 387119 3.0 2.38
1406 387346 3.0 2.4
1407 387600 3.0 2.4
1408 387764 3.0 2.4
1409 388064 2.0 2.41
1410 388215 3.0 2.41
1411 388317 3.0 2.41
1412 388617 1.0 2.41
1413 388782 3.0 2.43
1414 389082 1.0 2.43
1415 389290 3.0 2.44
1416 389506 3.0 2.45
1417 389655 3.0 2.45
1418 389877 3.0 2.45
1419 390063 3.0 2.45
1420 390356 3.0 2.47
1421 390656 2.0 2.48
1422 390761 3.0 2.5
1423 391061 1.0 2.48
1424 391361 1.0 2.48
1425 391516 3.0 2.5
1426 391734 3.0 2.52
1427 392034 2.0 2.52
1428 392224 3.0 2.54
1429 392524 1.0 2.52
1430 392716 3.0 2.52
1431 392953 3.0 2.54
1432 393169 3.0 2.54
1433 393351 3.0 2.54
1434 393651 1.0 2.52
1435 393791 3.0 2.54
1436 394091 1.0 2.52
1437 394292 3.0 2.52
1438 394434 3.0 2.54
1439 394557 3.0 2.55
1440 394800 3.0 2.55
1441 395050 3.0 2.55
1442 395195 3.0 2.55
1443 395495 1.0 2.53
1444 395660 3.0 2.53
1445 395920 3.0 2.53
1446 396142 3.0 2.54
1447 396442 1.0 2.54
1448 396742 2.0 2.53
1449 397010 3.0 2.53
1450 397220 3.0 2.55
1451 397471 3.0 2.57
1452 397771 1.0 2.55
1453 398071 1.0 2.53
1454 398202 3.0 2.53
1455 398418 3.0 2.53
1456 398635 3.0 2.53
1457 398883 3.0 2.53
1458 399183 1.0 2.51
1459 399370 3.0 2.51
1460 399513 3.0 2.51
1461 399758 3.0 2.53
1462 400031 3.0 2.53
