1 300 0.79
2 600 0.8
3 900 0.8200000000000001
4 1200 0.8200000000000001
5 1500 0.8300000000000001
6 1800 0.8500000000000001
7 2100 0.8600000000000001
8 2400 0.8700000000000001
9 2700 0.8800000000000001
10 3000 0.9000000000000001
11 3300 0.92
12 3600 0.9400000000000001
13 3900 0.9600000000000001
14 4200 0.9800000000000001
15 4500 1.0
16 4800 1.02
17 5100 1.04
18 5400 1.06
19 5700 1.08
20 6000 1.1
21 6300 1.12
22 6600 1.1400000000000001
23 6900 1.1600000000000001
24 7200 1.1800000000000002
25 7500 1.2000000000000002
26 7800 1.2200000000000002
27 8100 1.2300000000000002
28 8400 1.2500000000000002
29 8700 1.2700000000000002
30 9000 1.2900000000000003
31 9295 1.3100000000000003
32 9595 1.31
33 9895 1.33
34 10195 1.35
35 10495 1.36
36 10795 1.3600000000000003
37 11095 1.3800000000000003
38 11395 1.4000000000000001
39 11695 1.42
40 11995 1.44
41 12295 1.46
42 12595 1.4700000000000002
43 12895 1.48
44 13195 1.4900000000000002
45 13495 1.5100000000000002
46 13795 1.52
47 14095 1.5300000000000002
48 14395 1.5500000000000003
49 14695 1.56
50 14995 1.58
51 15295 1.5900000000000003
52 15595 1.6
53 15895 1.61
54 16195 1.62
55 16495 1.6300000000000001
56 16795 1.6400000000000001
57 17095 1.6500000000000001
58 17395 1.6600000000000001
59 17675 1.6700000000000002
60 17975 1.6700000000000002
61 18275 1.6800000000000002
62 18508 1.6900000000000002
63 18808 1.6900000000000002
64 19108 1.7000000000000002
65 19347 1.7100000000000002
66 19647 1.7100000000000002
67 19947 1.7200000000000002
68 20247 1.7300000000000002
69 20547 1.7400000000000002
70 20688 1.7500000000000002
71 20988 1.7500000000000002
72 21288 1.7600000000000002
73 21588 1.7700000000000002
74 21821 1.7800000000000002
75 22121 1.7800000000000002
76 22269 1.7900000000000003
77 22569 1.7900000000000003
78 22869 1.8000000000000003
79 23035 1.8100000000000003
80 23137 1.8100000000000003
81 23437 1.8100000000000003
82 23737 1.8200000000000003
83 24037 1.8300000000000003
84 24337 1.8400000000000003
85 24522 1.8500000000000003
86 24818 1.8500000000000003
87 25118 1.8500000000000003
88 25418 1.8700000000000003
89 25709 1.8800000000000003
90 25796 1.8800000000000003
91 26029 1.8800000000000003
92 26329 1.8800000000000003
93 26622 1.8900000000000003
94 26829 1.8900000000000003
95 27129 1.8900000000000003
96 27257 1.9000000000000004
97 27557 1.9000000000000004
98 27757 1.9100000000000004
99 27959 1.9100000000000004
100 28217 1.9100000000000004
101 28517 1.9100000000000004
102 28627 1.9200000000000004
103 28927 1.9200000000000004
104 29227 1.9400000000000004
105 29458 1.9500000000000004
106 29758 1.9500000000000004
107 30058 1.9600000000000004
108 30358 1.9700000000000004
109 30518 1.9800000000000004
110 30697 1.9800000000000004
111 30766 1.9800000000000004
112 31027 1.9800000000000004
113 31268 1.9800000000000004
114 31435 1.9800000000000004
115 31617 1.9800000000000004
116 31780 1.9800000000000004
117 31973 1.9800000000000004
118 32244 1.9800000000000004
119 32370 1.9800000000000004
120 32489 1.9800000000000004
121 32633 1.9800000000000004
122 32752 1.9800000000000004
123 32865 1.9800000000000004
124 33084 1.9800000000000004
125 33180 1.9800000000000004
126 33250 1.9800000000000004
127 33390 1.9800000000000004
128 33525 1.9800000000000004
129 33685 1.9800000000000004
130 33832 1.9800000000000004
131 33982 1.9800000000000004
132 34101 1.9800000000000004
133 34385 1.9800000000000004
134 34485 1.9800000000000004
135 34785 1.9800000000000004
136 34899 2.0
137 34996 2.0
138 35069 2.0
139 35156 2.0
140 35234 2.0
141 35354 2.0
142 35439 2.0
143 35508 2.0
144 35612 2.0
145 35695 2.0
146 35773 2.0
147 35956 2.0
148 36090 2.0
149 36213 2.0
150 36317 2.0
151 36396 2.0
152 36573 2.0
153 36671 2.0
154 36746 2.0
155 36828 2.0
156 36975 2.0
157 37086 2.0
158 37187 2.0
159 37348 2.0
160 37465 2.0
161 37540 2.0
162 37610 2.0
163 37704 2.0
164 37822 2.0
165 37954 2.0
166 38099 2.0
167 38201 2.0
168 38286 2.0
169 38363 2.0
170 38442 2.0
171 38502 2.0
172 38590 2.0
173 38702 2.0
174 38803 2.0
175 38891 2.0
176 38982 2.0
177 39137 2.0
178 39241 2.0
179 39326 2.0
180 39400 2.0
181 39531 2.0
182 39600 2.0
183 39663 2.0
184 39740 2.0
185 39818 2.0
186 39908 2.0
187 40012 2.0
188 40109 2.0
189 40219 2.0
190 40297 2.0
191 40485 2.0
192 40587 2.0
193 40666 2.0
194 40757 2.0
195 40858 2.0
196 40930 2.0
197 41035 2.0
198 41102 2.0
199 41254 2.0
200 41326 2.0
201 41421 2.0
202 41502 2.0
203 41568 2.0
204 41658 2.0
205 41811 2.0
206 41878 2.0
207 41953 2.0
208 42036 2.0
209 42145 2.0
210 42251 2.0
211 42351 2.0
212 42444 2.0
213 42549 2.0
214 42619 2.0
215 42729 2.0
216 42807 2.0
217 42909 2.0
218 42962 2.0
219 43023 2.0
220 43100 2.0
221 43170 2.0
222 43321 2.0
223 43411 2.0
224 43497 2.0
225 43597 2.0
226 43697 2.0
227 43787 2.0
228 43879 2.0
229 43946 2.0
230 44052 2.0
231 44224 2.0
232 44302 2.0
233 44372 2.0
234 44430 2.0
235 44525 2.0
236 44586 2.0
237 44659 2.0
238 44751 2.0
239 44874 2.0
240 45037 2.0
241 45219 2.0
242 45375 2.0
243 45534 2.0
244 45579 2.0
245 45668 2.0
246 45725 2.0
247 45820 2.0
248 45932 2.0
249 46037 1.9800000000000002
250 46099 1.9800000000000002
251 46203 1.9800000000000002
252 46262 1.9800000000000002
253 46349 1.9800000000000004
254 46442 1.9800000000000004
255 46595 1.9800000000000004
256 46684 1.9800000000000004
257 46741 1.9800000000000004
258 46815 1.9800000000000004
259 46903 1.9800000000000004
260 46986 1.9800000000000004
261 47100 1.9800000000000004
262 47265 1.9800000000000004
263 47365 1.9800000000000004
264 47463 1.9800000000000004
265 47547 1.9800000000000004
266 47619 1.9800000000000004
267 47702 1.9800000000000004
268 47767 1.9800000000000004
269 47833 1.9800000000000004
270 47932 1.9800000000000004
271 48043 1.9800000000000004
272 48112 1.9800000000000004
273 48205 1.9800000000000004
274 48314 1.9800000000000004
275 48383 1.9800000000000004
276 48439 1.9800000000000004
277 48508 1.9800000000000004
278 48573 1.9800000000000004
279 48639 1.9800000000000004
280 48724 1.9800000000000004
281 48839 1.9800000000000004
282 48924 1.9800000000000004
283 49004 1.9800000000000004
284 49106 1.9800000000000004
285 49197 1.9800000000000004
286 49291 1.9800000000000004
287 49415 1.9800000000000004
288 49536 1.9800000000000004
289 49610 1.9800000000000004
290 49755 1.9800000000000004
291 49831 1.9800000000000004
292 50005 1.9800000000000004
293 50108 1.9800000000000004
294 50182 1.9800000000000004
295 50246 1.9800000000000004
296 50344 1.9800000000000004
297 50408 1.9800000000000004
298 50486 1.9800000000000004
299 50580 1.9800000000000004
300 50654 1.9800000000000004
301 50714 1.9800000000000004
302 50820 1.9800000000000004
303 51024 1.9800000000000004
304 51091 1.9800000000000004
305 51165 1.9800000000000004
306 51260 1.9800000000000004
307 51345 1.9800000000000004
308 51396 1.9800000000000004
309 51471 1.9800000000000004
310 51591 1.9800000000000004
311 51671 1.9800000000000004
312 51766 1.9800000000000004
313 51849 1.9800000000000004
314 51962 1.9800000000000004
315 52055 1.9800000000000004
316 52130 1.9800000000000004
317 52200 1.9800000000000004
318 52299 1.9800000000000004
319 52403 1.9800000000000004
320 52565 1.9800000000000004
321 52663 1.9800000000000004
322 52755 1.9800000000000004
323 52832 1.9800000000000004
324 52941 1.9800000000000004
325 53026 1.9800000000000004
326 53136 1.9800000000000004
327 53209 1.9800000000000004
328 53306 1.9800000000000004
329 53371 1.9800000000000004
330 53474 1.9800000000000004
331 53566 1.9800000000000004
332 53644 1.9800000000000004
333 53750 1.9800000000000004
334 53826 1.9800000000000004
335 53876 1.9800000000000004
336 53946 1.9800000000000004
337 54045 1.9800000000000004
338 54125 1.9800000000000004
339 54188 1.9800000000000004
340 54261 1.9800000000000004
341 54345 1.9800000000000004
342 54405 1.9800000000000004
343 54517 1.9800000000000004
344 54690 1.9800000000000004
345 54757 1.9800000000000004
346 54855 1.9800000000000004
347 54925 1.9800000000000004
348 55225 1.9800000000000004
349 55341 2.0
350 55414 2.0
351 55464 2.0
352 55530 2.0
353 55595 2.0
354 55652 2.0
355 55797 2.0
356 55877 2.0
357 55938 2.0
358 56038 2.0
359 56110 2.0
360 56174 2.0
361 56337 2.0
362 56498 2.0
363 56584 2.0
364 56664 2.0
365 56749 2.0
366 56938 2.0
367 57008 2.0
368 57090 2.0
369 57169 2.0
370 57279 2.0
371 57367 2.0
372 57470 2.0
373 57547 2.0
374 57614 2.0
375 57703 2.0
376 57772 2.0
377 57897 2.0
378 57975 2.0
379 58036 2.0
380 58132 2.0
381 58219 2.0
382 58315 2.0
383 58360 2.0
384 58478 2.0
385 58587 2.0
386 58643 2.0
387 58701 2.0
388 58785 2.0
389 58881 2.0
390 58951 2.0
391 59083 2.0
392 59158 2.0
393 59238 2.0
394 59305 2.0
395 59354 2.0
396 59440 2.0
397 59533 2.0
398 59590 2.0
399 59697 2.0
400 59822 2.0
401 59903 2.0
402 59990 2.0
403 60062 2.0
404 60147 2.0
405 60252 2.0
406 60324 2.0
407 60391 2.0
408 60451 2.0
409 60588 2.0
410 60727 2.0
411 60814 2.0
412 60946 2.0
413 61021 2.0
414 61145 2.0
415 61262 2.0
416 61330 2.0
417 61430 2.0
418 61484 2.0
419 61601 2.0
420 61702 2.0
421 61779 2.0
422 61960 2.0
423 62022 2.0
424 62157 2.0
425 62233 2.0
426 62319 2.0
427 62436 2.0
428 62582 2.0
429 62647 2.0
430 62763 2.0
431 62843 2.0
432 62912 2.0
433 62980 2.0
434 63041 2.0
435 63111 2.0
436 63189 2.0
437 63277 2.0
438 63421 2.0
439 63504 2.0
440 63567 2.0
441 63654 2.0
442 63708 2.0
443 63796 2.0
444 63882 2.0
445 63956 2.0
446 64060 2.0
447 64139 2.0
448 64218 2.0
449 64366 2.0
450 64429 2.0
451 64492 2.0
452 64584 2.0
453 64706 2.0
454 64764 2.0
455 64845 2.0
456 64902 2.0
457 64976 2.0
458 65032 2.0
459 65116 2.0
460 65164 2.0
461 65224 2.0
462 65272 2.0
463 65359 2.0
464 65444 2.0
465 65514 2.0
466 65595 2.0
467 65688 2.0
468 65768 2.0
469 65850 2.0
470 65982 2.0
471 66055 2.0
472 66131 2.0
473 66251 2.0
474 66315 2.0
475 66387 2.0
476 66453 2.0
477 66560 2.0
478 66678 2.0
479 66747 2.0
480 66826 2.0
481 66901 2.0
482 66985 2.0
483 67098 2.0
484 67172 2.0
485 67295 2.0
486 67368 2.0
487 67443 2.0
488 67500 2.0
489 67615 2.0
490 67716 2.0
491 67804 2.0
492 67869 2.0
493 67952 2.0
494 68011 2.0
495 68098 2.0
496 68149 2.0
497 68251 2.0
498 68310 2.0
499 68384 2.0
500 68484 2.0
501 68562 2.0
502 68653 2.0
503 68734 2.0
504 68909 2.0
505 68976 2.0
506 69032 2.0
507 69089 2.0
508 69180 2.0
509 69273 2.0
510 69356 2.0
511 69417 2.0
512 69510 2.0
513 69629 2.0
514 69692 2.0
515 69792 2.0
516 69893 2.0
517 69990 2.0
518 70064 2.0
519 70198 2.0
520 70291 2.0
521 70381 2.0
522 70470 2.0
523 70553 2.0
524 70609 2.0
525 70663 2.0
526 70730 2.0
527 70808 2.0
528 70870 2.0
529 70960 2.0
530 71030 2.0
531 71098 2.0
532 71159 2.0
533 71235 2.0
534 71303 2.0
535 71356 2.0
536 71407 2.0
537 71463 2.0
538 71535 2.0
539 71599 2.0
540 71657 2.0
541 71733 2.0
542 71799 2.0
543 71865 2.0
544 71985 2.0
545 72050 2.0
546 72112 2.0
547 72184 2.0
548 72250 2.0
549 72354 2.0
550 72437 2.0
551 72545 2.0
552 72660 2.0
553 72751 2.0
554 72818 2.0
555 72883 2.0
556 72930 2.0
557 73031 2.0
558 73080 2.0
559 73149 2.0
560 73203 2.0
561 73287 2.0
562 73353 2.0
563 73426 2.0
564 73505 2.0
565 73599 2.0
566 73674 2.0
567 73734 2.0
568 73805 2.0
569 73881 2.0
570 73959 2.0
571 74016 2.0
572 74073 2.0
573 74136 2.0
574 74202 2.0
575 74283 2.0
576 74380 2.0
577 74449 2.0
578 74555 2.0
579 74659 2.0
580 74752 2.0
581 74821 2.0
582 74886 2.0
583 74955 2.0
584 75035 2.0
585 75092 2.0
586 75314 2.0
587 75381 2.0
588 75497 2.0
589 75575 2.0
590 75651 2.0
591 75733 2.0
592 75844 2.0
593 75914 2.0
594 75984 2.0
595 76099 2.0
596 76161 2.0
597 76246 2.0
598 76309 2.0
599 76399 2.0
600 76464 2.0
601 76559 2.0
602 76612 2.0
603 76669 2.0
604 76752 2.0
605 76815 2.0
606 76902 2.0
607 76962 2.0
608 77027 2.0
609 77097 2.0
610 77147 2.0
611 77223 2.0
612 77292 2.0
613 77378 2.0
614 77439 2.0
615 77489 2.0
616 77544 2.0
617 77614 2.0
618 77708 2.0
619 77795 2.0
620 77847 2.0
621 77918 2.0
622 78002 2.0
623 78077 2.0
624 78156 2.0
625 78219 2.0
626 78288 2.0
627 78379 2.0
628 78436 2.0
629 78526 2.0
630 78575 2.0
631 78658 2.0
632 78727 2.0
633 78783 2.0
634 78848 2.0
635 78917 2.0
636 78978 2.0
637 79032 2.0
638 79100 2.0
639 79159 2.0
640 79263 2.0
641 79324 2.0
642 79400 2.0
643 79485 2.0
644 79553 2.0
645 79695 2.0
646 79789 2.0
647 79906 2.0
648 79988 2.0
649 80036 2.0
650 80090 2.0
651 80270 2.0
652 80343 2.0
653 80413 2.0
654 80495 2.0
655 80570 2.0
656 80630 2.0
657 80694 2.0
658 80785 2.0
659 80856 2.0
660 81001 2.0
661 81086 2.0
662 81135 2.0
663 81202 2.0
664 81289 2.0
665 81351 2.0
666 81414 2.0
667 81467 2.0
668 81527 2.0
669 81597 2.0
670 81675 2.0
671 81754 2.0
672 81825 2.0
673 81883 2.0
674 81965 2.0
675 82048 2.0
676 82127 2.0
677 82249 2.0
678 82300 2.0
679 82363 2.0
680 82471 2.0
681 82544 2.0
682 82627 2.0
683 82702 2.0
684 82775 2.0
685 82834 2.0
686 82909 2.0
687 83061 2.0
688 83153 2.0
689 83217 2.0
690 83281 2.0
691 83333 2.0
692 83408 2.0
693 83487 2.0
694 83705 2.0
695 83765 2.0
696 83813 2.0
697 83889 2.0
698 83938 2.0
699 83999 2.0
700 84083 2.0
701 84173 2.0
702 84281 2.0
703 84331 2.0
704 84398 2.0
705 84450 2.0
706 84518 2.0
707 84583 2.0
708 84640 2.0
709 84716 2.0
710 84783 2.0
711 84838 2.0
712 84897 2.0
713 84951 2.0
714 85006 2.0
715 85090 2.0
716 85143 2.0
717 85205 2.0
718 85275 2.0
719 85347 2.0
720 85413 2.0
721 85467 2.0
722 85521 2.0
723 85588 2.0
724 85691 2.0
725 85767 2.0
726 85834 2.0
727 85894 2.0
728 86004 2.0
729 86075 2.0
730 86184 2.0
731 86232 2.0
732 86302 2.0
733 86395 2.0
734 86462 2.0
735 86562 2.0
736 86626 2.0
737 86726 2.0
738 86796 2.0
739 86873 2.0
740 86940 2.0
741 87013 2.0
742 87100 2.0
743 87174 2.0
744 87249 2.0
745 87314 2.0
746 87380 2.0
747 87444 2.0
748 87517 2.0
749 87587 2.0
750 87656 2.0
751 87727 2.0
752 87803 2.0
753 87862 2.0
754 87939 2.0
755 87995 2.0
756 88061 2.0
757 88122 2.0
758 88188 2.0
759 88241 2.0
760 88311 2.0
761 88383 2.0
762 88452 2.0
763 88506 2.0
764 88573 2.0
765 88657 2.0
766 88746 2.0
767 88838 2.0
768 88904 2.0
769 88959 2.0
770 89019 2.0
771 89106 2.0
772 89189 2.0
773 89245 2.0
774 89324 2.0
775 89396 2.0
776 89481 2.0
777 89563 2.0
778 89632 2.0
779 89722 2.0
780 89799 2.0
781 89848 2.0
782 89954 2.0
783 90054 2.0
784 90104 2.0
785 90166 2.0
786 90228 2.0
787 90302 2.0
788 90366 2.0
789 90438 2.0
790 90506 2.0
791 90565 2.0
792 90643 2.0
793 90707 2.0
794 90834 2.0
795 90944 2.0
796 91016 2.0
797 91090 2.0
798 91148 2.0
799 91220 2.0
800 91289 2.0
801 91342 2.0
802 91405 2.0
803 91472 2.0
804 91540 2.0
805 91619 2.0
806 91677 2.0
807 91776 2.0
808 91871 2.0
809 91928 2.0
810 91982 2.0
811 92051 2.0
812 92121 2.0
813 92209 2.0
814 92260 2.0
815 92320 2.0
816 92413 2.0
817 92489 2.0
818 92537 2.0
819 92611 2.0
820 92670 2.0
821 92732 2.0
822 92802 2.0
823 92867 2.0
824 92924 2.0
825 93018 2.0
826 93083 2.0
827 93178 2.0
828 93241 2.0
829 93314 2.0
830 93392 2.0
831 93451 2.0
832 93521 2.0
833 93610 2.0
834 93679 2.0
835 93788 2.0
836 93849 2.0
837 93917 2.0
838 93994 2.0
839 94041 2.0
840 94102 2.0
841 94149 2.0
842 94214 2.0
843 94278 2.0
844 94348 2.0
845 94413 2.0
846 94482 2.0
847 94541 2.0
848 94596 2.0
849 94657 2.0
850 94747 2.0
851 94819 2.0
852 94886 2.0
853 94954 2.0
854 95022 2.0
855 95094 2.0
856 95150 2.0
857 95204 2.0
858 95257 2.0
859 95313 2.0
860 95407 2.0
861 95458 2.0
862 95532 2.0
863 95601 2.0
864 95680 2.0
865 95777 2.0
866 95834 2.0
867 95904 2.0
868 95953 2.0
869 96031 2.0
870 96073 2.0
871 96141 2.0
872 96193 2.0
873 96242 2.0
874 96298 2.0
875 96356 2.0
876 96408 2.0
877 96475 2.0
878 96534 2.0
879 96617 2.0
880 96684 2.0
881 96756 2.0
882 96824 2.0
883 96885 2.0
884 97004 2.0
885 97068 2.0
886 97122 2.0
887 97188 2.0
888 97244 2.0
889 97315 2.0
890 97371 2.0
891 97439 2.0
892 97493 2.0
893 97556 2.0
894 97603 2.0
895 97679 2.0
896 97740 2.0
897 97795 2.0
898 97852 2.0
899 97901 2.0
900 97957 2.0
901 98061 2.0
902 98117 2.0
903 98177 2.0
904 98233 2.0
905 98305 2.0
906 98386 2.0
907 98451 2.0
908 98511 2.0
909 98592 2.0
910 98668 2.0
911 98737 2.0
912 98799 2.0
913 98876 2.0
914 98972 2.0
915 99064 2.0
916 99147 2.0
917 99219 2.0
918 99287 2.0
919 99352 2.0
920 99437 2.0
921 99527 2.0
922 99600 2.0
923 99676 2.0
924 99758 2.0
925 99861 2.0
926 99934 2.0
927 99983 2.0
928 100053 2.0
929 100120 2.0
930 100223 2.0
931 100291 2.0
932 100360 2.0
933 100417 2.0
934 100473 2.0
935 100536 2.0
936 100600 2.0
937 100662 2.0
938 100711 2.0
939 100768 2.0
940 100829 2.0
941 100920 2.0
942 101033 2.0
943 101148 2.0
944 101238 2.0
945 101307 2.0
946 101356 2.0
947 101436 2.0
948 101492 2.0
949 101548 2.0
950 101626 2.0
951 101691 2.0
952 101747 2.0
953 101814 2.0
954 101862 2.0
955 101917 2.0
956 102004 2.0
957 102042 2.0
958 102091 2.0
959 102153 2.0
960 102212 2.0
961 102276 2.0
962 102370 2.0
963 102431 2.0
964 102486 2.0
965 102556 2.0
966 102640 2.0
967 102704 2.0
968 102761 2.0
969 102836 2.0
970 102887 2.0
971 102974 2.0
972 103030 2.0
973 103120 2.0
974 103170 2.0
975 103259 2.0
976 103369 2.0
977 103426 2.0
978 103495 2.0
979 103577 2.0
980 103677 2.0
981 103746 2.0
982 103815 2.0
983 103894 2.0
984 103991 2.0
985 104087 2.0
986 104135 2.0
987 104189 2.0
988 104245 2.0
989 104310 2.0
990 104364 2.0
991 104428 2.0
992 104493 2.0
993 104548 2.0
994 104602 2.0
995 104681 2.0
996 104734 2.0
997 104799 2.0
998 104862 2.0
999 104907 2.0
1000 104983 2.0
1001 105055 2.0
1002 105123 2.0
1003 105197 2.0
1004 105292 2.0
1005 105365 2.0
1006 105444 2.0
1007 105519 2.0
1008 105580 2.0
1009 105649 2.0
1010 105701 2.0
1011 105792 2.0
1012 105893 2.0
1013 105942 2.0
1014 105999 2.0
1015 106058 2.0
1016 106147 2.0
1017 106205 2.0
1018 106265 2.0
1019 106341 2.0
1020 106405 2.0
1021 106471 2.0
1022 106524 2.0
1023 106606 2.0
1024 106658 2.0
1025 106718 2.0
1026 106788 2.0
1027 106838 2.0
1028 106931 2.0
1029 107007 2.0
1030 107070 2.0
1031 107141 2.0
1032 107205 2.0
1033 107305 2.0
1034 107354 2.0
1035 107423 2.0
1036 107484 2.0
1037 107550 2.0
1038 107617 2.0
1039 107693 2.0
1040 107779 2.0
1041 107838 2.0
1042 107903 2.0
1043 107988 2.0
1044 108061 2.0
1045 108146 2.0
1046 108210 2.0
1047 108263 2.0
1048 108325 2.0
1049 108378 2.0
1050 108444 2.0
1051 108504 2.0
1052 108596 2.0
1053 108663 2.0
1054 108724 2.0
1055 108785 2.0
1056 108844 2.0
1057 108904 2.0
1058 108981 2.0
1059 109034 2.0
1060 109109 2.0
1061 109175 2.0
1062 109248 2.0
1063 109296 2.0
1064 109376 2.0
1065 109481 2.0
1066 109536 2.0
1067 109617 2.0
1068 109675 2.0
1069 109735 2.0
1070 109817 2.0
1071 109888 2.0
1072 109958 2.0
1073 110019 2.0
1074 110080 2.0
1075 110188 2.0
1076 110243 2.0
1077 110303 2.0
1078 110355 2.0
1079 110424 2.0
1080 110503 2.0
1081 110566 2.0
1082 110655 2.0
1083 110757 2.0
1084 110820 2.0
1085 110888 2.0
1086 110942 2.0
1087 111048 2.0
1088 111105 2.0
1089 111174 2.0
1090 111229 2.0
1091 111305 2.0
1092 111394 2.0
1093 111465 2.0
1094 111531 2.0
1095 111629 2.0
1096 111686 2.0
1097 111759 2.0
1098 111817 2.0
1099 111913 2.0
1100 111976 2.0
1101 112070 2.0
1102 112127 2.0
1103 112229 2.0
1104 112289 2.0
1105 112357 2.0
1106 112427 2.0
1107 112482 2.0
1108 112549 2.0
1109 112602 2.0
1110 112694 2.0
1111 112743 2.0
1112 112791 2.0
1113 112871 2.0
1114 112942 2.0
1115 113008 2.0
1116 113059 2.0
1117 113154 2.0
1118 113227 2.0
1119 113287 2.0
1120 113358 2.0
1121 113415 2.0
1122 113468 2.0
1123 113528 2.0
1124 113589 2.0
1125 113677 2.0
1126 113731 2.0
1127 113783 2.0
1128 113885 2.0
1129 113959 2.0
1130 114027 2.0
1131 114092 2.0
1132 114139 2.0
1133 114208 2.0
1134 114274 2.0
1135 114346 2.0
1136 114419 2.0
1137 114475 2.0
1138 114526 2.0
1139 114574 2.0
1140 114638 2.0
1141 114688 2.0
1142 114738 2.0
1143 114833 2.0
1144 114894 2.0
1145 114946 2.0
1146 115014 2.0
1147 115094 2.0
1148 115145 2.0
1149 115206 2.0
1150 115287 2.0
1151 115346 2.0
1152 115413 2.0
1153 115465 2.0
1154 115530 2.0
1155 115614 2.0
1156 115680 2.0
1157 115741 2.0
1158 115798 2.0
1159 115871 2.0
1160 115932 2.0
1161 115991 2.0
1162 116106 2.0
1163 116165 2.0
1164 116218 2.0
1165 116265 2.0
1166 116346 2.0
1167 116392 2.0
1168 116458 2.0
1169 116551 2.0
1170 116609 2.0
1171 116680 2.0
1172 116743 2.0
1173 116794 2.0
1174 116854 2.0
1175 116917 2.0
1176 116993 2.0
1177 117074 2.0
1178 117136 2.0
1179 117214 2.0
1180 117281 2.0
1181 117355 2.0
1182 117417 2.0
1183 117497 2.0
1184 117566 2.0
1185 117647 2.0
1186 117721 2.0
1187 117784 2.0
1188 117848 2.0
1189 117909 2.0
1190 117972 2.0
1191 118038 2.0
1192 118081 2.0
1193 118139 2.0
1194 118204 2.0
1195 118256 2.0
1196 118370 2.0
1197 118444 2.0
1198 118518 2.0
1199 118582 2.0
1200 118647 2.0
1201 118697 2.0
1202 118766 2.0
1203 118838 2.0
1204 118899 2.0
1205 118973 2.0
1206 119035 2.0
1207 119098 2.0
1208 119168 2.0
1209 119212 2.0
1210 119276 2.0
1211 119341 2.0
1212 119419 2.0
1213 119493 2.0
1214 119561 2.0
1215 119620 2.0
1216 119694 2.0
1217 119761 2.0
1218 119813 2.0
1219 119864 2.0
1220 119922 2.0
1221 119976 2.0
1222 120061 2.0
1223 120110 2.0
1224 120156 2.0
1225 120210 2.0
1226 120283 2.0
1227 120345 2.0
1228 120413 2.0
1229 120467 2.0
1230 120548 2.0
1231 120602 2.0
1232 120660 2.0
1233 120726 2.0
1234 120785 2.0
1235 120849 2.0
1236 120922 2.0
1237 120976 2.0
1238 121066 2.0
1239 121132 2.0
1240 121216 2.0
1241 121295 2.0
1242 121342 2.0
1243 121406 2.0
1244 121480 2.0
1245 121543 2.0
1246 121623 2.0
1247 121700 2.0
1248 121789 2.0
1249 121860 2.0
1250 121926 2.0
1251 122034 2.0
1252 122112 2.0
1253 122157 2.0
1254 122247 2.0
1255 122305 2.0
1256 122402 2.0
1257 122507 2.0
1258 122571 2.0
1259 122671 2.0
1260 122732 2.0
1261 122803 2.0
1262 122868 2.0
1263 122949 2.0
1264 123051 2.0
1265 123123 2.0
1266 123183 2.0
1267 123278 2.0
1268 123347 2.0
1269 123415 2.0
1270 123485 2.0
1271 123557 2.0
1272 123628 2.0
1273 123697 2.0
1274 123758 2.0
1275 123850 2.0
1276 123911 2.0
1277 123977 2.0
1278 124030 2.0
1279 124100 2.0
1280 124146 2.0
1281 124213 2.0
1282 124274 2.0
1283 124335 2.0
1284 124444 2.0
1285 124511 2.0
1286 124565 2.0
1287 124647 2.0
1288 124701 2.0
1289 124793 2.0
1290 124861 2.0
1291 124909 2.0
1292 124959 2.0
1293 125011 2.0
1294 125067 2.0
1295 125150 2.0
1296 125216 2.0
1297 125278 2.0
1298 125356 2.0
1299 125409 2.0
1300 125468 2.0
1301 125539 2.0
1302 125599 2.0
1303 125652 2.0
1304 125713 2.0
1305 125761 2.0
1306 125835 2.0
1307 125897 2.0
1308 125969 2.0
1309 126024 2.0
1310 126098 2.0
1311 126161 2.0
1312 126216 2.0
1313 126266 2.0
1314 126366 2.0
1315 126444 2.0
1316 126502 2.0
1317 126554 2.0
1318 126603 2.0
1319 126665 2.0
1320 126720 2.0
1321 126778 2.0
1322 126827 2.0
1323 126912 2.0
1324 126971 2.0
1325 127026 2.0
1326 127078 2.0
1327 127160 2.0
1328 127246 2.0
1329 127353 2.0
1330 127410 2.0
1331 127474 2.0
1332 127532 2.0
1333 127598 2.0
1334 127673 2.0
1335 127745 2.0
1336 127811 2.0
1337 127877 2.0
1338 127952 2.0
1339 128006 2.0
1340 128067 2.0
1341 128124 2.0
1342 128179 2.0
1343 128239 2.0
1344 128304 2.0
1345 128372 2.0
1346 128426 2.0
1347 128530 2.0
1348 128622 2.0
1349 128694 2.0
1350 128762 2.0
1351 128806 2.0
1352 128860 2.0
1353 128920 2.0
1354 128983 2.0
1355 129046 2.0
1356 129094 2.0
1357 129160 2.0
1358 129225 2.0
1359 129273 2.0
1360 129329 2.0
1361 129397 2.0
1362 129460 2.0
1363 129517 2.0
1364 129604 2.0
1365 129686 2.0
1366 129766 2.0
1367 129823 2.0
1368 129893 2.0
1369 129969 2.0
1370 130020 2.0
1371 130135 2.0
1372 130191 2.0
1373 130269 2.0
1374 130337 2.0
1375 130404 2.0
1376 130464 2.0
1377 130512 2.0
1378 130588 2.0
1379 130650 2.0
1380 130719 2.0
1381 130792 2.0
1382 130880 2.0
1383 130943 2.0
1384 131001 2.0
1385 131050 2.0
1386 131106 2.0
1387 131196 2.0
1388 131262 2.0
1389 131336 2.0
1390 131399 2.0
1391 131488 2.0
1392 131543 2.0
1393 131635 2.0
1394 131694 2.0
1395 131761 2.0
1396 131847 2.0
1397 131929 2.0
1398 132002 2.0
1399 132090 2.0
1400 132160 2.0
1401 132235 2.0
1402 132294 2.0
1403 132354 2.0
1404 132418 2.0
1405 132489 2.0
1406 132557 2.0
1407 132619 2.0
1408 132668 2.0
1409 132734 2.0
1410 132793 2.0
1411 132879 2.0
1412 132936 2.0
1413 133002 2.0
1414 133060 2.0
1415 133115 2.0
1416 133197 2.0
1417 133243 2.0
1418 133313 2.0
1419 133398 2.0
1420 133462 2.0
1421 133513 2.0
1422 133561 2.0
1423 133629 2.0
1424 133692 2.0
1425 133755 2.0
1426 133838 2.0
1427 133890 2.0
1428 133954 2.0
1429 134039 2.0
1430 134103 2.0
1431 134159 2.0
1432 134217 2.0
1433 134288 2.0
1434 134349 2.0
1435 134399 2.0
1436 134476 2.0
1437 134583 2.0
1438 134681 2.0
1439 134753 2.0
1440 134838 2.0
1441 134886 2.0
1442 134952 2.0
1443 135057 2.0
1444 135108 2.0
1445 135187 2.0
1446 135250 2.0
1447 135316 2.0
1448 135397 2.0
1449 135449 2.0
1450 135519 2.0
1451 135600 2.0
1452 135694 2.0
1453 135746 2.0
1454 135814 2.0
1455 135875 2.0
1456 135946 2.0
1457 136007 2.0
1458 136077 2.0
1459 136144 2.0
1460 136220 2.0
1461 136284 2.0
1462 136340 2.0
1463 136427 2.0
1464 136505 2.0
1465 136581 2.0
1466 136639 2.0
1467 136714 2.0
1468 136771 2.0
1469 136814 2.0
1470 136890 2.0
1471 136950 2.0
1472 137037 2.0
1473 137096 2.0
1474 137175 2.0
1475 137278 2.0
1476 137342 2.0
1477 137445 2.0
1478 137510 2.0
1479 137575 2.0
1480 137647 2.0
1481 137718 2.0
1482 137806 2.0
1483 137858 2.0
1484 137919 2.0
1485 137968 2.0
1486 138019 2.0
1487 138095 2.0
1488 138158 2.0
1489 138221 2.0
1490 138290 2.0
1491 138350 2.0
1492 138420 2.0
1493 138488 2.0
1494 138542 2.0
1495 138614 2.0
1496 138688 2.0
1497 138743 2.0
1498 138812 2.0
1499 138869 2.0
1500 138962 2.0
1501 139028 2.0
1502 139077 2.0
1503 139148 2.0
1504 139205 2.0
1505 139260 2.0
1506 139301 2.0
1507 139375 2.0
1508 139458 2.0
1509 139527 2.0
1510 139600 2.0
1511 139668 2.0
1512 139728 2.0
1513 139780 2.0
1514 139845 2.0
1515 139918 2.0
1516 139978 2.0
1517 140038 2.0
1518 140118 2.0
1519 140183 2.0
1520 140276 2.0
1521 140332 2.0
1522 140377 2.0
1523 140432 2.0
1524 140553 2.0
1525 140616 2.0
1526 140683 2.0
1527 140737 2.0
1528 140791 2.0
1529 140845 2.0
1530 140927 2.0
1531 140986 2.0
1532 141028 2.0
1533 141073 2.0
1534 141127 2.0
1535 141222 2.0
1536 141262 2.0
1537 141337 2.0
1538 141402 2.0
1539 141484 2.0
1540 141532 2.0
1541 141604 2.0
1542 141656 2.0
1543 141741 2.0
1544 141808 2.0
1545 141859 2.0
1546 141959 2.0
1547 142030 2.0
1548 142084 2.0
1549 142138 2.0
1550 142209 2.0
1551 142260 2.0
1552 142313 2.0
1553 142401 2.0
1554 142471 2.0
1555 142561 2.0
1556 142619 2.0
1557 142675 2.0
1558 142750 2.0
1559 142805 2.0
1560 142872 2.0
1561 142925 2.0
1562 143005 2.0
1563 143065 2.0
1564 143121 2.0
1565 143190 2.0
1566 143256 2.0
1567 143315 2.0
1568 143386 2.0
1569 143453 2.0
1570 143507 2.0
1571 143568 2.0
1572 143633 2.0
1573 143688 2.0
1574 143747 2.0
1575 143802 2.0
1576 143874 2.0
1577 143934 2.0
1578 144018 2.0
1579 144093 2.0
1580 144160 2.0
1581 144215 2.0
1582 144267 2.0
1583 144348 2.0
1584 144419 2.0
1585 144484 2.0
1586 144543 2.0
1587 144597 2.0
1588 144669 2.0
1589 144719 2.0
1590 144787 2.0
1591 144845 2.0
1592 144908 2.0
1593 144954 2.0
1594 145028 2.0
1595 145076 2.0
1596 145138 2.0
1597 145198 2.0
1598 145254 2.0
1599 145325 2.0
1600 145400 2.0
1601 145465 2.0
1602 145543 2.0
1603 145607 2.0
1604 145661 2.0
1605 145712 2.0
1606 145788 2.0
1607 145848 2.0
1608 145899 2.0
1609 145954 2.0
1610 146032 2.0
1611 146109 2.0
1612 146178 2.0
1613 146253 2.0
1614 146316 2.0
1615 146390 2.0
1616 146467 2.0
1617 146540 2.0
1618 146610 2.0
1619 146674 2.0
1620 146745 2.0
1621 146790 2.0
1622 146838 2.0
1623 146898 2.0
1624 146955 2.0
1625 147011 2.0
1626 147057 2.0
1627 147120 2.0
1628 147184 2.0
1629 147238 2.0
1630 147314 2.0
1631 147385 2.0
1632 147457 2.0
1633 147513 2.0
1634 147566 2.0
1635 147622 2.0
1636 147693 2.0
1637 147742 2.0
1638 147825 2.0
1639 147889 2.0
1640 147944 2.0
1641 148036 2.0
1642 148204 2.0
1643 148250 2.0
1644 148302 2.0
1645 148367 2.0
1646 148424 2.0
1647 148473 2.0
1648 148530 2.0
1649 148591 2.0
1650 148670 2.0
1651 148730 2.0
1652 148799 2.0
1653 148853 2.0
1654 148940 2.0
1655 148993 2.0
1656 149042 2.0
1657 149091 2.0
1658 149147 2.0
1659 149213 2.0
1660 149281 2.0
1661 149388 2.0
1662 149437 2.0
1663 149510 2.0
1664 149558 2.0
1665 149614 2.0
1666 149695 2.0
1667 149771 2.0
1668 149839 2.0
1669 149894 2.0
1670 149964 2.0
1671 150029 2.0
1672 150095 2.0
1673 150151 2.0
1674 150215 2.0
1675 150274 2.0
1676 150357 2.0
1677 150424 2.0
1678 150503 2.0
1679 150590 2.0
1680 150663 2.0
1681 150722 2.0
1682 150776 2.0
1683 150843 2.0
1684 150886 2.0
1685 150949 2.0
1686 151025 2.0
1687 151073 2.0
1688 151115 2.0
1689 151169 2.0
1690 151260 2.0
1691 151326 2.0
1692 151381 2.0
1693 151434 2.0
1694 151490 2.0
1695 151554 2.0
1696 151625 2.0
1697 151677 2.0
1698 151779 2.0
1699 151837 2.0
1700 151885 2.0
1701 151947 2.0
1702 152000 2.0
1703 152068 2.0
1704 152125 2.0
1705 152192 2.0
1706 152274 2.0
1707 152350 2.0
1708 152422 2.0
1709 152487 2.0
1710 152549 2.0
1711 152595 2.0
1712 152664 2.0
1713 152718 2.0
1714 152793 2.0
1715 152851 2.0
1716 152913 2.0
1717 152969 2.0
1718 153080 2.0
1719 153143 2.0
1720 153194 2.0
1721 153267 2.0
1722 153329 2.0
1723 153418 2.0
1724 153472 2.0
1725 153530 2.0
1726 153573 2.0
1727 153633 2.0
1728 153684 2.0
1729 153755 2.0
1730 153826 2.0
1731 153886 2.0
1732 153948 2.0
1733 154024 2.0
1734 154073 2.0
1735 154132 2.0
1736 154192 2.0
1737 154274 2.0
1738 154346 2.0
1739 154406 2.0
1740 154465 2.0
1741 154548 2.0
1742 154632 2.0
1743 154708 2.0
1744 154788 2.0
1745 154850 2.0
1746 154914 2.0
1747 154970 2.0
1748 155021 2.0
1749 155096 2.0
1750 155158 2.0
1751 155226 2.0
1752 155278 2.0
1753 155347 2.0
1754 155419 2.0
1755 155480 2.0
1756 155537 2.0
1757 155593 2.0
1758 155717 2.0
1759 155775 2.0
1760 155831 2.0
1761 155891 2.0
1762 155943 2.0
1763 156007 2.0
1764 156057 2.0
1765 156120 2.0
1766 156181 2.0
1767 156239 2.0
1768 156300 2.0
1769 156363 2.0
1770 156424 2.0
1771 156488 2.0
1772 156545 2.0
1773 156592 2.0
1774 156647 2.0
1775 156715 2.0
1776 156761 2.0
1777 156813 2.0
1778 156868 2.0
1779 156921 2.0
1780 157085 2.0
1781 157135 2.0
1782 157191 2.0
1783 157256 2.0
1784 157318 2.0
1785 157390 2.0
1786 157435 2.0
1787 157485 2.0
1788 157584 2.0
1789 157639 2.0
1790 157715 2.0
1791 157765 2.0
1792 157835 2.0
1793 157894 2.0
1794 157956 2.0
1795 158029 2.0
1796 158092 2.0
1797 158136 2.0
1798 158186 2.0
1799 158296 2.0
1800 158359 2.0
1801 158417 2.0
1802 158490 2.0
1803 158542 2.0
1804 158604 2.0
1805 158649 2.0
1806 158717 2.0
1807 158775 2.0
1808 158848 2.0
1809 158896 2.0
1810 158962 2.0
1811 159021 2.0
1812 159097 2.0
1813 159173 2.0
1814 159226 2.0
1815 159275 2.0
1816 159333 2.0
1817 159408 2.0
1818 159465 2.0
1819 159529 2.0
1820 159583 2.0
1821 159652 2.0
1822 159721 2.0
1823 159772 2.0
1824 159820 2.0
1825 159884 2.0
1826 159946 2.0
1827 160002 2.0
1828 160050 2.0
1829 160111 2.0
1830 160167 2.0
1831 160229 2.0
1832 160313 2.0
1833 160385 2.0
1834 160434 2.0
1835 160484 2.0
1836 160539 2.0
1837 160593 2.0
1838 160666 2.0
1839 160758 2.0
1840 160820 2.0
1841 160870 2.0
1842 160915 2.0
1843 160969 2.0
1844 161026 2.0
1845 161078 2.0
1846 161149 2.0
1847 161203 2.0
1848 161257 2.0
1849 161324 2.0
1850 161379 2.0
1851 161428 2.0
1852 161481 2.0
1853 161562 2.0
1854 161608 2.0
1855 161656 2.0
1856 161719 2.0
1857 161781 2.0
1858 161841 2.0
1859 161900 2.0
1860 161958 2.0
1861 162010 2.0
1862 162112 2.0
1863 162161 2.0
1864 162217 2.0
1865 162272 2.0
1866 162338 2.0
1867 162392 2.0
1868 162463 2.0
1869 162525 2.0
1870 162569 2.0
1871 162616 2.0
1872 162684 2.0
1873 162737 2.0
1874 162792 2.0
1875 162849 2.0
1876 162934 2.0
1877 162976 2.0
1878 163031 2.0
1879 163128 2.0
1880 163189 2.0
1881 163241 2.0
1882 163312 2.0
1883 163370 2.0
1884 163444 2.0
1885 163494 2.0
1886 163571 2.0
1887 163618 2.0
1888 163667 2.0
1889 163732 2.0
1890 163788 2.0
1891 163847 2.0
1892 163918 2.0
1893 163968 2.0
1894 164026 2.0
1895 164070 2.0
1896 164121 2.0
1897 164185 2.0
1898 164250 2.0
1899 164297 2.0
1900 164356 2.0
1901 164407 2.0
1902 164464 2.0
1903 164529 2.0
1904 164590 2.0
1905 164657 2.0
1906 164715 2.0
1907 164792 2.0
1908 164848 2.0
1909 164935 2.0
1910 164996 2.0
1911 165044 2.0
1912 165090 2.0
1913 165142 2.0
1914 165194 2.0
1915 165257 2.0
1916 165302 2.0
1917 165393 2.0
1918 165467 2.0
1919 165546 2.0
1920 165608 2.0
1921 165678 2.0
1922 165735 2.0
1923 165805 2.0
1924 165853 2.0
1925 165919 2.0
1926 165987 2.0
1927 166057 2.0
1928 166105 2.0
1929 166169 2.0
1930 166215 2.0
1931 166280 2.0
1932 166351 2.0
1933 166419 2.0
1934 166487 2.0
1935 166548 2.0
1936 166611 2.0
1937 166663 2.0
1938 166713 2.0
1939 166764 2.0
1940 166857 2.0
1941 166905 2.0
1942 166970 2.0
1943 167026 2.0
1944 167078 2.0
1945 167132 2.0
1946 167183 2.0
1947 167245 2.0
1948 167302 2.0
1949 167391 2.0
1950 167437 2.0
1951 167490 2.0
1952 167539 2.0
1953 167614 2.0
1954 167675 2.0
1955 167753 2.0
1956 167829 2.0
1957 167892 2.0
1958 167970 2.0
1959 168023 2.0
1960 168082 2.0
1961 168168 2.0
1962 168263 2.0
1963 168320 2.0
1964 168385 2.0
1965 168454 2.0
1966 168502 2.0
1967 168556 2.0
1968 168617 2.0
1969 168699 2.0
1970 168774 2.0
1971 168875 2.0
1972 168939 2.0
1973 168995 2.0
1974 169050 2.0
1975 169100 2.0
1976 169162 2.0
1977 169218 2.0
1978 169272 2.0
1979 169342 2.0
1980 169398 2.0
1981 169448 2.0
1982 169508 2.0
1983 169574 2.0
1984 169623 2.0
1985 169681 2.0
1986 169754 2.0
1987 169797 2.0
1988 169866 2.0
1989 169937 2.0
1990 169990 2.0
1991 170042 2.0
1992 170096 2.0
1993 170177 2.0
1994 170234 2.0
1995 170279 2.0
1996 170335 2.0
1997 170377 2.0
1998 170440 2.0
1999 170488 2.0
2000 170539 2.0
2001 170597 2.0
2002 170653 2.0
2003 170706 2.0
2004 170771 2.0
2005 170828 2.0
2006 170877 2.0
2007 170946 2.0
2008 171022 2.0
2009 171104 2.0
2010 171158 2.0
2011 171256 2.0
2012 171306 2.0
2013 171368 2.0
2014 171432 2.0
2015 171488 2.0
2016 171555 2.0
2017 171611 2.0
2018 171671 2.0
2019 171729 2.0
2020 171789 2.0
2021 171851 2.0
2022 171913 2.0
2023 171975 2.0
2024 172018 2.0
2025 172083 2.0
2026 172146 2.0
2027 172209 2.0
2028 172285 2.0
2029 172376 2.0
2030 172442 2.0
2031 172504 2.0
2032 172549 2.0
2033 172615 2.0
2034 172663 2.0
2035 172753 2.0
2036 172817 2.0
2037 172866 2.0
2038 172921 2.0
2039 172966 2.0
2040 173035 2.0
2041 173119 2.0
2042 173190 2.0
2043 173252 2.0
2044 173321 2.0
2045 173381 2.0
2046 173446 2.0
2047 173510 2.0
2048 173583 2.0
2049 173638 2.0
2050 173698 2.0
2051 173765 2.0
2052 173825 2.0
2053 173881 2.0
2054 173942 2.0
2055 174000 2.0
2056 174080 2.0
2057 174141 2.0
2058 174200 2.0
2059 174259 2.0
2060 174317 2.0
2061 174397 2.0
2062 174441 2.0
2063 174516 2.0
2064 174573 2.0
2065 174651 2.0
2066 174698 2.0
2067 174757 2.0
2068 174826 2.0
2069 174873 2.0
2070 174932 2.0
2071 174990 2.0
2072 175058 2.0
2073 175155 2.0
2074 175212 2.0
2075 175264 2.0
2076 175329 2.0
2077 175381 2.0
2078 175447 2.0
2079 175493 2.0
2080 175549 2.0
2081 175608 2.0
2082 175657 2.0
2083 175743 2.0
2084 175802 2.0
2085 175851 2.0
2086 175926 2.0
2087 175976 2.0
2088 176029 2.0
2089 176100 2.0
2090 176152 2.0
2091 176226 2.0
2092 176305 2.0
2093 176364 2.0
2094 176441 2.0
2095 176486 2.0
2096 176540 2.0
2097 176617 2.0
2098 176674 2.0
2099 176727 2.0
2100 176804 2.0
2101 176857 2.0
2102 176908 2.0
2103 176969 2.0
2104 177011 2.0
2105 177065 2.0
2106 177120 2.0
2107 177181 2.0
2108 177239 2.0
2109 177291 2.0
2110 177345 2.0
2111 177415 2.0
2112 177470 2.0
2113 177520 2.0
2114 177575 2.0
2115 177643 2.0
2116 177703 2.0
2117 177759 2.0
2118 177814 2.0
2119 177876 2.0
2120 177934 2.0
2121 177994 2.0
2122 178065 2.0
2123 178126 2.0
2124 178167 2.0
2125 178218 2.0
2126 178273 2.0
2127 178338 2.0
2128 178388 2.0
2129 178451 2.0
2130 178517 2.0
2131 178572 2.0
2132 178628 2.0
2133 178687 2.0
2134 178752 2.0
2135 178811 2.0
2136 178855 2.0
2137 178898 2.0
2138 178973 2.0
2139 179036 2.0
2140 179101 2.0
2141 179148 2.0
2142 179196 2.0
2143 179249 2.0
2144 179314 2.0
2145 179378 2.0
2146 179428 2.0
2147 179485 2.0
2148 179535 2.0
2149 179586 2.0
2150 179644 2.0
2151 179701 2.0
2152 179758 2.0
2153 179817 2.0
2154 179870 2.0
2155 179961 2.0
2156 180023 2.0
2157 180085 2.0
2158 180144 2.0
2159 180200 2.0
2160 180260 2.0
2161 180328 2.0
2162 180392 2.0
2163 180475 2.0
2164 180536 2.0
2165 180594 2.0
2166 180649 2.0
2167 180710 2.0
2168 180768 2.0
2169 180844 2.0
2170 180888 2.0
2171 180956 2.0
2172 180997 2.0
2173 181065 2.0
2174 181134 2.0
2175 181195 2.0
2176 181244 2.0
2177 181301 2.0
2178 181345 2.0
2179 181404 2.0
2180 181496 2.0
2181 181540 2.0
2182 181596 2.0
2183 181658 2.0
2184 181715 2.0
2185 181770 2.0
2186 181850 2.0
2187 181900 2.0
2188 181973 2.0
2189 182020 2.0
2190 182076 2.0
2191 182139 2.0
2192 182186 2.0
2193 182245 2.0
2194 182312 2.0
2195 182360 2.0
2196 182406 2.0
2197 182472 2.0
2198 182529 2.0
2199 182590 2.0
2200 182643 2.0
2201 182709 2.0
2202 182768 2.0
2203 182823 2.0
2204 182882 2.0
2205 182957 2.0
2206 183026 2.0
2207 183094 2.0
2208 183144 2.0
2209 183206 2.0
2210 183272 2.0
2211 183332 2.0
2212 183409 2.0
2213 183461 2.0
2214 183521 2.0
2215 183584 2.0
2216 183631 2.0
2217 183693 2.0
2218 183740 2.0
2219 183793 2.0
2220 183862 2.0
2221 183916 2.0
2222 183983 2.0
2223 184029 2.0
2224 184093 2.0
2225 184161 2.0
2226 184236 2.0
2227 184285 2.0
2228 184344 2.0
2229 184388 2.0
2230 184440 2.0
2231 184523 2.0
2232 184591 2.0
2233 184665 2.0
2234 184716 2.0
2235 184791 2.0
2236 184860 2.0
2237 184914 2.0
2238 184964 2.0
2239 185048 2.0
2240 185114 2.0
2241 185182 2.0
2242 185226 2.0
2243 185297 2.0
2244 185348 2.0
2245 185403 2.0
2246 185489 2.0
2247 185552 2.0
2248 185597 2.0
2249 185651 2.0
2250 185714 2.0
2251 185783 2.0
2252 185841 2.0
2253 185905 2.0
2254 185960 2.0
2255 186010 2.0
2256 186099 2.0
2257 186144 2.0
2258 186192 2.0
2259 186277 2.0
2260 186347 2.0
2261 186400 2.0
2262 186443 2.0
2263 186507 2.0
2264 186554 2.0
2265 186648 2.0
2266 186720 2.0
2267 186772 2.0
2268 186834 2.0
2269 186882 2.0
2270 186946 2.0
2271 186992 2.0
2272 187052 2.0
2273 187098 2.0
2274 187150 2.0
2275 187198 2.0
2276 187251 2.0
2277 187324 2.0
2278 187390 2.0
2279 187483 2.0
2280 187548 2.0
2281 187609 2.0
2282 187668 2.0
2283 187737 2.0
2284 187787 2.0
2285 187866 2.0
2286 187913 2.0
2287 187961 2.0
2288 188026 2.0
2289 188093 2.0
2290 188170 2.0
2291 188222 2.0
2292 188271 2.0
2293 188337 2.0
2294 188392 2.0
2295 188437 2.0
2296 188497 2.0
2297 188549 2.0
2298 188609 2.0
2299 188671 2.0
2300 188725 2.0
2301 188774 2.0
2302 188818 2.0
2303 188875 2.0
2304 188946 2.0
2305 188995 2.0
2306 189060 2.0
2307 189122 2.0
2308 189187 2.0
2309 189253 2.0
2310 189321 2.0
2311 189381 2.0
2312 189464 2.0
2313 189518 2.0
2314 189564 2.0
2315 189620 2.0
2316 189685 2.0
2317 189739 2.0
2318 189815 2.0
2319 189874 2.0
2320 189925 2.0
2321 190009 2.0
2322 190066 2.0
2323 190146 2.0
2324 190196 2.0
2325 190259 2.0
2326 190317 2.0
2327 190370 2.0
2328 190423 2.0
2329 190495 2.0
2330 190555 2.0
2331 190605 2.0
2332 190670 2.0
2333 190730 2.0
2334 190796 2.0
2335 190853 2.0
2336 190902 2.0
2337 190973 2.0
2338 191028 2.0
2339 191082 2.0
2340 191136 2.0
2341 191186 2.0
2342 191245 2.0
2343 191288 2.0
2344 191367 2.0
2345 191430 2.0
2346 191491 2.0
2347 191549 2.0
2348 191605 2.0
2349 191655 2.0
2350 191717 2.0
2351 191783 2.0
2352 191832 2.0
2353 191880 2.0
2354 191933 2.0
2355 192003 2.0
2356 192070 2.0
2357 192118 2.0
2358 192179 2.0
2359 192253 2.0
2360 192326 2.0
2361 192390 2.0
2362 192441 2.0
2363 192504 2.0
2364 192552 2.0
2365 192620 2.0
2366 192676 2.0
2367 192737 2.0
2368 192807 2.0
2369 192860 2.0
2370 192924 2.0
2371 192973 2.0
2372 193021 2.0
2373 193074 2.0
2374 193130 2.0
2375 193194 2.0
2376 193252 2.0
2377 193355 2.0
2378 193401 2.0
2379 193478 2.0
2380 193540 2.0
2381 193592 2.0
2382 193652 2.0
2383 193713 2.0
2384 193784 2.0
2385 193834 2.0
2386 193930 2.0
2387 193991 2.0
2388 194041 2.0
2389 194089 2.0
2390 194150 2.0
2391 194225 2.0
2392 194276 2.0
2393 194358 2.0
2394 194421 2.0
2395 194476 2.0
2396 194549 2.0
2397 194600 2.0
2398 194719 2.0
2399 194776 2.0
2400 194846 2.0
2401 194902 2.0
2402 194966 2.0
2403 195021 2.0
2404 195071 2.0
2405 195127 2.0
2406 195190 2.0
2407 195240 2.0
2408 195295 2.0
2409 195356 2.0
2410 195436 2.0
2411 195487 2.0
2412 195574 2.0
2413 195623 2.0
2414 195689 2.0
2415 195758 2.0
2416 195818 2.0
2417 195868 2.0
2418 195920 2.0
2419 195971 2.0
2420 196022 2.0
2421 196070 2.0
2422 196148 2.0
2423 196192 2.0
2424 196275 2.0
2425 196333 2.0
2426 196396 2.0
2427 196453 2.0
2428 196532 2.0
2429 196584 2.0
2430 196651 2.0
2431 196720 2.0
2432 196785 2.0
2433 196842 2.0
2434 196905 2.0
2435 196970 2.0
2436 197041 2.0
2437 197095 2.0
2438 197157 2.0
2439 197216 2.0
2440 197284 2.0
2441 197386 2.0
2442 197451 2.0
2443 197505 2.0
2444 197554 2.0
2445 197598 2.0
2446 197673 2.0
2447 197798 2.0
2448 197849 2.0
2449 197931 2.0
2450 197984 2.0
2451 198036 2.0
2452 198121 2.0
2453 198192 2.0
2454 198252 2.0
2455 198311 2.0
2456 198363 2.0
2457 198419 2.0
2458 198474 2.0
2459 198528 2.0
2460 198594 2.0
2461 198653 2.0
2462 198704 2.0
2463 198778 2.0
2464 198824 2.0
2465 198884 2.0
2466 198933 2.0
2467 198979 2.0
2468 199042 2.0
2469 199101 2.0
2470 199156 2.0
2471 199208 2.0
2472 199272 2.0
2473 199335 2.0
2474 199386 2.0
2475 199478 2.0
2476 199520 2.0
2477 199571 2.0
2478 199621 2.0
2479 199688 2.0
2480 199745 2.0
2481 199820 2.0
2482 199866 2.0
2483 199923 2.0
2484 199967 2.0
2485 200027 2.0
2486 200084 2.0
2487 200140 2.0
2488 200198 2.0
2489 200249 2.0
2490 200305 2.0
2491 200359 2.0
2492 200461 2.0
2493 200527 2.0
2494 200589 2.0
2495 200641 2.0
2496 200692 2.0
2497 200747 2.0
2498 200803 2.0
2499 200871 2.0
2500 200955 2.0
2501 201008 2.0
2502 201078 2.0
2503 201151 2.0
2504 201218 2.0
2505 201266 2.0
2506 201354 2.0
2507 201406 2.0
2508 201462 2.0
2509 201515 2.0
2510 201572 2.0
2511 201621 2.0
2512 201686 2.0
2513 201746 2.0
2514 201794 2.0
2515 201855 2.0
2516 201899 2.0
2517 201949 2.0
2518 201999 2.0
2519 202059 2.0
2520 202173 2.0
2521 202233 2.0
2522 202280 2.0
2523 202355 2.0
2524 202452 2.0
2525 202501 2.0
2526 202542 2.0
2527 202595 2.0
2528 202663 2.0
2529 202730 2.0
2530 202798 2.0
2531 202850 2.0
2532 202915 2.0
2533 202980 2.0
2534 203050 2.0
2535 203121 2.0
2536 203181 2.0
2537 203245 2.0
2538 203304 2.0
2539 203368 2.0
2540 203436 2.0
2541 203497 2.0
2542 203558 2.0
2543 203629 2.0
2544 203676 2.0
2545 203727 2.0
2546 203774 2.0
2547 203833 2.0
2548 203897 2.0
2549 203946 2.0
2550 203998 2.0
2551 204053 2.0
2552 204126 2.0
2553 204198 2.0
2554 204247 2.0
2555 204300 2.0
2556 204363 2.0
2557 204421 2.0
2558 204474 2.0
2559 204527 2.0
2560 204597 2.0
2561 204664 2.0
2562 204739 2.0
2563 204795 2.0
2564 204864 2.0
2565 204935 2.0
2566 205014 2.0
2567 205075 2.0
2568 205122 2.0
2569 205168 2.0
2570 205239 2.0
2571 205307 2.0
2572 205356 2.0
2573 205416 2.0
2574 205458 2.0
2575 205523 2.0
2576 205576 2.0
2577 205632 2.0
2578 205689 2.0
2579 205743 2.0
2580 205800 2.0
2581 205862 2.0
2582 205912 2.0
2583 205993 2.0
2584 206040 2.0
2585 206086 2.0
2586 206139 2.0
2587 206187 2.0
2588 206229 2.0
2589 206279 2.0
2590 206334 2.0
2591 206405 2.0
2592 206465 2.0
2593 206522 2.0
2594 206581 2.0
2595 206640 2.0
2596 206679 2.0
2597 206731 2.0
2598 206787 2.0
2599 206826 2.0
2600 206879 2.0
2601 206931 2.0
2602 206983 2.0
2603 207063 2.0
2604 207123 2.0
2605 207170 2.0
2606 207227 2.0
2607 207274 2.0
2608 207345 2.0
2609 207397 2.0
2610 207452 2.0
2611 207506 2.0
2612 207557 2.0
2613 207614 2.0
2614 207697 2.0
2615 207745 2.0
2616 207808 2.0
2617 207876 2.0
2618 207955 2.0
2619 208014 2.0
2620 208075 2.0
2621 208178 2.0
2622 208258 2.0
2623 208307 2.0
2624 208358 2.0
2625 208410 2.0
2626 208454 2.0
2627 208536 2.0
2628 208598 2.0
2629 208669 2.0
2630 208717 2.0
2631 208783 2.0
2632 208844 2.0
2633 208901 2.0
2634 208997 2.0
2635 209055 2.0
2636 209130 2.0
2637 209213 2.0
2638 209269 2.0
2639 209327 2.0
2640 209395 2.0
2641 209452 2.0
2642 209531 2.0
2643 209604 2.0
2644 209657 2.0
2645 209717 2.0
2646 209770 2.0
2647 209829 2.0
2648 209885 2.0
2649 209950 2.0
2650 210010 2.0
2651 210074 2.0
2652 210136 2.0
2653 210183 2.0
2654 210235 2.0
2655 210301 2.0
2656 210354 2.0
2657 210410 2.0
2658 210486 2.0
2659 210541 2.0
2660 210596 2.0
2661 210663 2.0
2662 210713 2.0
2663 210763 2.0
2664 210817 2.0
2665 210864 2.0
2666 210906 2.0
2667 210981 2.0
2668 211032 2.0
2669 211096 2.0
2670 211175 2.0
2671 211235 2.0
2672 211299 2.0
2673 211373 2.0
2674 211430 2.0
2675 211485 2.0
2676 211561 2.0
2677 211613 2.0
2678 211661 2.0
2679 211707 2.0
2680 211773 2.0
2681 211831 2.0
2682 211874 2.0
2683 211921 2.0
2684 211991 2.0
2685 212046 2.0
2686 212126 2.0
2687 212197 2.0
2688 212271 2.0
2689 212368 2.0
2690 212421 2.0
2691 212470 2.0
2692 212534 2.0
2693 212593 2.0
2694 212643 2.0
2695 212691 2.0
2696 212746 2.0
2697 212801 2.0
2698 212842 2.0
2699 212896 2.0
2700 212949 2.0
2701 213002 2.0
2702 213058 2.0
2703 213120 2.0
2704 213174 2.0
2705 213232 2.0
2706 213279 2.0
2707 213342 2.0
2708 213400 2.0
2709 213450 2.0
2710 213504 2.0
2711 213557 2.0
2712 213616 2.0
2713 213683 2.0
2714 213746 2.0
2715 213802 2.0
2716 213861 2.0
2717 213908 2.0
2718 213956 2.0
2719 214029 2.0
2720 214085 2.0
2721 214141 2.0
2722 214191 2.0
2723 214237 2.0
2724 214281 2.0
2725 214329 2.0
2726 214398 2.0
2727 214485 2.0
2728 214553 2.0
2729 214608 2.0
2730 214663 2.0
2731 214720 2.0
2732 214775 2.0
2733 214836 2.0
2734 214900 2.0
2735 214963 2.0
2736 215036 2.0
2737 215085 2.0
2738 215177 2.0
2739 215239 2.0
2740 215313 2.0
2741 215384 2.0
2742 215466 2.0
2743 215529 2.0
2744 215585 2.0
2745 215632 2.0
2746 215694 2.0
2747 215760 2.0
2748 215816 2.0
2749 215870 2.0
2750 215928 2.0
2751 215981 2.0
2752 216037 2.0
2753 216112 2.0
2754 216173 2.0
2755 216227 2.0
2756 216283 2.0
2757 216331 2.0
2758 216377 2.0
2759 216432 2.0
2760 216480 2.0
2761 216550 2.0
2762 216635 2.0
2763 216679 2.0
2764 216725 2.0
2765 216778 2.0
2766 216829 2.0
2767 216893 2.0
2768 216944 2.0
2769 216987 2.0
2770 217038 2.0
2771 217098 2.0
2772 217153 2.0
2773 217203 2.0
2774 217256 2.0
2775 217337 2.0
2776 217405 2.0
2777 217495 2.0
2778 217543 2.0
2779 217609 2.0
2780 217667 2.0
2781 217713 2.0
2782 217780 2.0
2783 217849 2.0
2784 217904 2.0
2785 217971 2.0
2786 218013 2.0
2787 218101 2.0
2788 218149 2.0
2789 218206 2.0
2790 218260 2.0
2791 218312 2.0
2792 218356 2.0
2793 218419 2.0
2794 218465 2.0
2795 218507 2.0
2796 218575 2.0
2797 218641 2.0
2798 218701 2.0
2799 218747 2.0
2800 218802 2.0
2801 218862 2.0
2802 218906 2.0
2803 218957 2.0
2804 219010 2.0
2805 219084 2.0
2806 219156 2.0
2807 219217 2.0
2808 219287 2.0
2809 219332 2.0
2810 219396 2.0
2811 219456 2.0
2812 219509 2.0
2813 219568 2.0
2814 219633 2.0
2815 219711 2.0
2816 219768 2.0
2817 219819 2.0
2818 219863 2.0
2819 219919 2.0
2820 219978 2.0
2821 220023 2.0
2822 220080 2.0
2823 220147 2.0
2824 220192 2.0
2825 220252 2.0
2826 220308 2.0
2827 220367 2.0
2828 220426 2.0
2829 220478 2.0
2830 220522 2.0
2831 220573 2.0
2832 220629 2.0
2833 220679 2.0
2834 220743 2.0
2835 220805 2.0
2836 220859 2.0
2837 220903 2.0
2838 220966 2.0
2839 221011 2.0
2840 221077 2.0
2841 221125 2.0
2842 221174 2.0
2843 221241 2.0
2844 221311 2.0
2845 221365 2.0
2846 221430 2.0
2847 221482 2.0
2848 221532 2.0
2849 221609 2.0
2850 221667 2.0
2851 221733 2.0
2852 221811 2.0
2853 221879 2.0
2854 221952 2.0
2855 221996 2.0
2856 222071 2.0
2857 222115 2.0
2858 222167 2.0
2859 222220 2.0
2860 222270 2.0
2861 222324 2.0
2862 222386 2.0
2863 222440 2.0
2864 222505 2.0
2865 222564 2.0
2866 222613 2.0
2867 222659 2.0
2868 222716 2.0
2869 222770 2.0
2870 222827 2.0
2871 222880 2.0
2872 222936 2.0
2873 222983 2.0
2874 223028 2.0
2875 223087 2.0
2876 223142 2.0
2877 223226 2.0
2878 223286 2.0
2879 223369 2.0
2880 223425 2.0
2881 223500 2.0
2882 223587 2.0
2883 223639 2.0
2884 223691 2.0
2885 223743 2.0
2886 223799 2.0
2887 223861 2.0
2888 223918 2.0
2889 223977 2.0
2890 224039 2.0
2891 224092 2.0
2892 224138 2.0
2893 224183 2.0
2894 224249 2.0
2895 224292 2.0
2896 224362 2.0
2897 224412 2.0
2898 224495 2.0
2899 224551 2.0
2900 224618 2.0
2901 224678 2.0
2902 224737 2.0
2903 224791 2.0
2904 224830 2.0
2905 224880 2.0
2906 224930 2.0
2907 224994 2.0
2908 225050 2.0
2909 225101 2.0
2910 225153 2.0
2911 225204 2.0
2912 225270 2.0
2913 225322 2.0
2914 225366 2.0
2915 225427 2.0
2916 225489 2.0
2917 225554 2.0
2918 225639 2.0
2919 225714 2.0
2920 225764 2.0
2921 225825 2.0
2922 225902 2.0
2923 225955 2.0
2924 226007 2.0
2925 226055 2.0
2926 226102 2.0
2927 226162 2.0
2928 226228 2.0
2929 226291 2.0
2930 226360 2.0
2931 226409 2.0
2932 226454 2.0
2933 226523 2.0
2934 226588 2.0
2935 226636 2.0
2936 226734 2.0
2937 226790 2.0
2938 226868 2.0
2939 226924 2.0
2940 226979 2.0
2941 227025 2.0
2942 227097 2.0
2943 227163 2.0
2944 227225 2.0
2945 227293 2.0
2946 227341 2.0
2947 227400 2.0
2948 227453 2.0
2949 227500 2.0
2950 227549 2.0
2951 227637 2.0
2952 227686 2.0
2953 227739 2.0
2954 227790 2.0
2955 227839 2.0
2956 227897 2.0
2957 227975 2.0
2958 228041 2.0
2959 228094 2.0
2960 228148 2.0
2961 228199 2.0
2962 228257 2.0
2963 228302 2.0
2964 228352 2.0
2965 228403 2.0
2966 228458 2.0
2967 228532 2.0
2968 228595 2.0
2969 228651 2.0
2970 228705 2.0
2971 228756 2.0
2972 228816 2.0
2973 228860 2.0
2974 228911 2.0
2975 228973 2.0
2976 229024 2.0
2977 229082 2.0
2978 229133 2.0
2979 229202 2.0
2980 229267 2.0
2981 229342 2.0
2982 229387 2.0
2983 229439 2.0
2984 229498 2.0
2985 229556 2.0
2986 229613 2.0
2987 229687 2.0
2988 229750 2.0
2989 229796 2.0
2990 229860 2.0
2991 229912 2.0
2992 229974 2.0
2993 230020 2.0
2994 230077 2.0
2995 230131 2.0
2996 230179 2.0
2997 230234 2.0
2998 230289 2.0
2999 230345 2.0
3000 230392 2.0
3001 230471 2.0
3002 230533 2.0
3003 230617 2.0
3004 230677 2.0
3005 230725 2.0
3006 230777 2.0
3007 230828 2.0
3008 230891 2.0
3009 230937 2.0
3010 230993 2.0
3011 231056 2.0
3012 231109 2.0
3013 231182 2.0
3014 231258 2.0
3015 231336 2.0
3016 231393 2.0
3017 231451 2.0
3018 231518 2.0
3019 231570 2.0
3020 231633 2.0
3021 231677 2.0
3022 231753 2.0
3023 231799 2.0
3024 231858 2.0
3025 231913 2.0
3026 231960 2.0
3027 232039 2.0
3028 232108 2.0
3029 232163 2.0
3030 232241 2.0
3031 232295 2.0
3032 232335 2.0
3033 232380 2.0
3034 232460 2.0
3035 232502 2.0
3036 232557 2.0
3037 232619 2.0
3038 232667 2.0
3039 232725 2.0
3040 232815 2.0
3041 232877 2.0
3042 232924 2.0
3043 232978 2.0
3044 233028 2.0
3045 233073 2.0
3046 233133 2.0
3047 233177 2.0
3048 233238 2.0
3049 233312 2.0
3050 233371 2.0
3051 233427 2.0
3052 233474 2.0
3053 233534 2.0
3054 233599 2.0
3055 233644 2.0
3056 233702 2.0
3057 233756 2.0
3058 233811 2.0
3059 233904 2.0
3060 233968 2.0
3061 234027 2.0
3062 234082 2.0
3063 234148 2.0
3064 234212 2.0
3065 234266 2.0
3066 234319 2.0
3067 234387 2.0
3068 234452 2.0
3069 234503 2.0
3070 234551 2.0
3071 234609 2.0
3072 234659 2.0
3073 234741 2.0
3074 234809 2.0
3075 234875 2.0
3076 234930 2.0
3077 234970 2.0
3078 235023 2.0
3079 235084 2.0
3080 235143 2.0
3081 235197 2.0
3082 235270 2.0
3083 235323 2.0
3084 235383 2.0
3085 235444 2.0
3086 235524 2.0
3087 235583 2.0
3088 235642 2.0
3089 235706 2.0
3090 235767 2.0
3091 235856 2.0
3092 235903 2.0
3093 235960 2.0
3094 236007 2.0
3095 236085 2.0
3096 236130 2.0
3097 236189 2.0
3098 236251 2.0
3099 236298 2.0
3100 236353 2.0
3101 236403 2.0
3102 236451 2.0
3103 236531 2.0
3104 236584 2.0
3105 236647 2.0
3106 236701 2.0
3107 236756 2.0
3108 236815 2.0
3109 236870 2.0
3110 236928 2.0
3111 236993 2.0
3112 237056 2.0
3113 237114 2.0
3114 237185 2.0
3115 237261 2.0
3116 237310 2.0
3117 237352 2.0
3118 237410 2.0
3119 237468 2.0
3120 237520 2.0
3121 237574 2.0
3122 237631 2.0
3123 237694 2.0
3124 237743 2.0
3125 237796 2.0
3126 237851 2.0
3127 237912 2.0
3128 237964 2.0
3129 238031 2.0
3130 238097 2.0
3131 238157 2.0
3132 238205 2.0
3133 238261 2.0
3134 238330 2.0
3135 238394 2.0
3136 238467 2.0
3137 238526 2.0
3138 238578 2.0
3139 238651 2.0
3140 238699 2.0
3141 238758 2.0
3142 238828 2.0
3143 238884 2.0
3144 238948 2.0
3145 238988 2.0
3146 239053 2.0
3147 239107 2.0
3148 239160 2.0
3149 239210 2.0
3150 239278 2.0
3151 239340 2.0
3152 239398 2.0
3153 239479 2.0
3154 239527 2.0
3155 239581 2.0
3156 239628 2.0
3157 239678 2.0
3158 239733 2.0
3159 239785 2.0
3160 239857 2.0
3161 239929 2.0
3162 239991 2.0
3163 240055 2.0
3164 240155 2.0
3165 240224 2.0
3166 240276 2.0
3167 240341 2.0
3168 240404 2.0
3169 240454 2.0
3170 240534 2.0
3171 240578 2.0
3172 240631 2.0
3173 240675 2.0
3174 240721 2.0
3175 240784 2.0
3176 240847 2.0
3177 240894 2.0
3178 240936 2.0
3179 241002 2.0
3180 241055 2.0
3181 241118 2.0
3182 241197 2.0
3183 241238 2.0
3184 241316 2.0
3185 241362 2.0
3186 241414 2.0
3187 241492 2.0
3188 241560 2.0
3189 241607 2.0
3190 241663 2.0
3191 241725 2.0
3192 241806 2.0
3193 241857 2.0
3194 241914 2.0
3195 241959 2.0
3196 242006 2.0
3197 242072 2.0
3198 242138 2.0
3199 242195 2.0
3200 242250 2.0
3201 242304 2.0
3202 242358 2.0
3203 242404 2.0
3204 242445 2.0
3205 242513 2.0
3206 242566 2.0
3207 242626 2.0
3208 242681 2.0
3209 242725 2.0
3210 242801 2.0
3211 242861 2.0
3212 242931 2.0
3213 242990 2.0
3214 243041 2.0
3215 243093 2.0
3216 243154 2.0
3217 243206 2.0
3218 243248 2.0
3219 243315 2.0
3220 243365 2.0
3221 243424 2.0
3222 243486 2.0
3223 243546 2.0
3224 243611 2.0
3225 243676 2.0
3226 243744 2.0
3227 243800 2.0
3228 243844 2.0
3229 243918 2.0
3230 243980 2.0
3231 244030 2.0
3232 244101 2.0
3233 244173 2.0
3234 244217 2.0
3235 244290 2.0
3236 244347 2.0
3237 244407 2.0
3238 244467 2.0
3239 244537 2.0
3240 244610 2.0
3241 244678 2.0
3242 244730 2.0
3243 244794 2.0
3244 244854 2.0
3245 244907 2.0
3246 244959 2.0
3247 245020 2.0
3248 245074 2.0
3249 245126 2.0
3250 245177 2.0
3251 245221 2.0
3252 245274 2.0
3253 245325 2.0
3254 245383 2.0
3255 245437 2.0
3256 245491 2.0
3257 245534 2.0
3258 245589 2.0
3259 245645 2.0
3260 245690 2.0
3261 245747 2.0
3262 245833 2.0
3263 245912 2.0
3264 245970 2.0
3265 246027 2.0
3266 246094 2.0
3267 246166 2.0
3268 246226 2.0
3269 246275 2.0
3270 246324 2.0
3271 246366 2.0
3272 246419 2.0
3273 246475 2.0
3274 246539 2.0
3275 246586 2.0
3276 246645 2.0
3277 246706 2.0
3278 246763 2.0
3279 246808 2.0
3280 246856 2.0
3281 246912 2.0
3282 246964 2.0
3283 247024 2.0
3284 247098 2.0
3285 247149 2.0
3286 247205 2.0
3287 247275 2.0
3288 247334 2.0
3289 247374 2.0
3290 247433 2.0
3291 247495 2.0
3292 247568 2.0
3293 247614 2.0
3294 247663 2.0
3295 247721 2.0
3296 247792 2.0
3297 247852 2.0
3298 247925 2.0
3299 247982 2.0
3300 248046 2.0
3301 248100 2.0
3302 248174 2.0
3303 248230 2.0
3304 248285 2.0
3305 248355 2.0
3306 248406 2.0
3307 248464 2.0
3308 248518 2.0
3309 248578 2.0
3310 248627 2.0
3311 248679 2.0
3312 248730 2.0
3313 248782 2.0
3314 248836 2.0
3315 248888 2.0
3316 248940 2.0
3317 248997 2.0
3318 249049 2.0
3319 249112 2.0
3320 249163 2.0
3321 249215 2.0
3322 249281 2.0
3323 249362 2.0
3324 249406 2.0
3325 249463 2.0
3326 249511 2.0
3327 249567 2.0
3328 249620 2.0
3329 249672 2.0
3330 249727 2.0
3331 249782 2.0
3332 249823 2.0
3333 249866 2.0
3334 249925 2.0
3335 249979 2.0
3336 250041 2.0
3337 250087 2.0
3338 250155 2.0
3339 250231 2.0
3340 250288 2.0
3341 250376 2.0
3342 250417 2.0
3343 250480 2.0
3344 250536 2.0
3345 250592 2.0
3346 250653 2.0
3347 250710 2.0
3348 250766 2.0
3349 250818 2.0
3350 250876 2.0
3351 250950 2.0
3352 250991 2.0
3353 251064 2.0
3354 251115 2.0
3355 251193 2.0
3356 251251 2.0
3357 251316 2.0
3358 251356 2.0
3359 251400 2.0
3360 251455 2.0
3361 251504 2.0
3362 251561 2.0
3363 251625 2.0
3364 251670 2.0
3365 251732 2.0
3366 251782 2.0
3367 251834 2.0
3368 251886 2.0
3369 251942 2.0
3370 252000 2.0
3371 252082 2.0
3372 252166 2.0
3373 252239 2.0
3374 252292 2.0
3375 252338 2.0
3376 252397 2.0
3377 252451 2.0
3378 252533 2.0
3379 252593 2.0
3380 252655 2.0
3381 252700 2.0
3382 252758 2.0
3383 252817 2.0
3384 252878 2.0
3385 252935 2.0
3386 252995 2.0
3387 253059 2.0
3388 253103 2.0
3389 253158 2.0
3390 253207 2.0
3391 253279 2.0
3392 253340 2.0
3393 253386 2.0
3394 253436 2.0
3395 253482 2.0
3396 253535 2.0
3397 253608 2.0
3398 253675 2.0
3399 253730 2.0
3400 253781 2.0
3401 253838 2.0
3402 253903 2.0
3403 253951 2.0
3404 254001 2.0
3405 254068 2.0
3406 254126 2.0
3407 254176 2.0
3408 254238 2.0
3409 254310 2.0
3410 254405 2.0
3411 254451 2.0
3412 254502 2.0
3413 254579 2.0
3414 254667 2.0
3415 254733 2.0
3416 254775 2.0
3417 254829 2.0
3418 254888 2.0
3419 254943 2.0
3420 255003 2.0
3421 255055 2.0
3422 255122 2.0
3423 255176 2.0
3424 255240 2.0
3425 255316 2.0
3426 255371 2.0
3427 255435 2.0
3428 255487 2.0
3429 255548 2.0
3430 255609 2.0
3431 255655 2.0
3432 255719 2.0
3433 255770 2.0
3434 255817 2.0
3435 255869 2.0
3436 255920 2.0
3437 255983 2.0
3438 256045 2.0
3439 256108 2.0
3440 256174 2.0
3441 256256 2.0
3442 256323 2.0
3443 256394 2.0
3444 256445 2.0
3445 256505 2.0
3446 256560 2.0
3447 256627 2.0
3448 256699 2.0
3449 256748 2.0
3450 256806 2.0
3451 256855 2.0
3452 256913 2.0
3453 257018 2.0
3454 257065 2.0
3455 257105 2.0
3456 257173 2.0
3457 257238 2.0
3458 257285 2.0
3459 257330 2.0
3460 257373 2.0
3461 257426 2.0
3462 257503 2.0
3463 257553 2.0
3464 257608 2.0
3465 257662 2.0
3466 257719 2.0
3467 257764 2.0
3468 257822 2.0
3469 257911 2.0
3470 257958 2.0
3471 258016 2.0
3472 258069 2.0
3473 258131 2.0
3474 258169 2.0
3475 258233 2.0
3476 258285 2.0
3477 258351 2.0
3478 258415 2.0
3479 258500 2.0
3480 258573 2.0
3481 258622 2.0
3482 258685 2.0
3483 258743 2.0
3484 258800 2.0
3485 258860 2.0
3486 258905 2.0
3487 258955 2.0
3488 259004 2.0
3489 259055 2.0
3490 259143 2.0
3491 259212 2.0
3492 259268 2.0
3493 259311 2.0
3494 259378 2.0
3495 259422 2.0
3496 259484 2.0
3497 259530 2.0
3498 259588 2.0
3499 259666 2.0
3500 259755 2.0
3501 259812 2.0
3502 259862 2.0
3503 259912 2.0
3504 259983 2.0
3505 260035 2.0
3506 260078 2.0
3507 260143 2.0
3508 260199 2.0
3509 260257 2.0
3510 260329 2.0
3511 260402 2.0
3512 260444 2.0
3513 260494 2.0
3514 260541 2.0
3515 260609 2.0
3516 260651 2.0
3517 260706 2.0
3518 260758 2.0
3519 260831 2.0
3520 260901 2.0
3521 260948 2.0
3522 261018 2.0
3523 261079 2.0
3524 261144 2.0
3525 261191 2.0
3526 261237 2.0
3527 261280 2.0
3528 261337 2.0
3529 261381 2.0
3530 261433 2.0
3531 261504 2.0
3532 261567 2.0
3533 261648 2.0
3534 261695 2.0
3535 261746 2.0
3536 261809 2.0
3537 261865 2.0
3538 261920 2.0
3539 261988 2.0
3540 262033 2.0
3541 262082 2.0
3542 262127 2.0
3543 262190 2.0
3544 262255 2.0
3545 262314 2.0
3546 262369 2.0
3547 262411 2.0
3548 262460 2.0
3549 262519 2.0
3550 262587 2.0
3551 262633 2.0
3552 262699 2.0
3553 262754 2.0
3554 262804 2.0
3555 262852 2.0
3556 262914 2.0
3557 262986 2.0
3558 263044 2.0
3559 263140 2.0
3560 263186 2.0
3561 263237 2.0
3562 263288 2.0
3563 263349 2.0
3564 263405 2.0
3565 263468 2.0
3566 263535 2.0
3567 263595 2.0
3568 263663 2.0
3569 263718 2.0
3570 263768 2.0
3571 263816 2.0
3572 263872 2.0
3573 263909 2.0
3574 263986 2.0
3575 264036 2.0
3576 264105 2.0
3577 264170 2.0
3578 264220 2.0
3579 264289 2.0
3580 264344 2.0
3581 264393 2.0
3582 264444 2.0
3583 264514 2.0
3584 264561 2.0
3585 264614 2.0
3586 264696 2.0
3587 264786 2.0
3588 264834 2.0
3589 264909 2.0
3590 264958 2.0
3591 265013 2.0
3592 265067 2.0
3593 265121 2.0
3594 265180 2.0
3595 265253 2.0
3596 265305 2.0
3597 265367 2.0
3598 265415 2.0
3599 265463 2.0
3600 265512 2.0
3601 265570 2.0
3602 265622 2.0
3603 265704 2.0
3604 265754 2.0
3605 265820 2.0
3606 265872 2.0
3607 265920 2.0
3608 265970 2.0
3609 266018 2.0
3610 266061 2.0
3611 266122 2.0
3612 266170 2.0
3613 266219 2.0
3614 266273 2.0
3615 266325 2.0
3616 266382 2.0
3617 266447 2.0
3618 266523 2.0
3619 266575 2.0
3620 266637 2.0
3621 266686 2.0
3622 266771 2.0
3623 266832 2.0
3624 266888 2.0
3625 266937 2.0
3626 266998 2.0
3627 267046 2.0
3628 267099 2.0
3629 267138 2.0
3630 267193 2.0
3631 267241 2.0
3632 267293 2.0
3633 267377 2.0
3634 267454 2.0
3635 267514 2.0
3636 267564 2.0
3637 267623 2.0
3638 267681 2.0
3639 267738 2.0
3640 267783 2.0
3641 267842 2.0
3642 267890 2.0
3643 267953 2.0
3644 268012 2.0
3645 268102 2.0
3646 268157 2.0
3647 268211 2.0
3648 268278 2.0
3649 268329 2.0
3650 268398 2.0
3651 268446 2.0
3652 268504 2.0
3653 268554 2.0
3654 268612 2.0
3655 268671 2.0
3656 268726 2.0
3657 268783 2.0
3658 268862 2.0
3659 268915 2.0
3660 268995 2.0
3661 269049 2.0
3662 269121 2.0
3663 269168 2.0
3664 269216 2.0
3665 269266 2.0
3666 269315 2.0
3667 269370 2.0
3668 269417 2.0
3669 269466 2.0
3670 269524 2.0
3671 269585 2.0
3672 269641 2.0
3673 269691 2.0
3674 269741 2.0
3675 269801 2.0
3676 269859 2.0
3677 269907 2.0
3678 269959 2.0
3679 270015 2.0
3680 270091 2.0
3681 270157 2.0
3682 270220 2.0
3683 270272 2.0
3684 270345 2.0
3685 270396 2.0
3686 270442 2.0
3687 270495 2.0
3688 270563 2.0
3689 270627 2.0
3690 270676 2.0
3691 270727 2.0
3692 270776 2.0
3693 270837 2.0
3694 270927 2.0
3695 270976 2.0
3696 271025 2.0
3697 271063 2.0
3698 271110 2.0
3699 271165 2.0
3700 271222 2.0
3701 271280 2.0
3702 271336 2.0
3703 271393 2.0
3704 271452 2.0
3705 271526 2.0
3706 271591 2.0
3707 271640 2.0
3708 271705 2.0
3709 271756 2.0
3710 271807 2.0
3711 271852 2.0
3712 271914 2.0
3713 271975 2.0
3714 272024 2.0
3715 272075 2.0
3716 272118 2.0
3717 272167 2.0
3718 272216 2.0
3719 272291 2.0
3720 272365 2.0
3721 272416 2.0
3722 272471 2.0
3723 272522 2.0
3724 272585 2.0
3725 272628 2.0
3726 272682 2.0
3727 272749 2.0
3728 272812 2.0
3729 272878 2.0
3730 272919 2.0
3731 272988 2.0
3732 273044 2.0
3733 273090 2.0
3734 273141 2.0
3735 273190 2.0
3736 273249 2.0
3737 273300 2.0
3738 273352 2.0
3739 273402 2.0
3740 273451 2.0
3741 273508 2.0
3742 273558 2.0
3743 273624 2.0
3744 273704 2.0
3745 273758 2.0
3746 273806 2.0
3747 273866 2.0
3748 273918 2.0
3749 273975 2.0
3750 274018 2.0
3751 274059 2.0
3752 274110 2.0
3753 274167 2.0
3754 274215 2.0
3755 274270 2.0
3756 274335 2.0
3757 274392 2.0
3758 274435 2.0
3759 274499 2.0
3760 274562 2.0
3761 274623 2.0
3762 274682 2.0
3763 274736 2.0
3764 274872 2.0
3765 274934 2.0
3766 274993 2.0
3767 275053 2.0
3768 275110 2.0
3769 275172 2.0
3770 275224 2.0
3771 275276 2.0
3772 275335 2.0
3773 275387 2.0
3774 275450 2.0
3775 275501 2.0
3776 275550 2.0
3777 275609 2.0
3778 275661 2.0
3779 275713 2.0
3780 275774 2.0
3781 275850 2.0
3782 275913 2.0
3783 275997 2.0
3784 276041 2.0
3785 276089 2.0
3786 276150 2.0
3787 276212 2.0
3788 276265 2.0
3789 276307 2.0
3790 276393 2.0
3791 276445 2.0
3792 276500 2.0
3793 276556 2.0
3794 276627 2.0
3795 276682 2.0
3796 276774 2.0
3797 276831 2.0
3798 276891 2.0
3799 276943 2.0
3800 276983 2.0
3801 277089 2.0
3802 277140 2.0
3803 277192 2.0
3804 277259 2.0
3805 277299 2.0
3806 277363 2.0
3807 277414 2.0
3808 277468 2.0
3809 277527 2.0
3810 277577 2.0
3811 277628 2.0
3812 277674 2.0
3813 277718 2.0
3814 277775 2.0
3815 277868 2.0
3816 277949 2.0
3817 277995 2.0
3818 278043 2.0
3819 278092 2.0
3820 278143 2.0
3821 278201 2.0
3822 278267 2.0
3823 278324 2.0
3824 278379 2.0
3825 278426 2.0
3826 278486 2.0
3827 278555 2.0
3828 278612 2.0
3829 278669 2.0
3830 278726 2.0
3831 278787 2.0
3832 278837 2.0
3833 278881 2.0
3834 278924 2.0
3835 278976 2.0
3836 279035 2.0
3837 279087 2.0
3838 279147 2.0
3839 279189 2.0
3840 279239 2.0
3841 279292 2.0
3842 279360 2.0
3843 279439 2.0
3844 279487 2.0
3845 279560 2.0
3846 279612 2.0
3847 279682 2.0
3848 279745 2.0
3849 279801 2.0
3850 279863 2.0
3851 279917 2.0
3852 279992 2.0
3853 280055 2.0
3854 280127 2.0
3855 280176 2.0
3856 280232 2.0
3857 280279 2.0
3858 280333 2.0
3859 280404 2.0
3860 280468 2.0
3861 280517 2.0
3862 280561 2.0
3863 280610 2.0
3864 280656 2.0
3865 280725 2.0
3866 280782 2.0
3867 280828 2.0
3868 280877 2.0
3869 280929 2.0
3870 280983 2.0
3871 281028 2.0
3872 281104 2.0
3873 281155 2.0
3874 281201 2.0
3875 281248 2.0
3876 281295 2.0
3877 281339 2.0
3878 281399 2.0
3879 281470 2.0
3880 281536 2.0
3881 281593 2.0
3882 281644 2.0
3883 281694 2.0
3884 281753 2.0
3885 281808 2.0
3886 281867 2.0
3887 281928 2.0
3888 281971 2.0
3889 282027 2.0
3890 282078 2.0
3891 282133 2.0
3892 282239 2.0
3893 282282 2.0
3894 282331 2.0
3895 282386 2.0
3896 282434 2.0
3897 282495 2.0
3898 282547 2.0
3899 282610 2.0
3900 282665 2.0
3901 282748 2.0
3902 282799 2.0
3903 282867 2.0
3904 282913 2.0
3905 282957 2.0
3906 283032 2.0
3907 283075 2.0
3908 283134 2.0
3909 283199 2.0
3910 283259 2.0
3911 283324 2.0
3912 283390 2.0
3913 283451 2.0
3914 283489 2.0
3915 283615 2.0
3916 283664 2.0
3917 283714 2.0
3918 283774 2.0
3919 283820 2.0
3920 283896 2.0
3921 283961 2.0
3922 284009 2.0
3923 284059 2.0
3924 284111 2.0
3925 284167 2.0
3926 284220 2.0
3927 284276 2.0
3928 284344 2.0
3929 284421 2.0
3930 284505 2.0
3931 284564 2.0
3932 284623 2.0
3933 284665 2.0
3934 284729 2.0
3935 284778 2.0
3936 284836 2.0
3937 284896 2.0
3938 284944 2.0
3939 284991 2.0
3940 285063 2.0
3941 285123 2.0
3942 285178 2.0
3943 285253 2.0
3944 285342 2.0
3945 285391 2.0
3946 285447 2.0
3947 285490 2.0
3948 285562 2.0
3949 285613 2.0
3950 285664 2.0
3951 285725 2.0
3952 285781 2.0
3953 285827 2.0
3954 285897 2.0
3955 285958 2.0
3956 286008 2.0
3957 286063 2.0
3958 286118 2.0
3959 286171 2.0
3960 286245 2.0
3961 286315 2.0
3962 286370 2.0
3963 286415 2.0
3964 286471 2.0
3965 286519 2.0
3966 286564 2.0
3967 286611 2.0
3968 286666 2.0
3969 286727 2.0
3970 286787 2.0
3971 286841 2.0
3972 286898 2.0
3973 286954 2.0
3974 287048 2.0
3975 287113 2.0
3976 287179 2.0
3977 287231 2.0
3978 287274 2.0
3979 287330 2.0
3980 287380 2.0
3981 287433 2.0
3982 287477 2.0
3983 287523 2.0
3984 287573 2.0
3985 287612 2.0
3986 287668 2.0
3987 287728 2.0
3988 287784 2.0
3989 287836 2.0
3990 287898 2.0
3991 287951 2.0
3992 287998 2.0
3993 288044 2.0
3994 288092 2.0
3995 288146 2.0
3996 288197 2.0
3997 288242 2.0
3998 288297 2.0
3999 288353 2.0
4000 288421 2.0
4001 288481 2.0
4002 288529 2.0
4003 288576 2.0
4004 288629 2.0
4005 288672 2.0
4006 288742 2.0
4007 288795 2.0
4008 288959 2.0
4009 289000 2.0
4010 289049 2.0
4011 289098 2.0
4012 289146 2.0
4013 289185 2.0
4014 289241 2.0
4015 289307 2.0
4016 289360 2.0
4017 289455 2.0
4018 289515 2.0
4019 289562 2.0
4020 289609 2.0
4021 289665 2.0
4022 289711 2.0
4023 289762 2.0
4024 289824 2.0
4025 289900 2.0
4026 289956 2.0
4027 290015 2.0
4028 290095 2.0
4029 290153 2.0
4030 290208 2.0
4031 290290 2.0
4032 290344 2.0
4033 290391 2.0
4034 290438 2.0
4035 290494 2.0
4036 290548 2.0
4037 290595 2.0
4038 290636 2.0
4039 290687 2.0
4040 290732 2.0
4041 290781 2.0
4042 290853 2.0
4043 290905 2.0
4044 290963 2.0
4045 291021 2.0
4046 291064 2.0
4047 291140 2.0
4048 291188 2.0
4049 291247 2.0
4050 291315 2.0
4051 291368 2.0
4052 291421 2.0
4053 291464 2.0
4054 291511 2.0
4055 291580 2.0
4056 291627 2.0
4057 291704 2.0
4058 291760 2.0
4059 291820 2.0
4060 291885 2.0
4061 291944 2.0
4062 291998 2.0
4063 292056 2.0
4064 292109 2.0
4065 292186 2.0
4066 292235 2.0
4067 292301 2.0
4068 292357 2.0
4069 292421 2.0
4070 292488 2.0
4071 292540 2.0
4072 292606 2.0
4073 292657 2.0
4074 292723 2.0
4075 292786 2.0
4076 292832 2.0
4077 292900 2.0
4078 292952 2.0
4079 293013 2.0
4080 293078 2.0
4081 293129 2.0
4082 293181 2.0
4083 293230 2.0
4084 293290 2.0
4085 293342 2.0
4086 293405 2.0
4087 293455 2.0
4088 293542 2.0
4089 293605 2.0
4090 293660 2.0
4091 293704 2.0
4092 293780 2.0
4093 293832 2.0
4094 293876 2.0
4095 293915 2.0
4096 293970 2.0
4097 294038 2.0
4098 294096 2.0
4099 294149 2.0
4100 294202 2.0
4101 294251 2.0
4102 294302 2.0
4103 294376 2.0
4104 294441 2.0
4105 294492 2.0
4106 294549 2.0
4107 294607 2.0
4108 294665 2.0
4109 294729 2.0
4110 294790 2.0
4111 294849 2.0
4112 294895 2.0
4113 294956 2.0
4114 295018 2.0
4115 295078 2.0
4116 295130 2.0
4117 295173 2.0
4118 295221 2.0
4119 295270 2.0
4120 295318 2.0
4121 295365 2.0
4122 295411 2.0
4123 295484 2.0
4124 295544 2.0
4125 295594 2.0
4126 295652 2.0
4127 295705 2.0
4128 295769 2.0
4129 295824 2.0
4130 295883 2.0
4131 295963 2.0
4132 296022 2.0
4133 296085 2.0
4134 296132 2.0
4135 296206 2.0
4136 296251 2.0
4137 296318 2.0
4138 296381 2.0
4139 296424 2.0
4140 296476 2.0
4141 296531 2.0
4142 296580 2.0
4143 296639 2.0
4144 296703 2.0
4145 296758 2.0
4146 296806 2.0
4147 296863 2.0
4148 296923 2.0
4149 296984 2.0
4150 297030 2.0
4151 297085 2.0
4152 297145 2.0
4153 297201 2.0
4154 297255 2.0
4155 297313 2.0
4156 297376 2.0
4157 297435 2.0
4158 297489 2.0
4159 297548 2.0
4160 297595 2.0
4161 297656 2.0
4162 297726 2.0
4163 297783 2.0
4164 297831 2.0
4165 297887 2.0
4166 297948 2.0
4167 298001 2.0
4168 298055 2.0
4169 298107 2.0
4170 298157 2.0
4171 298205 2.0
4172 298263 2.0
4173 298311 2.0
4174 298366 2.0
4175 298420 2.0
4176 298465 2.0
4177 298551 2.0
4178 298596 2.0
4179 298660 2.0
4180 298724 2.0
4181 298779 2.0
4182 298836 2.0
4183 298890 2.0
4184 298944 2.0
4185 299006 2.0
4186 299053 2.0
4187 299100 2.0
4188 299170 2.0
4189 299224 2.0
4190 299279 2.0
4191 299344 2.0
4192 299387 2.0
4193 299450 2.0
4194 299538 2.0
4195 299593 2.0
4196 299649 2.0
4197 299695 2.0
4198 299751 2.0
4199 299809 2.0
4200 299865 2.0
4201 299923 2.0
4202 299961 2.0
4203 300029 2.0
4204 300090 2.0
4205 300143 2.0
4206 300199 2.0
4207 300255 2.0
4208 300306 2.0
4209 300365 2.0
4210 300427 2.0
4211 300470 2.0
4212 300526 2.0
4213 300585 2.0
4214 300669 2.0
4215 300715 2.0
4216 300769 2.0
4217 300830 2.0
4218 300878 2.0
4219 300927 2.0
4220 300974 2.0
4221 301023 2.0
4222 301077 2.0
4223 301127 2.0
4224 301170 2.0
4225 301225 2.0
4226 301271 2.0
4227 301320 2.0
4228 301376 2.0
4229 301425 2.0
4230 301477 2.0
4231 301528 2.0
4232 301596 2.0
4233 301650 2.0
4234 301703 2.0
4235 301747 2.0
4236 301787 2.0
4237 301835 2.0
4238 301898 2.0
4239 301948 2.0
4240 301998 2.0
4241 302044 2.0
4242 302096 2.0
4243 302148 2.0
4244 302204 2.0
4245 302268 2.0
4246 302320 2.0
4247 302367 2.0
4248 302423 2.0
4249 302499 2.0
4250 302562 2.0
4251 302615 2.0
4252 302670 2.0
4253 302720 2.0
4254 302785 2.0
4255 302863 2.0
4256 302910 2.0
4257 303021 2.0
4258 303093 2.0
4259 303155 2.0
4260 303210 2.0
4261 303257 2.0
4262 303312 2.0
4263 303365 2.0
4264 303418 2.0
4265 303465 2.0
4266 303524 2.0
4267 303580 2.0
4268 303640 2.0
4269 303697 2.0
4270 303745 2.0
4271 303801 2.0
4272 303860 2.0
4273 303918 2.0
4274 303980 2.0
4275 304037 2.0
4276 304079 2.0
4277 304136 2.0
4278 304187 2.0
4279 304271 2.0
4280 304330 2.0
4281 304375 2.0
4282 304419 2.0
4283 304465 2.0
4284 304509 2.0
4285 304568 2.0
4286 304616 2.0
4287 304668 2.0
4288 304726 2.0
4289 304831 2.0
4290 304894 2.0
4291 304952 2.0
4292 304994 2.0
4293 305051 2.0
4294 305098 2.0
4295 305138 2.0
4296 305205 2.0
4297 305261 2.0
4298 305329 2.0
4299 305376 2.0
4300 305424 2.0
4301 305481 2.0
4302 305530 2.0
4303 305656 2.0
4304 305705 2.0
4305 305772 2.0
4306 305835 2.0
4307 305895 2.0
4308 305959 2.0
4309 306031 2.0
4310 306089 2.0
4311 306147 2.0
4312 306207 2.0
4313 306266 2.0
4314 306324 2.0
4315 306371 2.0
4316 306425 2.0
4317 306473 2.0
4318 306525 2.0
4319 306577 2.0
4320 306643 2.0
4321 306695 2.0
4322 306747 2.0
4323 306798 2.0
4324 306852 2.0
4325 306914 2.0
4326 306979 2.0
4327 307044 2.0
4328 307092 2.0
4329 307150 2.0
4330 307208 2.0
4331 307268 2.0
4332 307329 2.0
4333 307384 2.0
4334 307437 2.0
4335 307509 2.0
4336 307567 2.0
4337 307631 2.0
4338 307687 2.0
4339 307753 2.0
4340 307805 2.0
4341 307856 2.0
4342 307921 2.0
4343 307998 2.0
4344 308079 2.0
4345 308144 2.0
4346 308221 2.0
4347 308266 2.0
4348 308327 2.0
4349 308394 2.0
4350 308455 2.0
4351 308501 2.0
4352 308556 2.0
4353 308608 2.0
4354 308653 2.0
4355 308709 2.0
4356 308759 2.0
4357 308824 2.0
4358 308870 2.0
4359 308918 2.0
4360 308963 2.0
4361 309017 2.0
4362 309058 2.0
4363 309114 2.0
4364 309170 2.0
4365 309216 2.0
4366 309263 2.0
4367 309337 2.0
4368 309387 2.0
4369 309483 2.0
4370 309551 2.0
4371 309631 2.0
4372 309687 2.0
4373 309740 2.0
4374 309801 2.0
4375 309846 2.0
4376 309902 2.0
4377 309949 2.0
4378 309997 2.0
4379 310050 2.0
4380 310099 2.0
4381 310140 2.0
4382 310193 2.0
4383 310251 2.0
4384 310304 2.0
4385 310355 2.0
4386 310427 2.0
4387 310487 2.0
4388 310559 2.0
4389 310616 2.0
4390 310668 2.0
4391 310733 2.0
4392 310803 2.0
4393 310851 2.0
4394 310888 2.0
4395 310941 2.0
4396 310999 2.0
4397 311088 2.0
4398 311138 2.0
4399 311185 2.0
4400 311232 2.0
4401 311291 2.0
4402 311342 2.0
4403 311393 2.0
4404 311479 2.0
4405 311533 2.0
4406 311578 2.0
4407 311632 2.0
4408 311688 2.0
4409 311745 2.0
4410 311793 2.0
4411 311871 2.0
4412 311920 2.0
4413 311975 2.0
4414 312037 2.0
4415 312111 2.0
4416 312176 2.0
4417 312237 2.0
4418 312303 2.0
4419 312348 2.0
4420 312404 2.0
4421 312469 2.0
4422 312523 2.0
4423 312573 2.0
4424 312630 2.0
4425 312673 2.0
4426 312736 2.0
4427 312859 2.0
4428 312932 2.0
4429 312993 2.0
4430 313046 2.0
4431 313106 2.0
4432 313171 2.0
4433 313222 2.0
4434 313278 2.0
4435 313341 2.0
4436 313402 2.0
4437 313454 2.0
4438 313506 2.0
4439 313562 2.0
4440 313622 2.0
4441 313674 2.0
4442 313728 2.0
4443 313788 2.0
4444 313842 2.0
4445 313893 2.0
4446 313938 2.0
4447 313992 2.0
4448 314070 2.0
4449 314126 2.0
4450 314182 2.0
4451 314224 2.0
4452 314295 2.0
4453 314348 2.0
4454 314403 2.0
4455 314448 2.0
4456 314507 2.0
4457 314557 2.0
4458 314618 2.0
4459 314674 2.0
4460 314728 2.0
4461 314787 2.0
4462 314834 2.0
4463 314893 2.0
4464 314947 2.0
4465 315008 2.0
4466 315053 2.0
4467 315107 2.0
4468 315181 2.0
4469 315239 2.0
4470 315287 2.0
4471 315343 2.0
4472 315402 2.0
4473 315453 2.0
4474 315508 2.0
4475 315579 2.0
4476 315636 2.0
4477 315695 2.0
4478 315744 2.0
4479 315834 2.0
4480 315893 2.0
4481 315936 2.0
4482 315990 2.0
4483 316041 2.0
4484 316092 2.0
4485 316143 2.0
4486 316195 2.0
4487 316239 2.0
4488 316296 2.0
4489 316345 2.0
4490 316398 2.0
4491 316468 2.0
4492 316533 2.0
4493 316588 2.0
4494 316640 2.0
4495 316693 2.0
4496 316753 2.0
4497 316808 2.0
4498 316871 2.0
4499 316921 2.0
4500 316982 2.0
4501 317029 2.0
4502 317093 2.0
4503 317151 2.0
4504 317203 2.0
4505 317244 2.0
4506 317296 2.0
4507 317340 2.0
4508 317384 2.0
4509 317444 2.0
4510 317499 2.0
4511 317544 2.0
4512 317602 2.0
4513 317653 2.0
4514 317704 2.0
4515 317766 2.0
4516 317819 2.0
4517 317871 2.0
4518 317930 2.0
4519 317976 2.0
4520 318028 2.0
4521 318089 2.0
4522 318146 2.0
4523 318193 2.0
4524 318249 2.0
4525 318291 2.0
4526 318340 2.0
4527 318411 2.0
4528 318474 2.0
4529 318570 2.0
4530 318611 2.0
4531 318658 2.0
4532 318717 2.0
4533 318768 2.0
4534 318815 2.0
4535 318872 2.0
4536 318928 2.0
4537 318983 2.0
4538 319045 2.0
4539 319090 2.0
4540 319162 2.0
4541 319209 2.0
4542 319255 2.0
4543 319317 2.0
4544 319401 2.0
4545 319462 2.0
4546 319511 2.0
4547 319573 2.0
4548 319635 2.0
4549 319710 2.0
4550 319787 2.0
4551 319835 2.0
4552 319893 2.0
4553 319965 2.0
4554 320014 2.0
4555 320063 2.0
4556 320116 2.0
4557 320170 2.0
4558 320250 2.0
4559 320297 2.0
4560 320345 2.0
4561 320409 2.0
4562 320466 2.0
4563 320522 2.0
4564 320576 2.0
4565 320625 2.0
4566 320683 2.0
4567 320737 2.0
4568 320788 2.0
4569 320841 2.0
4570 320901 2.0
4571 320948 2.0
4572 321004 2.0
4573 321058 2.0
4574 321103 2.0
4575 321154 2.0
4576 321203 2.0
4577 321257 2.0
4578 321328 2.0
4579 321386 2.0
4580 321452 2.0
4581 321512 2.0
4582 321564 2.0
4583 321637 2.0
4584 321687 2.0
4585 321768 2.0
4586 321825 2.0
4587 321901 2.0
4588 321945 2.0
4589 321996 2.0
4590 322054 2.0
4591 322104 2.0
4592 322149 2.0
4593 322196 2.0
4594 322261 2.0
4595 322312 2.0
4596 322360 2.0
4597 322426 2.0
4598 322508 2.0
4599 322551 2.0
4600 322604 2.0
4601 322688 2.0
4602 322737 2.0
4603 322794 2.0
4604 322858 2.0
4605 322920 2.0
4606 322984 2.0
4607 323059 2.0
4608 323106 2.0
4609 323180 2.0
4610 323231 2.0
4611 323278 2.0
4612 323340 2.0
4613 323401 2.0
4614 323454 2.0
4615 323518 2.0
4616 323584 2.0
4617 323628 2.0
4618 323686 2.0
4619 323732 2.0
4620 323776 2.0
4621 323821 2.0
4622 323869 2.0
4623 323920 2.0
4624 323970 2.0
4625 324025 2.0
4626 324080 2.0
4627 324128 2.0
4628 324182 2.0
4629 324243 2.0
4630 324288 2.0
4631 324338 2.0
4632 324392 2.0
4633 324462 2.0
4634 324509 2.0
4635 324571 2.0
4636 324622 2.0
4637 324661 2.0
4638 324739 2.0
4639 324783 2.0
4640 324837 2.0
4641 324890 2.0
4642 324940 2.0
4643 325003 2.0
4644 325053 2.0
4645 325096 2.0
4646 325151 2.0
4647 325208 2.0
4648 325267 2.0
4649 325328 2.0
4650 325392 2.0
4651 325465 2.0
4652 325511 2.0
4653 325565 2.0
4654 325636 2.0
4655 325689 2.0
4656 325735 2.0
4657 325804 2.0
4658 325847 2.0
4659 325930 2.0
4660 325994 2.0
4661 326056 2.0
4662 326112 2.0
4663 326156 2.0
4664 326217 2.0
4665 326268 2.0
4666 326319 2.0
4667 326379 2.0
4668 326453 2.0
4669 326515 2.0
4670 326570 2.0
4671 326629 2.0
4672 326690 2.0
4673 326743 2.0
4674 326800 2.0
4675 326867 2.0
4676 326922 2.0
4677 326980 2.0
4678 327036 2.0
4679 327096 2.0
4680 327160 2.0
4681 327206 2.0
4682 327256 2.0
4683 327322 2.0
4684 327376 2.0
4685 327431 2.0
4686 327490 2.0
4687 327542 2.0
4688 327596 2.0
4689 327652 2.0
4690 327711 2.0
4691 327765 2.0
4692 327830 2.0
4693 327877 2.0
4694 327930 2.0
4695 327985 2.0
4696 328035 2.0
4697 328090 2.0
4698 328143 2.0
4699 328214 2.0
4700 328268 2.0
4701 328328 2.0
4702 328387 2.0
4703 328441 2.0
4704 328490 2.0
4705 328535 2.0
4706 328582 2.0
4707 328625 2.0
4708 328675 2.0
4709 328733 2.0
4710 328787 2.0
4711 328837 2.0
4712 328888 2.0
4713 328937 2.0
4714 328987 2.0
4715 329052 2.0
4716 329099 2.0
4717 329167 2.0
4718 329208 2.0
4719 329257 2.0
4720 329301 2.0
4721 329369 2.0
4722 329412 2.0
4723 329474 2.0
4724 329541 2.0
4725 329617 2.0
4726 329661 2.0
4727 329722 2.0
4728 329776 2.0
4729 329837 2.0
4730 329893 2.0
4731 329938 2.0
4732 329988 2.0
4733 330059 2.0
4734 330128 2.0
4735 330192 2.0
4736 330242 2.0
4737 330306 2.0
4738 330382 2.0
4739 330440 2.0
4740 330498 2.0
4741 330549 2.0
4742 330605 2.0
4743 330686 2.0
4744 330733 2.0
4745 330785 2.0
4746 330830 2.0
4747 330897 2.0
4748 330958 2.0
4749 331017 2.0
4750 331062 2.0
4751 331109 2.0
4752 331161 2.0
4753 331225 2.0
4754 331277 2.0
4755 331354 2.0
4756 331416 2.0
4757 331488 2.0
4758 331545 2.0
4759 331597 2.0
4760 331662 2.0
4761 331736 2.0
4762 331795 2.0
4763 331838 2.0
4764 331890 2.0
4765 331948 2.0
4766 332000 2.0
4767 332082 2.0
4768 332149 2.0
4769 332210 2.0
4770 332256 2.0
4771 332315 2.0
4772 332393 2.0
4773 332445 2.0
4774 332501 2.0
4775 332558 2.0
4776 332610 2.0
4777 332662 2.0
4778 332714 2.0
4779 332770 2.0
4780 332826 2.0
4781 332875 2.0
4782 332927 2.0
4783 332993 2.0
4784 333066 2.0
4785 333125 2.0
4786 333182 2.0
4787 333235 2.0
4788 333288 2.0
4789 333339 2.0
4790 333404 2.0
4791 333483 2.0
4792 333535 2.0
4793 333577 2.0
4794 333627 2.0
4795 333693 2.0
4796 333773 2.0
4797 333840 2.0
4798 333884 2.0
4799 333970 2.0
4800 334033 2.0
4801 334093 2.0
4802 334151 2.0
4803 334223 2.0
4804 334268 2.0
4805 334326 2.0
4806 334389 2.0
4807 334435 2.0
4808 334489 2.0
4809 334539 2.0
4810 334600 2.0
4811 334651 2.0
4812 334705 2.0
4813 334771 2.0
4814 334817 2.0
4815 334880 2.0
4816 334942 2.0
4817 335009 2.0
4818 335061 2.0
4819 335104 2.0
4820 335160 2.0
4821 335225 2.0
4822 335301 2.0
4823 335344 2.0
4824 335393 2.0
4825 335443 2.0
4826 335496 2.0
4827 335549 2.0
4828 335604 2.0
4829 335661 2.0
4830 335727 2.0
4831 335802 2.0
4832 335869 2.0
4833 335927 2.0
4834 335970 2.0
4835 336027 2.0
4836 336075 2.0
4837 336124 2.0
4838 336175 2.0
4839 336234 2.0
4840 336310 2.0
4841 336376 2.0
4842 336430 2.0
4843 336470 2.0
4844 336527 2.0
4845 336592 2.0
4846 336649 2.0
4847 336695 2.0
4848 336755 2.0
4849 336811 2.0
4850 336884 2.0
4851 336936 2.0
4852 336986 2.0
4853 337032 2.0
4854 337089 2.0
4855 337140 2.0
4856 337194 2.0
4857 337245 2.0
4858 337297 2.0
4859 337343 2.0
4860 337394 2.0
4861 337442 2.0
4862 337504 2.0
4863 337561 2.0
4864 337626 2.0
4865 337696 2.0
4866 337751 2.0
4867 337840 2.0
4868 337895 2.0
4869 337940 2.0
4870 337993 2.0
4871 338046 2.0
4872 338101 2.0
4873 338151 2.0
4874 338218 2.0
4875 338263 2.0
4876 338324 2.0
4877 338368 2.0
4878 338409 2.0
4879 338452 2.0
4880 338504 2.0
4881 338549 2.0
4882 338589 2.0
4883 338639 2.0
4884 338692 2.0
4885 338753 2.0
4886 338805 2.0
4887 338857 2.0
4888 338910 2.0
4889 338963 2.0
4890 339007 2.0
4891 339059 2.0
4892 339114 2.0
4893 339188 2.0
4894 339252 2.0
4895 339300 2.0
4896 339357 2.0
4897 339407 2.0
4898 339447 2.0
4899 339497 2.0
4900 339544 2.0
4901 339592 2.0
4902 339655 2.0
4903 339736 2.0
4904 339785 2.0
4905 339831 2.0
4906 339890 2.0
4907 339947 2.0
4908 340000 2.0
4909 340051 2.0
4910 340136 2.0
4911 340187 2.0
4912 340252 2.0
4913 340300 2.0
4914 340355 2.0
4915 340433 2.0
4916 340485 2.0
4917 340531 2.0
4918 340595 2.0
4919 340664 2.0
4920 340732 2.0
4921 340795 2.0
4922 340847 2.0
4923 340904 2.0
4924 340957 2.0
4925 341016 2.0
4926 341083 2.0
4927 341152 2.0
4928 341201 2.0
4929 341251 2.0
4930 341316 2.0
4931 341381 2.0
4932 341454 2.0
4933 341511 2.0
4934 341565 2.0
4935 341638 2.0
4936 341699 2.0
4937 341765 2.0
4938 341811 2.0
4939 341866 2.0
4940 341925 2.0
4941 341969 2.0
4942 342020 2.0
4943 342083 2.0
4944 342121 2.0
4945 342169 2.0
4946 342225 2.0
4947 342284 2.0
4948 342358 2.0
4949 342416 2.0
4950 342467 2.0
4951 342505 2.0
4952 342585 2.0
4953 342635 2.0
4954 342712 2.0
4955 342762 2.0
4956 342813 2.0
4957 342885 2.0
4958 342947 2.0
4959 343020 2.0
4960 343078 2.0
4961 343125 2.0
4962 343180 2.0
4963 343223 2.0
4964 343312 2.0
4965 343379 2.0
4966 343428 2.0
4967 343478 2.0
4968 343544 2.0
4969 343587 2.0
4970 343660 2.0
4971 343709 2.0
4972 343764 2.0
4973 343817 2.0
4974 343871 2.0
4975 343941 2.0
4976 343997 2.0
4977 344049 2.0
4978 344123 2.0
4979 344168 2.0
4980 344219 2.0
4981 344268 2.0
4982 344324 2.0
4983 344367 2.0
4984 344413 2.0
4985 344514 2.0
4986 344644 2.0
4987 344739 2.0
4988 344801 2.0
4989 344844 2.0
4990 344896 2.0
4991 344948 2.0
4992 344995 2.0
4993 345053 2.0
4994 345113 2.0
4995 345175 2.0
4996 345225 2.0
4997 345293 2.0
4998 345338 2.0
4999 345392 2.0
5000 345469 2.0
5001 345522 2.0
5002 345568 2.0
5003 345627 2.0
5004 345673 2.0
5005 345746 2.0
5006 345794 2.0
5007 345847 2.0
5008 345906 2.0
5009 345960 2.0
5010 346007 2.0
5011 346070 2.0
5012 346151 2.0
5013 346232 2.0
5014 346279 2.0
5015 346325 2.0
5016 346371 2.0
5017 346443 2.0
5018 346507 2.0
5019 346551 2.0
5020 346600 2.0
5021 346661 2.0
5022 346706 2.0
5023 346756 2.0
5024 346802 2.0
5025 346864 2.0
5026 346921 2.0
5027 346967 2.0
5028 347015 2.0
5029 347085 2.0
5030 347143 2.0
5031 347188 2.0
5032 347238 2.0
5033 347284 2.0
5034 347378 2.0
5035 347434 2.0
5036 347490 2.0
5037 347545 2.0
5038 347621 2.0
5039 347675 2.0
5040 347731 2.0
5041 347814 2.0
5042 347865 2.0
5043 347919 2.0
5044 347965 2.0
5045 348034 2.0
5046 348094 2.0
5047 348147 2.0
5048 348198 2.0
5049 348271 2.0
5050 348321 2.0
5051 348377 2.0
5052 348433 2.0
5053 348479 2.0
5054 348524 2.0
5055 348596 2.0
5056 348655 2.0
5057 348700 2.0
5058 348752 2.0
5059 348805 2.0
5060 348857 2.0
5061 348919 2.0
5062 348978 2.0
5063 349025 2.0
5064 349074 2.0
5065 349141 2.0
5066 349184 2.0
5067 349234 2.0
5068 349287 2.0
5069 349348 2.0
5070 349400 2.0
5071 349459 2.0
5072 349531 2.0
5073 349592 2.0
5074 349639 2.0
5075 349694 2.0
5076 349756 2.0
5077 349808 2.0
5078 349872 2.0
5079 349921 2.0
5080 349972 2.0
5081 350024 2.0
5082 350077 2.0
5083 350134 2.0
5084 350190 2.0
5085 350243 2.0
5086 350297 2.0
5087 350339 2.0
5088 350394 2.0
5089 350440 2.0
5090 350483 2.0
5091 350533 2.0
5092 350580 2.0
5093 350648 2.0
5094 350717 2.0
5095 350768 2.0
5096 350818 2.0
5097 350887 2.0
5098 350944 2.0
5099 350996 2.0
5100 351055 2.0
5101 351110 2.0
5102 351176 2.0
5103 351239 2.0
5104 351298 2.0
5105 351353 2.0
5106 351408 2.0
5107 351465 2.0
5108 351512 2.0
5109 351563 2.0
5110 351608 2.0
5111 351651 2.0
5112 351717 2.0
5113 351772 2.0
5114 351820 2.0
5115 351872 2.0
5116 351930 2.0
5117 351980 2.0
5118 352031 2.0
5119 352082 2.0
5120 352127 2.0
5121 352191 2.0
5122 352251 2.0
5123 352320 2.0
5124 352402 2.0
5125 352445 2.0
5126 352506 2.0
5127 352570 2.0
5128 352624 2.0
5129 352680 2.0
5130 352738 2.0
5131 352814 2.0
5132 352870 2.0
5133 352923 2.0
5134 352974 2.0
5135 353025 2.0
5136 353075 2.0
5137 353124 2.0
5138 353196 2.0
5139 353267 2.0
5140 353333 2.0
5141 353384 2.0
5142 353459 2.0
5143 353516 2.0
5144 353560 2.0
5145 353608 2.0
5146 353665 2.0
5147 353716 2.0
5148 353765 2.0
5149 353810 2.0
5150 353862 2.0
5151 353912 2.0
5152 353965 2.0
5153 354016 2.0
5154 354066 2.0
5155 354116 2.0
5156 354173 2.0
5157 354243 2.0
5158 354296 2.0
5159 354360 2.0
5160 354409 2.0
5161 354470 2.0
5162 354533 2.0
5163 354579 2.0
5164 354636 2.0
5165 354689 2.0
5166 354746 2.0
5167 354814 2.0
5168 354865 2.0
5169 354920 2.0
5170 354962 2.0
5171 355037 2.0
5172 355095 2.0
5173 355143 2.0
5174 355204 2.0
5175 355256 2.0
5176 355326 2.0
5177 355382 2.0
5178 355425 2.0
5179 355470 2.0
5180 355535 2.0
5181 355582 2.0
5182 355656 2.0
5183 355704 2.0
5184 355765 2.0
5185 355819 2.0
5186 355875 2.0
5187 355938 2.0
5188 355997 2.0
5189 356042 2.0
5190 356087 2.0
5191 356156 2.0
5192 356220 2.0
5193 356264 2.0
5194 356310 2.0
5195 356350 2.0
5196 356408 2.0
5197 356479 2.0
5198 356552 2.0
5199 356601 2.0
5200 356652 2.0
5201 356706 2.0
5202 356754 2.0
5203 356801 2.0
5204 356854 2.0
5205 356903 2.0
5206 356965 2.0
5207 357026 2.0
5208 357084 2.0
5209 357130 2.0
5210 357173 2.0
5211 357220 2.0
5212 357268 2.0
5213 357327 2.0
5214 357380 2.0
5215 357438 2.0
5216 357491 2.0
5217 357537 2.0
5218 357585 2.0
5219 357629 2.0
5220 357691 2.0
5221 357768 2.0
5222 357841 2.0
5223 357882 2.0
5224 357931 2.0
5225 357987 2.0
5226 358050 2.0
5227 358100 2.0
5228 358199 2.0
5229 358247 2.0
5230 358301 2.0
5231 358367 2.0
5232 358427 2.0
5233 358501 2.0
5234 358554 2.0
5235 358612 2.0
5236 358668 2.0
5237 358757 2.0
5238 358810 2.0
5239 358855 2.0
5240 358923 2.0
5241 358978 2.0
5242 359036 2.0
5243 359089 2.0
5244 359250 2.0
5245 359290 2.0
5246 359341 2.0
5247 359394 2.0
5248 359470 2.0
5249 359530 2.0
5250 359578 2.0
5251 359630 2.0
5252 359692 2.0
5253 359739 2.0
5254 359787 2.0
5255 359850 2.0
5256 359908 2.0
5257 359955 2.0
5258 360005 2.0
5259 360059 2.0
5260 360111 2.0
5261 360171 2.0
5262 360218 2.0
5263 360264 2.0
5264 360330 2.0
5265 360383 2.0
5266 360431 2.0
5267 360484 2.0
5268 360530 2.0
5269 360584 2.0
5270 360657 2.0
5271 360714 2.0
5272 360774 2.0
5273 360824 2.0
5274 360879 2.0
5275 360931 2.0
5276 361009 2.0
5277 361061 2.0
5278 361117 2.0
5279 361168 2.0
5280 361217 2.0
5281 361300 2.0
5282 361341 2.0
5283 361393 2.0
5284 361463 2.0
5285 361510 2.0
5286 361555 2.0
5287 361623 2.0
5288 361677 2.0
5289 361730 2.0
5290 361791 2.0
5291 361847 2.0
5292 361894 2.0
5293 361949 2.0
5294 362025 2.0
5295 362069 2.0
5296 362136 2.0
5297 362197 2.0
5298 362244 2.0
5299 362294 2.0
5300 362353 2.0
5301 362401 2.0
5302 362454 2.0
5303 362509 2.0
5304 362560 2.0
5305 362611 2.0
5306 362666 2.0
5307 362724 2.0
5308 362782 2.0
5309 362883 2.0
5310 362969 2.0
5311 363039 2.0
5312 363091 2.0
5313 363155 2.0
5314 363211 2.0
5315 363267 2.0
5316 363324 2.0
5317 363394 2.0
5318 363454 2.0
5319 363519 2.0
5320 363583 2.0
5321 363653 2.0
5322 363690 2.0
5323 363739 2.0
5324 363785 2.0
5325 363837 2.0
5326 363885 2.0
5327 363933 2.0
5328 363979 2.0
5329 364029 2.0
5330 364074 2.0
5331 364120 2.0
5332 364166 2.0
5333 364209 2.0
5334 364263 2.0
5335 364306 2.0
5336 364360 2.0
5337 364421 2.0
5338 364471 2.0
5339 364529 2.0
5340 364575 2.0
5341 364624 2.0
5342 364679 2.0
5343 364728 2.0
5344 364773 2.0
5345 364823 2.0
5346 364868 2.0
5347 364935 2.0
5348 364978 2.0
5349 365034 2.0
5350 365095 2.0
5351 365149 2.0
5352 365212 2.0
5353 365255 2.0
5354 365315 2.0
5355 365361 2.0
5356 365408 2.0
5357 365461 2.0
5358 365508 2.0
5359 365569 2.0
5360 365612 2.0
5361 365670 2.0
5362 365716 2.0
5363 365762 2.0
5364 365808 2.0
5365 365867 2.0
5366 365933 2.0
5367 365982 2.0
5368 366024 2.0
5369 366087 2.0
5370 366133 2.0
5371 366177 2.0
5372 366232 2.0
5373 366279 2.0
5374 366329 2.0
5375 366372 2.0
5376 366427 2.0
5377 366487 2.0
5378 366534 2.0
5379 366588 2.0
5380 366667 2.0
5381 366724 2.0
5382 366775 2.0
5383 366827 2.0
5384 366870 2.0
5385 366916 2.0
5386 366982 2.0
5387 367050 2.0
5388 367096 2.0
5389 367151 2.0
5390 367205 2.0
5391 367253 2.0
5392 367313 2.0
5393 367375 2.0
5394 367435 2.0
5395 367487 2.0
5396 367540 2.0
5397 367591 2.0
5398 367637 2.0
5399 367683 2.0
5400 367756 2.0
5401 367825 2.0
5402 367866 2.0
5403 367934 2.0
5404 367984 2.0
5405 368046 2.0
5406 368091 2.0
5407 368161 2.0
5408 368204 2.0
5409 368250 2.0
5410 368304 2.0
5411 368367 2.0
5412 368444 2.0
5413 368504 2.0
5414 368548 2.0
5415 368599 2.0
5416 368639 2.0
5417 368696 2.0
5418 368748 2.0
5419 368803 2.0
5420 368851 2.0
5421 368898 2.0
5422 368951 2.0
5423 368998 2.0
5424 369051 2.0
5425 369124 2.0
5426 369177 2.0
5427 369235 2.0
5428 369295 2.0
5429 369349 2.0
5430 369418 2.0
5431 369474 2.0
5432 369528 2.0
5433 369580 2.0
5434 369632 2.0
5435 369694 2.0
5436 369731 2.0
5437 369790 2.0
5438 369854 2.0
5439 369915 2.0
5440 369984 2.0
5441 370035 2.0
5442 370094 2.0
5443 370156 2.0
5444 370213 2.0
5445 370263 2.0
5446 370310 2.0
5447 370357 2.0
5448 370418 2.0
5449 370491 2.0
5450 370540 2.0
5451 370597 2.0
5452 370654 2.0
5453 370732 2.0
5454 370782 2.0
5455 370832 2.0
5456 370884 2.0
5457 370947 2.0
5458 371008 2.0
5459 371088 2.0
5460 371139 2.0
5461 371195 2.0
5462 371249 2.0
5463 371298 2.0
5464 371349 2.0
5465 371392 2.0
5466 371448 2.0
5467 371498 2.0
5468 371555 2.0
5469 371606 2.0
5470 371664 2.0
5471 371719 2.0
5472 371776 2.0
5473 371819 2.0
5474 371867 2.0
5475 371963 2.0
5476 372004 2.0
5477 372050 2.0
5478 372118 2.0
5479 372167 2.0
5480 372213 2.0
5481 372286 2.0
5482 372344 2.0
5483 372393 2.0
5484 372452 2.0
5485 372498 2.0
5486 372560 2.0
5487 372609 2.0
5488 372680 2.0
5489 372729 2.0
5490 372775 2.0
5491 372826 2.0
5492 372884 2.0
5493 372933 2.0
5494 373008 2.0
5495 373055 2.0
5496 373112 2.0
5497 373168 2.0
5498 373213 2.0
5499 373268 2.0
5500 373335 2.0
5501 373391 2.0
5502 373435 2.0
5503 373477 2.0
5504 373535 2.0
5505 373577 2.0
5506 373649 2.0
5507 373704 2.0
5508 373749 2.0
5509 373811 2.0
5510 373863 2.0
5511 373910 2.0
5512 373969 2.0
5513 374028 2.0
5514 374084 2.0
5515 374164 2.0
5516 374227 2.0
5517 374280 2.0
5518 374364 2.0
5519 374421 2.0
5520 374477 2.0
5521 374525 2.0
5522 374574 2.0
5523 374626 2.0
5524 374685 2.0
5525 374746 2.0
5526 374795 2.0
5527 374849 2.0
5528 374912 2.0
5529 374957 2.0
5530 375007 2.0
5531 375052 2.0
5532 375121 2.0
5533 375196 2.0
5534 375278 2.0
5535 375322 2.0
5536 375369 2.0
5537 375421 2.0
5538 375480 2.0
5539 375523 2.0
5540 375582 2.0
5541 375622 2.0
5542 375665 2.0
5543 375712 2.0
5544 375766 2.0
5545 375826 2.0
5546 375890 2.0
5547 375941 2.0
5548 375993 2.0
5549 376048 2.0
5550 376093 2.0
5551 376153 2.0
5552 376199 2.0
5553 376243 2.0
5554 376301 2.0
5555 376348 2.0
5556 376416 2.0
5557 376475 2.0
5558 376528 2.0
5559 376757 2.0
5560 376811 2.0
5561 376859 2.0
5562 376918 2.0
5563 376985 2.0
5564 377038 2.0
5565 377096 2.0
5566 377141 2.0
5567 377209 2.0
5568 377258 2.0
5569 377316 2.0
5570 377373 2.0
5571 377425 2.0
5572 377472 2.0
5573 377530 2.0
5574 377579 2.0
5575 377633 2.0
5576 377682 2.0
5577 377729 2.0
5578 377793 2.0
5579 377853 2.0
5580 377901 2.0
5581 377970 2.0
5582 378034 2.0
5583 378129 2.0
5584 378183 2.0
5585 378229 2.0
5586 378274 2.0
5587 378328 2.0
5588 378377 2.0
5589 378419 2.0
5590 378462 2.0
5591 378515 2.0
5592 378562 2.0
5593 378614 2.0
5594 378658 2.0
5595 378710 2.0
5596 378775 2.0
5597 378841 2.0
5598 378886 2.0
5599 378934 2.0
5600 378996 2.0
5601 379075 2.0
5602 379128 2.0
5603 379193 2.0
5604 379255 2.0
5605 379305 2.0
5606 379355 2.0
5607 379413 2.0
5608 379464 2.0
5609 379513 2.0
5610 379570 2.0
5611 379633 2.0
5612 379679 2.0
5613 379726 2.0
5614 379769 2.0
5615 379819 2.0
5616 379862 2.0
5617 379911 2.0
5618 379962 2.0
5619 380088 2.0
5620 380134 2.0
5621 380189 2.0
5622 380259 2.0
5623 380312 2.0
5624 380362 2.0
5625 380425 2.0
5626 380471 2.0
5627 380515 2.0
5628 380575 2.0
5629 380633 2.0
5630 380699 2.0
5631 380748 2.0
5632 380802 2.0
5633 380850 2.0
5634 380893 2.0
5635 380948 2.0
5636 381001 2.0
5637 381048 2.0
5638 381128 2.0
5639 381178 2.0
5640 381232 2.0
5641 381286 2.0
5642 381338 2.0
5643 381399 2.0
5644 381447 2.0
5645 381516 2.0
5646 381583 2.0
5647 381638 2.0
5648 381697 2.0
5649 381754 2.0
5650 381808 2.0
5651 381863 2.0
5652 381915 2.0
5653 381971 2.0
5654 382040 2.0
5655 382103 2.0
5656 382151 2.0
5657 382197 2.0
5658 382241 2.0
5659 382290 2.0
5660 382340 2.0
5661 382405 2.0
5662 382454 2.0
5663 382511 2.0
5664 382575 2.0
5665 382662 2.0
5666 382713 2.0
5667 382764 2.0
5668 382818 2.0
5669 382888 2.0
5670 382948 2.0
5671 383010 2.0
5672 383059 2.0
5673 383114 2.0
5674 383175 2.0
5675 383233 2.0
5676 383313 2.0
5677 383357 2.0
5678 383426 2.0
5679 383479 2.0
5680 383542 2.0
5681 383584 2.0
5682 383643 2.0
5683 383700 2.0
5684 383752 2.0
5685 383794 2.0
5686 383860 2.0
5687 383907 2.0
5688 383968 2.0
5689 384044 2.0
5690 384109 2.0
5691 384161 2.0
5692 384203 2.0
5693 384259 2.0
5694 384307 2.0
5695 384363 2.0
5696 384401 2.0
5697 384447 2.0
5698 384493 2.0
5699 384553 2.0
5700 384606 2.0
5701 384654 2.0
5702 384698 2.0
5703 384751 2.0
5704 384801 2.0
5705 384867 2.0
5706 384920 2.0
5707 384972 2.0
5708 385020 2.0
5709 385074 2.0
5710 385128 2.0
5711 385165 2.0
5712 385205 2.0
5713 385254 2.0
5714 385305 2.0
5715 385356 2.0
5716 385403 2.0
5717 385448 2.0
5718 385496 2.0
5719 385555 2.0
5720 385592 2.0
5721 385652 2.0
5722 385700 2.0
5723 385758 2.0
5724 385809 2.0
5725 385853 2.0
5726 385912 2.0
5727 385981 2.0
5728 386027 2.0
5729 386086 2.0
5730 386134 2.0
5731 386194 2.0
5732 386266 2.0
5733 386322 2.0
5734 386365 2.0
5735 386418 2.0
5736 386476 2.0
5737 386532 2.0
5738 386591 2.0
5739 386647 2.0
5740 386710 2.0
5741 386761 2.0
5742 386810 2.0
5743 386872 2.0
5744 386919 2.0
5745 386970 2.0
5746 387029 2.0
5747 387089 2.0
5748 387140 2.0
5749 387193 2.0
5750 387263 2.0
5751 387312 2.0
5752 387367 2.0
5753 387420 2.0
5754 387478 2.0
5755 387526 2.0
5756 387585 2.0
5757 387640 2.0
5758 387701 2.0
5759 387757 2.0
5760 387819 2.0
5761 387865 2.0
5762 387929 2.0
5763 387978 2.0
5764 388026 2.0
5765 388081 2.0
5766 388139 2.0
5767 388193 2.0
5768 388260 2.0
5769 388311 2.0
5770 388359 2.0
5771 388409 2.0
5772 388467 2.0
5773 388516 2.0
5774 388568 2.0
5775 388643 2.0
5776 388696 2.0
5777 388744 2.0
5778 388805 2.0
5779 388856 2.0
5780 388912 2.0
5781 388983 2.0
5782 389045 2.0
5783 389097 2.0
5784 389152 2.0
5785 389206 2.0
5786 389259 2.0
5787 389302 2.0
5788 389355 2.0
5789 389413 2.0
5790 389464 2.0
5791 389521 2.0
5792 389568 2.0
5793 389610 2.0
5794 389651 2.0
5795 389695 2.0
5796 389752 2.0
5797 389802 2.0
5798 389967 2.0
5799 390015 2.0
5800 390075 2.0
5801 390142 2.0
5802 390191 2.0
5803 390249 2.0
5804 390312 2.0
5805 390367 2.0
5806 390417 2.0
5807 390474 2.0
5808 390541 2.0
5809 390593 2.0
5810 390647 2.0
5811 390719 2.0
5812 390759 2.0
5813 390811 2.0
5814 390854 2.0
5815 390900 2.0
5816 390957 2.0
5817 391016 2.0
5818 391072 2.0
5819 391146 2.0
5820 391191 2.0
5821 391246 2.0
5822 391312 2.0
5823 391382 2.0
5824 391450 2.0
5825 391499 2.0
5826 391559 2.0
5827 391604 2.0
5828 391666 2.0
5829 391716 2.0
5830 391772 2.0
5831 391835 2.0
5832 391887 2.0
5833 391937 2.0
5834 391993 2.0
5835 392065 2.0
5836 392119 2.0
5837 392172 2.0
5838 392230 2.0
5839 392291 2.0
5840 392361 2.0
5841 392409 2.0
5842 392506 2.0
5843 392562 2.0
5844 392620 2.0
5845 392672 2.0
5846 392734 2.0
5847 392800 2.0
5848 392868 2.0
5849 392933 2.0
5850 392981 2.0
5851 393035 2.0
5852 393089 2.0
5853 393152 2.0
5854 393198 2.0
5855 393250 2.0
5856 393326 2.0
5857 393372 2.0
5858 393436 2.0
5859 393509 2.0
5860 393553 2.0
5861 393626 2.0
5862 393690 2.0
5863 393744 2.0
5864 393799 2.0
5865 393843 2.0
5866 393909 2.0
5867 393965 2.0
5868 394021 2.0
5869 394097 2.0
5870 394164 2.0
5871 394210 2.0
5872 394269 2.0
5873 394334 2.0
5874 394373 2.0
5875 394420 2.0
5876 394493 2.0
5877 394534 2.0
