1 300 0.0
2 600 0.0
3 900 0.0
4 1200 0.0
5 1500 0.0
6 1800 0.0
7 2100 0.0
8 2400 0.0
9 2700 0.0
10 3000 0.0
11 3300 0.0
12 3600 0.0
13 3900 0.0
14 4200 0.0
15 4500 0.0
16 4800 0.0
17 5100 0.0
18 5400 0.0
19 5700 0.0
20 6000 0.0
21 6300 0.0
22 6600 0.0
23 6900 0.0
24 7200 0.0
25 7500 0.0
26 7800 0.0
27 8100 0.0
28 8400 0.0
29 8700 0.0
30 9000 0.0
31 9300 0.0
32 9600 0.0
33 9900 0.0
34 10200 0.0
35 10500 0.0
36 10800 0.0
37 11100 0.0
38 11400 0.0
39 11700 0.0
40 12000 0.0
41 12300 0.0
42 12600 0.0
43 12900 0.0
44 13200 0.0
45 13500 0.0
46 13800 0.0
47 14100 0.0
48 14400 0.0
49 14700 0.0
50 15000 0.0
51 15300 0.0
52 15600 0.0
53 15900 0.0
54 16200 0.0
55 16500 0.0
56 16800 0.0
57 17100 0.0
58 17400 0.0
59 17700 0.0
60 18000 0.0
61 18300 0.0
62 18600 0.01
63 18900 0.02
64 19200 0.03
65 19500 0.04
66 19800 0.04
67 20100 0.04
68 20400 0.05
69 20700 0.05
70 21000 0.05
71 21300 0.060000000000000005
72 21600 0.060000000000000005
73 21900 0.07
74 22200 0.07
75 22500 0.07999999999999999
76 22800 0.08999999999999998
77 23100 0.09
78 23400 0.09999999999999999
79 23700 0.10999999999999999
80 24000 0.11999999999999998
81 24300 0.12999999999999998
82 24600 0.14
83 24900 0.15000000000000002
84 25200 0.16000000000000003
85 25500 0.16000000000000003
86 25800 0.17000000000000004
87 26100 0.18000000000000002
88 26400 0.18000000000000002
89 26700 0.19000000000000003
90 27000 0.2
91 27300 0.2
92 27600 0.21000000000000002
93 27900 0.22000000000000003
94 28200 0.23000000000000004
95 28500 0.24000000000000005
96 28800 0.25000000000000006
97 29100 0.26000000000000006
98 29400 0.27
99 29700 0.28
100 30000 0.29000000000000004
101 30300 0.29000000000000004
102 30600 0.30000000000000004
103 30900 0.31000000000000005
104 31200 0.32000000000000006
105 31500 0.33000000000000007
106 31800 0.3400000000000001
107 32100 0.3500000000000001
108 32400 0.36000000000000004
109 32700 0.37
110 33000 0.38
111 33300 0.39
112 33600 0.39
113 33900 0.4
114 34200 0.41000000000000003
115 34500 0.42000000000000004
116 34800 0.43000000000000005
117 35100 0.43000000000000005
118 35400 0.44000000000000006
119 35700 0.45000000000000007
120 36000 0.4600000000000001
121 36300 0.4700000000000001
122 36600 0.4800000000000001
123 36900 0.4900000000000001
124 37200 0.5000000000000001
125 37500 0.51
126 37800 0.52
127 38100 0.53
128 38400 0.54
129 38700 0.55
130 39000 0.56
131 39300 0.5700000000000001
132 39600 0.5800000000000001
133 39900 0.5900000000000001
134 40200 0.6000000000000001
135 40500 0.6100000000000001
136 40800 0.6200000000000001
137 41100 0.6300000000000001
138 41400 0.6400000000000001
139 41700 0.6500000000000001
140 42000 0.6600000000000001
141 42300 0.6700000000000002
142 42600 0.68
143 42900 0.69
144 43200 0.7
145 43500 0.71
146 43800 0.72
147 44100 0.73
148 44400 0.74
149 44700 0.75
150 45000 0.76
151 45300 0.77
152 45600 0.78
153 45900 0.79
154 46200 0.8
155 46500 0.81
156 46800 0.81
157 47100 0.8200000000000001
158 47400 0.8300000000000001
159 47700 0.8400000000000001
160 48000 0.8500000000000001
161 48198 0.8600000000000001
162 48454 0.8600000000000001
163 48572 0.8600000000000001
164 48741 0.8600000000000001
165 49041 0.8600000000000001
166 49341 0.8700000000000001
167 49445 0.8800000000000001
168 49745 0.8800000000000001
169 50045 0.8900000000000001
170 50258 0.9000000000000001
171 50558 0.9000000000000001
172 50804 0.9100000000000001
173 51104 0.9100000000000001
174 51346 0.9200000000000002
175 51595 0.9200000000000002
176 51895 0.9200000000000002
177 52062 0.9300000000000002
178 52286 0.9300000000000002
179 52515 0.9300000000000002
180 52670 0.9300000000000002
181 52826 0.9300000000000002
182 52969 0.9300000000000002
183 53138 0.9300000000000002
184 53438 0.9300000000000002
185 53536 0.9400000000000002
186 53633 0.9400000000000002
187 53933 0.9400000000000002
188 54114 0.9500000000000002
189 54210 0.9500000000000002
190 54510 0.9500000000000002
191 54597 0.9600000000000002
192 54859 0.9600000000000002
193 55034 0.9600000000000002
194 55265 0.9600000000000002
195 55400 0.9600000000000002
196 55541 0.9600000000000002
197 55740 0.9600000000000002
198 55844 0.9600000000000002
199 56058 0.9600000000000002
200 56358 0.9600000000000002
201 56574 0.9700000000000002
202 56660 0.9700000000000002
203 56893 0.9700000000000002
204 57007 0.9700000000000002
205 57240 0.9700000000000002
206 57367 0.9700000000000002
207 57601 0.9700000000000002
208 57682 0.9700000000000002
209 57805 0.9700000000000002
210 57920 0.9700000000000002
211 58220 0.9700000000000002
212 58366 0.9800000000000002
213 58469 0.9800000000000002
214 58623 0.9800000000000002
215 58855 0.9800000000000002
216 59155 0.9800000000000002
217 59294 0.9900000000000002
218 59419 0.9900000000000002
219 59573 0.9900000000000002
220 59695 0.9900000000000002
221 59821 0.9900000000000002
222 59909 0.9900000000000002
223 60053 0.9900000000000002
224 60149 0.9900000000000002
225 60256 0.9900000000000002
226 60420 0.9900000000000002
227 60621 0.9900000000000002
228 60716 0.9900000000000002
229 60824 0.9900000000000002
230 60951 0.9900000000000002
231 61057 0.9900000000000002
232 61174 0.9900000000000002
233 61286 0.9900000000000002
234 61478 0.9900000000000002
235 61628 0.9900000000000002
236 61735 0.9900000000000002
237 61842 0.9900000000000002
238 61923 0.9900000000000002
239 62121 0.9900000000000002
240 62215 0.9900000000000002
241 62303 0.9900000000000002
242 62402 0.9900000000000002
243 62486 0.9900000000000002
244 62566 0.9900000000000002
245 62680 0.9900000000000002
246 62823 0.9900000000000002
247 62888 0.9900000000000002
248 63033 0.9900000000000002
249 63124 0.9900000000000002
250 63225 0.9900000000000002
251 63330 0.9900000000000002
252 63414 0.9900000000000002
253 63553 0.9900000000000002
254 63667 0.9900000000000002
255 63967 0.9900000000000002
256 64138 1.0
257 64214 1.0
258 64287 1.0
259 64423 1.0
260 64610 1.0
261 64758 1.0
262 64907 1.0
263 65021 1.0
264 65190 1.0
265 65284 1.0
266 65391 1.0
267 65493 1.0
268 65617 1.0
269 65867 1.0
270 65966 1.0
271 66119 1.0
272 66224 1.0
273 66349 1.0
274 66459 1.0
275 66536 1.0
276 66765 1.0
277 66855 1.0
278 66954 1.0
279 67044 1.0
280 67164 1.0
281 67271 1.0
282 67481 1.0
283 67562 1.0
284 67718 1.0
285 67807 1.0
286 67925 1.0
287 68008 1.0
288 68188 1.0
289 68290 1.0
290 68376 1.0
291 68478 1.0
292 68574 1.0
293 68685 1.0
294 68788 1.0
295 68915 1.0
296 69052 1.0
297 69161 1.0
298 69282 1.0
299 69386 1.0
300 69504 1.0
301 69600 1.0
302 69714 1.0
303 69813 1.0
304 69887 1.0
305 69969 1.0
306 70082 1.0
307 70153 1.0
308 70281 1.0
309 70407 1.0
310 70574 1.0
311 70707 1.0
312 70908 1.0
313 71015 1.0
314 71202 1.0
315 71289 1.0
316 71406 1.0
317 71506 1.0
318 71582 1.0
319 71665 1.0
320 71731 1.0
321 71841 1.0
322 71955 1.0
323 72054 1.0
324 72161 1.0
325 72263 1.0
326 72479 1.0
327 72571 1.0
328 72731 1.0
329 72837 1.0
330 73027 1.0
331 73152 1.0
332 73253 1.0
333 73324 1.0
334 73405 1.0
335 73568 1.0
336 73669 1.0
337 73746 1.0
338 73899 1.0
339 73969 1.0
340 74084 1.0
341 74146 1.0
342 74262 1.0
343 74328 1.0
344 74423 1.0
345 74547 1.0
346 74743 1.0
347 74835 1.0
348 74933 1.0
349 75048 1.0
350 75187 1.0
351 75266 1.0
352 75358 1.0
353 75426 1.0
354 75594 1.0
355 75655 1.0
356 75781 1.0
357 75868 1.0
358 76009 1.0
359 76130 1.0
360 76210 1.0
361 76353 1.0
362 76469 1.0
363 76531 1.0
364 76608 1.0
365 76686 1.0
366 76790 1.0
367 76878 1.0
368 77008 1.0
369 77104 1.0
370 77190 1.0
371 77323 1.0
372 77435 1.0
373 77514 1.0
374 77597 1.0
375 77667 1.0
376 77798 1.0
377 77933 1.0
378 78110 1.0
379 78231 1.0
380 78298 1.0
381 78393 1.0
382 78537 1.0
383 78631 1.0
384 78739 1.0
385 78854 1.0
386 78990 1.0
387 79124 1.0
388 79190 1.0
389 79284 1.0
390 79416 1.0
391 79533 1.0
392 79619 1.0
393 79725 1.0
394 79844 1.0
395 79972 1.0
396 80069 1.0
397 80156 1.0
398 80222 1.0
399 80306 1.0
400 80362 1.0
401 80474 1.0
402 80568 1.0
403 80672 1.0
404 80800 1.0
405 80876 1.0
406 80953 1.0
407 81085 1.0
408 81179 1.0
409 81255 1.0
410 81419 1.0
411 81502 1.0
412 81632 1.0
413 81732 1.0
414 81820 1.0
415 81920 1.0
416 82027 1.0
417 82108 1.0
418 82190 1.0
419 82290 1.0
420 82449 1.0
421 82543 1.0
422 82662 1.0
423 82758 1.0
424 82846 1.0
425 82971 1.0
426 83047 1.0
427 83133 1.0
428 83259 1.0
429 83363 1.0
430 83426 1.0
431 83549 1.0
432 83610 1.0
433 83683 1.0
434 83775 1.0
435 83866 1.0
436 83974 1.0
437 84083 1.0
438 84230 1.0
439 84368 1.0
440 84448 1.0
441 84531 1.0
442 84657 1.0
443 84745 1.0
444 84856 1.0
445 84967 1.0
446 85064 1.0
447 85167 1.0
448 85247 1.0
449 85328 1.0
450 85430 1.0
451 85526 1.0
452 85586 1.0
453 85719 1.0
454 85814 1.0
455 85893 1.0
456 86003 1.0
457 86085 1.0
458 86271 1.0
459 86358 1.0
460 86483 1.0
461 86626 1.0
462 86731 1.0
463 86825 1.0
464 86919 1.0
465 86994 1.0
466 87114 1.0
467 87187 1.0
468 87309 1.0
469 87401 1.0
470 87524 1.0
471 87599 1.0
472 87718 1.0
473 87827 1.0
474 87962 1.0
475 88039 1.0
476 88136 1.0
477 88202 1.0
478 88276 1.0
479 88371 1.0
480 88537 1.0
481 88604 1.0
482 88695 1.0
483 88928 1.0
484 89006 1.0
485 89128 1.0
486 89194 1.0
487 89260 1.0
488 89336 1.0
489 89412 1.0
490 89487 1.0
491 89567 1.0
492 89634 1.0
493 89731 1.0
494 89806 1.0
495 89923 1.0
496 90043 1.0
497 90146 1.0
498 90257 1.0
499 90362 1.0
500 90492 1.0
501 90624 1.0
502 90690 1.0
503 90774 1.0
504 90867 1.0
505 90985 1.0
506 91073 1.0
507 91206 1.0
508 91281 1.0
509 91356 1.0
510 91462 1.0
511 91523 1.0
512 91647 1.0
513 91708 1.0
514 91784 1.0
515 91914 1.0
516 92058 1.0
517 92150 1.0
518 92219 1.0
519 92283 1.0
520 92358 1.0
521 92464 1.0
522 92541 1.0
523 92653 1.0
524 92738 1.0
525 92807 1.0
526 92914 1.0
527 93059 1.0
528 93225 1.0
529 93332 1.0
530 93404 1.0
531 93547 1.0
532 93669 1.0
533 93809 1.0
534 93876 1.0
535 93996 1.0
536 94105 1.0
537 94241 1.0
538 94350 1.0
539 94441 1.0
540 94547 1.0
541 94656 1.0
542 94721 1.0
543 94834 1.0
544 94918 1.0
545 94993 1.0
546 95071 1.0
547 95192 1.0
548 95303 1.0
549 95365 1.0
550 95454 1.0
551 95552 1.0
552 95617 1.0
553 95719 1.0
554 95821 1.0
555 95923 1.0
556 96000 1.0
557 96063 1.0
558 96130 1.0
559 96216 1.0
560 96281 1.0
561 96368 1.0
562 96452 1.0
563 96597 1.0
564 96680 1.0
565 96743 1.0
566 96806 1.0
567 96926 1.0
568 96998 1.0
569 97090 1.0
570 97162 1.0
571 97250 1.0
572 97307 1.0
573 97421 1.0
574 97602 1.0
575 97685 1.0
576 97773 1.0
577 97853 1.0
578 98011 1.0
579 98095 1.0
580 98225 1.0
581 98346 1.0
582 98442 1.0
583 98548 1.0
584 98644 1.0
585 98743 1.0
586 98858 1.0
587 98942 1.0
588 99023 1.0
589 99151 1.0
590 99227 1.0
591 99289 1.0
592 99387 1.0
593 99456 1.0
594 99540 1.0
595 99612 1.0
596 99695 1.0
597 99788 1.0
598 99867 1.0
599 99961 1.0
600 100050 1.0
601 100123 1.0
602 100182 1.0
603 100258 1.0
604 100437 1.0
605 100582 1.0
606 100653 1.0
607 100737 1.0
608 100838 1.0
609 100979 1.0
610 101051 1.0
611 101150 1.0
612 101240 1.0
613 101306 1.0
614 101411 1.0
615 101545 1.0
616 101640 1.0
617 101753 1.0
618 101888 1.0
619 101978 1.0
620 102066 1.0
621 102139 1.0
622 102219 1.0
623 102281 1.0
624 102433 1.0
625 102532 1.0
626 102603 1.0
627 102672 1.0
628 102756 1.0
629 102921 1.0
630 103035 1.0
631 103126 1.0
632 103214 1.0
633 103306 1.0
634 103380 1.0
635 103460 1.0
636 103533 1.0
637 103621 1.0
638 103723 1.0
639 103865 1.0
640 103968 1.0
641 104083 1.0
642 104157 1.0
643 104225 1.0
644 104350 1.0
645 104434 1.0
646 104514 1.0
647 104589 1.0
648 104669 1.0
649 104741 1.0
650 104822 1.0
651 104898 1.0
652 105034 1.0
653 105104 1.0
654 105185 1.0
655 105278 1.0
656 105364 1.0
657 105482 1.0
658 105573 1.0
659 105665 1.0
660 105754 1.0
661 105852 1.0
662 105931 1.0
663 106073 1.0
664 106162 1.0
665 106237 1.0
666 106313 1.0
667 106375 1.0
668 106444 1.0
669 106554 1.0
670 106633 1.0
671 106715 1.0
672 106809 1.0
673 106873 1.0
674 106938 1.0
675 107073 1.0
676 107142 1.0
677 107217 1.0
678 107301 1.0
679 107518 1.0
680 107602 1.0
681 107724 1.0
682 107842 1.0
683 107907 1.0
684 108012 1.0
685 108082 1.0
686 108197 1.0
687 108274 1.0
688 108326 1.0
689 108408 1.0
690 108482 1.0
691 108543 1.0
692 108680 1.0
693 108858 1.0
694 108964 1.0
695 109031 1.0
696 109117 1.0
697 109186 1.0
698 109341 1.0
699 109416 1.0
700 109501 1.0
701 109615 1.0
702 109708 1.0
703 109812 1.0
704 109947 1.0
705 110056 1.0
706 110126 1.0
707 110210 1.0
708 110351 1.0
709 110431 1.0
710 110537 1.0
711 110606 1.0
712 110671 1.0
713 110766 1.0
714 110867 1.0
715 110937 1.0
716 111079 1.0
717 111163 1.0
718 111236 1.0
719 111337 1.0
720 111407 1.0
721 111568 1.0
722 111628 1.0
723 111706 1.0
724 111783 1.0
725 111856 1.0
726 111954 1.0
727 112026 1.0
728 112090 1.0
729 112167 1.0
730 112259 1.0
731 112378 1.0
732 112480 1.0
733 112577 1.0
734 112669 1.0
735 112746 1.0
736 112881 1.0
737 113007 1.0
738 113078 1.0
739 113204 1.0
740 113268 1.0
741 113363 1.0
742 113434 1.0
743 113522 1.0
744 113604 1.0
745 113718 1.0
746 113817 1.0
747 113916 1.0
748 114079 1.0
749 114147 1.0
750 114211 1.0
751 114360 1.0
752 114451 1.0
753 114515 1.0
754 114571 1.0
755 114678 1.0
756 114773 1.0
757 114849 1.0
758 114974 1.0
759 115060 1.0
760 115132 1.0
761 115214 1.0
762 115294 1.0
763 115365 1.0
764 115450 1.0
765 115551 1.0
766 115624 1.0
767 115770 1.0
768 115885 1.0
769 115967 1.0
770 116022 1.0
771 116108 1.0
772 116224 1.0
773 116331 1.0
774 116415 1.0
775 116519 1.0
776 116604 1.0
777 116675 1.0
778 116786 1.0
779 116864 1.0
780 116990 1.0
781 117070 1.0
782 117147 1.0
783 117225 1.0
784 117292 1.0
785 117365 1.0
786 117454 1.0
787 117529 1.0
788 117613 1.0
789 117685 1.0
790 117782 1.0
791 117950 1.0
792 118050 1.0
793 118130 1.0
794 118258 1.0
795 118369 1.0
796 118429 1.0
797 118518 1.0
798 118589 1.0
799 118663 1.0
800 118788 1.0
801 118885 1.0
802 119024 1.0
803 119108 1.0
804 119200 1.0
805 119317 1.0
806 119395 1.0
807 119467 1.0
808 119558 1.0
809 119663 1.0
810 119722 1.0
811 119809 1.0
812 119903 1.0
813 119980 1.0
814 120056 1.0
815 120153 1.0
816 120261 1.0
817 120322 1.0
818 120394 1.0
819 120475 1.0
820 120542 1.0
821 120619 1.0
822 120713 1.0
823 120867 1.0
824 120974 1.0
825 121061 1.0
826 121147 1.0
827 121224 1.0
828 121344 1.0
829 121429 1.0
830 121505 1.0
831 121582 1.0
832 121647 1.0
833 121702 1.0
834 121818 1.0
835 121914 1.0
836 122043 1.0
837 122139 1.0
838 122235 1.0
839 122314 1.0
840 122387 1.0
841 122486 1.0
842 122562 1.0
843 122637 1.0
844 122715 1.0
845 122820 1.0
846 122903 1.0
847 122983 1.0
848 123049 1.0
849 123139 1.0
850 123201 1.0
851 123292 1.0
852 123367 1.0
853 123465 1.0
854 123527 1.0
855 123594 1.0
856 123665 1.0
857 123727 1.0
858 123817 1.0
859 123897 1.0
860 123984 1.0
861 124057 1.0
862 124145 1.0
863 124223 1.0
864 124341 1.0
865 124424 1.0
866 124534 1.0
867 124598 1.0
868 124751 1.0
869 124879 1.0
870 124980 1.0
871 125144 1.0
872 125218 1.0
873 125297 1.0
874 125370 1.0
875 125512 1.0
876 125598 1.0
877 125682 1.0
878 125792 1.0
879 125898 1.0
880 126020 1.0
881 126130 1.0
882 126234 1.0
883 126316 1.0
884 126448 1.0
885 126525 1.0
886 126597 1.0
887 126738 1.0
888 126818 1.0
889 126950 1.0
890 127015 1.0
891 127121 1.0
892 127189 1.0
893 127275 1.0
894 127345 1.0
895 127417 1.0
896 127486 1.0
897 127560 1.0
898 127660 1.0
899 127736 1.0
900 127807 1.0
901 127873 1.0
902 128005 1.0
903 128078 1.0
904 128336 1.0
905 128401 1.0
906 128520 1.0
907 128608 1.0
908 128688 1.0
909 128754 1.0
910 128858 1.0
911 128943 1.0
912 129026 1.0
913 129094 1.0
914 129190 1.0
915 129253 1.0
916 129322 1.0
917 129417 1.0
918 129506 1.0
919 129586 1.0
920 129665 1.0
921 129742 1.0
922 129815 1.0
923 129887 1.0
924 130009 1.0
925 130079 1.0
926 130191 1.0
927 130275 1.0
928 130387 1.0
929 130459 1.0
930 130554 1.0
931 130629 1.0
932 130720 1.0
933 130791 1.0
934 130901 1.0
935 131006 1.0
936 131094 1.0
937 131157 1.0
938 131232 1.0
939 131317 1.0
940 131383 1.0
941 131455 1.0
942 131521 1.0
943 131583 1.0
944 131662 1.0
945 131727 1.0
946 131795 1.0
947 131886 1.0
948 131960 1.0
949 132062 1.0
950 132152 1.0
951 132219 1.0
952 132317 1.0
953 132391 1.0
954 132460 1.0
955 132532 1.0
956 132683 1.0
957 132808 1.0
958 132877 1.0
959 132983 1.0
960 133114 1.0
961 133188 1.0
962 133287 1.0
963 133368 1.0
964 133437 1.0
965 133520 1.0
966 133607 1.0
967 133689 1.0
968 133766 1.0
969 133843 1.0
970 133932 1.0
971 134006 1.0
972 134080 1.0
973 134159 1.0
974 134254 1.0
975 134327 1.0
976 134419 1.0
977 134522 1.0
978 134629 1.0
979 134751 1.0
980 134836 1.0
981 134955 1.0
982 135049 1.0
983 135125 1.0
984 135237 1.0
985 135350 1.0
986 135420 1.0
987 135573 1.0
988 135721 1.0
989 135816 1.0
990 135902 1.0
991 135979 1.0
992 136063 1.0
993 136140 1.0
994 136228 1.0
995 136289 1.0
996 136385 1.0
997 136490 1.0
998 136556 1.0
999 136617 1.0
1000 136751 1.0
1001 136826 1.0
1002 136893 1.0
1003 136959 1.0
1004 137040 1.0
1005 137101 1.0
1006 137185 1.0
1007 137266 1.0
1008 137449 1.0
1009 137510 1.0
1010 137587 1.0
1011 137667 1.0
1012 137761 1.0
1013 137837 1.0
1014 137928 1.0
1015 138014 1.0
1016 138111 1.0
1017 138190 1.0
1018 138254 1.0
1019 138357 1.0
1020 138434 1.0
1021 138517 1.0
1022 138585 1.0
1023 138662 1.0
1024 138742 1.0
1025 138836 1.0
1026 138936 1.0
1027 139028 1.0
1028 139108 1.0
1029 139176 1.0
1030 139285 1.0
1031 139358 1.0
1032 139468 1.0
1033 139535 1.0
1034 139623 1.0
1035 139708 1.0
1036 139783 1.0
1037 139869 1.0
1038 140005 1.0
1039 140091 1.0
1040 140169 1.0
1041 140238 1.0
1042 140318 1.0
1043 140414 1.0
1044 140513 1.0
1045 140597 1.0
1046 140684 1.0
1047 140778 1.0
1048 140849 1.0
1049 140937 1.0
1050 141000 1.0
1051 141062 1.0
1052 141156 1.0
1053 141235 1.0
1054 141320 1.0
1055 141416 1.0
1056 141497 1.0
1057 141592 1.0
1058 141665 1.0
1059 141820 1.0
1060 141892 1.0
1061 141973 1.0
1062 142041 1.0
1063 142117 1.0
1064 142217 1.0
1065 142284 1.0
1066 142374 1.0
1067 142466 1.0
1068 142557 1.0
1069 142635 1.0
1070 142709 1.0
1071 142777 1.0
1072 142850 1.0
1073 142929 1.0
1074 143037 1.0
1075 143093 1.0
1076 143174 1.0
1077 143255 1.0
1078 143409 1.0
1079 143462 1.0
1080 143546 1.0
1081 143625 1.0
1082 143700 1.0
1083 143841 1.0
1084 143908 1.0
1085 143981 1.0
1086 144064 1.0
1087 144147 1.0
1088 144243 1.0
1089 144333 1.0
1090 144416 1.0
1091 144515 1.0
1092 144596 1.0
1093 144672 1.0
1094 144738 1.0
1095 144814 1.0
1096 144876 1.0
1097 144957 1.0
1098 145030 1.0
1099 145141 1.0
1100 145198 1.0
1101 145277 1.0
1102 145337 1.0
1103 145446 1.0
1104 145573 1.0
1105 145679 1.0
1106 145759 1.0
1107 145839 1.0
1108 145919 1.0
1109 145989 1.0
1110 146061 1.0
1111 146117 1.0
1112 146292 1.0
1113 146371 1.0
1114 146476 1.0
1115 146561 1.0
1116 146629 1.0
1117 146699 1.0
1118 146781 1.0
1119 146857 1.0
1120 146921 1.0
1121 146985 1.0
1122 147057 1.0
1123 147143 1.0
1124 147208 1.0
1125 147281 1.0
1126 147346 1.0
1127 147463 1.0
1128 147552 1.0
1129 147646 1.0
1130 147713 1.0
1131 147800 1.0
1132 147887 1.0
1133 147992 1.0
1134 148104 1.0
1135 148172 1.0
1136 148271 1.0
1137 148353 1.0
1138 148437 1.0
1139 148535 1.0
1140 148628 1.0
1141 148689 1.0
1142 148764 1.0
1143 148838 1.0
1144 148948 1.0
1145 149032 1.0
1146 149156 1.0
1147 149249 1.0
1148 149327 1.0
1149 149413 1.0
1150 149642 1.0
1151 149736 1.0
1152 149812 1.0
1153 149926 1.0
1154 150019 1.0
1155 150097 1.0
1156 150179 1.0
1157 150245 1.0
1158 150313 1.0
1159 150465 1.0
1160 150530 1.0
1161 150610 1.0
1162 150741 1.0
1163 150847 1.0
1164 150933 1.0
1165 151023 1.0
1166 151147 1.0
1167 151219 1.0
1168 151285 1.0
1169 151364 1.0
1170 151428 1.0
1171 151622 1.0
1172 151686 1.0
1173 151795 1.0
1174 151895 1.0
1175 152039 1.0
1176 152129 1.0
1177 152204 1.0
1178 152308 1.0
1179 152430 1.0
1180 152512 1.0
1181 152603 1.0
1182 152690 1.0
1183 152763 1.0
1184 152843 1.0
1185 152917 1.0
1186 152989 1.0
1187 153092 1.0
1188 153167 1.0
1189 153235 1.0
1190 153316 1.0
1191 153441 1.0
1192 153569 1.0
1193 153668 1.0
1194 153750 1.0
1195 153811 1.0
1196 153903 1.0
1197 153979 1.0
1198 154054 1.0
1199 154136 1.0
1200 154204 1.0
1201 154279 1.0
1202 154404 1.0
1203 154474 1.0
1204 154571 1.0
1205 154647 1.0
1206 154759 1.0
1207 154830 1.0
1208 154905 1.0
1209 154996 1.0
1210 155110 1.0
1211 155177 1.0
1212 155263 1.0
1213 155355 1.0
1214 155442 1.0
1215 155538 1.0
1216 155620 1.0
1217 155699 1.0
1218 155804 1.0
1219 155868 1.0
1220 155972 1.0
1221 156046 1.0
1222 156143 1.0
1223 156210 1.0
1224 156302 1.0
1225 156425 1.0
1226 156489 1.0
1227 156570 1.0
1228 156633 1.0
1229 156703 1.0
1230 156771 1.0
1231 156860 1.0
1232 156975 1.0
1233 157058 1.0
1234 157168 1.0
1235 157260 1.0
1236 157336 1.0
1237 157460 1.0
1238 157529 1.0
1239 157610 1.0
1240 157722 1.0
1241 157807 1.0
1242 157884 1.0
1243 157995 1.0
1244 158048 1.0
1245 158111 1.0
1246 158188 1.0
1247 158267 1.0
1248 158348 1.0
1249 158444 1.0
1250 158513 1.0
1251 158601 1.0
1252 158666 1.0
1253 158762 1.0
1254 158910 1.0
1255 158977 1.0
1256 159060 1.0
1257 159130 1.0
1258 159240 1.0
1259 159310 1.0
1260 159388 1.0
1261 159467 1.0
1262 159550 1.0
1263 159691 1.0
1264 159780 1.0
1265 159850 1.0
1266 159924 1.0
1267 160003 1.0
1268 160088 1.0
1269 160153 1.0
1270 160309 1.0
1271 160458 1.0
1272 160537 1.0
1273 160606 1.0
1274 160753 1.0
1275 160821 1.0
1276 160882 1.0
1277 160951 1.0
1278 161062 1.0
1279 161157 1.0
1280 161215 1.0
1281 161367 1.0
1282 161435 1.0
1283 161504 1.0
1284 161576 1.0
1285 161650 1.0
1286 161736 1.0
1287 161813 1.0
1288 161909 1.0
1289 162000 1.0
1290 162069 1.0
1291 162160 1.0
1292 162226 1.0
1293 162341 1.0
1294 162474 1.0
1295 162599 1.0
1296 162685 1.0
1297 162758 1.0
1298 162831 1.0
1299 162920 1.0
1300 162979 1.0
1301 163051 1.0
1302 163111 1.0
1303 163219 1.0
1304 163363 1.0
1305 163453 1.0
1306 163516 1.0
1307 163612 1.0
1308 163696 1.0
1309 163761 1.0
1310 163833 1.0
1311 163916 1.0
1312 164022 1.0
1313 164106 1.0
1314 164175 1.0
1315 164246 1.0
1316 164320 1.0
1317 164394 1.0
1318 164472 1.0
1319 164543 1.0
1320 164634 1.0
1321 164717 1.0
1322 164785 1.0
1323 164843 1.0
1324 164902 1.0
1325 164971 1.0
1326 165058 1.0
1327 165128 1.0
1328 165211 1.0
1329 165282 1.0
1330 165354 1.0
1331 165441 1.0
1332 165506 1.0
1333 165607 1.0
1334 165673 1.0
1335 165745 1.0
1336 165819 1.0
1337 165893 1.0
1338 165961 1.0
1339 166031 1.0
1340 166145 1.0
1341 166222 1.0
1342 166331 1.0
1343 166416 1.0
1344 166496 1.0
1345 166601 1.0
1346 166688 1.0
1347 166751 1.0
1348 166831 1.0
1349 166899 1.0
1350 166980 1.0
1351 167061 1.0
1352 167139 1.0
1353 167256 1.0
1354 167348 1.0
1355 167430 1.0
1356 167497 1.0
1357 167594 1.0
1358 167684 1.0
1359 167767 1.0
1360 167834 1.0
1361 167897 1.0
1362 167967 1.0
1363 168069 1.0
1364 168167 1.0
1365 168259 1.0
1366 168327 1.0
1367 168403 1.0
1368 168480 1.0
1369 168553 1.0
1370 168660 1.0
1371 168737 1.0
1372 168811 1.0
1373 168892 1.0
1374 169023 1.0
1375 169108 1.0
1376 169176 1.0
1377 169232 1.0
1378 169308 1.0
1379 169363 1.0
1380 169442 1.0
1381 169527 1.0
1382 169614 1.0
1383 169723 1.0
1384 169784 1.0
1385 169868 1.0
1386 169946 1.0
1387 170026 1.0
1388 170130 1.0
1389 170203 1.0
1390 170285 1.0
1391 170359 1.0
1392 170423 1.0
1393 170522 1.0
1394 170596 1.0
1395 170665 1.0
1396 170749 1.0
1397 170829 1.0
1398 170952 1.0
1399 171012 1.0
1400 171087 1.0
1401 171181 1.0
1402 171259 1.0
1403 171366 1.0
1404 171439 1.0
1405 171518 1.0
1406 171607 1.0
1407 171707 1.0
1408 171786 1.0
1409 171855 1.0
1410 171930 1.0
1411 172078 1.0
1412 172161 1.0
1413 172285 1.0
1414 172347 1.0
1415 172415 1.0
1416 172519 1.0
1417 172599 1.0
1418 172702 1.0
1419 172794 1.0
1420 172874 1.0
1421 172947 1.0
1422 173092 1.0
1423 173166 1.0
1424 173234 1.0
1425 173297 1.0
1426 173363 1.0
1427 173446 1.0
1428 173515 1.0
1429 173592 1.0
1430 173738 1.0
1431 173803 1.0
1432 173864 1.0
1433 173940 1.0
1434 174007 1.0
1435 174096 1.0
1436 174165 1.0
1437 174270 1.0
1438 174344 1.0
1439 174489 1.0
1440 174541 1.0
1441 174611 1.0
1442 174725 1.0
1443 174897 1.0
1444 174969 1.0
1445 175033 1.0
1446 175127 1.0
1447 175252 1.0
1448 175322 1.0
1449 175394 1.0
1450 175468 1.0
1451 175542 1.0
1452 175633 1.0
1453 175717 1.0
1454 175818 1.0
1455 175912 1.0
1456 176010 1.0
1457 176087 1.0
1458 176156 1.0
1459 176248 1.0
1460 176313 1.0
1461 176380 1.0
1462 176508 1.0
1463 176581 1.0
1464 176644 1.0
1465 176728 1.0
1466 176832 1.0
1467 176900 1.0
1468 176969 1.0
1469 177043 1.0
1470 177122 1.0
1471 177202 1.0
1472 177274 1.0
1473 177345 1.0
1474 177481 1.0
1475 177579 1.0
1476 177651 1.0
1477 177727 1.0
1478 177840 1.0
1479 177956 1.0
1480 178029 1.0
1481 178104 1.0
1482 178161 1.0
1483 178233 1.0
1484 178346 1.0
1485 178427 1.0
1486 178498 1.0
1487 178600 1.0
1488 178657 1.0
1489 178750 1.0
1490 178820 1.0
1491 178916 1.0
1492 178986 1.0
1493 179076 1.0
1494 179154 1.0
1495 179212 1.0
1496 179426 1.0
1497 179556 1.0
1498 179671 1.0
1499 179762 1.0
1500 179912 1.0
1501 179996 1.0
1502 180116 1.0
1503 180205 1.0
1504 180355 1.0
1505 180431 1.0
1506 180519 1.0
1507 180610 1.0
1508 180695 1.0
1509 180760 1.0
1510 180881 1.0
1511 180988 1.0
1512 181064 1.0
1513 181137 1.0
1514 181215 1.0
1515 181282 1.0
1516 181365 1.0
1517 181426 1.0
1518 181541 1.0
1519 181607 1.0
1520 181724 1.0
1521 181798 1.0
1522 181896 1.0
1523 181968 1.0
1524 182057 1.0
1525 182150 1.0
1526 182215 1.0
1527 182281 1.0
1528 182409 1.0
1529 182480 1.0
1530 182554 1.0
1531 182666 1.0
1532 182741 1.0
1533 182862 1.0
1534 182989 1.0
1535 183075 1.0
1536 183163 1.0
1537 183288 1.0
1538 183392 1.0
1539 183453 1.0
1540 183549 1.0
1541 183617 1.0
1542 183763 1.0
1543 183849 1.0
1544 183944 1.0
1545 184002 1.0
1546 184066 1.0
1547 184144 1.0
1548 184204 1.0
1549 184279 1.0
1550 184418 1.0
1551 184510 1.0
1552 184583 1.0
1553 184658 1.0
1554 184731 1.0
1555 184810 1.0
1556 184893 1.0
1557 184988 1.0
1558 185054 1.0
1559 185124 1.0
1560 185198 1.0
1561 185320 1.0
1562 185404 1.0
1563 185485 1.0
1564 185548 1.0
1565 185631 1.0
1566 185718 1.0
1567 185820 1.0
1568 185938 1.0
1569 186001 1.0
1570 186067 1.0
1571 186130 1.0
1572 186217 1.0
1573 186305 1.0
1574 186411 1.0
1575 186501 1.0
1576 186586 1.0
1577 186666 1.0
1578 186746 1.0
1579 186802 1.0
1580 186896 1.0
1581 186956 1.0
1582 187034 1.0
1583 187121 1.0
1584 187200 1.0
1585 187267 1.0
1586 187344 1.0
1587 187412 1.0
1588 187490 1.0
1589 187567 1.0
1590 187668 1.0
1591 187726 1.0
1592 187830 1.0
1593 187891 1.0
1594 188006 1.0
1595 188106 1.0
1596 188232 1.0
1597 188360 1.0
1598 188437 1.0
1599 188546 1.0
1600 188634 1.0
1601 188702 1.0
1602 188788 1.0
1603 188882 1.0
1604 188973 1.0
1605 189054 1.0
1606 189112 1.0
1607 189178 1.0
1608 189252 1.0
1609 189342 1.0
1610 189469 1.0
1611 189591 1.0
1612 189695 1.0
1613 189771 1.0
1614 189878 1.0
1615 189952 1.0
1616 190038 1.0
1617 190101 1.0
1618 190175 1.0
1619 190277 1.0
1620 190354 1.0
1621 190418 1.0
1622 190496 1.0
1623 190570 1.0
1624 190649 1.0
1625 190722 1.0
1626 190788 1.0
1627 190863 1.0
1628 190943 1.0
1629 191008 1.0
1630 191068 1.0
1631 191132 1.0
1632 191220 1.0
1633 191283 1.0
1634 191354 1.0
1635 191409 1.0
1636 191497 1.0
1637 191557 1.0
1638 191653 1.0
1639 191749 1.0
1640 191831 1.0
1641 191913 1.0
1642 192001 1.0
1643 192116 1.0
1644 192173 1.0
1645 192253 1.0
1646 192313 1.0
1647 192376 1.0
1648 192498 1.0
1649 192565 1.0
1650 192679 1.0
1651 192766 1.0
1652 192836 1.0
1653 192931 1.0
1654 193021 1.0
1655 193118 1.0
1656 193197 1.0
1657 193262 1.0
1658 193413 1.0
1659 193519 1.0
1660 193632 1.0
1661 193740 1.0
1662 193815 1.0
1663 193881 1.0
1664 193960 1.0
1665 194075 1.0
1666 194141 1.0
1667 194214 1.0
1668 194286 1.0
1669 194356 1.0
1670 194436 1.0
1671 194506 1.0
1672 194596 1.0
1673 194668 1.0
1674 194743 1.0
1675 194815 1.0
1676 194887 1.0
1677 194967 1.0
1678 195070 1.0
1679 195164 1.0
1680 195258 1.0
1681 195340 1.0
1682 195421 1.0
1683 195508 1.0
1684 195580 1.0
1685 195656 1.0
1686 195733 1.0
1687 195821 1.0
1688 195884 1.0
1689 195981 1.0
1690 196087 1.0
1691 196166 1.0
1692 196241 1.0
1693 196303 1.0
1694 196388 1.0
1695 196456 1.0
1696 196527 1.0
1697 196592 1.0
1698 196664 1.0
1699 196815 1.0
1700 196929 1.0
1701 196993 1.0
1702 197169 1.0
1703 197269 1.0
1704 197378 1.0
1705 197459 1.0
1706 197530 1.0
1707 197591 1.0
1708 197676 1.0
1709 197752 1.0
1710 197813 1.0
1711 197960 1.0
1712 198055 1.0
1713 198138 1.0
1714 198201 1.0
1715 198271 1.0
1716 198339 1.0
1717 198405 1.0
1718 198475 1.0
1719 198561 1.0
1720 198624 1.0
1721 198697 1.0
1722 198752 1.0
1723 198833 1.0
1724 198917 1.0
1725 199016 1.0
1726 199106 1.0
1727 199165 1.0
1728 199245 1.0
1729 199336 1.0
1730 199399 1.0
1731 199494 1.0
1732 199584 1.0
1733 199699 1.0
1734 199793 1.0
1735 199875 1.0
1736 199966 1.0
1737 200046 1.0
1738 200113 1.0
1739 200233 1.0
1740 200320 1.0
1741 200395 1.0
1742 200470 1.0
1743 200534 1.0
1744 200601 1.0
1745 200668 1.0
1746 200775 1.0
1747 200844 1.0
1748 200919 1.0
1749 201004 1.0
1750 201073 1.0
1751 201138 1.0
1752 201216 1.0
1753 201280 1.0
1754 201365 1.0
1755 201452 1.0
1756 201537 1.0
1757 201591 1.0
1758 201670 1.0
1759 201733 1.0
1760 201902 1.0
1761 201993 1.0
1762 202076 1.0
1763 202139 1.0
1764 202225 1.0
1765 202311 1.0
1766 202420 1.0
1767 202483 1.0
1768 202568 1.0
1769 202648 1.0
1770 202748 1.0
1771 202813 1.0
1772 202907 1.0
1773 202991 1.0
1774 203080 1.0
1775 203173 1.0
1776 203309 1.0
1777 203382 1.0
1778 203481 1.0
1779 203565 1.0
1780 203653 1.0
1781 203773 1.0
1782 203856 1.0
1783 203942 1.0
1784 204016 1.0
1785 204107 1.0
1786 204188 1.0
1787 204251 1.0
1788 204365 1.0
1789 204433 1.0
1790 204498 1.0
1791 204563 1.0
1792 204633 1.0
1793 204776 1.0
1794 204863 1.0
1795 204929 1.0
1796 205001 1.0
1797 205075 1.0
1798 205142 1.0
1799 205215 1.0
1800 205309 1.0
1801 205410 1.0
1802 205480 1.0
1803 205569 1.0
1804 205637 1.0
1805 205772 1.0
1806 205843 1.0
1807 205956 1.0
1808 206046 1.0
1809 206165 1.0
1810 206251 1.0
1811 206330 1.0
1812 206404 1.0
1813 206498 1.0
1814 206565 1.0
1815 206631 1.0
1816 206703 1.0
1817 206777 1.0
1818 206838 1.0
1819 206921 1.0
1820 207006 1.0
1821 207073 1.0
1822 207152 1.0
1823 207203 1.0
1824 207305 1.0
1825 207402 1.0
1826 207510 1.0
1827 207578 1.0
1828 207651 1.0
1829 207721 1.0
1830 207825 1.0
1831 207895 1.0
1832 207957 1.0
1833 208034 1.0
1834 208110 1.0
1835 208168 1.0
1836 208270 1.0
1837 208350 1.0
1838 208430 1.0
1839 208506 1.0
1840 208579 1.0
1841 208645 1.0
1842 208713 1.0
1843 208780 1.0
1844 208863 1.0
1845 208929 1.0
1846 208994 1.0
1847 209050 1.0
1848 209126 1.0
1849 209234 1.0
1850 209322 1.0
1851 209447 1.0
1852 209524 1.0
1853 209602 1.0
1854 209685 1.0
1855 209748 1.0
1856 209821 1.0
1857 209886 1.0
1858 209956 1.0
1859 210019 1.0
1860 210090 1.0
1861 210165 1.0
1862 210251 1.0
1863 210410 1.0
1864 210484 1.0
1865 210577 1.0
1866 210674 1.0
1867 210738 1.0
1868 210835 1.0
1869 210920 1.0
1870 210986 1.0
1871 211068 1.0
1872 211148 1.0
1873 211216 1.0
1874 211294 1.0
1875 211409 1.0
1876 211475 1.0
1877 211560 1.0
1878 211654 1.0
1879 211749 1.0
1880 211812 1.0
1881 211894 1.0
1882 211983 1.0
1883 212087 1.0
1884 212160 1.0
1885 212253 1.0
1886 212333 1.0
1887 212398 1.0
1888 212485 1.0
1889 212574 1.0
1890 212655 1.0
1891 212714 1.0
1892 212770 1.0
1893 212861 1.0
1894 212934 1.0
1895 213000 1.0
1896 213081 1.0
1897 213153 1.0
1898 213248 1.0
1899 213337 1.0
1900 213439 1.0
1901 213523 1.0
1902 213609 1.0
1903 213703 1.0
1904 213811 1.0
1905 213873 1.0
1906 213980 1.0
1907 214074 1.0
1908 214139 1.0
1909 214201 1.0
1910 214298 1.0
1911 214374 1.0
1912 214467 1.0
1913 214564 1.0
1914 214630 1.0
1915 214722 1.0
1916 214801 1.0
1917 214890 1.0
1918 214955 1.0
1919 215028 1.0
1920 215124 1.0
1921 215200 1.0
1922 215267 1.0
1923 215337 1.0
1924 215391 1.0
1925 215453 1.0
1926 215551 1.0
1927 215650 1.0
1928 215718 1.0
1929 215816 1.0
1930 215925 1.0
1931 215992 1.0
1932 216072 1.0
1933 216140 1.0
1934 216204 1.0
1935 216267 1.0
1936 216333 1.0
1937 216426 1.0
1938 216497 1.0
1939 216596 1.0
1940 216666 1.0
1941 216756 1.0
1942 216823 1.0
1943 216890 1.0
1944 217015 1.0
1945 217119 1.0
1946 217256 1.0
1947 217354 1.0
1948 217436 1.0
1949 217519 1.0
1950 217770 1.0
1951 217856 1.0
1952 217936 1.0
1953 218019 1.0
1954 218102 1.0
1955 218195 1.0
1956 218277 1.0
1957 218377 1.0
1958 218463 1.0
1959 218538 1.0
1960 218692 1.0
1961 218769 1.0
1962 218843 1.0
1963 218920 1.0
1964 219016 1.0
1965 219080 1.0
1966 219211 1.0
1967 219283 1.0
1968 219358 1.0
1969 219467 1.0
1970 219540 1.0
1971 219612 1.0
1972 219672 1.0
1973 219752 1.0
1974 219836 1.0
1975 219911 1.0
1976 220052 1.0
1977 220141 1.0
1978 220252 1.0
1979 220317 1.0
1980 220388 1.0
1981 220572 1.0
1982 220649 1.0
1983 220727 1.0
1984 220791 1.0
1985 220862 1.0
1986 220935 1.0
1987 221005 1.0
1988 221088 1.0
1989 221153 1.0
1990 221306 1.0
1991 221382 1.0
1992 221460 1.0
1993 221551 1.0
1994 221622 1.0
1995 221695 1.0
1996 221767 1.0
1997 221881 1.0
1998 221960 1.0
1999 222052 1.0
2000 222125 1.0
2001 222234 1.0
2002 222300 1.0
2003 222382 1.0
2004 222444 1.0
2005 222511 1.0
2006 222591 1.0
2007 222672 1.0
2008 222731 1.0
2009 222857 1.0
2010 222955 1.0
2011 223049 1.0
2012 223112 1.0
2013 223204 1.0
2014 223313 1.0
2015 223388 1.0
2016 223457 1.0
2017 223596 1.0
2018 223670 1.0
2019 223759 1.0
2020 223818 1.0
2021 223878 1.0
2022 223950 1.0
2023 224035 1.0
2024 224119 1.0
2025 224190 1.0
2026 224249 1.0
2027 224326 1.0
2028 224392 1.0
2029 224483 1.0
2030 224577 1.0
2031 224667 1.0
2032 224741 1.0
2033 224810 1.0
2034 224886 1.0
2035 224949 1.0
2036 225073 1.0
2037 225147 1.0
2038 225224 1.0
2039 225288 1.0
2040 225360 1.0
2041 225512 1.0
2042 225617 1.0
2043 225671 1.0
2044 225772 1.0
2045 225894 1.0
2046 226001 1.0
2047 226070 1.0
2048 226145 1.0
2049 226249 1.0
2050 226309 1.0
2051 226386 1.0
2052 226459 1.0
2053 226549 1.0
2054 226616 1.0
2055 226693 1.0
2056 226791 1.0
2057 227011 1.0
2058 227094 1.0
2059 227171 1.0
2060 227247 1.0
2061 227380 1.0
2062 227452 1.0
2063 227535 1.0
2064 227673 1.0
2065 227836 1.0
2066 227926 1.0
2067 228006 1.0
2068 228079 1.0
2069 228153 1.0
2070 228283 1.0
2071 228364 1.0
2072 228431 1.0
2073 228510 1.0
2074 228602 1.0
2075 228714 1.0
2076 228798 1.0
2077 228872 1.0
2078 228952 1.0
2079 229034 1.0
2080 229113 1.0
2081 229237 1.0
2082 229307 1.0
2083 229372 1.0
2084 229473 1.0
2085 229551 1.0
2086 229630 1.0
2087 229697 1.0
2088 229825 1.0
2089 229894 1.0
2090 230038 1.0
2091 230109 1.0
2092 230167 1.0
2093 230238 1.0
2094 230319 1.0
2095 230386 1.0
2096 230455 1.0
2097 230541 1.0
2098 230641 1.0
2099 230718 1.0
2100 230788 1.0
2101 230855 1.0
2102 230931 1.0
2103 230997 1.0
2104 231101 1.0
2105 231175 1.0
2106 231252 1.0
2107 231314 1.0
2108 231373 1.0
2109 231443 1.0
2110 231555 1.0
2111 231632 1.0
2112 231696 1.0
2113 231787 1.0
2114 231874 1.0
2115 231959 1.0
2116 232031 1.0
2117 232107 1.0
2118 232162 1.0
2119 232247 1.0
2120 232354 1.0
2121 232457 1.0
2122 232532 1.0
2123 232619 1.0
2124 232705 1.0
2125 232770 1.0
2126 232851 1.0
2127 232905 1.0
2128 233001 1.0
2129 233093 1.0
2130 233209 1.0
2131 233298 1.0
2132 233360 1.0
2133 233465 1.0
2134 233557 1.0
2135 233639 1.0
2136 233712 1.0
2137 233808 1.0
2138 233931 1.0
2139 233995 1.0
2140 234071 1.0
2141 234143 1.0
2142 234215 1.0
2143 234290 1.0
2144 234375 1.0
2145 234438 1.0
2146 234517 1.0
2147 234595 1.0
2148 234666 1.0
2149 234753 1.0
2150 234852 1.0
2151 234949 1.0
2152 235034 1.0
2153 235115 1.0
2154 235198 1.0
2155 235277 1.0
2156 235347 1.0
2157 235412 1.0
2158 235477 1.0
2159 235553 1.0
2160 235643 1.0
2161 235721 1.0
2162 235804 1.0
2163 235873 1.0
2164 235978 1.0
2165 236041 1.0
2166 236123 1.0
2167 236191 1.0
2168 236252 1.0
2169 236329 1.0
2170 236396 1.0
2171 236463 1.0
2172 236536 1.0
2173 236610 1.0
2174 236678 1.0
2175 236747 1.0
2176 236810 1.0
2177 236909 1.0
2178 236969 1.0
2179 237051 1.0
2180 237121 1.0
2181 237205 1.0
2182 237282 1.0
2183 237370 1.0
2184 237434 1.0
2185 237506 1.0
2186 237601 1.0
2187 237668 1.0
2188 237755 1.0
2189 237838 1.0
2190 237948 1.0
2191 238069 1.0
2192 238144 1.0
2193 238213 1.0
2194 238283 1.0
2195 238371 1.0
2196 238452 1.0
2197 238566 1.0
2198 238647 1.0
2199 238707 1.0
2200 238776 1.0
2201 238935 1.0
2202 239004 1.0
2203 239083 1.0
2204 239182 1.0
2205 239246 1.0
2206 239308 1.0
2207 239432 1.0
2208 239520 1.0
2209 239599 1.0
2210 239684 1.0
2211 239754 1.0
2212 239866 1.0
2213 239932 1.0
2214 240005 1.0
2215 240084 1.0
2216 240161 1.0
2217 240225 1.0
2218 240422 1.0
2219 240506 1.0
2220 240595 1.0
2221 240681 1.0
2222 240765 1.0
2223 240849 1.0
2224 240925 1.0
2225 240992 1.0
2226 241076 1.0
2227 241151 1.0
2228 241248 1.0
2229 241327 1.0
2230 241437 1.0
2231 241514 1.0
2232 241659 1.0
2233 241728 1.0
2234 241799 1.0
2235 241893 1.0
2236 241976 1.0
2237 242046 1.0
2238 242100 1.0
2239 242184 1.0
2240 242242 1.0
2241 242319 1.0
2242 242403 1.0
2243 242583 1.0
2244 242652 1.0
2245 242749 1.0
2246 242809 1.0
2247 242871 1.0
2248 242944 1.0
2249 243019 1.0
2250 243079 1.0
2251 243149 1.0
2252 243234 1.0
2253 243318 1.0
2254 243443 1.0
2255 243517 1.0
2256 243583 1.0
2257 243753 1.0
2258 243825 1.0
2259 243884 1.0
2260 243953 1.0
2261 244022 1.0
2262 244090 1.0
2263 244165 1.0
2264 244262 1.0
2265 244335 1.0
2266 244422 1.0
2267 244491 1.0
2268 244587 1.0
2269 244651 1.0
2270 244735 1.0
2271 244969 1.0
2272 245045 1.0
2273 245119 1.0
2274 245237 1.0
2275 245289 1.0
2276 245366 1.0
2277 245444 1.0
2278 245526 1.0
2279 245597 1.0
2280 245668 1.0
2281 245769 1.0
2282 245839 1.0
2283 245921 1.0
2284 245985 1.0
2285 246041 1.0
2286 246147 1.0
2287 246223 1.0
2288 246325 1.0
2289 246384 1.0
2290 246474 1.0
2291 246543 1.0
2292 246644 1.0
2293 246721 1.0
2294 246801 1.0
2295 246876 1.0
2296 246950 1.0
2297 247015 1.0
2298 247144 1.0
2299 247215 1.0
2300 247274 1.0
2301 247414 1.0
2302 247480 1.0
2303 247553 1.0
2304 247639 1.0
2305 247707 1.0
2306 247776 1.0
2307 247863 1.0
2308 247943 1.0
2309 248025 1.0
2310 248104 1.0
2311 248221 1.0
2312 248294 1.0
2313 248370 1.0
2314 248465 1.0
2315 248540 1.0
2316 248606 1.0
2317 248679 1.0
2318 248783 1.0
2319 248861 1.0
2320 248928 1.0
2321 249005 1.0
2322 249086 1.0
2323 249171 1.0
2324 249262 1.0
2325 249341 1.0
2326 249417 1.0
2327 249541 1.0
2328 249622 1.0
2329 249760 1.0
2330 249847 1.0
2331 249926 1.0
2332 250011 1.0
2333 250094 1.0
2334 250160 1.0
2335 250229 1.0
2336 250299 1.0
2337 250379 1.0
2338 250454 1.0
2339 250540 1.0
2340 250615 1.0
2341 250700 1.0
2342 250762 1.0
2343 250838 1.0
2344 250917 1.0
2345 250978 1.0
2346 251072 1.0
2347 251151 1.0
2348 251224 1.0
2349 251306 1.0
2350 251418 1.0
2351 251496 1.0
2352 251567 1.0
2353 251662 1.0
2354 251739 1.0
2355 251819 1.0
2356 251901 1.0
2357 251976 1.0
2358 252059 1.0
2359 252165 1.0
2360 252241 1.0
2361 252321 1.0
2362 252404 1.0
2363 252481 1.0
2364 252538 1.0
2365 252622 1.0
2366 252691 1.0
2367 252774 1.0
2368 252883 1.0
2369 252974 1.0
2370 253060 1.0
2371 253148 1.0
2372 253211 1.0
2373 253294 1.0
2374 253364 1.0
2375 253436 1.0
2376 253521 1.0
2377 253631 1.0
2378 253707 1.0
2379 253801 1.0
2380 253871 1.0
2381 253941 1.0
2382 254017 1.0
2383 254133 1.0
2384 254243 1.0
2385 254307 1.0
2386 254388 1.0
2387 254465 1.0
2388 254549 1.0
2389 254640 1.0
2390 254717 1.0
2391 254819 1.0
2392 254898 1.0
2393 254977 1.0
2394 255086 1.0
2395 255145 1.0
2396 255214 1.0
2397 255287 1.0
2398 255371 1.0
2399 255445 1.0
2400 255510 1.0
2401 255572 1.0
2402 255638 1.0
2403 255701 1.0
2404 255805 1.0
2405 255877 1.0
2406 256010 1.0
2407 256092 1.0
2408 256166 1.0
2409 256256 1.0
2410 256347 1.0
2411 256423 1.0
2412 256506 1.0
2413 256575 1.0
2414 256655 1.0
2415 256731 1.0
2416 256836 1.0
2417 256915 1.0
2418 257006 1.0
2419 257086 1.0
2420 257176 1.0
2421 257234 1.0
2422 257306 1.0
2423 257374 1.0
2424 257467 1.0
2425 257523 1.0
2426 257594 1.0
2427 257659 1.0
2428 257721 1.0
2429 257791 1.0
2430 257868 1.0
2431 257942 1.0
2432 258010 1.0
2433 258080 1.0
2434 258157 1.0
2435 258226 1.0
2436 258295 1.0
2437 258411 1.0
2438 258485 1.0
2439 258579 1.0
2440 258681 1.0
2441 258756 1.0
2442 258838 1.0
2443 258945 1.0
2444 259008 1.0
2445 259101 1.0
2446 259171 1.0
2447 259238 1.0
2448 259313 1.0
2449 259395 1.0
2450 259464 1.0
2451 259570 1.0
2452 259635 1.0
2453 259738 1.0
2454 259817 1.0
2455 259954 1.0
2456 260024 1.0
2457 260105 1.0
2458 260185 1.0
2459 260251 1.0
2460 260303 1.0
2461 260392 1.0
2462 260461 1.0
2463 260541 1.0
2464 260628 1.0
2465 260742 1.0
2466 260828 1.0
2467 260884 1.0
2468 260962 1.0
2469 261042 1.0
2470 261129 1.0
2471 261196 1.0
2472 261306 1.0
2473 261369 1.0
2474 261439 1.0
2475 261518 1.0
2476 261595 1.0
2477 261669 1.0
2478 261728 1.0
2479 261808 1.0
2480 261871 1.0
2481 261938 1.0
2482 262011 1.0
2483 262083 1.0
2484 262148 1.0
2485 262242 1.0
2486 262343 1.0
2487 262434 1.0
2488 262511 1.0
2489 262575 1.0
2490 262641 1.0
2491 262711 1.0
2492 262794 1.0
2493 262874 1.0
2494 262938 1.0
2495 263000 1.0
2496 263072 1.0
2497 263163 1.0
2498 263235 1.0
2499 263296 1.0
2500 263389 1.0
2501 263481 1.0
2502 263550 1.0
2503 263681 1.0
2504 263768 1.0
2505 263834 1.0
2506 263884 1.0
2507 263957 1.0
2508 264043 1.0
2509 264129 1.0
2510 264215 1.0
2511 264286 1.0
2512 264407 1.0
2513 264492 1.0
2514 264557 1.0
2515 264621 1.0
2516 264692 1.0
2517 264786 1.0
2518 264854 1.0
2519 264922 1.0
2520 264984 1.0
2521 265064 1.0
2522 265137 1.0
2523 265209 1.0
2524 265293 1.0
2525 265398 1.0
2526 265478 1.0
2527 265631 1.0
2528 265712 1.0
2529 265794 1.0
2530 265861 1.0
2531 265919 1.0
2532 265995 1.0
2533 266056 1.0
2534 266116 1.0
2535 266193 1.0
2536 266264 1.0
2537 266325 1.0
2538 266382 1.0
2539 266481 1.0
2540 266577 1.0
2541 266660 1.0
2542 266731 1.0
2543 266800 1.0
2544 266879 1.0
2545 267014 1.0
2546 267081 1.0
2547 267162 1.0
2548 267224 1.0
2549 267299 1.0
2550 267391 1.0
2551 267460 1.0
2552 267546 1.0
2553 267613 1.0
2554 267687 1.0
2555 267762 1.0
2556 267866 1.0
2557 267940 1.0
2558 268030 1.0
2559 268098 1.0
2560 268244 1.0
2561 268315 1.0
2562 268385 1.0
2563 268477 1.0
2564 268568 1.0
2565 268635 1.0
2566 268711 1.0
2567 268772 1.0
2568 268847 1.0
2569 268947 1.0
2570 269030 1.0
2571 269110 1.0
2572 269190 1.0
2573 269273 1.0
2574 269340 1.0
2575 269432 1.0
2576 269498 1.0
2577 269644 1.0
2578 269714 1.0
2579 269782 1.0
2580 269903 1.0
2581 269988 1.0
2582 270080 1.0
2583 270153 1.0
2584 270204 1.0
2585 270282 1.0
2586 270374 1.0
2587 270439 1.0
2588 270513 1.0
2589 270606 1.0
2590 270693 1.0
2591 270797 1.0
2592 270866 1.0
2593 270927 1.0
2594 270999 1.0
2595 271065 1.0
2596 271151 1.0
2597 271226 1.0
2598 271291 1.0
2599 271351 1.0
2600 271422 1.0
2601 271502 1.0
2602 271576 1.0
2603 271644 1.0
2604 271731 1.0
2605 271794 1.0
2606 271879 1.0
2607 271954 1.0
2608 272051 1.0
2609 272117 1.0
2610 272195 1.0
2611 272277 1.0
2612 272349 1.0
2613 272419 1.0
2614 272486 1.0
2615 272568 1.0
2616 272638 1.0
2617 272728 1.0
2618 272792 1.0
2619 272847 1.0
2620 272924 1.0
2621 272990 1.0
2622 273058 1.0
2623 273156 1.0
2624 273247 1.0
2625 273346 1.0
2626 273413 1.0
2627 273470 1.0
2628 273564 1.0
2629 273643 1.0
2630 273708 1.0
2631 273765 1.0
2632 273840 1.0
2633 273912 1.0
2634 274006 1.0
2635 274071 1.0
2636 274128 1.0
2637 274207 1.0
2638 274293 1.0
2639 274365 1.0
2640 274427 1.0
2641 274531 1.0
2642 274608 1.0
2643 274668 1.0
2644 274763 1.0
2645 274831 1.0
2646 274898 1.0
2647 274964 1.0
2648 275072 1.0
2649 275161 1.0
2650 275229 1.0
2651 275302 1.0
2652 275369 1.0
2653 275449 1.0
2654 275524 1.0
2655 275590 1.0
2656 275667 1.0
2657 275729 1.0
2658 275802 1.0
2659 275877 1.0
2660 275937 1.0
2661 276030 1.0
2662 276097 1.0
2663 276177 1.0
2664 276244 1.0
2665 276321 1.0
2666 276431 1.0
2667 276510 1.0
2668 276568 1.0
2669 276637 1.0
2670 276715 1.0
2671 276807 1.0
2672 276872 1.0
2673 276940 1.0
2674 277013 1.0
2675 277097 1.0
2676 277157 1.0
2677 277259 1.0
2678 277330 1.0
2679 277407 1.0
2680 277465 1.0
2681 277537 1.0
2682 277619 1.0
2683 277759 1.0
2684 277841 1.0
2685 277909 1.0
2686 277992 1.0
2687 278068 1.0
2688 278134 1.0
2689 278193 1.0
2690 278243 1.0
2691 278327 1.0
2692 278433 1.0
2693 278566 1.0
2694 278645 1.0
2695 278785 1.0
2696 278844 1.0
2697 278917 1.0
2698 278997 1.0
2699 279094 1.0
2700 279156 1.0
2701 279218 1.0
2702 279269 1.0
2703 279337 1.0
2704 279497 1.0
2705 279570 1.0
2706 279641 1.0
2707 279722 1.0
2708 279822 1.0
2709 279924 1.0
2710 280012 1.0
2711 280169 1.0
2712 280230 1.0
2713 280298 1.0
2714 280370 1.0
2715 280439 1.0
2716 280519 1.0
2717 280597 1.0
2718 280683 1.0
2719 280756 1.0
2720 280837 1.0
2721 280918 1.0
2722 281110 1.0
2723 281214 1.0
2724 281292 1.0
2725 281348 1.0
2726 281448 1.0
2727 281506 1.0
2728 281597 1.0
2729 281662 1.0
2730 281734 1.0
2731 281817 1.0
2732 281875 1.0
2733 281987 1.0
2734 282056 1.0
2735 282130 1.0
2736 282266 1.0
2737 282325 1.0
2738 282394 1.0
2739 282476 1.0
2740 282549 1.0
2741 282629 1.0
2742 282720 1.0
2743 282791 1.0
2744 282885 1.0
2745 282959 1.0
2746 283042 1.0
2747 283144 1.0
2748 283248 1.0
2749 283317 1.0
2750 283401 1.0
2751 283523 1.0
2752 283585 1.0
2753 283671 1.0
2754 283770 1.0
2755 283833 1.0
2756 283892 1.0
2757 283972 1.0
2758 284048 1.0
2759 284111 1.0
2760 284180 1.0
2761 284283 1.0
2762 284346 1.0
2763 284411 1.0
2764 284483 1.0
2765 284559 1.0
2766 284658 1.0
2767 284725 1.0
2768 284818 1.0
2769 284886 1.0
2770 284956 1.0
2771 285029 1.0
2772 285110 1.0
2773 285179 1.0
2774 285273 1.0
2775 285336 1.0
2776 285421 1.0
2777 285514 1.0
2778 285581 1.0
2779 285661 1.0
2780 285745 1.0
2781 285829 1.0
2782 285903 1.0
2783 285966 1.0
2784 286071 1.0
2785 286184 1.0
2786 286248 1.0
2787 286334 1.0
2788 286398 1.0
2789 286476 1.0
2790 286703 1.0
2791 286798 1.0
2792 286879 1.0
2793 287025 1.0
2794 287090 1.0
2795 287165 1.0
2796 287237 1.0
2797 287323 1.0
2798 287408 1.0
2799 287468 1.0
2800 287542 1.0
2801 287621 1.0
2802 287684 1.0
2803 287773 1.0
2804 287857 1.0
2805 287931 1.0
2806 287992 1.0
2807 288066 1.0
2808 288136 1.0
2809 288230 1.0
2810 288305 1.0
2811 288367 1.0
2812 288463 1.0
2813 288543 1.0
2814 288611 1.0
2815 288698 1.0
2816 288771 1.0
2817 288833 1.0
2818 288889 1.0
2819 288989 1.0
2820 289072 1.0
2821 289159 1.0
2822 289231 1.0
2823 289325 1.0
2824 289395 1.0
2825 289476 1.0
2826 289560 1.0
2827 289658 1.0
2828 289782 1.0
2829 289856 1.0
2830 289926 1.0
2831 290001 1.0
2832 290071 1.0
2833 290139 1.0
2834 290203 1.0
2835 290316 1.0
2836 290391 1.0
2837 290461 1.0
2838 290520 1.0
2839 290592 1.0
2840 290695 1.0
2841 290757 1.0
2842 290835 1.0
2843 291008 1.0
2844 291076 1.0
2845 291190 1.0
2846 291296 1.0
2847 291378 1.0
2848 291459 1.0
2849 291514 1.0
2850 291583 1.0
2851 291689 1.0
2852 291758 1.0
2853 291833 1.0
2854 291913 1.0
2855 291983 1.0
2856 292064 1.0
2857 292126 1.0
2858 292225 1.0
2859 292285 1.0
2860 292332 1.0
2861 292416 1.0
2862 292498 1.0
2863 292557 1.0
2864 292633 1.0
2865 292699 1.0
2866 292763 1.0
2867 292834 1.0
2868 292915 1.0
2869 292977 1.0
2870 293045 1.0
2871 293196 1.0
2872 293263 1.0
2873 293338 1.0
2874 293406 1.0
2875 293501 1.0
2876 293571 1.0
2877 293630 1.0
2878 293702 1.0
2879 293766 1.0
2880 293838 1.0
2881 293956 1.0
2882 294027 1.0
2883 294114 1.0
2884 294187 1.0
2885 294258 1.0
2886 294325 1.0
2887 294420 1.0
2888 294492 1.0
2889 294552 1.0
2890 294638 1.0
2891 294714 1.0
2892 294801 1.0
2893 294876 1.0
2894 294968 1.0
2895 295051 1.0
2896 295116 1.0
2897 295216 1.0
2898 295272 1.0
2899 295336 1.0
2900 295420 1.0
2901 295555 1.0
2902 295619 1.0
2903 295731 1.0
2904 295808 1.0
2905 295874 1.0
2906 295938 1.0
2907 296125 1.0
2908 296194 1.0
2909 296289 1.0
2910 296374 1.0
2911 296443 1.0
2912 296517 1.0
2913 296590 1.0
2914 296655 1.0
2915 296730 1.0
2916 296802 1.0
2917 296897 1.0
2918 296980 1.0
2919 297049 1.0
2920 297143 1.0
2921 297221 1.0
2922 297326 1.0
2923 297428 1.0
2924 297508 1.0
2925 297577 1.0
2926 297658 1.0
2927 297722 1.0
2928 297803 1.0
2929 297908 1.0
2930 297984 1.0
2931 298047 1.0
2932 298125 1.0
2933 298197 1.0
2934 298270 1.0
2935 298358 1.0
2936 298423 1.0
2937 298502 1.0
2938 298577 1.0
2939 298648 1.0
2940 298732 1.0
2941 298799 1.0
2942 298882 1.0
2943 298952 1.0
2944 299017 1.0
2945 299084 1.0
2946 299180 1.0
2947 299238 1.0
2948 299319 1.0
2949 299415 1.0
2950 299480 1.0
2951 299553 1.0
2952 299670 1.0
2953 299765 1.0
2954 299868 1.0
2955 299938 1.0
2956 300013 1.0
2957 300074 1.0
2958 300168 1.0
2959 300241 1.0
2960 300306 1.0
2961 300394 1.0
2962 300461 1.0
2963 300577 1.0
2964 300638 1.0
2965 300708 1.0
2966 300794 1.0
2967 300872 1.0
2968 300942 1.0
2969 301021 1.0
2970 301112 1.0
2971 301182 1.0
2972 301233 1.0
2973 301308 1.0
2974 301376 1.0
2975 301436 1.0
2976 301499 1.0
2977 301578 1.0
2978 301639 1.0
2979 301731 1.0
2980 301800 1.0
2981 301910 1.0
2982 302020 1.0
2983 302102 1.0
2984 302168 1.0
2985 302247 1.0
2986 302383 1.0
2987 302459 1.0
2988 302570 1.0
2989 302652 1.0
2990 302735 1.0
2991 302857 1.0
2992 302919 1.0
2993 303007 1.0
2994 303089 1.0
2995 303176 1.0
2996 303242 1.0
2997 303340 1.0
2998 303411 1.0
2999 303487 1.0
3000 303589 1.0
3001 303673 1.0
3002 303802 1.0
3003 303876 1.0
3004 303978 1.0
3005 304052 1.0
3006 304120 1.0
3007 304180 1.0
3008 304231 1.0
3009 304319 1.0
3010 304432 1.0
3011 304500 1.0
3012 304602 1.0
3013 304701 1.0
3014 304781 1.0
3015 304851 1.0
3016 304934 1.0
3017 304996 1.0
3018 305069 1.0
3019 305130 1.0
3020 305193 1.0
3021 305277 1.0
3022 305367 1.0
3023 305438 1.0
3024 305499 1.0
3025 305578 1.0
3026 305647 1.0
3027 305732 1.0
3028 305852 1.0
3029 305919 1.0
3030 306003 1.0
3031 306067 1.0
3032 306137 1.0
3033 306201 1.0
3034 306278 1.0
3035 306346 1.0
3036 306413 1.0
3037 306484 1.0
3038 306573 1.0
3039 306642 1.0
3040 306700 1.0
3041 306784 1.0
3042 306872 1.0
3043 306935 1.0
3044 307025 1.0
3045 307109 1.0
3046 307179 1.0
3047 307242 1.0
3048 307330 1.0
3049 307394 1.0
3050 307548 1.0
3051 307613 1.0
3052 307684 1.0
3053 307757 1.0
3054 307884 1.0
3055 307983 1.0
3056 308051 1.0
3057 308115 1.0
3058 308198 1.0
3059 308273 1.0
3060 308347 1.0
3061 308456 1.0
3062 308514 1.0
3063 308588 1.0
3064 308688 1.0
3065 308751 1.0
3066 308836 1.0
3067 308899 1.0
3068 309002 1.0
3069 309085 1.0
3070 309171 1.0
3071 309250 1.0
3072 309308 1.0
3073 309373 1.0
3074 309473 1.0
3075 309543 1.0
3076 309608 1.0
3077 309713 1.0
3078 309781 1.0
3079 309843 1.0
3080 309922 1.0
3081 309992 1.0
3082 310086 1.0
3083 310168 1.0
3084 310232 1.0
3085 310308 1.0
3086 310394 1.0
3087 310471 1.0
3088 310547 1.0
3089 310652 1.0
3090 310722 1.0
3091 310807 1.0
3092 310892 1.0
3093 310971 1.0
3094 311061 1.0
3095 311139 1.0
3096 311223 1.0
3097 311299 1.0
3098 311384 1.0
3099 311459 1.0
3100 311533 1.0
3101 311604 1.0
3102 311666 1.0
3103 311728 1.0
3104 311791 1.0
3105 311860 1.0
3106 311919 1.0
3107 311997 1.0
3108 312093 1.0
3109 312175 1.0
3110 312249 1.0
3111 312322 1.0
3112 312380 1.0
3113 312445 1.0
3114 312534 1.0
3115 312631 1.0
3116 312699 1.0
3117 312780 1.0
3118 312857 1.0
3119 312937 1.0
3120 313046 1.0
3121 313102 1.0
3122 313178 1.0
3123 313242 1.0
3124 313319 1.0
3125 313390 1.0
3126 313546 1.0
3127 313628 1.0
3128 313748 1.0
3129 313814 1.0
3130 313877 1.0
3131 313959 1.0
3132 314029 1.0
3133 314091 1.0
3134 314186 1.0
3135 314269 1.0
3136 314373 1.0
3137 314446 1.0
3138 314515 1.0
3139 314573 1.0
3140 314659 1.0
3141 314751 1.0
3142 314813 1.0
3143 314896 1.0
3144 314963 1.0
3145 315033 1.0
3146 315112 1.0
3147 315193 1.0
3148 315260 1.0
3149 315323 1.0
3150 315402 1.0
3151 315513 1.0
3152 315601 1.0
3153 315674 1.0
3154 315763 1.0
3155 315848 1.0
3156 315944 1.0
3157 316018 1.0
3158 316106 1.0
3159 316180 1.0
3160 316253 1.0
3161 316314 1.0
3162 316382 1.0
3163 316559 1.0
3164 316640 1.0
3165 316710 1.0
3166 316772 1.0
3167 316842 1.0
3168 316921 1.0
3169 316985 1.0
3170 317075 1.0
3171 317195 1.0
3172 317264 1.0
3173 317356 1.0
3174 317434 1.0
3175 317511 1.0
3176 317602 1.0
3177 317673 1.0
3178 317746 1.0
3179 317810 1.0
3180 317888 1.0
3181 317954 1.0
3182 318070 1.0
3183 318147 1.0
3184 318234 1.0
3185 318296 1.0
3186 318352 1.0
3187 318426 1.0
3188 318496 1.0
3189 318574 1.0
3190 318639 1.0
3191 318720 1.0
3192 318803 1.0
3193 318899 1.0
3194 318968 1.0
3195 319048 1.0
3196 319115 1.0
3197 319188 1.0
3198 319321 1.0
3199 319409 1.0
3200 319468 1.0
3201 319540 1.0
3202 319623 1.0
3203 319713 1.0
3204 319783 1.0
3205 319849 1.0
3206 319907 1.0
3207 319973 1.0
3208 320047 1.0
3209 320126 1.0
3210 320199 1.0
3211 320280 1.0
3212 320351 1.0
3213 320437 1.0
3214 320511 1.0
3215 320585 1.0
3216 320665 1.0
3217 320730 1.0
3218 320787 1.0
3219 320844 1.0
3220 320929 1.0
3221 321001 1.0
3222 321071 1.0
3223 321149 1.0
3224 321248 1.0
3225 321328 1.0
3226 321388 1.0
3227 321514 1.0
3228 321585 1.0
3229 321651 1.0
3230 321745 1.0
3231 321840 1.0
3232 321921 1.0
3233 321978 1.0
3234 322042 1.0
3235 322104 1.0
3236 322180 1.0
3237 322261 1.0
3238 322347 1.0
3239 322421 1.0
3240 322489 1.0
3241 322579 1.0
3242 322645 1.0
3243 322729 1.0
3244 322797 1.0
3245 322854 1.0
3246 322932 1.0
3247 323037 1.0
3248 323129 1.0
3249 323202 1.0
3250 323278 1.0
3251 323349 1.0
3252 323472 1.0
3253 323573 1.0
3254 323637 1.0
3255 323715 1.0
3256 323815 1.0
3257 323912 1.0
3258 323979 1.0
3259 324049 1.0
3260 324136 1.0
3261 324215 1.0
3262 324315 1.0
3263 324376 1.0
3264 324453 1.0
3265 324518 1.0
3266 324589 1.0
3267 324661 1.0
3268 324742 1.0
3269 324882 1.0
3270 324971 1.0
3271 325039 1.0
3272 325120 1.0
3273 325195 1.0
3274 325270 1.0
3275 325331 1.0
3276 325393 1.0
3277 325475 1.0
3278 325580 1.0
3279 325664 1.0
3280 325741 1.0
3281 325816 1.0
3282 325898 1.0
3283 325976 1.0
3284 326032 1.0
3285 326097 1.0
3286 326174 1.0
3287 326237 1.0
3288 326313 1.0
3289 326376 1.0
3290 326478 1.0
3291 326543 1.0
3292 326613 1.0
3293 326677 1.0
3294 326740 1.0
3295 326813 1.0
3296 326894 1.0
3297 326970 1.0
3298 327039 1.0
3299 327115 1.0
3300 327226 1.0
3301 327294 1.0
3302 327354 1.0
3303 327540 1.0
3304 327607 1.0
3305 327683 1.0
3306 327758 1.0
3307 327839 1.0
3308 327917 1.0
3309 328029 1.0
3310 328133 1.0
3311 328194 1.0
3312 328255 1.0
3313 328331 1.0
3314 328411 1.0
3315 328486 1.0
3316 328552 1.0
3317 328663 1.0
3318 328726 1.0
3319 328786 1.0
3320 328857 1.0
3321 328930 1.0
3322 328990 1.0
3323 329050 1.0
3324 329136 1.0
3325 329216 1.0
3326 329295 1.0
3327 329375 1.0
3328 329450 1.0
3329 329520 1.0
3330 329584 1.0
3331 329678 1.0
3332 329775 1.0
3333 329869 1.0
3334 329944 1.0
3335 330017 1.0
3336 330090 1.0
3337 330150 1.0
3338 330215 1.0
3339 330289 1.0
3340 330360 1.0
3341 330456 1.0
3342 330525 1.0
3343 330605 1.0
3344 330681 1.0
3345 330758 1.0
3346 330832 1.0
3347 330898 1.0
3348 330960 1.0
3349 331031 1.0
3350 331103 1.0
3351 331174 1.0
3352 331247 1.0
3353 331361 1.0
3354 331429 1.0
3355 331489 1.0
3356 331551 1.0
3357 331637 1.0
3358 331710 1.0
3359 331770 1.0
3360 331864 1.0
3361 331929 1.0
3362 331986 1.0
3363 332058 1.0
3364 332127 1.0
3365 332191 1.0
3366 332251 1.0
3367 332338 1.0
3368 332414 1.0
3369 332586 1.0
3370 332656 1.0
3371 332758 1.0
3372 332860 1.0
3373 332924 1.0
3374 332993 1.0
3375 333107 1.0
3376 333172 1.0
3377 333250 1.0
3378 333341 1.0
3379 333452 1.0
3380 333518 1.0
3381 333588 1.0
3382 333708 1.0
3383 333844 1.0
3384 333930 1.0
3385 333996 1.0
3386 334064 1.0
3387 334138 1.0
3388 334222 1.0
3389 334296 1.0
3390 334376 1.0
3391 334449 1.0
3392 334536 1.0
3393 334616 1.0
3394 334699 1.0
3395 334769 1.0
3396 334836 1.0
3397 334896 1.0
3398 334981 1.0
3399 335095 1.0
3400 335149 1.0
3401 335226 1.0
3402 335287 1.0
3403 335345 1.0
3404 335412 1.0
3405 335523 1.0
3406 335621 1.0
3407 335719 1.0
3408 335809 1.0
3409 335879 1.0
3410 335964 1.0
3411 336040 1.0
3412 336107 1.0
3413 336175 1.0
3414 336271 1.0
3415 336340 1.0
3416 336429 1.0
3417 336496 1.0
3418 336577 1.0
3419 336639 1.0
3420 336704 1.0
3421 336786 1.0
3422 336850 1.0
3423 336916 1.0
3424 336999 1.0
3425 337059 1.0
3426 337161 1.0
3427 337241 1.0
3428 337312 1.0
3429 337402 1.0
3430 337478 1.0
3431 337541 1.0
3432 337777 1.0
3433 337855 1.0
3434 337923 1.0
3435 337984 1.0
3436 338047 1.0
3437 338144 1.0
3438 338206 1.0
3439 338281 1.0
3440 338349 1.0
3441 338421 1.0
3442 338486 1.0
3443 338550 1.0
3444 338630 1.0
3445 338709 1.0
3446 338791 1.0
3447 338869 1.0
3448 338939 1.0
3449 339035 1.0
3450 339104 1.0
3451 339164 1.0
3452 339271 1.0
3453 339334 1.0
3454 339406 1.0
3455 339495 1.0
3456 339580 1.0
3457 339640 1.0
3458 339703 1.0
3459 339764 1.0
3460 339860 1.0
3461 339932 1.0
3462 340002 1.0
3463 340096 1.0
3464 340179 1.0
3465 340243 1.0
3466 340364 1.0
3467 340464 1.0
3468 340524 1.0
3469 340588 1.0
3470 340654 1.0
3471 340730 1.0
3472 340814 1.0
3473 340883 1.0
3474 340996 1.0
3475 341065 1.0
3476 341125 1.0
3477 341217 1.0
3478 341299 1.0
3479 341369 1.0
3480 341440 1.0
3481 341510 1.0
3482 341587 1.0
3483 341651 1.0
3484 341719 1.0
3485 341801 1.0
3486 341879 1.0
3487 341974 1.0
3488 342051 1.0
3489 342110 1.0
3490 342181 1.0
3491 342260 1.0
3492 342396 1.0
3493 342452 1.0
3494 342518 1.0
3495 342610 1.0
3496 342683 1.0
3497 342733 1.0
3498 342808 1.0
3499 342863 1.0
3500 342943 1.0
3501 343011 1.0
3502 343077 1.0
3503 343152 1.0
3504 343215 1.0
3505 343279 1.0
3506 343347 1.0
3507 343418 1.0
3508 343479 1.0
3509 343549 1.0
3510 343628 1.0
3511 343694 1.0
3512 343761 1.0
3513 343829 1.0
3514 343905 1.0
3515 343973 1.0
3516 344049 1.0
3517 344124 1.0
3518 344193 1.0
3519 344272 1.0
3520 344473 1.0
3521 344572 1.0
3522 344644 1.0
3523 344703 1.0
3524 344776 1.0
3525 344834 1.0
3526 344922 1.0
3527 345021 1.0
3528 345094 1.0
3529 345169 1.0
3530 345254 1.0
3531 345324 1.0
3532 345411 1.0
3533 345474 1.0
3534 345549 1.0
3535 345631 1.0
3536 345724 1.0
3537 345971 1.0
3538 346031 1.0
3539 346124 1.0
3540 346206 1.0
3541 346296 1.0
3542 346369 1.0
3543 346495 1.0
3544 346558 1.0
3545 346632 1.0
3546 346747 1.0
3547 346814 1.0
3548 346905 1.0
3549 346967 1.0
3550 347028 1.0
3551 347090 1.0
3552 347157 1.0
3553 347221 1.0
3554 347310 1.0
3555 347384 1.0
3556 347453 1.0
3557 347531 1.0
3558 347603 1.0
3559 347677 1.0
3560 347739 1.0
3561 347797 1.0
3562 347867 1.0
3563 348015 1.0
3564 348078 1.0
3565 348162 1.0
3566 348232 1.0
3567 348323 1.0
3568 348405 1.0
3569 348474 1.0
3570 348532 1.0
3571 348601 1.0
3572 348680 1.0
3573 348750 1.0
3574 348825 1.0
3575 348910 1.0
3576 348976 1.0
3577 349048 1.0
3578 349120 1.0
3579 349202 1.0
3580 349268 1.0
3581 349343 1.0
3582 349425 1.0
3583 349492 1.0
3584 349573 1.0
3585 349639 1.0
3586 349709 1.0
3587 349784 1.0
3588 349882 1.0
3589 349947 1.0
3590 350087 1.0
3591 350162 1.0
3592 350257 1.0
3593 350366 1.0
3594 350428 1.0
3595 350519 1.0
3596 350592 1.0
3597 350653 1.0
3598 350720 1.0
3599 350790 1.0
3600 350848 1.0
3601 350919 1.0
3602 350989 1.0
3603 351057 1.0
3604 351130 1.0
3605 351302 1.0
3606 351393 1.0
3607 351463 1.0
3608 351529 1.0
3609 351609 1.0
3610 351690 1.0
3611 351747 1.0
3612 351822 1.0
3613 351887 1.0
3614 351972 1.0
3615 352031 1.0
3616 352090 1.0
3617 352169 1.0
3618 352230 1.0
3619 352307 1.0
3620 352378 1.0
3621 352439 1.0
3622 352500 1.0
3623 352577 1.0
3624 352661 1.0
3625 352734 1.0
3626 352839 1.0
3627 352935 1.0
3628 353005 1.0
3629 353076 1.0
3630 353143 1.0
3631 353223 1.0
3632 353316 1.0
3633 353373 1.0
3634 353438 1.0
3635 353500 1.0
3636 353586 1.0
3637 353649 1.0
3638 353724 1.0
3639 353820 1.0
3640 353895 1.0
3641 353963 1.0
3642 354031 1.0
3643 354094 1.0
3644 354180 1.0
3645 354249 1.0
3646 354329 1.0
3647 354399 1.0
3648 354472 1.0
3649 354543 1.0
3650 354627 1.0
3651 354702 1.0
3652 354806 1.0
3653 354917 1.0
3654 354994 1.0
3655 355059 1.0
3656 355127 1.0
3657 355188 1.0
3658 355261 1.0
3659 355326 1.0
3660 355439 1.0
3661 355507 1.0
3662 355564 1.0
3663 355628 1.0
3664 355701 1.0
3665 355803 1.0
3666 355896 1.0
3667 355984 1.0
3668 356048 1.0
3669 356105 1.0
3670 356179 1.0
3671 356254 1.0
3672 356346 1.0
3673 356416 1.0
3674 356476 1.0
3675 356539 1.0
3676 356625 1.0
3677 356725 1.0
3678 356804 1.0
3679 356878 1.0
3680 356944 1.0
3681 357010 1.0
3682 357088 1.0
3683 357144 1.0
3684 357207 1.0
3685 357299 1.0
3686 357375 1.0
3687 357451 1.0
3688 357517 1.0
3689 357611 1.0
3690 357691 1.0
3691 357766 1.0
3692 357878 1.0
3693 357939 1.0
3694 358013 1.0
3695 358073 1.0
3696 358196 1.0
3697 358253 1.0
3698 358311 1.0
3699 358398 1.0
3700 358459 1.0
3701 358540 1.0
3702 358639 1.0
3703 358702 1.0
3704 358768 1.0
3705 358828 1.0
3706 358885 1.0
3707 358977 1.0
3708 359047 1.0
3709 359136 1.0
3710 359226 1.0
3711 359304 1.0
3712 359369 1.0
3713 359429 1.0
3714 359505 1.0
3715 359557 1.0
3716 359623 1.0
3717 359709 1.0
3718 359780 1.0
3719 359862 1.0
3720 359945 1.0
3721 360017 1.0
3722 360089 1.0
3723 360172 1.0
3724 360237 1.0
3725 360318 1.0
3726 360388 1.0
3727 360464 1.0
3728 360526 1.0
3729 360596 1.0
3730 360665 1.0
3731 360736 1.0
3732 360808 1.0
3733 360891 1.0
3734 360956 1.0
3735 361022 1.0
3736 361097 1.0
3737 361176 1.0
3738 361240 1.0
3739 361335 1.0
3740 361400 1.0
3741 361474 1.0
3742 361538 1.0
3743 361606 1.0
3744 361682 1.0
3745 361744 1.0
3746 361811 1.0
3747 361897 1.0
3748 361980 1.0
3749 362044 1.0
3750 362112 1.0
3751 362189 1.0
3752 362268 1.0
3753 362336 1.0
3754 362412 1.0
3755 362508 1.0
3756 362570 1.0
3757 362638 1.0
3758 362706 1.0
3759 362786 1.0
3760 362864 1.0
3761 362940 1.0
3762 363007 1.0
3763 363088 1.0
3764 363185 1.0
3765 363247 1.0
3766 363339 1.0
3767 363419 1.0
3768 363501 1.0
3769 363587 1.0
3770 363646 1.0
3771 363716 1.0
3772 363797 1.0
3773 363870 1.0
3774 363951 1.0
3775 364030 1.0
3776 364095 1.0
3777 364178 1.0
3778 364343 1.0
3779 364417 1.0
3780 364478 1.0
3781 364580 1.0
3782 364655 1.0
3783 364761 1.0
3784 364912 1.0
3785 364982 1.0
3786 365047 1.0
3787 365112 1.0
3788 365238 1.0
3789 365302 1.0
3790 365363 1.0
3791 365438 1.0
3792 365514 1.0
3793 365603 1.0
3794 365666 1.0
3795 365723 1.0
3796 365795 1.0
3797 365861 1.0
3798 365934 1.0
3799 365995 1.0
3800 366067 1.0
3801 366142 1.0
3802 366217 1.0
3803 366295 1.0
3804 366373 1.0
3805 366460 1.0
3806 366540 1.0
3807 366609 1.0
3808 366689 1.0
3809 366765 1.0
3810 366831 1.0
3811 366925 1.0
3812 367001 1.0
3813 367085 1.0
3814 367180 1.0
3815 367248 1.0
3816 367385 1.0
3817 367462 1.0
3818 367531 1.0
3819 367594 1.0
3820 367681 1.0
3821 367748 1.0
3822 367825 1.0
3823 367902 1.0
3824 367980 1.0
3825 368058 1.0
3826 368137 1.0
3827 368214 1.0
3828 368292 1.0
3829 368352 1.0
3830 368425 1.0
3831 368525 1.0
3832 368635 1.0
3833 368698 1.0
3834 368768 1.0
3835 368859 1.0
3836 368926 1.0
3837 368993 1.0
3838 369062 1.0
3839 369135 1.0
3840 369205 1.0
3841 369275 1.0
3842 369413 1.0
3843 369499 1.0
3844 369571 1.0
3845 369633 1.0
3846 369709 1.0
3847 369793 1.0
3848 369864 1.0
3849 369952 1.0
3850 370062 1.0
3851 370131 1.0
3852 370200 1.0
3853 370288 1.0
3854 370353 1.0
3855 370459 1.0
3856 370640 1.0
3857 370710 1.0
3858 370770 1.0
3859 370865 1.0
3860 370947 1.0
3861 371031 1.0
3862 371105 1.0
3863 371173 1.0
3864 371272 1.0
3865 371334 1.0
3866 371408 1.0
3867 371488 1.0
3868 371543 1.0
3869 371605 1.0
3870 371675 1.0
3871 371750 1.0
3872 371869 1.0
3873 371977 1.0
3874 372052 1.0
3875 372116 1.0
3876 372194 1.0
3877 372256 1.0
3878 372310 1.0
3879 372383 1.0
3880 372450 1.0
3881 372518 1.0
3882 372581 1.0
3883 372645 1.0
3884 372719 1.0
3885 372785 1.0
3886 372865 1.0
3887 372964 1.0
3888 373028 1.0
3889 373106 1.0
3890 373169 1.0
3891 373251 1.0
3892 373314 1.0
3893 373391 1.0
3894 373452 1.0
3895 373533 1.0
3896 373600 1.0
3897 373791 1.0
3898 373861 1.0
3899 373950 1.0
3900 374019 1.0
3901 374087 1.0
3902 374183 1.0
3903 374253 1.0
3904 374341 1.0
3905 374406 1.0
3906 374485 1.0
3907 374560 1.0
3908 374655 1.0
3909 374759 1.0
3910 374821 1.0
3911 374888 1.0
3912 374948 1.0
3913 375024 1.0
3914 375123 1.0
3915 375185 1.0
3916 375266 1.0
3917 375339 1.0
3918 375420 1.0
3919 375486 1.0
3920 375551 1.0
3921 375631 1.0
3922 375703 1.0
3923 375762 1.0
3924 375844 1.0
3925 375908 1.0
3926 375976 1.0
3927 376057 1.0
3928 376130 1.0
3929 376232 1.0
3930 376304 1.0
3931 376374 1.0
3932 376452 1.0
3933 376529 1.0
3934 376590 1.0
3935 376660 1.0
3936 376724 1.0
3937 376808 1.0
3938 376895 1.0
3939 376955 1.0
3940 377032 1.0
3941 377110 1.0
3942 377182 1.0
3943 377268 1.0
3944 377330 1.0
3945 377418 1.0
3946 377492 1.0
3947 377561 1.0
3948 377652 1.0
3949 377721 1.0
3950 377786 1.0
3951 377865 1.0
3952 377939 1.0
3953 378025 1.0
3954 378107 1.0
3955 378168 1.0
3956 378253 1.0
3957 378317 1.0
3958 378384 1.0
3959 378474 1.0
3960 378542 1.0
3961 378632 1.0
3962 378717 1.0
3963 378777 1.0
3964 378843 1.0
3965 378913 1.0
3966 378971 1.0
3967 379057 1.0
3968 379129 1.0
3969 379192 1.0
3970 379256 1.0
3971 379394 1.0
3972 379488 1.0
3973 379572 1.0
3974 379644 1.0
3975 379710 1.0
3976 379770 1.0
3977 379882 1.0
3978 379954 1.0
3979 380038 1.0
3980 380107 1.0
3981 380174 1.0
3982 380249 1.0
3983 380314 1.0
3984 380403 1.0
3985 380482 1.0
3986 380548 1.0
3987 380610 1.0
3988 380707 1.0
3989 380765 1.0
3990 380834 1.0
3991 380900 1.0
3992 380977 1.0
3993 381026 1.0
3994 381092 1.0
3995 381172 1.0
3996 381237 1.0
3997 381313 1.0
3998 381389 1.0
3999 381511 1.0
4000 381580 1.0
4001 381652 1.0
4002 381794 1.0
4003 381853 1.0
4004 381923 1.0
4005 382001 1.0
4006 382072 1.0
4007 382155 1.0
4008 382229 1.0
4009 382297 1.0
4010 382368 1.0
4011 382429 1.0
4012 382489 1.0
4013 382565 1.0
4014 382657 1.0
4015 382725 1.0
4016 382793 1.0
4017 382860 1.0
4018 382933 1.0
4019 383025 1.0
4020 383101 1.0
4021 383168 1.0
4022 383254 1.0
4023 383334 1.0
4024 383413 1.0
4025 383519 1.0
4026 383582 1.0
4027 383673 1.0
4028 383732 1.0
4029 383798 1.0
4030 383869 1.0
4031 383941 1.0
4032 384018 1.0
4033 384092 1.0
4034 384168 1.0
4035 384247 1.0
4036 384310 1.0
4037 384379 1.0
4038 384462 1.0
4039 384522 1.0
4040 384623 1.0
4041 384715 1.0
4042 384799 1.0
4043 384883 1.0
4044 385033 1.0
4045 385114 1.0
4046 385175 1.0
4047 385242 1.0
4048 385363 1.0
4049 385425 1.0
4050 385518 1.0
4051 385591 1.0
4052 385666 1.0
4053 385727 1.0
4054 385801 1.0
4055 385861 1.0
4056 385943 1.0
4057 386001 1.0
4058 386085 1.0
4059 386166 1.0
4060 386276 1.0
4061 386353 1.0
4062 386464 1.0
4063 386527 1.0
4064 386599 1.0
4065 386697 1.0
4066 386764 1.0
4067 386882 1.0
4068 386971 1.0
4069 387055 1.0
4070 387116 1.0
4071 387184 1.0
4072 387258 1.0
4073 387342 1.0
4074 387431 1.0
4075 387612 1.0
4076 387682 1.0
4077 387759 1.0
4078 387831 1.0
4079 387895 1.0
4080 387964 1.0
4081 388057 1.0
4082 388113 1.0
4083 388181 1.0
4084 388299 1.0
4085 388362 1.0
4086 388437 1.0
4087 388514 1.0
4088 388580 1.0
4089 388643 1.0
4090 388720 1.0
4091 388791 1.0
4092 388847 1.0
4093 388921 1.0
4094 389016 1.0
4095 389082 1.0
4096 389153 1.0
4097 389226 1.0
4098 389317 1.0
4099 389383 1.0
4100 389460 1.0
4101 389529 1.0
4102 389602 1.0
4103 389667 1.0
4104 389731 1.0
4105 389815 1.0
4106 389881 1.0
4107 389950 1.0
4108 390015 1.0
4109 390081 1.0
4110 390156 1.0
4111 390223 1.0
4112 390298 1.0
4113 390363 1.0
4114 390429 1.0
4115 390517 1.0
4116 390611 1.0
4117 390675 1.0
4118 390752 1.0
4119 390825 1.0
4120 390901 1.0
4121 390974 1.0
4122 391147 1.0
4123 391226 1.0
4124 391294 1.0
4125 391363 1.0
4126 391448 1.0
4127 391517 1.0
4128 391598 1.0
4129 391686 1.0
4130 391780 1.0
4131 391856 1.0
4132 391925 1.0
4133 392054 1.0
4134 392130 1.0
4135 392213 1.0
