1 300 0.0
2 600 0.0
3 900 0.0
4 1200 0.0
5 1500 0.0
6 1800 0.0
7 2100 0.0
8 2400 0.0
9 2700 0.0
10 3000 0.0
11 3300 0.0
12 3600 0.0
13 3900 0.0
14 4200 0.0
15 4500 0.0
16 4800 0.0
17 5100 0.0
18 5400 0.0
19 5700 0.0
20 6000 0.0
21 6300 0.0
22 6600 0.0
23 6900 0.0
24 7200 0.0
25 7500 0.0
26 7800 0.0
27 8100 0.0
28 8400 0.0
29 8700 0.0
30 9000 0.0
31 9300 0.0
32 9600 0.0
33 9900 0.0
34 10200 0.0
35 10500 0.0
36 10800 0.0
37 11100 0.0
38 11400 0.0
39 11700 0.0
40 12000 0.0
41 12300 0.0
42 12600 0.0
43 12900 0.0
44 13200 0.0
45 13500 0.0
46 13800 0.0
47 14100 0.0
48 14400 0.0
49 14700 0.0
50 15000 0.0
51 15300 0.0
52 15600 0.0
53 15900 0.0
54 16200 0.0
55 16500 0.0
56 16800 0.0
57 17100 0.0
58 17400 0.0
59 17700 0.0
60 18000 0.0
61 18300 0.0
62 18600 0.0
63 18900 0.0
64 19200 0.0
65 19500 0.0
66 19800 0.0
67 20100 0.0
68 20400 0.0
69 20700 0.0
70 21000 0.0
71 21300 0.0
72 21600 0.0
73 21900 0.0
74 22200 0.0
75 22500 0.0
76 22800 0.0
77 23100 0.0
78 23400 0.0
79 23700 0.0
80 24000 0.0
81 24300 0.0
82 24600 0.0
83 24900 0.0
84 25200 0.0
85 25500 0.0
86 25800 0.0
87 26100 0.0
88 26400 0.0
89 26700 0.0
90 27000 0.0
91 27300 0.0
92 27600 0.0
93 27900 0.0
94 28200 0.0
95 28500 0.0
96 28800 0.0
97 29100 0.0
98 29400 0.0
99 29700 0.0
100 30000 0.0
101 30300 0.0
102 30600 0.0
103 30900 0.0
104 31200 0.0
105 31500 0.0
106 31800 0.0
107 32100 0.0
108 32400 0.0
109 32700 0.0
110 33000 0.0
111 33300 0.0
112 33600 0.0
113 33900 0.0
114 34200 0.0
115 34500 0.0
116 34800 0.0
117 35100 0.0
118 35400 0.0
119 35700 0.0
120 36000 0.0
121 36300 0.0
122 36600 0.0
123 36900 0.0
124 37200 0.0
125 37500 0.0
126 37800 0.0
127 38100 0.0
128 38400 0.0
129 38700 0.0
130 39000 0.0
131 39300 0.0
132 39600 0.0
133 39900 0.0
134 40200 0.0
135 40500 0.0
136 40800 0.0
137 41100 0.0
138 41400 0.01
139 41700 0.01
140 42000 0.01
141 42300 0.01
142 42600 0.01
143 42900 0.01
144 43200 0.01
145 43500 0.01
146 43800 0.01
147 44100 0.02
148 44400 0.03
149 44700 0.04
150 45000 0.04
151 45300 0.04
152 45600 0.05
153 45900 0.07
154 46200 0.08
155 46500 0.09
156 46800 0.09999999999999999
157 47100 0.09999999999999999
158 47400 0.10999999999999999
159 47700 0.12999999999999998
160 48000 0.13
161 48300 0.13
162 48600 0.14
163 48900 0.14
164 49200 0.16
165 49500 0.17
166 49800 0.18000000000000002
167 50100 0.2
168 50400 0.2
169 50700 0.21
170 51000 0.22
171 51300 0.23000000000000004
172 51600 0.24000000000000005
173 51900 0.24000000000000005
174 52200 0.24000000000000002
175 52500 0.24
176 52800 0.26
177 53100 0.27
178 53400 0.27
179 53700 0.27
180 54000 0.29000000000000004
181 54300 0.31000000000000005
182 54600 0.32000000000000006
183 54900 0.32000000000000006
184 55200 0.3400000000000001
185 55500 0.3500000000000001
186 55800 0.3700000000000001
187 56100 0.3900000000000001
188 56400 0.4100000000000001
189 56700 0.43000000000000005
190 57000 0.45000000000000007
191 57300 0.4700000000000001
192 57600 0.4800000000000001
193 57900 0.4900000000000001
194 58200 0.51
195 58500 0.53
196 58800 0.55
197 59100 0.5700000000000001
198 59400 0.5800000000000001
199 59700 0.6000000000000001
200 60000 0.6200000000000001
201 60300 0.6400000000000001
202 60600 0.6600000000000001
203 60900 0.6800000000000002
204 61200 0.7000000000000001
205 61500 0.72
206 61800 0.7400000000000001
207 62100 0.7600000000000001
208 62400 0.77
209 62700 0.79
210 63000 0.81
211 63300 0.81
212 63600 0.8300000000000001
213 63900 0.8300000000000001
214 64200 0.8400000000000001
215 64500 0.8600000000000001
216 64800 0.8800000000000001
217 65100 0.9000000000000001
218 65400 0.9200000000000002
219 65700 0.9400000000000002
220 66000 0.9600000000000001
221 66300 0.9800000000000001
222 66600 1.0000000000000002
223 66900 1.0200000000000002
224 67200 1.04
225 67500 1.06
226 67800 1.08
227 68100 1.09
228 68400 1.11
229 68700 1.1300000000000001
230 69000 1.1500000000000001
231 69300 1.1700000000000002
232 69600 1.1900000000000002
233 69900 1.2100000000000002
234 70200 1.2300000000000002
235 70500 1.2500000000000002
236 70800 1.2700000000000002
237 71100 1.2900000000000003
238 71400 1.3000000000000003
239 71700 1.32
240 72000 1.3400000000000003
241 72300 1.3600000000000003
242 72600 1.3800000000000001
243 72900 1.4000000000000001
244 73200 1.4200000000000002
245 73500 1.44
246 73800 1.46
247 74100 1.47
248 74400 1.48
249 74700 1.49
250 75000 1.51
251 75300 1.53
252 75564 1.54
253 75864 1.52
254 76164 1.53
255 76464 1.54
256 76764 1.53
257 77064 1.55
258 77360 1.56
259 77660 1.56
260 77960 1.58
261 78260 1.6
262 78560 1.61
263 78837 1.6300000000000001
264 79137 1.6300000000000001
265 79437 1.6400000000000001
266 79735 1.6500000000000001
267 80035 1.6500000000000001
268 80335 1.6700000000000002
269 80635 1.6800000000000002
270 80935 1.6900000000000002
271 81235 1.7000000000000002
272 81535 1.7100000000000002
273 81835 1.7300000000000002
274 82135 1.7500000000000002
275 82411 1.7700000000000002
276 82711 1.7700000000000002
277 83011 1.7800000000000002
278 83311 1.8000000000000003
279 83585 1.8200000000000003
280 83836 1.8200000000000003
281 84136 1.8200000000000003
282 84436 1.8300000000000003
283 84653 1.8500000000000003
284 84953 1.8500000000000003
285 85166 1.8600000000000003
286 85455 1.8600000000000003
287 85719 1.8600000000000003
288 85977 1.8600000000000003
289 86152 1.8600000000000003
290 86267 1.8600000000000003
291 86567 1.8600000000000003
292 86867 1.8700000000000003
293 87108 1.8800000000000003
294 87243 1.8800000000000003
295 87518 1.8800000000000003
296 87787 1.8800000000000003
297 88087 1.8800000000000003
298 88269 1.8900000000000003
299 88513 1.8900000000000003
300 88732 1.8900000000000003
301 88837 1.8900000000000003
302 89013 1.8900000000000003
303 89180 1.8900000000000003
304 89405 1.8900000000000003
305 89631 1.8900000000000003
306 89804 1.8900000000000003
307 90104 1.8900000000000003
308 90295 1.9000000000000004
309 90436 1.9000000000000004
310 90736 1.9000000000000004
311 90962 1.9200000000000004
312 91262 1.9200000000000004
313 91562 1.9400000000000004
314 91757 1.9500000000000004
315 91951 1.9500000000000004
316 92183 1.9500000000000004
317 92333 1.9500000000000004
318 92489 1.9500000000000004
319 92698 1.9500000000000004
320 92885 1.9500000000000004
321 93054 1.9500000000000004
322 93284 1.9500000000000004
323 93583 1.9500000000000004
324 93869 1.9500000000000004
325 94001 1.9500000000000004
326 94301 1.9500000000000004
327 94456 1.9600000000000004
328 94697 1.9600000000000004
329 94873 1.9600000000000004
330 95044 1.9600000000000004
331 95200 1.9600000000000004
332 95401 1.9600000000000004
333 95582 1.9600000000000004
334 95717 1.9600000000000004
335 95865 1.9600000000000004
336 96076 1.9600000000000004
337 96253 1.9600000000000004
338 96489 1.9600000000000004
339 96750 1.9600000000000004
340 96881 1.9600000000000004
341 97078 1.9600000000000004
342 97263 1.9600000000000004
343 97424 1.9600000000000004
344 97669 1.9600000000000004
345 97889 1.9600000000000004
346 98076 1.9600000000000004
347 98226 1.9600000000000004
348 98410 1.9600000000000004
349 98651 1.9600000000000004
350 98763 1.9600000000000004
351 98917 1.9600000000000004
352 99217 1.9600000000000004
353 99387 1.9800000000000004
354 99613 1.9800000000000004
355 99913 1.9800000000000004
356 100071 2.0
357 100185 2.0
358 100284 2.0
359 100373 2.0
360 100591 2.0
361 100864 2.0
362 100993 2.0
363 101231 2.0
364 101424 2.0
365 101592 2.0
366 101750 2.0
367 101899 2.0
368 102091 2.0
369 102332 2.0
370 102620 2.0
371 102745 2.0
372 102883 2.0
373 103004 2.0
374 103174 2.0
375 103299 2.0
376 103472 2.0
377 103629 2.0
378 103758 2.0
379 103887 2.0
380 103982 2.0
381 104100 2.0
382 104228 2.0
383 104318 2.0
384 104413 2.0
385 104556 2.0
386 104774 2.0
387 104922 2.0
388 105031 2.0
389 105194 2.0
390 105352 2.0
391 105480 2.0
392 105616 2.0
393 105753 2.0
394 105929 2.0
395 106074 2.0
396 106256 2.0
397 106349 2.0
398 106541 2.0
399 106685 2.0
400 106815 2.0
401 106930 2.0
402 107185 2.0
403 107291 2.0
404 107483 2.0
405 107608 2.0
406 107733 2.0
407 107930 2.0
408 108076 2.0
409 108200 2.0
410 108344 2.0
411 108509 2.0
412 108677 2.0
413 108832 2.0
414 109037 2.0
415 109166 2.0
416 109300 2.0
417 109411 2.0
418 109580 2.0
419 109739 2.0
420 109858 2.0
421 109992 2.0
422 110113 2.0
423 110228 2.0
424 110343 2.0
425 110495 2.0
426 110587 2.0
427 110693 2.0
428 110853 2.0
429 110999 2.0
430 111179 2.0
431 111279 2.0
432 111458 2.0
433 111639 2.0
434 111788 2.0
435 111888 2.0
436 112040 2.0
437 112128 2.0
438 112298 2.0
439 112470 2.0
440 112576 2.0
441 112725 2.0
442 112844 2.0
443 113048 2.0
444 113170 2.0
445 113355 2.0
446 113499 2.0
447 113641 2.0
448 113794 2.0
449 113929 2.0
450 114066 2.0
451 114178 2.0
452 114304 2.0
453 114453 2.0
454 114678 2.0
455 114831 2.0
456 114966 2.0
457 115131 2.0
458 115217 2.0
459 115329 2.0
460 115465 2.0
461 115601 2.0
462 115735 2.0
463 115887 2.0
464 115967 2.0
465 116100 2.0
466 116225 2.0
467 116292 2.0
468 116433 2.0
469 116561 2.0
470 116638 2.0
471 116710 2.0
472 116787 2.0
473 116884 2.0
474 116985 2.0
475 117123 2.0
476 117278 2.0
477 117347 2.0
478 117482 2.0
479 117616 2.0
480 117754 2.0
481 117868 2.0
482 117978 2.0
483 118080 2.0
484 118224 2.0
485 118307 2.0
486 118390 2.0
487 118475 2.0
488 118593 2.0
489 118708 2.0
490 118851 2.0
491 118999 2.0
492 119090 2.0
493 119210 2.0
494 119333 2.0
495 119480 2.0
496 119676 2.0
497 119818 2.0
498 119888 2.0
499 120030 2.0
500 120161 2.0
501 120311 2.0
502 120452 2.0
503 120545 2.0
504 120791 2.0
505 120912 2.0
506 121086 2.0
507 121193 2.0
508 121370 2.0
509 121478 2.0
510 121588 2.0
511 121716 2.0
512 121828 2.0
513 121949 2.0
514 122054 2.0
515 122194 2.0
516 122321 2.0
517 122433 2.0
518 122569 2.0
519 122713 2.0
520 122832 2.0
521 122922 2.0
522 123004 2.0
523 123105 2.0
524 123310 2.0
525 123402 2.0
526 123485 2.0
527 123616 2.0
528 123738 2.0
529 123905 2.0
530 124056 2.0
531 124195 2.0
532 124279 2.0
533 124509 2.0
534 124619 2.0
535 124798 2.0
536 124956 2.0
537 125092 2.0
538 125193 2.0
539 125270 2.0
540 125420 2.0
541 125597 2.0
542 125755 2.0
543 125912 2.0
544 126041 2.0
545 126124 2.0
546 126242 2.0
547 126330 2.0
548 126458 2.0
549 126558 2.0
550 126677 2.0
551 126803 2.0
552 126963 2.0
553 127110 2.0
554 127205 2.0
555 127331 2.0
556 127520 2.0
557 127714 2.0
558 127850 2.0
559 127960 2.0
560 128110 2.0
561 128237 2.0
562 128335 2.0
563 128519 2.0
564 128687 2.0
565 128782 2.0
566 129041 2.0
567 129123 2.0
568 129237 2.0
569 129356 2.0
570 129470 2.0
571 129612 2.0
572 129771 2.0
573 129865 2.0
574 129991 2.0
575 130251 2.0
576 130370 2.0
577 130473 2.0
578 130550 2.0
579 130711 2.0
580 130825 2.0
581 130952 2.0
582 131046 2.0
583 131134 2.0
584 131222 2.0
585 131351 2.0
586 131458 2.0
587 131551 2.0
588 131673 2.0
589 131938 2.0
590 132082 2.0
591 132215 2.0
592 132363 2.0
593 132445 2.0
594 132536 2.0
595 132652 2.0
596 132753 2.0
597 132867 2.0
598 132977 2.0
599 133072 2.0
600 133165 2.0
601 133282 2.0
602 133444 2.0
603 133569 2.0
604 133685 2.0
605 133867 2.0
606 133969 2.0
607 134075 2.0
608 134204 2.0
609 134326 2.0
610 134491 2.0
611 134592 2.0
612 134698 2.0
613 134850 2.0
614 134947 2.0
615 135130 2.0
616 135208 2.0
617 135327 2.0
618 135486 2.0
619 135637 2.0
620 135746 2.0
621 135918 2.0
622 135997 2.0
623 136078 2.0
624 136198 2.0
625 136322 2.0
626 136450 2.0
627 136548 2.0
628 136690 2.0
629 136794 2.0
630 136994 2.0
631 137099 2.0
632 137216 2.0
633 137324 2.0
634 137477 2.0
635 137600 2.0
636 137694 2.0
637 137833 2.0
638 137970 2.0
639 138123 2.0
640 138231 2.0
641 138346 2.0
642 138491 2.0
643 138597 2.0
644 138672 2.0
645 138815 2.0
646 138914 2.0
647 139018 2.0
648 139136 2.0
649 139242 2.0
650 139345 2.0
651 139456 2.0
652 139584 2.0
653 139703 2.0
654 139829 2.0
655 139987 2.0
656 140138 2.0
657 140226 2.0
658 140368 2.0
659 140505 2.0
660 140661 2.0
661 140832 2.0
662 140971 2.0
663 141076 2.0
664 141167 2.0
665 141271 2.0
666 141407 2.0
667 141510 2.0
668 141675 2.0
669 141804 2.0
670 141944 2.0
671 142081 1.9800000000000002
672 142247 1.9800000000000002
673 142368 1.9800000000000002
674 142480 1.9800000000000002
675 142575 1.9800000000000004
676 142691 1.9800000000000004
677 142844 1.9800000000000004
678 142950 1.9800000000000004
679 143029 1.9800000000000004
680 143111 1.9800000000000004
681 143204 1.9800000000000004
682 143315 1.9800000000000004
683 143427 1.9800000000000004
684 143592 1.9800000000000004
685 143674 1.9800000000000004
686 143861 1.9800000000000004
687 144038 1.9800000000000004
688 144129 1.9800000000000004
689 144233 1.9800000000000004
690 144315 1.9800000000000004
691 144428 1.9800000000000004
692 144577 1.9800000000000004
693 144708 1.9800000000000004
694 144818 1.9800000000000004
695 144928 1.9800000000000004
696 145061 1.9800000000000004
697 145182 1.9800000000000004
698 145299 1.9800000000000004
699 145383 1.9800000000000004
700 145509 1.9800000000000004
701 145623 1.9800000000000004
702 145748 1.9800000000000004
703 145858 1.9800000000000004
704 145948 1.9800000000000004
705 146066 1.9800000000000004
706 146178 1.9800000000000004
707 146295 1.9800000000000004
708 146389 1.9800000000000004
709 146482 1.9800000000000004
710 146577 1.9800000000000004
711 146795 1.9800000000000004
712 146898 1.9800000000000004
713 147033 1.9800000000000004
714 147104 1.9800000000000004
715 147233 1.9800000000000004
716 147363 1.9800000000000004
717 147448 1.9800000000000004
718 147530 1.9800000000000004
719 147624 1.9800000000000004
720 147732 1.9800000000000004
721 147845 1.9800000000000004
722 147958 1.9800000000000004
723 148046 1.9800000000000004
724 148152 1.9800000000000004
725 148247 1.9800000000000004
726 148347 1.9800000000000004
727 148439 1.9800000000000004
728 148552 1.9800000000000004
729 148672 1.9800000000000004
730 148772 1.9800000000000004
731 148859 1.9800000000000004
732 148941 1.9800000000000004
733 149036 1.9800000000000004
734 149115 1.9800000000000004
735 149215 1.9800000000000004
736 149334 1.9800000000000004
737 149427 1.9800000000000004
738 149523 1.9800000000000004
739 149628 1.9800000000000004
740 149728 1.9800000000000004
741 149838 1.9800000000000004
742 149940 1.9800000000000004
743 150040 1.9800000000000004
744 150185 1.9800000000000004
745 150304 1.9800000000000004
746 150391 1.9800000000000004
747 150508 1.9800000000000004
748 150687 1.9800000000000004
749 150816 1.9800000000000004
750 150908 1.9800000000000004
751 151046 1.9800000000000004
752 151160 1.9800000000000004
753 151325 1.9800000000000004
754 151438 1.9800000000000004
755 151511 1.9800000000000004
756 151639 1.9800000000000004
757 151790 1.9800000000000004
758 152007 1.9800000000000004
759 152132 1.9800000000000004
760 152239 1.9800000000000004
761 152392 1.9800000000000004
762 152482 1.9800000000000004
763 152568 1.9800000000000004
764 152693 1.9800000000000004
765 152826 1.9800000000000004
766 152934 1.9800000000000004
767 153038 1.9800000000000004
768 153133 1.9800000000000004
769 153231 1.9800000000000004
770 153531 1.9800000000000004
771 153702 2.0
772 153806 2.0
773 153913 2.0
774 154038 2.0
775 154196 2.0
776 154404 2.0
777 154497 2.0
778 154587 2.0
779 154695 2.0
780 154817 2.0
781 154941 2.0
782 155042 2.0
783 155132 2.0
784 155235 2.0
785 155312 2.0
786 155442 2.0
787 155602 2.0
788 155685 2.0
789 155785 2.0
790 155902 2.0
791 156009 2.0
792 156128 2.0
793 156257 2.0
794 156337 2.0
795 156461 2.0
796 156568 2.0
797 156695 2.0
798 156795 2.0
799 156930 2.0
800 157018 2.0
801 157137 2.0
802 157253 2.0
803 157375 2.0
804 157475 2.0
805 157548 2.0
806 157680 2.0
807 157782 2.0
808 157858 2.0
809 158077 2.0
810 158161 2.0
811 158297 2.0
812 158440 2.0
813 158544 2.0
814 158632 2.0
815 158811 2.0
816 158901 2.0
817 158977 2.0
818 159091 2.0
819 159198 2.0
820 159303 2.0
821 159385 2.0
822 159470 2.0
823 159601 2.0
824 159680 2.0
825 159773 2.0
826 159896 2.0
827 160073 2.0
828 160222 2.0
829 160301 2.0
830 160379 2.0
831 160446 2.0
832 160583 2.0
833 160678 2.0
834 160747 2.0
835 160890 2.0
836 161038 2.0
837 161135 2.0
838 161220 2.0
839 161314 2.0
840 161409 2.0
841 161518 2.0
842 161608 2.0
843 161742 2.0
844 161869 2.0
845 161973 2.0
846 162047 2.0
847 162189 2.0
848 162321 2.0
849 162443 2.0
850 162629 2.0
851 162719 2.0
852 162835 2.0
853 162969 2.0
854 163117 2.0
855 163236 2.0
856 163354 2.0
857 163450 2.0
858 163549 2.0
859 163736 2.0
860 163862 2.0
861 163965 2.0
862 164074 2.0
863 164196 2.0
864 164353 2.0
865 164472 2.0
866 164591 2.0
867 164695 2.0
868 164801 2.0
869 164891 2.0
870 165069 2.0
871 165198 2.0
872 165326 2.0
873 165446 2.0
874 165563 2.0
875 165658 2.0
876 165764 2.0
877 165872 2.0
878 165983 2.0
879 166134 2.0
880 166211 2.0
881 166332 2.0
882 166418 2.0
883 166517 2.0
884 166633 2.0
885 166725 2.0
886 166860 2.0
887 166963 2.0
888 167110 2.0
889 167198 2.0
890 167277 2.0
891 167360 2.0
892 167442 2.0
893 167521 2.0
894 167634 2.0
895 167762 2.0
896 167886 2.0
897 167991 2.0
898 168113 2.0
899 168206 2.0
900 168312 2.0
901 168433 2.0
902 168522 2.0
903 168627 2.0
904 168750 2.0
905 168916 2.0
906 169139 2.0
907 169261 2.0
908 169353 2.0
909 169459 2.0
910 169549 2.0
911 169763 2.0
912 169893 2.0
913 169971 2.0
914 170056 2.0
915 170171 2.0
916 170308 2.0
917 170412 2.0
918 170523 2.0
919 170628 2.0
920 170705 2.0
921 170787 2.0
922 170874 2.0
923 170944 2.0
924 171059 2.0
925 171128 2.0
926 171236 2.0
927 171315 2.0
928 171454 2.0
929 171564 2.0
930 171685 2.0
931 171776 2.0
932 171902 2.0
933 171997 2.0
934 172122 2.0
935 172199 2.0
936 172274 2.0
937 172358 2.0
938 172479 2.0
939 172628 2.0
940 172717 2.0
941 172837 2.0
942 172960 2.0
943 173090 2.0
944 173179 2.0
945 173271 2.0
946 173396 2.0
947 173477 2.0
948 173596 2.0
949 173730 2.0
950 173882 2.0
951 173979 2.0
952 174090 2.0
953 174176 2.0
954 174282 2.0
955 174393 2.0
956 174499 2.0
957 174619 2.0
958 174716 2.0
959 174875 2.0
960 174957 2.0
961 175042 2.0
962 175174 2.0
963 175273 2.0
964 175367 2.0
965 175499 2.0
966 175605 2.0
967 175699 2.0
968 175799 2.0
969 175910 2.0
970 176011 2.0
971 176125 2.0
972 176277 2.0
973 176389 2.0
974 176513 2.0
975 176610 2.0
976 176706 2.0
977 176880 2.0
978 176994 2.0
979 177090 2.0
980 177164 2.0
981 177247 2.0
982 177403 2.0
983 177532 2.0
984 177655 2.0
985 177754 2.0
986 177875 2.0
987 177978 2.0
988 178060 2.0
989 178130 2.0
990 178248 2.0
991 178386 2.0
992 178519 2.0
993 178602 2.0
994 178670 2.0
995 178739 2.0
996 178849 2.0
997 178939 2.0
998 179028 2.0
999 179116 2.0
1000 179193 2.0
1001 179283 2.0
1002 179386 2.0
1003 179475 2.0
1004 179554 2.0
1005 179662 2.0
1006 179759 2.0
1007 179878 2.0
1008 179967 2.0
1009 180107 2.0
1010 180229 2.0
1011 180322 2.0
1012 180411 2.0
1013 180557 2.0
1014 180702 2.0
1015 180787 2.0
1016 180899 2.0
1017 181013 2.0
1018 181121 2.0
1019 181282 2.0
1020 181355 2.0
1021 181442 2.0
1022 181520 2.0
1023 181658 2.0
1024 181811 2.0
1025 181981 2.0
1026 182089 2.0
1027 182169 2.0
1028 182269 2.0
1029 182345 2.0
1030 182459 2.0
1031 182525 2.0
1032 182616 2.0
1033 182716 2.0
1034 182796 2.0
1035 182873 2.0
1036 182979 2.0
1037 183076 2.0
1038 183185 2.0
1039 183272 2.0
1040 183348 2.0
1041 183459 2.0
1042 183567 2.0
1043 183748 2.0
1044 183841 2.0
1045 183926 2.0
1046 184065 2.0
1047 184173 2.0
1048 184276 2.0
1049 184362 2.0
1050 184494 2.0
1051 184577 2.0
1052 184675 2.0
1053 184786 2.0
1054 184878 2.0
1055 184946 2.0
1056 185031 2.0
1057 185133 2.0
1058 185214 2.0
1059 185317 2.0
1060 185418 2.0
1061 185523 2.0
1062 185642 2.0
1063 185778 2.0
1064 185873 2.0
1065 185973 2.0
1066 186119 2.0
1067 186210 2.0
1068 186336 2.0
1069 186422 2.0
1070 186511 2.0
1071 186575 2.0
1072 186731 2.0
1073 186840 2.0
1074 186908 2.0
1075 187054 2.0
1076 187144 2.0
1077 187238 2.0
1078 187359 2.0
1079 187463 2.0
1080 187582 2.0
1081 187676 2.0
1082 187776 2.0
1083 187860 2.0
1084 187960 2.0
1085 188106 2.0
1086 188199 2.0
1087 188271 2.0
1088 188348 2.0
1089 188429 2.0
1090 188535 2.0
1091 188661 2.0
1092 188735 2.0
1093 188858 2.0
1094 188945 2.0
1095 189064 2.0
1096 189164 2.0
1097 189319 2.0
1098 189402 2.0
1099 189541 2.0
1100 189607 2.0
1101 189740 2.0
1102 189845 2.0
1103 189942 2.0
1104 190047 2.0
1105 190130 2.0
1106 190238 2.0
1107 190323 2.0
1108 190404 2.0
1109 190520 2.0
1110 190622 2.0
1111 190699 2.0
1112 190799 2.0
1113 190913 2.0
1114 191011 2.0
1115 191110 2.0
1116 191230 2.0
1117 191318 2.0
1118 191419 2.0
1119 191538 2.0
1120 191644 2.0
1121 191755 2.0
1122 191836 2.0
1123 191927 2.0
1124 192115 2.0
1125 192228 2.0
1126 192324 2.0
1127 192481 2.0
1128 192556 2.0
1129 192679 2.0
1130 192755 2.0
1131 192892 2.0
1132 192989 2.0
1133 193092 2.0
1134 193194 2.0
1135 193274 2.0
1136 193389 2.0
1137 193518 2.0
1138 193679 2.0
1139 193838 2.0
1140 193937 2.0
1141 194037 2.0
1142 194169 2.0
1143 194323 2.0
1144 194403 2.0
1145 194473 2.0
1146 194547 2.0
1147 194637 2.0
1148 194814 2.0
1149 194948 2.0
1150 195032 2.0
1151 195163 2.0
1152 195258 2.0
1153 195353 2.0
1154 195448 2.0
1155 195577 2.0
1156 195658 2.0
1157 195790 2.0
1158 195885 2.0
1159 195982 2.0
1160 196081 2.0
1161 196197 2.0
1162 196266 2.0
1163 196397 2.0
1164 196500 2.0
1165 196602 2.0
1166 196693 2.0
1167 196814 2.0
1168 196882 2.0
1169 196972 2.0
1170 197074 2.0
1171 197228 2.0
1172 197321 2.0
1173 197407 2.0
1174 197500 2.0
1175 197577 2.0
1176 197660 2.0
1177 197738 2.0
1178 197913 2.0
1179 197977 2.0
1180 198084 2.0
1181 198156 2.0
1182 198228 2.0
1183 198310 2.0
1184 198391 2.0
1185 198499 2.0
1186 198616 2.0
1187 198765 2.0
1188 198845 2.0
1189 198966 2.0
1190 199057 2.0
1191 199151 2.0
1192 199281 2.0
1193 199412 2.0
1194 199530 2.0
1195 199612 2.0
1196 199705 2.0
1197 199804 2.0
1198 199889 2.0
1199 199969 2.0
1200 200054 2.0
1201 200139 2.0
1202 200237 2.0
1203 200338 2.0
1204 200475 2.0
1205 200578 2.0
1206 200654 2.0
1207 200805 2.0
1208 200909 2.0
1209 200983 2.0
1210 201095 2.0
1211 201166 2.0
1212 201254 2.0
1213 201330 2.0
1214 201449 2.0
1215 201553 2.0
1216 201658 2.0
1217 201768 2.0
1218 201877 2.0
1219 201948 2.0
1220 202017 2.0
1221 202098 2.0
1222 202219 2.0
1223 202309 2.0
1224 202396 2.0
1225 202483 2.0
1226 202571 2.0
1227 202673 2.0
1228 202763 2.0
1229 202836 2.0
1230 202934 2.0
1231 203041 2.0
1232 203139 2.0
1233 203239 2.0
1234 203338 2.0
1235 203417 2.0
1236 203519 2.0
1237 203611 2.0
1238 203680 2.0
1239 203757 2.0
1240 203836 2.0
1241 203931 2.0
1242 204031 2.0
1243 204117 2.0
1244 204193 2.0
1245 204285 2.0
1246 204377 2.0
1247 204465 2.0
1248 204546 2.0
1249 204622 2.0
1250 204700 2.0
1251 204818 2.0
1252 205002 2.0
1253 205078 2.0
1254 205170 2.0
1255 205248 2.0
1256 205339 2.0
1257 205428 2.0
1258 205566 2.0
1259 205662 2.0
1260 205750 2.0
1261 205862 2.0
1262 205954 2.0
1263 206058 2.0
1264 206152 2.0
1265 206255 2.0
1266 206331 2.0
1267 206429 2.0
1268 206542 2.0
1269 206621 2.0
1270 206713 2.0
1271 206801 2.0
1272 206904 2.0
1273 206985 2.0
1274 207136 2.0
1275 207260 2.0
1276 207343 2.0
1277 207432 2.0
1278 207505 2.0
1279 207606 2.0
1280 207727 2.0
1281 207850 2.0
1282 207951 2.0
1283 208046 2.0
1284 208157 2.0
1285 208248 2.0
1286 208330 2.0
1287 208400 2.0
1288 208547 2.0
1289 208632 2.0
1290 208744 2.0
1291 208883 2.0
1292 208960 2.0
1293 209103 2.0
1294 209193 2.0
1295 209291 2.0
1296 209414 2.0
1297 209491 2.0
1298 209610 2.0
1299 209709 2.0
1300 209816 2.0
1301 209914 2.0
1302 210000 2.0
1303 210107 2.0
1304 210172 2.0
1305 210297 2.0
1306 210426 2.0
1307 210521 2.0
1308 210613 2.0
1309 210685 2.0
1310 210773 2.0
1311 210895 2.0
1312 210985 2.0
1313 211047 2.0
1314 211169 2.0
1315 211303 2.0
1316 211392 2.0
1317 211478 2.0
1318 211558 2.0
1319 211642 2.0
1320 211795 2.0
1321 211962 2.0
1322 212033 2.0
1323 212156 2.0
1324 212274 2.0
1325 212371 2.0
1326 212464 2.0
1327 212552 2.0
1328 212671 2.0
1329 212754 2.0
1330 212828 2.0
1331 212950 2.0
1332 213060 2.0
1333 213148 2.0
1334 213212 2.0
1335 213301 2.0
1336 213405 2.0
1337 213525 2.0
1338 213632 2.0
1339 213719 2.0
1340 213798 2.0
1341 213937 2.0
1342 214015 2.0
1343 214099 2.0
1344 214182 2.0
1345 214264 2.0
1346 214370 2.0
1347 214451 2.0
1348 214571 2.0
1349 214636 2.0
1350 214765 2.0
1351 214829 2.0
1352 214910 2.0
1353 214995 2.0
1354 215062 2.0
1355 215211 2.0
1356 215297 2.0
1357 215389 2.0
1358 215483 2.0
1359 215579 2.0
1360 215706 2.0
1361 215783 2.0
1362 215970 2.0
1363 216075 2.0
1364 216174 2.0
1365 216262 2.0
1366 216382 2.0
1367 216474 2.0
1368 216581 2.0
1369 216651 2.0
1370 216741 2.0
1371 216835 2.0
1372 216980 2.0
1373 217075 2.0
1374 217166 2.0
1375 217268 2.0
1376 217418 2.0
1377 217526 2.0
1378 217704 2.0
1379 217789 2.0
1380 217890 2.0
1381 217966 2.0
1382 218041 2.0
1383 218157 2.0
1384 218231 2.0
1385 218317 2.0
1386 218384 2.0
1387 218516 2.0
1388 218636 2.0
1389 218744 2.0
1390 218882 2.0
1391 218979 2.0
1392 219048 2.0
1393 219147 2.0
1394 219355 2.0
1395 219463 2.0
1396 219579 2.0
1397 219646 2.0
1398 219739 2.0
1399 219838 2.0
1400 219908 2.0
1401 220034 2.0
1402 220198 2.0
1403 220372 2.0
1404 220452 2.0
1405 220529 2.0
1406 220699 2.0
1407 220844 2.0
1408 220936 2.0
1409 221028 2.0
1410 221132 2.0
1411 221226 2.0
1412 221308 2.0
1413 221436 2.0
1414 221510 2.0
1415 221594 2.0
1416 221724 2.0
1417 221809 2.0
1418 221905 2.0
1419 222025 2.0
1420 222111 2.0
1421 222223 2.0
1422 222307 2.0
1423 222415 2.0
1424 222520 2.0
1425 222608 2.0
1426 222712 2.0
1427 222799 2.0
1428 222892 2.0
1429 222996 2.0
1430 223071 2.0
1431 223149 2.0
1432 223255 2.0
1433 223332 2.0
1434 223448 2.0
1435 223612 2.0
1436 223738 2.0
1437 223801 2.0
1438 223886 2.0
1439 223998 2.0
1440 224100 2.0
1441 224177 2.0
1442 224259 2.0
1443 224359 2.0
1444 224419 2.0
1445 224522 2.0
1446 224612 2.0
1447 224713 2.0
1448 224831 2.0
1449 224919 2.0
1450 225044 2.0
1451 225116 2.0
1452 225239 2.0
1453 225335 2.0
1454 225436 2.0
1455 225532 2.0
1456 225665 2.0
1457 225748 2.0
1458 225821 2.0
1459 225896 2.0
1460 225958 2.0
1461 226031 2.0
1462 226139 2.0
1463 226256 2.0
1464 226344 2.0
1465 226475 2.0
1466 226593 2.0
1467 226732 2.0
1468 226811 2.0
1469 226944 2.0
1470 227016 2.0
1471 227145 2.0
1472 227216 2.0
1473 227298 2.0
1474 227391 2.0
1475 227510 2.0
1476 227602 2.0
1477 227714 2.0
1478 227811 2.0
1479 227866 2.0
1480 227946 2.0
1481 228021 2.0
1482 228102 2.0
1483 228220 2.0
1484 228343 2.0
1485 228435 2.0
1486 228512 2.0
1487 228591 2.0
1488 228689 2.0
1489 228841 2.0
1490 228968 2.0
1491 229087 2.0
1492 229192 2.0
1493 229314 2.0
1494 229412 2.0
1495 229485 2.0
1496 229660 2.0
1497 229799 2.0
1498 229875 2.0
1499 229946 2.0
1500 230030 2.0
1501 230100 2.0
1502 230190 2.0
1503 230296 2.0
1504 230398 2.0
1505 230491 2.0
1506 230552 2.0
1507 230672 2.0
1508 230770 2.0
1509 230861 2.0
1510 230963 2.0
1511 231027 2.0
1512 231114 2.0
1513 231215 2.0
1514 231285 2.0
1515 231387 2.0
1516 231456 2.0
1517 231542 2.0
1518 231622 2.0
1519 231728 2.0
1520 231819 2.0
1521 231916 2.0
1522 232000 2.0
1523 232079 2.0
1524 232163 2.0
1525 232247 2.0
1526 232348 2.0
1527 232418 2.0
1528 232545 2.0
1529 232653 2.0
1530 232735 2.0
1531 232797 2.0
1532 232876 2.0
1533 232965 2.0
1534 233086 2.0
1535 233211 2.0
1536 233300 2.0
1537 233389 2.0
1538 233467 2.0
1539 233563 2.0
1540 233675 2.0
1541 233743 2.0
1542 233818 2.0
1543 233909 2.0
1544 233982 2.0
1545 234071 2.0
1546 234166 2.0
1547 234239 2.0
1548 234360 2.0
1549 234486 2.0
1550 234611 2.0
1551 234753 2.0
1552 234849 2.0
1553 234959 2.0
1554 235051 2.0
1555 235136 2.0
1556 235222 2.0
1557 235325 2.0
1558 235430 2.0
1559 235542 2.0
1560 235650 2.0
1561 235738 2.0
1562 235822 2.0
1563 235934 2.0
1564 236033 2.0
1565 236116 2.0
1566 236190 2.0
1567 236299 2.0
1568 236405 2.0
1569 236515 2.0
1570 236590 2.0
1571 236683 2.0
1572 236780 2.0
1573 236882 2.0
1574 237017 2.0
1575 237097 2.0
1576 237198 2.0
1577 237307 2.0
1578 237403 2.0
1579 237494 2.0
1580 237574 2.0
1581 237656 2.0
1582 237742 2.0
1583 237808 2.0
1584 237886 2.0
1585 237981 2.0
1586 238055 2.0
1587 238138 2.0
1588 238221 2.0
1589 238310 2.0
1590 238392 2.0
1591 238487 2.0
1592 238587 2.0
1593 238654 2.0
1594 238750 2.0
1595 238837 2.0
1596 238946 2.0
1597 239035 2.0
1598 239146 2.0
1599 239206 2.0
1600 239297 2.0
1601 239358 2.0
1602 239453 2.0
1603 239552 2.0
1604 239639 2.0
1605 239751 2.0
1606 239880 2.0
1607 239975 2.0
1608 240043 2.0
1609 240174 2.0
1610 240281 2.0
1611 240344 2.0
1612 240494 2.0
1613 240614 2.0
1614 240726 2.0
1615 240801 2.0
1616 240874 2.0
1617 240975 2.0
1618 241083 2.0
1619 241246 2.0
1620 241342 2.0
1621 241418 2.0
1622 241516 2.0
1623 241579 2.0
1624 241718 2.0
1625 241837 2.0
1626 241903 2.0
1627 241986 2.0
1628 242093 2.0
1629 242171 2.0
1630 242284 2.0
1631 242423 2.0
1632 242530 2.0
1633 242611 2.0
1634 242684 2.0
1635 242775 2.0
1636 242864 2.0
1637 242951 2.0
1638 243058 2.0
1639 243141 2.0
1640 243239 2.0
1641 243319 2.0
1642 243418 2.0
1643 243508 2.0
1644 243596 2.0
1645 243668 2.0
1646 243756 2.0
1647 243868 2.0
1648 243936 2.0
1649 244061 2.0
1650 244154 2.0
1651 244234 2.0
1652 244310 2.0
1653 244432 2.0
1654 244524 2.0
1655 244609 2.0
1656 244681 2.0
1657 244790 2.0
1658 244900 2.0
1659 245010 2.0
1660 245113 2.0
1661 245206 2.0
1662 245366 2.0
1663 245484 2.0
1664 245596 2.0
1665 245681 2.0
1666 245801 2.0
1667 245879 2.0
1668 245979 2.0
1669 246059 2.0
1670 246158 2.0
1671 246224 2.0
1672 246330 2.0
1673 246422 2.0
1674 246499 2.0
1675 246595 2.0
1676 246714 2.0
1677 246804 2.0
1678 246899 2.0
1679 246988 2.0
1680 247087 2.0
1681 247170 2.0
1682 247262 2.0
1683 247326 2.0
1684 247462 2.0
1685 247578 2.0
1686 247650 2.0
1687 247718 2.0
1688 247800 2.0
1689 247956 2.0
1690 248022 2.0
1691 248195 2.0
1692 248279 2.0
1693 248373 2.0
1694 248464 2.0
1695 248539 2.0
1696 248635 2.0
1697 248702 2.0
1698 248772 2.0
1699 248849 2.0
1700 248958 2.0
1701 249049 2.0
1702 249141 2.0
1703 249235 2.0
1704 249323 2.0
1705 249418 2.0
1706 249510 2.0
1707 249634 2.0
1708 249739 2.0
1709 249894 2.0
1710 250007 2.0
1711 250103 2.0
1712 250205 2.0
1713 250327 2.0
1714 250444 2.0
1715 250555 2.0
1716 250661 2.0
1717 250750 2.0
1718 250835 2.0
1719 250925 2.0
1720 251009 2.0
1721 251116 2.0
1722 251211 2.0
1723 251346 2.0
1724 251473 2.0
1725 251592 2.0
1726 251734 2.0
1727 251882 2.0
1728 251977 2.0
1729 252063 2.0
1730 252152 2.0
1731 252249 2.0
1732 252347 2.0
1733 252418 2.0
1734 252495 2.0
1735 252611 2.0
1736 252689 2.0
1737 252771 2.0
1738 252855 2.0
1739 252943 2.0
1740 253088 2.0
1741 253181 2.0
1742 253276 2.0
1743 253416 2.0
1744 253521 2.0
1745 253615 2.0
1746 253739 2.0
1747 253821 2.0
1748 253911 2.0
1749 253969 2.0
1750 254065 2.0
1751 254165 2.0
1752 254231 2.0
1753 254309 2.0
1754 254384 2.0
1755 254473 2.0
1756 254543 2.0
1757 254617 2.0
1758 254812 2.0
1759 254942 2.0
1760 255031 2.0
1761 255104 2.0
1762 255210 2.0
1763 255334 2.0
1764 255457 2.0
1765 255549 2.0
1766 255626 2.0
1767 255699 2.0
1768 255799 2.0
1769 255877 2.0
1770 255991 2.0
1771 256084 2.0
1772 256191 2.0
1773 256306 2.0
1774 256395 2.0
1775 256486 2.0
1776 256583 2.0
1777 256700 2.0
1778 256794 2.0
1779 256904 2.0
1780 256969 2.0
1781 257047 2.0
1782 257148 2.0
1783 257252 2.0
1784 257347 2.0
1785 257418 2.0
1786 257481 2.0
1787 257564 2.0
1788 257641 2.0
1789 257719 2.0
1790 257838 2.0
1791 257919 2.0
1792 258003 2.0
1793 258121 2.0
1794 258224 2.0
1795 258307 2.0
1796 258399 2.0
1797 258485 2.0
1798 258587 2.0
1799 258721 2.0
1800 258810 2.0
1801 258887 2.0
1802 258977 2.0
1803 259071 2.0
1804 259135 2.0
1805 259196 2.0
1806 259290 2.0
1807 259378 2.0
1808 259468 2.0
1809 259548 2.0
1810 259645 2.0
1811 259728 2.0
1812 259828 2.0
1813 259901 2.0
1814 259993 2.0
1815 260058 2.0
1816 260175 2.0
1817 260320 2.0
1818 260443 2.0
1819 260541 2.0
1820 260621 2.0
1821 260701 2.0
1822 260780 2.0
1823 260942 2.0
1824 261081 2.0
1825 261190 2.0
1826 261268 2.0
1827 261369 2.0
1828 261472 2.0
1829 261559 2.0
1830 261665 2.0
1831 261772 2.0
1832 261883 2.0
1833 261966 2.0
1834 262040 2.0
1835 262150 2.0
1836 262223 2.0
1837 262308 2.0
1838 262399 2.0
1839 262487 2.0
1840 262573 2.0
1841 262675 2.0
1842 262738 2.0
1843 262848 2.0
1844 263053 2.0
1845 263159 2.0
1846 263246 2.0
1847 263339 2.0
1848 263407 2.0
1849 263504 2.0
1850 263583 2.0
1851 263662 2.0
1852 263774 2.0
1853 263872 2.0
1854 263951 2.0
1855 264035 2.0
1856 264124 2.0
1857 264223 2.0
1858 264326 2.0
1859 264434 2.0
1860 264511 2.0
1861 264629 2.0
1862 264725 2.0
1863 264805 2.0
1864 264967 2.0
1865 265062 2.0
1866 265155 2.0
1867 265220 2.0
1868 265319 2.0
1869 265411 2.0
1870 265526 2.0
1871 265671 2.0
1872 265763 2.0
1873 265860 2.0
1874 265935 2.0
1875 266063 2.0
1876 266141 2.0
1877 266223 2.0
1878 266334 2.0
1879 266414 2.0
1880 266503 2.0
1881 266598 2.0
1882 266726 2.0
1883 266833 2.0
1884 266909 2.0
1885 266996 2.0
1886 267062 2.0
1887 267135 2.0
1888 267240 2.0
1889 267343 2.0
1890 267418 2.0
1891 267495 2.0
1892 267569 2.0
1893 267673 2.0
1894 267767 2.0
1895 267856 2.0
1896 267985 2.0
1897 268054 2.0
1898 268124 2.0
1899 268224 2.0
1900 268319 2.0
1901 268407 2.0
1902 268502 2.0
1903 268583 2.0
1904 268665 2.0
1905 268745 2.0
1906 268829 2.0
1907 268953 2.0
1908 269025 2.0
1909 269100 2.0
1910 269211 2.0
1911 269279 2.0
1912 269352 2.0
1913 269437 2.0
1914 269522 2.0
1915 269607 2.0
1916 269694 2.0
1917 269860 2.0
1918 269937 2.0
1919 270004 2.0
1920 270084 2.0
1921 270216 2.0
1922 270275 2.0
1923 270360 2.0
1924 270436 2.0
1925 270507 2.0
1926 270582 2.0
1927 270678 2.0
1928 270764 2.0
1929 270869 2.0
1930 270958 2.0
1931 271032 2.0
1932 271107 2.0
1933 271183 2.0
1934 271289 2.0
1935 271386 2.0
1936 271499 2.0
1937 271575 2.0
1938 271643 2.0
1939 271752 2.0
1940 271840 2.0
1941 271965 2.0
1942 272062 2.0
1943 272142 2.0
1944 272242 2.0
1945 272318 2.0
1946 272400 2.0
1947 272532 2.0
1948 272601 2.0
1949 272690 2.0
1950 272759 2.0
1951 272838 2.0
1952 272923 2.0
1953 272992 2.0
1954 273117 2.0
1955 273208 2.0
1956 273273 2.0
1957 273376 2.0
1958 273462 2.0
1959 273549 2.0
1960 273625 2.0
1961 273744 2.0
1962 273808 2.0
1963 273931 2.0
1964 274011 2.0
1965 274228 2.0
1966 274299 2.0
1967 274386 2.0
1968 274495 2.0
1969 274596 2.0
1970 274747 2.0
1971 274831 2.0
1972 274902 2.0
1973 275000 2.0
1974 275064 2.0
1975 275150 2.0
1976 275223 2.0
1977 275288 2.0
1978 275410 2.0
1979 275492 2.0
1980 275649 2.0
1981 275744 2.0
1982 275867 2.0
1983 275949 2.0
1984 276056 2.0
1985 276164 2.0
1986 276252 2.0
1987 276350 2.0
1988 276440 2.0
1989 276516 2.0
1990 276625 2.0
1991 276747 2.0
1992 276875 2.0
1993 276988 2.0
1994 277084 2.0
1995 277145 2.0
1996 277240 2.0
1997 277327 2.0
1998 277424 2.0
1999 277519 2.0
2000 277626 2.0
2001 277736 2.0
2002 277840 2.0
2003 277927 2.0
2004 278024 2.0
2005 278117 2.0
2006 278208 2.0
2007 278320 2.0
2008 278421 2.0
2009 278512 2.0
2010 278620 2.0
2011 278717 2.0
2012 278785 2.0
2013 278874 2.0
2014 278982 2.0
2015 279069 2.0
2016 279162 2.0
2017 279229 2.0
2018 279338 2.0
2019 279426 2.0
2020 279554 2.0
2021 279649 2.0
2022 279741 2.0
2023 279803 2.0
2024 279890 2.0
2025 279998 2.0
2026 280097 2.0
2027 280185 2.0
2028 280273 2.0
2029 280354 2.0
2030 280420 2.0
2031 280501 2.0
2032 280598 2.0
2033 280680 2.0
2034 280789 2.0
2035 280883 2.0
2036 280963 2.0
2037 281066 2.0
2038 281152 2.0
2039 281248 2.0
2040 281332 2.0
2041 281391 2.0
2042 281571 2.0
2043 281639 2.0
2044 281723 2.0
2045 281798 2.0
2046 281898 2.0
2047 282016 2.0
2048 282093 2.0
2049 282169 2.0
2050 282259 2.0
2051 282341 2.0
2052 282443 2.0
2053 282532 2.0
2054 282664 2.0
2055 282769 2.0
2056 282856 2.0
2057 282949 2.0
2058 283068 2.0
2059 283184 2.0
2060 283243 2.0
2061 283404 2.0
2062 283508 2.0
2063 283598 2.0
2064 283693 2.0
2065 283779 2.0
2066 283862 2.0
2067 283936 2.0
2068 284021 2.0
2069 284160 2.0
2070 284269 2.0
2071 284340 2.0
2072 284422 2.0
2073 284510 2.0
2074 284596 2.0
2075 284670 2.0
2076 284757 2.0
2077 284841 2.0
2078 284911 2.0
2079 284996 2.0
2080 285066 2.0
2081 285167 2.0
2082 285264 2.0
2083 285337 2.0
2084 285439 2.0
2085 285526 2.0
2086 285641 2.0
2087 285709 2.0
2088 285796 2.0
2089 285901 2.0
2090 285995 2.0
2091 286085 2.0
2092 286194 2.0
2093 286308 2.0
2094 286427 2.0
2095 286526 2.0
2096 286628 2.0
2097 286710 2.0
2098 286808 2.0
2099 286970 2.0
2100 287073 2.0
2101 287186 2.0
2102 287284 2.0
2103 287401 2.0
2104 287489 2.0
2105 287590 2.0
2106 287686 2.0
2107 287796 2.0
2108 287875 2.0
2109 287973 2.0
2110 288046 2.0
2111 288129 2.0
2112 288257 2.0
2113 288322 2.0
2114 288403 2.0
2115 288499 2.0
2116 288585 2.0
2117 288659 2.0
2118 288798 2.0
2119 288876 2.0
2120 288965 2.0
2121 289098 2.0
2122 289168 2.0
2123 289242 2.0
2124 289341 2.0
2125 289409 2.0
2126 289477 2.0
2127 289559 2.0
2128 289691 2.0
2129 289788 2.0
2130 289942 2.0
2131 290028 2.0
2132 290125 2.0
2133 290205 2.0
2134 290318 2.0
2135 290407 2.0
2136 290482 2.0
2137 290561 2.0
2138 290649 2.0
2139 290730 2.0
2140 290828 2.0
2141 290971 2.0
2142 291054 2.0
2143 291154 2.0
2144 291253 2.0
2145 291352 2.0
2146 291441 2.0
2147 291579 2.0
2148 291694 2.0
2149 291768 2.0
2150 291860 2.0
2151 291953 2.0
2152 292056 2.0
2153 292148 2.0
2154 292247 2.0
2155 292353 2.0
2156 292444 2.0
2157 292519 2.0
2158 292593 2.0
2159 292658 2.0
2160 292728 2.0
2161 292838 2.0
2162 292930 2.0
2163 293014 2.0
2164 293094 2.0
2165 293173 2.0
2166 293253 2.0
2167 293340 2.0
2168 293412 2.0
2169 293528 2.0
2170 293640 2.0
2171 293765 2.0
2172 293865 2.0
2173 293955 2.0
2174 294049 2.0
2175 294196 2.0
2176 294269 2.0
2177 294346 2.0
2178 294431 2.0
2179 294520 2.0
2180 294639 2.0
2181 294705 2.0
2182 294772 2.0
2183 294840 2.0
2184 294922 2.0
2185 294994 2.0
2186 295093 2.0
2187 295178 2.0
2188 295263 2.0
2189 295333 2.0
2190 295428 2.0
2191 295541 2.0
2192 295633 2.0
2193 295702 2.0
2194 295795 2.0
2195 295925 2.0
2196 296068 2.0
2197 296170 2.0
2198 296267 2.0
2199 296326 2.0
2200 296396 2.0
2201 296460 2.0
2202 296563 2.0
2203 296719 2.0
2204 296788 2.0
2205 296856 2.0
2206 296947 2.0
2207 297037 2.0
2208 297219 2.0
2209 297334 2.0
2210 297405 2.0
2211 297510 2.0
2212 297613 2.0
2213 297706 2.0
2214 297782 2.0
2215 297884 2.0
2216 297998 2.0
2217 298062 2.0
2218 298147 2.0
2219 298217 2.0
2220 298317 2.0
2221 298408 2.0
2222 298499 2.0
2223 298601 2.0
2224 298673 2.0
2225 298754 2.0
2226 298821 2.0
2227 298897 2.0
2228 299050 2.0
2229 299145 2.0
2230 299239 2.0
2231 299350 2.0
2232 299453 2.0
2233 299546 2.0
2234 299618 2.0
2235 299721 2.0
2236 299807 2.0
2237 299909 2.0
2238 299983 2.0
2239 300069 2.0
2240 300149 2.0
2241 300240 2.0
2242 300347 2.0
2243 300443 2.0
2244 300527 2.0
2245 300588 2.0
2246 300694 2.0
2247 300772 2.0
2248 300843 2.0
2249 301003 2.0
2250 301133 2.0
2251 301221 2.0
2252 301307 2.0
2253 301381 2.0
2254 301489 2.0
2255 301561 2.0
2256 301644 2.0
2257 301749 2.0
2258 301814 2.0
2259 301931 2.0
2260 302038 2.0
2261 302146 2.0
2262 302237 2.0
2263 302315 2.0
2264 302406 2.0
2265 302471 2.0
2266 302535 2.0
2267 302635 2.0
2268 302714 2.0
2269 302826 2.0
2270 302964 2.0
2271 303069 2.0
2272 303188 2.0
2273 303277 2.0
2274 303356 2.0
2275 303466 2.0
2276 303547 2.0
2277 303613 2.0
2278 303697 2.0
2279 303776 2.0
2280 303855 2.0
2281 303945 2.0
2282 304039 2.0
2283 304139 2.0
2284 304238 2.0
2285 304317 2.0
2286 304417 2.0
2287 304512 2.0
2288 304613 2.0
2289 304710 2.0
2290 304801 2.0
2291 304898 2.0
2292 304990 2.0
2293 305064 2.0
2294 305147 2.0
2295 305249 2.0
2296 305358 2.0
2297 305452 2.0
2298 305574 2.0
2299 305692 2.0
2300 305785 2.0
2301 305858 2.0
2302 305961 2.0
2303 306042 2.0
2304 306194 2.0
2305 306288 2.0
2306 306360 2.0
2307 306467 2.0
2308 306547 2.0
2309 306626 2.0
2310 306746 2.0
2311 306840 2.0
2312 306920 2.0
2313 307008 2.0
2314 307080 2.0
2315 307174 2.0
2316 307258 2.0
2317 307329 2.0
2318 307417 2.0
2319 307488 2.0
2320 307564 2.0
2321 307633 2.0
2322 307734 2.0
2323 307811 2.0
2324 307916 2.0
2325 307991 2.0
2326 308076 2.0
2327 308160 2.0
2328 308251 2.0
2329 308360 2.0
2330 308435 2.0
2331 308528 2.0
2332 308642 2.0
2333 308730 2.0
2334 308804 2.0
2335 308871 2.0
2336 308980 2.0
2337 309059 2.0
2338 309137 2.0
2339 309221 2.0
2340 309293 2.0
2341 309372 2.0
2342 309465 2.0
2343 309531 2.0
2344 309599 2.0
2345 309679 2.0
2346 309771 2.0
2347 309835 2.0
2348 309924 2.0
2349 310023 2.0
2350 310112 2.0
2351 310232 2.0
2352 310284 2.0
2353 310380 2.0
2354 310451 2.0
2355 310565 2.0
2356 310641 2.0
2357 310698 2.0
2358 310772 2.0
2359 310856 2.0
2360 310937 2.0
2361 311041 2.0
2362 311112 2.0
2363 311223 2.0
2364 311337 2.0
2365 311414 2.0
2366 311501 2.0
2367 311583 2.0
2368 311664 2.0
2369 311773 2.0
2370 311846 2.0
2371 311971 2.0
2372 312044 2.0
2373 312179 2.0
2374 312262 2.0
2375 312371 2.0
2376 312433 2.0
2377 312523 2.0
2378 312594 2.0
2379 312662 2.0
2380 312755 2.0
2381 312849 2.0
2382 312921 2.0
2383 313048 2.0
2384 313116 2.0
2385 313203 2.0
2386 313276 2.0
2387 313373 2.0
2388 313463 2.0
2389 313539 2.0
2390 313642 2.0
2391 313717 2.0
2392 313791 2.0
2393 313880 2.0
2394 313953 2.0
2395 314042 2.0
2396 314105 2.0
2397 314222 2.0
2398 314316 2.0
2399 314402 2.0
2400 314533 2.0
2401 314633 2.0
2402 314692 2.0
2403 314798 2.0
2404 314881 2.0
2405 314960 2.0
2406 315043 2.0
2407 315104 2.0
2408 315194 2.0
2409 315283 2.0
2410 315351 2.0
2411 315422 2.0
2412 315516 2.0
2413 315599 2.0
2414 315774 2.0
2415 315855 2.0
2416 315915 2.0
2417 316069 2.0
2418 316158 2.0
2419 316248 2.0
2420 316360 2.0
2421 316448 2.0
2422 316504 2.0
2423 316579 2.0
2424 316658 2.0
2425 316737 2.0
2426 316847 2.0
2427 316943 2.0
2428 317033 2.0
2429 317121 2.0
2430 317202 2.0
2431 317292 2.0
2432 317406 2.0
2433 317500 2.0
2434 317565 2.0
2435 317654 2.0
2436 317733 2.0
2437 317834 2.0
2438 317906 2.0
2439 317992 2.0
2440 318088 2.0
2441 318194 2.0
2442 318336 2.0
2443 318400 2.0
2444 318490 2.0
2445 318584 2.0
2446 318674 2.0
2447 318752 2.0
2448 318820 2.0
2449 318922 2.0
2450 318983 2.0
2451 319060 2.0
2452 319147 2.0
2453 319228 2.0
2454 319313 2.0
2455 319405 2.0
2456 319480 2.0
2457 319551 2.0
2458 319710 2.0
2459 319810 2.0
2460 319899 2.0
2461 319987 2.0
2462 320063 2.0
2463 320152 2.0
2464 320267 2.0
2465 320346 2.0
2466 320453 2.0
2467 320529 2.0
2468 320631 2.0
2469 320725 2.0
2470 320832 2.0
2471 320901 2.0
2472 320981 2.0
2473 321043 2.0
2474 321130 2.0
2475 321246 2.0
2476 321318 2.0
2477 321393 2.0
2478 321469 2.0
2479 321567 2.0
2480 321656 2.0
2481 321749 2.0
2482 321829 2.0
2483 321899 2.0
2484 321989 2.0
2485 322076 2.0
2486 322143 2.0
2487 322233 2.0
2488 322316 2.0
2489 322384 2.0
2490 322492 2.0
2491 322601 2.0
2492 322698 2.0
2493 322871 2.0
2494 322954 2.0
2495 323041 2.0
2496 323127 2.0
2497 323210 2.0
2498 323293 2.0
2499 323362 2.0
2500 323435 2.0
2501 323555 2.0
2502 323623 2.0
2503 323750 2.0
2504 323827 2.0
2505 323908 2.0
2506 324001 2.0
2507 324099 2.0
2508 324235 2.0
2509 324313 2.0
2510 324381 2.0
2511 324485 2.0
2512 324556 2.0
2513 324626 2.0
2514 324712 2.0
2515 324833 2.0
2516 324939 2.0
2517 325085 2.0
2518 325158 2.0
2519 325267 2.0
2520 325341 2.0
2521 325420 2.0
2522 325522 2.0
2523 325612 2.0
2524 325685 2.0
2525 325769 2.0
2526 325849 2.0
2527 325926 2.0
2528 326011 2.0
2529 326096 2.0
2530 326224 2.0
2531 326323 2.0
2532 326429 2.0
2533 326517 2.0
2534 326595 2.0
2535 326717 2.0
2536 326798 2.0
2537 326905 2.0
2538 326973 2.0
2539 327048 2.0
2540 327120 2.0
2541 327205 2.0
2542 327301 2.0
2543 327386 2.0
2544 327460 2.0
2545 327550 2.0
2546 327626 2.0
2547 327709 2.0
2548 327779 2.0
2549 327869 2.0
2550 327963 2.0
2551 328038 2.0
2552 328118 2.0
2553 328253 2.0
2554 328325 2.0
2555 328430 2.0
2556 328491 2.0
2557 328590 2.0
2558 328671 2.0
2559 328772 2.0
2560 328914 2.0
2561 329001 2.0
2562 329083 2.0
2563 329168 2.0
2564 329239 2.0
2565 329338 2.0
2566 329438 2.0
2567 329511 2.0
2568 329597 2.0
2569 329677 2.0
2570 329742 2.0
2571 329836 2.0
2572 329899 2.0
2573 329969 2.0
2574 330062 2.0
2575 330133 2.0
2576 330235 2.0
2577 330326 2.0
2578 330412 2.0
2579 330492 2.0
2580 330549 2.0
2581 330651 2.0
2582 330733 2.0
2583 330826 2.0
2584 330893 2.0
2585 330948 2.0
2586 331046 2.0
2587 331120 2.0
2588 331221 2.0
2589 331351 2.0
2590 331456 2.0
2591 331533 2.0
2592 331619 2.0
2593 331715 2.0
2594 331790 2.0
2595 331869 2.0
2596 332022 2.0
2597 332131 2.0
2598 332203 2.0
2599 332278 2.0
2600 332353 2.0
2601 332441 2.0
2602 332572 2.0
2603 332643 2.0
2604 332725 2.0
2605 332828 2.0
2606 332911 2.0
2607 332997 2.0
2608 333090 2.0
2609 333183 2.0
2610 333264 2.0
2611 333360 2.0
2612 333442 2.0
2613 333535 2.0
2614 333615 2.0
2615 333694 2.0
2616 333750 2.0
2617 333835 2.0
2618 333914 2.0
2619 334004 2.0
2620 334091 2.0
2621 334155 2.0
2622 334232 2.0
2623 334331 2.0
2624 334410 2.0
2625 334484 2.0
2626 334572 2.0
2627 334695 2.0
2628 334786 2.0
2629 334858 2.0
2630 334931 2.0
2631 335043 2.0
2632 335123 2.0
2633 335222 2.0
2634 335294 2.0
2635 335368 2.0
2636 335455 2.0
2637 335521 2.0
2638 335597 2.0
2639 335704 2.0
2640 335820 2.0
2641 335924 2.0
2642 336016 2.0
2643 336077 2.0
2644 336192 2.0
2645 336287 2.0
2646 336353 2.0
2647 336455 2.0
2648 336558 2.0
2649 336636 2.0
2650 336819 2.0
2651 336896 2.0
2652 336983 2.0
2653 337076 2.0
2654 337150 2.0
2655 337234 2.0
2656 337295 2.0
2657 337358 2.0
2658 337424 2.0
2659 337501 2.0
2660 337610 2.0
2661 337693 2.0
2662 337781 2.0
2663 337871 2.0
2664 337961 2.0
2665 338036 2.0
2666 338173 2.0
2667 338298 2.0
2668 338384 2.0
2669 338461 2.0
2670 338561 2.0
2671 338706 2.0
2672 338807 2.0
2673 338878 2.0
2674 338959 2.0
2675 339035 2.0
2676 339136 2.0
2677 339209 2.0
2678 339320 2.0
2679 339413 2.0
2680 339494 2.0
2681 339587 2.0
2682 339662 2.0
2683 339799 2.0
2684 339910 2.0
2685 339995 2.0
2686 340070 2.0
2687 340154 2.0
2688 340228 2.0
2689 340306 2.0
2690 340415 2.0
2691 340486 2.0
2692 340581 2.0
2693 340695 2.0
2694 340802 2.0
2695 340889 2.0
2696 340975 2.0
2697 341035 2.0
2698 341097 2.0
2699 341182 2.0
2700 341267 2.0
2701 341336 2.0
2702 341417 2.0
2703 341516 2.0
2704 341593 2.0
2705 341662 2.0
2706 341753 2.0
2707 341855 2.0
2708 341940 2.0
2709 342021 2.0
2710 342107 2.0
2711 342175 2.0
2712 342264 2.0
2713 342330 2.0
2714 342421 2.0
2715 342508 2.0
2716 342601 2.0
2717 342686 2.0
2718 342760 2.0
2719 342825 2.0
2720 342893 2.0
2721 342993 2.0
2722 343111 2.0
2723 343204 2.0
2724 343288 2.0
2725 343372 2.0
2726 343499 2.0
2727 343614 2.0
2728 343684 2.0
2729 343774 2.0
2730 343841 2.0
2731 343915 2.0
2732 344002 2.0
2733 344069 2.0
2734 344202 2.0
2735 344286 2.0
2736 344367 2.0
2737 344448 2.0
2738 344516 2.0
2739 344629 2.0
2740 344714 2.0
2741 344795 2.0
2742 344887 2.0
2743 344984 2.0
2744 345087 2.0
2745 345193 2.0
2746 345278 2.0
2747 345349 2.0
2748 345430 2.0
2749 345510 2.0
2750 345611 2.0
2751 345701 2.0
2752 345785 2.0
2753 345879 2.0
2754 345954 2.0
2755 346027 2.0
2756 346101 2.0
2757 346237 2.0
2758 346313 2.0
2759 346380 2.0
2760 346451 2.0
2761 346511 2.0
2762 346596 2.0
2763 346684 2.0
2764 346768 2.0
2765 346864 2.0
2766 346970 2.0
2767 347072 2.0
2768 347152 2.0
2769 347219 2.0
2770 347292 2.0
2771 347384 2.0
2772 347451 2.0
2773 347547 2.0
2774 347612 2.0
2775 347683 2.0
2776 347767 2.0
2777 347871 2.0
2778 347953 2.0
2779 348038 2.0
2780 348121 2.0
2781 348225 2.0
2782 348330 2.0
2783 348408 2.0
2784 348549 2.0
2785 348636 2.0
2786 348720 2.0
2787 348806 2.0
2788 348881 2.0
2789 348948 2.0
2790 349018 2.0
2791 349116 2.0
2792 349254 2.0
2793 349346 2.0
2794 349466 2.0
2795 349560 2.0
2796 349634 2.0
2797 349738 2.0
2798 349828 2.0
2799 349988 2.0
2800 350111 2.0
2801 350186 2.0
2802 350270 2.0
2803 350350 2.0
2804 350438 2.0
2805 350522 2.0
2806 350586 2.0
2807 350694 2.0
2808 350785 2.0
2809 350867 2.0
2810 350967 2.0
2811 351048 2.0
2812 351120 2.0
2813 351210 2.0
2814 351301 2.0
2815 351386 2.0
2816 351473 2.0
2817 351551 2.0
2818 351646 2.0
2819 351724 2.0
2820 351840 2.0
2821 351941 2.0
2822 352020 2.0
2823 352104 2.0
2824 352273 2.0
2825 352367 2.0
2826 352446 2.0
2827 352528 2.0
2828 352667 2.0
2829 352757 2.0
2830 352821 2.0
2831 352903 2.0
2832 353001 2.0
2833 353089 2.0
2834 353193 2.0
2835 353313 2.0
2836 353422 2.0
2837 353529 2.0
2838 353625 2.0
2839 353717 2.0
2840 353817 2.0
2841 353895 2.0
2842 353960 2.0
2843 354111 2.0
2844 354186 2.0
2845 354273 2.0
2846 354392 2.0
2847 354476 2.0
2848 354558 2.0
2849 354676 2.0
2850 354786 2.0
2851 354861 2.0
2852 354978 2.0
2853 355074 2.0
2854 355144 2.0
2855 355204 2.0
2856 355327 2.0
2857 355412 2.0
2858 355530 2.0
2859 355611 2.0
2860 355764 2.0
2861 355854 2.0
2862 355936 2.0
2863 356017 2.0
2864 356106 2.0
2865 356189 2.0
2866 356261 2.0
2867 356398 2.0
2868 356457 2.0
2869 356540 2.0
2870 356628 2.0
2871 356691 2.0
2872 356795 2.0
2873 356976 2.0
2874 357043 2.0
2875 357125 2.0
2876 357197 2.0
2877 357271 2.0
2878 357349 2.0
2879 357446 2.0
2880 357528 2.0
2881 357629 2.0
2882 357711 2.0
2883 357842 2.0
2884 357935 2.0
2885 358028 2.0
2886 358125 2.0
2887 358213 2.0
2888 358311 2.0
2889 358524 2.0
2890 358616 2.0
2891 358748 2.0
2892 358867 2.0
2893 358950 2.0
2894 359047 2.0
2895 359121 2.0
2896 359197 2.0
2897 359297 2.0
2898 359367 2.0
2899 359447 2.0
2900 359560 2.0
2901 359624 2.0
2902 359685 2.0
2903 359764 2.0
2904 359847 2.0
2905 359947 2.0
2906 360033 2.0
2907 360149 2.0
2908 360229 2.0
2909 360335 2.0
2910 360437 2.0
2911 360575 2.0
2912 360667 2.0
2913 360738 2.0
2914 360794 2.0
2915 360867 2.0
2916 361006 2.0
2917 361127 2.0
2918 361209 2.0
2919 361287 2.0
2920 361377 2.0
2921 361461 2.0
2922 361538 2.0
2923 361653 2.0
2924 361741 2.0
2925 361830 2.0
2926 361922 2.0
2927 362039 2.0
2928 362174 2.0
2929 362239 2.0
2930 362313 2.0
2931 362423 2.0
2932 362520 2.0
2933 362632 2.0
2934 362723 2.0
2935 362798 2.0
2936 362936 2.0
2937 362994 2.0
2938 363100 2.0
2939 363176 2.0
2940 363291 2.0
2941 363370 2.0
2942 363445 2.0
2943 363532 2.0
2944 363619 2.0
2945 363700 2.0
2946 363789 2.0
2947 363872 2.0
2948 363975 2.0
2949 364037 2.0
2950 364130 2.0
2951 364206 2.0
2952 364289 2.0
2953 364378 2.0
2954 364458 2.0
2955 364573 2.0
2956 364673 2.0
2957 364746 2.0
2958 364850 2.0
2959 364929 2.0
2960 365002 2.0
2961 365080 2.0
2962 365181 2.0
2963 365292 2.0
2964 365365 2.0
2965 365442 2.0
2966 365526 2.0
2967 365635 2.0
2968 365771 2.0
2969 365859 2.0
2970 365925 2.0
2971 365991 2.0
2972 366067 2.0
2973 366129 2.0
2974 366212 2.0
2975 366307 2.0
2976 366369 2.0
2977 366489 2.0
2978 366578 2.0
2979 366664 2.0
2980 366758 2.0
2981 366834 2.0
2982 366906 2.0
2983 366997 2.0
2984 367073 2.0
2985 367175 2.0
2986 367242 2.0
2987 367369 2.0
2988 367434 2.0
2989 367507 2.0
2990 367585 2.0
2991 367665 2.0
2992 367780 2.0
2993 367853 2.0
2994 367958 2.0
2995 368055 2.0
2996 368124 2.0
2997 368214 2.0
2998 368298 2.0
2999 368406 2.0
3000 368508 2.0
3001 368593 2.0
3002 368683 2.0
3003 368795 2.0
3004 368875 2.0
3005 368939 2.0
3006 369015 2.0
3007 369080 2.0
3008 369230 2.0
3009 369298 2.0
3010 369408 2.0
3011 369516 2.0
3012 369606 2.0
3013 369744 2.0
3014 369817 2.0
3015 369918 2.0
3016 369992 2.0
3017 370098 2.0
3018 370202 2.0
3019 370285 2.0
3020 370360 2.0
3021 370428 2.0
3022 370589 2.0
3023 370672 2.0
3024 370829 2.0
3025 370913 2.0
3026 370975 2.0
3027 371049 2.0
3028 371109 2.0
3029 371212 2.0
3030 371305 2.0
3031 371378 2.0
3032 371447 2.0
3033 371534 2.0
3034 371629 2.0
3035 371695 2.0
3036 371843 2.0
3037 371912 2.0
3038 372010 2.0
3039 372116 2.0
3040 372185 2.0
3041 372267 2.0
3042 372330 2.0
3043 372422 2.0
3044 372492 2.0
3045 372555 2.0
3046 372624 2.0
3047 372711 2.0
3048 372780 2.0
3049 372921 2.0
3050 372994 2.0
3051 373109 2.0
3052 373222 2.0
3053 373291 2.0
3054 373415 2.0
3055 373513 2.0
3056 373614 2.0
3057 373686 2.0
3058 373797 2.0
3059 373861 2.0
3060 373933 2.0
3061 373996 2.0
3062 374072 2.0
3063 374141 2.0
3064 374221 2.0
3065 374296 2.0
3066 374382 2.0
3067 374469 2.0
3068 374542 2.0
3069 374615 2.0
3070 374709 2.0
3071 374819 2.0
3072 374920 2.0
3073 374998 2.0
3074 375072 2.0
3075 375148 2.0
3076 375234 2.0
3077 375309 2.0
3078 375450 2.0
3079 375544 2.0
3080 375622 2.0
3081 375725 2.0
3082 375784 2.0
3083 375862 2.0
3084 375956 2.0
3085 376035 2.0
3086 376113 2.0
3087 376195 2.0
3088 376275 2.0
3089 376356 2.0
3090 376437 2.0
3091 376518 2.0
3092 376604 2.0
3093 376668 2.0
3094 376759 2.0
3095 376837 2.0
3096 376927 2.0
3097 377043 2.0
3098 377125 2.0
3099 377211 2.0
3100 377311 2.0
3101 377401 2.0
3102 377481 2.0
3103 377586 2.0
3104 377673 2.0
3105 377775 2.0
3106 377849 2.0
3107 377927 2.0
3108 378029 2.0
3109 378101 2.0
3110 378181 2.0
3111 378244 2.0
3112 378333 2.0
3113 378394 2.0
3114 378478 2.0
3115 378551 2.0
3116 378634 2.0
3117 378710 2.0
3118 378777 2.0
3119 378870 2.0
3120 378949 2.0
3121 379054 2.0
3122 379127 2.0
3123 379209 2.0
3124 379344 2.0
3125 379441 2.0
3126 379523 2.0
3127 379626 2.0
3128 379689 2.0
3129 379777 2.0
3130 380014 2.0
3131 380086 2.0
3132 380173 2.0
3133 380240 2.0
3134 380325 2.0
3135 380422 2.0
3136 380513 2.0
3137 380601 2.0
3138 380681 2.0
3139 380771 2.0
3140 380838 2.0
3141 380932 2.0
3142 380993 2.0
3143 381117 2.0
3144 381204 2.0
3145 381303 2.0
3146 381409 2.0
3147 381474 2.0
3148 381558 2.0
3149 381637 2.0
3150 381745 2.0
3151 381827 2.0
3152 381954 2.0
3153 382029 2.0
3154 382131 2.0
3155 382220 2.0
3156 382293 2.0
3157 382366 2.0
3158 382454 2.0
3159 382568 2.0
3160 382653 2.0
3161 382735 2.0
3162 382814 2.0
3163 382883 2.0
3164 382944 2.0
3165 383063 2.0
3166 383125 2.0
3167 383207 2.0
3168 383270 2.0
3169 383369 2.0
3170 383449 2.0
3171 383547 2.0
3172 383620 2.0
3173 383713 2.0
3174 383821 2.0
3175 383883 2.0
3176 383953 2.0
3177 384063 2.0
3178 384153 2.0
3179 384225 2.0
3180 384334 2.0
3181 384403 2.0
3182 384528 2.0
3183 384602 2.0
3184 384693 2.0
3185 384787 2.0
3186 384851 2.0
3187 384922 2.0
3188 385007 2.0
3189 385084 2.0
3190 385170 2.0
3191 385247 2.0
3192 385333 2.0
3193 385427 2.0
3194 385508 2.0
3195 385586 2.0
3196 385685 2.0
3197 385783 2.0
3198 385882 2.0
3199 385953 2.0
3200 386022 2.0
3201 386091 2.0
3202 386172 2.0
3203 386269 2.0
3204 386337 2.0
3205 386451 2.0
3206 386523 2.0
3207 386640 2.0
3208 386733 2.0
3209 386820 2.0
3210 386889 2.0
3211 386976 2.0
3212 387055 2.0
3213 387123 2.0
3214 387209 2.0
3215 387303 2.0
3216 387382 2.0
3217 387465 2.0
3218 387545 2.0
3219 387651 2.0
3220 387725 2.0
3221 387825 2.0
3222 387898 2.0
3223 387975 2.0
3224 388058 2.0
3225 388142 2.0
3226 388214 2.0
3227 388276 2.0
3228 388380 2.0
3229 388446 2.0
3230 388515 2.0
3231 388614 2.0
3232 388697 2.0
3233 388831 2.0
3234 388954 2.0
3235 389025 2.0
3236 389121 2.0
3237 389196 2.0
3238 389306 2.0
3239 389385 2.0
3240 389456 2.0
3241 389528 2.0
3242 389602 2.0
3243 389685 2.0
3244 389771 2.0
3245 389838 2.0
3246 389930 2.0
3247 390023 2.0
3248 390109 2.0
3249 390221 2.0
3250 390302 2.0
3251 390419 2.0
3252 390525 2.0
3253 390613 2.0
3254 390691 2.0
3255 390769 2.0
3256 390860 2.0
3257 390933 2.0
3258 391020 2.0
3259 391115 2.0
3260 391182 2.0
3261 391348 2.0
3262 391433 2.0
