1 300 0.0
2 600 0.0
3 900 0.0
4 1200 0.0
5 1500 0.0
6 1800 0.0
7 2100 0.0
8 2400 0.0
9 2700 0.0
10 3000 0.0
11 3300 0.0
12 3600 0.0
13 3900 0.0
14 4200 0.0
15 4500 0.0
16 4800 0.0
17 5100 0.0
18 5400 0.0
19 5700 0.0
20 6000 0.0
21 6300 0.0
22 6600 0.0
23 6900 0.0
24 7200 0.0
25 7500 0.0
26 7800 0.0
27 8100 0.0
28 8400 0.0
29 8700 0.0
30 9000 0.0
31 9300 0.0
32 9600 0.0
33 9900 0.0
34 10200 0.0
35 10500 0.0
36 10800 0.0
37 11100 0.0
38 11400 0.0
39 11700 0.0
40 12000 0.0
41 12300 0.0
42 12600 0.0
43 12900 0.0
44 13200 0.0
45 13500 0.0
46 13800 0.0
47 14100 0.0
48 14400 0.0
49 14700 0.0
50 15000 0.0
51 15300 0.0
52 15600 0.0
53 15900 0.0
54 16200 0.0
55 16500 0.0
56 16800 0.0
57 17100 0.0
58 17400 0.0
59 17700 0.0
60 18000 0.0
61 18300 0.0
62 18600 0.0
63 18900 0.0
64 19200 0.0
65 19500 0.0
66 19800 0.0
67 20100 0.0
68 20400 0.0
69 20700 0.0
70 21000 0.0
71 21300 0.0
72 21600 0.0
73 21900 0.0
74 22200 0.0
75 22500 0.0
76 22800 0.0
77 23100 0.0
78 23400 0.0
79 23700 0.0
80 24000 0.0
81 24300 0.0
82 24600 0.0
83 24900 0.0
84 25200 0.0
85 25500 0.0
86 25800 0.0
87 26100 0.0
88 26400 0.0
89 26700 0.0
90 27000 0.0
91 27300 0.0
92 27600 0.0
93 27900 0.0
94 28200 0.0
95 28500 0.0
96 28800 0.0
97 29100 0.0
98 29400 0.0
99 29700 0.0
100 30000 0.0
101 30300 0.0
102 30600 0.0
103 30900 0.0
104 31200 0.0
105 31500 0.0
106 31800 0.0
107 32100 0.0
108 32400 0.0
109 32700 0.0
110 33000 0.0
111 33300 0.0
112 33600 0.0
113 33900 0.0
114 34200 0.0
115 34500 0.0
116 34800 0.0
117 35100 0.0
118 35400 0.0
119 35700 0.0
120 36000 0.0
121 36300 0.0
122 36600 0.0
123 36900 0.0
124 37200 0.0
125 37500 0.0
126 37800 0.0
127 38100 0.0
128 38400 0.0
129 38700 0.0
130 39000 0.0
131 39300 0.0
132 39600 0.0
133 39900 0.0
134 40200 0.0
135 40500 0.0
136 40800 0.0
137 41100 0.0
138 41400 0.0
139 41700 0.0
140 42000 0.0
141 42300 0.0
142 42600 0.0
143 42900 0.0
144 43200 0.0
145 43500 0.0
146 43800 0.0
147 44100 0.0
148 44400 0.0
149 44700 0.0
150 45000 0.0
151 45300 0.0
152 45600 0.0
153 45900 0.0
154 46200 0.0
155 46500 0.0
156 46800 0.0
157 47100 0.0
158 47400 0.0
159 47700 0.0
160 48000 0.0
161 48300 0.0
162 48600 0.0
163 48900 0.0
164 49200 0.0
165 49500 0.0
166 49800 0.0
167 50100 0.0
168 50400 0.0
169 50700 0.0
170 51000 0.0
171 51300 0.0
172 51600 0.0
173 51900 0.0
174 52200 0.0
175 52500 0.0
176 52800 0.0
177 53100 0.0
178 53400 0.0
179 53700 0.0
180 54000 0.0
181 54300 0.0
182 54600 0.0
183 54900 0.0
184 55200 0.0
185 55500 0.0
186 55800 0.0
187 56100 0.0
188 56400 0.0
189 56700 0.0
190 57000 0.0
191 57300 0.0
192 57600 0.0
193 57900 0.0
194 58200 0.0
195 58500 0.0
196 58800 0.0
197 59100 0.0
198 59400 0.0
199 59700 0.0
200 60000 0.0
201 60300 0.0
202 60600 0.0
203 60900 0.0
204 61200 0.0
205 61500 0.0
206 61800 0.0
207 62100 0.0
208 62400 0.0
209 62700 0.0
210 63000 0.0
211 63300 0.0
212 63600 0.0
213 63900 0.0
214 64200 0.0
215 64500 0.0
216 64800 0.0
217 65100 0.0
218 65400 0.0
219 65700 0.0
220 66000 0.0
221 66300 0.0
222 66600 0.0
223 66900 0.0
224 67200 0.0
225 67500 0.0
226 67800 0.0
227 68100 0.0
228 68400 0.0
229 68700 0.0
230 69000 0.0
231 69300 0.0
232 69600 0.0
233 69900 0.0
234 70200 0.0
235 70500 0.0
236 70800 0.0
237 71100 0.0
238 71400 0.0
239 71700 0.0
240 72000 0.0
241 72300 0.0
242 72600 0.0
243 72900 0.0
244 73200 0.0
245 73500 0.0
246 73800 0.0
247 74100 0.0
248 74400 0.0
249 74700 0.0
250 75000 0.0
251 75300 0.0
252 75600 0.0
253 75900 0.0
254 76200 0.0
255 76500 0.0
256 76800 0.0
257 77100 0.0
258 77400 0.0
259 77700 0.0
260 78000 0.0
261 78300 0.0
262 78600 0.0
263 78900 0.0
264 79200 0.0
265 79500 0.0
266 79800 0.0
267 80100 0.0
268 80400 0.0
269 80700 0.0
270 81000 0.0
271 81300 0.0
272 81600 0.0
273 81900 0.0
274 82200 0.0
275 82500 0.0
276 82800 0.0
277 83100 0.0
278 83400 0.0
279 83700 0.0
280 84000 0.0
281 84300 0.0
282 84600 0.0
283 84900 0.0
284 85200 0.0
285 85500 0.0
286 85800 0.0
287 86100 0.0
288 86400 0.0
289 86700 0.0
290 87000 0.0
291 87300 0.0
292 87600 0.0
293 87900 0.0
294 88200 0.0
295 88500 0.0
296 88800 0.0
297 89100 0.0
298 89400 0.0
299 89700 0.0
300 90000 0.0
301 90300 0.0
302 90600 0.0
303 90900 0.0
304 91200 0.0
305 91500 0.0
306 91800 0.0
307 92100 0.0
308 92400 0.0
309 92700 0.0
310 93000 0.0
311 93300 0.0
312 93600 0.0
313 93900 0.0
314 94200 0.0
315 94500 0.0
316 94800 0.0
317 95100 0.0
318 95400 0.01
319 95700 0.01
320 96000 0.02
321 96300 0.03
322 96600 0.03
323 96900 0.04
324 97200 0.04
325 97500 0.04
326 97800 0.05
327 98100 0.060000000000000005
328 98400 0.07
329 98700 0.08
330 99000 0.1
331 99300 0.10999999999999999
332 99600 0.13
333 99900 0.14
334 100200 0.16
335 100500 0.17
336 100800 0.18000000000000002
337 101100 0.2
338 101400 0.21000000000000002
339 101700 0.21000000000000002
340 102000 0.22999999999999998
341 102300 0.25
342 102600 0.25999999999999995
343 102900 0.27999999999999997
344 103200 0.30000000000000004
345 103500 0.31000000000000005
346 103800 0.31000000000000005
347 104100 0.33000000000000007
348 104400 0.33
349 104700 0.35000000000000003
350 105000 0.35000000000000003
351 105300 0.35
352 105600 0.36
353 105900 0.38
354 106200 0.4
355 106500 0.41000000000000003
356 106800 0.43000000000000005
357 107100 0.45000000000000007
358 107400 0.4600000000000001
359 107700 0.4800000000000001
360 108000 0.5000000000000001
361 108300 0.52
362 108600 0.54
363 108900 0.56
364 109200 0.5800000000000001
365 109500 0.6000000000000001
366 109800 0.6200000000000001
367 110100 0.6400000000000001
368 110400 0.6600000000000001
369 110700 0.6800000000000002
370 111000 0.6900000000000001
371 111300 0.71
372 111600 0.73
373 111900 0.75
374 112200 0.77
375 112500 0.79
376 112800 0.81
377 113100 0.8200000000000001
378 113400 0.8400000000000001
379 113700 0.8600000000000001
380 114000 0.8800000000000001
381 114300 0.9000000000000001
382 114600 0.9200000000000002
383 114900 0.9400000000000001
384 115200 0.9600000000000001
385 115500 0.9700000000000001
386 115800 0.9900000000000001
387 116100 1.01
388 116400 1.02
389 116700 1.04
390 117000 1.06
391 117300 1.08
392 117600 1.1
393 117900 1.12
394 118200 1.1400000000000001
395 118500 1.1600000000000001
396 118800 1.1800000000000002
397 119100 1.2000000000000002
398 119400 1.2200000000000002
399 119700 1.2400000000000002
400 120000 1.2600000000000002
401 120300 1.2800000000000002
402 120600 1.3000000000000003
403 120900 1.3200000000000003
404 121200 1.3400000000000003
405 121500 1.3600000000000003
406 121800 1.3800000000000003
407 122100 1.4000000000000004
408 122400 1.4200000000000004
409 122700 1.4400000000000002
410 123000 1.45
411 123300 1.47
412 123600 1.49
413 123900 1.51
414 124200 1.53
415 124500 1.55
416 124800 1.57
417 125100 1.59
418 125400 1.6
419 125700 1.62
420 126000 1.6300000000000001
421 126300 1.6400000000000001
422 126600 1.6600000000000001
423 126900 1.6700000000000002
424 127200 1.6900000000000002
425 127500 1.7100000000000002
426 127800 1.7200000000000002
427 128100 1.7300000000000002
428 128400 1.7400000000000002
429 128622 1.7500000000000002
430 128922 1.7500000000000002
431 129171 1.7600000000000002
432 129471 1.7600000000000002
433 129701 1.7700000000000002
434 130001 1.7700000000000002
435 130301 1.7800000000000002
436 130522 1.7900000000000003
437 130822 1.7900000000000003
438 131122 1.8000000000000003
439 131327 1.8200000000000003
440 131588 1.8200000000000003
441 131888 1.8200000000000003
442 132158 1.8300000000000003
443 132361 1.8300000000000003
444 132661 1.8300000000000003
445 132961 1.8400000000000003
446 133238 1.8600000000000003
447 133538 1.8600000000000003
448 133675 1.8800000000000003
449 133975 1.8800000000000003
450 134275 1.9000000000000004
451 134575 1.9200000000000004
452 134840 1.9300000000000004
453 135006 1.9300000000000004
454 135306 1.9300000000000004
455 135479 1.9400000000000004
456 135621 1.9400000000000004
457 135921 1.9400000000000004
458 136191 1.9500000000000004
459 136344 1.9500000000000004
460 136540 1.9500000000000004
461 136695 1.9500000000000004
462 136991 1.9500000000000004
463 137165 1.9500000000000004
464 137289 1.9500000000000004
465 137499 1.9500000000000004
466 137761 1.9500000000000004
467 137931 1.9500000000000004
468 138048 1.9500000000000004
469 138348 1.9500000000000004
470 138468 1.9600000000000004
471 138694 1.9600000000000004
472 138887 1.9600000000000004
473 139168 1.9600000000000004
474 139358 1.9600000000000004
475 139518 1.9600000000000004
476 139818 1.9600000000000004
477 139955 1.9700000000000004
478 140096 1.9700000000000004
479 140183 1.9700000000000004
480 140342 1.9700000000000004
481 140509 1.9700000000000004
482 140775 1.9700000000000004
483 140989 1.9700000000000004
484 141289 1.9700000000000004
485 141511 1.9800000000000004
486 141654 1.9800000000000004
487 141954 1.9800000000000004
488 142091 1.9900000000000002
489 142264 1.9900000000000002
490 142452 1.9900000000000002
491 142534 1.9900000000000002
492 142649 1.9900000000000002
493 142835 1.9900000000000002
494 143040 1.9900000000000002
495 143171 1.9900000000000002
496 143313 1.9900000000000002
497 143394 1.9900000000000002
498 143565 1.9900000000000002
499 143669 1.9900000000000002
500 143782 1.9900000000000002
501 143884 1.9900000000000002
502 143987 1.9900000000000002
503 144100 1.9900000000000002
504 144238 1.9900000000000002
505 144500 1.9900000000000002
506 144631 1.9900000000000002
507 144798 1.9900000000000002
508 145093 1.9900000000000002
509 145393 1.9900000000000002
510 145550 2.0
511 145697 2.0
512 145879 2.0
513 146038 2.0
514 146132 2.0
515 146324 2.0
516 146480 2.0
517 146635 2.0
518 146907 2.0
519 147145 2.0
520 147328 2.0
521 147416 2.0
522 147552 2.0
523 147745 2.0
524 147873 2.0
525 147972 2.0
526 148102 2.0
527 148229 2.0
528 148324 2.0
529 148492 2.0
530 148692 2.0
531 148826 2.0
532 148928 2.0
533 149068 2.0
534 149165 2.0
535 149311 2.0
536 149460 2.0
537 149580 2.0
538 149718 2.0
539 149845 2.0
540 150123 2.0
541 150286 2.0
542 150556 2.0
543 150729 2.0
544 150859 2.0
545 151054 2.0
546 151230 2.0
547 151484 2.0
548 151589 2.0
549 151710 2.0
550 151883 2.0
551 152105 2.0
552 152266 2.0
553 152390 2.0
554 152469 2.0
555 152635 2.0
556 152749 2.0
557 152906 2.0
558 153084 2.0
559 153282 2.0
560 153423 2.0
561 153524 2.0
562 153678 2.0
563 153807 2.0
564 153922 2.0
565 154059 2.0
566 154177 2.0
567 154316 2.0
568 154426 2.0
569 154594 2.0
570 154736 2.0
571 154956 2.0
572 155220 2.0
573 155345 2.0
574 155467 2.0
575 155612 2.0
576 155793 2.0
577 155909 2.0
578 156039 2.0
579 156196 2.0
580 156292 2.0
581 156441 2.0
582 156581 2.0
583 156720 2.0
584 156828 2.0
585 156991 2.0
586 157239 2.0
587 157370 2.0
588 157530 2.0
589 157657 2.0
590 157783 2.0
591 157897 2.0
592 158061 2.0
593 158244 2.0
594 158422 2.0
595 158695 2.0
596 158829 2.0
597 158939 2.0
598 159052 2.0
599 159251 2.0
600 159372 2.0
601 159566 2.0
602 159668 2.0
603 159788 2.0
604 159929 2.0
605 160045 2.0
606 160172 2.0
607 160261 2.0
608 160373 2.0
609 160557 2.0
610 160653 2.0
611 160800 2.0
612 160911 2.0
613 161050 2.0
614 161168 2.0
615 161245 2.0
616 161391 2.0
617 161489 2.0
618 161609 2.0
619 161787 2.0
620 161908 2.0
621 162036 2.0
622 162269 2.0
623 162405 2.0
624 162532 2.0
625 162682 2.0
626 162813 2.0
627 162887 2.0
628 163034 2.0
629 163268 2.0
630 163377 2.0
631 163502 2.0
632 163702 2.0
633 163815 2.0
634 163931 2.0
635 164077 2.0
636 164190 2.0
637 164267 2.0
638 164421 2.0
639 164598 2.0
640 164692 2.0
641 164775 2.0
642 164917 2.0
643 165012 2.0
644 165153 2.0
645 165343 2.0
646 165447 2.0
647 165661 2.0
648 165794 2.0
649 165923 2.0
650 166052 2.0
651 166238 2.0
652 166364 2.0
653 166465 2.0
654 166557 2.0
655 166720 2.0
656 166819 2.0
657 166963 2.0
658 167165 2.0
659 167283 2.0
660 167409 2.0
661 167542 2.0
662 167663 2.0
663 167772 2.0
664 167878 2.0
665 168118 2.0
666 168261 2.0
667 168356 2.0
668 168469 2.0
669 168603 2.0
670 168703 2.0
671 168816 2.0
672 168915 2.0
673 169015 2.0
674 169179 2.0
675 169289 2.0
676 169438 2.0
677 169520 2.0
678 169685 2.0
679 169853 2.0
680 169979 2.0
681 170077 2.0
682 170209 2.0
683 170344 2.0
684 170466 2.0
685 170572 2.0
686 170656 2.0
687 170749 2.0
688 170830 2.0
689 170946 2.0
690 171058 2.0
691 171186 2.0
692 171305 2.0
693 171424 2.0
694 171509 2.0
695 171671 2.0
696 171765 2.0
697 171864 2.0
698 171964 2.0
699 172089 2.0
700 172262 2.0
701 172409 2.0
702 172510 2.0
703 172606 2.0
704 172699 2.0
705 172816 2.0
706 172904 2.0
707 172991 2.0
708 173146 2.0
709 173235 2.0
710 173369 2.0
711 173490 2.0
712 173650 2.0
713 173779 2.0
714 173864 2.0
715 174034 2.0
716 174183 2.0
717 174277 2.0
718 174389 2.0
719 174511 2.0
720 174651 2.0
721 174744 2.0
722 174873 2.0
723 175025 2.0
724 175120 2.0
725 175262 2.0
726 175352 2.0
727 175454 2.0
728 175572 2.0
729 175650 2.0
730 175775 2.0
731 175865 2.0
732 175968 2.0
733 176057 2.0
734 176210 2.0
735 176312 2.0
736 176422 2.0
737 176559 2.0
738 176647 2.0
739 176711 2.0
740 176801 2.0
741 176912 2.0
742 177000 2.0
743 177128 2.0
744 177268 2.0
745 177391 2.0
746 177524 2.0
747 177606 2.0
748 177719 2.0
749 177869 2.0
750 177962 2.0
751 178089 2.0
752 178163 2.0
753 178281 2.0
754 178416 2.0
755 178524 2.0
756 178618 2.0
757 178719 2.0
758 178812 2.0
759 178909 2.0
760 179117 2.0
761 179239 2.0
762 179330 2.0
763 179513 2.0
764 179606 2.0
765 179692 2.0
766 179777 2.0
767 179892 2.0
768 179964 2.0
769 180105 2.0
770 180274 2.0
771 180377 2.0
772 180518 2.0
773 180609 2.0
774 180745 2.0
775 180846 2.0
776 180992 2.0
777 181079 2.0
778 181234 2.0
779 181367 2.0
780 181463 2.0
781 181611 2.0
782 181708 2.0
783 181830 2.0
784 181914 2.0
785 182055 2.0
786 182187 2.0
787 182286 2.0
788 182393 2.0
789 182516 2.0
790 182626 2.0
791 182742 2.0
792 182876 2.0
793 183035 2.0
794 183128 2.0
795 183231 2.0
796 183325 2.0
797 183473 2.0
798 183594 2.0
799 183711 2.0
800 183820 2.0
801 183920 2.0
802 184012 2.0
803 184133 2.0
804 184220 2.0
805 184397 2.0
806 184494 2.0
807 184631 2.0
808 184719 2.0
809 184865 2.0
810 184992 2.0
811 185099 2.0
812 185193 2.0
813 185318 2.0
814 185387 2.0
815 185483 2.0
816 185597 2.0
817 185730 2.0
818 185925 2.0
819 186075 2.0
820 186179 2.0
821 186308 2.0
822 186403 2.0
823 186523 2.0
824 186653 2.0
825 186813 2.0
826 186946 2.0
827 187103 2.0
828 187245 2.0
829 187425 2.0
830 187516 2.0
831 187629 2.0
832 187755 2.0
833 187873 2.0
834 188006 2.0
835 188108 2.0
836 188191 2.0
837 188330 2.0
838 188431 2.0
839 188584 2.0
840 188697 2.0
841 188791 2.0
842 188865 2.0
843 188968 2.0
844 189112 2.0
845 189214 2.0
846 189316 2.0
847 189392 2.0
848 189534 2.0
849 189622 2.0
850 189732 2.0
851 189836 2.0
852 189971 2.0
853 190103 2.0
854 190224 2.0
855 190306 2.0
856 190381 2.0
857 190469 2.0
858 190574 2.0
859 190682 2.0
860 190830 2.0
861 190924 2.0
862 191010 2.0
863 191182 2.0
864 191311 2.0
865 191407 2.0
866 191582 2.0
867 191729 2.0
868 191811 2.0
869 191914 2.0
870 192001 2.0
871 192113 2.0
872 192201 2.0
873 192320 2.0
874 192408 2.0
875 192516 2.0
876 192617 2.0
877 192714 2.0
878 192817 2.0
879 192908 2.0
880 193090 2.0
881 193193 2.0
882 193308 2.0
883 193436 2.0
884 193502 2.0
885 193648 2.0
886 193775 2.0
887 193910 2.0
888 194040 2.0
889 194130 2.0
890 194296 2.0
891 194387 2.0
892 194493 2.0
893 194634 2.0
894 194723 2.0
895 194831 2.0
896 194950 2.0
897 195046 2.0
898 195143 2.0
899 195274 2.0
900 195374 2.0
901 195459 2.0
902 195584 2.0
903 195723 2.0
904 195819 2.0
905 195959 2.0
906 196092 2.0
907 196221 2.0
908 196307 2.0
909 196374 2.0
910 196495 2.0
911 196580 2.0
912 196739 2.0
913 196851 2.0
914 196947 2.0
915 197054 2.0
916 197224 2.0
917 197313 2.0
918 197465 2.0
919 197568 2.0
920 197668 2.0
921 197766 2.0
922 197840 2.0
923 197947 2.0
924 198092 2.0
925 198195 2.0
926 198296 2.0
927 198479 2.0
928 198562 2.0
929 198645 2.0
930 198722 2.0
931 198827 2.0
932 198959 2.0
933 199036 2.0
934 199119 2.0
935 199222 2.0
936 199374 2.0
937 199521 2.0
938 199615 2.0
939 199736 2.0
940 199816 2.0
941 199899 2.0
942 199978 2.0
943 200057 2.0
944 200170 2.0
945 200259 2.0
946 200391 2.0
947 200454 2.0
948 200669 2.0
949 200783 2.0
950 200849 2.0
951 200982 2.0
952 201124 2.0
953 201252 2.0
954 201360 2.0
955 201526 2.0
956 201622 2.0
957 201765 2.0
958 201870 2.0
959 201951 2.0
960 202069 2.0
961 202159 2.0
962 202238 2.0
963 202327 2.0
964 202432 2.0
965 202502 2.0
966 202604 2.0
967 202741 2.0
968 202830 2.0
969 202959 2.0
970 203053 2.0
971 203186 2.0
972 203286 2.0
973 203368 2.0
974 203461 2.0
975 203571 2.0
976 203663 2.0
977 203855 2.0
978 203984 2.0
979 204093 2.0
980 204194 2.0
981 204259 2.0
982 204347 2.0
983 204463 2.0
984 204601 2.0
985 204749 2.0
986 204833 2.0
987 204946 2.0
988 205041 2.0
989 205130 2.0
990 205264 2.0
991 205363 2.0
992 205515 2.0
993 205586 2.0
994 205679 2.0
995 205788 2.0
996 205862 2.0
997 206077 2.0
998 206175 2.0
999 206271 2.0
1000 206353 2.0
1001 206491 2.0
1002 206606 2.0
1003 206783 2.0
1004 206897 2.0
1005 207004 2.0
1006 207071 2.0
1007 207183 2.0
1008 207260 2.0
1009 207352 2.0
1010 207512 2.0
1011 207629 2.0
1012 207699 2.0
1013 207827 2.0
1014 207990 2.0
1015 208116 2.0
1016 208196 2.0
1017 208327 2.0
1018 208461 2.0
1019 208581 2.0
1020 208680 2.0
1021 208758 2.0
1022 208886 2.0
1023 208991 2.0
1024 209112 2.0
1025 209209 2.0
1026 209334 2.0
1027 209441 2.0
1028 209525 2.0
1029 209618 2.0
1030 209701 2.0
1031 209835 2.0
1032 209923 2.0
1033 210006 2.0
1034 210087 2.0
1035 210233 2.0
1036 210357 2.0
1037 210452 2.0
1038 210545 2.0
1039 210633 2.0
1040 210747 2.0
1041 210854 2.0
1042 210926 2.0
1043 211077 2.0
1044 211224 2.0
1045 211322 2.0
1046 211432 2.0
1047 211508 2.0
1048 211659 2.0
1049 211745 2.0
1050 211855 2.0
1051 211968 2.0
1052 212093 2.0
1053 212208 2.0
1054 212360 2.0
1055 212462 2.0
1056 212553 2.0
1057 212666 2.0
1058 212759 2.0
1059 212855 2.0
1060 212941 2.0
1061 213047 2.0
1062 213156 2.0
1063 213263 2.0
1064 213357 2.0
1065 213500 2.0
1066 213720 2.0
1067 213832 2.0
1068 213940 2.0
1069 214020 2.0
1070 214137 2.0
1071 214227 2.0
1072 214346 2.0
1073 214484 2.0
1074 214589 2.0
1075 214660 2.0
1076 214732 2.0
1077 214803 2.0
1078 214895 2.0
1079 215011 2.0
1080 215153 2.0
1081 215292 2.0
1082 215381 2.0
1083 215501 2.0
1084 215576 2.0
1085 215677 2.0
1086 215764 2.0
1087 215865 2.0
1088 215937 2.0
1089 216047 2.0
1090 216129 2.0
1091 216215 2.0
1092 216345 2.0
1093 216432 2.0
1094 216553 2.0
1095 216657 2.0
1096 216762 2.0
1097 216860 2.0
1098 216954 2.0
1099 217057 2.0
1100 217152 2.0
1101 217254 2.0
1102 217338 2.0
1103 217476 2.0
1104 217603 2.0
1105 217716 2.0
1106 217819 2.0
1107 217908 2.0
1108 218064 2.0
1109 218150 2.0
1110 218259 2.0
1111 218334 2.0
1112 218443 2.0
1113 218537 2.0
1114 218611 2.0
1115 218697 2.0
1116 218783 2.0
1117 218880 2.0
1118 219001 2.0
1119 219085 2.0
1120 219228 2.0
1121 219306 2.0
1122 219426 2.0
1123 219593 2.0
1124 219695 2.0
1125 219773 2.0
1126 219858 2.0
1127 219953 2.0
1128 220058 2.0
1129 220162 2.0
1130 220272 2.0
1131 220373 2.0
1132 220469 2.0
1133 220552 2.0
1134 220644 2.0
1135 220759 2.0
1136 220887 2.0
1137 220979 2.0
1138 221064 2.0
1139 221139 2.0
1140 221224 2.0
1141 221376 2.0
1142 221482 2.0
1143 221567 2.0
1144 221703 2.0
1145 221805 2.0
1146 221895 2.0
1147 221963 2.0
1148 222039 2.0
1149 222145 2.0
1150 222275 2.0
1151 222347 2.0
1152 222431 2.0
1153 222538 2.0
1154 222645 2.0
1155 222743 2.0
1156 222872 2.0
1157 222964 2.0
1158 223041 2.0
1159 223152 2.0
1160 223235 2.0
1161 223330 2.0
1162 223429 2.0
1163 223540 2.0
1164 223638 2.0
1165 223810 2.0
1166 223952 2.0
1167 224059 2.0
1168 224184 2.0
1169 224283 2.0
1170 224408 2.0
1171 224595 2.0
1172 224682 2.0
1173 224762 2.0
1174 224910 2.0
1175 225007 2.0
1176 225098 2.0
1177 225177 2.0
1178 225257 2.0
1179 225357 2.0
1180 225476 2.0
1181 225627 2.0
1182 225723 2.0
1183 225820 2.0
1184 225981 2.0
1185 226082 2.0
1186 226203 2.0
1187 226344 2.0
1188 226424 2.0
1189 226514 2.0
1190 226597 2.0
1191 226691 2.0
1192 226843 2.0
1193 226982 2.0
1194 227073 2.0
1195 227173 2.0
1196 227290 2.0
1197 227418 2.0
1198 227526 2.0
1199 227644 2.0
1200 227744 2.0
1201 227865 2.0
1202 227951 2.0
1203 228044 2.0
1204 228158 2.0
1205 228237 2.0
1206 228346 2.0
1207 228461 2.0
1208 228605 2.0
1209 228699 2.0
1210 228769 2.0
1211 228871 2.0
1212 228993 2.0
1213 229065 2.0
1214 229147 2.0
1215 229236 2.0
1216 229324 2.0
1217 229485 2.0
1218 229585 2.0
1219 229688 2.0
1220 229778 2.0
1221 229861 2.0
1222 230010 2.0
1223 230087 2.0
1224 230185 2.0
1225 230265 2.0
1226 230472 2.0
1227 230591 2.0
1228 230733 2.0
1229 230826 2.0
1230 231004 2.0
1231 231183 2.0
1232 231296 2.0
1233 231386 2.0
1234 231497 2.0
1235 231585 2.0
1236 231676 2.0
1237 231771 2.0
1238 231863 2.0
1239 231977 2.0
1240 232098 2.0
1241 232234 2.0
1242 232343 2.0
1243 232451 2.0
1244 232552 2.0
1245 232623 2.0
1246 232704 2.0
1247 232838 2.0
1248 232935 2.0
1249 233022 2.0
1250 233141 2.0
1251 233226 2.0
1252 233373 2.0
1253 233458 2.0
1254 233538 2.0
1255 233609 2.0
1256 233730 2.0
1257 233861 2.0
1258 233981 2.0
1259 234078 2.0
1260 234215 2.0
1261 234335 2.0
1262 234447 2.0
1263 234591 2.0
1264 234678 2.0
1265 234754 2.0
1266 234917 2.0
1267 235036 2.0
1268 235160 2.0
1269 235234 2.0
1270 235315 2.0
1271 235432 2.0
1272 235564 2.0
1273 235664 2.0
1274 235774 2.0
1275 235891 2.0
1276 236005 2.0
1277 236108 2.0
1278 236224 2.0
1279 236350 2.0
1280 236454 2.0
1281 236527 2.0
1282 236644 2.0
1283 236715 2.0
1284 236815 2.0
1285 236892 2.0
1286 236987 2.0
1287 237119 2.0
1288 237212 2.0
1289 237312 2.0
1290 237411 2.0
1291 237539 2.0
1292 237650 2.0
1293 237737 2.0
1294 237813 2.0
1295 237875 2.0
1296 238010 2.0
1297 238128 2.0
1298 238324 2.0
1299 238412 2.0
1300 238501 2.0
1301 238608 2.0
1302 238695 2.0
1303 238774 2.0
1304 238882 2.0
1305 238962 2.0
1306 239042 2.0
1307 239176 2.0
1308 239251 2.0
1309 239342 2.0
1310 239432 2.0
1311 239532 2.0
1312 239631 2.0
1313 239741 2.0
1314 239807 2.0
1315 239891 2.0
1316 239999 2.0
1317 240103 2.0
1318 240253 2.0
1319 240337 2.0
1320 240428 2.0
1321 240520 2.0
1322 240608 2.0
1323 240733 2.0
1324 240801 2.0
1325 240935 2.0
1326 241013 2.0
1327 241093 2.0
1328 241187 2.0
1329 241318 2.0
1330 241405 2.0
1331 241496 2.0
1332 241598 2.0
1333 241686 2.0
1334 241808 2.0
1335 241947 2.0
1336 242106 2.0
1337 242187 2.0
1338 242294 2.0
1339 242420 2.0
1340 242540 2.0
1341 242696 2.0
1342 242806 2.0
1343 242893 2.0
1344 242964 2.0
1345 243103 2.0
1346 243239 2.0
1347 243343 2.0
1348 243432 2.0
1349 243505 2.0
1350 243585 2.0
1351 243708 2.0
1352 243840 2.0
1353 243952 2.0
1354 244039 2.0
1355 244168 2.0
1356 244246 2.0
1357 244338 2.0
1358 244414 2.0
1359 244487 2.0
1360 244610 2.0
1361 244749 2.0
1362 244866 2.0
1363 244958 2.0
1364 245040 2.0
1365 245154 2.0
1366 245232 2.0
1367 245318 2.0
1368 245442 2.0
1369 245538 2.0
1370 245673 2.0
1371 245767 2.0
1372 245854 2.0
1373 245967 2.0
1374 246049 2.0
1375 246152 2.0
1376 246319 2.0
1377 246451 2.0
1378 246554 2.0
1379 246659 2.0
1380 246793 2.0
1381 246885 2.0
1382 246961 2.0
1383 247061 2.0
1384 247162 2.0
1385 247252 2.0
1386 247333 2.0
1387 247425 2.0
1388 247520 2.0
1389 247618 2.0
1390 247675 2.0
1391 247774 2.0
1392 247867 2.0
1393 247972 2.0
1394 248096 2.0
1395 248183 2.0
1396 248307 2.0
1397 248500 2.0
1398 248584 2.0
1399 248700 2.0
1400 248784 2.0
1401 248900 2.0
1402 249046 2.0
1403 249158 2.0
1404 249284 2.0
1405 249392 2.0
1406 249496 2.0
1407 249565 2.0
1408 249646 2.0
1409 249753 2.0
1410 249844 2.0
1411 249962 2.0
1412 250034 2.0
1413 250154 2.0
1414 250251 2.0
1415 250382 2.0
1416 250456 2.0
1417 250538 2.0
1418 250697 2.0
1419 250867 2.0
1420 251039 2.0
1421 251152 2.0
1422 251309 2.0
1423 251391 2.0
1424 251469 2.0
1425 251565 2.0
1426 251675 2.0
1427 251784 2.0
1428 251859 2.0
1429 251961 2.0
1430 252055 2.0
1431 252125 2.0
1432 252239 2.0
1433 252347 2.0
1434 252462 2.0
1435 252560 2.0
1436 252651 2.0
1437 252749 2.0
1438 252836 2.0
1439 252912 2.0
1440 253002 2.0
1441 253123 2.0
1442 253207 2.0
1443 253302 2.0
1444 253392 2.0
1445 253516 2.0
1446 253601 2.0
1447 253672 2.0
1448 253786 2.0
1449 253882 2.0
1450 253995 2.0
1451 254090 2.0
1452 254176 2.0
1453 254268 2.0
1454 254413 2.0
1455 254509 2.0
1456 254631 2.0
1457 254751 2.0
1458 254848 2.0
1459 254923 2.0
1460 255038 2.0
1461 255158 2.0
1462 255244 2.0
1463 255427 2.0
1464 255543 2.0
1465 255623 2.0
1466 255721 2.0
1467 255795 2.0
1468 255888 2.0
1469 255963 2.0
1470 256053 2.0
1471 256148 2.0
1472 256244 2.0
1473 256334 2.0
1474 256434 2.0
1475 256537 2.0
1476 256617 2.0
1477 256706 2.0
1478 256821 2.0
1479 256934 2.0
1480 257051 2.0
1481 257141 2.0
1482 257252 2.0
1483 257338 2.0
1484 257431 2.0
1485 257511 2.0
1486 257614 2.0
1487 257710 2.0
1488 257805 2.0
1489 257913 2.0
1490 258036 2.0
1491 258143 2.0
1492 258238 2.0
1493 258385 2.0
1494 258492 2.0
1495 258576 2.0
1496 258657 2.0
1497 258754 2.0
1498 258864 2.0
1499 258989 2.0
1500 259082 2.0
1501 259201 2.0
1502 259317 2.0
1503 259397 2.0
1504 259531 2.0
1505 259636 2.0
1506 259725 2.0
1507 259813 2.0
1508 259961 2.0
1509 260049 2.0
1510 260145 2.0
1511 260293 2.0
1512 260411 2.0
1513 260533 2.0
1514 260649 2.0
1515 260746 2.0
1516 260836 2.0
1517 260920 2.0
1518 261019 2.0
1519 261118 2.0
1520 261219 2.0
1521 261304 2.0
1522 261450 2.0
1523 261567 2.0
1524 261667 2.0
1525 261731 2.0
1526 261861 2.0
1527 261954 2.0
1528 262053 2.0
1529 262140 2.0
1530 262243 2.0
1531 262314 2.0
1532 262412 2.0
1533 262524 2.0
1534 262622 2.0
1535 262710 2.0
1536 262787 2.0
1537 262854 2.0
1538 262970 2.0
1539 263054 2.0
1540 263114 2.0
1541 263170 2.0
1542 263230 2.0
1543 263373 2.0
1544 263436 2.0
1545 263519 2.0
1546 263627 2.0
1547 263717 2.0
1548 263842 2.0
1549 263938 2.0
1550 264022 2.0
1551 264115 2.0
1552 264214 2.0
1553 264269 2.0
1554 264347 2.0
1555 264432 2.0
1556 264536 2.0
1557 264626 2.0
1558 264729 2.0
1559 264829 2.0
1560 264913 2.0
1561 265097 2.0
1562 265160 2.0
1563 265227 2.0
1564 265335 2.0
1565 265466 2.0
1566 265599 2.0
1567 265722 2.0
1568 265806 2.0
1569 265914 2.0
1570 266042 2.0
1571 266158 2.0
1572 266357 2.0
1573 266438 2.0
1574 266523 2.0
1575 266615 2.0
1576 266701 2.0
1577 266784 2.0
1578 266927 2.0
1579 267007 2.0
1580 267087 2.0
1581 267170 2.0
1582 267273 2.0
1583 267362 2.0
1584 267491 2.0
1585 267561 2.0
1586 267666 2.0
1587 267769 2.0
1588 267867 2.0
1589 267964 2.0
1590 268044 2.0
1591 268126 2.0
1592 268238 2.0
1593 268345 2.0
1594 268434 2.0
1595 268561 2.0
1596 268701 2.0
1597 268809 2.0
1598 268896 2.0
1599 269002 2.0
1600 269105 2.0
1601 269215 2.0
1602 269311 2.0
1603 269415 2.0
1604 269570 2.0
1605 269684 2.0
1606 269773 2.0
1607 269868 2.0
1608 269952 2.0
1609 270048 2.0
1610 270177 2.0
1611 270261 2.0
1612 270340 2.0
1613 270436 2.0
1614 270549 2.0
1615 270617 2.0
1616 270690 2.0
1617 270773 2.0
1618 270874 2.0
1619 270968 2.0
1620 271059 2.0
1621 271145 2.0
1622 271231 2.0
1623 271312 2.0
1624 271391 2.0
1625 271526 2.0
1626 271614 2.0
1627 271702 2.0
1628 271791 2.0
1629 271875 2.0
1630 272020 2.0
1631 272112 2.0
1632 272227 2.0
1633 272333 2.0
1634 272406 2.0
1635 272515 2.0
1636 272627 2.0
1637 272798 2.0
1638 272917 2.0
1639 272999 2.0
1640 273109 2.0
1641 273202 2.0
1642 273297 2.0
1643 273424 2.0
1644 273520 2.0
1645 273637 2.0
1646 273723 2.0
1647 273818 2.0
1648 273940 2.0
1649 274067 2.0
1650 274181 2.0
1651 274275 2.0
1652 274420 2.0
1653 274533 2.0
1654 274637 2.0
1655 274722 2.0
1656 274789 2.0
1657 274872 2.0
1658 274979 2.0
1659 275048 2.0
1660 275144 2.0
1661 275238 2.0
1662 275344 2.0
1663 275452 2.0
1664 275549 2.0
1665 275670 2.0
1666 275765 2.0
1667 275879 2.0
1668 275969 2.0
1669 276060 2.0
1670 276148 2.0
1671 276232 2.0
1672 276344 2.0
1673 276508 2.0
1674 276582 2.0
1675 276707 2.0
1676 276781 2.0
1677 276895 2.0
1678 276972 2.0
1679 277083 2.0
1680 277181 2.0
1681 277286 2.0
1682 277379 2.0
1683 277508 2.0
1684 277583 2.0
1685 277685 2.0
1686 277771 2.0
1687 277859 2.0
1688 277935 2.0
1689 278020 2.0
1690 278104 2.0
1691 278217 2.0
1692 278313 2.0
1693 278391 2.0
1694 278459 2.0
1695 278558 2.0
1696 278653 2.0
1697 278735 2.0
1698 278806 2.0
1699 278909 2.0
1700 278990 2.0
1701 279073 2.0
1702 279162 2.0
1703 279295 2.0
1704 279375 2.0
1705 279448 2.0
1706 279551 2.0
1707 279649 2.0
1708 279717 2.0
1709 279821 2.0
1710 279902 2.0
1711 279990 2.0
1712 280111 2.0
1713 280190 2.0
1714 280319 2.0
1715 280430 2.0
1716 280493 2.0
1717 280578 2.0
1718 280689 2.0
1719 280787 2.0
1720 280871 2.0
1721 280957 2.0
1722 281058 2.0
1723 281162 2.0
1724 281261 2.0
1725 281342 2.0
1726 281430 2.0
1727 281515 2.0
1728 281601 2.0
1729 281661 2.0
1730 281788 2.0
1731 281866 2.0
1732 281970 2.0
1733 282053 2.0
1734 282146 2.0
1735 282235 2.0
1736 282317 2.0
1737 282399 2.0
1738 282495 2.0
1739 282606 2.0
1740 282699 2.0
1741 282789 2.0
1742 282862 2.0
1743 282946 2.0
1744 283024 2.0
1745 283124 2.0
1746 283215 2.0
1747 283306 2.0
1748 283402 2.0
1749 283473 2.0
1750 283537 2.0
1751 283618 2.0
1752 283717 2.0
1753 283797 2.0
1754 283898 2.0
1755 283986 2.0
1756 284072 2.0
1757 284187 2.0
1758 284259 2.0
1759 284353 2.0
1760 284431 2.0
1761 284534 2.0
1762 284621 2.0
1763 284720 2.0
1764 284814 2.0
1765 284938 2.0
1766 285070 2.0
1767 285155 2.0
1768 285227 2.0
1769 285334 2.0
1770 285416 2.0
1771 285503 2.0
1772 285595 2.0
1773 285669 2.0
1774 285765 2.0
1775 285861 2.0
1776 285938 2.0
1777 286050 2.0
1778 286143 2.0
1779 286215 2.0
1780 286292 2.0
1781 286375 2.0
1782 286504 2.0
1783 286664 2.0
1784 286737 2.0
1785 286835 2.0
1786 286928 2.0
1787 287015 2.0
1788 287135 2.0
1789 287229 2.0
1790 287396 2.0
1791 287482 2.0
1792 287614 2.0
1793 287719 2.0
1794 287788 2.0
1795 287896 2.0
1796 287971 2.0
1797 288060 2.0
1798 288171 2.0
1799 288276 2.0
1800 288381 2.0
1801 288456 2.0
1802 288555 2.0
1803 288626 2.0
1804 288747 2.0
1805 288831 2.0
1806 288920 2.0
1807 289024 2.0
1808 289132 2.0
1809 289259 2.0
1810 289348 2.0
1811 289448 2.0
1812 289531 2.0
1813 289614 2.0
1814 289727 2.0
1815 289856 2.0
1816 289945 2.0
1817 290023 2.0
1818 290123 2.0
1819 290199 2.0
1820 290279 2.0
1821 290358 2.0
1822 290469 2.0
1823 290547 2.0
1824 290660 2.0
1825 290728 2.0
1826 290824 2.0
1827 290916 2.0
1828 290979 2.0
1829 291067 2.0
1830 291152 2.0
1831 291238 2.0
1832 291303 2.0
1833 291424 2.0
1834 291489 2.0
1835 291586 2.0
1836 291660 2.0
1837 291743 2.0
1838 291828 2.0
1839 291924 2.0
1840 292002 2.0
1841 292154 2.0
1842 292242 2.0
1843 292335 2.0
1844 292407 2.0
1845 292472 2.0
1846 292562 2.0
1847 292649 2.0
1848 292732 2.0
1849 292833 2.0
1850 292971 2.0
1851 293050 2.0
1852 293127 2.0
1853 293258 2.0
1854 293359 2.0
1855 293443 2.0
1856 293541 2.0
1857 293666 2.0
1858 293766 2.0
1859 293858 2.0
1860 294005 2.0
1861 294122 2.0
1862 294209 2.0
1863 294281 2.0
1864 294411 2.0
1865 294510 2.0
1866 294642 2.0
1867 294734 2.0
1868 294834 2.0
1869 294943 2.0
1870 295058 2.0
1871 295179 2.0
1872 295296 2.0
1873 295388 2.0
1874 295461 2.0
1875 295557 2.0
1876 295638 2.0
1877 295744 2.0
1878 295861 2.0
1879 295981 2.0
1880 296063 2.0
1881 296135 2.0
1882 296234 2.0
1883 296331 2.0
1884 296426 2.0
1885 296531 2.0
1886 296619 2.0
1887 296729 2.0
1888 296805 2.0
1889 296888 2.0
1890 296974 2.0
1891 297078 2.0
1892 297183 2.0
1893 297264 2.0
1894 297359 2.0
1895 297452 2.0
1896 297536 2.0
1897 297663 2.0
1898 297761 2.0
1899 297869 2.0
1900 298017 2.0
1901 298147 2.0
1902 298234 2.0
1903 298321 2.0
1904 298425 2.0
1905 298518 2.0
1906 298605 2.0
1907 298687 2.0
1908 298821 2.0
1909 298901 2.0
1910 298983 2.0
1911 299083 2.0
1912 299205 2.0
1913 299326 2.0
1914 299394 2.0
1915 299485 2.0
1916 299562 2.0
1917 299695 2.0
1918 299780 2.0
1919 299878 2.0
1920 299952 2.0
1921 300050 2.0
1922 300224 2.0
1923 300305 2.0
1924 300381 2.0
1925 300468 2.0
1926 300574 2.0
1927 300656 2.0
1928 300822 2.0
1929 300892 2.0
1930 300974 2.0
1931 301044 2.0
1932 301142 2.0
1933 301233 2.0
1934 301301 2.0
1935 301390 2.0
1936 301457 2.0
1937 301555 2.0
1938 301657 2.0
1939 301755 2.0
1940 301845 2.0
1941 301931 2.0
1942 302007 2.0
1943 302091 2.0
1944 302173 2.0
1945 302251 2.0
1946 302382 2.0
1947 302503 2.0
1948 302622 2.0
1949 302692 2.0
1950 302792 2.0
1951 302910 2.0
1952 302986 2.0
1953 303054 2.0
1954 303161 2.0
1955 303255 2.0
1956 303328 2.0
1957 303405 2.0
1958 303484 2.0
1959 303597 2.0
1960 303688 2.0
1961 303761 2.0
1962 303879 2.0
1963 303961 2.0
1964 304071 2.0
1965 304176 2.0
1966 304252 2.0
1967 304335 2.0
1968 304429 2.0
1969 304532 2.0
1970 304604 2.0
1971 304713 2.0
1972 304837 2.0
1973 304924 2.0
1974 304995 2.0
1975 305099 2.0
1976 305208 2.0
1977 305267 2.0
1978 305342 2.0
1979 305456 2.0
1980 305551 2.0
1981 305652 2.0
1982 305724 2.0
1983 305827 2.0
1984 305923 2.0
1985 306016 2.0
1986 306096 2.0
1987 306212 2.0
1988 306267 2.0
1989 306390 2.0
1990 306454 2.0
1991 306531 2.0
1992 306605 2.0
1993 306720 2.0
1994 306803 2.0
1995 306878 2.0
1996 306968 2.0
1997 307112 2.0
1998 307209 2.0
1999 307309 2.0
2000 307400 2.0
2001 307491 2.0
2002 307565 2.0
2003 307701 2.0
2004 307803 2.0
2005 307900 2.0
2006 307985 2.0
2007 308079 2.0
2008 308174 2.0
2009 308260 2.0
2010 308327 2.0
2011 308434 2.0
2012 308520 2.0
2013 308586 2.0
2014 308747 2.0
2015 308856 2.0
2016 308922 2.0
2017 309002 2.0
2018 309097 2.0
2019 309194 2.0
2020 309307 2.0
2021 309377 2.0
2022 309454 2.0
2023 309532 2.0
2024 309612 2.0
2025 309681 2.0
2026 309777 2.0
2027 309856 2.0
2028 309961 2.0
2029 310068 2.0
2030 310162 2.0
2031 310237 2.0
2032 310320 2.0
2033 310391 2.0
2034 310454 2.0
2035 310562 2.0
2036 310672 2.0
2037 310791 2.0
2038 310868 2.0
2039 310965 2.0
2040 311057 2.0
2041 311156 2.0
2042 311258 2.0
2043 311345 2.0
2044 311416 2.0
2045 311537 2.0
2046 311610 2.0
2047 311706 2.0
2048 311797 2.0
2049 311888 2.0
2050 311985 2.0
2051 312090 2.0
2052 312202 2.0
2053 312308 2.0
2054 312396 2.0
2055 312528 2.0
2056 312601 2.0
2057 312693 2.0
2058 312782 2.0
2059 312852 2.0
2060 312936 2.0
2061 313032 2.0
2062 313117 2.0
2063 313180 2.0
2064 313281 2.0
2065 313360 2.0
2066 313436 2.0
2067 313582 2.0
2068 313647 2.0
2069 313728 2.0
2070 313838 2.0
2071 313944 2.0
2072 314032 2.0
2073 314124 2.0
2074 314242 2.0
2075 314324 2.0
2076 314393 2.0
2077 314457 2.0
2078 314540 2.0
2079 314621 2.0
2080 314707 2.0
2081 314837 2.0
2082 314933 2.0
2083 315107 2.0
2084 315212 2.0
2085 315302 2.0
2086 315377 2.0
2087 315472 2.0
2088 315581 2.0
2089 315646 2.0
2090 315742 2.0
2091 315820 2.0
2092 315902 2.0
2093 315981 2.0
2094 316078 2.0
2095 316215 2.0
2096 316298 2.0
2097 316387 2.0
2098 316481 2.0
2099 316618 2.0
2100 316703 2.0
2101 316799 2.0
2102 316871 2.0
2103 316982 2.0
2104 317086 2.0
2105 317201 2.0
2106 317274 2.0
2107 317347 2.0
2108 317460 2.0
2109 317539 2.0
2110 317673 2.0
2111 317862 2.0
2112 317921 2.0
2113 318027 2.0
2114 318157 2.0
2115 318249 2.0
2116 318332 2.0
2117 318461 2.0
2118 318540 2.0
2119 318627 2.0
2120 318721 2.0
2121 318820 2.0
2122 318887 2.0
2123 318961 2.0
2124 319029 2.0
2125 319105 2.0
2126 319216 2.0
2127 319322 2.0
2128 319404 2.0
2129 319469 2.0
2130 319554 2.0
2131 319632 2.0
2132 319727 2.0
2133 319834 2.0
2134 319892 2.0
2135 319972 2.0
2136 320060 2.0
2137 320149 2.0
2138 320251 2.0
2139 320350 2.0
2140 320478 2.0
2141 320564 2.0
2142 320679 2.0
2143 320780 2.0
2144 320864 2.0
2145 320944 2.0
2146 321060 2.0
2147 321147 2.0
2148 321257 2.0
2149 321370 2.0
2150 321452 2.0
2151 321531 2.0
2152 321615 2.0
2153 321691 2.0
2154 321772 2.0
2155 321921 2.0
2156 321986 2.0
2157 322080 2.0
2158 322241 2.0
2159 322356 2.0
2160 322463 2.0
2161 322575 2.0
2162 322654 2.0
2163 322730 2.0
2164 322824 2.0
2165 322911 2.0
2166 322976 2.0
2167 323073 2.0
2168 323167 2.0
2169 323271 2.0
2170 323367 2.0
2171 323455 2.0
2172 323528 2.0
2173 323609 2.0
2174 323715 2.0
2175 323778 2.0
2176 323952 2.0
2177 324023 2.0
2178 324111 2.0
2179 324237 2.0
2180 324311 2.0
2181 324395 2.0
2182 324476 2.0
2183 324556 2.0
2184 324634 2.0
2185 324710 2.0
2186 324810 2.0
2187 324880 2.0
2188 324970 2.0
2189 325066 2.0
2190 325170 2.0
2191 325284 2.0
2192 325353 2.0
2193 325418 2.0
2194 325486 2.0
2195 325573 2.0
2196 325705 2.0
2197 325831 2.0
2198 325947 2.0
2199 326088 2.0
2200 326182 2.0
2201 326280 2.0
2202 326363 2.0
2203 326475 2.0
2204 326595 2.0
2205 326692 2.0
2206 326760 2.0
2207 326848 2.0
2208 326955 2.0
2209 327034 2.0
2210 327119 2.0
2211 327204 2.0
2212 327305 2.0
2213 327399 2.0
2214 327510 2.0
2215 327582 2.0
2216 327665 2.0
2217 327779 2.0
2218 327889 2.0
2219 328002 2.0
2220 328086 2.0
2221 328199 2.0
2222 328296 2.0
2223 328377 2.0
2224 328468 2.0
2225 328544 2.0
2226 328717 2.0
2227 328805 2.0
2228 328879 2.0
2229 328948 2.0
2230 329053 2.0
2231 329137 2.0
2232 329256 2.0
2233 329386 2.0
2234 329543 2.0
2235 329619 2.0
2236 329712 2.0
2237 329818 2.0
2238 329925 2.0
2239 329999 2.0
2240 330151 2.0
2241 330224 2.0
2242 330379 2.0
2243 330454 2.0
2244 330546 2.0
2245 330624 2.0
2246 330698 2.0
2247 330770 2.0
2248 330844 2.0
2249 330905 2.0
2250 330988 2.0
2251 331067 2.0
2252 331150 2.0
2253 331226 2.0
2254 331298 2.0
2255 331399 2.0
2256 331518 2.0
2257 331611 2.0
2258 331692 2.0
2259 331808 2.0
2260 331888 2.0
2261 331969 2.0
2262 332091 2.0
2263 332197 2.0
2264 332282 2.0
2265 332360 2.0
2266 332430 2.0
2267 332536 2.0
2268 332660 2.0
2269 332810 2.0
2270 332901 2.0
2271 332976 2.0
2272 333092 2.0
2273 333222 2.0
2274 333305 2.0
2275 333376 2.0
2276 333470 2.0
2277 333556 2.0
2278 333654 2.0
2279 333732 2.0
2280 333817 2.0
2281 333948 2.0
2282 334014 2.0
2283 334129 2.0
2284 334241 2.0
2285 334304 2.0
2286 334388 2.0
2287 334533 2.0
2288 334619 2.0
2289 334697 2.0
2290 334805 2.0
2291 334888 2.0
2292 334963 2.0
2293 335050 2.0
2294 335148 2.0
2295 335240 2.0
2296 335312 2.0
2297 335403 2.0
2298 335477 2.0
2299 335578 2.0
2300 335644 2.0
2301 335732 2.0
2302 335814 2.0
2303 335911 2.0
2304 335992 2.0
2305 336085 2.0
2306 336170 2.0
2307 336255 2.0
2308 336332 2.0
2309 336412 2.0
2310 336505 2.0
2311 336651 2.0
2312 336748 2.0
2313 336833 2.0
2314 336901 2.0
2315 336971 2.0
2316 337089 2.0
2317 337186 2.0
2318 337266 2.0
2319 337363 2.0
2320 337446 2.0
2321 337540 2.0
2322 337600 2.0
2323 337689 2.0
2324 337786 2.0
2325 337863 2.0
2326 337972 2.0
2327 338062 2.0
2328 338147 2.0
2329 338267 2.0
2330 338418 2.0
2331 338479 2.0
2332 338574 2.0
2333 338728 2.0
2334 338812 2.0
2335 338897 2.0
2336 339005 2.0
2337 339146 2.0
2338 339252 2.0
2339 339328 2.0
2340 339406 2.0
2341 339475 2.0
2342 339564 2.0
2343 339651 2.0
2344 339738 2.0
2345 339876 2.0
2346 339956 2.0
2347 340103 2.0
2348 340230 2.0
2349 340325 2.0
2350 340405 2.0
2351 340490 2.0
2352 340584 2.0
2353 340675 2.0
2354 340747 2.0
2355 340838 2.0
2356 340942 2.0
2357 341018 2.0
2358 341095 2.0
2359 341168 2.0
2360 341259 2.0
2361 341343 2.0
2362 341425 2.0
2363 341528 2.0
2364 341614 2.0
2365 341681 2.0
2366 341776 2.0
2367 341862 2.0
2368 342008 2.0
2369 342082 2.0
2370 342154 2.0
2371 342255 2.0
2372 342334 2.0
2373 342403 2.0
2374 342537 2.0
2375 342641 2.0
2376 342741 2.0
2377 342826 2.0
2378 342999 2.0
2379 343065 2.0
2380 343148 2.0
2381 343241 2.0
2382 343332 2.0
2383 343402 2.0
2384 343509 2.0
2385 343637 2.0
2386 343784 2.0
2387 343905 2.0
2388 343989 2.0
2389 344076 2.0
2390 344159 2.0
2391 344291 2.0
2392 344358 2.0
2393 344451 2.0
2394 344546 2.0
2395 344623 2.0
2396 344734 2.0
2397 344817 2.0
2398 344897 2.0
2399 345006 2.0
2400 345075 2.0
2401 345176 2.0
2402 345254 2.0
2403 345437 2.0
2404 345579 2.0
2405 345650 2.0
2406 345723 2.0
2407 345888 2.0
2408 345980 2.0
2409 346073 2.0
2410 346157 2.0
2411 346263 2.0
2412 346335 2.0
2413 346414 2.0
2414 346500 2.0
2415 346579 2.0
2416 346685 2.0
2417 346784 2.0
2418 346871 2.0
2419 346931 2.0
2420 347048 2.0
2421 347128 2.0
2422 347203 2.0
2423 347297 2.0
2424 347478 2.0
2425 347556 2.0
2426 347641 2.0
2427 347752 2.0
2428 347835 2.0
2429 347929 2.0
2430 348055 2.0
2431 348140 2.0
2432 348220 2.0
2433 348309 2.0
2434 348374 2.0
2435 348476 2.0
2436 348544 2.0
2437 348628 2.0
2438 348720 2.0
2439 348787 2.0
2440 348879 2.0
2441 348978 2.0
2442 349052 2.0
2443 349141 2.0
2444 349223 2.0
2445 349335 2.0
2446 349405 2.0
2447 349495 2.0
2448 349588 2.0
2449 349657 2.0
2450 349721 2.0
2451 349797 2.0
2452 349872 2.0
2453 349955 2.0
2454 350035 2.0
2455 350133 2.0
2456 350220 2.0
2457 350326 2.0
2458 350412 2.0
2459 350513 2.0
2460 350625 2.0
2461 350756 2.0
2462 350835 2.0
2463 350922 2.0
2464 351020 2.0
2465 351095 2.0
2466 351172 2.0
2467 351266 2.0
2468 351356 2.0
2469 351439 2.0
2470 351533 2.0
2471 351622 2.0
2472 351701 2.0
2473 351782 2.0
2474 351909 2.0
2475 351995 2.0
2476 352054 2.0
2477 352131 2.0
2478 352221 2.0
2479 352304 2.0
2480 352368 2.0
2481 352453 2.0
2482 352528 2.0
2483 352617 2.0
2484 352704 2.0
2485 352789 2.0
2486 352910 2.0
2487 353001 2.0
2488 353101 2.0
2489 353211 2.0
2490 353293 2.0
2491 353416 2.0
2492 353485 2.0
2493 353550 2.0
2494 353654 2.0
2495 353751 2.0
2496 353814 2.0
2497 353885 2.0
2498 353969 2.0
2499 354042 2.0
2500 354119 2.0
2501 354222 2.0
2502 354319 2.0
2503 354393 2.0
2504 354471 2.0
2505 354526 2.0
2506 354602 2.0
2507 354682 2.0
2508 354785 2.0
2509 354900 2.0
2510 354980 2.0
2511 355056 2.0
2512 355159 2.0
2513 355259 2.0
2514 355327 2.0
2515 355427 2.0
2516 355505 2.0
2517 355584 2.0
2518 355670 2.0
2519 355752 2.0
2520 355834 2.0
2521 355918 2.0
2522 356016 2.0
2523 356096 2.0
2524 356183 2.0
2525 356241 2.0
2526 356332 2.0
2527 356418 2.0
2528 356579 2.0
2529 356662 2.0
2530 356756 2.0
2531 356829 2.0
2532 356899 2.0
2533 357036 2.0
2534 357142 2.0
2535 357216 2.0
2536 357311 2.0
2537 357405 2.0
2538 357506 2.0
2539 357587 2.0
2540 357662 2.0
2541 357735 2.0
2542 357813 2.0
2543 357875 2.0
2544 357967 2.0
2545 358055 2.0
2546 358122 2.0
2547 358204 2.0
2548 358284 2.0
2549 358375 2.0
2550 358450 2.0
2551 358542 2.0
2552 358640 2.0
2553 358776 2.0
2554 358864 2.0
2555 358990 2.0
2556 359054 2.0
2557 359165 2.0
2558 359256 2.0
2559 359353 2.0
2560 359435 2.0
2561 359544 2.0
2562 359618 2.0
2563 359674 2.0
2564 359749 2.0
2565 359826 2.0
2566 359918 2.0
2567 359994 2.0
2568 360100 2.0
2569 360167 2.0
2570 360252 2.0
2571 360324 2.0
2572 360400 2.0
2573 360520 2.0
2574 360600 2.0
2575 360672 2.0
2576 360753 2.0
2577 360830 2.0
2578 360942 2.0
2579 361064 2.0
2580 361219 2.0
2581 361295 2.0
2582 361363 2.0
2583 361444 2.0
2584 361546 2.0
2585 361669 2.0
2586 361778 2.0
2587 361886 2.0
2588 361964 2.0
2589 362040 2.0
2590 362117 2.0
2591 362185 2.0
2592 362252 2.0
2593 362339 2.0
2594 362407 2.0
2595 362534 2.0
2596 362610 2.0
2597 362678 2.0
2598 362748 2.0
2599 362870 2.0
2600 362934 2.0
2601 363027 2.0
2602 363125 2.0
2603 363206 2.0
2604 363298 2.0
2605 363408 2.0
2606 363570 2.0
2607 363681 2.0
2608 363754 2.0
2609 363842 2.0
2610 363929 2.0
2611 364003 2.0
2612 364101 2.0
2613 364197 2.0
2614 364283 2.0
2615 364408 2.0
2616 364525 2.0
2617 364635 2.0
2618 364713 2.0
2619 364799 2.0
2620 364874 2.0
2621 365010 2.0
2622 365079 2.0
2623 365157 2.0
2624 365246 2.0
2625 365305 2.0
2626 365412 2.0
2627 365493 2.0
2628 365603 2.0
2629 365691 2.0
2630 365807 2.0
2631 365888 2.0
2632 365965 2.0
2633 366032 2.0
2634 366139 2.0
2635 366213 2.0
2636 366289 2.0
2637 366441 2.0
2638 366564 2.0
2639 366671 2.0
2640 366752 2.0
2641 366831 2.0
2642 366910 2.0
2643 366992 2.0
2644 367063 2.0
2645 367176 2.0
2646 367252 2.0
2647 367332 2.0
2648 367411 2.0
2649 367500 2.0
2650 367589 2.0
2651 367742 2.0
2652 367806 2.0
2653 367865 2.0
2654 367987 2.0
2655 368062 2.0
2656 368150 2.0
2657 368220 2.0
2658 368301 2.0
2659 368367 2.0
2660 368504 2.0
2661 368624 2.0
2662 368715 2.0
2663 368839 2.0
2664 368913 2.0
2665 369039 2.0
2666 369107 2.0
2667 369198 2.0
2668 369282 2.0
2669 369356 2.0
2670 369425 2.0
2671 369557 2.0
2672 369682 2.0
2673 369765 2.0
2674 369865 2.0
2675 369930 2.0
2676 370009 2.0
2677 370086 2.0
2678 370158 2.0
2679 370235 2.0
2680 370380 2.0
2681 370471 2.0
2682 370570 2.0
2683 370643 2.0
2684 370748 2.0
2685 370824 2.0
2686 370904 2.0
2687 370982 2.0
2688 371046 2.0
2689 371145 2.0
2690 371219 2.0
2691 371296 2.0
2692 371392 2.0
2693 371484 2.0
2694 371563 2.0
2695 371628 2.0
2696 371742 2.0
2697 371823 2.0
2698 371894 2.0
2699 372008 2.0
2700 372097 2.0
2701 372184 2.0
2702 372280 2.0
2703 372457 2.0
2704 372531 2.0
2705 372605 2.0
2706 372686 2.0
2707 372776 2.0
2708 372902 2.0
2709 372973 2.0
2710 373063 2.0
2711 373169 2.0
2712 373324 2.0
2713 373406 2.0
2714 373503 2.0
2715 373568 2.0
2716 373706 2.0
2717 373793 2.0
2718 373861 2.0
2719 373938 2.0
2720 374017 2.0
2721 374110 2.0
2722 374203 2.0
2723 374283 2.0
2724 374384 2.0
2725 374452 2.0
2726 374592 2.0
2727 374676 2.0
2728 374751 2.0
2729 374871 2.0
2730 374985 2.0
2731 375091 2.0
2732 375178 2.0
2733 375362 2.0
2734 375449 2.0
2735 375539 2.0
2736 375611 2.0
2737 375688 2.0
2738 375827 2.0
2739 375902 2.0
2740 376001 2.0
2741 376097 2.0
2742 376217 2.0
2743 376333 2.0
2744 376414 2.0
2745 376483 2.0
2746 376544 2.0
2747 376607 2.0
2748 376698 2.0
2749 376848 2.0
2750 376940 2.0
2751 377027 2.0
2752 377117 2.0
2753 377210 2.0
2754 377300 2.0
2755 377367 2.0
2756 377427 2.0
2757 377520 2.0
2758 377606 2.0
2759 377669 2.0
2760 377751 2.0
2761 377842 2.0
2762 377922 2.0
2763 377986 2.0
2764 378104 2.0
2765 378180 2.0
2766 378253 2.0
2767 378341 2.0
2768 378411 2.0
2769 378508 2.0
2770 378612 2.0
2771 378728 2.0
2772 378823 2.0
2773 378907 2.0
2774 379096 2.0
2775 379191 2.0
2776 379290 2.0
2777 379396 2.0
2778 379499 2.0
2779 379580 2.0
2780 379672 2.0
2781 379768 2.0
2782 379855 2.0
2783 379945 2.0
2784 380038 2.0
2785 380098 2.0
2786 380177 2.0
2787 380277 2.0
2788 380377 2.0
2789 380462 2.0
2790 380560 2.0
2791 380680 2.0
2792 380771 2.0
2793 380854 2.0
2794 380935 2.0
2795 381013 2.0
2796 381088 2.0
2797 381158 2.0
2798 381220 2.0
2799 381311 2.0
2800 381394 2.0
2801 381489 2.0
2802 381605 2.0
2803 381679 2.0
2804 381767 2.0
2805 381858 2.0
2806 381936 2.0
2807 382011 2.0
2808 382129 2.0
2809 382212 2.0
2810 382328 2.0
2811 382390 2.0
2812 382454 2.0
2813 382532 2.0
2814 382595 2.0
2815 382695 2.0
2816 382817 2.0
2817 382960 2.0
2818 383041 2.0
2819 383156 2.0
2820 383243 2.0
2821 383348 2.0
2822 383422 2.0
2823 383511 2.0
2824 383588 2.0
2825 383672 2.0
2826 383747 2.0
2827 383839 2.0
2828 383913 2.0
2829 384001 2.0
2830 384086 2.0
2831 384162 2.0
2832 384228 2.0
2833 384305 2.0
2834 384374 2.0
2835 384447 2.0
2836 384575 2.0
2837 384649 2.0
2838 384749 2.0
2839 384862 2.0
2840 384936 2.0
2841 385024 2.0
2842 385090 2.0
2843 385166 2.0
2844 385244 2.0
2845 385310 2.0
2846 385390 2.0
2847 385483 2.0
2848 385584 2.0
2849 385712 2.0
2850 385870 2.0
2851 385941 2.0
2852 386078 2.0
2853 386192 2.0
2854 386277 2.0
2855 386360 2.0
2856 386466 2.0
2857 386558 2.0
2858 386669 2.0
2859 386745 2.0
2860 386825 2.0
2861 386907 2.0
2862 387001 2.0
2863 387078 2.0
2864 387143 2.0
2865 387221 2.0
2866 387308 2.0
2867 387366 2.0
2868 387443 2.0
2869 387521 2.0
2870 387643 2.0
2871 387715 2.0
2872 387840 2.0
2873 387930 2.0
2874 388015 2.0
2875 388085 2.0
2876 388160 2.0
2877 388281 2.0
2878 388370 2.0
2879 388423 2.0
2880 388485 2.0
2881 388563 2.0
2882 388641 2.0
2883 388709 2.0
2884 388796 2.0
2885 388878 2.0
2886 388965 2.0
2887 389038 2.0
2888 389153 2.0
2889 389237 2.0
2890 389357 2.0
2891 389476 2.0
2892 389550 2.0
2893 389688 2.0
2894 389758 2.0
2895 389852 2.0
2896 389925 2.0
2897 389998 2.0
2898 390085 2.0
2899 390166 2.0
2900 390236 2.0
2901 390382 2.0
2902 390477 2.0
2903 390556 2.0
2904 390625 2.0
2905 390694 2.0
2906 390754 2.0
2907 390818 2.0
2908 390896 2.0
2909 390999 2.0
2910 391081 2.0
2911 391151 2.0
2912 391228 2.0
2913 391289 2.0
2914 391364 2.0
2915 391438 2.0
2916 391508 2.0
