1 300 0.0
2 600 0.0
3 900 0.0
4 1200 0.0
5 1500 0.0
6 1800 0.0
7 2100 0.0
8 2400 0.0
9 2700 0.0
10 3000 0.0
11 3300 0.0
12 3600 0.0
13 3900 0.0
14 4200 0.0
15 4500 0.0
16 4800 0.0
17 5100 0.0
18 5400 0.0
19 5700 0.0
20 6000 0.0
21 6300 0.0
22 6600 0.0
23 6900 0.0
24 7200 0.0
25 7500 0.0
26 7800 0.0
27 8100 0.0
28 8400 0.0
29 8700 0.0
30 9000 0.0
31 9300 0.0
32 9600 0.0
33 9900 0.0
34 10200 0.0
35 10500 0.0
36 10800 0.0
37 11100 0.0
38 11400 0.0
39 11700 0.0
40 12000 0.0
41 12300 0.0
42 12600 0.0
43 12900 0.0
44 13200 0.0
45 13500 0.0
46 13800 0.0
47 14100 0.0
48 14400 0.0
49 14700 0.0
50 15000 0.0
51 15300 0.0
52 15600 0.0
53 15900 0.0
54 16200 0.0
55 16500 0.0
56 16800 0.0
57 17100 0.0
58 17400 0.0
59 17700 0.0
60 18000 0.0
61 18300 0.0
62 18600 0.0
63 18900 0.0
64 19200 0.0
65 19500 0.0
66 19800 0.0
67 20100 0.0
68 20400 0.0
69 20700 0.0
70 21000 0.0
71 21300 0.0
72 21600 0.0
73 21900 0.0
74 22200 0.0
75 22500 0.0
76 22800 0.0
77 23100 0.0
78 23400 0.0
79 23700 0.0
80 24000 0.0
81 24300 0.0
82 24600 0.0
83 24900 0.0
84 25200 0.0
85 25500 0.0
86 25800 0.0
87 26100 0.0
88 26400 0.0
89 26700 0.0
90 27000 0.0
91 27300 0.0
92 27600 0.0
93 27900 0.0
94 28200 0.0
95 28500 0.0
96 28800 0.0
97 29100 0.0
98 29400 0.0
99 29700 0.0
100 30000 0.0
101 30300 0.0
102 30600 0.0
103 30900 0.0
104 31200 0.0
105 31500 0.0
106 31800 0.0
107 32100 0.0
108 32400 0.0
109 32700 0.0
110 33000 0.0
111 33300 0.0
112 33600 0.0
113 33900 0.0
114 34200 0.0
115 34500 0.0
116 34800 0.0
117 35100 0.0
118 35400 0.0
119 35700 0.0
120 36000 0.0
121 36300 0.0
122 36600 0.0
123 36900 0.0
124 37200 0.0
125 37500 0.0
126 37800 0.0
127 38100 0.0
128 38400 0.0
129 38700 0.0
130 39000 0.0
131 39300 0.0
132 39600 0.0
133 39900 0.0
134 40200 0.0
135 40500 0.0
136 40800 0.0
137 41100 0.0
138 41400 0.0
139 41700 0.0
140 42000 0.0
141 42300 0.0
142 42600 0.0
143 42900 0.0
144 43200 0.0
145 43500 0.0
146 43800 0.0
147 44100 0.0
148 44400 0.0
149 44700 0.0
150 45000 0.0
151 45300 0.0
152 45600 0.0
153 45900 0.0
154 46200 0.0
155 46500 0.0
156 46800 0.0
157 47100 0.0
158 47400 0.0
159 47700 0.0
160 48000 0.0
161 48300 0.0
162 48600 0.0
163 48900 0.0
164 49200 0.0
165 49500 0.0
166 49800 0.0
167 50100 0.0
168 50400 0.0
169 50700 0.0
170 51000 0.0
171 51300 0.0
172 51600 0.0
173 51900 0.0
174 52200 0.0
175 52500 0.0
176 52800 0.0
177 53100 0.0
178 53400 0.0
179 53700 0.0
180 54000 0.0
181 54300 0.0
182 54600 0.0
183 54900 0.0
184 55200 0.0
185 55500 0.0
186 55800 0.0
187 56100 0.0
188 56400 0.0
189 56700 0.0
190 57000 0.0
191 57300 0.0
192 57600 0.0
193 57900 0.0
194 58200 0.0
195 58500 0.0
196 58800 0.0
197 59100 0.0
198 59400 0.0
199 59700 0.0
200 60000 0.0
201 60300 0.0
202 60600 0.0
203 60900 0.0
204 61200 0.0
205 61500 0.0
206 61800 0.0
207 62100 0.0
208 62400 0.0
209 62700 0.0
210 63000 0.0
211 63300 0.0
212 63600 0.0
213 63900 0.0
214 64200 0.0
215 64500 0.0
216 64800 0.0
217 65100 0.0
218 65400 0.0
219 65700 0.0
220 66000 0.0
221 66300 0.0
222 66600 0.0
223 66900 0.0
224 67200 0.0
225 67500 0.0
226 67800 0.0
227 68100 0.0
228 68400 0.0
229 68700 0.0
230 69000 0.0
231 69300 0.0
232 69600 0.0
233 69900 0.0
234 70200 0.0
235 70500 0.0
236 70800 0.0
237 71100 0.0
238 71400 0.0
239 71700 0.0
240 72000 0.0
241 72300 0.0
242 72600 0.0
243 72900 0.0
244 73200 0.0
245 73500 0.0
246 73800 0.0
247 74100 0.0
248 74400 0.0
249 74700 0.0
250 75000 0.0
251 75300 0.0
252 75600 0.0
253 75900 0.0
254 76200 0.0
255 76500 0.0
256 76800 0.0
257 77100 0.0
258 77400 0.0
259 77700 0.0
260 78000 0.01
261 78300 0.02
262 78600 0.03
263 78900 0.03
264 79200 0.05
265 79500 0.05
266 79800 0.05
267 80100 0.05
268 80400 0.05
269 80700 0.05
270 81000 0.05
271 81300 0.060000000000000005
272 81600 0.060000000000000005
273 81900 0.08
274 82200 0.08
275 82500 0.08
276 82800 0.08
277 83100 0.09
278 83400 0.09999999999999999
279 83700 0.09999999999999999
280 84000 0.12
281 84300 0.13
282 84600 0.15
283 84900 0.16
284 85200 0.17
285 85500 0.17
286 85800 0.18000000000000002
287 86100 0.2
288 86400 0.21
289 86700 0.21
290 87000 0.22
291 87300 0.22000000000000003
292 87600 0.24
293 87900 0.24
294 88200 0.25
295 88500 0.27
296 88800 0.27
297 89100 0.28
298 89400 0.29000000000000004
299 89700 0.31000000000000005
300 90000 0.32000000000000006
301 90300 0.33000000000000007
302 90600 0.3500000000000001
303 90900 0.3700000000000001
304 91200 0.39000000000000007
305 91500 0.4100000000000001
306 91800 0.4300000000000001
307 92100 0.43000000000000005
308 92400 0.45000000000000007
309 92700 0.4700000000000001
310 93000 0.48000000000000004
311 93300 0.49000000000000005
312 93600 0.51
313 93900 0.53
314 94200 0.55
315 94500 0.56
316 94800 0.5800000000000001
317 95100 0.6000000000000001
318 95400 0.6200000000000001
319 95700 0.6300000000000001
320 96000 0.6500000000000001
321 96300 0.6700000000000002
322 96600 0.6900000000000001
323 96900 0.7100000000000001
324 97200 0.7300000000000001
325 97500 0.7500000000000001
326 97800 0.7700000000000001
327 98100 0.79
328 98400 0.81
329 98700 0.8200000000000001
330 99000 0.8400000000000001
331 99300 0.8600000000000001
332 99600 0.8800000000000001
333 99900 0.9000000000000001
334 100200 0.9200000000000002
335 100500 0.9400000000000002
336 100800 0.9600000000000002
337 101100 0.9800000000000002
338 101400 1.0
339 101700 1.02
340 102000 1.04
341 102300 1.06
342 102600 1.07
343 102900 1.09
344 103200 1.11
345 103500 1.1300000000000001
346 103800 1.1500000000000001
347 104100 1.1700000000000002
348 104400 1.1800000000000002
349 104700 1.2000000000000002
350 105000 1.22
351 105300 1.24
352 105600 1.2600000000000002
353 105900 1.2800000000000002
354 106200 1.3000000000000003
355 106500 1.3200000000000003
356 106800 1.3400000000000003
357 107100 1.3600000000000003
358 107400 1.3800000000000001
359 107700 1.4000000000000001
360 108000 1.4100000000000001
361 108300 1.4100000000000001
362 108600 1.4200000000000002
363 108889 1.4400000000000002
364 109189 1.4400000000000002
365 109489 1.4600000000000002
366 109789 1.4800000000000002
367 110089 1.5
368 110389 1.52
369 110689 1.54
370 110989 1.56
371 111289 1.57
372 111494 1.59
373 111794 1.5900000000000003
374 112094 1.6100000000000003
375 112394 1.6300000000000001
376 112694 1.6500000000000001
377 112994 1.6600000000000001
378 113294 1.6700000000000002
379 113592 1.6900000000000002
380 113892 1.6900000000000002
381 114055 1.7000000000000002
382 114355 1.7000000000000002
383 114655 1.7100000000000002
384 114955 1.7200000000000002
385 115255 1.7400000000000002
386 115500 1.7500000000000002
387 115800 1.7500000000000002
388 116100 1.7600000000000002
389 116400 1.7800000000000002
390 116700 1.7900000000000003
391 116998 1.8100000000000003
392 117298 1.8100000000000003
393 117598 1.8300000000000003
394 117772 1.8300000000000003
395 118072 1.8300000000000003
396 118372 1.8500000000000003
397 118672 1.8600000000000003
398 118906 1.8700000000000003
399 119206 1.8700000000000003
400 119506 1.8800000000000003
401 119738 1.8900000000000003
402 119948 1.8900000000000003
403 120069 1.8900000000000003
404 120276 1.8900000000000003
405 120484 1.8900000000000003
406 120784 1.8900000000000003
407 121032 1.9100000000000004
408 121217 1.9100000000000004
409 121517 1.9100000000000004
410 121817 1.9200000000000004
411 122008 1.9300000000000004
412 122282 1.9300000000000004
413 122452 1.9300000000000004
414 122752 1.9300000000000004
415 122874 1.9400000000000004
416 123162 1.9400000000000004
417 123434 1.9400000000000004
418 123734 1.9400000000000004
419 123901 1.9500000000000004
420 124094 1.9500000000000004
421 124231 1.9500000000000004
422 124457 1.9500000000000004
423 124705 1.9500000000000004
424 124827 1.9500000000000004
425 125007 1.9500000000000004
426 125158 1.9500000000000004
427 125358 1.9500000000000004
428 125658 1.9500000000000004
429 125789 1.9600000000000004
430 125973 1.9600000000000004
431 126121 1.9600000000000004
432 126357 1.9600000000000004
433 126483 1.9600000000000004
434 126649 1.9600000000000004
435 126815 1.9600000000000004
436 126938 1.9600000000000004
437 127099 1.9600000000000004
438 127269 1.9600000000000004
439 127396 1.9600000000000004
440 127563 1.9600000000000004
441 127863 1.9600000000000004
442 128026 1.9700000000000004
443 128305 1.9700000000000004
444 128467 1.9700000000000004
445 128645 1.9700000000000004
446 128880 1.9700000000000004
447 129180 1.9700000000000004
448 129338 1.9800000000000004
449 129459 1.9800000000000004
450 129631 1.9800000000000004
451 129783 1.9800000000000004
452 129960 1.9800000000000004
453 130152 1.9800000000000004
454 130344 1.9800000000000004
455 130604 1.9800000000000004
456 130747 1.9800000000000004
457 130909 1.9800000000000004
458 131180 1.9800000000000004
459 131353 1.9800000000000004
460 131653 1.9800000000000004
461 131822 1.9900000000000002
462 131930 1.9900000000000002
463 132105 1.9900000000000002
464 132229 1.9900000000000002
465 132352 1.9900000000000002
466 132482 1.9900000000000002
467 132647 1.9900000000000002
468 132756 1.9900000000000002
469 132879 1.9900000000000002
470 133004 1.9900000000000002
471 133179 1.9900000000000002
472 133340 1.9900000000000002
473 133494 1.9900000000000002
474 133603 1.9900000000000002
475 133708 1.9900000000000002
476 133816 1.9900000000000002
477 133988 1.9900000000000002
478 134113 1.9900000000000002
479 134272 1.9900000000000002
480 134441 1.9900000000000002
481 134551 1.9900000000000002
482 134686 1.9900000000000002
483 134821 1.9900000000000002
484 135071 1.9900000000000002
485 135205 1.9900000000000002
486 135414 1.9900000000000002
487 135617 1.9900000000000002
488 135758 1.9900000000000002
489 135950 1.9900000000000002
490 136082 1.9900000000000002
491 136277 1.9900000000000002
492 136509 1.9900000000000002
493 136809 1.9900000000000002
494 136958 2.0
495 137051 2.0
496 137151 2.0
497 137266 2.0
498 137359 2.0
499 137505 2.0
500 137662 2.0
501 137817 2.0
502 138021 2.0
503 138161 2.0
504 138296 2.0
505 138465 2.0
506 138593 2.0
507 138736 2.0
508 138841 2.0
509 138946 2.0
510 139136 2.0
511 139228 2.0
512 139343 2.0
513 139522 2.0
514 139703 2.0
515 139883 2.0
516 140028 2.0
517 140121 2.0
518 140310 2.0
519 140394 2.0
520 140547 2.0
521 140670 2.0
522 140741 2.0
523 140967 2.0
524 141093 2.0
525 141252 2.0
526 141457 2.0
527 141606 2.0
528 141718 2.0
529 141843 2.0
530 141970 2.0
531 142137 2.0
532 142272 2.0
533 142376 2.0
534 142495 2.0
535 142660 2.0
536 142765 2.0
537 142992 2.0
538 143112 2.0
539 143249 2.0
540 143326 2.0
541 143435 2.0
542 143559 2.0
543 143682 2.0
544 143787 2.0
545 143925 2.0
546 144152 2.0
547 144357 2.0
548 144516 2.0
549 144693 2.0
550 144801 2.0
551 144985 2.0
552 145078 2.0
553 145177 2.0
554 145323 2.0
555 145499 2.0
556 145632 2.0
557 145727 2.0
558 145825 2.0
559 145935 2.0
560 146114 2.0
561 146386 2.0
562 146551 2.0
563 146776 2.0
564 146857 2.0
565 146962 2.0
566 147111 2.0
567 147226 2.0
568 147382 2.0
569 147467 2.0
570 147592 2.0
571 147664 2.0
572 147731 2.0
573 147837 2.0
574 147991 2.0
575 148203 2.0
576 148294 2.0
577 148426 2.0
578 148564 2.0
579 148694 2.0
580 148768 2.0
581 148895 2.0
582 149016 2.0
583 149168 2.0
584 149339 2.0
585 149467 2.0
586 149628 2.0
587 149789 2.0
588 149957 2.0
589 150075 2.0
590 150162 2.0
591 150296 2.0
592 150378 2.0
593 150560 2.0
594 150722 2.0
595 150907 2.0
596 151015 2.0
597 151168 2.0
598 151321 2.0
599 151430 2.0
600 151603 2.0
601 151713 2.0
602 151839 2.0
603 151990 2.0
604 152215 2.0
605 152323 2.0
606 152493 2.0
607 152572 2.0
608 152686 2.0
609 152828 2.0
610 153096 2.0
611 153288 2.0
612 153488 2.0
613 153658 2.0
614 153748 2.0
615 153867 2.0
616 153960 2.0
617 154103 2.0
618 154213 2.0
619 154298 2.0
620 154382 2.0
621 154587 2.0
622 154777 2.0
623 154903 2.0
624 155106 2.0
625 155235 2.0
626 155340 2.0
627 155501 2.0
628 155598 2.0
629 155743 2.0
630 155881 2.0
631 155965 2.0
632 156167 2.0
633 156267 2.0
634 156420 2.0
635 156518 2.0
636 156650 2.0
637 156719 2.0
638 156844 2.0
639 157050 2.0
640 157166 2.0
641 157282 2.0
642 157418 2.0
643 157552 2.0
644 157708 2.0
645 157827 2.0
646 158006 2.0
647 158152 2.0
648 158253 2.0
649 158423 2.0
650 158578 2.0
651 158693 2.0
652 158785 2.0
653 158936 2.0
654 159088 2.0
655 159185 2.0
656 159305 2.0
657 159508 2.0
658 159626 2.0
659 159755 2.0
660 159878 2.0
661 160022 2.0
662 160173 2.0
663 160305 2.0
664 160372 2.0
665 160576 2.0
666 160727 2.0
667 160864 2.0
668 161007 2.0
669 161145 2.0
670 161233 2.0
671 161387 2.0
672 161603 2.0
673 161710 2.0
674 161801 2.0
675 161916 2.0
676 161985 2.0
677 162090 2.0
678 162211 2.0
679 162387 2.0
680 162489 2.0
681 162616 2.0
682 162766 2.0
683 162925 2.0
684 163044 2.0
685 163159 2.0
686 163278 2.0
687 163418 2.0
688 163584 2.0
689 163745 2.0
690 163863 2.0
691 164034 2.0
692 164143 2.0
693 164242 2.0
694 164353 2.0
695 164455 2.0
696 164555 2.0
697 164704 2.0
698 164830 2.0
699 164940 2.0
700 165159 2.0
701 165309 2.0
702 165405 2.0
703 165507 2.0
704 165601 2.0
705 165774 2.0
706 165913 2.0
707 166060 2.0
708 166221 2.0
709 166317 2.0
710 166442 2.0
711 166529 2.0
712 166701 2.0
713 166797 2.0
714 166952 2.0
715 167061 2.0
716 167248 2.0
717 167329 2.0
718 167428 2.0
719 167551 2.0
720 167779 2.0
721 167861 2.0
722 167984 2.0
723 168094 2.0
724 168227 2.0
725 168420 2.0
726 168561 2.0
727 168720 2.0
728 168909 2.0
729 169053 2.0
730 169168 2.0
731 169287 2.0
732 169409 2.0
733 169552 2.0
734 169655 2.0
735 169740 2.0
736 169847 2.0
737 169969 2.0
738 170207 2.0
739 170329 2.0
740 170481 2.0
741 170646 2.0
742 170733 2.0
743 170861 2.0
744 170952 2.0
745 171067 2.0
746 171199 2.0
747 171297 2.0
748 171402 2.0
749 171521 2.0
750 171809 2.0
751 171903 2.0
752 172050 2.0
753 172298 2.0
754 172432 2.0
755 172618 2.0
756 172707 2.0
757 172884 2.0
758 172981 2.0
759 173114 2.0
760 173221 2.0
761 173341 2.0
762 173414 2.0
763 173490 2.0
764 173577 2.0
765 173802 2.0
766 173940 2.0
767 174083 2.0
768 174247 2.0
769 174321 2.0
770 174447 2.0
771 174572 2.0
772 174700 2.0
773 174764 2.0
774 174833 2.0
775 174968 2.0
776 175115 2.0
777 175276 2.0
778 175378 2.0
779 175478 2.0
780 175634 2.0
781 175796 2.0
782 175922 2.0
783 176040 2.0
784 176125 2.0
785 176197 2.0
786 176296 2.0
787 176392 2.0
788 176485 2.0
789 176600 2.0
790 176739 2.0
791 176856 2.0
792 176940 2.0
793 177063 2.0
794 177150 2.0
795 177269 2.0
796 177407 2.0
797 177501 2.0
798 177640 2.0
799 177765 2.0
800 177850 2.0
801 177930 2.0
802 178093 2.0
803 178234 2.0
804 178332 2.0
805 178460 2.0
806 178527 2.0
807 178619 2.0
808 178775 2.0
809 178926 2.0
810 179038 2.0
811 179196 2.0
812 179380 2.0
813 179446 2.0
814 179529 2.0
815 179608 2.0
816 179731 2.0
817 179834 2.0
818 179995 2.0
819 180086 2.0
820 180193 2.0
821 180336 2.0
822 180439 2.0
823 180508 2.0
824 180573 2.0
825 180737 2.0
826 180798 2.0
827 180909 2.0
828 180986 2.0
829 181113 2.0
830 181238 2.0
831 181324 2.0
832 181471 2.0
833 181604 2.0
834 181691 2.0
835 181824 2.0
836 181959 2.0
837 182184 2.0
838 182267 2.0
839 182393 2.0
840 182477 2.0
841 182623 2.0
842 182803 2.0
843 182897 2.0
844 183013 2.0
845 183152 2.0
846 183262 2.0
847 183372 2.0
848 183494 2.0
849 183577 2.0
850 183681 2.0
851 183778 2.0
852 183953 2.0
853 184029 2.0
854 184142 2.0
855 184254 2.0
856 184334 2.0
857 184470 2.0
858 184564 2.0
859 184636 2.0
860 184786 2.0
861 185002 2.0
862 185122 2.0
863 185297 2.0
864 185539 2.0
865 185659 2.0
866 185745 2.0
867 185824 2.0
868 185912 2.0
869 186028 2.0
870 186135 2.0
871 186292 2.0
872 186400 2.0
873 186505 2.0
874 186603 2.0
875 186704 2.0
876 186789 2.0
877 186910 2.0
878 186997 2.0
879 187093 2.0
880 187195 2.0
881 187283 2.0
882 187427 2.0
883 187509 2.0
884 187654 2.0
885 187723 2.0
886 187851 2.0
887 187921 2.0
888 187996 2.0
889 188083 2.0
890 188272 2.0
891 188405 2.0
892 188551 2.0
893 188651 2.0
894 188738 2.0
895 188842 2.0
896 188965 2.0
897 189102 2.0
898 189217 2.0
899 189283 2.0
900 189406 2.0
901 189551 2.0
902 189668 2.0
903 189759 2.0
904 189879 2.0
905 189992 2.0
906 190179 2.0
907 190290 2.0
908 190381 2.0
909 190516 2.0
910 190606 2.0
911 190700 2.0
912 190801 2.0
913 190880 2.0
914 190962 2.0
915 191042 2.0
916 191141 2.0
917 191224 2.0
918 191314 2.0
919 191449 2.0
920 191636 2.0
921 191758 2.0
922 191870 2.0
923 192030 2.0
924 192160 2.0
925 192243 2.0
926 192406 2.0
927 192533 2.0
928 192660 2.0
929 192791 2.0
930 192906 2.0
931 193039 2.0
932 193122 2.0
933 193332 2.0
934 193465 2.0
935 193561 2.0
936 193680 2.0
937 193797 2.0
938 193949 2.0
939 194091 2.0
940 194168 2.0
941 194247 2.0
942 194374 2.0
943 194519 2.0
944 194619 2.0
945 194793 2.0
946 194957 2.0
947 195038 2.0
948 195154 2.0
949 195271 2.0
950 195357 2.0
951 195436 2.0
952 195528 2.0
953 195623 2.0
954 195733 2.0
955 195875 2.0
956 195993 2.0
957 196094 2.0
958 196235 2.0
959 196365 2.0
960 196452 2.0
961 196529 2.0
962 196628 2.0
963 196746 2.0
964 196902 2.0
965 197007 2.0
966 197142 2.0
967 197250 2.0
968 197356 2.0
969 197426 2.0
970 197542 2.0
971 197633 2.0
972 197789 2.0
973 197882 2.0
974 197988 2.0
975 198093 2.0
976 198221 2.0
977 198338 2.0
978 198485 2.0
979 198641 2.0
980 198739 2.0
981 198877 2.0
982 199008 2.0
983 199105 2.0
984 199221 2.0
985 199324 2.0
986 199392 2.0
987 199480 2.0
988 199597 2.0
989 199708 2.0
990 199784 2.0
991 199885 2.0
992 200005 2.0
993 200145 2.0
994 200264 2.0
995 200378 2.0
996 200499 2.0
997 200619 2.0
998 200804 2.0
999 200901 2.0
1000 200992 2.0
1001 201141 2.0
1002 201227 2.0
1003 201308 2.0
1004 201378 2.0
1005 201459 2.0
1006 201567 2.0
1007 201680 2.0
1008 201784 2.0
1009 201852 2.0
1010 202011 2.0
1011 202153 2.0
1012 202230 2.0
1013 202344 2.0
1014 202455 2.0
1015 202614 2.0
1016 202696 2.0
1017 202838 2.0
1018 202962 2.0
1019 203067 2.0
1020 203205 2.0
1021 203316 2.0
1022 203542 2.0
1023 203640 2.0
1024 203728 2.0
1025 203832 2.0
1026 203952 2.0
1027 204047 2.0
1028 204168 2.0
1029 204264 2.0
1030 204340 2.0
1031 204490 2.0
1032 204596 2.0
1033 204762 2.0
1034 204867 2.0
1035 204965 2.0
1036 205124 2.0
1037 205210 2.0
1038 205306 2.0
1039 205428 2.0
1040 205530 2.0
1041 205627 2.0
1042 205716 2.0
1043 205802 2.0
1044 205877 2.0
1045 205973 2.0
1046 206060 2.0
1047 206174 2.0
1048 206270 2.0
1049 206385 2.0
1050 206503 2.0
1051 206643 2.0
1052 206734 2.0
1053 206918 2.0
1054 207007 2.0
1055 207073 2.0
1056 207151 2.0
1057 207228 2.0
1058 207321 2.0
1059 207424 2.0
1060 207509 2.0
1061 207606 2.0
1062 207725 2.0
1063 207802 2.0
1064 207897 2.0
1065 208005 2.0
1066 208097 2.0
1067 208204 2.0
1068 208315 2.0
1069 208457 2.0
1070 208576 2.0
1071 208674 2.0
1072 208829 2.0
1073 208929 2.0
1074 209073 2.0
1075 209147 2.0
1076 209314 2.0
1077 209431 2.0
1078 209536 2.0
1079 209648 2.0
1080 209735 2.0
1081 209862 2.0
1082 209950 2.0
1083 210036 2.0
1084 210121 2.0
1085 210243 2.0
1086 210352 2.0
1087 210428 2.0
1088 210547 2.0
1089 210664 2.0
1090 210765 2.0
1091 210867 2.0
1092 211000 2.0
1093 211154 2.0
1094 211258 2.0
1095 211353 2.0
1096 211435 2.0
1097 211546 2.0
1098 211676 2.0
1099 211785 2.0
1100 211902 2.0
1101 211984 2.0
1102 212067 2.0
1103 212176 2.0
1104 212280 2.0
1105 212396 2.0
1106 212469 2.0
1107 212585 2.0
1108 212712 2.0
1109 212813 2.0
1110 212973 2.0
1111 213069 2.0
1112 213159 2.0
1113 213235 2.0
1114 213357 2.0
1115 213462 2.0
1116 213578 2.0
1117 213700 2.0
1118 213825 2.0
1119 213920 2.0
1120 214050 2.0
1121 214161 2.0
1122 214246 2.0
1123 214358 2.0
1124 214491 2.0
1125 214567 2.0
1126 214652 2.0
1127 214742 2.0
1128 214837 2.0
1129 214961 2.0
1130 215093 2.0
1131 215217 2.0
1132 215378 2.0
1133 215477 2.0
1134 215540 2.0
1135 215691 2.0
1136 215801 2.0
1137 215883 2.0
1138 216023 2.0
1139 216115 2.0
1140 216200 2.0
1141 216283 2.0
1142 216360 2.0
1143 216462 2.0
1144 216582 2.0
1145 216710 2.0
1146 216793 2.0
1147 216861 2.0
1148 217022 2.0
1149 217169 2.0
1150 217271 2.0
1151 217389 2.0
1152 217496 2.0
1153 217609 2.0
1154 217716 2.0
1155 217860 2.0
1156 217999 2.0
1157 218096 2.0
1158 218187 2.0
1159 218270 2.0
1160 218387 2.0
1161 218488 2.0
1162 218603 2.0
1163 218674 2.0
1164 218754 2.0
1165 218841 2.0
1166 218934 2.0
1167 219022 2.0
1168 219162 2.0
1169 219298 2.0
1170 219372 2.0
1171 219454 2.0
1172 219614 2.0
1173 219703 2.0
1174 219841 2.0
1175 219906 2.0
1176 220001 2.0
1177 220087 2.0
1178 220186 2.0
1179 220302 2.0
1180 220365 2.0
1181 220451 2.0
1182 220574 2.0
1183 220646 2.0
1184 220757 2.0
1185 220847 2.0
1186 220929 2.0
1187 221017 2.0
1188 221118 2.0
1189 221222 2.0
1190 221342 2.0
1191 221440 2.0
1192 221589 2.0
1193 221668 2.0
1194 221841 2.0
1195 221944 2.0
1196 222018 2.0
1197 222146 2.0
1198 222260 2.0
1199 222355 2.0
1200 222537 2.0
1201 222678 2.0
1202 222823 2.0
1203 222930 2.0
1204 223027 2.0
1205 223151 2.0
1206 223275 2.0
1207 223362 2.0
1208 223482 2.0
1209 223609 2.0
1210 223731 2.0
1211 223854 2.0
1212 223984 2.0
1213 224062 2.0
1214 224217 2.0
1215 224313 2.0
1216 224408 2.0
1217 224516 2.0
1218 224599 2.0
1219 224709 2.0
1220 224862 2.0
1221 224983 2.0
1222 225096 2.0
1223 225196 2.0
1224 225322 2.0
1225 225407 2.0
1226 225478 2.0
1227 225612 2.0
1228 225691 2.0
1229 225789 2.0
1230 225869 2.0
1231 225942 2.0
1232 226038 2.0
1233 226186 2.0
1234 226319 2.0
1235 226392 2.0
1236 226509 2.0
1237 226616 2.0
1238 226693 2.0
1239 226818 2.0
1240 226925 2.0
1241 227038 2.0
1242 227127 2.0
1243 227267 2.0
1244 227359 2.0
1245 227462 2.0
1246 227588 2.0
1247 227690 2.0
1248 227763 2.0
1249 227881 2.0
1250 228006 2.0
1251 228098 2.0
1252 228203 2.0
1253 228299 2.0
1254 228417 2.0
1255 228498 2.0
1256 228588 2.0
1257 228679 2.0
1258 228819 2.0
1259 228900 2.0
1260 228969 2.0
1261 229078 2.0
1262 229211 2.0
1263 229304 2.0
1264 229413 2.0
1265 229501 2.0
1266 229655 2.0
1267 229750 2.0
1268 229892 2.0
1269 229965 2.0
1270 230072 2.0
1271 230207 2.0
1272 230297 2.0
1273 230379 2.0
1274 230460 2.0
1275 230553 2.0
1276 230639 2.0
1277 230799 2.0
1278 230898 2.0
1279 231000 2.0
1280 231104 2.0
1281 231284 2.0
1282 231383 2.0
1283 231503 2.0
1284 231585 2.0
1285 231713 2.0
1286 231873 2.0
1287 231959 2.0
1288 232119 2.0
1289 232186 2.0
1290 232297 2.0
1291 232414 2.0
1292 232542 2.0
1293 232622 2.0
1294 232700 2.0
1295 232807 2.0
1296 232882 2.0
1297 232971 2.0
1298 233094 2.0
1299 233207 2.0
1300 233343 2.0
1301 233455 2.0
1302 233557 2.0
1303 233629 2.0
1304 233754 2.0
1305 233824 2.0
1306 233928 2.0
1307 234005 2.0
1308 234116 2.0
1309 234207 2.0
1310 234299 2.0
1311 234402 2.0
1312 234571 2.0
1313 234656 2.0
1314 234784 2.0
1315 234881 2.0
1316 234965 2.0
1317 235084 2.0
1318 235210 2.0
1319 235307 2.0
1320 235431 2.0
1321 235530 2.0
1322 235654 2.0
1323 235770 2.0
1324 235900 2.0
1325 236015 2.0
1326 236129 2.0
1327 236290 2.0
1328 236372 2.0
1329 236474 2.0
1330 236584 2.0
1331 236703 2.0
1332 236835 2.0
1333 236989 2.0
1334 237097 2.0
1335 237186 2.0
1336 237275 2.0
1337 237389 2.0
1338 237479 2.0
1339 237541 2.0
1340 237654 2.0
1341 237759 2.0
1342 237888 2.0
1343 237961 2.0
1344 238104 2.0
1345 238246 2.0
1346 238312 2.0
1347 238441 2.0
1348 238511 2.0
1349 238589 2.0
1350 238654 2.0
1351 238761 2.0
1352 238868 2.0
1353 238973 2.0
1354 239084 2.0
1355 239166 2.0
1356 239257 2.0
1357 239332 2.0
1358 239413 2.0
1359 239486 2.0
1360 239579 2.0
1361 239694 2.0
1362 239812 2.0
1363 239924 2.0
1364 239998 2.0
1365 240105 2.0
1366 240199 2.0
1367 240348 2.0
1368 240432 2.0
1369 240529 2.0
1370 240640 2.0
1371 240788 2.0
1372 240897 2.0
1373 240989 2.0
1374 241125 2.0
1375 241242 2.0
1376 241311 2.0
1377 241469 2.0
1378 241619 2.0
1379 241693 2.0
1380 241924 2.0
1381 242038 2.0
1382 242184 2.0
1383 242287 2.0
1384 242377 2.0
1385 242483 2.0
1386 242584 2.0
1387 242698 2.0
1388 242817 2.0
1389 242885 2.0
1390 242974 2.0
1391 243157 2.0
1392 243297 2.0
1393 243384 2.0
1394 243487 2.0
1395 243583 2.0
1396 243663 2.0
1397 243804 2.0
1398 243899 2.0
1399 244040 2.0
1400 244123 2.0
1401 244217 2.0
1402 244323 2.0
1403 244459 2.0
1404 244544 2.0
1405 244630 2.0
1406 244767 2.0
1407 244843 2.0
1408 244926 2.0
1409 244999 2.0
1410 245100 2.0
1411 245183 2.0
1412 245288 2.0
1413 245416 2.0
1414 245562 2.0
1415 245681 2.0
1416 245805 2.0
1417 245923 2.0
1418 245999 2.0
1419 246156 2.0
1420 246277 2.0
1421 246410 2.0
1422 246508 2.0
1423 246594 2.0
1424 246701 2.0
1425 246828 2.0
1426 246914 2.0
1427 247022 2.0
1428 247222 2.0
1429 247293 2.0
1430 247442 2.0
1431 247517 2.0
1432 247637 2.0
1433 247799 2.0
1434 247954 2.0
1435 248067 2.0
1436 248166 2.0
1437 248257 2.0
1438 248342 2.0
1439 248436 2.0
1440 248499 2.0
1441 248641 2.0
1442 248734 2.0
1443 248839 2.0
1444 248920 2.0
1445 248990 2.0
1446 249069 2.0
1447 249159 2.0
1448 249314 2.0
1449 249407 2.0
1450 249496 2.0
1451 249593 2.0
1452 249700 2.0
1453 249769 2.0
1454 249888 2.0
1455 249967 2.0
1456 250061 2.0
1457 250157 2.0
1458 250256 2.0
1459 250368 2.0
1460 250482 2.0
1461 250580 2.0
1462 250682 2.0
1463 250779 2.0
1464 250872 2.0
1465 251039 2.0
1466 251163 2.0
1467 251244 2.0
1468 251348 2.0
1469 251420 2.0
1470 251518 2.0
1471 251658 2.0
1472 251792 2.0
1473 252022 2.0
1474 252107 2.0
1475 252185 2.0
1476 252297 2.0
1477 252403 2.0
1478 252476 2.0
1479 252614 2.0
1480 252737 2.0
1481 252841 2.0
1482 252920 2.0
1483 253014 2.0
1484 253106 2.0
1485 253216 2.0
1486 253410 2.0
1487 253558 2.0
1488 253659 2.0
1489 253733 2.0
1490 253812 2.0
1491 253932 2.0
1492 254045 2.0
1493 254141 2.0
1494 254254 2.0
1495 254332 2.0
1496 254414 2.0
1497 254517 2.0
1498 254644 2.0
1499 254745 2.0
1500 254865 2.0
1501 255025 2.0
1502 255100 2.0
1503 255181 2.0
1504 255276 2.0
1505 255362 2.0
1506 255484 2.0
1507 255598 2.0
1508 255703 2.0
1509 255795 2.0
1510 255917 2.0
1511 256038 2.0
1512 256118 2.0
1513 256216 2.0
1514 256320 2.0
1515 256393 2.0
1516 256477 2.0
1517 256609 2.0
1518 256753 2.0
1519 256853 2.0
1520 256967 2.0
1521 257052 2.0
1522 257142 2.0
1523 257225 2.0
1524 257333 2.0
1525 257425 2.0
1526 257520 2.0
1527 257634 2.0
1528 257788 2.0
1529 257882 2.0
1530 257961 2.0
1531 258069 2.0
1532 258165 2.0
1533 258233 2.0
1534 258328 2.0
1535 258419 2.0
1536 258530 2.0
1537 258643 2.0
1538 258737 2.0
1539 258819 2.0
1540 258906 2.0
1541 259002 2.0
1542 259098 2.0
1543 259209 2.0
1544 259273 2.0
1545 259379 2.0
1546 259459 2.0
1547 259577 2.0
1548 259694 2.0
1549 259783 2.0
1550 259941 2.0
1551 260020 2.0
1552 260123 2.0
1553 260216 2.0
1554 260332 2.0
1555 260440 2.0
1556 260526 2.0
1557 260611 2.0
1558 260688 2.0
1559 260742 2.0
1560 260816 2.0
1561 260924 2.0
1562 261051 2.0
1563 261140 2.0
1564 261230 2.0
1565 261356 2.0
1566 261499 2.0
1567 261628 2.0
1568 261697 2.0
1569 261792 2.0
1570 261888 2.0
1571 262019 2.0
1572 262104 2.0
1573 262203 2.0
1574 262287 2.0
1575 262401 2.0
1576 262518 2.0
1577 262603 2.0
1578 262748 2.0
1579 262818 2.0
1580 262906 2.0
1581 263029 2.0
1582 263142 2.0
1583 263232 2.0
1584 263309 2.0
1585 263377 2.0
1586 263552 2.0
1587 263675 2.0
1588 263759 2.0
1589 263830 2.0
1590 263937 2.0
1591 264043 2.0
1592 264195 2.0
1593 264280 2.0
1594 264371 2.0
1595 264509 2.0
1596 264642 2.0
1597 264725 2.0
1598 264823 2.0
1599 264898 2.0
1600 264991 2.0
1601 265076 2.0
1602 265229 2.0
1603 265313 2.0
1604 265427 2.0
1605 265515 2.0
1606 265631 2.0
1607 265756 2.0
1608 265857 2.0
1609 265944 2.0
1610 266025 2.0
1611 266107 2.0
1612 266202 2.0
1613 266274 2.0
1614 266369 2.0
1615 266617 2.0
1616 266708 2.0
1617 266853 2.0
1618 266954 2.0
1619 267061 2.0
1620 267155 2.0
1621 267250 2.0
1622 267369 2.0
1623 267522 2.0
1624 267616 2.0
1625 267687 2.0
1626 267777 2.0
1627 267861 2.0
1628 267965 2.0
1629 268073 2.0
1630 268204 2.0
1631 268275 2.0
1632 268378 2.0
1633 268463 2.0
1634 268562 2.0
1635 268692 2.0
1636 268770 2.0
1637 268867 2.0
1638 269013 2.0
1639 269104 2.0
1640 269179 2.0
1641 269292 2.0
1642 269450 2.0
1643 269568 2.0
1644 269715 2.0
1645 269832 2.0
1646 269943 2.0
1647 270039 2.0
1648 270124 2.0
1649 270265 2.0
1650 270359 2.0
1651 270461 2.0
1652 270611 2.0
1653 270693 2.0
1654 270785 2.0
1655 270892 2.0
1656 271007 2.0
1657 271087 2.0
1658 271235 2.0
1659 271297 2.0
1660 271402 2.0
1661 271464 2.0
1662 271592 2.0
1663 271655 2.0
1664 271758 2.0
1665 271830 2.0
1666 271892 2.0
1667 271988 2.0
1668 272095 2.0
1669 272177 2.0
1670 272252 2.0
1671 272357 2.0
1672 272479 2.0
1673 272581 2.0
1674 272679 2.0
1675 272763 2.0
1676 272867 2.0
1677 272933 2.0
1678 273004 2.0
1679 273092 2.0
1680 273193 2.0
1681 273308 2.0
1682 273420 2.0
1683 273535 2.0
1684 273629 2.0
1685 273738 2.0
1686 273837 2.0
1687 273913 2.0
1688 273992 2.0
1689 274139 2.0
1690 274212 2.0
1691 274284 2.0
1692 274375 2.0
1693 274507 2.0
1694 274579 2.0
1695 274644 2.0
1696 274723 2.0
1697 274808 2.0
1698 274898 2.0
1699 275011 2.0
1700 275093 2.0
1701 275179 2.0
1702 275276 2.0
1703 275416 2.0
1704 275497 2.0
1705 275579 2.0
1706 275650 2.0
1707 275728 2.0
1708 275831 2.0
1709 275950 2.0
1710 276081 2.0
1711 276163 2.0
1712 276282 2.0
1713 276438 2.0
1714 276526 2.0
1715 276598 2.0
1716 276707 2.0
1717 276821 2.0
1718 276895 2.0
1719 277011 2.0
1720 277098 2.0
1721 277170 2.0
1722 277320 2.0
1723 277421 2.0
1724 277491 2.0
1725 277578 2.0
1726 277734 2.0
1727 277928 2.0
1728 278017 2.0
1729 278119 2.0
1730 278219 2.0
1731 278346 2.0
1732 278421 2.0
1733 278497 2.0
1734 278577 2.0
1735 278696 2.0
1736 278778 2.0
1737 278866 2.0
1738 278934 2.0
1739 279068 2.0
1740 279179 2.0
1741 279291 2.0
1742 279375 2.0
1743 279514 2.0
1744 279590 2.0
1745 279691 2.0
1746 279788 2.0
1747 279906 2.0
1748 279991 2.0
1749 280081 2.0
1750 280210 2.0
1751 280304 2.0
1752 280376 2.0
1753 280489 2.0
1754 280568 2.0
1755 280662 2.0
1756 280746 2.0
1757 280818 2.0
1758 280897 2.0
1759 280992 2.0
1760 281125 2.0
1761 281257 2.0
1762 281383 2.0
1763 281471 2.0
1764 281558 2.0
1765 281627 2.0
1766 281705 2.0
1767 281788 2.0
1768 281882 2.0
1769 281971 2.0
1770 282092 2.0
1771 282175 2.0
1772 282260 2.0
1773 282364 2.0
1774 282482 2.0
1775 282553 2.0
1776 282672 2.0
1777 282822 2.0
1778 282928 2.0
1779 283030 2.0
1780 283147 2.0
1781 283261 2.0
1782 283346 2.0
1783 283447 2.0
1784 283549 2.0
1785 283623 2.0
1786 283714 2.0
1787 283798 2.0
1788 283884 2.0
1789 283965 2.0
1790 284052 2.0
1791 284146 2.0
1792 284222 2.0
1793 284288 2.0
1794 284378 2.0
1795 284482 2.0
1796 284558 2.0
1797 284640 2.0
1798 284707 2.0
1799 284816 2.0
1800 284937 2.0
1801 285062 2.0
1802 285181 2.0
1803 285257 2.0
1804 285349 2.0
1805 285439 2.0
1806 285545 2.0
1807 285630 2.0
1808 285717 2.0
1809 285800 2.0
1810 285923 2.0
1811 286003 2.0
1812 286091 2.0
1813 286176 2.0
1814 286273 2.0
1815 286350 2.0
1816 286448 2.0
1817 286564 2.0
1818 286666 2.0
1819 286741 2.0
1820 286868 2.0
1821 286965 2.0
1822 287042 2.0
1823 287138 2.0
1824 287239 2.0
1825 287362 2.0
1826 287465 2.0
1827 287572 2.0
1828 287658 2.0
1829 287737 2.0
1830 287834 2.0
1831 287966 2.0
1832 288086 2.0
1833 288182 2.0
1834 288278 2.0
1835 288364 2.0
1836 288438 2.0
1837 288508 2.0
1838 288619 2.0
1839 288692 2.0
1840 288765 2.0
1841 288894 2.0
1842 289038 2.0
1843 289151 2.0
1844 289224 2.0
1845 289290 2.0
1846 289385 2.0
1847 289454 2.0
1848 289586 2.0
1849 289740 2.0
1850 289830 2.0
1851 289939 2.0
1852 290039 2.0
1853 290212 2.0
1854 290309 2.0
1855 290421 2.0
1856 290504 2.0
1857 290611 2.0
1858 290685 2.0
1859 290778 2.0
1860 290876 2.0
1861 290964 2.0
1862 291103 2.0
1863 291162 2.0
1864 291250 2.0
1865 291335 2.0
1866 291423 2.0
1867 291489 2.0
1868 291595 2.0
1869 291739 2.0
1870 291826 2.0
1871 291932 2.0
1872 292054 2.0
1873 292153 2.0
1874 292231 2.0
1875 292327 2.0
1876 292442 2.0
1877 292524 2.0
1878 292663 2.0
1879 292734 2.0
1880 292834 2.0
1881 293000 2.0
1882 293100 2.0
1883 293210 2.0
1884 293290 2.0
1885 293398 2.0
1886 293472 2.0
1887 293582 2.0
1888 293666 2.0
1889 293774 2.0
1890 293907 2.0
1891 294054 2.0
1892 294160 2.0
1893 294265 2.0
1894 294353 2.0
1895 294445 2.0
1896 294552 2.0
1897 294661 2.0
1898 294764 2.0
1899 294847 2.0
1900 294916 2.0
1901 295009 2.0
1902 295092 2.0
1903 295181 2.0
1904 295261 2.0
1905 295362 2.0
1906 295439 2.0
1907 295549 2.0
1908 295657 2.0
1909 295756 2.0
1910 295866 2.0
1911 295934 2.0
1912 296022 2.0
1913 296094 2.0
1914 296172 2.0
1915 296247 2.0
1916 296333 2.0
1917 296405 2.0
1918 296510 2.0
1919 296595 2.0
1920 296716 2.0
1921 296794 2.0
1922 296889 2.0
1923 296965 2.0
1924 297054 2.0
1925 297157 2.0
1926 297302 2.0
1927 297380 2.0
1928 297466 2.0
1929 297592 2.0
1930 297722 2.0
1931 297837 2.0
1932 297955 2.0
1933 298152 2.0
1934 298289 2.0
1935 298410 2.0
1936 298490 2.0
1937 298615 2.0
1938 298702 2.0
1939 298782 2.0
1940 298947 2.0
1941 299032 2.0
1942 299150 2.0
1943 299294 2.0
1944 299372 2.0
1945 299452 2.0
1946 299573 2.0
1947 299656 2.0
1948 299762 2.0
1949 299850 2.0
1950 299985 2.0
1951 300070 2.0
1952 300169 2.0
1953 300281 2.0
1954 300415 2.0
1955 300512 2.0
1956 300655 2.0
1957 300770 2.0
1958 300876 2.0
1959 300933 2.0
1960 301023 2.0
1961 301113 2.0
1962 301210 2.0
1963 301284 2.0
1964 301373 2.0
1965 301452 2.0
1966 301538 2.0
1967 301686 2.0
1968 301760 2.0
1969 301843 2.0
1970 301927 2.0
1971 302034 2.0
1972 302152 2.0
1973 302269 2.0
1974 302348 2.0
1975 302424 2.0
1976 302530 2.0
1977 302634 2.0
1978 302724 2.0
1979 302812 2.0
1980 302880 2.0
1981 302997 2.0
1982 303061 2.0
1983 303179 2.0
1984 303297 2.0
1985 303456 2.0
1986 303546 2.0
1987 303636 2.0
1988 303754 2.0
1989 303836 2.0
1990 303920 2.0
1991 303984 2.0
1992 304088 2.0
1993 304201 2.0
1994 304287 2.0
1995 304370 2.0
1996 304463 2.0
1997 304565 2.0
1998 304698 2.0
1999 304826 2.0
2000 304937 2.0
2001 305032 2.0
2002 305150 2.0
2003 305236 2.0
2004 305319 2.0
2005 305391 2.0
2006 305480 2.0
2007 305569 2.0
2008 305665 2.0
2009 305761 2.0
2010 305859 2.0
2011 305970 2.0
2012 306073 2.0
2013 306162 2.0
2014 306271 2.0
2015 306369 2.0
2016 306446 2.0
2017 306529 2.0
2018 306596 2.0
2019 306691 2.0
2020 306804 2.0
2021 306908 2.0
2022 307034 2.0
2023 307131 2.0
2024 307242 2.0
2025 307334 2.0
2026 307429 2.0
2027 307517 2.0
2028 307608 2.0
2029 307721 2.0
2030 307815 2.0
2031 307921 2.0
2032 307996 2.0
2033 308099 2.0
2034 308182 2.0
2035 308268 2.0
2036 308382 2.0
2037 308511 2.0
2038 308621 2.0
2039 308682 2.0
2040 308793 2.0
2041 308878 2.0
2042 308985 2.0
2043 309058 2.0
2044 309160 2.0
2045 309265 2.0
2046 309357 2.0
2047 309464 2.0
2048 309568 2.0
2049 309696 2.0
2050 309768 2.0
2051 309851 2.0
2052 309916 2.0
2053 310040 2.0
2054 310118 2.0
2055 310223 2.0
2056 310356 2.0
2057 310431 2.0
2058 310510 2.0
2059 310623 2.0
2060 310720 2.0
2061 310806 2.0
2062 310895 2.0
2063 310983 2.0
2064 311055 2.0
2065 311157 2.0
2066 311249 2.0
2067 311384 2.0
2068 311498 2.0
2069 311573 2.0
2070 311682 2.0
2071 311760 2.0
2072 311874 2.0
2073 311981 2.0
2074 312056 2.0
2075 312147 2.0
2076 312241 2.0
2077 312344 2.0
2078 312434 2.0
2079 312528 2.0
2080 312658 2.0
2081 312779 2.0
2082 312914 2.0
2083 313017 2.0
2084 313106 2.0
2085 313211 2.0
2086 313278 2.0
2087 313374 2.0
2088 313451 2.0
2089 313546 2.0
2090 313608 2.0
2091 313714 2.0
2092 313808 2.0
2093 313893 2.0
2094 313969 2.0
2095 314023 2.0
2096 314112 2.0
2097 314247 2.0
2098 314358 2.0
2099 314494 2.0
2100 314612 2.0
2101 314732 2.0
2102 314833 2.0
2103 314944 2.0
2104 315058 2.0
2105 315139 2.0
2106 315205 2.0
2107 315347 2.0
2108 315431 2.0
2109 315530 2.0
2110 315638 2.0
2111 315750 2.0
2112 315902 2.0
2113 315966 2.0
2114 316058 2.0
2115 316139 2.0
2116 316306 2.0
2117 316406 2.0
2118 316495 2.0
2119 316586 2.0
2120 316655 2.0
2121 316743 2.0
2122 316825 2.0
2123 316933 2.0
2124 317035 2.0
2125 317122 2.0
2126 317197 2.0
2127 317258 2.0
2128 317345 2.0
2129 317430 2.0
2130 317517 2.0
2131 317628 2.0
2132 317727 2.0
2133 317802 2.0
2134 317879 2.0
2135 317946 2.0
2136 318017 2.0
2137 318108 2.0
2138 318183 2.0
2139 318310 2.0
2140 318412 2.0
2141 318514 2.0
2142 318609 2.0
2143 318693 2.0
2144 318769 2.0
2145 318843 2.0
2146 318936 2.0
2147 319008 2.0
2148 319130 2.0
2149 319223 2.0
2150 319322 2.0
2151 319439 2.0
2152 319561 2.0
2153 319645 2.0
2154 319712 2.0
2155 319789 2.0
2156 319858 2.0
2157 319949 2.0
2158 320025 2.0
2159 320112 2.0
2160 320227 2.0
2161 320319 2.0
2162 320401 2.0
2163 320517 2.0
2164 320587 2.0
2165 320677 2.0
2166 320761 2.0
2167 320844 2.0
2168 320968 2.0
2169 321071 2.0
2170 321179 2.0
2171 321266 2.0
2172 321393 2.0
2173 321495 2.0
2174 321593 2.0
2175 321664 2.0
2176 321771 2.0
2177 321844 2.0
2178 321942 2.0
2179 322035 2.0
2180 322152 2.0
2181 322237 2.0
2182 322314 2.0
2183 322437 2.0
2184 322527 2.0
2185 322607 2.0
2186 322700 2.0
2187 322819 2.0
2188 322888 2.0
2189 322973 2.0
2190 323051 2.0
2191 323148 2.0
2192 323238 2.0
2193 323313 2.0
2194 323420 2.0
2195 323533 2.0
2196 323600 2.0
2197 323683 2.0
2198 323849 2.0
2199 323941 2.0
2200 324058 2.0
2201 324142 2.0
2202 324232 2.0
2203 324341 2.0
2204 324447 2.0
2205 324530 2.0
2206 324679 2.0
2207 324752 2.0
2208 324882 2.0
2209 324972 2.0
2210 325035 2.0
2211 325136 2.0
2212 325268 2.0
2213 325371 2.0
2214 325471 2.0
2215 325550 2.0
2216 325637 2.0
2217 325720 2.0
2218 325798 2.0
2219 325917 2.0
2220 326007 2.0
2221 326096 2.0
2222 326213 2.0
2223 326283 2.0
2224 326405 2.0
2225 326469 2.0
2226 326568 2.0
2227 326650 2.0
2228 326729 2.0
2229 326800 2.0
2230 326895 2.0
2231 326990 2.0
2232 327072 2.0
2233 327150 2.0
2234 327246 2.0
2235 327334 2.0
2236 327408 2.0
2237 327479 2.0
2238 327560 2.0
2239 327653 2.0
2240 327762 2.0
2241 327862 2.0
2242 327936 2.0
2243 328038 2.0
2244 328135 2.0
2245 328207 2.0
2246 328277 2.0
2247 328370 2.0
2248 328441 2.0
2249 328522 2.0
2250 328627 2.0
2251 328726 2.0
2252 328806 2.0
2253 328907 2.0
2254 329078 2.0
2255 329146 2.0
2256 329204 2.0
2257 329321 2.0
2258 329456 2.0
2259 329578 2.0
2260 329661 2.0
2261 329781 2.0
2262 329863 2.0
2263 329936 2.0
2264 330016 2.0
2265 330094 2.0
2266 330193 2.0
2267 330320 2.0
2268 330402 2.0
2269 330489 2.0
2270 330620 2.0
2271 330722 2.0
2272 330805 2.0
2273 330889 2.0
2274 330960 2.0
2275 331031 2.0
2276 331102 2.0
2277 331231 2.0
2278 331381 2.0
2279 331458 2.0
2280 331566 2.0
2281 331646 2.0
2282 331769 2.0
2283 331836 2.0
2284 331955 2.0
2285 332023 2.0
2286 332130 2.0
2287 332201 2.0
2288 332283 2.0
2289 332348 2.0
2290 332426 2.0
2291 332543 2.0
2292 332661 2.0
2293 332732 2.0
2294 332825 2.0
2295 332939 2.0
2296 332998 2.0
2297 333085 2.0
2298 333155 2.0
2299 333234 2.0
2300 333415 2.0
2301 333497 2.0
2302 333594 2.0
2303 333656 2.0
2304 333741 2.0
2305 333824 2.0
2306 333899 2.0
2307 334002 2.0
2308 334066 2.0
2309 334144 2.0
2310 334231 2.0
2311 334344 2.0
2312 334456 2.0
2313 334574 2.0
2314 334643 2.0
2315 334735 2.0
2316 334820 2.0
2317 334928 2.0
2318 335031 2.0
2319 335112 2.0
2320 335164 2.0
2321 335283 2.0
2322 335349 2.0
2323 335449 2.0
2324 335547 2.0
2325 335654 2.0
2326 335740 2.0
2327 335826 2.0
2328 335917 2.0
2329 335992 2.0
2330 336103 2.0
2331 336167 2.0
2332 336249 2.0
2333 336321 2.0
2334 336423 2.0
2335 336572 2.0
2336 336658 2.0
2337 336750 2.0
2338 336845 2.0
2339 336920 2.0
2340 336992 2.0
2341 337134 2.0
2342 337240 2.0
2343 337329 2.0
2344 337416 2.0
2345 337486 2.0
2346 337572 2.0
2347 337674 2.0
2348 337766 2.0
2349 337902 2.0
2350 337974 2.0
2351 338069 2.0
2352 338152 2.0
2353 338254 2.0
2354 338358 2.0
2355 338470 2.0
2356 338588 2.0
2357 338701 2.0
2358 338776 2.0
2359 338870 2.0
2360 338954 2.0
2361 339063 2.0
2362 339171 2.0
2363 339239 2.0
2364 339321 2.0
2365 339427 2.0
2366 339532 2.0
2367 339591 2.0
2368 339698 2.0
2369 339782 2.0
2370 339855 2.0
2371 339973 2.0
2372 340051 2.0
2373 340135 2.0
2374 340227 2.0
2375 340330 2.0
2376 340419 2.0
2377 340526 2.0
2378 340619 2.0
2379 340711 2.0
2380 340809 2.0
2381 340927 2.0
2382 341015 2.0
2383 341130 2.0
2384 341212 2.0
2385 341293 2.0
2386 341397 2.0
2387 341453 2.0
2388 341544 2.0
2389 341616 2.0
2390 341695 2.0
2391 341804 2.0
2392 341911 2.0
2393 342019 2.0
2394 342132 2.0
2395 342211 2.0
2396 342297 2.0
2397 342367 2.0
2398 342468 2.0
2399 342601 2.0
2400 342713 2.0
2401 342811 2.0
2402 342908 2.0
2403 342977 2.0
2404 343052 2.0
2405 343140 2.0
2406 343267 2.0
2407 343349 2.0
2408 343411 2.0
2409 343516 2.0
2410 343602 2.0
2411 343677 2.0
2412 343762 2.0
2413 343843 2.0
2414 343909 2.0
2415 343989 2.0
2416 344077 2.0
2417 344238 2.0
2418 344411 2.0
2419 344528 2.0
2420 344605 2.0
2421 344708 2.0
2422 344780 2.0
2423 344855 2.0
2424 344948 2.0
2425 345034 2.0
2426 345150 2.0
2427 345297 2.0
2428 345380 2.0
2429 345454 2.0
2430 345530 2.0
2431 345608 2.0
2432 345686 2.0
2433 345776 2.0
2434 345887 2.0
2435 345971 2.0
2436 346045 2.0
2437 346118 2.0
2438 346220 2.0
2439 346364 2.0
2440 346470 2.0
2441 346564 2.0
2442 346639 2.0
2443 346714 2.0
2444 346782 2.0
2445 346874 2.0
2446 346968 2.0
2447 347065 2.0
2448 347175 2.0
2449 347283 2.0
2450 347396 2.0
2451 347471 2.0
2452 347571 2.0
2453 347640 2.0
2454 347763 2.0
2455 347871 2.0
2456 348053 2.0
2457 348119 2.0
2458 348204 2.0
2459 348283 2.0
2460 348396 2.0
2461 348469 2.0
2462 348631 2.0
2463 348751 2.0
2464 348837 2.0
2465 348896 2.0
2466 348968 2.0
2467 349058 2.0
2468 349143 2.0
2469 349229 2.0
2470 349330 2.0
2471 349426 2.0
2472 349517 2.0
2473 349587 2.0
2474 349657 2.0
2475 349742 2.0
2476 349800 2.0
2477 349869 2.0
2478 350034 2.0
2479 350116 2.0
2480 350245 2.0
2481 350353 2.0
2482 350457 2.0
2483 350601 2.0
2484 350727 2.0
2485 350809 2.0
2486 350881 2.0
2487 350951 2.0
2488 351028 2.0
2489 351108 2.0
2490 351204 2.0
2491 351291 2.0
2492 351440 2.0
2493 351509 2.0
2494 351595 2.0
2495 351714 2.0
2496 351827 2.0
2497 351916 2.0
2498 352011 2.0
2499 352098 2.0
2500 352191 2.0
2501 352341 2.0
2502 352416 2.0
2503 352524 2.0
2504 352588 2.0
2505 352684 2.0
2506 352768 2.0
2507 352843 2.0
2508 352940 2.0
2509 353034 2.0
2510 353168 2.0
2511 353251 2.0
2512 353318 2.0
2513 353419 2.0
2514 353487 2.0
2515 353591 2.0
2516 353693 2.0
2517 353771 2.0
2518 353835 2.0
2519 353991 2.0
2520 354061 2.0
2521 354203 2.0
2522 354279 2.0
2523 354381 2.0
2524 354500 2.0
2525 354570 2.0
2526 354642 2.0
2527 354715 2.0
2528 354796 2.0
2529 354909 2.0
2530 354988 2.0
2531 355091 2.0
2532 355184 2.0
2533 355259 2.0
2534 355330 2.0
2535 355419 2.0
2536 355480 2.0
2537 355583 2.0
2538 355678 2.0
2539 355742 2.0
2540 355804 2.0
2541 355908 2.0
2542 355973 2.0
2543 356052 2.0
2544 356131 2.0
2545 356223 2.0
2546 356302 2.0
2547 356394 2.0
2548 356561 2.0
2549 356643 2.0
2550 356759 2.0
2551 356826 2.0
2552 356896 2.0
2553 356999 2.0
2554 357102 2.0
2555 357203 2.0
2556 357293 2.0
2557 357378 2.0
2558 357467 2.0
2559 357581 2.0
2560 357705 2.0
2561 357806 2.0
2562 357890 2.0
2563 357968 2.0
2564 358048 2.0
2565 358117 2.0
2566 358212 2.0
2567 358303 2.0
2568 358371 2.0
2569 358454 2.0
2570 358554 2.0
2571 358626 2.0
2572 358705 2.0
2573 358803 2.0
2574 358912 2.0
2575 359004 2.0
2576 359094 2.0
2577 359230 2.0
2578 359331 2.0
2579 359447 2.0
2580 359535 2.0
2581 359616 2.0
2582 359713 2.0
2583 359869 2.0
2584 359934 2.0
2585 360030 2.0
2586 360131 2.0
2587 360191 2.0
2588 360290 2.0
2589 360357 2.0
2590 360486 2.0
2591 360567 2.0
2592 360665 2.0
2593 360787 2.0
2594 360870 2.0
2595 360979 2.0
2596 361066 2.0
2597 361151 2.0
2598 361237 2.0
2599 361313 2.0
2600 361434 2.0
2601 361531 2.0
2602 361651 2.0
2603 361764 2.0
2604 361865 2.0
2605 361977 2.0
2606 362061 2.0
2607 362149 2.0
2608 362234 2.0
2609 362334 2.0
2610 362418 2.0
2611 362493 2.0
2612 362614 2.0
2613 362722 2.0
2614 362800 2.0
2615 362889 2.0
2616 362965 2.0
2617 363043 2.0
2618 363132 2.0
2619 363211 2.0
2620 363296 2.0
2621 363374 2.0
2622 363445 2.0
2623 363516 2.0
2624 363577 2.0
2625 363668 2.0
2626 363731 2.0
2627 363798 2.0
2628 363899 2.0
2629 363970 2.0
2630 364053 2.0
2631 364143 2.0
2632 364238 2.0
2633 364307 2.0
2634 364393 2.0
2635 364476 2.0
2636 364580 2.0
2637 364653 2.0
2638 364738 2.0
2639 364809 2.0
2640 364901 2.0
2641 364998 2.0
2642 365087 2.0
2643 365189 2.0
2644 365263 2.0
2645 365400 2.0
2646 365468 2.0
2647 365571 2.0
2648 365665 2.0
2649 365757 2.0
2650 365842 2.0
2651 365920 2.0
2652 365996 2.0
2653 366103 2.0
2654 366187 2.0
2655 366259 2.0
2656 366378 2.0
2657 366445 2.0
2658 366532 2.0
2659 366601 2.0
2660 366674 2.0
2661 366750 2.0
2662 366874 2.0
2663 366980 2.0
2664 367061 2.0
2665 367151 2.0
2666 367247 2.0
2667 367305 2.0
2668 367380 2.0
2669 367450 2.0
2670 367527 2.0
2671 367605 2.0
2672 367700 2.0
2673 367777 2.0
2674 367895 2.0
2675 367987 2.0
2676 368056 2.0
2677 368164 2.0
2678 368234 2.0
2679 368331 2.0
2680 368431 2.0
2681 368536 2.0
2682 368727 2.0
2683 368823 2.0
2684 368907 2.0
2685 368977 2.0
2686 369068 2.0
2687 369164 2.0
2688 369263 2.0
2689 369349 2.0
2690 369554 2.0
2691 369647 2.0
2692 369732 2.0
2693 369816 2.0
2694 369903 2.0
2695 369983 2.0
2696 370059 2.0
2697 370176 2.0
2698 370302 2.0
2699 370374 2.0
2700 370519 2.0
2701 370599 2.0
2702 370720 2.0
2703 370838 2.0
2704 370906 2.0
2705 371009 2.0
2706 371103 2.0
2707 371174 2.0
2708 371307 2.0
2709 371411 2.0
2710 371494 2.0
2711 371613 2.0
2712 371700 2.0
2713 371787 2.0
2714 371930 2.0
2715 372012 2.0
2716 372127 2.0
2717 372252 2.0
2718 372337 2.0
2719 372414 2.0
2720 372479 2.0
2721 372540 2.0
2722 372637 2.0
2723 372723 2.0
2724 372798 2.0
2725 372887 2.0
2726 372970 2.0
2727 373075 2.0
2728 373146 2.0
2729 373243 2.0
2730 373307 2.0
2731 373395 2.0
2732 373502 2.0
2733 373608 2.0
2734 373724 2.0
2735 373799 2.0
2736 373879 2.0
2737 374027 2.0
2738 374104 2.0
2739 374176 2.0
2740 374252 2.0
2741 374313 2.0
2742 374417 2.0
2743 374523 2.0
2744 374597 2.0
2745 374732 2.0
2746 374845 2.0
2747 374924 2.0
2748 375004 2.0
2749 375089 2.0
2750 375146 2.0
2751 375257 2.0
2752 375327 2.0
2753 375425 2.0
2754 375534 2.0
2755 375609 2.0
2756 375672 2.0
2757 375754 2.0
2758 375832 2.0
2759 375923 2.0
2760 376037 2.0
2761 376105 2.0
2762 376198 2.0
2763 376271 2.0
2764 376355 2.0
2765 376408 2.0
2766 376469 2.0
2767 376530 2.0
2768 376633 2.0
2769 376723 2.0
2770 376809 2.0
2771 376912 2.0
2772 377008 2.0
2773 377090 2.0
2774 377153 2.0
2775 377237 2.0
2776 377322 2.0
2777 377430 2.0
2778 377513 2.0
2779 377599 2.0
2780 377696 2.0
2781 377786 2.0
2782 377889 2.0
2783 377978 2.0
2784 378074 2.0
2785 378182 2.0
2786 378257 2.0
2787 378401 2.0
2788 378481 2.0
2789 378579 2.0
2790 378666 2.0
2791 378746 2.0
2792 378829 2.0
2793 378916 2.0
2794 378995 2.0
2795 379066 2.0
2796 379164 2.0
2797 379232 2.0
2798 379315 2.0
2799 379408 2.0
2800 379487 2.0
2801 379591 2.0
2802 379678 2.0
2803 379763 2.0
2804 379914 2.0
2805 380007 2.0
2806 380094 2.0
2807 380223 2.0
2808 380339 2.0
2809 380429 2.0
2810 380514 2.0
2811 380588 2.0
2812 380713 2.0
2813 380799 2.0
2814 380889 2.0
2815 380968 2.0
2816 381052 2.0
2817 381149 2.0
2818 381213 2.0
2819 381288 2.0
2820 381370 2.0
2821 381463 2.0
2822 381574 2.0
2823 381705 2.0
2824 381808 2.0
2825 381909 2.0
2826 381976 2.0
2827 382059 2.0
2828 382146 2.0
2829 382249 2.0
2830 382323 2.0
2831 382424 2.0
2832 382501 2.0
2833 382691 2.0
2834 382823 2.0
2835 382914 2.0
2836 383009 2.0
2837 383086 2.0
2838 383168 2.0
2839 383245 2.0
2840 383381 2.0
2841 383485 2.0
2842 383604 2.0
2843 383722 2.0
2844 383800 2.0
2845 383875 2.0
2846 383971 2.0
2847 384086 2.0
2848 384173 2.0
2849 384279 2.0
2850 384354 2.0
2851 384464 2.0
2852 384525 2.0
2853 384597 2.0
2854 384669 2.0
2855 384742 2.0
2856 384869 2.0
2857 384972 2.0
2858 385080 2.0
2859 385137 2.0
2860 385224 2.0
2861 385321 2.0
2862 385397 2.0
2863 385490 2.0
2864 385572 2.0
2865 385631 2.0
2866 385737 2.0
2867 385872 2.0
2868 385974 2.0
2869 386042 2.0
2870 386124 2.0
2871 386230 2.0
2872 386310 2.0
2873 386366 2.0
2874 386440 2.0
2875 386517 2.0
2876 386657 2.0
2877 386736 2.0
2878 386869 2.0
2879 386961 2.0
2880 387077 2.0
2881 387170 2.0
2882 387267 2.0
2883 387347 2.0
2884 387421 2.0
2885 387493 2.0
2886 387565 2.0
2887 387705 2.0
2888 387775 2.0
2889 387878 2.0
2890 387960 2.0
2891 388022 2.0
2892 388103 2.0
2893 388191 2.0
2894 388264 2.0
2895 388348 2.0
2896 388437 2.0
2897 388536 2.0
2898 388623 2.0
2899 388681 2.0
2900 388799 2.0
2901 388882 2.0
2902 388968 2.0
2903 389034 2.0
2904 389100 2.0
2905 389200 2.0
2906 389270 2.0
2907 389351 2.0
2908 389452 2.0
2909 389530 2.0
2910 389626 2.0
2911 389724 2.0
2912 389841 2.0
2913 389937 2.0
2914 390020 2.0
2915 390129 2.0
2916 390194 2.0
2917 390259 2.0
2918 390341 2.0
2919 390408 2.0
2920 390507 2.0
2921 390575 2.0
2922 390655 2.0
2923 390754 2.0
2924 390836 2.0
2925 390925 2.0
2926 391011 2.0
2927 391082 2.0
