1 300 0.0
2 600 0.0
3 900 0.0
4 1200 0.0
5 1500 0.0
6 1800 0.0
7 2100 0.0
8 2400 0.0
9 2700 0.0
10 3000 0.0
11 3300 0.0
12 3600 0.0
13 3900 0.0
14 4200 0.0
15 4500 0.0
16 4800 0.0
17 5100 0.0
18 5400 0.0
19 5700 0.0
20 6000 0.0
21 6300 0.0
22 6600 0.0
23 6900 0.0
24 7200 0.0
25 7500 0.0
26 7800 0.0
27 8100 0.0
28 8400 0.0
29 8700 0.0
30 9000 0.01
31 9300 0.01
32 9600 0.02
33 9900 0.02
34 10200 0.02
35 10500 0.02
36 10800 0.02
37 11100 0.02
38 11400 0.02
39 11700 0.02
40 12000 0.02
41 12300 0.02
42 12600 0.02
43 12900 0.02
44 13200 0.02
45 13500 0.02
46 13800 0.03
47 14100 0.03
48 14400 0.03
49 14700 0.04
50 15000 0.05
51 15300 0.05
52 15600 0.05
53 15900 0.05
54 16200 0.05
55 16500 0.060000000000000005
56 16800 0.060000000000000005
57 17100 0.060000000000000005
58 17400 0.060000000000000005
59 17700 0.06999999999999999
60 18000 0.06999999999999999
61 18300 0.07999999999999999
62 18600 0.09999999999999999
63 18900 0.1
64 19200 0.11
65 19500 0.12
66 19800 0.12
67 20100 0.13
68 20400 0.14999999999999997
69 20700 0.16999999999999998
70 21000 0.16999999999999998
71 21300 0.18999999999999997
72 21600 0.19999999999999998
73 21900 0.21
74 22200 0.21
75 22500 0.23
76 22800 0.24000000000000002
77 23100 0.26
78 23400 0.27
79 23700 0.28
80 24000 0.29000000000000004
81 24300 0.31000000000000005
82 24600 0.32000000000000006
83 24900 0.33000000000000007
84 25200 0.33000000000000007
85 25500 0.34
86 25800 0.34
87 26100 0.35000000000000003
88 26400 0.37
89 26700 0.37
90 27000 0.38000000000000006
91 27300 0.4000000000000001
92 27600 0.41000000000000003
93 27900 0.42000000000000004
94 28200 0.43000000000000005
95 28500 0.45000000000000007
96 28800 0.4700000000000001
97 29100 0.4900000000000001
98 29400 0.5100000000000001
99 29700 0.53
100 30000 0.55
101 30300 0.5700000000000001
102 30600 0.5900000000000001
103 30900 0.6100000000000001
104 31200 0.6300000000000001
105 31500 0.6500000000000001
106 31800 0.6700000000000002
107 32100 0.6900000000000002
108 32400 0.7100000000000002
109 32700 0.7300000000000001
110 33000 0.75
111 33300 0.77
112 33600 0.79
113 33900 0.81
114 34200 0.8300000000000001
115 34500 0.8500000000000001
116 34800 0.8700000000000001
117 35100 0.8900000000000001
118 35400 0.9100000000000001
119 35700 0.9300000000000002
120 36000 0.9500000000000002
121 36300 0.9700000000000001
122 36600 0.9900000000000001
123 36900 1.01
124 37200 1.03
125 37500 1.05
126 37800 1.07
127 38100 1.09
128 38400 1.11
129 38700 1.1300000000000001
130 39000 1.1400000000000001
131 39300 1.1600000000000001
132 39600 1.1700000000000002
133 39900 1.1800000000000002
134 40200 1.2000000000000002
135 40500 1.2200000000000002
136 40800 1.2400000000000002
137 41100 1.2600000000000002
138 41400 1.2800000000000002
139 41700 1.3000000000000003
140 42000 1.3200000000000003
141 42300 1.3400000000000003
142 42600 1.3600000000000003
143 42900 1.3800000000000001
144 43200 1.4000000000000001
145 43500 1.4200000000000002
146 43800 1.4300000000000002
147 44100 1.4500000000000002
148 44400 1.4700000000000002
149 44700 1.4800000000000002
150 45000 1.4900000000000002
151 45300 1.5100000000000002
152 45600 1.5300000000000002
153 45900 1.5500000000000003
154 46200 1.57
155 46500 1.58
156 46800 1.6
157 47100 1.6
158 47400 1.62
159 47700 1.6300000000000001
160 48000 1.6500000000000001
161 48258 1.6600000000000001
162 48558 1.6600000000000001
163 48858 1.6800000000000002
164 49158 1.6900000000000002
165 49458 1.7000000000000002
166 49758 1.7200000000000002
167 50054 1.7300000000000002
168 50344 1.7300000000000002
169 50644 1.7300000000000002
170 50801 1.7500000000000002
171 51101 1.7500000000000002
172 51401 1.7600000000000002
173 51701 1.7700000000000002
174 51936 1.7900000000000003
175 52236 1.7900000000000003
176 52536 1.8000000000000003
177 52836 1.8000000000000003
178 53136 1.8100000000000003
179 53436 1.8200000000000003
180 53586 1.8300000000000003
181 53886 1.8300000000000003
182 54186 1.8400000000000003
183 54486 1.8500000000000003
184 54786 1.8700000000000003
185 55086 1.8800000000000003
186 55386 1.9000000000000004
187 55563 1.9100000000000004
188 55863 1.9100000000000004
189 56163 1.9200000000000004
190 56395 1.9300000000000004
191 56695 1.9300000000000004
192 56995 1.9400000000000004
193 57295 1.9500000000000004
194 57571 1.9600000000000004
195 57708 1.9600000000000004
196 57909 1.9600000000000004
197 58155 1.9600000000000004
198 58384 1.9600000000000004
199 58626 1.9600000000000004
200 58770 1.9600000000000004
201 58989 1.9600000000000004
202 59190 1.9600000000000004
203 59387 1.9600000000000004
204 59626 1.9600000000000004
205 59866 1.9600000000000004
206 60030 1.9600000000000004
207 60232 1.9600000000000004
208 60457 1.9600000000000004
209 60734 1.9600000000000004
210 60950 1.9600000000000004
211 61201 1.9600000000000004
212 61373 1.9600000000000004
213 61524 1.9600000000000004
214 61684 1.9600000000000004
215 61862 1.9600000000000004
216 62086 1.9600000000000004
217 62224 1.9600000000000004
218 62416 1.9600000000000004
219 62594 1.9600000000000004
220 62775 1.9600000000000004
221 62970 1.9600000000000004
222 63168 1.9600000000000004
223 63370 1.9600000000000004
224 63522 1.9600000000000004
225 63673 1.9600000000000004
226 63884 1.9600000000000004
227 64014 1.9600000000000004
228 64270 1.9600000000000004
229 64474 1.9600000000000004
230 64672 1.9600000000000004
231 64854 1.9600000000000004
232 65154 1.9600000000000004
233 65367 1.9700000000000002
234 65559 1.9700000000000002
235 65816 1.9700000000000002
236 66004 1.9700000000000002
237 66243 1.9700000000000002
238 66399 1.9700000000000002
239 66504 1.9700000000000002
240 66654 1.9700000000000002
241 66892 1.9700000000000002
242 67173 1.9700000000000002
243 67362 1.9700000000000002
244 67513 1.9700000000000002
245 67757 1.9700000000000002
246 67928 1.9700000000000002
247 68039 1.9700000000000002
248 68205 1.9700000000000002
249 68365 1.9700000000000002
250 68566 1.9700000000000002
251 68761 1.9700000000000002
252 68915 1.9700000000000002
253 69181 1.9700000000000002
254 69380 1.9700000000000002
255 69499 1.9700000000000002
256 69799 1.9700000000000002
257 70036 1.9900000000000002
258 70176 1.9900000000000002
259 70333 1.9900000000000002
260 70547 1.9900000000000002
261 70671 1.9900000000000002
262 70753 1.9900000000000002
263 70942 1.9900000000000002
264 71211 1.9900000000000002
265 71314 1.9900000000000002
266 71456 1.9900000000000002
267 71535 1.9900000000000002
268 71694 1.9900000000000002
269 71868 1.9900000000000002
270 71993 1.9900000000000002
271 72125 1.9900000000000002
272 72263 1.9900000000000002
273 72380 1.9900000000000002
274 72524 1.9900000000000002
275 72710 1.9900000000000002
276 72875 1.9900000000000002
277 73006 1.9900000000000002
278 73094 1.9900000000000002
279 73237 1.9900000000000002
280 73335 1.9900000000000002
281 73474 1.9900000000000002
282 73624 1.9900000000000002
283 73765 1.9900000000000002
284 73949 1.9900000000000002
285 74058 1.9900000000000002
286 74161 1.9900000000000002
287 74308 1.9900000000000002
288 74608 1.9900000000000002
289 74819 2.0
290 74932 2.0
291 75093 2.0
292 75300 2.0
293 75479 2.0
294 75632 2.0
295 75780 2.0
296 75928 2.0
297 76020 2.0
298 76185 2.0
299 76315 2.0
300 76458 2.0
301 76721 2.0
302 76828 2.0
303 76998 2.0
304 77085 2.0
305 77326 2.0
306 77536 2.0
307 77718 2.0
308 77913 2.0
309 78124 2.0
310 78201 2.0
311 78362 2.0
312 78512 2.0
313 78598 2.0
314 78739 2.0
315 78883 2.0
316 78966 2.0
317 79127 2.0
318 79271 2.0
319 79367 2.0
320 79482 2.0
321 79636 2.0
322 79800 2.0
323 79928 2.0
324 80081 2.0
325 80181 2.0
326 80299 2.0
327 80440 2.0
328 80699 2.0
329 80832 2.0
330 80988 2.0
331 81103 2.0
332 81263 2.0
333 81385 2.0
334 81588 2.0
335 81698 2.0
336 81827 2.0
337 81982 2.0
338 82116 2.0
339 82248 2.0
340 82355 2.0
341 82523 2.0
342 82692 2.0
343 82822 2.0
344 82916 2.0
345 83095 2.0
346 83172 2.0
347 83392 2.0
348 83574 2.0
349 83658 2.0
350 83803 2.0
351 83933 2.0
352 84130 2.0
353 84269 2.0
354 84438 2.0
355 84578 2.0
356 84669 2.0
357 84870 2.0
358 84979 2.0
359 85052 2.0
360 85206 2.0
361 85329 2.0
362 85477 2.0
363 85609 2.0
364 85748 2.0
365 85853 2.0
366 85949 2.0
367 86114 2.0
368 86269 2.0
369 86410 2.0
370 86601 2.0
371 86674 2.0
372 86765 2.0
373 86879 2.0
374 86982 2.0
375 87121 2.0
376 87238 2.0
377 87405 2.0
378 87593 2.0
379 87705 2.0
380 87818 2.0
381 87940 2.0
382 88053 2.0
383 88152 2.0
384 88264 2.0
385 88365 2.0
386 88484 2.0
387 88603 2.0
388 88729 2.0
389 88874 2.0
390 88991 2.0
391 89173 2.0
392 89280 2.0
393 89470 2.0
394 89583 2.0
395 89696 2.0
396 89783 2.0
397 89969 2.0
398 90105 2.0
399 90249 2.0
400 90448 2.0
401 90620 2.0
402 90756 2.0
403 90890 2.0
404 90993 2.0
405 91196 2.0
406 91302 2.0
407 91425 2.0
408 91543 2.0
409 91727 2.0
410 91918 2.0
411 92052 2.0
412 92248 2.0
413 92417 2.0
414 92618 2.0
415 92776 2.0
416 92898 2.0
417 93010 2.0
418 93118 2.0
419 93266 2.0
420 93407 2.0
421 93530 2.0
422 93674 2.0
423 93800 2.0
424 93933 2.0
425 94116 2.0
426 94276 2.0
427 94404 2.0
428 94509 2.0
429 94623 2.0
430 94730 2.0
431 94890 2.0
432 95001 2.0
433 95176 2.0
434 95296 2.0
435 95387 2.0
436 95532 2.0
437 95636 2.0
438 95887 2.0
439 95991 2.0
440 96125 2.0
441 96276 2.0
442 96421 2.0
443 96534 2.0
444 96680 2.0
445 96861 2.0
446 97021 2.0
447 97173 2.0
448 97305 2.0
449 97381 2.0
450 97516 2.0
451 97621 2.0
452 97735 2.0
453 97882 2.0
454 97970 2.0
455 98112 2.0
456 98226 2.0
457 98399 2.0
458 98502 2.0
459 98643 2.0
460 98824 2.0
461 98984 2.0
462 99177 2.0
463 99342 2.0
464 99509 2.0
465 99615 2.0
466 99715 2.0
467 99842 2.0
468 99938 2.0
469 100062 2.0
470 100207 2.0
471 100300 2.0
472 100396 2.0
473 100503 2.0
474 100627 2.0
475 100735 2.0
476 100850 2.0
477 100948 2.0
478 101076 2.0
479 101199 2.0
480 101378 2.0
481 101490 2.0
482 101607 2.0
483 101716 2.0
484 101804 2.0
485 101884 2.0
486 101998 2.0
487 102120 2.0
488 102268 2.0
489 102354 2.0
490 102472 2.0
491 102625 2.0
492 102734 2.0
493 102912 2.0
494 102987 2.0
495 103076 2.0
496 103184 2.0
497 103273 2.0
498 103412 2.0
499 103535 2.0
500 103676 2.0
501 103796 2.0
502 103899 2.0
503 103988 2.0
504 104148 2.0
505 104241 2.0
506 104366 2.0
507 104454 2.0
508 104645 2.0
509 104760 2.0
510 104853 2.0
511 105030 2.0
512 105140 2.0
513 105212 2.0
514 105313 2.0
515 105434 2.0
516 105585 2.0
517 105690 2.0
518 105789 2.0
519 105895 2.0
520 106022 2.0
521 106127 2.0
522 106223 2.0
523 106343 2.0
524 106498 2.0
525 106602 2.0
526 106727 2.0
527 106838 2.0
528 106943 2.0
529 107140 2.0
530 107246 2.0
531 107407 2.0
532 107532 2.0
533 107652 2.0
534 107782 2.0
535 107913 2.0
536 108021 2.0
537 108149 2.0
538 108224 2.0
539 108343 2.0
540 108413 2.0
541 108505 2.0
542 108622 2.0
543 108746 2.0
544 108824 2.0
545 108958 2.0
546 109070 2.0
547 109150 2.0
548 109279 2.0
549 109424 2.0
550 109508 2.0
551 109623 2.0
552 109741 2.0
553 109834 2.0
554 109944 2.0
555 110052 2.0
556 110144 2.0
557 110279 2.0
558 110461 2.0
559 110599 2.0
560 110723 2.0
561 110873 2.0
562 111011 2.0
563 111146 2.0
564 111258 2.0
565 111433 2.0
566 111569 2.0
567 111711 2.0
568 111868 2.0
569 111986 2.0
570 112159 2.0
571 112258 2.0
572 112411 2.0
573 112581 2.0
574 112663 2.0
575 112759 2.0
576 112892 2.0
577 113007 2.0
578 113115 2.0
579 113213 2.0
580 113311 2.0
581 113444 2.0
582 113569 2.0
583 113693 2.0
584 113798 2.0
585 113906 2.0
586 114055 2.0
587 114149 2.0
588 114231 2.0
589 114321 2.0
590 114450 2.0
591 114546 2.0
592 114643 2.0
593 114770 2.0
594 114875 2.0
595 114995 2.0
596 115102 2.0
597 115271 2.0
598 115460 2.0
599 115674 2.0
600 115790 2.0
601 115907 2.0
602 116016 2.0
603 116097 2.0
604 116243 2.0
605 116335 2.0
606 116519 2.0
607 116688 2.0
608 116764 2.0
609 116843 2.0
610 116963 2.0
611 117120 2.0
612 117225 2.0
613 117317 2.0
614 117422 2.0
615 117489 2.0
616 117591 2.0
617 117673 2.0
618 117765 2.0
619 117903 2.0
620 117988 2.0
621 118100 2.0
622 118196 2.0
623 118287 2.0
624 118471 2.0
625 118572 2.0
626 118661 2.0
627 118817 2.0
628 118914 2.0
629 118991 2.0
630 119109 2.0
631 119243 2.0
632 119325 2.0
633 119407 2.0
634 119504 2.0
635 119662 2.0
636 119760 2.0
637 119919 2.0
638 120088 2.0
639 120159 2.0
640 120286 2.0
641 120441 2.0
642 120572 2.0
643 120632 2.0
644 120755 2.0
645 120862 2.0
646 120996 2.0
647 121103 2.0
648 121224 2.0
649 121349 2.0
650 121542 2.0
651 121622 2.0
652 121787 2.0
653 121910 2.0
654 122094 2.0
655 122205 2.0
656 122412 2.0
657 122519 2.0
658 122620 2.0
659 122705 2.0
660 122851 2.0
661 122978 2.0
662 123088 2.0
663 123198 2.0
664 123298 2.0
665 123451 2.0
666 123608 2.0
667 123733 2.0
668 123813 2.0
669 123921 2.0
670 124023 2.0
671 124164 2.0
672 124329 2.0
673 124429 2.0
674 124518 2.0
675 124607 2.0
676 124727 2.0
677 124911 2.0
678 124998 2.0
679 125110 2.0
680 125212 2.0
681 125312 2.0
682 125446 2.0
683 125566 2.0
684 125673 2.0
685 125806 2.0
686 125940 2.0
687 126031 2.0
688 126131 2.0
689 126209 2.0
690 126310 2.0
691 126382 2.0
692 126583 2.0
693 126705 2.0
694 126836 2.0
695 126927 2.0
696 127037 2.0
697 127195 2.0
698 127306 2.0
699 127400 2.0
700 127484 2.0
701 127607 2.0
702 127729 2.0
703 127887 2.0
704 128005 2.0
705 128090 2.0
706 128189 2.0
707 128342 2.0
708 128486 2.0
709 128563 2.0
710 128666 2.0
711 128795 2.0
712 128905 2.0
713 129051 2.0
714 129172 2.0
715 129307 2.0
716 129436 2.0
717 129540 2.0
718 129643 2.0
719 129795 2.0
720 129887 2.0
721 129982 2.0
722 130078 2.0
723 130167 2.0
724 130273 2.0
725 130415 2.0
726 130527 2.0
727 130682 2.0
728 130771 2.0
729 130890 2.0
730 131015 2.0
731 131130 2.0
732 131216 2.0
733 131344 2.0
734 131467 2.0
735 131556 2.0
736 131651 2.0
737 131765 2.0
738 131863 2.0
739 132005 2.0
740 132098 2.0
741 132197 2.0
742 132298 2.0
743 132398 2.0
744 132480 2.0
745 132598 2.0
746 132673 2.0
747 132789 2.0
748 132901 2.0
749 132990 2.0
750 133101 2.0
751 133187 2.0
752 133275 2.0
753 133387 2.0
754 133503 2.0
755 133619 2.0
756 133787 2.0
757 133892 2.0
758 133980 2.0
759 134106 2.0
760 134201 2.0
761 134315 2.0
762 134496 2.0
763 134609 2.0
764 134704 2.0
765 134797 2.0
766 134913 2.0
767 135060 2.0
768 135195 2.0
769 135329 2.0
770 135415 2.0
771 135483 2.0
772 135611 2.0
773 135679 2.0
774 135820 2.0
775 135945 2.0
776 136035 2.0
777 136143 2.0
778 136243 2.0
779 136338 2.0
780 136484 2.0
781 136592 2.0
782 136671 2.0
783 136754 2.0
784 136838 2.0
785 136947 2.0
786 137103 2.0
787 137216 2.0
788 137290 2.0
789 137423 2.0
790 137545 2.0
791 137657 2.0
792 137784 2.0
793 137856 2.0
794 137957 2.0
795 138072 2.0
796 138179 2.0
797 138354 2.0
798 138444 2.0
799 138576 2.0
800 138722 2.0
801 138905 2.0
802 139042 2.0
803 139152 2.0
804 139301 2.0
805 139463 2.0
806 139548 2.0
807 139708 2.0
808 139819 2.0
809 139997 2.0
810 140109 2.0
811 140229 2.0
812 140308 2.0
813 140457 2.0
814 140621 2.0
815 140714 2.0
816 140797 2.0
817 140883 2.0
818 140983 2.0
819 141109 2.0
820 141237 2.0
821 141370 2.0
822 141462 2.0
823 141555 2.0
824 141661 2.0
825 141750 2.0
826 141816 2.0
827 141907 2.0
828 142020 2.0
829 142107 2.0
830 142236 2.0
831 142345 2.0
832 142461 2.0
833 142700 2.0
834 142804 2.0
835 142935 2.0
836 143048 2.0
837 143159 2.0
838 143255 2.0
839 143380 2.0
840 143457 2.0
841 143553 2.0
842 143664 2.0
843 143756 2.0
844 143847 2.0
845 143943 2.0
846 144081 2.0
847 144239 2.0
848 144382 2.0
849 144467 2.0
850 144577 2.0
851 144644 2.0
852 144758 2.0
853 144848 2.0
854 144965 2.0
855 145093 2.0
856 145181 2.0
857 145302 2.0
858 145394 2.0
859 145525 2.0
860 145652 2.0
861 145741 2.0
862 145834 2.0
863 145918 2.0
864 146055 2.0
865 146189 2.0
866 146293 2.0
867 146407 2.0
868 146529 2.0
869 146599 2.0
870 146675 2.0
871 146762 2.0
872 146862 2.0
873 146956 2.0
874 147054 2.0
875 147168 2.0
876 147304 2.0
877 147429 2.0
878 147529 2.0
879 147607 2.0
880 147691 2.0
881 147808 2.0
882 147889 2.0
883 147974 2.0
884 148061 2.0
885 148184 2.0
886 148292 2.0
887 148397 2.0
888 148544 2.0
889 148641 2.0
890 148718 2.0
891 148897 2.0
892 148990 2.0
893 149061 2.0
894 149153 2.0
895 149245 2.0
896 149349 2.0
897 149476 2.0
898 149576 2.0
899 149686 2.0
900 149772 2.0
901 149862 2.0
902 149960 2.0
903 150021 2.0
904 150138 2.0
905 150273 2.0
906 150370 2.0
907 150491 2.0
908 150613 2.0
909 150757 2.0
910 150887 2.0
911 151010 2.0
912 151117 2.0
913 151230 2.0
914 151348 2.0
915 151469 2.0
916 151574 2.0
917 151689 2.0
918 151811 2.0
919 151985 2.0
920 152170 2.0
921 152296 2.0
922 152416 2.0
923 152512 2.0
924 152608 2.0
925 152716 2.0
926 152879 2.0
927 152977 2.0
928 153097 2.0
929 153210 2.0
930 153300 2.0
931 153414 2.0
932 153543 2.0
933 153626 2.0
934 153711 2.0
935 153897 2.0
936 154002 2.0
937 154085 2.0
938 154212 2.0
939 154298 2.0
940 154378 2.0
941 154565 2.0
942 154703 2.0
943 154860 2.0
944 154970 2.0
945 155170 2.0
946 155264 2.0
947 155360 2.0
948 155471 2.0
949 155561 2.0
950 155655 2.0
951 155713 2.0
952 155780 2.0
953 155845 2.0
954 155923 2.0
955 156011 2.0
956 156094 2.0
957 156219 2.0
958 156313 2.0
959 156414 2.0
960 156542 2.0
961 156624 2.0
962 156722 2.0
963 156824 2.0
964 156919 2.0
965 156997 2.0
966 157088 2.0
967 157181 2.0
968 157259 2.0
969 157335 2.0
970 157473 2.0
971 157608 2.0
972 157700 2.0
973 157824 2.0
974 157928 2.0
975 158033 2.0
976 158128 2.0
977 158211 2.0
978 158350 2.0
979 158562 2.0
980 158658 2.0
981 158763 2.0
982 158845 2.0
983 158927 2.0
984 159104 2.0
985 159198 2.0
986 159299 2.0
987 159369 2.0
988 159469 2.0
989 159546 2.0
990 159627 2.0
991 159708 2.0
992 159773 2.0
993 159882 2.0
994 159970 2.0
995 160081 2.0
996 160192 2.0
997 160264 2.0
998 160387 2.0
999 160534 2.0
1000 160647 2.0
1001 160727 2.0
1002 160865 2.0
1003 160979 2.0
1004 161047 2.0
1005 161180 2.0
1006 161272 2.0
1007 161366 2.0
1008 161494 2.0
1009 161580 2.0
1010 161661 2.0
1011 161743 2.0
1012 161865 2.0
1013 161961 2.0
1014 162087 2.0
1015 162191 2.0
1016 162294 2.0
1017 162394 2.0
1018 162526 2.0
1019 162634 2.0
1020 162692 2.0
1021 162850 2.0
1022 162945 2.0
1023 163041 2.0
1024 163136 2.0
1025 163280 2.0
1026 163393 2.0
1027 163488 2.0
1028 163578 2.0
1029 163646 2.0
1030 163780 2.0
1031 163878 2.0
1032 163953 2.0
1033 164083 2.0
1034 164223 2.0
1035 164305 2.0
1036 164414 2.0
1037 164521 2.0
1038 164661 2.0
1039 164820 2.0
1040 164930 2.0
1041 165049 2.0
1042 165193 2.0
1043 165285 2.0
1044 165396 2.0
1045 165512 2.0
1046 165625 2.0
1047 165818 2.0
1048 165923 2.0
1049 166025 2.0
1050 166136 2.0
1051 166217 2.0
1052 166294 2.0
1053 166389 2.0
1054 166470 2.0
1055 166570 2.0
1056 166700 2.0
1057 166787 2.0
1058 166883 2.0
1059 166964 2.0
1060 167100 2.0
1061 167189 2.0
1062 167304 2.0
1063 167404 2.0
1064 167553 2.0
1065 167666 2.0
1066 167779 2.0
1067 167876 2.0
1068 168015 2.0
1069 168108 2.0
1070 168275 2.0
1071 168349 2.0
1072 168432 2.0
1073 168550 2.0
1074 168635 2.0
1075 168714 2.0
1076 168834 2.0
1077 168969 2.0
1078 169121 2.0
1079 169203 2.0
1080 169341 2.0
1081 169418 2.0
1082 169505 2.0
1083 169615 2.0
1084 169710 2.0
1085 169815 2.0
1086 169926 2.0
1087 170030 2.0
1088 170164 2.0
1089 170295 2.0
1090 170413 2.0
1091 170516 2.0
1092 170603 2.0
1093 170766 2.0
1094 170823 2.0
1095 170911 2.0
1096 171002 2.0
1097 171082 2.0
1098 171194 2.0
1099 171250 2.0
1100 171346 2.0
1101 171410 2.0
1102 171561 2.0
1103 171650 2.0
1104 171772 2.0
1105 171859 2.0
1106 171972 2.0
1107 172069 2.0
1108 172156 2.0
1109 172304 2.0
1110 172406 2.0
1111 172503 2.0
1112 172591 2.0
1113 172682 2.0
1114 172795 2.0
1115 172893 2.0
1116 173045 2.0
1117 173149 2.0
1118 173292 2.0
1119 173385 2.0
1120 173459 2.0
1121 173554 2.0
1122 173632 2.0
1123 173702 2.0
1124 173819 2.0
1125 173925 2.0
1126 174075 2.0
1127 174190 2.0
1128 174265 2.0
1129 174374 2.0
1130 174484 2.0
1131 174623 2.0
1132 174732 2.0
1133 174818 2.0
1134 174913 2.0
1135 174990 2.0
1136 175150 2.0
1137 175245 2.0
1138 175356 2.0
1139 175454 2.0
1140 175599 2.0
1141 175748 2.0
1142 175919 2.0
1143 176092 2.0
1144 176168 2.0
1145 176354 2.0
1146 176449 2.0
1147 176537 2.0
1148 176653 2.0
1149 176871 2.0
1150 176939 2.0
1151 177064 2.0
1152 177185 2.0
1153 177270 2.0
1154 177387 2.0
1155 177503 2.0
1156 177633 2.0
1157 177756 2.0
1158 177840 2.0
1159 177927 2.0
1160 178167 2.0
1161 178283 2.0
1162 178460 2.0
1163 178542 2.0
1164 178646 2.0
1165 178778 2.0
1166 178855 2.0
1167 179008 2.0
1168 179102 2.0
1169 179209 2.0
1170 179292 2.0
1171 179404 2.0
1172 179483 2.0
1173 179603 2.0
1174 179773 2.0
1175 179904 2.0
1176 180053 2.0
1177 180136 2.0
1178 180219 2.0
1179 180304 2.0
1180 180405 2.0
1181 180495 2.0
1182 180617 2.0
1183 180772 2.0
1184 180870 2.0
1185 180962 2.0
1186 181079 2.0
1187 181181 2.0
1188 181328 2.0
1189 181431 2.0
1190 181523 2.0
1191 181614 2.0
1192 181693 2.0
1193 181809 2.0
1194 181877 2.0
1195 181976 2.0
1196 182053 2.0
1197 182157 2.0
1198 182228 2.0
1199 182320 2.0
1200 182440 2.0
1201 182550 2.0
1202 182689 2.0
1203 182786 2.0
1204 182907 2.0
1205 183053 2.0
1206 183158 2.0
1207 183273 2.0
1208 183427 2.0
1209 183537 2.0
1210 183611 2.0
1211 183698 2.0
1212 183884 2.0
1213 183976 2.0
1214 184088 2.0
1215 184160 2.0
1216 184260 2.0
1217 184379 2.0
1218 184450 2.0
1219 184592 2.0
1220 184696 2.0
1221 184781 2.0
1222 184911 2.0
1223 184997 2.0
1224 185076 2.0
1225 185202 2.0
1226 185271 2.0
1227 185343 2.0
1228 185462 2.0
1229 185626 2.0
1230 185748 2.0
1231 185872 2.0
1232 185958 2.0
1233 186057 2.0
1234 186216 2.0
1235 186308 2.0
1236 186382 2.0
1237 186507 2.0
1238 186706 2.0
1239 186797 2.0
1240 186919 2.0
1241 187001 2.0
1242 187094 2.0
1243 187196 2.0
1244 187277 2.0
1245 187421 2.0
1246 187520 2.0
1247 187630 2.0
1248 187725 2.0
1249 187836 2.0
1250 187961 2.0
1251 188028 2.0
1252 188151 2.0
1253 188233 2.0
1254 188326 2.0
1255 188398 2.0
1256 188493 2.0
1257 188631 2.0
1258 188728 2.0
1259 188843 2.0
1260 188923 2.0
1261 189022 2.0
1262 189149 2.0
1263 189265 2.0
1264 189375 2.0
1265 189527 2.0
1266 189662 2.0
1267 189764 2.0
1268 189850 2.0
1269 189977 2.0
1270 190045 2.0
1271 190136 2.0
1272 190235 2.0
1273 190318 2.0
1274 190440 2.0
1275 190534 2.0
1276 190605 2.0
1277 190707 2.0
1278 190850 2.0
1279 190923 2.0
1280 191058 2.0
1281 191150 2.0
1282 191228 2.0
1283 191359 2.0
1284 191493 2.0
1285 191576 2.0
1286 191668 2.0
1287 191783 2.0
1288 191875 2.0
1289 191947 2.0
1290 192043 2.0
1291 192154 2.0
1292 192288 2.0
1293 192355 2.0
1294 192481 2.0
1295 192540 2.0
1296 192677 2.0
1297 192815 2.0
1298 192966 2.0
1299 193050 2.0
1300 193156 2.0
1301 193244 2.0
1302 193346 2.0
1303 193510 2.0
1304 193578 2.0
1305 193701 2.0
1306 193794 2.0
1307 193881 2.0
1308 193962 2.0
1309 194041 2.0
1310 194158 2.0
1311 194286 2.0
1312 194404 2.0
1313 194502 2.0
1314 194613 2.0
1315 194693 2.0
1316 194770 2.0
1317 194869 2.0
1318 195001 2.0
1319 195095 2.0
1320 195172 2.0
1321 195247 2.0
1322 195311 2.0
1323 195412 2.0
1324 195541 2.0
1325 195717 2.0
1326 195831 2.0
1327 195900 2.0
1328 196007 2.0
1329 196115 2.0
1330 196294 2.0
1331 196384 2.0
1332 196481 2.0
1333 196593 2.0
1334 196713 2.0
1335 196917 2.0
1336 197022 2.0
1337 197111 2.0
1338 197200 2.0
1339 197308 2.0
1340 197396 2.0
1341 197570 2.0
1342 197656 2.0
1343 197763 2.0
1344 197837 2.0
1345 197913 2.0
1346 197984 2.0
1347 198096 2.0
1348 198179 2.0
1349 198288 2.0
1350 198379 2.0
1351 198482 2.0
1352 198562 2.0
1353 198687 2.0
1354 198792 2.0
1355 198882 2.0
1356 199022 2.0
1357 199160 2.0
1358 199231 2.0
1359 199334 2.0
1360 199464 2.0
1361 199576 2.0
1362 199645 2.0
1363 199733 2.0
1364 199813 2.0
1365 199899 2.0
1366 200032 2.0
1367 200129 2.0
1368 200209 2.0
1369 200294 2.0
1370 200398 2.0
1371 200510 2.0
1372 200618 2.0
1373 200691 2.0
1374 200824 2.0
1375 200928 2.0
1376 201013 2.0
1377 201089 2.0
1378 201169 2.0
1379 201265 2.0
1380 201353 2.0
1381 201449 2.0
1382 201565 2.0
1383 201665 2.0
1384 201761 2.0
1385 201842 2.0
1386 201910 2.0
1387 202033 2.0
1388 202171 2.0
1389 202296 2.0
1390 202414 2.0
1391 202557 2.0
1392 202631 2.0
1393 202734 2.0
1394 202817 2.0
1395 202926 2.0
1396 203068 2.0
1397 203174 2.0
1398 203278 2.0
1399 203425 2.0
1400 203529 2.0
1401 203637 2.0
1402 203725 2.0
1403 203838 2.0
1404 203926 2.0
1405 204001 2.0
1406 204111 2.0
1407 204195 2.0
1408 204281 2.0
1409 204445 2.0
1410 204529 2.0
1411 204651 2.0
1412 204768 2.0
1413 204856 2.0
1414 204973 2.0
1415 205067 2.0
1416 205158 2.0
1417 205287 2.0
1418 205390 2.0
1419 205530 2.0
1420 205657 2.0
1421 205736 2.0
1422 205827 2.0
1423 205920 2.0
1424 206008 2.0
1425 206103 2.0
1426 206199 2.0
1427 206265 2.0
1428 206356 2.0
1429 206478 2.0
1430 206594 2.0
1431 206686 2.0
1432 206779 2.0
1433 206856 2.0
1434 206938 2.0
1435 207018 2.0
1436 207094 2.0
1437 207218 2.0
1438 207287 2.0
1439 207409 2.0
1440 207487 2.0
1441 207597 2.0
1442 207675 2.0
1443 207790 2.0
1444 207902 2.0
1445 207979 2.0
1446 208123 2.0
1447 208218 2.0
1448 208293 2.0
1449 208395 2.0
1450 208479 2.0
1451 208548 2.0
1452 208667 2.0
1453 208756 2.0
1454 208852 2.0
1455 208974 2.0
1456 209155 2.0
1457 209248 2.0
1458 209358 2.0
1459 209490 2.0
1460 209610 2.0
1461 209740 2.0
1462 209808 2.0
1463 209892 2.0
1464 209992 2.0
1465 210064 2.0
1466 210185 2.0
1467 210304 2.0
1468 210365 2.0
1469 210494 2.0
1470 210672 2.0
1471 210794 2.0
1472 210900 2.0
1473 210994 2.0
1474 211080 2.0
1475 211136 2.0
1476 211214 2.0
1477 211338 2.0
1478 211430 2.0
1479 211539 2.0
1480 211628 2.0
1481 211740 2.0
1482 211819 2.0
1483 211934 2.0
1484 212042 2.0
1485 212148 2.0
1486 212270 2.0
1487 212369 2.0
1488 212455 2.0
1489 212518 2.0
1490 212651 2.0
1491 212808 2.0
1492 212915 2.0
1493 213013 2.0
1494 213092 2.0
1495 213152 2.0
1496 213270 2.0
1497 213357 2.0
1498 213460 2.0
1499 213541 2.0
1500 213620 2.0
1501 213787 2.0
1502 213928 2.0
1503 214027 2.0
1504 214135 2.0
1505 214224 2.0
1506 214319 2.0
1507 214415 2.0
1508 214500 2.0
1509 214588 2.0
1510 214675 2.0
1511 214778 2.0
1512 214892 2.0
1513 214947 2.0
1514 215066 2.0
1515 215160 2.0
1516 215277 2.0
1517 215372 2.0
1518 215468 2.0
1519 215566 2.0
1520 215656 2.0
1521 215737 2.0
1522 215815 2.0
1523 215905 2.0
1524 215977 2.0
1525 216084 2.0
1526 216186 2.0
1527 216273 2.0
1528 216355 2.0
1529 216455 2.0
1530 216588 2.0
1531 216779 2.0
1532 216869 2.0
1533 216951 2.0
1534 217066 2.0
1535 217177 2.0
1536 217292 2.0
1537 217362 2.0
1538 217463 2.0
1539 217564 2.0
1540 217645 2.0
1541 217742 2.0
1542 217867 2.0
1543 217944 2.0
1544 218132 2.0
1545 218192 2.0
1546 218300 2.0
1547 218431 2.0
1548 218560 2.0
1549 218670 2.0
1550 218736 2.0
1551 218867 2.0
1552 218957 2.0
1553 219031 2.0
1554 219100 2.0
1555 219202 2.0
1556 219319 2.0
1557 219452 2.0
1558 219532 2.0
1559 219623 2.0
1560 219719 2.0
1561 219824 2.0
1562 219936 2.0
1563 220018 2.0
1564 220106 2.0
1565 220199 2.0
1566 220284 2.0
1567 220354 2.0
1568 220449 2.0
1569 220531 2.0
1570 220637 2.0
1571 220721 2.0
1572 220817 2.0
1573 220935 2.0
1574 221018 2.0
1575 221115 2.0
1576 221211 2.0
1577 221309 2.0
1578 221368 2.0
1579 221464 2.0
1580 221553 2.0
1581 221645 2.0
1582 221746 2.0
1583 221834 2.0
1584 221939 2.0
1585 222033 2.0
1586 222119 2.0
1587 222234 2.0
1588 222317 2.0
1589 222401 2.0
1590 222481 2.0
1591 222609 2.0
1592 222725 2.0
1593 222845 2.0
1594 222932 2.0
1595 222998 2.0
1596 223094 2.0
1597 223183 2.0
1598 223282 2.0
1599 223387 2.0
1600 223447 2.0
1601 223514 2.0
1602 223645 2.0
1603 223749 2.0
1604 223836 2.0
1605 223911 2.0
1606 224030 2.0
1607 224172 2.0
1608 224264 2.0
1609 224340 2.0
1610 224443 2.0
1611 224583 2.0
1612 224697 2.0
1613 224791 2.0
1614 224875 2.0
1615 224978 2.0
1616 225077 2.0
1617 225173 2.0
1618 225237 2.0
1619 225338 2.0
1620 225451 2.0
1621 225540 2.0
1622 225652 2.0
1623 225779 2.0
1624 225896 2.0
1625 225969 2.0
1626 226081 2.0
1627 226157 2.0
1628 226234 2.0
1629 226321 2.0
1630 226394 2.0
1631 226492 2.0
1632 226605 2.0
1633 226709 2.0
1634 226822 2.0
1635 226897 2.0
1636 226970 2.0
1637 227032 2.0
1638 227132 2.0
1639 227223 2.0
1640 227296 2.0
1641 227373 2.0
1642 227476 2.0
1643 227552 2.0
1644 227631 2.0
1645 227773 2.0
1646 227855 2.0
1647 227938 2.0
1648 228052 2.0
1649 228131 2.0
1650 228225 2.0
1651 228299 2.0
1652 228415 2.0
1653 228532 2.0
1654 228604 2.0
1655 228696 2.0
1656 228800 2.0
1657 228904 2.0
1658 228992 2.0
1659 229076 2.0
1660 229206 2.0
1661 229324 2.0
1662 229449 2.0
1663 229522 2.0
1664 229661 2.0
1665 229736 2.0
1666 229803 2.0
1667 229999 2.0
1668 230092 2.0
1669 230199 2.0
1670 230291 2.0
1671 230388 2.0
1672 230476 2.0
1673 230647 2.0
1674 230724 2.0
1675 230796 2.0
1676 230871 2.0
1677 231028 2.0
1678 231115 2.0
1679 231206 2.0
1680 231308 2.0
1681 231424 2.0
1682 231521 2.0
1683 231596 2.0
1684 231712 2.0
1685 231798 2.0
1686 231871 2.0
1687 231952 2.0
1688 232031 2.0
1689 232234 2.0
1690 232315 2.0
1691 232375 2.0
1692 232486 2.0
1693 232612 2.0
1694 232691 2.0
1695 232827 2.0
1696 232928 2.0
1697 233022 2.0
1698 233110 2.0
1699 233206 2.0
1700 233315 2.0
1701 233392 2.0
1702 233476 2.0
1703 233578 2.0
1704 233697 2.0
1705 233766 2.0
1706 233849 2.0
1707 233966 2.0
1708 234047 2.0
1709 234152 2.0
1710 234211 2.0
1711 234300 2.0
1712 234445 2.0
1713 234512 2.0
1714 234616 2.0
1715 234714 2.0
1716 234799 2.0
1717 234918 2.0
1718 235011 2.0
1719 235132 2.0
1720 235228 2.0
1721 235346 2.0
1722 235418 2.0
1723 235490 2.0
1724 235600 2.0
1725 235666 2.0
1726 235742 2.0
1727 235833 2.0
1728 235910 2.0
1729 235995 2.0
1730 236083 2.0
1731 236166 2.0
1732 236255 2.0
1733 236350 2.0
1734 236609 2.0
1735 236675 2.0
1736 236750 2.0
1737 236845 2.0
1738 236957 2.0
1739 237069 2.0
1740 237160 2.0
1741 237263 2.0
1742 237351 2.0
1743 237466 2.0
1744 237547 2.0
1745 237620 2.0
1746 237731 2.0
1747 237835 2.0
1748 237904 2.0
1749 237976 2.0
1750 238061 2.0
1751 238178 2.0
1752 238318 2.0
1753 238399 2.0
1754 238464 2.0
1755 238581 2.0
1756 238665 2.0
1757 238741 2.0
1758 238826 2.0
1759 238934 2.0
1760 239038 2.0
1761 239133 2.0
1762 239250 2.0
1763 239315 2.0
1764 239426 2.0
1765 239538 2.0
1766 239624 2.0
1767 239707 2.0
1768 239815 2.0
1769 239917 2.0
1770 240007 2.0
1771 240075 2.0
1772 240149 2.0
1773 240233 2.0
1774 240387 2.0
1775 240470 2.0
1776 240546 2.0
1777 240611 2.0
1778 240714 2.0
1779 240787 2.0
1780 240897 2.0
1781 240979 2.0
1782 241055 2.0
1783 241191 2.0
1784 241296 2.0
1785 241415 2.0
1786 241501 2.0
1787 241618 2.0
1788 241709 2.0
1789 241795 2.0
1790 241901 2.0
1791 241991 2.0
1792 242080 2.0
1793 242186 2.0
1794 242272 2.0
1795 242373 2.0
1796 242455 2.0
1797 242581 2.0
1798 242669 2.0
1799 242785 2.0
1800 242889 2.0
1801 243048 2.0
1802 243134 2.0
1803 243239 2.0
1804 243316 2.0
1805 243416 2.0
1806 243492 2.0
1807 243737 2.0
1808 243858 2.0
1809 243949 2.0
1810 244043 2.0
1811 244195 2.0
1812 244285 2.0
1813 244384 2.0
1814 244499 2.0
1815 244675 2.0
1816 244769 2.0
1817 244888 2.0
1818 244983 2.0
1819 245079 2.0
1820 245153 2.0
1821 245239 2.0
1822 245343 2.0
1823 245419 2.0
1824 245518 2.0
1825 245608 2.0
1826 245702 2.0
1827 245806 2.0
1828 245897 2.0
1829 245979 2.0
1830 246072 2.0
1831 246170 2.0
1832 246279 2.0
1833 246351 2.0
1834 246481 2.0
1835 246654 2.0
1836 246750 2.0
1837 246853 2.0
1838 246936 2.0
1839 247026 2.0
1840 247104 2.0
1841 247254 2.0
1842 247392 2.0
1843 247483 2.0
1844 247560 2.0
1845 247626 2.0
1846 247705 2.0
1847 247769 2.0
1848 247851 2.0
1849 247939 2.0
1850 248043 2.0
1851 248151 2.0
1852 248238 2.0
1853 248316 2.0
1854 248409 2.0
1855 248516 2.0
1856 248589 2.0
1857 248693 2.0
1858 248772 2.0
1859 248853 2.0
1860 248936 2.0
1861 248997 2.0
1862 249104 2.0
1863 249223 2.0
1864 249317 2.0
1865 249406 2.0
1866 249508 2.0
1867 249641 2.0
1868 249717 2.0
1869 249797 2.0
1870 249893 2.0
1871 249994 2.0
1872 250080 2.0
1873 250172 2.0
1874 250310 2.0
1875 250394 2.0
1876 250492 2.0
1877 250561 2.0
1878 250648 2.0
1879 250744 2.0
1880 250807 2.0
1881 250915 2.0
1882 251008 2.0
1883 251082 2.0
1884 251181 2.0
1885 251335 2.0
1886 251413 2.0
1887 251528 2.0
1888 251624 2.0
1889 251730 2.0
1890 251800 2.0
1891 251878 2.0
1892 252005 2.0
1893 252077 2.0
1894 252172 2.0
1895 252315 2.0
1896 252394 2.0
1897 252497 2.0
1898 252576 2.0
1899 252694 2.0
1900 252770 2.0
1901 252868 2.0
1902 252948 2.0
1903 253038 2.0
1904 253166 2.0
1905 253317 2.0
1906 253402 2.0
1907 253526 2.0
1908 253609 2.0
1909 253695 2.0
1910 253781 2.0
1911 253867 2.0
1912 253951 2.0
1913 254030 2.0
1914 254125 2.0
1915 254236 2.0
1916 254303 2.0
1917 254385 2.0
1918 254473 2.0
1919 254595 2.0
1920 254697 2.0
1921 254764 2.0
1922 254847 2.0
1923 254941 2.0
1924 255027 2.0
1925 255128 2.0
1926 255216 2.0
1927 255324 2.0
1928 255411 2.0
1929 255475 2.0
1930 255558 2.0
1931 255639 2.0
1932 255743 2.0
1933 255827 2.0
1934 255915 2.0
1935 256022 2.0
1936 256123 2.0
1937 256205 2.0
1938 256285 2.0
1939 256383 2.0
1940 256464 2.0
1941 256565 2.0
1942 256709 2.0
1943 256814 2.0
1944 256890 2.0
1945 256973 2.0
1946 257107 2.0
1947 257197 2.0
1948 257299 2.0
1949 257420 2.0
1950 257521 2.0
1951 257617 2.0
1952 257763 2.0
1953 257842 2.0
1954 257937 2.0
1955 258037 2.0
1956 258159 2.0
1957 258223 2.0
1958 258316 2.0
1959 258399 2.0
1960 258489 2.0
1961 258583 2.0
1962 258655 2.0
1963 258763 2.0
1964 258872 2.0
1965 258937 2.0
1966 259044 2.0
1967 259122 2.0
1968 259223 2.0
1969 259315 2.0
1970 259394 2.0
1971 259478 2.0
1972 259553 2.0
1973 259664 2.0
1974 259735 2.0
1975 259818 2.0
1976 259887 2.0
1977 259957 2.0
1978 260058 2.0
1979 260159 2.0
1980 260257 2.0
1981 260330 2.0
1982 260421 2.0
1983 260494 2.0
1984 260581 2.0
1985 260672 2.0
1986 260780 2.0
1987 260880 2.0
1988 260954 2.0
1989 261045 2.0
1990 261113 2.0
1991 261226 2.0
1992 261324 2.0
1993 261414 2.0
1994 261508 2.0
1995 261669 2.0
1996 261792 2.0
1997 261907 2.0
1998 262034 2.0
1999 262100 2.0
2000 262180 2.0
2001 262266 2.0
2002 262393 2.0
2003 262503 2.0
2004 262567 2.0
2005 262657 2.0
2006 262780 2.0
2007 262867 2.0
2008 262965 2.0
2009 263180 2.0
2010 263269 2.0
2011 263394 2.0
2012 263486 2.0
2013 263600 2.0
2014 263684 2.0
2015 263766 2.0
2016 263852 2.0
2017 263929 2.0
2018 264021 2.0
2019 264142 2.0
2020 264222 2.0
2021 264317 2.0
2022 264439 2.0
2023 264524 2.0
2024 264588 2.0
2025 264661 2.0
2026 264730 2.0
2027 264791 2.0
2028 264860 2.0
2029 264993 2.0
2030 265084 2.0
2031 265167 2.0
2032 265238 2.0
2033 265323 2.0
2034 265397 2.0
2035 265490 2.0
2036 265578 2.0
2037 265660 2.0
2038 265756 2.0
2039 265848 2.0
2040 265921 2.0
2041 266030 2.0
2042 266097 2.0
2043 266188 2.0
2044 266267 2.0
2045 266365 2.0
2046 266440 2.0
2047 266515 2.0
2048 266600 2.0
2049 266704 2.0
2050 266790 2.0
2051 266870 2.0
2052 266952 2.0
2053 267026 2.0
2054 267115 2.0
2055 267208 2.0
2056 267305 2.0
2057 267380 2.0
2058 267468 2.0
2059 267572 2.0
2060 267647 2.0
2061 267744 2.0
2062 267843 2.0
2063 267984 2.0
2064 268083 2.0
2065 268184 2.0
2066 268290 2.0
2067 268359 2.0
2068 268434 2.0
2069 268513 2.0
2070 268597 2.0
2071 268676 2.0
2072 268755 2.0
2073 268866 2.0
2074 268952 2.0
2075 269036 2.0
2076 269119 2.0
2077 269190 2.0
2078 269265 2.0
2079 269342 2.0
2080 269413 2.0
2081 269522 2.0
2082 269591 2.0
2083 269702 2.0
2084 269801 2.0
2085 269890 2.0
2086 270020 2.0
2087 270125 2.0
2088 270245 2.0
2089 270320 2.0
2090 270448 2.0
2091 270552 2.0
2092 270627 2.0
2093 270709 2.0
2094 270844 2.0
2095 270906 2.0
2096 271013 2.0
2097 271104 2.0
2098 271192 2.0
2099 271276 2.0
2100 271372 2.0
2101 271493 2.0
2102 271620 2.0
2103 271708 2.0
2104 271804 2.0
2105 271875 2.0
2106 271970 2.0
2107 272079 2.0
2108 272178 2.0
2109 272245 2.0
2110 272321 2.0
2111 272401 2.0
2112 272484 2.0
2113 272578 2.0
2114 272653 2.0
2115 272719 2.0
2116 272811 2.0
2117 272884 2.0
2118 272972 2.0
2119 273047 2.0
2120 273128 2.0
2121 273282 2.0
2122 273356 2.0
2123 273433 2.0
2124 273518 2.0
2125 273604 2.0
2126 273671 2.0
2127 273783 2.0
2128 273843 2.0
2129 273957 2.0
2130 274060 2.0
2131 274159 2.0
2132 274249 2.0
2133 274357 2.0
2134 274504 2.0
2135 274580 2.0
2136 274673 2.0
2137 274774 2.0
2138 274865 2.0
2139 274967 2.0
2140 275057 2.0
2141 275133 2.0
2142 275237 2.0
2143 275312 2.0
2144 275388 2.0
2145 275518 2.0
2146 275582 2.0
2147 275660 2.0
2148 275747 2.0
2149 275834 2.0
2150 275937 2.0
2151 276109 2.0
2152 276201 2.0
2153 276284 2.0
2154 276377 2.0
2155 276438 2.0
2156 276530 2.0
2157 276622 2.0
2158 276696 2.0
2159 276774 2.0
2160 276892 2.0
2161 276971 2.0
2162 277050 2.0
2163 277146 2.0
2164 277260 2.0
2165 277336 2.0
2166 277409 2.0
2167 277511 2.0
2168 277702 2.0
2169 277789 2.0
2170 277864 2.0
2171 277952 2.0
2172 278030 2.0
2173 278188 2.0
2174 278268 2.0
2175 278349 2.0
2176 278424 2.0
2177 278517 2.0
2178 278611 2.0
2179 278720 2.0
2180 278826 2.0
2181 278930 2.0
2182 279067 2.0
2183 279146 2.0
2184 279246 2.0
2185 279311 2.0
2186 279445 2.0
2187 279604 2.0
2188 279705 2.0
2189 279817 2.0
2190 279905 2.0
2191 279977 2.0
2192 280080 2.0
2193 280194 2.0
2194 280274 2.0
2195 280362 2.0
2196 280441 2.0
2197 280523 2.0
2198 280614 2.0
2199 280801 2.0
2200 280893 2.0
2201 281036 2.0
2202 281136 2.0
2203 281237 2.0
2204 281321 2.0
2205 281389 2.0
2206 281495 2.0
2207 281578 2.0
2208 281660 2.0
2209 281748 2.0
2210 281856 2.0
2211 281964 2.0
2212 282051 2.0
2213 282176 2.0
2214 282282 2.0
2215 282344 2.0
2216 282433 2.0
2217 282570 2.0
2218 282666 2.0
2219 282806 2.0
2220 282905 2.0
2221 282966 2.0
2222 283049 2.0
2223 283140 2.0
2224 283261 2.0
2225 283384 2.0
2226 283464 2.0
2227 283604 2.0
2228 283683 2.0
2229 283777 2.0
2230 283860 2.0
2231 283942 2.0
2232 284042 2.0
2233 284116 2.0
2234 284196 2.0
2235 284287 2.0
2236 284399 2.0
2237 284477 2.0
2238 284560 2.0
2239 284637 2.0
2240 284780 2.0
2241 284865 2.0
2242 284960 2.0
2243 285035 2.0
2244 285124 2.0
2245 285208 2.0
2246 285344 2.0
2247 285419 2.0
2248 285512 2.0
2249 285587 2.0
2250 285691 2.0
2251 285801 2.0
2252 285881 2.0
2253 286017 2.0
2254 286098 2.0
2255 286256 2.0
2256 286368 2.0
2257 286444 2.0
2258 286514 2.0
2259 286597 2.0
2260 286663 2.0
2261 286750 2.0
2262 286853 2.0
2263 286933 2.0
2264 286990 2.0
2265 287058 2.0
2266 287153 2.0
2267 287244 2.0
2268 287329 2.0
2269 287404 2.0
2270 287478 2.0
2271 287550 2.0
2272 287643 2.0
2273 287722 2.0
2274 287805 2.0
2275 287879 2.0
2276 287982 2.0
2277 288049 2.0
2278 288139 2.0
2279 288231 2.0
2280 288304 2.0
2281 288383 2.0
2282 288474 2.0
2283 288575 2.0
2284 288674 2.0
2285 288748 2.0
2286 288832 2.0
2287 288915 2.0
2288 289039 2.0
2289 289138 2.0
2290 289245 2.0
2291 289336 2.0
2292 289412 2.0
2293 289492 2.0
2294 289575 2.0
2295 289657 2.0
2296 289749 2.0
2297 289852 2.0
2298 289923 2.0
2299 289992 2.0
2300 290059 2.0
2301 290130 2.0
2302 290212 2.0
2303 290320 2.0
2304 290439 2.0
2305 290518 2.0
2306 290585 2.0
2307 290683 2.0
2308 290754 2.0
2309 290833 2.0
2310 290934 2.0
2311 291029 2.0
2312 291175 2.0
2313 291280 2.0
2314 291359 2.0
2315 291450 2.0
2316 291564 2.0
2317 291665 2.0
2318 291735 2.0
2319 291824 2.0
2320 291904 2.0
2321 291990 2.0
2322 292068 2.0
2323 292156 2.0
2324 292282 2.0
2325 292356 2.0
2326 292443 2.0
2327 292523 2.0
2328 292621 2.0
2329 292715 2.0
2330 292822 2.0
2331 292943 2.0
2332 293001 2.0
2333 293114 2.0
2334 293215 2.0
2335 293302 2.0
2336 293373 2.0
2337 293478 2.0
2338 293563 2.0
2339 293640 2.0
2340 293710 2.0
2341 293823 2.0
2342 293892 2.0
2343 293994 2.0
2344 294070 2.0
2345 294148 2.0
2346 294241 2.0
2347 294356 2.0
2348 294443 2.0
2349 294522 2.0
2350 294682 2.0
2351 294744 2.0
2352 294820 2.0
2353 294904 2.0
2354 294977 2.0
2355 295056 2.0
2356 295166 2.0
2357 295266 2.0
2358 295339 2.0
2359 295416 2.0
2360 295518 2.0
2361 295610 2.0
2362 295704 2.0
2363 295818 2.0
2364 295939 2.0
2365 296029 2.0
2366 296110 2.0
2367 296194 2.0
2368 296305 2.0
2369 296380 2.0
2370 296461 2.0
2371 296542 2.0
2372 296625 2.0
2373 296696 2.0
2374 296806 2.0
2375 296913 2.0
2376 296980 2.0
2377 297068 2.0
2378 297189 2.0
2379 297267 2.0
2380 297372 2.0
2381 297480 2.0
2382 297566 2.0
2383 297645 2.0
2384 297714 2.0
2385 297778 2.0
2386 297880 2.0
2387 297968 2.0
2388 298036 2.0
2389 298131 2.0
2390 298225 2.0
2391 298303 2.0
2392 298377 2.0
2393 298466 2.0
2394 298596 2.0
2395 298686 2.0
2396 298777 2.0
2397 298845 2.0
2398 298914 2.0
2399 299012 2.0
2400 299093 2.0
2401 299176 2.0
2402 299242 2.0
2403 299395 2.0
2404 299484 2.0
2405 299574 2.0
2406 299647 2.0
2407 299732 2.0
2408 299821 2.0
2409 299984 2.0
2410 300044 2.0
2411 300150 2.0
2412 300237 2.0
2413 300309 2.0
2414 300399 2.0
2415 300481 2.0
2416 300563 2.0
2417 300680 2.0
2418 300763 2.0
2419 300859 2.0
2420 300988 2.0
2421 301081 2.0
2422 301183 2.0
2423 301270 2.0
2424 301342 2.0
2425 301428 2.0
2426 301499 2.0
2427 301572 2.0
2428 301655 2.0
2429 301765 2.0
2430 301876 2.0
2431 301935 2.0
2432 302049 2.0
2433 302173 2.0
2434 302257 2.0
2435 302345 2.0
2436 302421 2.0
2437 302484 2.0
2438 302561 2.0
2439 302689 2.0
2440 302777 2.0
2441 302857 2.0
2442 302937 2.0
2443 303021 2.0
2444 303109 2.0
2445 303182 2.0
2446 303359 2.0
2447 303459 2.0
2448 303536 2.0
2449 303608 2.0
2450 303679 2.0
2451 303759 2.0
2452 303867 2.0
2453 304011 2.0
2454 304128 2.0
2455 304195 2.0
2456 304295 2.0
2457 304378 2.0
2458 304475 2.0
2459 304596 2.0
2460 304694 2.0
2461 304774 2.0
2462 304872 2.0
2463 304943 2.0
2464 305016 2.0
2465 305173 2.0
2466 305264 2.0
2467 305352 2.0
2468 305412 2.0
2469 305513 2.0
2470 305638 2.0
2471 305708 2.0
2472 305807 2.0
2473 305922 2.0
2474 305996 2.0
2475 306089 2.0
2476 306162 2.0
2477 306240 2.0
2478 306320 2.0
2479 306430 2.0
2480 306515 2.0
2481 306627 2.0
2482 306702 2.0
2483 306814 2.0
2484 306884 2.0
2485 306944 2.0
2486 307037 2.0
2487 307160 2.0
2488 307246 2.0
2489 307313 2.0
2490 307404 2.0
2491 307477 2.0
2492 307560 2.0
2493 307636 2.0
2494 307692 2.0
2495 307800 2.0
2496 307891 2.0
2497 307962 2.0
2498 308059 2.0
2499 308136 2.0
2500 308243 2.0
2501 308335 2.0
2502 308424 2.0
2503 308521 2.0
2504 308612 2.0
2505 308695 2.0
2506 308777 2.0
2507 308873 2.0
2508 309026 2.0
2509 309100 2.0
2510 309173 2.0
2511 309298 2.0
2512 309368 2.0
2513 309443 2.0
2514 309514 2.0
2515 309605 2.0
2516 309676 2.0
2517 309795 2.0
2518 309864 2.0
2519 309969 2.0
2520 310044 2.0
2521 310136 2.0
2522 310271 2.0
2523 310364 2.0
2524 310434 2.0
2525 310508 2.0
2526 310566 2.0
2527 310642 2.0
2528 310763 2.0
2529 310845 2.0
2530 310957 2.0
2531 311039 2.0
2532 311113 2.0
2533 311198 2.0
2534 311269 2.0
2535 311405 2.0
2536 311458 2.0
2537 311540 2.0
2538 311628 2.0
2539 311710 2.0
2540 311792 2.0
2541 311857 2.0
2542 311932 2.0
2543 312035 2.0
2544 312138 2.0
2545 312241 2.0
2546 312334 2.0
2547 312427 2.0
2548 312496 2.0
2549 312581 2.0
2550 312670 2.0
2551 312742 2.0
2552 312803 2.0
2553 312867 2.0
2554 312931 2.0
2555 313012 2.0
2556 313111 2.0
2557 313176 2.0
2558 313275 2.0
2559 313386 2.0
2560 313469 2.0
2561 313550 2.0
2562 313629 2.0
2563 313725 2.0
2564 313817 2.0
2565 313909 2.0
2566 313999 2.0
2567 314094 2.0
2568 314168 2.0
2569 314267 2.0
2570 314343 2.0
2571 314440 2.0
2572 314545 2.0
2573 314646 2.0
2574 314734 2.0
2575 314809 2.0
2576 314876 2.0
2577 314940 2.0
2578 315004 2.0
2579 315079 2.0
2580 315146 2.0
2581 315220 2.0
2582 315309 2.0
2583 315377 2.0
2584 315494 2.0
2585 315631 2.0
2586 315725 2.0
2587 315790 2.0
2588 315877 2.0
2589 315954 2.0
2590 316021 2.0
2591 316124 2.0
2592 316214 2.0
2593 316276 2.0
2594 316337 2.0
2595 316413 2.0
2596 316488 2.0
2597 316554 2.0
2598 316637 2.0
2599 316714 2.0
2600 316785 2.0
2601 316916 2.0
2602 316988 2.0
2603 317084 2.0
2604 317178 2.0
2605 317251 2.0
2606 317332 2.0
2607 317409 2.0
2608 317493 2.0
2609 317568 2.0
2610 317654 2.0
2611 317731 2.0
2612 317812 2.0
2613 317895 2.0
2614 317967 2.0
2615 318039 2.0
2616 318116 2.0
2617 318213 2.0
2618 318321 2.0
2619 318461 2.0
2620 318552 2.0
2621 318636 2.0
2622 318708 2.0
2623 318795 2.0
2624 318864 2.0
2625 318973 2.0
2626 319059 2.0
2627 319121 2.0
2628 319190 2.0
2629 319276 2.0
2630 319357 2.0
2631 319426 2.0
2632 319602 2.0
2633 319698 2.0
2634 319777 2.0
2635 319863 2.0
2636 319973 2.0
2637 320060 2.0
2638 320128 2.0
2639 320233 2.0
2640 320304 2.0
2641 320410 2.0
2642 320484 2.0
2643 320572 2.0
2644 320656 2.0
2645 320743 2.0
2646 320828 2.0
2647 320925 2.0
2648 321030 2.0
2649 321108 2.0
2650 321197 2.0
2651 321299 2.0
2652 321380 2.0
2653 321461 2.0
2654 321542 2.0
2655 321670 2.0
2656 321795 2.0
2657 321912 2.0
2658 322000 2.0
2659 322069 2.0
2660 322176 2.0
2661 322279 2.0
2662 322370 2.0
2663 322452 2.0
2664 322531 2.0
2665 322600 2.0
2666 322673 2.0
2667 322779 2.0
2668 322911 2.0
2669 323035 2.0
2670 323119 2.0
2671 323187 2.0
2672 323266 2.0
2673 323342 2.0
2674 323419 2.0
2675 323553 2.0
2676 323639 2.0
2677 323709 2.0
2678 323820 2.0
2679 323892 2.0
2680 323968 2.0
2681 324067 2.0
2682 324153 2.0
2683 324222 2.0
2684 324359 2.0
2685 324432 2.0
2686 324501 2.0
2687 324576 2.0
2688 324653 2.0
2689 324738 2.0
2690 324801 2.0
2691 324886 2.0
2692 324995 2.0
2693 325061 2.0
2694 325126 2.0
2695 325202 2.0
2696 325309 2.0
2697 325433 2.0
2698 325512 2.0
2699 325625 2.0
2700 325680 2.0
2701 325760 2.0
2702 325838 2.0
2703 325925 2.0
2704 326002 2.0
2705 326087 2.0
2706 326193 2.0
2707 326277 2.0
2708 326417 2.0
2709 326486 2.0
2710 326572 2.0
2711 326655 2.0
2712 326757 2.0
2713 326829 2.0
2714 326904 2.0
2715 326994 2.0
2716 327114 2.0
2717 327199 2.0
2718 327267 2.0
2719 327347 2.0
2720 327440 2.0
2721 327609 2.0
2722 327712 2.0
2723 327836 2.0
2724 327944 2.0
2725 328049 2.0
2726 328172 2.0
2727 328280 2.0
2728 328361 2.0
2729 328454 2.0
2730 328517 2.0
2731 328590 2.0
2732 328659 2.0
2733 328738 2.0
2734 328799 2.0
2735 328896 2.0
2736 328969 2.0
2737 329160 2.0
2738 329247 2.0
2739 329329 2.0
2740 329442 2.0
2741 329517 2.0
2742 329702 2.0
2743 329767 2.0
2744 329842 2.0
2745 329955 2.0
2746 330033 2.0
2747 330127 2.0
2748 330208 2.0
2749 330287 2.0
2750 330375 2.0
2751 330472 2.0
2752 330553 2.0
2753 330649 2.0
2754 330738 2.0
2755 330809 2.0
2756 330884 2.0
2757 330955 2.0
2758 331037 2.0
2759 331111 2.0
2760 331209 2.0
2761 331281 2.0
2762 331435 2.0
2763 331551 2.0
2764 331658 2.0
2765 331731 2.0
2766 331831 2.0
2767 331941 2.0
2768 332007 2.0
2769 332073 2.0
2770 332156 2.0
2771 332271 2.0
2772 332372 2.0
2773 332468 2.0
2774 332624 2.0
2775 332696 2.0
2776 332777 2.0
2777 332925 2.0
2778 333017 2.0
2779 333083 2.0
2780 333150 2.0
2781 333217 2.0
2782 333300 2.0
2783 333388 2.0
2784 333464 2.0
2785 333557 2.0
2786 333629 2.0
2787 333728 2.0
2788 333795 2.0
2789 333861 2.0
2790 333928 2.0
2791 334037 2.0
2792 334116 2.0
2793 334192 2.0
2794 334291 2.0
2795 334363 2.0
2796 334440 2.0
2797 334537 2.0
2798 334604 2.0
2799 334692 2.0
2800 334782 2.0
2801 334858 2.0
2802 334946 2.0
2803 335031 2.0
2804 335115 2.0
2805 335215 2.0
2806 335301 2.0
2807 335371 2.0
2808 335453 2.0
2809 335541 2.0
2810 335627 2.0
2811 335738 2.0
2812 335845 2.0
2813 335912 2.0
2814 335971 2.0
2815 336052 2.0
2816 336134 2.0
2817 336218 2.0
2818 336321 2.0
2819 336404 2.0
2820 336481 2.0
2821 336563 2.0
2822 336648 2.0
2823 336706 2.0
2824 336806 2.0
2825 336885 2.0
2826 336945 2.0
2827 337037 2.0
2828 337114 2.0
2829 337202 2.0
2830 337326 2.0
2831 337413 2.0
2832 337544 2.0
2833 337649 2.0
2834 337721 2.0
2835 337817 2.0
2836 337899 2.0
2837 337975 2.0
2838 338065 2.0
2839 338143 2.0
2840 338234 2.0
2841 338319 2.0
2842 338390 2.0
2843 338508 2.0
2844 338620 2.0
2845 338698 2.0
2846 338781 2.0
2847 338874 2.0
2848 338956 2.0
2849 339047 2.0
2850 339159 2.0
2851 339231 2.0
2852 339309 2.0
2853 339391 2.0
2854 339467 2.0
2855 339567 2.0
2856 339621 2.0
2857 339688 2.0
2858 339808 2.0
2859 339963 2.0
2860 340063 2.0
2861 340129 2.0
2862 340200 2.0
2863 340305 2.0
2864 340384 2.0
2865 340470 2.0
2866 340562 2.0
2867 340700 2.0
2868 340758 2.0
2869 340828 2.0
2870 340920 2.0
2871 341006 2.0
2872 341080 2.0
2873 341161 2.0
2874 341238 2.0
2875 341339 2.0
2876 341404 2.0
2877 341483 2.0
2878 341577 2.0
2879 341650 2.0
2880 341737 2.0
2881 341821 2.0
2882 341900 2.0
2883 341965 2.0
2884 342049 2.0
2885 342131 2.0
2886 342205 2.0
2887 342275 2.0
2888 342365 2.0
2889 342438 2.0
2890 342510 2.0
2891 342584 2.0
2892 342694 2.0
2893 342770 2.0
2894 342851 2.0
2895 342929 2.0
2896 343030 2.0
2897 343125 2.0
2898 343191 2.0
2899 343251 2.0
2900 343347 2.0
2901 343410 2.0
2902 343535 2.0
2903 343604 2.0
2904 343693 2.0
2905 343790 2.0
2906 343891 2.0
2907 343999 2.0
2908 344089 2.0
2909 344185 2.0
2910 344273 2.0
2911 344366 2.0
2912 344454 2.0
2913 344520 2.0
2914 344604 2.0
2915 344681 2.0
2916 344766 2.0
2917 344837 2.0
2918 344907 2.0
2919 345002 2.0
2920 345080 2.0
2921 345158 2.0
2922 345229 2.0
2923 345309 2.0
2924 345388 2.0
2925 345473 2.0
2926 345598 2.0
2927 345674 2.0
2928 345773 2.0
2929 345840 2.0
2930 345925 2.0
2931 345994 2.0
2932 346062 2.0
2933 346169 2.0
2934 346249 2.0
2935 346338 2.0
2936 346434 2.0
2937 346529 2.0
2938 346616 2.0
2939 346687 2.0
2940 346773 2.0
2941 346872 2.0
2942 346948 2.0
2943 347029 2.0
2944 347129 2.0
2945 347211 2.0
2946 347291 2.0
2947 347354 2.0
2948 347444 2.0
2949 347503 2.0
2950 347613 2.0
2951 347676 2.0
2952 347774 2.0
2953 347854 2.0
2954 347922 2.0
2955 348011 2.0
2956 348108 2.0
2957 348186 2.0
2958 348277 2.0
2959 348336 2.0
2960 348407 2.0
2961 348491 2.0
2962 348589 2.0
2963 348673 2.0
2964 348752 2.0
2965 348846 2.0
2966 348944 2.0
2967 349068 2.0
2968 349154 2.0
2969 349250 2.0
2970 349346 2.0
2971 349426 2.0
2972 349523 2.0
2973 349614 2.0
2974 349717 2.0
2975 349781 2.0
2976 349864 2.0
2977 349941 2.0
2978 350025 2.0
2979 350120 2.0
2980 350211 2.0
2981 350274 2.0
2982 350344 2.0
2983 350405 2.0
2984 350484 2.0
2985 350589 2.0
2986 350689 2.0
2987 350765 2.0
2988 350847 2.0
2989 350928 2.0
2990 351034 2.0
2991 351130 2.0
2992 351235 2.0
2993 351301 2.0
2994 351355 2.0
2995 351432 2.0
2996 351532 2.0
2997 351620 2.0
2998 351692 2.0
2999 351784 2.0
3000 351858 2.0
3001 351948 2.0
3002 352022 2.0
3003 352100 2.0
3004 352179 2.0
3005 352260 2.0
3006 352324 2.0
3007 352409 2.0
3008 352474 2.0
3009 352572 2.0
3010 352657 2.0
3011 352786 2.0
3012 352848 2.0
3013 352919 2.0
3014 353066 2.0
3015 353148 2.0
3016 353214 2.0
3017 353292 2.0
3018 353381 2.0
3019 353454 2.0
3020 353518 2.0
3021 353612 2.0
3022 353690 2.0
3023 353783 2.0
3024 353860 2.0
3025 353925 2.0
3026 354002 2.0
3027 354077 2.0
3028 354147 2.0
3029 354281 2.0
3030 354360 2.0
3031 354432 2.0
3032 354534 2.0
3033 354611 2.0
3034 354671 2.0
3035 354748 2.0
3036 354845 2.0
3037 354960 2.0
3038 355052 2.0
3039 355134 2.0
3040 355194 2.0
3041 355288 2.0
3042 355345 2.0
3043 355421 2.0
3044 355522 2.0
3045 355581 2.0
3046 355654 2.0
3047 355723 2.0
3048 355842 2.0
3049 355920 2.0
3050 355987 2.0
3051 356083 2.0
3052 356193 2.0
3053 356271 2.0
3054 356356 2.0
3055 356446 2.0
3056 356634 2.0
3057 356732 2.0
3058 356800 2.0
3059 356859 2.0
3060 356932 2.0
3061 357009 2.0
3062 357115 2.0
3063 357182 2.0
3064 357240 2.0
3065 357376 2.0
3066 357444 2.0
3067 357541 2.0
3068 357606 2.0
3069 357752 2.0
3070 357830 2.0
3071 357919 2.0
3072 358011 2.0
3073 358070 2.0
3074 358184 2.0
3075 358276 2.0
3076 358339 2.0
3077 358417 2.0
3078 358483 2.0
3079 358551 2.0
3080 358625 2.0
3081 358690 2.0
3082 358771 2.0
3083 358854 2.0
3084 358942 2.0
3085 359021 2.0
3086 359097 2.0
3087 359170 2.0
3088 359242 2.0
3089 359336 2.0
3090 359428 2.0
3091 359509 2.0
3092 359593 2.0
3093 359658 2.0
3094 359729 2.0
3095 359823 2.0
3096 359891 2.0
3097 359971 2.0
3098 360062 2.0
3099 360182 2.0
3100 360261 2.0
3101 360324 2.0
3102 360381 2.0
3103 360467 2.0
3104 360536 2.0
3105 360612 2.0
3106 360689 2.0
3107 360781 2.0
3108 360867 2.0
3109 360943 2.0
3110 361030 2.0
3111 361122 2.0
3112 361182 2.0
3113 361284 2.0
3114 361360 2.0
3115 361438 2.0
3116 361535 2.0
3117 361630 2.0
3118 361724 2.0
3119 361805 2.0
3120 361870 2.0
3121 361940 2.0
3122 362032 2.0
3123 362114 2.0
3124 362248 2.0
3125 362337 2.0
3126 362415 2.0
3127 362531 2.0
3128 362619 2.0
3129 362699 2.0
3130 362766 2.0
3131 362902 2.0
3132 362972 2.0
3133 363083 2.0
3134 363182 2.0
3135 363253 2.0
3136 363315 2.0
3137 363392 2.0
3138 363462 2.0
3139 363558 2.0
3140 363641 2.0
3141 363726 2.0
3142 363784 2.0
3143 363904 2.0
3144 363990 2.0
3145 364073 2.0
3146 364150 2.0
3147 364215 2.0
3148 364295 2.0
3149 364381 2.0
3150 364477 2.0
3151 364552 2.0
3152 364622 2.0
3153 364697 2.0
3154 364772 2.0
3155 364869 2.0
3156 364982 2.0
3157 365052 2.0
3158 365118 2.0
3159 365203 2.0
3160 365293 2.0
3161 365374 2.0
3162 365454 2.0
3163 365519 2.0
3164 365600 2.0
3165 365681 2.0
3166 365769 2.0
3167 365858 2.0
3168 365917 2.0
3169 366028 2.0
3170 366125 2.0
3171 366208 2.0
3172 366288 2.0
3173 366364 2.0
3174 366455 2.0
3175 366532 2.0
3176 366615 2.0
3177 366681 2.0
3178 366831 2.0
3179 366918 2.0
3180 366991 2.0
3181 367066 2.0
3182 367140 2.0
3183 367215 2.0
3184 367286 2.0
3185 367385 2.0
3186 367473 2.0
3187 367551 2.0
3188 367631 2.0
3189 367724 2.0
3190 367787 2.0
3191 367868 2.0
3192 367935 2.0
3193 368026 2.0
3194 368170 2.0
3195 368238 2.0
3196 368316 2.0
3197 368386 2.0
3198 368487 2.0
3199 368565 2.0
3200 368657 2.0
3201 368732 2.0
3202 368814 2.0
3203 368891 2.0
3204 368965 2.0
3205 369070 2.0
3206 369157 2.0
3207 369222 2.0
3208 369293 2.0
3209 369394 2.0
3210 369468 2.0
3211 369574 2.0
3212 369687 2.0
3213 369782 2.0
3214 369871 2.0
3215 369949 2.0
3216 370013 2.0
3217 370080 2.0
3218 370251 2.0
3219 370349 2.0
3220 370440 2.0
3221 370513 2.0
3222 370586 2.0
3223 370712 2.0
3224 370781 2.0
3225 370860 2.0
3226 370938 2.0
3227 371020 2.0
3228 371312 2.0
3229 371375 2.0
3230 371452 2.0
3231 371512 2.0
3232 371592 2.0
3233 371673 2.0
3234 371757 2.0
3235 371839 2.0
3236 371927 2.0
3237 371999 2.0
3238 372083 2.0
3239 372180 2.0
3240 372270 2.0
3241 372350 2.0
3242 372418 2.0
3243 372485 2.0
3244 372571 2.0
3245 372665 2.0
3246 372745 2.0
3247 372812 2.0
3248 372882 2.0
3249 372977 2.0
3250 373060 2.0
3251 373186 2.0
3252 373251 2.0
3253 373357 2.0
3254 373467 2.0
3255 373560 2.0
3256 373636 2.0
3257 373720 2.0
3258 373822 2.0
3259 373885 2.0
3260 373964 2.0
3261 374053 2.0
3262 374142 2.0
3263 374233 2.0
3264 374308 2.0
3265 374375 2.0
3266 374452 2.0
3267 374581 2.0
3268 374644 2.0
3269 374733 2.0
3270 374828 2.0
3271 374885 2.0
3272 374975 2.0
3273 375103 2.0
3274 375184 2.0
3275 375258 2.0
3276 375344 2.0
3277 375433 2.0
3278 375490 2.0
3279 375550 2.0
3280 375621 2.0
3281 375760 2.0
3282 375841 2.0
3283 375915 2.0
3284 375994 2.0
3285 376070 2.0
3286 376162 2.0
3287 376265 2.0
3288 376352 2.0
3289 376445 2.0
3290 376546 2.0
3291 376638 2.0
3292 376728 2.0
3293 376820 2.0
3294 376891 2.0
3295 376979 2.0
3296 377071 2.0
3297 377159 2.0
3298 377264 2.0
3299 377360 2.0
3300 377429 2.0
3301 377596 2.0
3302 377675 2.0
3303 377774 2.0
3304 377853 2.0
3305 377943 2.0
3306 378020 2.0
3307 378083 2.0
3308 378151 2.0
3309 378226 2.0
3310 378302 2.0
3311 378400 2.0
3312 378485 2.0
3313 378576 2.0
3314 378697 2.0
3315 378775 2.0
3316 378845 2.0
3317 378947 2.0
3318 379026 2.0
3319 379131 2.0
3320 379207 2.0
3321 379283 2.0
3322 379351 2.0
3323 379445 2.0
3324 379531 2.0
3325 379612 2.0
3326 379672 2.0
3327 379759 2.0
3328 379887 2.0
3329 379987 2.0
3330 380051 2.0
3331 380139 2.0
3332 380223 2.0
3333 380311 2.0
3334 380394 2.0
3335 380502 2.0
3336 380573 2.0
3337 380667 2.0
3338 380732 2.0
3339 380812 2.0
3340 380890 2.0
3341 380955 2.0
3342 381022 2.0
3343 381088 2.0
3344 381187 2.0
3345 381262 2.0
3346 381330 2.0
3347 381395 2.0
3348 381470 2.0
3349 381554 2.0
3350 381649 2.0
3351 381726 2.0
3352 381798 2.0
3353 381876 2.0
3354 381965 2.0
3355 382060 2.0
3356 382140 2.0
3357 382215 2.0
3358 382283 2.0
3359 382382 2.0
3360 382472 2.0
3361 382548 2.0
3362 382670 2.0
3363 382759 2.0
3364 382850 2.0
3365 382919 2.0
3366 383037 2.0
3367 383114 2.0
3368 383205 2.0
3369 383271 2.0
3370 383418 2.0
3371 383505 2.0
3372 383594 2.0
3373 383684 2.0
3374 383795 2.0
3375 383941 2.0
3376 384048 2.0
3377 384126 2.0
3378 384215 2.0
3379 384295 2.0
3380 384360 2.0
3381 384432 2.0
3382 384526 2.0
3383 384632 2.0
3384 384728 2.0
3385 384800 2.0
3386 384874 2.0
3387 384943 2.0
3388 385020 2.0
3389 385086 2.0
3390 385177 2.0
3391 385263 2.0
3392 385337 2.0
3393 385435 2.0
3394 385539 2.0
3395 385605 2.0
3396 385694 2.0
3397 385775 2.0
3398 385857 2.0
3399 385938 2.0
3400 386008 2.0
3401 386089 2.0
3402 386184 2.0
3403 386302 2.0
3404 386392 2.0
3405 386469 2.0
3406 386536 2.0
3407 386640 2.0
3408 386710 2.0
3409 386864 2.0
3410 386930 2.0
3411 386995 2.0
3412 387065 2.0
3413 387162 2.0
3414 387226 2.0
3415 387315 2.0
3416 387382 2.0
3417 387460 2.0
3418 387535 2.0
3419 387610 2.0
3420 387696 2.0
3421 387786 2.0
3422 387850 2.0
3423 387930 2.0
3424 388005 2.0
3425 388074 2.0
3426 388157 2.0
3427 388218 2.0
3428 388303 2.0
3429 388402 2.0
3430 388471 2.0
3431 388568 2.0
3432 388660 2.0
3433 388755 2.0
3434 388835 2.0
3435 388944 2.0
3436 389014 2.0
3437 389093 2.0
3438 389204 2.0
3439 389284 2.0
3440 389344 2.0
3441 389425 2.0
3442 389505 2.0
3443 389596 2.0
3444 389677 2.0
3445 389754 2.0
3446 389820 2.0
3447 389912 2.0
3448 389978 2.0
3449 390060 2.0
3450 390137 2.0
3451 390216 2.0
3452 390295 2.0
3453 390352 2.0
3454 390429 2.0
3455 390492 2.0
3456 390588 2.0
3457 390660 2.0
3458 390743 2.0
3459 390831 2.0
3460 390905 2.0
3461 391023 2.0
3462 391091 2.0
3463 391176 2.0
3464 391258 2.0
3465 391339 2.0
3466 391418 2.0
3467 391541 2.0
3468 391629 2.0
3469 391741 2.0
3470 391823 2.0
3471 391892 2.0
3472 391956 2.0
3473 392017 2.0
3474 392088 2.0
3475 392153 2.0
