1 300 0.39000000000000007
2 600 0.4000000000000001
3 900 0.41000000000000003
4 1200 0.42000000000000004
5 1500 0.43000000000000005
6 1800 0.44
7 2100 0.45
8 2400 0.4700000000000001
9 2700 0.4800000000000001
10 3000 0.49000000000000005
11 3300 0.5
12 3600 0.51
13 3900 0.52
14 4200 0.53
15 4500 0.54
16 4800 0.55
17 5100 0.56
18 5400 0.56
19 5700 0.5700000000000001
20 6000 0.5800000000000001
21 6300 0.5900000000000001
22 6600 0.6000000000000001
23 6900 0.6100000000000001
24 7200 0.6200000000000001
25 7500 0.6300000000000001
26 7800 0.6400000000000001
27 8100 0.6500000000000001
28 8400 0.66
29 8700 0.67
30 9000 0.6700000000000002
31 9300 0.68
32 9600 0.69
33 9900 0.7000000000000001
34 10200 0.7100000000000001
35 10500 0.72
36 10800 0.73
37 11100 0.74
38 11400 0.75
39 11700 0.76
40 12000 0.77
41 12300 0.78
42 12600 0.79
43 12900 0.8
44 13200 0.8
45 13500 0.81
46 13800 0.81
47 14100 0.8300000000000001
48 14400 0.8400000000000001
49 14700 0.8500000000000001
50 15000 0.8600000000000001
51 15300 0.8600000000000001
52 15600 0.8600000000000001
53 15900 0.8700000000000001
54 16200 0.8900000000000001
55 16500 0.9000000000000001
56 16800 0.9100000000000001
57 17100 0.9100000000000001
58 17400 0.9100000000000001
59 17700 0.9200000000000002
60 18000 0.9300000000000002
61 18300 0.9300000000000002
62 18600 0.9400000000000002
63 18900 0.9400000000000002
64 19200 0.9500000000000002
65 19500 0.9600000000000002
66 19800 0.9600000000000002
67 20100 0.9700000000000002
68 20400 0.9700000000000002
69 20700 0.9700000000000001
70 21000 0.9800000000000001
71 21300 0.9900000000000002
72 21600 1.0
73 21900 1.0
74 22200 1.0
75 22500 1.01
76 22800 1.01
77 23100 1.01
78 23400 1.01
79 23700 1.01
80 24000 1.01
81 24300 1.01
82 24600 1.01
83 24900 1.01
84 25200 1.01
85 25500 1.01
86 25800 1.01
87 26100 1.02
88 26400 1.02
89 26700 1.02
90 27000 1.02
91 27300 1.02
92 27600 1.01
93 27900 1.02
94 28200 1.02
95 28500 1.02
96 28800 1.02
97 29100 1.02
98 29400 1.03
99 29700 1.03
100 30000 1.03
101 30300 1.03
102 30600 1.03
103 30900 1.03
104 31200 1.03
105 31500 1.03
106 31800 1.03
107 32100 1.03
108 32400 1.02
109 32700 1.02
110 33000 1.02
111 33300 1.02
112 33600 1.02
113 33900 1.02
114 34200 1.02
115 34500 1.02
116 34800 1.02
117 35100 1.02
118 35400 1.03
119 35700 1.03
120 36000 1.03
121 36300 1.03
122 36600 1.03
123 36900 1.03
124 37200 1.03
125 37500 1.03
126 37800 1.03
127 38100 1.03
128 38400 1.03
129 38700 1.03
130 39000 1.03
131 39300 1.03
132 39600 1.03
133 39900 1.03
134 40200 1.03
135 40500 1.03
136 40800 1.03
137 41100 1.03
138 41400 1.03
139 41700 1.03
140 42000 1.03
141 42300 1.03
142 42600 1.03
143 42900 1.03
144 43200 1.03
145 43500 1.03
146 43800 1.04
147 44100 1.03
148 44400 1.03
149 44700 1.03
150 45000 1.03
151 45300 1.03
152 45600 1.03
153 45900 1.03
154 46200 1.02
155 46500 1.02
156 46800 1.02
157 47100 1.02
158 47400 1.02
159 47700 1.02
160 48000 1.02
161 48300 1.02
162 48600 1.02
163 48900 1.02
164 49200 1.02
165 49500 1.02
166 49800 1.02
167 50100 1.02
168 50400 1.02
169 50700 1.02
170 51000 1.02
171 51300 1.02
172 51600 1.02
173 51900 1.02
174 52200 1.02
175 52500 1.02
176 52800 1.02
177 53100 1.02
178 53400 1.02
179 53700 1.02
180 54000 1.02
181 54300 1.02
182 54600 1.03
183 54900 1.03
184 55200 1.03
185 55500 1.03
186 55800 1.03
187 56100 1.03
188 56400 1.03
189 56700 1.03
190 57000 1.03
191 57300 1.03
192 57600 1.03
193 57900 1.03
194 58200 1.03
195 58500 1.03
196 58800 1.03
197 59100 1.03
198 59400 1.02
199 59700 1.02
200 60000 1.02
201 60300 1.02
202 60600 1.02
203 60900 1.02
204 61200 1.02
205 61500 1.02
206 61800 1.02
207 62100 1.02
208 62400 1.02
209 62700 1.02
210 63000 1.02
211 63300 1.02
212 63600 1.02
213 63900 1.04
214 64200 1.04
215 64500 1.04
216 64800 1.04
217 65100 1.04
218 65400 1.04
219 65700 1.04
220 66000 1.04
221 66300 1.04
222 66600 1.04
223 66900 1.04
224 67200 1.04
225 67500 1.04
226 67800 1.04
227 68100 1.04
228 68400 1.05
229 68700 1.05
230 69000 1.05
231 69300 1.05
232 69600 1.05
233 69900 1.05
234 70200 1.05
235 70500 1.05
236 70800 1.06
237 71100 1.06
238 71400 1.06
239 71700 1.06
240 72000 1.06
241 72300 1.06
242 72600 1.06
243 72900 1.06
244 73200 1.06
245 73500 1.06
246 73800 1.05
247 74100 1.05
248 74400 1.05
249 74700 1.05
250 75000 1.05
251 75300 1.05
252 75600 1.05
253 75900 1.05
254 76200 1.05
255 76500 1.05
256 76800 1.05
257 77100 1.05
258 77400 1.05
259 77700 1.05
260 78000 1.05
261 78300 1.05
262 78600 1.05
263 78900 1.05
264 79200 1.05
265 79500 1.05
266 79800 1.05
267 80100 1.05
268 80400 1.05
269 80700 1.05
270 81000 1.05
271 81300 1.05
272 81600 1.05
273 81900 1.05
274 82200 1.05
275 82500 1.05
276 82800 1.06
277 83100 1.06
278 83400 1.06
279 83700 1.06
280 84000 1.06
281 84300 1.06
282 84600 1.07
283 84900 1.06
284 85200 1.06
285 85500 1.06
286 85800 1.06
287 86100 1.06
288 86400 1.06
289 86700 1.06
290 87000 1.06
291 87300 1.06
292 87600 1.06
293 87900 1.06
294 88200 1.06
295 88500 1.06
296 88800 1.06
297 89100 1.06
298 89400 1.06
299 89700 1.06
300 90000 1.06
301 90300 1.06
302 90600 1.06
303 90900 1.06
304 91200 1.06
305 91500 1.06
306 91800 1.06
307 92100 1.06
308 92400 1.06
309 92700 1.06
310 93000 1.06
311 93300 1.06
312 93508 1.06
313 93808 1.04
314 94108 1.04
315 94408 1.04
316 94708 1.04
317 95008 1.04
318 95308 1.04
319 95608 1.04
320 95908 1.04
321 96208 1.04
322 96508 1.04
323 96808 1.04
324 97108 1.04
325 97408 1.04
326 97708 1.04
327 98008 1.04
328 98308 1.03
329 98608 1.03
330 98908 1.03
331 99208 1.03
332 99508 1.03
333 99808 1.03
334 100108 1.05
335 100408 1.05
336 100708 1.04
337 101008 1.04
338 101308 1.04
339 101608 1.04
340 101908 1.04
341 102208 1.04
342 102508 1.04
343 102808 1.04
344 103108 1.04
345 103408 1.04
346 103708 1.04
347 104008 1.04
348 104308 1.04
349 104608 1.06
350 104908 1.06
351 105208 1.06
352 105508 1.06
353 105808 1.06
354 106108 1.06
355 106408 1.06
356 106708 1.06
357 107008 1.06
358 107308 1.06
359 107608 1.06
360 107908 1.06
361 108208 1.07
362 108508 1.07
363 108808 1.07
364 109108 1.07
365 109408 1.07
366 109708 1.07
367 110008 1.07
368 110308 1.07
369 110608 1.07
370 110908 1.08
371 111208 1.09
372 111508 1.09
373 111808 1.09
374 112108 1.09
375 112408 1.09
376 112708 1.08
377 113008 1.08
378 113308 1.08
379 113608 1.08
380 113908 1.08
381 114184 1.1
382 114484 1.1
383 114784 1.11
384 115084 1.11
385 115384 1.11
386 115684 1.11
387 115984 1.11
388 116284 1.11
389 116584 1.11
390 116884 1.11
391 117184 1.11
392 117484 1.12
393 117784 1.1300000000000001
394 118084 1.1300000000000001
395 118384 1.1300000000000001
396 118684 1.1300000000000001
397 118984 1.1300000000000001
398 119284 1.1300000000000001
399 119584 1.1300000000000001
400 119884 1.1300000000000001
401 120184 1.1400000000000001
402 120484 1.1400000000000001
403 120784 1.1400000000000001
404 121084 1.1400000000000001
405 121384 1.1600000000000001
406 121684 1.1600000000000001
407 121984 1.1600000000000001
408 122284 1.1600000000000001
409 122584 1.1600000000000001
410 122884 1.1600000000000001
411 123184 1.1600000000000001
412 123484 1.1600000000000001
413 123784 1.1600000000000001
414 124084 1.1600000000000001
415 124384 1.1600000000000001
416 124684 1.1600000000000001
417 124984 1.1600000000000001
418 125284 1.1600000000000001
419 125584 1.1600000000000001
420 125884 1.1600000000000001
421 126184 1.1600000000000001
422 126484 1.1600000000000001
423 126784 1.1600000000000001
424 127084 1.1600000000000001
425 127384 1.1600000000000001
426 127684 1.1600000000000001
427 127984 1.1600000000000001
428 128284 1.1700000000000002
429 128584 1.1700000000000002
430 128884 1.1900000000000002
431 129184 1.1900000000000002
432 129484 1.1900000000000002
433 129767 1.1900000000000002
434 130067 1.1700000000000002
435 130367 1.1700000000000002
436 130667 1.1900000000000002
437 130967 1.1900000000000002
438 131267 1.1900000000000002
439 131567 1.2000000000000002
440 131867 1.2200000000000002
441 132167 1.2200000000000002
442 132467 1.2200000000000002
443 132767 1.2200000000000002
444 133067 1.2300000000000002
445 133367 1.2300000000000002
446 133667 1.2300000000000002
447 133967 1.2300000000000002
448 134163 1.2300000000000002
449 134463 1.2100000000000002
450 134763 1.2200000000000002
451 135063 1.2200000000000002
452 135363 1.2200000000000002
453 135663 1.2200000000000002
454 135963 1.2200000000000002
455 136263 1.2200000000000002
456 136563 1.2200000000000002
457 136863 1.2200000000000002
458 137163 1.2400000000000002
459 137463 1.2600000000000002
460 137763 1.2600000000000002
461 138063 1.2500000000000002
462 138363 1.27
463 138663 1.27
464 138963 1.29
465 139263 1.29
466 139563 1.29
467 139863 1.31
468 140163 1.33
469 140463 1.33
470 140763 1.32
471 141063 1.31
472 141363 1.31
473 141663 1.31
474 141963 1.31
475 142263 1.31
476 142563 1.31
477 142863 1.31
478 143163 1.31
479 143463 1.31
480 143583 1.31
481 143853 1.29
482 144153 1.27
483 144453 1.29
484 144753 1.29
485 145053 1.31
486 145353 1.31
487 145653 1.31
488 145953 1.31
489 146253 1.31
490 146553 1.31
491 146853 1.31
492 147153 1.3000000000000003
493 147453 1.29
494 147753 1.31
495 148053 1.31
496 148353 1.31
497 148653 1.31
498 148953 1.31
499 149253 1.31
500 149553 1.32
501 149853 1.3100000000000003
502 150153 1.31
503 150453 1.31
504 150635 1.31
505 150935 1.29
506 151235 1.29
507 151535 1.31
508 151835 1.31
509 152135 1.31
510 152435 1.31
511 152735 1.31
512 153035 1.31
513 153335 1.31
514 153635 1.31
515 153935 1.31
516 154235 1.31
517 154535 1.31
518 154835 1.31
519 155135 1.31
520 155435 1.31
521 155735 1.31
522 156035 1.31
523 156335 1.31
524 156635 1.33
525 156935 1.33
526 157235 1.33
527 157535 1.33
528 157835 1.3200000000000003
529 158049 1.3200000000000003
530 158349 1.3000000000000003
531 158649 1.3000000000000003
532 158949 1.3
533 159249 1.3
534 159549 1.3000000000000003
535 159840 1.3000000000000003
536 160140 1.2800000000000002
537 160440 1.2800000000000002
538 160740 1.2800000000000002
539 160924 1.27
540 161224 1.25
541 161524 1.25
542 161824 1.2500000000000002
543 162124 1.2500000000000002
544 162424 1.2400000000000002
545 162724 1.2400000000000002
546 163024 1.2400000000000002
547 163324 1.2400000000000002
548 163624 1.2400000000000002
549 163924 1.2400000000000002
550 164224 1.2300000000000002
551 164524 1.2300000000000002
552 164824 1.23
553 165124 1.23
554 165424 1.2300000000000002
555 165724 1.2400000000000002
556 166024 1.26
557 166201 1.26
558 166473 1.2600000000000002
559 166773 1.2400000000000002
560 167073 1.2400000000000002
561 167260 1.2400000000000002
562 167560 1.2200000000000002
563 167715 1.2200000000000002
564 168015 1.2000000000000002
565 168315 1.2000000000000002
566 168554 1.2100000000000002
567 168775 1.1900000000000002
568 169075 1.1700000000000002
569 169375 1.1900000000000002
570 169675 1.2100000000000002
571 169975 1.2100000000000002
572 170275 1.2100000000000002
573 170575 1.2100000000000002
574 170875 1.2300000000000002
575 171175 1.2500000000000002
576 171475 1.2500000000000002
577 171775 1.2400000000000002
578 172075 1.2600000000000002
579 172375 1.2600000000000002
580 172675 1.26
581 172975 1.2800000000000002
582 173225 1.2800000000000002
583 173525 1.2800000000000002
584 173694 1.2900000000000003
585 173994 1.2700000000000002
586 174294 1.2700000000000002
587 174594 1.2900000000000003
588 174894 1.29
589 175194 1.29
590 175494 1.2900000000000003
591 175794 1.29
592 176094 1.29
593 176333 1.2900000000000003
594 176633 1.27
595 176933 1.27
596 177233 1.27
597 177533 1.27
598 177833 1.29
599 178133 1.29
600 178433 1.2800000000000002
601 178733 1.2800000000000002
602 179033 1.2800000000000002
603 179333 1.3000000000000003
604 179633 1.3000000000000003
605 179933 1.3200000000000003
606 180103 1.34
607 180403 1.3299999999999998
608 180703 1.34
609 181003 1.34
610 181303 1.3499999999999999
611 181603 1.37
612 181903 1.3800000000000001
613 182203 1.3800000000000001
614 182503 1.3800000000000001
615 182803 1.38
616 183103 1.38
617 183403 1.38
618 183703 1.38
619 184003 1.38
620 184303 1.4
621 184603 1.42
622 184903 1.44
623 185113 1.44
624 185413 1.42
625 185713 1.42
626 186013 1.42
627 186313 1.42
628 186613 1.44
629 186913 1.45
630 187213 1.45
631 187513 1.45
632 187813 1.45
633 188113 1.4700000000000002
634 188413 1.4700000000000002
635 188713 1.4800000000000002
636 189013 1.5000000000000002
637 189313 1.5
638 189613 1.52
639 189913 1.54
640 190213 1.54
641 190513 1.54
642 190813 1.54
643 191113 1.56
644 191413 1.57
645 191713 1.57
646 192013 1.57
647 192313 1.57
648 192613 1.57
649 192913 1.57
650 193213 1.57
651 193513 1.57
652 193813 1.57
653 194113 1.58
654 194413 1.58
655 194618 1.57
656 194918 1.57
657 195159 1.57
658 195459 1.55
659 195759 1.57
660 196059 1.58
661 196359 1.58
662 196659 1.58
663 196959 1.6
664 197259 1.62
665 197559 1.6300000000000001
666 197859 1.62
667 198159 1.62
668 198413 1.62
669 198631 1.6
670 198931 1.58
671 199231 1.58
672 199531 1.58
673 199730 1.6
674 199997 1.6
675 200297 1.6
676 200597 1.6
677 200882 1.61
678 201182 1.61
679 201482 1.61
680 201612 1.6300000000000001
681 201912 1.6300000000000001
682 202108 1.6300000000000001
683 202408 1.6300000000000001
684 202708 1.62
685 203008 1.62
686 203194 1.62
687 203494 1.6
688 203794 1.6
689 204094 1.6
690 204394 1.6
691 204694 1.62
692 204994 1.6400000000000001
693 205294 1.6400000000000001
694 205594 1.6400000000000001
695 205894 1.6400000000000001
696 206194 1.64
697 206451 1.6400000000000001
698 206751 1.62
699 207051 1.62
700 207351 1.62
701 207651 1.6400000000000001
702 207887 1.6600000000000001
703 208187 1.6400000000000001
704 208341 1.64
705 208638 1.6400000000000001
706 208938 1.62
707 209238 1.6300000000000001
708 209538 1.62
709 209838 1.62
710 210039 1.61
711 210339 1.61
712 210639 1.6
713 210939 1.6
714 211239 1.62
715 211539 1.62
716 211839 1.6400000000000001
717 212139 1.6400000000000001
718 212439 1.6400000000000001
719 212639 1.6400000000000001
720 212890 1.62
721 213156 1.6
722 213456 1.58
723 213756 1.6
724 214056 1.6
725 214356 1.6
726 214656 1.62
727 214765 1.62
728 215065 1.6
729 215365 1.61
730 215665 1.6300000000000001
731 215965 1.6500000000000001
732 216242 1.6700000000000002
733 216542 1.66
734 216842 1.67
735 217062 1.6800000000000002
736 217362 1.6800000000000002
737 217629 1.6800000000000002
738 217790 1.6800000000000002
739 218090 1.6600000000000001
740 218390 1.6700000000000002
741 218690 1.6700000000000002
742 218785 1.6700000000000002
743 219085 1.6500000000000001
744 219385 1.6400000000000001
745 219685 1.6400000000000001
746 219985 1.6400000000000001
747 220285 1.6400000000000001
748 220585 1.6400000000000001
749 220885 1.6400000000000001
750 221185 1.6400000000000001
751 221485 1.6400000000000001
752 221785 1.6500000000000001
753 222085 1.6400000000000001
754 222385 1.6600000000000001
755 222578 1.6800000000000002
756 222878 1.6600000000000001
757 223178 1.6800000000000002
758 223434 1.6800000000000002
759 223734 1.6700000000000002
760 224034 1.6600000000000001
761 224334 1.6600000000000001
762 224590 1.6800000000000002
763 224833 1.6600000000000001
764 225133 1.6400000000000001
765 225433 1.6500000000000001
766 225733 1.6500000000000001
767 226033 1.6500000000000001
768 226333 1.6500000000000001
769 226633 1.6500000000000001
770 226933 1.6700000000000002
771 227233 1.6700000000000002
772 227523 1.6700000000000002
773 227724 1.6500000000000001
774 227962 1.6300000000000001
775 228262 1.61
776 228562 1.61
777 228730 1.6300000000000001
778 229030 1.6300000000000001
779 229269 1.6300000000000001
780 229384 1.61
781 229684 1.59
782 229951 1.61
783 230251 1.59
784 230551 1.61
785 230851 1.6300000000000001
786 231151 1.6300000000000001
787 231451 1.6300000000000001
788 231751 1.65
789 232051 1.67
790 232227 1.69
791 232472 1.67
792 232772 1.6500000000000001
793 233072 1.6700000000000002
794 233372 1.69
795 233672 1.69
796 233972 1.71
797 234272 1.72
798 234572 1.74
799 234872 1.74
800 235028 1.74
801 235304 1.72
802 235604 1.72
803 235904 1.72
804 236182 1.74
805 236482 1.72
806 236697 1.7200000000000002
807 236997 1.7000000000000002
808 237297 1.72
809 237597 1.74
810 237829 1.74
811 238129 1.74
812 238429 1.74
813 238592 1.74
814 238892 1.7200000000000002
815 239031 1.7400000000000002
816 239331 1.7400000000000002
817 239631 1.7400000000000002
818 239931 1.7600000000000002
819 240231 1.7800000000000002
820 240531 1.78
821 240831 1.78
822 241033 1.7800000000000002
823 241333 1.7800000000000002
824 241633 1.8000000000000003
825 241932 1.8000000000000003
826 242232 1.7900000000000003
827 242532 1.8100000000000003
828 242768 1.81
829 242925 1.79
830 243121 1.79
831 243389 1.77
832 243689 1.75
833 243989 1.7600000000000002
834 244227 1.75
835 244411 1.73
836 244711 1.73
837 244876 1.75
838 245176 1.74
839 245476 1.74
840 245776 1.7500000000000002
841 246076 1.7700000000000002
842 246376 1.77
843 246676 1.77
844 246976 1.77
845 247276 1.79
846 247576 1.79
847 247876 1.81
848 248176 1.81
849 248476 1.83
850 248776 1.83
851 249076 1.83
852 249376 1.84
853 249608 1.8599999999999999
854 249888 1.8399999999999999
855 250188 1.8199999999999998
856 250341 1.8199999999999998
857 250641 1.8
858 250941 1.7999999999999998
859 251241 1.79
860 251541 1.81
861 251791 1.81
862 252091 1.81
863 252391 1.83
864 252531 1.83
865 252831 1.83
866 253131 1.85
867 253431 1.87
868 253731 1.87
869 254008 1.8900000000000001
870 254308 1.87
871 254608 1.87
872 254908 1.8900000000000001
873 255208 1.8900000000000001
874 255508 1.8900000000000001
875 255808 1.8900000000000001
876 256065 1.8900000000000001
877 256254 1.8900000000000001
878 256554 1.87
879 256854 1.87
880 257154 1.8900000000000001
881 257324 1.9100000000000001
882 257624 1.89
883 257770 1.8900000000000001
884 257946 1.87
885 258246 1.87
886 258546 1.8699999999999999
887 258676 1.8699999999999999
888 258814 1.85
889 259102 1.83
890 259402 1.8299999999999998
891 259702 1.85
892 259886 1.87
893 260186 1.85
894 260486 1.85
895 260743 1.85
896 261043 1.83
897 261215 1.8199999999999998
898 261515 1.8199999999999998
899 261815 1.82
900 262115 1.8200000000000003
901 262231 1.8400000000000003
902 262531 1.82
903 262681 1.8199999999999998
904 262981 1.7999999999999998
905 263281 1.8199999999999998
906 263581 1.84
907 263753 1.84
908 263967 1.84
909 264267 1.82
910 264394 1.8199999999999998
911 264694 1.8099999999999998
912 264994 1.8299999999999998
913 265294 1.83
914 265523 1.85
915 265758 1.83
916 266058 1.81
917 266305 1.83
918 266464 1.83
919 266764 1.83
920 267064 1.83
921 267364 1.85
922 267627 1.85
923 267898 1.83
924 268198 1.83
925 268498 1.83
926 268673 1.84
927 268973 1.8200000000000003
928 269273 1.82
929 269515 1.8199999999999998
930 269815 1.8
931 270115 1.8
932 270387 1.8199999999999998
933 270687 1.7999999999999998
934 270987 1.8
935 271143 1.7999999999999998
936 271306 1.7999999999999998
937 271606 1.78
938 271906 1.77
939 272078 1.77
940 272214 1.77
941 272514 1.75
942 272814 1.75
943 273114 1.75
944 273327 1.77
945 273627 1.77
946 273796 1.77
947 274096 1.77
948 274388 1.77
949 274688 1.75
950 274988 1.75
951 275264 1.75
952 275376 1.73
953 275676 1.73
954 275976 1.75
955 276276 1.77
956 276576 1.79
957 276876 1.81
958 277176 1.82
959 277382 1.84
960 277682 1.84
961 277864 1.86
962 278048 1.8599999999999999
963 278348 1.8399999999999999
964 278605 1.84
965 278889 1.8400000000000003
966 279049 1.8400000000000003
967 279349 1.8400000000000003
968 279617 1.84
969 279917 1.84
970 280217 1.86
971 280510 1.86
972 280810 1.8400000000000003
973 281110 1.84
974 281410 1.8599999999999999
975 281710 1.88
976 281908 1.88
977 282208 1.8800000000000001
978 282508 1.9000000000000001
979 282656 1.9200000000000002
980 282917 1.9100000000000004
981 283217 1.91
982 283517 1.91
983 283817 1.92
984 284106 1.92
985 284406 1.9100000000000001
986 284706 1.9300000000000002
987 285006 1.95
988 285306 1.97
989 285468 1.99
990 285760 1.9700000000000002
991 285939 1.9500000000000002
992 286239 1.93
993 286435 1.95
994 286735 1.9400000000000002
995 287035 1.9400000000000002
996 287335 1.96
997 287532 1.96
998 287832 1.96
999 288132 1.98
1000 288379 1.98
1001 288679 1.96
1002 288979 1.96
1003 289279 1.98
1004 289566 2.0
1005 289850 1.98
1006 290150 1.98
1007 290426 1.98
1008 290726 1.98
1009 291026 1.98
1010 291326 1.98
1011 291506 1.97
1012 291806 1.97
1013 292035 1.99
1014 292335 1.97
1015 292635 1.99
1016 292854 2.01
1017 293089 1.99
1018 293349 1.99
1019 293649 1.99
1020 293948 2.01
1021 294248 1.99
1022 294548 2.01
1023 294819 2.03
1024 295119 2.03
1025 295256 2.05
1026 295556 2.05
1027 295856 2.0699999999999994
1028 296156 2.0899999999999994
1029 296456 2.1099999999999994
1030 296756 2.129999999999999
1031 296957 2.1299999999999994
1032 297257 2.1299999999999994
1033 297557 2.149999999999999
1034 297857 2.1499999999999995
1035 298103 2.1699999999999995
1036 298403 2.1499999999999995
1037 298703 2.149999999999999
1038 299003 2.169999999999999
1039 299109 2.1699999999999995
1040 299409 2.169999999999999
1041 299709 2.189999999999999
1042 300009 2.2099999999999995
1043 300213 2.2299999999999995
1044 300400 2.2299999999999995
1045 300700 2.2299999999999995
1046 300911 2.229999999999999
1047 301211 2.229999999999999
1048 301511 2.2299999999999995
1049 301811 2.249999999999999
1050 302111 2.269999999999999
1051 302411 2.2699999999999996
1052 302648 2.2699999999999996
1053 302835 2.2499999999999996
1054 303088 2.2499999999999996
1055 303306 2.249999999999999
1056 303521 2.2299999999999995
1057 303821 2.229999999999999
1058 303972 2.2299999999999995
1059 304178 2.2299999999999995
1060 304356 2.2299999999999995
1061 304613 2.2199999999999998
1062 304913 2.2199999999999998
1063 305213 2.2199999999999993
1064 305430 2.2399999999999998
1065 305626 2.2399999999999993
1066 305739 2.2399999999999993
1067 306039 2.2399999999999993
1068 306225 2.2599999999999993
1069 306368 2.2599999999999993
1070 306668 2.2599999999999993
1071 306968 2.2799999999999994
1072 307268 2.2999999999999994
1073 307530 2.3199999999999994
1074 307829 2.2999999999999994
1075 308129 2.2799999999999994
1076 308390 2.2799999999999994
1077 308626 2.2799999999999994
1078 308775 2.2799999999999994
1079 309075 2.2599999999999993
1080 309280 2.269999999999999
1081 309580 2.269999999999999
1082 309880 2.2899999999999996
1083 310180 2.2799999999999994
1084 310480 2.2999999999999994
1085 310760 2.309999999999999
1086 311053 2.309999999999999
1087 311352 2.3099999999999996
1088 311638 2.3099999999999996
1089 311938 2.3099999999999996
1090 312238 2.329999999999999
1091 312538 2.3299999999999996
1092 312818 2.329999999999999
1093 313118 2.329999999999999
1094 313418 2.339999999999999
1095 313604 2.359999999999999
1096 313904 2.3599999999999994
1097 314080 2.379999999999999
1098 314280 2.379999999999999
1099 314580 2.379999999999999
1100 314880 2.3999999999999995
1101 315180 2.419999999999999
1102 315364 2.4399999999999995
1103 315639 2.4399999999999995
1104 315939 2.4399999999999995
1105 316092 2.459999999999999
1106 316392 2.439999999999999
1107 316637 2.4599999999999995
1108 316937 2.4599999999999995
1109 317237 2.459999999999999
1110 317537 2.459999999999999
1111 317730 2.4799999999999995
1112 317963 2.459999999999999
1113 318263 2.459999999999999
1114 318435 2.479999999999999
1115 318727 2.459999999999999
1116 319027 2.459999999999999
1117 319234 2.479999999999999
1118 319359 2.479999999999999
1119 319621 2.4799999999999995
1120 319921 2.459999999999999
1121 320152 2.459999999999999
1122 320340 2.459999999999999
1123 320503 2.459999999999999
1124 320682 2.4599999999999995
1125 320844 2.4599999999999995
1126 321069 2.4399999999999995
1127 321296 2.4199999999999995
1128 321503 2.4199999999999995
1129 321675 2.419999999999999
1130 321975 2.4199999999999995
1131 322272 2.4199999999999995
1132 322433 2.3999999999999995
1133 322733 2.3999999999999995
1134 322952 2.419999999999999
1135 323252 2.4199999999999995
1136 323552 2.4199999999999995
1137 323827 2.439999999999999
1138 324127 2.439999999999999
1139 324320 2.459999999999999
1140 324438 2.459999999999999
1141 324651 2.459999999999999
1142 324905 2.459999999999999
1143 324985 2.439999999999999
1144 325155 2.419999999999999
1145 325455 2.419999999999999
1146 325682 2.439999999999999
1147 325982 2.439999999999999
1148 326202 2.459999999999999
1149 326306 2.459999999999999
1150 326606 2.459999999999999
1151 326906 2.4799999999999995
1152 327206 2.499999999999999
1153 327361 2.519999999999999
1154 327643 2.519999999999999
1155 327943 2.5099999999999993
1156 328045 2.5199999999999996
1157 328345 2.4999999999999996
1158 328561 2.51
1159 328856 2.51
1160 329156 2.4899999999999993
1161 329317 2.499999999999999
1162 329617 2.499999999999999
1163 329906 2.519999999999999
1164 330119 2.519999999999999
1165 330305 2.519999999999999
1166 330568 2.519999999999999
1167 330787 2.519999999999999
1168 331020 2.499999999999999
1169 331199 2.499999999999999
1170 331440 2.479999999999999
1171 331733 2.459999999999999
1172 331878 2.459999999999999
1173 332178 2.459999999999999
1174 332478 2.479999999999999
1175 332778 2.499999999999999
1176 332906 2.499999999999999
1177 333054 2.479999999999999
1178 333354 2.459999999999999
1179 333541 2.479999999999999
1180 333753 2.4699999999999993
1181 333873 2.4699999999999993
1182 334173 2.4699999999999993
1183 334398 2.4899999999999993
1184 334593 2.4699999999999993
1185 334841 2.4699999999999993
1186 335020 2.4499999999999993
1187 335155 2.4499999999999993
1188 335333 2.4299999999999993
1189 335472 2.4299999999999993
1190 335772 2.4299999999999993
1191 336072 2.4499999999999993
1192 336315 2.4599999999999995
1193 336484 2.4599999999999995
1194 336622 2.4599999999999995
1195 336864 2.4599999999999995
1196 337083 2.439999999999999
1197 337239 2.439999999999999
1198 337390 2.439999999999999
1199 337597 2.439999999999999
1200 337822 2.4399999999999995
1201 338106 2.4399999999999995
1202 338359 2.4399999999999995
1203 338581 2.4199999999999995
1204 338774 2.3999999999999995
1205 339074 2.3999999999999995
1206 339208 2.419999999999999
1207 339352 2.4199999999999995
1208 339652 2.419999999999999
1209 339952 2.4399999999999995
1210 340170 2.459999999999999
1211 340470 2.459999999999999
1212 340642 2.4799999999999995
1213 340852 2.4799999999999995
1214 341152 2.4799999999999995
1215 341410 2.499999999999999
1216 341619 2.499999999999999
1217 341793 2.499999999999999
1218 342075 2.499999999999999
1219 342375 2.499999999999999
1220 342675 2.51
1221 342868 2.5299999999999994
1222 343071 2.5299999999999994
1223 343253 2.5299999999999994
1224 343443 2.5099999999999993
1225 343743 2.4999999999999996
1226 344043 2.5199999999999996
1227 344343 2.5399999999999996
1228 344515 2.5399999999999996
1229 344754 2.539999999999999
1230 345054 2.539999999999999
1231 345354 2.559999999999999
1232 345544 2.559999999999999
1233 345812 2.559999999999999
1234 346025 2.559999999999999
1235 346325 2.559999999999999
1236 346489 2.559999999999999
1237 346649 2.539999999999999
1238 346856 2.539999999999999
1239 347115 2.539999999999999
1240 347302 2.539999999999999
1241 347432 2.539999999999999
1242 347732 2.539999999999999
1243 348032 2.559999999999999
1244 348186 2.559999999999999
1245 348388 2.559999999999999
1246 348575 2.559999999999999
1247 348678 2.559999999999999
1248 348814 2.539999999999999
1249 348977 2.539999999999999
1250 349116 2.539999999999999
1251 349318 2.539999999999999
1252 349609 2.519999999999999
1253 349868 2.519999999999999
1254 350168 2.499999999999999
1255 350468 2.5099999999999993
1256 350768 2.519999999999999
1257 350985 2.5399999999999996
1258 351123 2.539999999999999
1259 351423 2.539999999999999
1260 351697 2.559999999999999
1261 351971 2.5599999999999996
1262 352265 2.5599999999999996
1263 352548 2.5499999999999994
1264 352731 2.5499999999999994
1265 352918 2.55
1266 353186 2.55
1267 353486 2.529999999999999
1268 353693 2.5499999999999994
1269 353993 2.5499999999999994
1270 354293 2.5699999999999994
1271 354418 2.589999999999999
1272 354632 2.589999999999999
1273 354802 2.589999999999999
1274 354925 2.569999999999999
1275 355225 2.569999999999999
1276 355525 2.5899999999999994
1277 355825 2.589999999999999
1278 355942 2.609999999999999
1279 356242 2.589999999999999
1280 356502 2.599999999999999
1281 356594 2.599999999999999
1282 356697 2.599999999999999
1283 356997 2.599999999999999
1284 357211 2.619999999999999
1285 357511 2.619999999999999
1286 357683 2.639999999999999
1287 357983 2.6199999999999988
1288 358123 2.6399999999999992
1289 358237 2.6399999999999992
1290 358438 2.6399999999999992
1291 358738 2.6399999999999992
1292 358864 2.629999999999999
1293 359029 2.6299999999999994
1294 359252 2.6099999999999994
1295 359552 2.609999999999999
1296 359673 2.619999999999999
1297 359863 2.619999999999999
1298 360073 2.619999999999999
1299 360230 2.599999999999999
1300 360333 2.5899999999999994
1301 360477 2.5899999999999994
1302 360777 2.5899999999999994
1303 361077 2.6099999999999994
1304 361328 2.629999999999999
1305 361621 2.629999999999999
1306 361804 2.609999999999999
1307 361940 2.609999999999999
1308 362087 2.609999999999999
1309 362275 2.589999999999999
1310 362403 2.5699999999999994
1311 362570 2.5699999999999994
1312 362733 2.5699999999999994
1313 362901 2.5699999999999994
1314 363168 2.5699999999999994
1315 363417 2.5699999999999994
1316 363679 2.5699999999999994
1317 363821 2.5699999999999994
1318 363969 2.5699999999999994
1319 364269 2.5699999999999994
1320 364431 2.559999999999999
1321 364673 2.559999999999999
1322 364826 2.559999999999999
1323 365126 2.559999999999999
1324 365426 2.579999999999999
1325 365628 2.569999999999999
1326 365919 2.569999999999999
1327 366103 2.5699999999999994
1328 366236 2.5699999999999994
1329 366418 2.5699999999999994
1330 366578 2.5699999999999994
1331 366878 2.5699999999999994
1332 367030 2.5899999999999994
1333 367218 2.5899999999999994
1334 367367 2.5899999999999994
1335 367667 2.5899999999999994
1336 367967 2.5899999999999994
1337 368095 2.6099999999999994
1338 368261 2.6099999999999994
1339 368475 2.6099999999999994
1340 368606 2.6099999999999994
1341 368873 2.6099999999999994
1342 369170 2.6099999999999994
1343 369470 2.6099999999999994
1344 369671 2.6199999999999997
1345 369821 2.6199999999999997
1346 369948 2.6199999999999997
1347 370248 2.5999999999999996
1348 370404 2.6199999999999997
1349 370676 2.619999999999999
1350 370834 2.5999999999999988
1351 371134 2.599999999999999
1352 371363 2.619999999999999
1353 371663 2.6199999999999988
1354 371811 2.639999999999999
1355 371995 2.6399999999999992
1356 372155 2.6399999999999992
1357 372314 2.639999999999999
1358 372438 2.6199999999999988
1359 372656 2.619999999999999
1360 372774 2.619999999999999
1361 372977 2.6199999999999988
1362 373277 2.619999999999999
1363 373487 2.629999999999999
1364 373722 2.629999999999999
1365 373842 2.629999999999999
1366 374142 2.629999999999999
1367 374284 2.6499999999999995
1368 374493 2.6499999999999995
1369 374736 2.649999999999999
1370 374848 2.649999999999999
1371 375043 2.649999999999999
1372 375252 2.649999999999999
1373 375552 2.649999999999999
1374 375680 2.669999999999999
1375 375810 2.669999999999999
1376 376110 2.669999999999999
1377 376265 2.689999999999999
1378 376565 2.689999999999999
1379 376815 2.709999999999999
1380 376971 2.689999999999999
1381 377266 2.689999999999999
1382 377439 2.689999999999999
1383 377667 2.689999999999999
1384 377775 2.689999999999999
1385 378003 2.689999999999999
1386 378303 2.689999999999999
1387 378448 2.709999999999999
1388 378711 2.709999999999999
1389 378902 2.709999999999999
1390 379081 2.709999999999999
1391 379381 2.709999999999999
1392 379572 2.729999999999999
1393 379872 2.729999999999999
1394 380144 2.749999999999999
1395 380444 2.749999999999999
1396 380615 2.7599999999999993
1397 380729 2.7599999999999993
1398 381029 2.739999999999999
