1 300 0.0 0.0
2 600 0.0 0.0
3 900 0.0 0.0
4 1200 0.0 0.0
5 1500 0.0 0.0
6 1800 0.0 0.0
7 2100 0.0 0.0
8 2400 0.0 0.0
9 2700 0.0 0.0
10 3000 0.0 0.0
11 3300 0.0 0.0
12 3600 0.0 0.0
13 3900 0.0 0.0
14 4200 0.0 0.0
15 4500 0.0 0.0
16 4800 0.0 0.0
17 5100 0.0 0.0
18 5400 0.0 0.0
19 5700 0.0 0.0
20 6000 0.0 0.0
21 6300 0.0 0.0
22 6600 0.0 0.0
23 6900 0.0 0.0
24 7200 0.0 0.0
25 7500 0.0 0.0
26 7800 0.0 0.0
27 8100 0.0 0.0
28 8400 0.0 0.0
29 8700 0.0 0.0
30 9000 0.0 0.0
31 9300 0.0 0.0
32 9600 0.0 0.0
33 9900 0.0 0.0
34 10200 0.0 0.0
35 10500 0.0 0.0
36 10800 0.0 0.0
37 11100 0.0 0.0
38 11400 0.0 0.0
39 11700 0.0 0.0
40 12000 0.0 0.0
41 12300 0.0 0.0
42 12600 0.0 0.0
43 12900 0.0 0.0
44 13200 0.0 0.0
45 13500 0.0 0.0
46 13800 0.0 0.0
47 14100 0.0 0.0
48 14400 0.0 0.0
49 14700 0.0 0.0
50 15000 0.0 0.0
51 15300 0.0 0.0
52 15600 0.0 0.0
53 15900 0.0 0.0
54 16200 0.0 0.0
55 16500 0.0 0.0
56 16800 0.0 0.0
57 17100 0.0 0.0
58 17400 0.0 0.0
59 17700 0.0 0.0
60 18000 0.0 0.0
61 18300 0.0 0.0
62 18600 0.0 0.0
63 18900 0.0 0.0
64 19200 0.0 0.0
65 19500 0.0 0.0
66 19800 0.0 0.0
67 20100 0.0 0.0
68 20400 0.0 0.0
69 20700 0.0 0.0
70 21000 0.0 0.0
71 21300 0.0 0.0
72 21600 0.0 0.0
73 21900 0.0 0.0
74 22200 0.0 0.0
75 22500 0.0 0.0
76 22800 0.0 0.0
77 23100 0.0 0.0
78 23400 0.0 0.0
79 23700 0.0 0.0
80 24000 0.0 0.0
81 24300 0.0 0.0
82 24600 0.0 0.0
83 24900 0.0 0.0
84 25200 0.0 0.0
85 25500 0.0 0.0
86 25800 0.0 0.0
87 26100 0.0 0.0
88 26400 0.0 0.0
89 26700 0.0 0.0
90 27000 0.0 0.0
91 27300 0.0 0.0
92 27600 0.0 0.0
93 27900 0.0 0.0
94 28200 0.0 0.0
95 28500 0.0 0.0
96 28800 0.0 0.0
97 29100 0.0 0.0
98 29400 0.0 0.0
99 29700 0.0 0.0
100 30000 0.0 0.0
101 30300 0.0 0.0
102 30600 0.0 0.0
103 30900 0.0 0.0
104 31200 0.0 0.0
105 31500 0.0 0.0
106 31800 0.0 0.0
107 32100 0.0 0.0
108 32400 0.0 0.0
109 32700 0.0 0.0
110 33000 0.0 0.0
111 33300 0.0 0.0
112 33600 0.0 0.0
113 33900 0.0 0.0
114 34200 0.0 0.0
115 34500 0.0 0.0
116 34800 0.0 0.0
117 35100 0.0 0.0
118 35400 0.0 0.0
119 35700 0.0 0.0
120 36000 0.0 0.0
121 36300 0.0 0.0
122 36600 0.0 0.0
123 36900 0.0 0.0
124 37200 0.0 0.0
125 37500 0.0 0.0
126 37800 0.0 0.0
127 38100 0.0 0.0
128 38400 0.0 0.0
129 38700 0.0 0.0
130 39000 0.0 0.0
131 39300 0.0 0.0
132 39600 0.0 0.0
133 39900 0.0 0.0
134 40200 0.0 0.0
135 40500 0.0 0.0
136 40800 0.0 0.0
137 41100 0.0 0.0
138 41400 0.0 0.0
139 41700 0.0 0.0
140 42000 0.0 0.0
141 42300 0.0 0.0
142 42600 0.0 0.0
143 42900 0.0 0.0
144 43200 0.0 0.0
145 43500 0.0 0.0
146 43800 0.0 0.0
147 44100 0.0 0.0
148 44400 0.0 0.0
149 44700 0.0 0.0
150 45000 0.0 0.0
151 45300 0.0 0.0
152 45600 0.0 0.0
153 45900 0.0 0.0
154 46200 0.0 0.0
155 46500 0.0 0.0
156 46800 0.0 0.0
157 47100 0.0 0.0
158 47400 0.0 0.0
159 47700 0.0 0.0
160 48000 0.0 0.0
161 48300 0.0 0.0
162 48600 0.0 0.0
163 48900 0.0 0.0
164 49200 0.0 0.0
165 49500 0.0 0.0
166 49800 0.0 0.0
167 50100 0.0 0.0
168 50400 0.0 0.0
169 50700 0.0 0.0
170 51000 0.0 0.0
171 51300 0.0 0.0
172 51600 0.0 0.0
173 51900 0.0 0.0
174 52200 0.0 0.0
175 52500 0.0 0.0
176 52800 0.0 0.0
177 53100 0.0 0.0
178 53400 0.0 0.0
179 53700 0.0 0.0
180 54000 0.0 0.0
181 54300 0.0 0.0
182 54600 0.0 0.0
183 54900 0.0 0.0
184 55200 0.0 0.0
185 55500 0.0 0.0
186 55800 0.0 0.0
187 56100 0.0 0.0
188 56400 0.0 0.0
189 56700 0.0 0.0
190 57000 0.0 0.0
191 57300 0.0 0.0
192 57600 0.0 0.0
193 57900 0.0 0.0
194 58200 0.0 0.0
195 58500 0.0 0.0
196 58800 0.0 0.0
197 59100 0.0 0.0
198 59400 0.0 0.0
199 59700 0.0 0.0
200 60000 0.0 0.0
201 60300 0.0 0.0
202 60600 0.0 0.0
203 60900 0.0 0.0
204 61200 0.0 0.0
205 61500 0.0 0.0
206 61800 0.0 0.0
207 62100 0.0 0.0
208 62400 0.0 0.0
209 62700 0.0 0.0
210 63000 0.0 0.0
211 63300 0.0 0.0
212 63600 0.0 0.0
213 63900 0.0 0.0
214 64200 0.0 0.0
215 64500 0.0 0.0
216 64800 0.0 0.0
217 65100 0.0 0.0
218 65400 0.0 0.0
219 65700 0.0 0.0
220 66000 0.0 0.0
221 66300 0.0 0.0
222 66600 0.0 0.0
223 66900 0.0 0.0
224 67200 0.0 0.0
225 67500 0.0 0.0
226 67800 0.0 0.0
227 68100 0.0 0.0
228 68400 0.0 0.0
229 68700 0.0 0.0
230 69000 0.0 0.0
231 69300 0.0 0.0
232 69600 0.0 0.0
233 69900 0.0 0.0
234 70200 0.0 0.0
235 70500 0.0 0.0
236 70800 0.0 0.0
237 71100 0.0 0.0
238 71400 0.0 0.0
239 71700 0.0 0.0
240 72000 0.0 0.0
241 72300 0.0 0.0
242 72600 0.0 0.0
243 72900 0.0 0.0
244 73200 0.0 0.0
245 73500 0.0 0.0
246 73800 0.0 0.0
247 74100 0.0 0.0
248 74400 0.0 0.0
249 74700 0.0 0.0
250 75000 0.0 0.0
251 75300 0.0 0.0
252 75600 0.0 0.0
253 75900 0.0 0.0
254 76200 0.0 0.0
255 76500 0.0 0.0
256 76800 0.0 0.0
257 77100 0.0 0.0
258 77400 0.0 0.0
259 77700 0.0 0.0
260 78000 0.0 0.0
261 78300 0.0 0.0
262 78600 0.0 0.0
263 78900 0.0 0.0
264 79200 0.0 0.0
265 79500 0.0 0.0
266 79800 0.0 0.0
267 80100 0.0 0.0
268 80400 0.0 0.0
269 80700 0.0 0.0
270 81000 0.0 0.0
271 81300 0.0 0.0
272 81600 0.0 0.0
273 81900 0.0 0.0
274 82200 0.0 0.0
275 82500 0.0 0.0
276 82800 0.0 0.0
277 83100 0.0 0.0
278 83400 0.0 0.0
279 83700 0.0 0.0
280 84000 0.0 0.0
281 84300 0.0 0.0
282 84600 0.0 0.0
283 84900 0.0 0.0
284 85200 0.0 0.0
285 85500 0.0 0.0
286 85800 0.0 0.0
287 86100 0.0 0.0
288 86400 0.0 0.0
289 86700 0.0 0.0
290 87000 0.0 0.0
291 87300 0.0 0.0
292 87600 0.0 0.0
293 87900 0.0 0.0
294 88200 0.0 0.0
295 88500 0.0 0.0
296 88800 0.0 0.0
297 89100 0.0 0.0
298 89400 0.0 0.0
299 89700 0.0 0.0
300 90000 0.0 0.0
301 90300 0.0 0.0
302 90600 0.0 0.0
303 90900 0.0 0.0
304 91200 0.0 0.0
305 91500 0.0 0.0
306 91800 0.0 0.0
307 92100 0.0 0.0
308 92400 0.0 0.0
309 92700 0.0 0.0
310 93000 0.0 0.0
311 93300 0.0 0.0
312 93600 0.0 0.0
313 93900 0.0 0.0
314 94200 0.0 0.0
315 94500 0.0 0.0
316 94800 0.0 0.0
317 95095 1.0 0.01
318 95395 0.0 0.01
319 95695 0.0 0.01
320 95995 0.0 0.01
321 96295 0.0 0.01
322 96595 0.0 0.01
323 96895 0.0 0.01
324 97195 0.0 0.01
325 97495 0.0 0.01
326 97795 0.0 0.01
327 98095 0.0 0.01
328 98395 0.0 0.01
329 98695 0.0 0.01
330 98995 0.0 0.01
331 99295 0.0 0.01
332 99595 0.0 0.01
333 99895 0.0 0.01
334 100195 0.0 0.01
335 100495 0.0 0.01
336 100795 0.0 0.01
337 101095 0.0 0.01
338 101395 0.0 0.01
339 101695 0.0 0.01
340 101995 0.0 0.01
341 102295 0.0 0.01
342 102595 0.0 0.01
343 102895 0.0 0.01
344 103195 0.0 0.01
345 103495 0.0 0.01
346 103795 0.0 0.01
347 104095 0.0 0.01
348 104395 0.0 0.01
349 104695 0.0 0.01
350 104995 0.0 0.01
351 105241 1.0 0.02
352 105541 0.0 0.02
353 105841 0.0 0.02
354 106141 0.0 0.02
355 106441 0.0 0.02
356 106741 0.0 0.02
357 107041 0.0 0.02
358 107341 0.0 0.02
359 107641 0.0 0.02
360 107941 0.0 0.02
361 108241 0.0 0.02
362 108541 0.0 0.02
363 108841 0.0 0.02
364 109141 0.0 0.02
365 109441 0.0 0.02
366 109741 0.0 0.02
367 110041 0.0 0.02
368 110341 0.0 0.02
369 110641 0.0 0.02
370 110941 0.0 0.02
371 111241 0.0 0.02
372 111541 0.0 0.02
373 111841 0.0 0.02
374 112141 0.0 0.02
375 112441 0.0 0.02
376 112741 0.0 0.02
377 113041 0.0 0.02
378 113341 0.0 0.02
379 113641 0.0 0.02
380 113941 0.0 0.02
381 114241 0.0 0.02
382 114541 0.0 0.02
383 114841 0.0 0.02
384 115141 0.0 0.02
385 115441 0.0 0.02
386 115741 0.0 0.02
387 116041 0.0 0.02
388 116341 0.0 0.02
389 116641 0.0 0.02
390 116941 0.0 0.02
391 117241 0.0 0.02
392 117541 0.0 0.02
393 117841 0.0 0.02
394 118141 0.0 0.02
395 118441 0.0 0.02
396 118741 0.0 0.02
397 119041 0.0 0.02
398 119341 0.0 0.02
399 119641 0.0 0.02
400 119941 0.0 0.02
401 120241 0.0 0.02
402 120541 0.0 0.02
403 120841 0.0 0.02
404 121141 0.0 0.02
405 121441 0.0 0.02
406 121741 0.0 0.02
407 122041 0.0 0.02
408 122341 0.0 0.02
409 122641 0.0 0.02
410 122941 0.0 0.02
411 123241 0.0 0.02
412 123541 0.0 0.02
413 123841 0.0 0.02
414 124141 0.0 0.02
415 124441 0.0 0.02
416 124741 0.0 0.02
417 125041 0.0 0.01
418 125341 0.0 0.01
419 125641 0.0 0.01
420 125941 0.0 0.01
421 126241 0.0 0.01
422 126541 0.0 0.01
423 126841 0.0 0.01
424 127141 0.0 0.01
425 127441 0.0 0.01
426 127741 0.0 0.01
427 128041 0.0 0.01
428 128341 0.0 0.01
429 128641 0.0 0.01
430 128941 0.0 0.01
431 129241 0.0 0.01
432 129541 0.0 0.01
433 129841 0.0 0.01
434 130141 0.0 0.01
435 130441 0.0 0.01
436 130741 0.0 0.01
437 131041 0.0 0.01
438 131341 0.0 0.01
439 131641 0.0 0.01
440 131941 0.0 0.01
441 132241 0.0 0.01
442 132541 0.0 0.01
443 132841 0.0 0.01
444 133141 0.0 0.01
445 133441 0.0 0.01
446 133741 0.0 0.01
447 134041 0.0 0.01
448 134341 0.0 0.01
449 134641 0.0 0.01
450 134941 0.0 0.01
451 135241 0.0 0.0
452 135541 0.0 0.0
453 135841 0.0 0.0
454 136141 0.0 0.0
455 136441 0.0 0.0
456 136741 0.0 0.0
457 136941 1.0 0.01
458 137241 0.0 0.01
459 137541 0.0 0.01
460 137841 0.0 0.01
461 138141 0.0 0.01
462 138441 0.0 0.01
463 138741 0.0 0.01
464 139041 0.0 0.01
465 139341 0.0 0.01
466 139612 1.0 0.02
467 139912 0.0 0.02
468 140210 1.0 0.03
469 140510 0.0 0.03
470 140810 0.0 0.03
471 141074 1.0 0.04
472 141374 0.0 0.04
473 141601 1.0 0.05
474 141854 1.0 0.06
475 142154 0.0 0.06
476 142454 0.0 0.06
477 142754 0.0 0.06
478 143054 0.0 0.06
479 143354 0.0 0.06
480 143523 1.0 0.07
481 143823 0.0 0.07
482 144123 0.0 0.07
483 144423 0.0 0.07
484 144714 1.0 0.08
485 145014 0.0 0.08
486 145167 1.0 0.09
487 145467 0.0 0.09
488 145767 0.0 0.09
489 145898 1.0 0.1
490 146198 0.0 0.1
491 146452 1.0 0.11
492 146752 0.0 0.11
493 147052 0.0 0.11
494 147352 0.0 0.11
495 147652 0.0 0.11
496 147952 0.0 0.11
497 148252 0.0 0.11
498 148552 0.0 0.11
499 148852 0.0 0.11
500 149152 0.0 0.11
501 149452 0.0 0.11
502 149752 0.0 0.11
503 150052 0.0 0.11
504 150352 0.0 0.11
505 150652 0.0 0.11
506 150835 1.0 0.12
507 151135 0.0 0.12
508 151435 0.0 0.12
509 151685 1.0 0.13
510 151985 0.0 0.13
511 152285 0.0 0.13
512 152477 1.0 0.14
513 152777 0.0 0.14
514 153077 0.0 0.14
515 153377 0.0 0.14
516 153677 0.0 0.14
517 153977 0.0 0.14
518 154277 0.0 0.14
519 154577 0.0 0.14
520 154877 0.0 0.14
521 155177 0.0 0.14
522 155477 0.0 0.14
523 155777 0.0 0.14
524 156077 0.0 0.14
525 156377 0.0 0.14
526 156677 0.0 0.14
527 156977 0.0 0.14
528 157277 0.0 0.14
529 157577 0.0 0.14
530 157871 1.0 0.15
531 158171 0.0 0.15
532 158471 0.0 0.15
533 158771 0.0 0.15
534 159071 0.0 0.15
535 159371 0.0 0.15
536 159671 0.0 0.15
537 159971 0.0 0.15
538 160271 0.0 0.15
539 160571 0.0 0.15
540 160871 0.0 0.15
541 161171 0.0 0.15
542 161471 0.0 0.15
543 161771 0.0 0.15
544 162071 0.0 0.15
545 162371 0.0 0.15
546 162671 0.0 0.15
547 162971 0.0 0.15
548 163271 0.0 0.15
549 163571 0.0 0.15
550 163871 0.0 0.15
551 164171 0.0 0.15
552 164471 0.0 0.15
553 164771 0.0 0.15
554 165071 0.0 0.15
555 165371 0.0 0.15
556 165671 0.0 0.15
557 165971 0.0 0.14
558 166271 0.0 0.14
559 166571 0.0 0.14
560 166867 1.0 0.15
561 167167 0.0 0.15
562 167467 0.0 0.15
563 167767 0.0 0.15
564 168067 0.0 0.15
565 168367 0.0 0.15
566 168667 0.0 0.14
567 168967 0.0 0.14
568 169149 1.0 0.14
569 169449 0.0 0.14
570 169568 1.0 0.15
571 169868 0.0 0.14
572 170168 0.0 0.14
573 170468 0.0 0.13
574 170743 1.0 0.13
575 171043 0.0 0.13
576 171343 0.0 0.13
577 171643 0.0 0.13
578 171923 1.0 0.14
579 172223 0.0 0.14
580 172523 0.0 0.13
581 172823 0.0 0.13
582 173123 0.0 0.13
583 173423 0.0 0.13
584 173723 0.0 0.12
585 174023 0.0 0.12
586 174323 0.0 0.11
587 174623 0.0 0.11
588 174923 0.0 0.11
589 175223 0.0 0.1
590 175523 0.0 0.1
591 175823 0.0 0.09
592 176123 0.0 0.09
593 176423 0.0 0.09
594 176723 0.0 0.09
595 177023 0.0 0.09
596 177323 0.0 0.09
597 177623 0.0 0.09
598 177923 0.0 0.09
599 178223 0.0 0.09
600 178523 0.0 0.09
601 178786 1.0 0.1
602 178983 1.0 0.11
603 179283 0.0 0.11
604 179583 0.0 0.11
605 179883 0.0 0.11
606 180183 0.0 0.1
607 180483 0.0 0.1
608 180783 0.0 0.1
609 181083 0.0 0.09
610 181220 1.0 0.1
611 181405 1.0 0.11
612 181659 1.0 0.11
613 181775 1.0 0.12
614 182075 0.0 0.12
615 182375 0.0 0.12
616 182597 1.0 0.13
617 182840 1.0 0.14
618 183140 0.0 0.14
619 183366 1.0 0.15
620 183666 0.0 0.15
621 183966 0.0 0.15
622 184170 1.0 0.16
623 184470 0.0 0.16
624 184770 0.0 0.16
625 184871 1.0 0.17
626 185171 0.0 0.17
627 185471 0.0 0.17
628 185771 0.0 0.17
629 186071 0.0 0.17
630 186371 0.0 0.16
631 186671 0.0 0.16
632 186971 0.0 0.16
633 187209 1.0 0.17
634 187509 0.0 0.17
635 187809 0.0 0.17
636 187902 1.0 0.18
637 187999 1.0 0.19
638 188299 0.0 0.19
639 188599 0.0 0.19
640 188899 0.0 0.19
641 189180 1.0 0.2
642 189480 0.0 0.2
643 189620 1.0 0.21
644 189903 1.0 0.22
645 190203 0.0 0.22
646 190503 0.0 0.22
647 190700 1.0 0.23
648 190972 1.0 0.24
649 191146 1.0 0.25
650 191322 1.0 0.26
651 191457 1.0 0.27
652 191757 0.0 0.27
653 192057 0.0 0.27
654 192260 1.0 0.28
655 192560 0.0 0.28
656 192860 0.0 0.28
657 193157 1.0 0.29
658 193303 1.0 0.3
659 193578 1.0 0.31
660 193771 1.0 0.31
661 194071 0.0 0.31
662 194371 0.0 0.31
663 194671 0.0 0.31
664 194971 0.0 0.31
665 195271 0.0 0.31
666 195571 0.0 0.31
667 195715 1.0 0.32
668 196015 0.0 0.31
669 196315 0.0 0.31
670 196476 1.0 0.31
671 196776 0.0 0.31
672 197041 1.0 0.32
673 197341 0.0 0.32
674 197641 0.0 0.31
675 197801 1.0 0.32
676 198101 0.0 0.32
677 198401 0.0 0.32
678 198701 0.0 0.31
679 198806 1.0 0.32
680 198966 1.0 0.33
681 199266 0.0 0.33
682 199566 0.0 0.33
683 199815 1.0 0.34
684 200068 1.0 0.35
685 200345 1.0 0.36
686 200645 0.0 0.36
687 200945 0.0 0.36
688 201152 1.0 0.37
689 201452 0.0 0.37
690 201752 0.0 0.37
691 201989 1.0 0.38
692 202289 0.0 0.38
693 202589 0.0 0.38
694 202889 0.0 0.38
695 203189 0.0 0.38
696 203489 0.0 0.38
697 203789 0.0 0.38
698 204089 0.0 0.38
699 204327 1.0 0.39
700 204627 0.0 0.39
701 204890 1.0 0.39
702 205190 0.0 0.38
703 205410 1.0 0.39
704 205710 0.0 0.39
705 206010 0.0 0.39
706 206310 0.0 0.39
707 206610 0.0 0.39
708 206910 0.0 0.39
709 207210 0.0 0.39
710 207314 1.0 0.39
711 207559 1.0 0.39
712 207859 0.0 0.38
713 208159 0.0 0.37
714 208459 0.0 0.37
715 208759 0.0 0.37
716 208865 1.0 0.37
717 209039 1.0 0.37
718 209252 1.0 0.38
719 209552 0.0 0.37
720 209852 0.0 0.37
721 210012 1.0 0.38
722 210309 1.0 0.38
723 210609 0.0 0.38
724 210839 1.0 0.39
725 211053 1.0 0.39
726 211256 1.0 0.4
727 211342 1.0 0.41
728 211470 1.0 0.42
729 211770 0.0 0.42
730 212070 0.0 0.42
731 212370 0.0 0.42
732 212670 0.0 0.42
733 212828 1.0 0.42
734 213063 1.0 0.43
735 213363 0.0 0.43
736 213529 1.0 0.43
737 213829 0.0 0.42
738 213935 1.0 0.43
739 214057 1.0 0.44
740 214159 1.0 0.45
741 214259 1.0 0.45
742 214559 0.0 0.45
743 214685 1.0 0.45
744 214985 0.0 0.44
745 215221 1.0 0.45
746 215476 1.0 0.46
747 215776 0.0 0.45
748 215957 1.0 0.45
749 216087 1.0 0.45
750 216387 0.0 0.44
751 216687 0.0 0.43
752 216987 0.0 0.43
753 217287 0.0 0.43
754 217428 1.0 0.43
755 217728 0.0 0.43
756 218028 0.0 0.43
757 218328 0.0 0.42
758 218628 0.0 0.41
759 218745 1.0 0.41
760 219045 0.0 0.4
761 219345 0.0 0.4
762 219645 0.0 0.4
763 219945 0.0 0.4
764 220157 1.0 0.41
765 220296 1.0 0.42
766 220438 1.0 0.43
767 220648 1.0 0.43
768 220948 0.0 0.43
769 221248 0.0 0.43
770 221377 1.0 0.43
771 221677 0.0 0.43
772 221886 1.0 0.43
773 222111 1.0 0.44
774 222411 0.0 0.44
775 222711 0.0 0.43
776 223011 0.0 0.43
777 223311 0.0 0.43
778 223523 1.0 0.44
779 223823 0.0 0.43
780 224123 0.0 0.42
781 224354 1.0 0.43
782 224654 0.0 0.43
783 224803 1.0 0.43
784 224947 1.0 0.43
785 225247 0.0 0.42
786 225345 1.0 0.43
787 225520 1.0 0.44
788 225820 0.0 0.43
789 225890 1.0 0.44
790 226190 0.0 0.44
791 226490 0.0 0.43
792 226790 0.0 0.43
793 227016 1.0 0.44
794 227316 0.0 0.44
795 227453 1.0 0.45
796 227753 0.0 0.45
797 227839 1.0 0.46
798 227959 1.0 0.47
799 228259 0.0 0.46
800 228442 1.0 0.47
801 228742 0.0 0.46
802 229042 0.0 0.46
803 229194 1.0 0.46
804 229328 1.0 0.47
805 229628 0.0 0.47
806 229928 0.0 0.47
807 230006 1.0 0.48
808 230306 0.0 0.48
809 230606 0.0 0.48
810 230884 1.0 0.48
811 231184 0.0 0.47
812 231484 0.0 0.47
813 231707 1.0 0.48
814 231798 1.0 0.49
815 231910 1.0 0.5
816 232021 1.0 0.5
817 232321 0.0 0.49
818 232474 1.0 0.49
819 232774 0.0 0.49
820 232935 1.0 0.5
821 233058 1.0 0.5
822 233200 1.0 0.5
823 233278 1.0 0.51
824 233578 0.0 0.5
825 233827 1.0 0.5
826 234127 0.0 0.49
827 234427 0.0 0.48
828 234727 0.0 0.47
829 235027 0.0 0.47
830 235252 1.0 0.48
831 235508 1.0 0.49
832 235591 1.0 0.5
833 235729 1.0 0.5
834 235888 1.0 0.5
835 236180 1.0 0.51
836 236251 1.0 0.51
837 236551 0.0 0.51
838 236851 0.0 0.5
839 237151 0.0 0.49
840 237451 0.0 0.48
841 237624 1.0 0.48
842 237924 0.0 0.48
843 238224 0.0 0.47
844 238524 0.0 0.47
845 238754 1.0 0.47
846 239054 0.0 0.46
847 239354 0.0 0.46
848 239654 0.0 0.45
849 239954 0.0 0.44
850 240254 0.0 0.44
851 240551 1.0 0.45
852 240851 0.0 0.45
853 241125 1.0 0.46
854 241285 1.0 0.46
855 241363 1.0 0.47
856 241476 1.0 0.48
857 241627 1.0 0.49
858 241755 1.0 0.5
859 241990 1.0 0.5
860 242290 0.0 0.5
861 242454 1.0 0.51
862 242520 1.0 0.52
863 242738 1.0 0.53
864 242892 1.0 0.53
865 242999 1.0 0.53
866 243080 1.0 0.53
867 243176 1.0 0.53
868 243386 1.0 0.54
869 243472 1.0 0.55
870 243772 0.0 0.54
871 244072 0.0 0.54
872 244141 1.0 0.54
873 244298 1.0 0.54
874 244566 1.0 0.55
875 244668 1.0 0.56
876 244968 0.0 0.56
877 245104 1.0 0.57
878 245404 0.0 0.56
879 245704 0.0 0.56
880 246004 0.0 0.56
881 246100 1.0 0.56
882 246280 1.0 0.57
883 246476 1.0 0.57
884 246689 1.0 0.57
885 246782 1.0 0.58
886 246979 1.0 0.58
887 247086 1.0 0.58
888 247358 1.0 0.59
889 247602 1.0 0.59
890 247814 1.0 0.6
891 248005 1.0 0.61
892 248305 0.0 0.61
893 248605 0.0 0.6
894 248905 0.0 0.6
895 249022 1.0 0.6
896 249191 1.0 0.61
897 249362 1.0 0.61
898 249629 1.0 0.61
899 249929 0.0 0.61
900 250229 0.0 0.6
901 250455 1.0 0.61
902 250755 0.0 0.61
903 250901 1.0 0.61
904 251201 0.0 0.6
905 251428 1.0 0.61
906 251728 0.0 0.61
907 252028 0.0 0.6
908 252328 0.0 0.6
909 252628 0.0 0.6
910 252737 1.0 0.6
911 253037 0.0 0.6
912 253225 1.0 0.61
913 253462 1.0 0.61
914 253543 1.0 0.61
915 253843 0.0 0.6
916 254143 0.0 0.59
917 254264 1.0 0.6
918 254405 1.0 0.6
919 254598 1.0 0.61
920 254872 1.0 0.61
921 255003 1.0 0.61
922 255250 1.0 0.61
923 255547 1.0 0.61
924 255847 0.0 0.61
925 256147 0.0 0.6
926 256433 1.0 0.61
927 256609 1.0 0.62
928 256840 1.0 0.63
929 257140 0.0 0.63
930 257440 0.0 0.62
931 257740 0.0 0.61
932 257819 1.0 0.61
933 257990 1.0 0.61
934 258078 1.0 0.61
935 258240 1.0 0.61
936 258420 1.0 0.61
937 258720 0.0 0.61
938 258832 1.0 0.62
939 258990 1.0 0.63
940 259109 1.0 0.64
941 259383 1.0 0.64
942 259683 0.0 0.64
943 259909 1.0 0.65
944 260170 1.0 0.66
945 260335 1.0 0.66
946 260635 0.0 0.66
947 260935 0.0 0.66
948 261235 0.0 0.66
949 261535 0.0 0.66
950 261835 0.0 0.66
951 262087 1.0 0.66
952 262179 1.0 0.67
953 262345 1.0 0.67
954 262530 1.0 0.67
955 262830 0.0 0.66
956 263122 1.0 0.66
957 263270 1.0 0.66
958 263570 0.0 0.65
959 263870 0.0 0.64
960 264108 1.0 0.65
961 264408 0.0 0.64
962 264708 0.0 0.63
963 264894 1.0 0.63
964 265164 1.0 0.63
965 265464 0.0 0.62
966 265680 1.0 0.62
967 265851 1.0 0.62
968 266151 0.0 0.61
969 266451 0.0 0.6
970 266642 1.0 0.61
971 266942 0.0 0.61
972 267242 0.0 0.6
973 267338 1.0 0.6
974 267485 1.0 0.6
975 267631 1.0 0.6
976 267745 1.0 0.61
977 267924 1.0 0.61
978 268045 1.0 0.62
979 268345 0.0 0.62
980 268473 1.0 0.63
981 268773 0.0 0.62
982 269073 0.0 0.61
983 269281 1.0 0.61
984 269376 1.0 0.61
985 269574 1.0 0.61
986 269874 0.0 0.6
987 270054 1.0 0.6
988 270214 1.0 0.6
989 270514 0.0 0.59
990 270814 0.0 0.58
991 270915 1.0 0.58
992 271215 0.0 0.58
993 271443 1.0 0.59
994 271548 1.0 0.6
995 271621 1.0 0.6
996 271921 0.0 0.59
997 272221 0.0 0.58
998 272521 0.0 0.57
999 272821 0.0 0.57
1000 272972 1.0 0.58
1001 273174 1.0 0.58
1002 273474 0.0 0.58
1003 273774 0.0 0.57
1004 273888 1.0 0.58
1005 274188 0.0 0.57
1006 274422 1.0 0.58
1007 274722 0.0 0.58
1008 275022 0.0 0.58
1009 275098 1.0 0.59
1010 275269 1.0 0.59
1011 275569 0.0 0.59
1012 275640 1.0 0.59
1013 275768 1.0 0.59
1014 276001 1.0 0.59
1015 276301 0.0 0.59
1016 276601 0.0 0.59
1017 276842 1.0 0.59
1018 277142 0.0 0.58
1019 277442 0.0 0.57
1020 277687 1.0 0.57
1021 277882 1.0 0.57
1022 278182 0.0 0.56
1023 278482 0.0 0.55
1024 278631 1.0 0.56
1025 278931 0.0 0.56
1026 279017 1.0 0.56
1027 279317 0.0 0.55
1028 279487 1.0 0.55
1029 279787 0.0 0.55
1030 280087 0.0 0.55
1031 280387 0.0 0.55
1032 280668 1.0 0.55
1033 280968 0.0 0.54
1034 281164 1.0 0.54
1035 281268 1.0 0.54
1036 281345 1.0 0.54
1037 281456 1.0 0.55
1038 281542 1.0 0.55
1039 281652 1.0 0.55
1040 281787 1.0 0.55
1041 281983 1.0 0.55
1042 282199 1.0 0.56
1043 282416 1.0 0.56
1044 282593 1.0 0.56
1045 282815 1.0 0.56
1046 283052 1.0 0.57
1047 283309 1.0 0.58
1048 283489 1.0 0.59
1049 283789 0.0 0.59
1050 284059 1.0 0.6
1051 284355 1.0 0.6
1052 284567 1.0 0.6
1053 284867 0.0 0.59
1054 284971 1.0 0.59
1055 285061 1.0 0.6
1056 285217 1.0 0.6
1057 285464 1.0 0.6
1058 285605 1.0 0.61
1059 285735 1.0 0.62
1060 286035 0.0 0.61
1061 286335 0.0 0.61
1062 286635 0.0 0.61
1063 286935 0.0 0.6
1064 287235 0.0 0.59
1065 287329 1.0 0.6
1066 287425 1.0 0.6
1067 287610 1.0 0.6
1068 287723 1.0 0.61
1069 287949 1.0 0.62
1070 288249 0.0 0.61
1071 288383 1.0 0.62
1072 288504 1.0 0.63
1073 288804 0.0 0.62
1074 289073 1.0 0.62
1075 289262 1.0 0.62
1076 289395 1.0 0.62
1077 289695 0.0 0.61
1078 289995 0.0 0.6
1079 290295 0.0 0.6
1080 290502 1.0 0.6
1081 290802 0.0 0.6
1082 291102 0.0 0.6
1083 291402 0.0 0.59
1084 291702 0.0 0.58
1085 291904 1.0 0.58
1086 292204 0.0 0.58
1087 292504 0.0 0.57
1088 292804 0.0 0.56
1089 292871 1.0 0.57
1090 293023 1.0 0.58
1091 293323 0.0 0.57
1092 293623 0.0 0.57
1093 293744 1.0 0.57
1094 293947 1.0 0.57
1095 294247 0.0 0.56
1096 294399 1.0 0.57
1097 294699 0.0 0.57
1098 294814 1.0 0.58
1099 295114 0.0 0.58
1100 295414 0.0 0.57
1101 295714 0.0 0.56
1102 295802 1.0 0.57
1103 295951 1.0 0.58
1104 296057 1.0 0.58
1105 296357 0.0 0.58
1106 296503 1.0 0.58
1107 296704 1.0 0.59
1108 296790 1.0 0.6
1109 297090 0.0 0.59
1110 297390 0.0 0.58
1111 297690 0.0 0.58
1112 297815 1.0 0.58
1113 297913 1.0 0.58
1114 298213 0.0 0.57
1115 298355 1.0 0.58
1116 298586 1.0 0.59
1117 298842 1.0 0.59
1118 299142 0.0 0.59
1119 299326 1.0 0.6
1120 299481 1.0 0.6
1121 299638 1.0 0.6
1122 299840 1.0 0.61
1123 300126 1.0 0.62
1124 300323 1.0 0.62
1125 300543 1.0 0.63
1126 300843 0.0 0.62
1127 300935 1.0 0.63
1128 301235 0.0 0.62
1129 301510 1.0 0.63
1130 301810 0.0 0.63
1131 301919 1.0 0.64
1132 302219 0.0 0.63
1133 302315 1.0 0.64
1134 302474 1.0 0.64
1135 302539 1.0 0.64
1136 302839 0.0 0.63
1137 303053 1.0 0.63
1138 303167 1.0 0.63
1139 303467 0.0 0.62
1140 303738 1.0 0.62
1141 303899 1.0 0.62
1142 304062 1.0 0.62
1143 304362 0.0 0.61
1144 304441 1.0 0.61
1145 304632 1.0 0.61
1146 304932 0.0 0.6
1147 305079 1.0 0.6
1148 305324 1.0 0.6
1149 305624 0.0 0.6
1150 305924 0.0 0.59
1151 306133 1.0 0.59
1152 306403 1.0 0.59
1153 306703 0.0 0.59
1154 307003 0.0 0.58
1155 307303 0.0 0.57
1156 307603 0.0 0.56
1157 307724 1.0 0.56
1158 307812 1.0 0.56
1159 308112 0.0 0.55
1160 308208 1.0 0.56
1161 308432 1.0 0.57
1162 308719 1.0 0.58
1163 308859 1.0 0.59
1164 309159 0.0 0.59
1165 309439 1.0 0.59
1166 309544 1.0 0.59
1167 309844 0.0 0.58
1168 310144 0.0 0.57
1169 310253 1.0 0.57
1170 310553 0.0 0.57
1171 310853 0.0 0.56
1172 311153 0.0 0.55
1173 311285 1.0 0.56
1174 311585 0.0 0.55
1175 311851 1.0 0.55
1176 311984 1.0 0.55
1177 312089 1.0 0.56
1178 312320 1.0 0.57
1179 312620 0.0 0.57
1180 312681 1.0 0.57
1181 312981 0.0 0.57
1182 313060 1.0 0.58
1183 313189 1.0 0.59
1184 313386 1.0 0.6
1185 313497 1.0 0.6
1186 313797 0.0 0.6
1187 314097 0.0 0.6
1188 314263 1.0 0.61
1189 314381 1.0 0.61
1190 314681 0.0 0.6
1191 314775 1.0 0.61
1192 315075 0.0 0.61
1193 315375 0.0 0.6
1194 315478 1.0 0.6
1195 315778 0.0 0.6
1196 316078 0.0 0.59
1197 316325 1.0 0.6
1198 316400 1.0 0.6
1199 316571 1.0 0.61
1200 316673 1.0 0.62
1201 316973 0.0 0.62
1202 317222 1.0 0.62
1203 317331 1.0 0.62
1204 317417 1.0 0.62
1205 317515 1.0 0.63
1206 317590 1.0 0.63
1207 317890 0.0 0.62
1208 318055 1.0 0.62
1209 318242 1.0 0.63
1210 318328 1.0 0.64
1211 318628 0.0 0.64
1212 318928 0.0 0.63
1213 319228 0.0 0.62
1214 319482 1.0 0.63
1215 319782 0.0 0.62
1216 319912 1.0 0.62
1217 320092 1.0 0.62
1218 320392 0.0 0.62
1219 320692 0.0 0.61
1220 320992 1.0 0.61
1221 321292 0.0 0.6
1222 321439 1.0 0.6
1223 321542 1.0 0.6
1224 321750 1.0 0.6
1225 322050 0.0 0.59
1226 322122 1.0 0.6
1227 322422 0.0 0.59
1228 322722 0.0 0.59
1229 322898 1.0 0.59
1230 322974 1.0 0.6
1231 323175 1.0 0.6
1232 323387 1.0 0.61
1233 323687 0.0 0.6
1234 323829 1.0 0.6
1235 324129 0.0 0.59
1236 324221 1.0 0.6
1237 324451 1.0 0.6
1238 324751 0.0 0.59
1239 324824 1.0 0.6
1240 324956 1.0 0.6
1241 325256 0.0 0.59
1242 325384 1.0 0.59
1243 325464 1.0 0.6
1244 325764 0.0 0.59
1245 325950 1.0 0.59
1246 326250 1.0 0.6
1247 326427 1.0 0.6
1248 326520 1.0 0.6
1249 326798 1.0 0.61
1250 327098 0.0 0.61
1251 327312 1.0 0.61
1252 327405 1.0 0.61
1253 327550 1.0 0.62
1254 327644 1.0 0.63
1255 327845 1.0 0.64
1256 328086 1.0 0.65
1257 328167 1.0 0.65
1258 328406 1.0 0.65
1259 328471 1.0 0.66
1260 328561 1.0 0.66
1261 328671 1.0 0.66
1262 328771 1.0 0.66
1263 329026 1.0 0.66
1264 329326 0.0 0.66
1265 329397 1.0 0.66
1266 329577 1.0 0.66
1267 329781 1.0 0.67
1268 330081 0.0 0.67
1269 330381 0.0 0.66
1270 330507 1.0 0.67
1271 330707 1.0 0.68
1272 330965 1.0 0.69
1273 331161 1.0 0.69
1274 331268 1.0 0.7
1275 331514 1.0 0.7
1276 331569 1.0 0.7
1277 331695 1.0 0.7
1278 331783 1.0 0.7
1279 331846 1.0 0.71
1280 331985 1.0 0.71
1281 332206 1.0 0.72
1282 332312 1.0 0.72
1283 332612 0.0 0.71
1284 332781 1.0 0.71
1285 333044 1.0 0.71
1286 333344 0.0 0.71
1287 333452 1.0 0.72
1288 333639 1.0 0.72
1289 333760 1.0 0.72
1290 334060 0.0 0.72
1291 334162 1.0 0.72
1292 334462 0.0 0.72
1293 334611 1.0 0.73
1294 334788 1.0 0.73
1295 334954 1.0 0.74
1296 335053 1.0 0.75
1297 335175 1.0 0.75
1298 335372 1.0 0.75
1299 335672 0.0 0.74
1300 335972 0.0 0.73
1301 336272 0.0 0.73
1302 336340 1.0 0.73
1303 336430 1.0 0.73
1304 336517 1.0 0.73
1305 336801 1.0 0.73
1306 337054 1.0 0.73
1307 337345 1.0 0.74
1308 337603 1.0 0.74
1309 337747 1.0 0.74
1310 337857 1.0 0.74
1311 338157 0.0 0.74
1312 338457 0.0 0.74
1313 338757 0.0 0.74
1314 338960 1.0 0.74
1315 339058 1.0 0.75
1316 339130 1.0 0.75
1317 339269 1.0 0.75
1318 339539 1.0 0.76
1319 339839 0.0 0.76
1320 340139 0.0 0.75
1321 340221 1.0 0.76
1322 340521 0.0 0.75
1323 340821 0.0 0.74
1324 341121 0.0 0.73
1325 341421 0.0 0.73
1326 341587 1.0 0.73
1327 341777 1.0 0.74
1328 341949 1.0 0.75
1329 342157 1.0 0.75
1330 342457 0.0 0.74
1331 342518 1.0 0.74
1332 342818 0.0 0.73
1333 342904 1.0 0.74
1334 343002 1.0 0.74
1335 343079 1.0 0.75
1336 343278 1.0 0.75
1337 343442 1.0 0.75
1338 343524 1.0 0.76
1339 343675 1.0 0.76
1340 343975 0.0 0.75
1341 344085 1.0 0.76
1342 344228 1.0 0.76
1343 344528 0.0 0.75
1344 344608 1.0 0.76
1345 344756 1.0 0.76
1346 344847 1.0 0.76
1347 344938 1.0 0.76
1348 345238 0.0 0.75
1349 345335 1.0 0.75
1350 345635 0.0 0.75
1351 345935 0.0 0.74
1352 346068 1.0 0.74
1353 346140 1.0 0.74
1354 346440 0.0 0.73
1355 346740 0.0 0.72
1356 346821 1.0 0.72
1357 347064 1.0 0.72
1358 347313 1.0 0.72
1359 347613 0.0 0.71
1360 347812 1.0 0.71
1361 348112 0.0 0.7
1362 348412 0.0 0.69
1363 348624 1.0 0.69
1364 348709 1.0 0.7
1365 348800 1.0 0.7
1366 349100 0.0 0.69
1367 349213 1.0 0.69
1368 349285 1.0 0.7
1369 349585 0.0 0.7
1370 349797 1.0 0.7
1371 349886 1.0 0.7
1372 350186 0.0 0.69
1373 350471 1.0 0.69
1374 350614 1.0 0.69
1375 350727 1.0 0.69
1376 351027 0.0 0.68
1377 351188 1.0 0.68
1378 351332 1.0 0.68
1379 351596 1.0 0.68
1380 351831 1.0 0.68
1381 352131 0.0 0.67
1382 352431 0.0 0.66
1383 352731 0.0 0.66
1384 352810 1.0 0.66
1385 352976 1.0 0.66
1386 353193 1.0 0.67
1387 353471 1.0 0.67
1388 353584 1.0 0.67
1389 353787 1.0 0.67
1390 353959 1.0 0.68
1391 354029 1.0 0.68
1392 354133 1.0 0.69
1393 354254 1.0 0.69
1394 354364 1.0 0.69
1395 354646 1.0 0.69
1396 354826 1.0 0.69
1397 355099 1.0 0.69
1398 355399 0.0 0.68
1399 355683 1.0 0.69
1400 355755 1.0 0.7
1401 355846 1.0 0.71
1402 356146 0.0 0.7
1403 356446 0.0 0.69
1404 356598 1.0 0.69
1405 356735 1.0 0.69
1406 356880 1.0 0.69
1407 357003 1.0 0.69
1408 357075 1.0 0.69
1409 357375 0.0 0.68
1410 357455 1.0 0.68
1411 357580 1.0 0.69
1412 357690 1.0 0.7
1413 357990 0.0 0.7
1414 358290 0.0 0.69
1415 358389 1.0 0.69
1416 358628 1.0 0.69
1417 358928 0.0 0.68
1418 359228 0.0 0.67
1419 359528 0.0 0.67
1420 359657 1.0 0.68
1421 359765 1.0 0.68
1422 359871 1.0 0.69
1423 359982 1.0 0.7
1424 360064 1.0 0.71
1425 360137 1.0 0.72
1426 360367 1.0 0.72
1427 360667 0.0 0.71
1428 360754 1.0 0.71
1429 360887 1.0 0.71
1430 361072 1.0 0.72
1431 361372 0.0 0.71
1432 361672 0.0 0.71
1433 361875 1.0 0.71
1434 362069 1.0 0.71
1435 362314 1.0 0.71
1436 362397 1.0 0.71
1437 362482 1.0 0.71
1438 362566 1.0 0.71
1439 362718 1.0 0.71
1440 362906 1.0 0.72
1441 362985 1.0 0.72
1442 363106 1.0 0.72
1443 363182 1.0 0.73
1444 363256 1.0 0.73
1445 363416 1.0 0.73
1446 363716 0.0 0.72
1447 363781 1.0 0.72
1448 364032 1.0 0.73
1449 364153 1.0 0.73
1450 364286 1.0 0.74
1451 364391 1.0 0.75
1452 364521 1.0 0.75
1453 364639 1.0 0.75
1454 364733 1.0 0.76
1455 365033 0.0 0.76
1456 365217 1.0 0.76
1457 365514 1.0 0.76
1458 365665 1.0 0.76
1459 365882 1.0 0.77
1460 366140 1.0 0.77
1461 366386 1.0 0.78
1462 366620 1.0 0.79
1463 366920 0.0 0.78
1464 367074 1.0 0.78
1465 367374 0.0 0.77
1466 367464 1.0 0.78
1467 367561 1.0 0.78
1468 367861 0.0 0.77
1469 368114 1.0 0.78
1470 368414 0.0 0.77
1471 368550 1.0 0.77
1472 368679 1.0 0.78
1473 368789 1.0 0.78
1474 369089 0.0 0.77
1475 369389 0.0 0.76
1476 369529 1.0 0.77
1477 369666 1.0 0.77
1478 369964 1.0 0.77
1479 370227 1.0 0.77
1480 370371 1.0 0.77
1481 370671 0.0 0.77
1482 370836 1.0 0.78
1483 370925 1.0 0.79
1484 371099 1.0 0.79
1485 371208 1.0 0.79
1486 371508 0.0 0.78
1487 371808 0.0 0.77
1488 371893 1.0 0.77
1489 372093 1.0 0.77
1490 372336 1.0 0.77
1491 372407 1.0 0.77
1492 372707 0.0 0.76
1493 372863 1.0 0.76
1494 373151 1.0 0.76
1495 373425 1.0 0.76
1496 373628 1.0 0.76
1497 373928 0.0 0.75
1498 374171 1.0 0.76
1499 374388 1.0 0.76
1500 374688 0.0 0.75
1501 374820 1.0 0.75
1502 375120 0.0 0.75
1503 375420 0.0 0.75
1504 375503 1.0 0.75
1505 375803 0.0 0.74
1506 375899 1.0 0.74
1507 376199 0.0 0.73
1508 376401 1.0 0.73
1509 376505 1.0 0.74
1510 376650 1.0 0.74
1511 376950 0.0 0.73
1512 377056 1.0 0.73
1513 377155 1.0 0.74
1514 377447 1.0 0.75
1515 377641 1.0 0.75
1516 377848 1.0 0.75
1517 378002 1.0 0.76
1518 378203 1.0 0.77
1519 378503 0.0 0.77
1520 378803 0.0 0.76
1521 378860 1.0 0.76
1522 379043 1.0 0.76
1523 379251 1.0 0.76
1524 379383 1.0 0.76
1525 379613 1.0 0.76
1526 379669 1.0 0.76
1527 379799 1.0 0.77
1528 379939 1.0 0.77
1529 380033 1.0 0.77
1530 380188 1.0 0.77
1531 380294 1.0 0.78
1532 380403 1.0 0.79
1533 380703 0.0 0.78
1534 380806 1.0 0.78
1535 380933 1.0 0.78
1536 381064 1.0 0.78
1537 381364 0.0 0.77
1538 381589 1.0 0.77
1539 381742 1.0 0.77
1540 382042 0.0 0.76
1541 382264 1.0 0.76
1542 382546 1.0 0.76
1543 382846 0.0 0.75
1544 383146 0.0 0.74
1545 383446 0.0 0.73
1546 383535 1.0 0.74
1547 383782 1.0 0.74
1548 384082 0.0 0.73
1549 384310 1.0 0.73
1550 384610 0.0 0.72
1551 384880 1.0 0.72
1552 385180 0.0 0.71
1553 385471 1.0 0.71
1554 385771 0.0 0.7
1555 386071 0.0 0.7
1556 386165 1.0 0.7
1557 386339 1.0 0.7
1558 386639 0.0 0.69
1559 386834 1.0 0.69
1560 387134 0.0 0.68
1561 387434 0.0 0.67
1562 387734 0.0 0.66
1563 387906 1.0 0.67
1564 388206 0.0 0.66
1565 388275 1.0 0.67
1566 388340 1.0 0.67
1567 388454 1.0 0.67
1568 388551 1.0 0.68
1569 388626 1.0 0.68
1570 388836 1.0 0.69
1571 388945 1.0 0.69
1572 389245 0.0 0.68
1573 389317 1.0 0.68
1574 389536 1.0 0.69
1575 389616 1.0 0.7
1576 389786 1.0 0.7
1577 389887 1.0 0.7
1578 389968 1.0 0.7
1579 390083 1.0 0.7
1580 390383 0.0 0.69
1581 390531 1.0 0.7
1582 390672 1.0 0.7
1583 390790 1.0 0.7
1584 390894 1.0 0.7
1585 391194 0.0 0.69
1586 391263 1.0 0.7
1587 391409 1.0 0.71
1588 391576 1.0 0.71
1589 391865 1.0 0.71
1590 392084 1.0 0.71
1591 392221 1.0 0.71
1592 392500 1.0 0.72
1593 392791 1.0 0.72
1594 392905 1.0 0.72
1595 393205 0.0 0.71
1596 393396 1.0 0.71
1597 393461 1.0 0.72
1598 393761 0.0 0.71
1599 393880 1.0 0.71
1600 393997 1.0 0.72
1601 394174 1.0 0.72
1602 394474 0.0 0.72
1603 394774 0.0 0.72
1604 395074 0.0 0.71
1605 395374 0.0 0.71
1606 395674 0.0 0.7
1607 395974 0.0 0.7
1608 396068 1.0 0.7
1609 396199 1.0 0.7
1610 396352 1.0 0.7
1611 396652 0.0 0.7
1612 396783 1.0 0.7
1613 396985 1.0 0.7
1614 397148 1.0 0.7
1615 397373 1.0 0.7
1616 397494 1.0 0.7
1617 397563 1.0 0.7
1618 397628 1.0 0.7
1619 397809 1.0 0.71
1620 398109 0.0 0.71
1621 398212 1.0 0.71
1622 398318 1.0 0.71
1623 398618 0.0 0.7
1624 398918 0.0 0.69
1625 399218 0.0 0.68
1626 399317 1.0 0.68
1627 399462 1.0 0.68
1628 399559 1.0 0.68
1629 399859 0.0 0.67
1630 399936 1.0 0.67
1631 400030 1.0 0.67
