1 200 0.47000000000000003
2 400 0.48
3 600 0.4900000000000001
4 800 0.51
5 1000 0.53
6 1200 0.54
7 1400 0.56
8 1600 0.5700000000000001
9 1800 0.5900000000000001
10 2000 0.61
11 2200 0.6300000000000001
12 2400 0.6500000000000001
13 2600 0.67
14 2800 0.6900000000000001
15 3000 0.7200000000000001
16 3200 0.7400000000000001
17 3400 0.7600000000000001
18 3600 0.7800000000000001
19 3800 0.8000000000000002
20 4000 0.8200000000000001
21 4200 0.8400000000000001
22 4400 0.8700000000000001
23 4600 0.8900000000000001
24 4800 0.9100000000000001
25 5000 0.93
26 5200 0.9500000000000001
27 5400 0.9700000000000001
28 5600 0.9900000000000001
29 5800 1.01
30 6000 1.03
31 6200 1.05
32 6400 1.08
33 6600 1.1
34 6800 1.12
35 7000 1.1400000000000001
36 7200 1.1600000000000001
37 7400 1.1800000000000002
38 7600 1.2000000000000002
39 7800 1.2300000000000002
40 8000 1.2500000000000002
41 8200 1.2700000000000002
42 8400 1.2900000000000003
43 8600 1.31
44 8800 1.34
45 9000 1.35
46 9200 1.37
47 9400 1.3800000000000001
48 9600 1.4000000000000001
49 9800 1.4100000000000001
50 10000 1.4300000000000002
51 10200 1.4400000000000004
52 10400 1.4600000000000002
53 10600 1.48
54 10800 1.5
55 11000 1.5100000000000002
56 11200 1.53
57 11400 1.54
58 11600 1.56
59 11800 1.58
60 12000 1.6
61 12200 1.61
62 12400 1.6300000000000001
63 12600 1.6500000000000001
64 12800 1.6700000000000002
65 13000 1.6800000000000002
66 13200 1.7000000000000002
67 13400 1.7200000000000002
68 13600 1.7400000000000002
69 13800 1.7600000000000002
70 14000 1.7900000000000003
71 14200 1.8200000000000003
72 14400 1.8400000000000003
73 14600 1.8600000000000003
74 14800 1.8800000000000003
75 15000 1.9000000000000004
76 15200 1.9200000000000004
77 15400 1.9300000000000004
78 15600 1.9300000000000004
79 15800 1.9400000000000002
80 16000 1.9700000000000004
81 16200 1.9900000000000002
82 16400 2.02
83 16600 2.02
84 16800 2.0300000000000002
85 17000 2.04
86 17200 2.05
87 17400 2.0599999999999996
88 17600 2.0799999999999996
89 17800 2.099999999999999
90 18000 2.119999999999999
91 18200 2.1399999999999992
92 18400 2.1499999999999995
93 18600 2.1599999999999993
94 18800 2.1799999999999993
95 19000 2.1999999999999993
96 19200 2.2199999999999993
97 19400 2.2299999999999995
98 19600 2.2399999999999993
99 19800 2.2599999999999993
100 20000 2.2699999999999996
101 20200 2.289999999999999
102 20400 2.3099999999999996
103 20600 2.329999999999999
104 20800 2.3399999999999994
105 21000 2.3499999999999996
106 21200 2.369999999999999
107 21400 2.3799999999999994
108 21600 2.3999999999999995
109 21800 2.4099999999999993
110 22000 2.4199999999999995
111 22200 2.4299999999999997
112 22400 2.4399999999999995
113 22600 2.4499999999999993
114 22761 2.4599999999999995
115 22961 2.4599999999999995
116 23161 2.4699999999999998
117 23361 2.4799999999999995
118 23561 2.4899999999999993
119 23761 2.4999999999999996
120 23961 2.51
121 24062 2.5199999999999996
122 24262 2.5199999999999996
123 24462 2.5299999999999994
124 24662 2.5399999999999996
125 24862 2.55
126 25062 2.5599999999999996
127 25262 2.5699999999999994
128 25462 2.579999999999999
129 25662 2.589999999999999
130 25862 2.599999999999999
131 26057 2.6099999999999994
132 26257 2.6099999999999994
133 26457 2.619999999999999
134 26657 2.629999999999999
135 26857 2.6399999999999997
136 27057 2.6499999999999995
137 27257 2.6599999999999993
138 27364 2.669999999999999
139 27564 2.669999999999999
140 27764 2.6799999999999993
141 27964 2.6899999999999995
142 28164 2.6999999999999993
143 28293 2.709999999999999
144 28493 2.709999999999999
145 28693 2.719999999999999
146 28893 2.7299999999999995
147 29093 2.7399999999999993
148 29293 2.749999999999999
149 29493 2.759999999999999
150 29693 2.7699999999999996
151 29893 2.7799999999999994
152 30093 2.789999999999999
153 30293 2.799999999999999
154 30493 2.809999999999999
155 30693 2.8199999999999994
156 30795 2.829999999999999
157 30995 2.829999999999999
158 31195 2.839999999999999
159 31271 2.8499999999999988
160 31455 2.849999999999999
161 31655 2.849999999999999
162 31755 2.859999999999999
163 31955 2.859999999999999
164 32155 2.869999999999999
165 32355 2.879999999999999
166 32454 2.889999999999999
167 32654 2.889999999999999
168 32854 2.899999999999999
169 33008 2.9099999999999993
170 33115 2.9099999999999993
171 33315 2.9099999999999993
172 33515 2.919999999999999
173 33627 2.929999999999999
174 33827 2.929999999999999
175 33993 2.939999999999999
176 34193 2.939999999999999
177 34393 2.9499999999999993
178 34593 2.959999999999999
179 34734 2.969999999999999
180 34827 2.969999999999999
181 34978 2.969999999999999
182 35178 2.969999999999999
183 35378 2.979999999999999
184 35578 2.9899999999999993
185 35687 2.999999999999999
186 35832 2.999999999999999
187 36003 2.999999999999999
188 36107 2.999999999999999
189 36206 2.999999999999999
190 36276 2.999999999999999
191 36379 2.999999999999999
192 36446 2.999999999999999
193 36529 2.999999999999999
194 36606 2.999999999999999
195 36715 2.999999999999999
196 36796 2.999999999999999
197 36890 2.999999999999999
198 37036 2.999999999999999
199 37166 2.999999999999999
200 37325 2.999999999999999
201 37435 2.999999999999999
202 37514 2.999999999999999
203 37665 2.999999999999999
204 37789 2.999999999999999
205 37891 2.999999999999999
206 37954 2.999999999999999
207 38039 2.999999999999999
208 38150 2.999999999999999
209 38218 2.999999999999999
210 38283 2.999999999999999
211 38410 2.999999999999999
212 38491 2.999999999999999
213 38637 2.999999999999999
214 38723 2.999999999999999
215 38823 2.999999999999999
216 38919 2.999999999999999
217 39001 2.999999999999999
218 39112 2.999999999999999
219 39188 2.999999999999999
220 39252 2.999999999999999
221 39389 2.999999999999999
222 39462 2.999999999999999
223 39570 2.999999999999999
224 39645 2.999999999999999
225 39753 2.999999999999999
226 39826 2.999999999999999
227 39942 2.999999999999999
228 40027 2.999999999999999
229 40155 2.999999999999999
230 40229 2.999999999999999
231 40300 2.999999999999999
232 40388 2.999999999999999
233 40453 2.999999999999999
234 40553 2.999999999999999
235 40642 2.9899999999999993
236 40705 2.9899999999999993
237 40893 2.9899999999999993
238 41013 2.9899999999999993
239 41108 2.9899999999999993
240 41187 2.9899999999999993
241 41253 2.9899999999999993
242 41370 2.9899999999999993
243 41435 2.9899999999999993
244 41519 2.9899999999999993
245 41587 2.9899999999999993
246 41639 2.9899999999999993
247 41809 2.9899999999999993
248 41933 2.9899999999999993
249 42013 2.9899999999999993
250 42078 2.9899999999999993
251 42168 2.9899999999999993
252 42239 2.9899999999999993
253 42319 2.9899999999999993
254 42394 2.9899999999999993
255 42464 2.9899999999999993
256 42535 2.9899999999999993
257 42585 2.9899999999999993
258 42699 2.9899999999999993
259 42756 2.9899999999999993
260 42848 2.9899999999999993
261 42955 2.9899999999999993
262 43068 2.9899999999999993
263 43156 2.9899999999999993
264 43251 2.9899999999999993
265 43355 2.9899999999999993
266 43436 2.9899999999999993
267 43506 2.9899999999999993
268 43573 2.9899999999999993
269 43666 2.9899999999999993
270 43737 2.9899999999999993
271 43821 2.9899999999999993
272 43895 2.9899999999999993
273 44042 2.9899999999999993
274 44134 2.9899999999999993
275 44181 2.9899999999999993
276 44248 2.9899999999999993
277 44329 2.9899999999999993
278 44384 2.9899999999999993
279 44461 2.9899999999999993
280 44537 2.9899999999999993
281 44659 2.9899999999999993
282 44737 2.9899999999999993
283 44854 2.9899999999999993
284 44941 2.9899999999999993
285 45128 2.9899999999999993
286 45211 2.9899999999999993
287 45308 2.9899999999999993
288 45421 2.9899999999999993
289 45491 2.9899999999999993
290 45600 2.9899999999999993
291 45644 2.9899999999999993
292 45699 2.9899999999999993
293 45832 2.9899999999999993
294 45912 2.9899999999999993
295 45983 2.9899999999999993
296 46077 2.9899999999999993
297 46166 2.9899999999999993
298 46261 2.9899999999999993
299 46395 2.9899999999999993
300 46510 2.9899999999999993
301 46573 2.9899999999999993
302 46720 2.9899999999999993
303 46775 2.9899999999999993
304 46840 2.9899999999999993
305 46884 2.9899999999999993
306 46972 2.9899999999999993
307 47035 2.9899999999999993
308 47107 2.9899999999999993
309 47167 2.9899999999999993
310 47245 2.9899999999999993
311 47346 2.9899999999999993
312 47419 2.9899999999999993
313 47486 2.9899999999999993
314 47622 2.9899999999999993
315 47724 2.9899999999999993
316 47798 2.9899999999999993
317 47858 2.9899999999999993
318 47932 2.9899999999999993
319 48008 2.9899999999999993
320 48060 2.9899999999999993
321 48143 2.9899999999999993
322 48208 2.9899999999999993
323 48298 2.9899999999999993
324 48427 2.9899999999999993
325 48496 2.9899999999999993
326 48592 2.9899999999999993
327 48690 2.9899999999999993
328 48783 2.9899999999999993
329 48875 2.9899999999999993
330 48951 2.9899999999999993
331 49054 2.9899999999999993
332 49148 2.9899999999999993
333 49238 2.9899999999999993
334 49438 2.9899999999999993
335 49520 2.999999999999999
336 49578 2.999999999999999
337 49639 2.999999999999999
338 49746 2.999999999999999
339 49803 2.999999999999999
340 49857 2.999999999999999
341 49925 2.999999999999999
342 49991 2.999999999999999
343 50124 2.999999999999999
344 50195 2.999999999999999
345 50276 2.999999999999999
346 50352 2.999999999999999
347 50466 2.999999999999999
348 50534 2.999999999999999
349 50600 2.999999999999999
350 50718 2.999999999999999
351 50865 2.999999999999999
352 50964 2.999999999999999
353 51033 2.999999999999999
354 51121 2.999999999999999
355 51194 2.999999999999999
356 51288 2.999999999999999
357 51366 2.999999999999999
358 51441 2.999999999999999
359 51518 2.999999999999999
360 51586 2.999999999999999
361 51650 2.999999999999999
362 51738 2.999999999999999
363 51830 2.999999999999999
364 51876 2.999999999999999
365 51934 2.999999999999999
366 52026 2.999999999999999
367 52111 2.999999999999999
368 52198 2.999999999999999
369 52253 2.999999999999999
370 52319 2.999999999999999
371 52397 2.999999999999999
372 52477 2.999999999999999
373 52548 2.999999999999999
374 52616 2.999999999999999
375 52684 2.999999999999999
376 52766 2.999999999999999
377 52830 2.999999999999999
378 52911 2.999999999999999
379 52965 2.999999999999999
380 53108 2.999999999999999
381 53172 2.999999999999999
382 53226 2.999999999999999
383 53320 2.999999999999999
384 53404 2.999999999999999
385 53472 2.999999999999999
386 53555 2.999999999999999
387 53633 2.999999999999999
388 53711 2.999999999999999
389 53902 2.999999999999999
390 53980 2.999999999999999
391 54048 2.999999999999999
392 54135 2.999999999999999
393 54214 2.999999999999999
394 54283 2.999999999999999
395 54359 2.999999999999999
396 54441 2.999999999999999
397 54502 2.999999999999999
398 54558 2.999999999999999
399 54621 2.999999999999999
400 54745 2.999999999999999
401 54804 2.999999999999999
402 54870 2.999999999999999
403 54949 2.999999999999999
404 55004 2.999999999999999
405 55058 2.999999999999999
406 55151 2.999999999999999
407 55251 2.999999999999999
408 55318 2.999999999999999
409 55384 2.999999999999999
410 55462 2.999999999999999
411 55541 2.999999999999999
412 55634 2.999999999999999
413 55689 2.999999999999999
414 55766 2.999999999999999
415 55828 2.999999999999999
416 55908 2.999999999999999
417 55972 2.999999999999999
418 56038 2.999999999999999
419 56115 2.999999999999999
420 56211 2.999999999999999
421 56257 2.999999999999999
422 56341 2.999999999999999
423 56444 2.999999999999999
424 56516 2.999999999999999
425 56609 2.999999999999999
426 56668 2.999999999999999
427 56741 2.999999999999999
428 56822 2.999999999999999
429 56884 2.999999999999999
430 56943 2.999999999999999
431 57011 2.999999999999999
432 57077 2.999999999999999
433 57156 2.999999999999999
434 57234 2.999999999999999
435 57302 2.999999999999999
436 57348 2.999999999999999
437 57410 2.999999999999999
438 57505 2.999999999999999
439 57556 2.999999999999999
440 57618 2.999999999999999
441 57690 2.999999999999999
442 57750 2.999999999999999
443 57799 2.999999999999999
444 57873 2.999999999999999
445 57978 2.999999999999999
446 58084 2.999999999999999
447 58150 2.999999999999999
448 58237 2.999999999999999
449 58336 2.999999999999999
450 58410 2.999999999999999
451 58487 2.999999999999999
452 58598 2.999999999999999
453 58716 2.999999999999999
454 58833 2.999999999999999
455 58890 2.999999999999999
456 59005 2.999999999999999
457 59100 2.999999999999999
458 59156 2.999999999999999
459 59219 2.999999999999999
460 59312 2.999999999999999
461 59367 2.999999999999999
462 59441 2.999999999999999
463 59527 2.999999999999999
464 59583 2.999999999999999
465 59633 2.999999999999999
466 59716 2.999999999999999
467 59795 2.999999999999999
468 59924 2.999999999999999
469 59975 2.999999999999999
470 60039 2.999999999999999
471 60100 2.999999999999999
472 60171 2.999999999999999
473 60242 2.999999999999999
474 60315 2.999999999999999
475 60413 2.999999999999999
476 60473 2.999999999999999
477 60614 2.999999999999999
478 60686 2.999999999999999
479 60766 2.999999999999999
480 60835 2.999999999999999
481 60905 2.999999999999999
482 61026 2.999999999999999
483 61095 2.999999999999999
484 61162 2.999999999999999
485 61226 2.999999999999999
486 61290 2.999999999999999
487 61333 2.999999999999999
488 61467 2.999999999999999
489 61541 2.999999999999999
490 61603 2.999999999999999
491 61687 2.999999999999999
492 61741 2.999999999999999
493 61830 2.999999999999999
494 61899 2.999999999999999
495 61962 2.999999999999999
496 62034 2.999999999999999
497 62092 2.999999999999999
498 62189 2.999999999999999
499 62255 2.999999999999999
500 62310 2.999999999999999
501 62385 2.999999999999999
502 62466 2.999999999999999
503 62519 2.999999999999999
504 62602 2.999999999999999
505 62650 2.999999999999999
506 62719 2.999999999999999
507 62805 2.999999999999999
508 62854 2.999999999999999
509 62901 2.999999999999999
510 62959 2.999999999999999
511 63019 2.999999999999999
512 63080 2.999999999999999
513 63127 2.999999999999999
514 63210 2.999999999999999
515 63256 2.999999999999999
516 63309 2.999999999999999
517 63395 2.999999999999999
518 63469 2.999999999999999
519 63516 2.999999999999999
520 63612 2.999999999999999
521 63686 2.999999999999999
522 63752 2.999999999999999
523 63806 2.999999999999999
524 63879 2.999999999999999
525 63938 2.999999999999999
526 63991 2.999999999999999
527 64046 2.999999999999999
528 64107 2.999999999999999
529 64185 2.999999999999999
530 64258 2.999999999999999
531 64341 2.999999999999999
532 64396 2.999999999999999
533 64485 2.999999999999999
534 64556 2.999999999999999
535 64627 2.999999999999999
536 64697 2.999999999999999
537 64748 2.999999999999999
538 64840 2.999999999999999
539 64927 2.999999999999999
540 65021 2.999999999999999
541 65095 2.999999999999999
542 65158 2.999999999999999
543 65229 2.999999999999999
544 65287 2.999999999999999
545 65346 2.999999999999999
546 65407 2.999999999999999
547 65473 2.999999999999999
548 65540 2.999999999999999
549 65602 2.999999999999999
550 65655 2.999999999999999
551 65718 2.999999999999999
552 65770 2.999999999999999
553 65849 2.999999999999999
554 65912 2.999999999999999
555 65979 2.999999999999999
556 66061 2.999999999999999
557 66138 2.999999999999999
558 66205 2.999999999999999
559 66279 2.999999999999999
560 66338 2.999999999999999
561 66401 2.999999999999999
562 66461 2.999999999999999
563 66513 2.999999999999999
564 66600 2.999999999999999
565 66661 2.999999999999999
566 66727 2.999999999999999
567 66836 2.999999999999999
568 66904 2.999999999999999
569 66979 2.999999999999999
570 67037 2.999999999999999
571 67105 2.999999999999999
572 67151 2.999999999999999
573 67204 2.999999999999999
574 67273 2.999999999999999
575 67322 2.999999999999999
576 67409 2.999999999999999
577 67462 2.999999999999999
578 67551 2.999999999999999
579 67594 2.999999999999999
580 67691 2.999999999999999
581 67786 2.999999999999999
582 67864 2.999999999999999
583 67940 2.999999999999999
584 68011 2.999999999999999
585 68095 2.999999999999999
586 68149 2.999999999999999
587 68213 2.999999999999999
588 68301 2.999999999999999
589 68361 2.999999999999999
590 68436 2.999999999999999
591 68537 2.999999999999999
592 68598 2.999999999999999
593 68671 2.999999999999999
594 68733 2.999999999999999
595 68795 2.999999999999999
596 68855 2.999999999999999
597 68921 2.999999999999999
598 69004 2.999999999999999
599 69087 2.999999999999999
600 69145 2.999999999999999
601 69199 2.999999999999999
602 69259 2.999999999999999
603 69308 2.999999999999999
604 69365 2.999999999999999
605 69421 2.999999999999999
606 69490 2.999999999999999
607 69551 2.999999999999999
608 69614 2.999999999999999
609 69673 2.999999999999999
610 69739 2.999999999999999
611 69836 2.999999999999999
612 69920 2.999999999999999
613 69981 2.999999999999999
614 70041 2.999999999999999
615 70129 2.999999999999999
616 70186 2.999999999999999
617 70250 2.999999999999999
618 70318 2.999999999999999
619 70414 2.999999999999999
620 70487 2.999999999999999
621 70556 2.999999999999999
622 70729 2.999999999999999
623 70795 2.999999999999999
624 70843 2.999999999999999
625 70942 2.999999999999999
626 70999 2.999999999999999
627 71058 2.999999999999999
628 71128 2.999999999999999
629 71185 2.999999999999999
630 71239 2.999999999999999
631 71289 2.999999999999999
632 71344 2.999999999999999
633 71420 2.999999999999999
634 71474 2.999999999999999
635 71534 2.999999999999999
636 71584 2.999999999999999
637 71673 2.999999999999999
638 71730 2.999999999999999
639 71806 2.999999999999999
640 71866 2.999999999999999
641 71917 2.999999999999999
642 72004 2.999999999999999
643 72059 2.999999999999999
644 72112 2.999999999999999
645 72156 2.999999999999999
646 72208 2.999999999999999
647 72264 2.999999999999999
648 72360 2.999999999999999
649 72421 2.999999999999999
650 72511 2.999999999999999
651 72592 2.999999999999999
652 72689 2.999999999999999
653 72759 2.999999999999999
654 72824 2.999999999999999
655 72900 2.999999999999999
656 72963 2.999999999999999
657 73026 2.999999999999999
658 73088 2.999999999999999
659 73168 2.999999999999999
660 73252 2.999999999999999
661 73309 2.999999999999999
662 73379 2.999999999999999
663 73476 2.999999999999999
664 73536 2.999999999999999
665 73609 2.999999999999999
666 73659 2.999999999999999
667 73715 2.999999999999999
668 73775 2.999999999999999
669 73872 2.999999999999999
670 73968 2.999999999999999
671 74027 2.999999999999999
672 74097 2.999999999999999
673 74167 2.999999999999999
674 74222 2.999999999999999
675 74278 2.999999999999999
676 74347 2.999999999999999
677 74401 2.999999999999999
678 74485 2.999999999999999
679 74547 2.999999999999999
680 74625 2.999999999999999
681 74682 2.999999999999999
682 74741 2.999999999999999
683 74808 2.999999999999999
684 74876 2.999999999999999
685 74929 2.999999999999999
686 75001 2.999999999999999
687 75050 2.999999999999999
688 75100 2.999999999999999
689 75159 2.999999999999999
690 75214 2.999999999999999
691 75278 2.999999999999999
692 75363 2.999999999999999
693 75412 2.999999999999999
694 75475 2.999999999999999
695 75543 2.999999999999999
696 75596 2.999999999999999
697 75682 2.999999999999999
698 75739 2.999999999999999
699 75805 2.999999999999999
700 75862 2.999999999999999
701 75915 2.999999999999999
702 75960 2.999999999999999
703 76016 2.999999999999999
704 76112 2.999999999999999
705 76160 2.999999999999999
706 76215 2.999999999999999
707 76265 2.999999999999999
708 76317 2.999999999999999
709 76363 2.999999999999999
710 76442 2.999999999999999
711 76513 2.999999999999999
712 76573 2.999999999999999
713 76626 2.999999999999999
714 76693 2.999999999999999
715 76750 2.999999999999999
716 76803 2.999999999999999
717 76853 2.999999999999999
718 76941 2.999999999999999
719 77006 2.999999999999999
720 77062 2.999999999999999
721 77201 2.999999999999999
722 77263 2.999999999999999
723 77326 2.999999999999999
724 77388 2.999999999999999
725 77466 2.999999999999999
726 77519 2.999999999999999
727 77577 2.999999999999999
728 77633 2.999999999999999
729 77696 2.999999999999999
730 77781 2.999999999999999
731 77837 2.999999999999999
732 77890 2.999999999999999
733 77975 2.999999999999999
734 78033 2.999999999999999
735 78076 2.999999999999999
736 78138 2.999999999999999
737 78201 2.999999999999999
738 78285 2.999999999999999
739 78349 2.999999999999999
740 78403 2.999999999999999
741 78510 2.999999999999999
742 78575 2.999999999999999
743 78669 2.999999999999999
744 78743 2.999999999999999
745 78811 2.999999999999999
746 78856 2.999999999999999
747 78969 2.999999999999999
748 79047 2.999999999999999
749 79098 2.999999999999999
750 79192 2.999999999999999
751 79250 2.999999999999999
752 79302 2.999999999999999
753 79361 2.999999999999999
754 79414 2.999999999999999
755 79489 2.999999999999999
756 79571 2.999999999999999
757 79654 2.999999999999999
758 79755 2.999999999999999
759 79845 2.999999999999999
760 79920 2.999999999999999
761 80013 2.999999999999999
762 80072 2.999999999999999
763 80135 2.999999999999999
764 80219 2.999999999999999
765 80278 2.999999999999999
766 80339 2.999999999999999
767 80411 2.999999999999999
768 80498 2.999999999999999
769 80574 2.999999999999999
770 80632 2.999999999999999
771 80696 2.999999999999999
772 80754 2.999999999999999
773 80819 2.999999999999999
774 80886 2.999999999999999
775 80977 2.999999999999999
776 81050 2.999999999999999
777 81119 2.999999999999999
778 81186 2.999999999999999
779 81248 2.999999999999999
780 81348 2.999999999999999
781 81418 2.999999999999999
782 81502 2.999999999999999
783 81570 2.999999999999999
784 81648 2.999999999999999
785 81713 2.999999999999999
786 81789 2.999999999999999
787 81873 2.999999999999999
788 81924 2.999999999999999
789 81978 2.999999999999999
790 82037 2.999999999999999
791 82104 2.999999999999999
792 82179 2.999999999999999
793 82268 2.999999999999999
794 82331 2.999999999999999
795 82401 2.999999999999999
796 82466 2.999999999999999
797 82521 2.999999999999999
798 82580 2.999999999999999
799 82644 2.999999999999999
800 82704 2.999999999999999
801 82760 2.999999999999999
802 82823 2.999999999999999
803 82908 2.999999999999999
804 82975 2.999999999999999
805 83029 2.999999999999999
806 83074 2.999999999999999
807 83130 2.999999999999999
808 83202 2.999999999999999
809 83250 2.999999999999999
810 83318 2.999999999999999
811 83377 2.999999999999999
812 83444 2.999999999999999
813 83493 2.999999999999999
814 83590 2.999999999999999
815 83660 2.999999999999999
816 83721 2.999999999999999
817 83810 2.999999999999999
818 83855 2.999999999999999
819 83934 2.999999999999999
820 83986 2.999999999999999
821 84030 2.999999999999999
822 84094 2.999999999999999
823 84176 2.999999999999999
824 84227 2.999999999999999
825 84296 2.999999999999999
826 84353 2.999999999999999
827 84431 2.999999999999999
828 84499 2.999999999999999
829 84562 2.999999999999999
830 84631 2.999999999999999
831 84702 2.999999999999999
832 84757 2.999999999999999
833 84806 2.999999999999999
834 84872 2.999999999999999
835 84922 2.999999999999999
836 84983 2.999999999999999
837 85080 2.999999999999999
838 85169 2.999999999999999
839 85221 2.999999999999999
840 85284 2.999999999999999
841 85384 2.999999999999999
842 85444 2.999999999999999
843 85510 2.999999999999999
844 85588 2.999999999999999
845 85666 2.999999999999999
846 85722 2.999999999999999
847 85800 2.999999999999999
848 85850 2.999999999999999
849 85922 2.999999999999999
850 85977 2.999999999999999
851 86029 2.999999999999999
852 86116 2.999999999999999
853 86175 2.999999999999999
854 86236 2.999999999999999
855 86302 2.999999999999999
856 86355 2.999999999999999
857 86399 2.999999999999999
858 86455 2.999999999999999
859 86515 2.999999999999999
860 86578 2.999999999999999
861 86638 2.999999999999999
862 86691 2.999999999999999
863 86754 2.999999999999999
864 86801 2.999999999999999
865 86898 2.999999999999999
866 86953 2.999999999999999
867 87013 2.999999999999999
868 87069 2.999999999999999
869 87153 2.999999999999999
870 87238 2.999999999999999
871 87299 2.999999999999999
872 87378 2.999999999999999
873 87468 2.999999999999999
874 87522 2.999999999999999
875 87579 2.999999999999999
876 87635 2.999999999999999
877 87681 2.999999999999999
878 87745 2.999999999999999
879 87808 2.999999999999999
880 87864 2.999999999999999
881 87924 2.999999999999999
882 88021 2.999999999999999
883 88084 2.999999999999999
884 88143 2.999999999999999
885 88225 2.999999999999999
886 88307 2.999999999999999
887 88380 2.999999999999999
888 88444 2.999999999999999
889 88501 2.999999999999999
890 88578 2.999999999999999
891 88635 2.999999999999999
892 88712 2.999999999999999
893 88828 2.999999999999999
894 88875 2.999999999999999
895 88942 2.999999999999999
896 89024 2.979999999999999
897 89094 2.979999999999999
898 89189 2.979999999999999
899 89244 2.979999999999999
900 89300 2.979999999999999
901 89366 2.979999999999999
902 89420 2.979999999999999
903 89469 2.979999999999999
904 89524 2.979999999999999
905 89577 2.979999999999999
906 89650 2.979999999999999
907 89709 2.979999999999999
908 89763 2.979999999999999
909 89805 2.979999999999999
910 89875 2.979999999999999
911 89950 2.979999999999999
912 89997 2.979999999999999
913 90066 2.979999999999999
914 90117 2.979999999999999
915 90164 2.979999999999999
916 90253 2.979999999999999
917 90318 2.979999999999999
918 90381 2.979999999999999
919 90434 2.979999999999999
920 90493 2.979999999999999
921 90552 2.979999999999999
922 90624 2.979999999999999
923 90689 2.979999999999999
924 90768 2.979999999999999
925 90821 2.979999999999999
926 90863 2.979999999999999
927 90904 2.979999999999999
928 90965 2.979999999999999
929 91012 2.979999999999999
930 91082 2.979999999999999
931 91191 2.979999999999999
932 91256 2.979999999999999
933 91324 2.979999999999999
934 91377 2.979999999999999
935 91442 2.979999999999999
936 91491 2.979999999999999
937 91557 2.979999999999999
938 91614 2.979999999999999
939 91659 2.979999999999999
940 91709 2.979999999999999
941 91756 2.979999999999999
942 91817 2.979999999999999
943 91884 2.979999999999999
944 91939 2.979999999999999
945 92004 2.979999999999999
946 92074 2.979999999999999
947 92126 2.979999999999999
948 92189 2.979999999999999
949 92244 2.979999999999999
950 92306 2.979999999999999
951 92358 2.979999999999999
952 92411 2.979999999999999
953 92465 2.979999999999999
954 92528 2.979999999999999
955 92592 2.979999999999999
956 92657 2.979999999999999
957 92724 2.979999999999999
958 92793 2.979999999999999
959 92855 2.979999999999999
960 92936 2.979999999999999
961 92991 2.979999999999999
962 93049 2.979999999999999
963 93111 2.979999999999999
964 93187 2.979999999999999
965 93255 2.979999999999999
966 93306 2.979999999999999
967 93361 2.979999999999999
968 93429 2.979999999999999
969 93476 2.979999999999999
970 93541 2.979999999999999
971 93633 2.979999999999999
972 93718 2.979999999999999
973 93787 2.979999999999999
974 93842 2.979999999999999
975 93894 2.979999999999999
976 93971 2.979999999999999
977 94032 2.979999999999999
978 94097 2.979999999999999
979 94152 2.979999999999999
980 94215 2.979999999999999
981 94274 2.979999999999999
982 94356 2.979999999999999
983 94402 2.979999999999999
984 94471 2.979999999999999
985 94532 2.979999999999999
986 94595 2.979999999999999
987 94668 2.979999999999999
988 94711 2.979999999999999
989 94802 2.979999999999999
990 94858 2.979999999999999
991 94952 2.979999999999999
992 95010 2.979999999999999
993 95073 2.979999999999999
994 95190 2.979999999999999
995 95390 2.979999999999999
996 95462 2.999999999999999
997 95514 2.999999999999999
998 95586 2.999999999999999
999 95677 2.999999999999999
1000 95752 2.999999999999999
1001 95801 2.999999999999999
1002 95853 2.999999999999999
1003 95912 2.999999999999999
1004 95981 2.999999999999999
1005 96022 2.999999999999999
1006 96064 2.999999999999999
1007 96157 2.999999999999999
1008 96219 2.999999999999999
1009 96298 2.999999999999999
1010 96350 2.999999999999999
1011 96419 2.999999999999999
1012 96499 2.999999999999999
1013 96578 2.999999999999999
1014 96660 2.999999999999999
1015 96737 2.999999999999999
1016 96804 2.999999999999999
1017 96855 2.999999999999999
1018 96914 2.999999999999999
1019 96974 2.999999999999999
1020 97043 2.999999999999999
1021 97120 2.999999999999999
1022 97175 2.999999999999999
1023 97233 2.999999999999999
1024 97285 2.999999999999999
1025 97343 2.999999999999999
1026 97470 2.999999999999999
1027 97535 2.999999999999999
1028 97581 2.999999999999999
1029 97635 2.999999999999999
1030 97706 2.999999999999999
1031 97763 2.999999999999999
1032 97847 2.999999999999999
1033 97901 2.999999999999999
1034 97956 2.999999999999999
1035 98007 2.999999999999999
1036 98082 2.999999999999999
1037 98138 2.999999999999999
1038 98182 2.999999999999999
1039 98243 2.999999999999999
1040 98328 2.999999999999999
1041 98373 2.999999999999999
1042 98430 2.999999999999999
1043 98507 2.999999999999999
1044 98596 2.999999999999999
1045 98708 2.999999999999999
1046 98766 2.999999999999999
1047 98823 2.999999999999999
1048 98879 2.999999999999999
1049 98930 2.999999999999999
1050 98984 2.999999999999999
1051 99052 2.999999999999999
1052 99112 2.999999999999999
1053 99182 2.999999999999999
1054 99237 2.999999999999999
1055 99312 2.999999999999999
1056 99363 2.999999999999999
1057 99419 2.999999999999999
1058 99485 2.999999999999999
1059 99553 2.999999999999999
1060 99616 2.999999999999999
1061 99695 2.999999999999999
1062 99794 2.999999999999999
1063 99836 2.999999999999999
1064 99881 2.999999999999999
1065 99932 2.999999999999999
1066 99995 2.999999999999999
1067 100058 2.999999999999999
1068 100111 2.999999999999999
1069 100161 2.999999999999999
1070 100218 2.999999999999999
1071 100275 2.999999999999999
1072 100343 2.999999999999999
1073 100416 2.999999999999999
1074 100471 2.999999999999999
1075 100532 2.999999999999999
1076 100586 2.999999999999999
1077 100636 2.999999999999999
1078 100685 2.999999999999999
1079 100735 2.999999999999999
1080 100775 2.999999999999999
1081 100851 2.999999999999999
1082 100901 2.999999999999999
1083 100968 2.999999999999999
1084 101019 2.999999999999999
1085 101072 2.999999999999999
1086 101119 2.999999999999999
1087 101180 2.999999999999999
1088 101263 2.999999999999999
1089 101329 2.999999999999999
1090 101387 2.999999999999999
1091 101461 2.999999999999999
1092 101522 2.999999999999999
1093 101583 2.999999999999999
1094 101656 2.999999999999999
1095 101711 2.999999999999999
1096 101820 2.999999999999999
1097 101866 2.999999999999999
1098 101938 2.999999999999999
1099 101999 2.999999999999999
1100 102055 2.999999999999999
1101 102130 2.999999999999999
1102 102207 2.999999999999999
1103 102268 2.999999999999999
1104 102321 2.999999999999999
1105 102379 2.999999999999999
1106 102430 2.999999999999999
1107 102503 2.999999999999999
1108 102563 2.999999999999999
1109 102642 2.999999999999999
1110 102703 2.999999999999999
1111 102766 2.999999999999999
1112 102829 2.999999999999999
1113 102894 2.999999999999999
1114 102966 2.999999999999999
1115 103029 2.999999999999999
1116 103093 2.999999999999999
1117 103171 2.999999999999999
1118 103222 2.999999999999999
1119 103277 2.999999999999999
1120 103332 2.999999999999999
1121 103416 2.999999999999999
1122 103484 2.999999999999999
1123 103554 2.999999999999999
1124 103616 2.999999999999999
1125 103675 2.999999999999999
1126 103758 2.999999999999999
1127 103815 2.999999999999999
1128 103893 2.999999999999999
1129 103966 2.999999999999999
1130 104042 2.999999999999999
1131 104129 2.999999999999999
1132 104176 2.999999999999999
1133 104246 2.999999999999999
1134 104294 2.999999999999999
1135 104346 2.999999999999999
1136 104409 2.999999999999999
1137 104459 2.999999999999999
1138 104517 2.999999999999999
1139 104562 2.999999999999999
1140 104621 2.999999999999999
1141 104672 2.999999999999999
1142 104752 2.999999999999999
1143 104816 2.999999999999999
1144 104878 2.999999999999999
1145 104937 2.999999999999999
1146 104989 2.999999999999999
1147 105060 2.999999999999999
1148 105111 2.999999999999999
1149 105160 2.999999999999999
1150 105205 2.999999999999999
1151 105251 2.999999999999999
1152 105304 2.999999999999999
1153 105362 2.999999999999999
1154 105416 2.999999999999999
1155 105516 2.999999999999999
1156 105579 2.999999999999999
1157 105634 2.999999999999999
1158 105690 2.999999999999999
1159 105754 2.999999999999999
1160 105806 2.999999999999999
1161 105873 2.999999999999999
1162 105976 2.999999999999999
1163 106038 2.999999999999999
1164 106111 2.999999999999999
1165 106166 2.999999999999999
1166 106218 2.999999999999999
1167 106276 2.999999999999999
1168 106346 2.999999999999999
1169 106412 2.999999999999999
1170 106465 2.999999999999999
1171 106523 2.999999999999999
1172 106622 2.999999999999999
1173 106690 2.999999999999999
1174 106734 2.999999999999999
1175 106782 2.999999999999999
1176 106832 2.999999999999999
1177 106890 2.999999999999999
1178 106938 2.999999999999999
1179 106997 2.999999999999999
1180 107060 2.999999999999999
1181 107160 2.999999999999999
1182 107211 2.999999999999999
1183 107259 2.999999999999999
1184 107337 2.999999999999999
1185 107418 2.999999999999999
1186 107479 2.999999999999999
1187 107537 2.999999999999999
1188 107639 2.999999999999999
1189 107689 2.999999999999999
1190 107744 2.999999999999999
1191 107796 2.999999999999999
1192 107841 2.999999999999999
1193 107890 2.999999999999999
1194 107949 2.999999999999999
1195 108000 2.999999999999999
1196 108055 2.999999999999999
1197 108114 2.999999999999999
1198 108180 2.999999999999999
1199 108229 2.999999999999999
1200 108315 2.999999999999999
1201 108372 2.999999999999999
1202 108429 2.999999999999999
1203 108511 2.999999999999999
1204 108562 2.999999999999999
1205 108675 2.999999999999999
1206 108723 2.999999999999999
1207 108786 2.999999999999999
1208 108863 2.999999999999999
1209 108921 2.999999999999999
1210 108990 2.999999999999999
1211 109067 2.999999999999999
1212 109121 2.999999999999999
1213 109190 2.999999999999999
1214 109252 2.999999999999999
1215 109301 2.999999999999999
1216 109350 2.999999999999999
1217 109410 2.999999999999999
1218 109489 2.999999999999999
1219 109576 2.999999999999999
1220 109623 2.999999999999999
1221 109695 2.999999999999999
1222 109769 2.999999999999999
1223 109823 2.999999999999999
1224 109884 2.999999999999999
1225 109940 2.999999999999999
1226 109996 2.999999999999999
1227 110061 2.999999999999999
1228 110136 2.999999999999999
1229 110195 2.999999999999999
1230 110255 2.999999999999999
1231 110325 2.999999999999999
1232 110380 2.999999999999999
1233 110438 2.999999999999999
1234 110499 2.999999999999999
1235 110555 2.999999999999999
1236 110617 2.999999999999999
1237 110688 2.999999999999999
1238 110748 2.999999999999999
1239 110821 2.999999999999999
1240 110869 2.999999999999999
1241 110972 2.999999999999999
1242 111054 2.999999999999999
1243 111110 2.999999999999999
1244 111186 2.999999999999999
1245 111240 2.999999999999999
1246 111291 2.999999999999999
1247 111354 2.999999999999999
1248 111411 2.999999999999999
1249 111473 2.999999999999999
1250 111523 2.999999999999999
1251 111620 2.999999999999999
1252 111680 2.999999999999999
1253 111730 2.999999999999999
1254 111801 2.999999999999999
1255 111872 2.999999999999999
1256 111927 2.999999999999999
1257 111982 2.999999999999999
1258 112040 2.999999999999999
1259 112095 2.999999999999999
1260 112143 2.999999999999999
1261 112224 2.999999999999999
1262 112318 2.999999999999999
1263 112372 2.999999999999999
1264 112444 2.999999999999999
1265 112494 2.999999999999999
1266 112544 2.999999999999999
1267 112597 2.999999999999999
1268 112651 2.999999999999999
1269 112701 2.999999999999999
1270 112764 2.999999999999999
1271 112836 2.999999999999999
1272 112884 2.999999999999999
1273 113001 2.999999999999999
1274 113051 2.999999999999999
1275 113107 2.999999999999999
1276 113169 2.999999999999999
1277 113232 2.999999999999999
1278 113286 2.999999999999999
1279 113347 2.999999999999999
1280 113409 2.999999999999999
1281 113609 2.999999999999999
1282 113666 2.999999999999999
1283 113716 2.999999999999999
1284 113771 2.999999999999999
1285 113831 2.999999999999999
1286 113882 2.9899999999999993
1287 113960 2.9899999999999993
1288 114038 2.9899999999999993
1289 114107 2.9899999999999993
1290 114194 2.9899999999999993
1291 114243 2.9899999999999993
1292 114295 2.9899999999999993
1293 114352 2.9899999999999993
1294 114423 2.9899999999999993
1295 114484 2.9899999999999993
1296 114542 2.9899999999999993
1297 114609 2.9899999999999993
1298 114665 2.9899999999999993
1299 114727 2.9899999999999993
1300 114790 2.9899999999999993
1301 114867 2.9899999999999993
1302 114934 2.9899999999999993
1303 114985 2.9899999999999993
1304 115051 2.9899999999999993
1305 115101 2.9899999999999993
1306 115212 2.9899999999999993
1307 115276 2.9899999999999993
1308 115324 2.9899999999999993
1309 115378 2.9899999999999993
1310 115426 2.9899999999999993
1311 115489 2.9899999999999993
1312 115579 2.9899999999999993
1313 115628 2.9899999999999993
1314 115700 2.9899999999999993
1315 115755 2.9899999999999993
1316 115808 2.9899999999999993
1317 115867 2.9899999999999993
1318 115936 2.9899999999999993
1319 115989 2.9899999999999993
1320 116033 2.9899999999999993
1321 116078 2.9899999999999993
1322 116120 2.9899999999999993
1323 116168 2.9899999999999993
1324 116254 2.9899999999999993
1325 116308 2.9899999999999993
1326 116351 2.9899999999999993
1327 116426 2.9899999999999993
1328 116486 2.9899999999999993
1329 116566 2.9899999999999993
1330 116623 2.9899999999999993
1331 116685 2.9899999999999993
1332 116770 2.9899999999999993
1333 116832 2.9899999999999993
1334 116884 2.9899999999999993
1335 116928 2.9899999999999993
1336 116996 2.9899999999999993
1337 117063 2.9899999999999993
1338 117126 2.9899999999999993
1339 117190 2.9899999999999993
1340 117236 2.9899999999999993
1341 117290 2.9899999999999993
1342 117339 2.9899999999999993
1343 117400 2.9899999999999993
1344 117456 2.9899999999999993
1345 117517 2.9899999999999993
1346 117598 2.9899999999999993
1347 117658 2.9899999999999993
1348 117719 2.9899999999999993
1349 117772 2.9899999999999993
1350 117827 2.9899999999999993
1351 117904 2.9899999999999993
1352 117956 2.9899999999999993
1353 118017 2.9899999999999993
1354 118071 2.9899999999999993
1355 118122 2.9899999999999993
1356 118188 2.9899999999999993
1357 118257 2.9899999999999993
1358 118305 2.9899999999999993
1359 118362 2.9899999999999993
1360 118415 2.9899999999999993
1361 118489 2.9899999999999993
1362 118555 2.9899999999999993
1363 118601 2.9899999999999993
1364 118653 2.9899999999999993
1365 118713 2.9899999999999993
1366 118762 2.9899999999999993
1367 118810 2.9899999999999993
1368 118871 2.9899999999999993
1369 118950 2.9899999999999993
1370 119000 2.9899999999999993
1371 119051 2.9899999999999993
1372 119123 2.9899999999999993
1373 119206 2.9899999999999993
1374 119250 2.9899999999999993
1375 119330 2.9899999999999993
1376 119399 2.9899999999999993
1377 119500 2.9899999999999993
1378 119561 2.9899999999999993
1379 119600 2.9899999999999993
1380 119689 2.9899999999999993
1381 119731 2.9899999999999993
1382 119787 2.9899999999999993
1383 119859 2.9899999999999993
1384 119903 2.9899999999999993
1385 120103 2.9899999999999993
1386 120160 2.999999999999999
1387 120210 2.999999999999999
1388 120280 2.999999999999999
1389 120335 2.999999999999999
1390 120385 2.999999999999999
1391 120433 2.999999999999999
1392 120500 2.999999999999999
1393 120550 2.999999999999999
1394 120595 2.999999999999999
1395 120642 2.999999999999999
1396 120696 2.999999999999999
1397 120762 2.999999999999999
1398 120832 2.999999999999999
1399 120902 2.999999999999999
1400 120960 2.999999999999999
1401 121041 2.999999999999999
1402 121107 2.999999999999999
1403 121196 2.999999999999999
1404 121245 2.999999999999999
1405 121299 2.999999999999999
1406 121356 2.999999999999999
1407 121409 2.999999999999999
1408 121471 2.999999999999999
1409 121532 2.999999999999999
1410 121594 2.999999999999999
1411 121666 2.999999999999999
1412 121731 2.999999999999999
1413 121788 2.999999999999999
1414 121847 2.999999999999999
1415 121892 2.999999999999999
1416 121942 2.999999999999999
1417 122076 2.999999999999999
1418 122148 2.999999999999999
1419 122233 2.999999999999999
1420 122287 2.999999999999999
1421 122344 2.999999999999999
1422 122407 2.999999999999999
1423 122474 2.999999999999999
1424 122550 2.999999999999999
1425 122590 2.999999999999999
1426 122646 2.999999999999999
1427 122696 2.999999999999999
1428 122748 2.999999999999999
1429 122802 2.999999999999999
1430 122885 2.999999999999999
1431 122947 2.999999999999999
1432 123037 2.999999999999999
1433 123096 2.999999999999999
1434 123158 2.999999999999999
1435 123225 2.999999999999999
1436 123315 2.999999999999999
1437 123381 2.999999999999999
1438 123444 2.999999999999999
1439 123509 2.999999999999999
1440 123565 2.999999999999999
1441 123624 2.999999999999999
1442 123703 2.999999999999999
1443 123761 2.999999999999999
1444 123835 2.999999999999999
1445 123902 2.999999999999999
1446 123951 2.999999999999999
1447 124019 2.999999999999999
1448 124074 2.999999999999999
1449 124131 2.999999999999999
1450 124189 2.999999999999999
1451 124241 2.999999999999999
1452 124291 2.999999999999999
1453 124369 2.999999999999999
1454 124436 2.999999999999999
1455 124484 2.999999999999999
1456 124559 2.999999999999999
1457 124628 2.999999999999999
1458 124680 2.999999999999999
1459 124741 2.999999999999999
1460 124818 2.999999999999999
1461 124882 2.999999999999999
1462 124926 2.999999999999999
1463 124999 2.999999999999999
1464 125081 2.999999999999999
1465 125129 2.999999999999999
1466 125182 2.999999999999999
1467 125243 2.999999999999999
1468 125299 2.999999999999999
1469 125353 2.999999999999999
1470 125417 2.999999999999999
1471 125474 2.999999999999999
1472 125536 2.999999999999999
1473 125586 2.999999999999999
1474 125642 2.999999999999999
1475 125685 2.999999999999999
1476 125726 2.999999999999999
1477 125775 2.999999999999999
1478 125833 2.999999999999999
1479 125894 2.999999999999999
1480 125953 2.999999999999999
1481 126027 2.999999999999999
1482 126096 2.999999999999999
1483 126152 2.999999999999999
1484 126208 2.999999999999999
1485 126250 2.999999999999999
1486 126316 2.999999999999999
1487 126369 2.999999999999999
1488 126436 2.999999999999999
1489 126490 2.999999999999999
1490 126533 2.999999999999999
1491 126588 2.999999999999999
1492 126662 2.999999999999999
1493 126724 2.999999999999999
1494 126813 2.999999999999999
1495 126855 2.999999999999999
1496 126910 2.999999999999999
1497 126957 2.999999999999999
1498 127069 2.999999999999999
1499 127122 2.999999999999999
1500 127166 2.999999999999999
1501 127214 2.999999999999999
1502 127285 2.999999999999999
1503 127342 2.999999999999999
1504 127429 2.999999999999999
1505 127484 2.999999999999999
1506 127538 2.999999999999999
1507 127602 2.999999999999999
1508 127671 2.999999999999999
1509 127727 2.999999999999999
1510 127802 2.999999999999999
1511 127860 2.999999999999999
1512 127912 2.999999999999999
1513 127967 2.999999999999999
1514 128027 2.999999999999999
1515 128110 2.999999999999999
1516 128168 2.999999999999999
1517 128220 2.999999999999999
1518 128291 2.999999999999999
1519 128343 2.999999999999999
1520 128431 2.999999999999999
1521 128505 2.999999999999999
1522 128585 2.999999999999999
1523 128632 2.999999999999999
1524 128692 2.999999999999999
1525 128837 2.999999999999999
1526 128894 2.999999999999999
1527 128946 2.999999999999999
1528 129028 2.999999999999999
1529 129094 2.999999999999999
1530 129150 2.999999999999999
1531 129221 2.999999999999999
1532 129278 2.999999999999999
1533 129332 2.999999999999999
1534 129391 2.999999999999999
1535 129447 2.999999999999999
1536 129508 2.999999999999999
1537 129581 2.999999999999999
1538 129643 2.999999999999999
1539 129699 2.999999999999999
1540 129744 2.999999999999999
1541 129789 2.999999999999999
1542 129848 2.999999999999999
1543 129897 2.999999999999999
1544 129945 2.999999999999999
1545 130016 2.999999999999999
1546 130090 2.999999999999999
1547 130160 2.999999999999999
1548 130206 2.999999999999999
1549 130273 2.999999999999999
1550 130397 2.999999999999999
1551 130476 2.999999999999999
1552 130540 2.999999999999999
1553 130609 2.999999999999999
1554 130660 2.999999999999999
1555 130711 2.999999999999999
1556 130762 2.999999999999999
1557 130845 2.999999999999999
1558 130913 2.999999999999999
1559 130976 2.999999999999999
1560 131036 2.999999999999999
1561 131097 2.999999999999999
1562 131148 2.999999999999999
1563 131221 2.999999999999999
1564 131276 2.999999999999999
1565 131325 2.999999999999999
1566 131394 2.999999999999999
1567 131458 2.999999999999999
1568 131522 2.999999999999999
1569 131585 2.999999999999999
1570 131633 2.999999999999999
1571 131699 2.999999999999999
1572 131748 2.999999999999999
1573 131801 2.999999999999999
1574 131847 2.999999999999999
1575 131901 2.999999999999999
1576 131995 2.999999999999999
1577 132051 2.999999999999999
1578 132113 2.999999999999999
1579 132187 2.999999999999999
1580 132249 2.999999999999999
1581 132294 2.999999999999999
1582 132348 2.999999999999999
1583 132412 2.999999999999999
1584 132457 2.999999999999999
1585 132512 2.999999999999999
1586 132564 2.999999999999999
1587 132627 2.999999999999999
1588 132688 2.999999999999999
1589 132751 2.999999999999999
1590 132808 2.999999999999999
1591 132869 2.999999999999999
1592 132913 2.999999999999999
1593 132988 2.999999999999999
1594 133050 2.999999999999999
1595 133097 2.999999999999999
1596 133143 2.999999999999999
1597 133190 2.999999999999999
1598 133257 2.999999999999999
1599 133308 2.999999999999999
1600 133359 2.999999999999999
1601 133425 2.999999999999999
1602 133500 2.999999999999999
1603 133545 2.999999999999999
1604 133624 2.999999999999999
1605 133697 2.999999999999999
1606 133761 2.999999999999999
1607 133832 2.999999999999999
1608 133875 2.999999999999999
1609 133937 2.999999999999999
1610 134009 2.999999999999999
1611 134058 2.999999999999999
1612 134115 2.999999999999999
1613 134164 2.999999999999999
1614 134219 2.999999999999999
1615 134276 2.999999999999999
1616 134326 2.999999999999999
1617 134395 2.999999999999999
1618 134468 2.999999999999999
1619 134516 2.999999999999999
1620 134571 2.999999999999999
1621 134620 2.999999999999999
1622 134677 2.999999999999999
1623 134738 2.999999999999999
1624 134801 2.999999999999999
1625 134862 2.999999999999999
1626 134925 2.999999999999999
1627 135016 2.999999999999999
1628 135076 2.999999999999999
1629 135133 2.999999999999999
1630 135187 2.999999999999999
1631 135247 2.999999999999999
1632 135306 2.999999999999999
1633 135379 2.999999999999999
1634 135444 2.999999999999999
1635 135529 2.999999999999999
1636 135592 2.999999999999999
1637 135666 2.999999999999999
1638 135721 2.999999999999999
1639 135782 2.999999999999999
1640 135838 2.999999999999999
1641 135893 2.999999999999999
1642 135961 2.999999999999999
1643 136022 2.999999999999999
1644 136079 2.999999999999999
1645 136132 2.999999999999999
1646 136183 2.999999999999999
1647 136236 2.999999999999999
1648 136297 2.999999999999999
1649 136359 2.999999999999999
1650 136451 2.999999999999999
1651 136505 2.999999999999999
1652 136567 2.999999999999999
1653 136619 2.999999999999999
1654 136675 2.999999999999999
1655 136727 2.999999999999999
1656 136781 2.999999999999999
1657 136841 2.999999999999999
1658 136909 2.999999999999999
1659 136969 2.999999999999999
1660 137017 2.999999999999999
1661 137070 2.999999999999999
1662 137117 2.999999999999999
1663 137187 2.999999999999999
1664 137253 2.999999999999999
1665 137309 2.999999999999999
1666 137364 2.999999999999999
1667 137434 2.999999999999999
1668 137513 2.999999999999999
1669 137586 2.999999999999999
1670 137647 2.999999999999999
1671 137690 2.999999999999999
1672 137739 2.999999999999999
1673 137795 2.999999999999999
1674 137864 2.999999999999999
1675 137925 2.999999999999999
1676 137984 2.999999999999999
1677 138031 2.999999999999999
1678 138112 2.999999999999999
1679 138178 2.999999999999999
1680 138237 2.999999999999999
1681 138305 2.999999999999999
1682 138358 2.999999999999999
1683 138415 2.999999999999999
1684 138492 2.999999999999999
1685 138551 2.999999999999999
1686 138624 2.999999999999999
1687 138680 2.999999999999999
1688 138762 2.999999999999999
1689 138813 2.999999999999999
1690 138870 2.999999999999999
1691 138940 2.999999999999999
1692 139003 2.999999999999999
1693 139042 2.999999999999999
1694 139085 2.999999999999999
1695 139128 2.999999999999999
1696 139180 2.999999999999999
1697 139236 2.999999999999999
1698 139299 2.999999999999999
1699 139347 2.999999999999999
1700 139400 2.999999999999999
1701 139461 2.999999999999999
1702 139519 2.999999999999999
1703 139575 2.999999999999999
1704 139624 2.999999999999999
1705 139696 2.999999999999999
1706 139763 2.999999999999999
1707 139818 2.999999999999999
1708 139872 2.999999999999999
1709 139921 2.999999999999999
1710 139975 2.999999999999999
1711 140030 2.999999999999999
1712 140083 2.999999999999999
1713 140139 2.999999999999999
1714 140248 2.999999999999999
1715 140296 2.999999999999999
1716 140346 2.999999999999999
1717 140394 2.999999999999999
1718 140449 2.999999999999999
1719 140549 2.999999999999999
1720 140622 2.999999999999999
1721 140669 2.999999999999999
1722 140717 2.999999999999999
1723 140781 2.999999999999999
1724 140851 2.999999999999999
1725 140924 2.999999999999999
1726 140975 2.999999999999999
1727 141031 2.999999999999999
1728 141076 2.999999999999999
1729 141123 2.999999999999999
1730 141181 2.999999999999999
1731 141292 2.999999999999999
1732 141357 2.999999999999999
1733 141407 2.999999999999999
1734 141465 2.999999999999999
1735 141512 2.999999999999999
1736 141567 2.999999999999999
1737 141633 2.999999999999999
1738 141688 2.999999999999999
1739 141749 2.999999999999999
1740 141805 2.999999999999999
1741 141854 2.999999999999999
1742 141914 2.999999999999999
1743 141965 2.999999999999999
1744 142032 2.999999999999999
1745 142084 2.999999999999999
1746 142146 2.999999999999999
1747 142195 2.999999999999999
1748 142258 2.999999999999999
1749 142323 2.999999999999999
1750 142380 2.999999999999999
1751 142428 2.999999999999999
1752 142490 2.999999999999999
1753 142546 2.999999999999999
1754 142610 2.999999999999999
1755 142705 2.999999999999999
1756 142763 2.999999999999999
1757 142808 2.999999999999999
1758 142864 2.999999999999999
1759 142935 2.999999999999999
1760 142999 2.999999999999999
1761 143055 2.999999999999999
1762 143128 2.999999999999999
1763 143202 2.999999999999999
1764 143256 2.999999999999999
1765 143304 2.999999999999999
1766 143360 2.999999999999999
1767 143423 2.999999999999999
1768 143493 2.999999999999999
1769 143545 2.999999999999999
1770 143598 2.999999999999999
1771 143653 2.999999999999999
1772 143724 2.999999999999999
1773 143786 2.999999999999999
1774 143866 2.999999999999999
1775 143916 2.999999999999999
1776 143971 2.999999999999999
1777 144019 2.999999999999999
1778 144073 2.999999999999999
1779 144143 2.999999999999999
1780 144202 2.999999999999999
1781 144247 2.999999999999999
1782 144302 2.999999999999999
1783 144350 2.999999999999999
1784 144404 2.999999999999999
1785 144473 2.999999999999999
1786 144513 2.999999999999999
1787 144565 2.999999999999999
1788 144628 2.999999999999999
1789 144706 2.999999999999999
1790 144770 2.999999999999999
1791 144833 2.999999999999999
1792 144886 2.999999999999999
1793 144949 2.999999999999999
1794 145014 2.999999999999999
1795 145096 2.999999999999999
1796 145160 2.999999999999999
1797 145205 2.999999999999999
1798 145260 2.999999999999999
1799 145331 2.999999999999999
1800 145391 2.999999999999999
1801 145460 2.999999999999999
1802 145541 2.999999999999999
1803 145611 2.999999999999999
1804 145666 2.999999999999999
1805 145725 2.999999999999999
1806 145781 2.999999999999999
1807 145838 2.999999999999999
1808 145891 2.999999999999999
1809 145934 2.999999999999999
1810 146014 2.999999999999999
1811 146080 2.999999999999999
1812 146147 2.999999999999999
1813 146216 2.999999999999999
1814 146273 2.999999999999999
1815 146353 2.999999999999999
1816 146410 2.999999999999999
1817 146468 2.999999999999999
1818 146534 2.999999999999999
1819 146588 2.999999999999999
1820 146632 2.999999999999999
1821 146690 2.999999999999999
1822 146755 2.999999999999999
1823 146839 2.999999999999999
1824 146886 2.999999999999999
1825 146953 2.999999999999999
1826 147004 2.999999999999999
1827 147052 2.999999999999999
1828 147095 2.999999999999999
1829 147149 2.999999999999999
1830 147199 2.999999999999999
1831 147250 2.999999999999999
1832 147312 2.999999999999999
1833 147386 2.999999999999999
1834 147442 2.999999999999999
1835 147483 2.999999999999999
1836 147563 2.999999999999999
1837 147625 2.999999999999999
1838 147693 2.999999999999999
1839 147755 2.999999999999999
1840 147821 2.999999999999999
1841 147881 2.999999999999999
1842 147939 2.999999999999999
1843 147988 2.999999999999999
1844 148073 2.999999999999999
1845 148130 2.999999999999999
1846 148180 2.999999999999999
1847 148240 2.999999999999999
1848 148287 2.999999999999999
1849 148429 2.999999999999999
1850 148494 2.999999999999999
1851 148554 2.999999999999999
1852 148626 2.999999999999999
1853 148715 2.999999999999999
1854 148772 2.999999999999999
1855 148814 2.999999999999999
1856 148895 2.999999999999999
1857 148964 2.999999999999999
1858 149022 2.999999999999999
1859 149085 2.999999999999999
1860 149148 2.999999999999999
1861 149212 2.999999999999999
1862 149257 2.999999999999999
1863 149311 2.999999999999999
1864 149375 2.999999999999999
1865 149432 2.999999999999999
1866 149488 2.999999999999999
1867 149546 2.999999999999999
1868 149594 2.999999999999999
1869 149682 2.999999999999999
1870 149727 2.999999999999999
1871 149779 2.999999999999999
1872 149819 2.999999999999999
1873 149871 2.999999999999999
1874 149971 2.999999999999999
1875 150026 2.999999999999999
1876 150094 2.999999999999999
1877 150173 2.999999999999999
1878 150258 2.999999999999999
1879 150314 2.999999999999999
1880 150379 2.999999999999999
1881 150444 2.999999999999999
1882 150501 2.999999999999999
1883 150555 2.999999999999999
1884 150613 2.999999999999999
1885 150682 2.999999999999999
1886 150739 2.999999999999999
1887 150788 2.999999999999999
1888 150844 2.999999999999999
1889 150894 2.999999999999999
1890 150952 2.999999999999999
1891 151023 2.999999999999999
1892 151108 2.999999999999999
1893 151149 2.999999999999999
1894 151223 2.999999999999999
1895 151288 2.999999999999999
1896 151336 2.999999999999999
1897 151383 2.999999999999999
1898 151435 2.999999999999999
1899 151483 2.999999999999999
1900 151542 2.999999999999999
1901 151600 2.999999999999999
1902 151681 2.999999999999999
1903 151736 2.999999999999999
1904 151807 2.999999999999999
1905 151876 2.999999999999999
1906 151948 2.999999999999999
1907 152000 2.999999999999999
1908 152044 2.999999999999999
1909 152095 2.999999999999999
1910 152175 2.999999999999999
1911 152233 2.999999999999999
1912 152320 2.999999999999999
1913 152381 2.999999999999999
1914 152430 2.999999999999999
1915 152523 2.999999999999999
1916 152584 2.999999999999999
1917 152638 2.999999999999999
1918 152708 2.999999999999999
1919 152766 2.999999999999999
1920 152827 2.999999999999999
1921 152873 2.999999999999999
1922 152927 2.999999999999999
1923 152979 2.999999999999999
1924 153034 2.999999999999999
1925 153082 2.999999999999999
1926 153129 2.999999999999999
1927 153180 2.999999999999999
1928 153245 2.999999999999999
1929 153291 2.999999999999999
1930 153347 2.999999999999999
1931 153390 2.999999999999999
1932 153443 2.999999999999999
1933 153501 2.999999999999999
1934 153592 2.999999999999999
1935 153651 2.999999999999999
1936 153704 2.999999999999999
1937 153750 2.999999999999999
1938 153805 2.999999999999999
1939 153858 2.999999999999999
1940 153897 2.999999999999999
1941 153956 2.999999999999999
1942 154005 2.999999999999999
1943 154046 2.999999999999999
1944 154107 2.999999999999999
1945 154163 2.999999999999999
1946 154219 2.999999999999999
1947 154274 2.999999999999999
1948 154321 2.999999999999999
1949 154381 2.999999999999999
1950 154423 2.999999999999999
1951 154462 2.999999999999999
1952 154510 2.999999999999999
1953 154552 2.999999999999999
1954 154606 2.999999999999999
1955 154674 2.999999999999999
1956 154742 2.999999999999999
1957 154802 2.999999999999999
1958 154860 2.999999999999999
1959 154899 2.999999999999999
1960 154954 2.999999999999999
1961 155017 2.999999999999999
1962 155076 2.999999999999999
1963 155138 2.999999999999999
1964 155194 2.999999999999999
1965 155250 2.999999999999999
1966 155306 2.999999999999999
1967 155364 2.999999999999999
1968 155412 2.999999999999999
1969 155476 2.999999999999999
1970 155538 2.999999999999999
1971 155593 2.999999999999999
1972 155666 2.999999999999999
1973 155724 2.999999999999999
1974 155778 2.999999999999999
1975 155833 2.999999999999999
1976 155894 2.999999999999999
1977 155950 2.999999999999999
1978 156005 2.999999999999999
1979 156054 2.999999999999999
1980 156111 2.999999999999999
1981 156206 2.999999999999999
1982 156259 2.999999999999999
1983 156314 2.999999999999999
1984 156379 2.999999999999999
1985 156437 2.999999999999999
1986 156486 2.999999999999999
1987 156549 2.999999999999999
1988 156606 2.999999999999999
1989 156670 2.999999999999999
1990 156723 2.999999999999999
1991 156780 2.999999999999999
1992 156843 2.999999999999999
1993 156890 2.999999999999999
1994 156941 2.999999999999999
1995 156993 2.999999999999999
1996 157047 2.999999999999999
1997 157129 2.999999999999999
1998 157194 2.999999999999999
1999 157242 2.999999999999999
2000 157302 2.999999999999999
2001 157360 2.999999999999999
2002 157479 2.999999999999999
2003 157539 2.999999999999999
2004 157584 2.999999999999999
2005 157636 2.999999999999999
2006 157687 2.999999999999999
2007 157733 2.999999999999999
2008 157776 2.999999999999999
2009 157837 2.999999999999999
2010 157911 2.999999999999999
2011 157967 2.999999999999999
2012 158038 2.999999999999999
2013 158094 2.999999999999999
2014 158144 2.999999999999999
2015 158201 2.999999999999999
2016 158250 2.999999999999999
2017 158322 2.999999999999999
2018 158392 2.999999999999999
2019 158441 2.999999999999999
2020 158493 2.999999999999999
2021 158538 2.999999999999999
2022 158599 2.999999999999999
2023 158672 2.999999999999999
2024 158728 2.999999999999999
2025 158786 2.999999999999999
2026 158837 2.999999999999999
2027 158897 2.999999999999999
2028 158944 2.999999999999999
2029 159005 2.999999999999999
2030 159060 2.999999999999999
2031 159106 2.999999999999999
2032 159158 2.999999999999999
2033 159229 2.999999999999999
2034 159281 2.999999999999999
2035 159326 2.999999999999999
2036 159381 2.999999999999999
2037 159432 2.999999999999999
2038 159497 2.999999999999999
2039 159553 2.999999999999999
2040 159607 2.999999999999999
2041 159670 2.999999999999999
2042 159742 2.999999999999999
2043 159798 2.999999999999999
2044 159855 2.999999999999999
2045 159903 2.999999999999999
2046 159961 2.999999999999999
2047 160017 2.999999999999999
2048 160086 2.999999999999999
2049 160153 2.999999999999999
2050 160201 2.999999999999999
2051 160252 2.999999999999999
2052 160309 2.999999999999999
2053 160360 2.999999999999999
2054 160426 2.999999999999999
2055 160484 2.999999999999999
2056 160531 2.999999999999999
2057 160584 2.999999999999999
2058 160668 2.999999999999999
2059 160734 2.999999999999999
2060 160781 2.999999999999999
2061 160856 2.999999999999999
2062 160918 2.999999999999999
2063 160989 2.999999999999999
2064 161045 2.999999999999999
2065 161092 2.999999999999999
2066 161140 2.999999999999999
2067 161210 2.999999999999999
2068 161270 2.999999999999999
2069 161325 2.999999999999999
2070 161367 2.999999999999999
2071 161423 2.999999999999999
2072 161494 2.999999999999999
2073 161557 2.999999999999999
2074 161607 2.999999999999999
2075 161675 2.999999999999999
2076 161726 2.999999999999999
2077 161780 2.999999999999999
2078 161832 2.999999999999999
2079 161900 2.999999999999999
2080 161963 2.999999999999999
2081 162005 2.999999999999999
2082 162073 2.999999999999999
2083 162136 2.999999999999999
2084 162188 2.999999999999999
2085 162265 2.999999999999999
2086 162326 2.999999999999999
2087 162421 2.999999999999999
2088 162465 2.999999999999999
2089 162525 2.999999999999999
2090 162586 2.999999999999999
2091 162641 2.999999999999999
2092 162695 2.999999999999999
2093 162757 2.999999999999999
2094 162809 2.999999999999999
2095 162861 2.999999999999999
2096 162929 2.999999999999999
2097 162994 2.999999999999999
2098 163058 2.999999999999999
2099 163117 2.999999999999999
2100 163169 2.999999999999999
2101 163230 2.999999999999999
2102 163302 2.999999999999999
2103 163351 2.999999999999999
2104 163422 2.999999999999999
2105 163488 2.999999999999999
2106 163557 2.999999999999999
2107 163605 2.999999999999999
2108 163682 2.999999999999999
2109 163734 2.999999999999999
2110 163794 2.999999999999999
2111 163857 2.999999999999999
2112 163902 2.999999999999999
2113 163969 2.999999999999999
2114 164062 2.999999999999999
2115 164118 2.999999999999999
2116 164162 2.999999999999999
2117 164257 2.999999999999999
2118 164317 2.999999999999999
2119 164372 2.999999999999999
2120 164436 2.999999999999999
2121 164486 2.999999999999999
2122 164530 2.999999999999999
2123 164594 2.999999999999999
2124 164642 2.999999999999999
2125 164705 2.999999999999999
2126 164762 2.999999999999999
2127 164804 2.999999999999999
2128 164860 2.999999999999999
2129 164943 2.999999999999999
2130 165009 2.999999999999999
2131 165071 2.999999999999999
2132 165121 2.999999999999999
2133 165179 2.999999999999999
2134 165227 2.999999999999999
2135 165285 2.999999999999999
2136 165333 2.999999999999999
2137 165389 2.999999999999999
2138 165456 2.999999999999999
2139 165514 2.999999999999999
2140 165577 2.999999999999999
2141 165627 2.999999999999999
2142 165685 2.999999999999999
2143 165727 2.999999999999999
2144 165796 2.999999999999999
2145 165856 2.999999999999999
2146 165910 2.999999999999999
2147 165965 2.999999999999999
2148 166013 2.999999999999999
2149 166074 2.999999999999999
2150 166120 2.999999999999999
2151 166190 2.999999999999999
2152 166275 2.999999999999999
2153 166335 2.999999999999999
2154 166387 2.999999999999999
2155 166459 2.999999999999999
2156 166639 2.999999999999999
2157 166683 2.999999999999999
2158 166735 2.999999999999999
2159 166779 2.999999999999999
2160 166841 2.999999999999999
2161 166901 2.999999999999999
2162 166985 2.999999999999999
2163 167038 2.999999999999999
2164 167095 2.999999999999999
2165 167153 2.999999999999999
2166 167218 2.999999999999999
2167 167259 2.999999999999999
2168 167309 2.999999999999999
2169 167357 2.999999999999999
2170 167415 2.999999999999999
2171 167476 2.999999999999999
2172 167528 2.999999999999999
2173 167583 2.999999999999999
2174 167642 2.999999999999999
2175 167712 2.999999999999999
2176 167761 2.999999999999999
2177 167851 2.999999999999999
2178 167915 2.999999999999999
2179 167972 2.999999999999999
2180 168031 2.999999999999999
2181 168090 2.999999999999999
2182 168154 2.999999999999999
2183 168204 2.999999999999999
2184 168249 2.999999999999999
2185 168298 2.999999999999999
2186 168345 2.999999999999999
2187 168432 2.999999999999999
2188 168491 2.999999999999999
2189 168553 2.999999999999999
2190 168600 2.999999999999999
2191 168656 2.999999999999999
2192 168721 2.999999999999999
2193 168775 2.999999999999999
2194 168839 2.999999999999999
2195 168891 2.999999999999999
2196 168935 2.999999999999999
2197 168976 2.999999999999999
2198 169038 2.999999999999999
2199 169096 2.999999999999999
2200 169146 2.999999999999999
2201 169196 2.999999999999999
2202 169257 2.999999999999999
2203 169314 2.999999999999999
2204 169383 2.999999999999999
2205 169434 2.999999999999999
2206 169494 2.999999999999999
2207 169544 2.999999999999999
2208 169594 2.999999999999999
2209 169655 2.999999999999999
2210 169720 2.999999999999999
2211 169769 2.999999999999999
2212 169831 2.999999999999999
2213 169914 2.999999999999999
2214 169994 2.999999999999999
2215 170049 2.999999999999999
2216 170111 2.999999999999999
2217 170165 2.999999999999999
2218 170217 2.999999999999999
2219 170282 2.999999999999999
2220 170349 2.999999999999999
2221 170408 2.999999999999999
2222 170459 2.999999999999999
2223 170522 2.999999999999999
2224 170571 2.999999999999999
2225 170625 2.999999999999999
2226 170697 2.999999999999999
2227 170752 2.999999999999999
2228 170811 2.999999999999999
2229 170860 2.999999999999999
2230 170926 2.999999999999999
2231 170993 2.999999999999999
2232 171041 2.999999999999999
2233 171106 2.999999999999999
2234 171163 2.999999999999999
2235 171208 2.999999999999999
2236 171256 2.999999999999999
2237 171341 2.999999999999999
2238 171398 2.999999999999999
2239 171440 2.999999999999999
2240 171493 2.999999999999999
2241 171540 2.999999999999999
2242 171583 2.999999999999999
2243 171663 2.999999999999999
2244 171729 2.999999999999999
2245 171787 2.999999999999999
2246 171847 2.999999999999999
2247 171898 2.999999999999999
2248 172002 2.999999999999999
2249 172103 2.999999999999999
2250 172161 2.999999999999999
2251 172217 2.999999999999999
2252 172271 2.999999999999999
2253 172329 2.999999999999999
2254 172388 2.999999999999999
2255 172441 2.999999999999999
2256 172508 2.999999999999999
2257 172573 2.999999999999999
2258 172619 2.999999999999999
2259 172685 2.999999999999999
2260 172729 2.999999999999999
2261 172771 2.999999999999999
2262 172815 2.999999999999999
2263 172866 2.999999999999999
2264 172925 2.999999999999999
2265 172974 2.999999999999999
2266 173034 2.999999999999999
2267 173083 2.999999999999999
2268 173133 2.999999999999999
2269 173193 2.999999999999999
2270 173255 2.999999999999999
2271 173296 2.999999999999999
2272 173358 2.999999999999999
2273 173430 2.999999999999999
2274 173477 2.999999999999999
2275 173529 2.999999999999999
2276 173593 2.999999999999999
2277 173679 2.999999999999999
2278 173734 2.999999999999999
2279 173786 2.999999999999999
2280 173834 2.999999999999999
2281 173894 2.999999999999999
2282 173969 2.999999999999999
2283 174011 2.999999999999999
2284 174068 2.999999999999999
2285 174125 2.999999999999999
2286 174181 2.999999999999999
2287 174241 2.999999999999999
2288 174289 2.999999999999999
2289 174355 2.999999999999999
2290 174421 2.999999999999999
2291 174514 2.999999999999999
2292 174561 2.999999999999999
2293 174605 2.999999999999999
2294 174654 2.999999999999999
2295 174697 2.999999999999999
2296 174759 2.999999999999999
2297 174805 2.999999999999999
2298 174870 2.999999999999999
2299 174926 2.999999999999999
2300 174976 2.999999999999999
2301 175030 2.999999999999999
2302 175080 2.999999999999999
2303 175143 2.999999999999999
2304 175186 2.999999999999999
2305 175237 2.999999999999999
2306 175300 2.999999999999999
2307 175361 2.999999999999999
2308 175420 2.999999999999999
2309 175476 2.999999999999999
2310 175542 2.999999999999999
2311 175596 2.999999999999999
2312 175668 2.999999999999999
2313 175735 2.999999999999999
2314 175801 2.999999999999999
2315 175877 2.999999999999999
2316 175941 2.999999999999999
2317 175996 2.999999999999999
2318 176033 2.999999999999999
2319 176094 2.999999999999999
2320 176144 2.999999999999999
2321 176203 2.999999999999999
2322 176256 2.999999999999999
2323 176302 2.999999999999999
2324 176368 2.999999999999999
2325 176428 2.999999999999999
2326 176486 2.999999999999999
2327 176530 2.999999999999999
2328 176578 2.999999999999999
2329 176631 2.999999999999999
2330 176686 2.999999999999999
2331 176750 2.999999999999999
2332 176806 2.999999999999999
2333 176864 2.999999999999999
2334 176924 2.999999999999999
2335 176977 2.999999999999999
2336 177041 2.999999999999999
2337 177109 2.999999999999999
2338 177169 2.999999999999999
2339 177215 2.999999999999999
2340 177258 2.999999999999999
2341 177330 2.999999999999999
2342 177379 2.999999999999999
2343 177437 2.999999999999999
2344 177487 2.999999999999999
2345 177549 2.999999999999999
2346 177608 2.999999999999999
2347 177683 2.999999999999999
2348 177736 2.999999999999999
2349 177806 2.999999999999999
2350 177859 2.999999999999999
2351 177915 2.999999999999999
2352 177965 2.999999999999999
2353 178019 2.999999999999999
2354 178071 2.999999999999999
2355 178123 2.999999999999999
2356 178171 2.999999999999999
2357 178224 2.999999999999999
2358 178280 2.999999999999999
2359 178370 2.999999999999999
2360 178447 2.999999999999999
2361 178500 2.999999999999999
2362 178552 2.999999999999999
2363 178610 2.999999999999999
2364 178657 2.999999999999999
2365 178705 2.999999999999999
2366 178763 2.999999999999999
2367 178841 2.999999999999999
2368 178887 2.999999999999999
2369 178938 2.999999999999999
2370 178994 2.999999999999999
2371 179046 2.999999999999999
2372 179105 2.999999999999999
2373 179168 2.999999999999999
2374 179235 2.999999999999999
2375 179277 2.999999999999999
2376 179340 2.999999999999999
2377 179383 2.999999999999999
2378 179445 2.999999999999999
2379 179502 2.999999999999999
2380 179558 2.999999999999999
2381 179617 2.999999999999999
2382 179687 2.999999999999999
2383 179744 2.999999999999999
2384 179798 2.999999999999999
2385 179845 2.999999999999999
2386 179900 2.999999999999999
2387 179954 2.999999999999999
2388 180022 2.999999999999999
2389 180073 2.999999999999999
2390 180133 2.999999999999999
2391 180228 2.999999999999999
2392 180302 2.999999999999999
2393 180352 2.999999999999999
2394 180464 2.999999999999999
2395 180519 2.999999999999999
2396 180569 2.999999999999999
2397 180632 2.999999999999999
2398 180719 2.999999999999999
2399 180785 2.999999999999999
2400 180842 2.999999999999999
2401 180893 2.999999999999999
2402 180964 2.999999999999999
2403 181034 2.999999999999999
2404 181107 2.999999999999999
2405 181159 2.999999999999999
2406 181222 2.999999999999999
2407 181291 2.999999999999999
2408 181345 2.999999999999999
2409 181389 2.999999999999999
2410 181443 2.999999999999999
2411 181537 2.999999999999999
2412 181581 2.999999999999999
2413 181633 2.999999999999999
2414 181691 2.999999999999999
2415 181747 2.999999999999999
2416 181842 2.999999999999999
2417 181917 2.999999999999999
2418 181997 2.999999999999999
2419 182057 2.999999999999999
2420 182120 2.999999999999999
2421 182187 2.999999999999999
2422 182258 2.999999999999999
2423 182314 2.999999999999999
2424 182361 2.999999999999999
2425 182416 2.999999999999999
2426 182461 2.999999999999999
2427 182509 2.999999999999999
2428 182561 2.999999999999999
2429 182625 2.999999999999999
2430 182680 2.999999999999999
2431 182725 2.999999999999999
2432 182785 2.999999999999999
2433 182857 2.999999999999999
2434 182921 2.999999999999999
2435 182972 2.999999999999999
2436 183037 2.999999999999999
2437 183096 2.999999999999999
2438 183148 2.999999999999999
2439 183225 2.999999999999999
2440 183287 2.999999999999999
2441 183344 2.999999999999999
2442 183409 2.999999999999999
2443 183467 2.999999999999999
2444 183516 2.999999999999999
2445 183570 2.999999999999999
2446 183629 2.999999999999999
2447 183692 2.999999999999999
2448 183770 2.999999999999999
2449 183827 2.999999999999999
2450 183894 2.999999999999999
2451 183951 2.999999999999999
2452 184016 2.999999999999999
2453 184072 2.999999999999999
2454 184126 2.999999999999999
2455 184173 2.999999999999999
2456 184224 2.999999999999999
2457 184268 2.999999999999999
2458 184344 2.999999999999999
2459 184405 2.999999999999999
2460 184459 2.999999999999999
2461 184537 2.999999999999999
2462 184601 2.999999999999999
2463 184664 2.999999999999999
2464 184723 2.999999999999999
2465 184791 2.999999999999999
2466 184870 2.999999999999999
2467 184936 2.999999999999999
2468 184982 2.999999999999999
2469 185044 2.999999999999999
2470 185143 2.999999999999999
2471 185198 2.999999999999999
2472 185263 2.999999999999999
2473 185320 2.999999999999999
2474 185366 2.999999999999999
2475 185429 2.999999999999999
2476 185473 2.999999999999999
2477 185520 2.999999999999999
2478 185576 2.999999999999999
2479 185623 2.999999999999999
2480 185673 2.999999999999999
2481 185722 2.999999999999999
2482 185772 2.999999999999999
2483 185842 2.999999999999999
2484 185887 2.999999999999999
2485 185932 2.999999999999999
2486 185990 2.999999999999999
2487 186061 2.999999999999999
2488 186108 2.999999999999999
2489 186154 2.999999999999999
2490 186213 2.999999999999999
2491 186286 2.999999999999999
2492 186343 2.999999999999999
2493 186417 2.999999999999999
2494 186474 2.999999999999999
2495 186529 2.999999999999999
2496 186579 2.999999999999999
2497 186622 2.999999999999999
2498 186674 2.999999999999999
2499 186719 2.999999999999999
2500 186775 2.999999999999999
2501 186820 2.999999999999999
2502 186870 2.999999999999999
2503 186925 2.999999999999999
2504 186989 2.999999999999999
2505 187061 2.999999999999999
2506 187119 2.999999999999999
2507 187174 2.999999999999999
2508 187227 2.999999999999999
2509 187281 2.999999999999999
2510 187326 2.999999999999999
2511 187388 2.999999999999999
2512 187439 2.999999999999999
2513 187491 2.999999999999999
2514 187537 2.999999999999999
2515 187600 2.999999999999999
2516 187674 2.999999999999999
2517 187720 2.999999999999999
2518 187761 2.999999999999999
2519 187841 2.999999999999999
2520 187902 2.999999999999999
2521 187951 2.999999999999999
2522 187999 2.999999999999999
2523 188059 2.999999999999999
2524 188109 2.999999999999999
2525 188155 2.999999999999999
2526 188203 2.999999999999999
2527 188255 2.999999999999999
2528 188299 2.999999999999999
2529 188360 2.999999999999999
2530 188412 2.999999999999999
2531 188486 2.999999999999999
2532 188545 2.999999999999999
2533 188611 2.999999999999999
2534 188669 2.999999999999999
2535 188721 2.999999999999999
2536 188778 2.999999999999999
2537 188844 2.999999999999999
2538 188895 2.999999999999999
2539 188955 2.999999999999999
2540 189001 2.999999999999999
2541 189067 2.999999999999999
2542 189132 2.999999999999999
2543 189177 2.999999999999999
2544 189235 2.999999999999999
2545 189316 2.999999999999999
2546 189356 2.999999999999999
2547 189407 2.999999999999999
2548 189452 2.999999999999999
2549 189502 2.999999999999999
2550 189559 2.999999999999999
2551 189607 2.999999999999999
2552 189666 2.999999999999999
2553 189734 2.999999999999999
2554 189788 2.999999999999999
2555 189838 2.999999999999999
2556 189881 2.999999999999999
2557 189924 2.999999999999999
2558 189970 2.999999999999999
2559 190033 2.999999999999999
2560 190108 2.999999999999999
2561 190152 2.999999999999999
2562 190209 2.999999999999999
2563 190261 2.999999999999999
2564 190321 2.999999999999999
2565 190388 2.999999999999999
2566 190522 2.999999999999999
2567 190574 2.999999999999999
2568 190639 2.999999999999999
2569 190697 2.999999999999999
2570 190743 2.999999999999999
2571 190790 2.999999999999999
2572 190850 2.999999999999999
2573 190902 2.999999999999999
2574 190951 2.999999999999999
2575 191005 2.999999999999999
2576 191057 2.999999999999999
2577 191120 2.999999999999999
2578 191175 2.999999999999999
2579 191223 2.999999999999999
2580 191273 2.999999999999999
2581 191333 2.999999999999999
2582 191409 2.999999999999999
2583 191458 2.999999999999999
2584 191503 2.999999999999999
2585 191569 2.999999999999999
2586 191643 2.999999999999999
2587 191693 2.999999999999999
2588 191756 2.999999999999999
2589 191806 2.999999999999999
2590 191865 2.999999999999999
2591 191925 2.999999999999999
2592 192016 2.999999999999999
2593 192077 2.999999999999999
2594 192128 2.999999999999999
2595 192175 2.999999999999999
2596 192252 2.999999999999999
2597 192319 2.999999999999999
2598 192370 2.999999999999999
2599 192421 2.999999999999999
2600 192476 2.999999999999999
2601 192534 2.999999999999999
2602 192582 2.999999999999999
2603 192637 2.999999999999999
2604 192704 2.999999999999999
2605 192753 2.999999999999999
2606 192801 2.999999999999999
2607 192847 2.999999999999999
2608 192893 2.999999999999999
2609 192943 2.999999999999999
2610 193010 2.999999999999999
2611 193067 2.999999999999999
2612 193124 2.999999999999999
2613 193171 2.999999999999999
2614 193216 2.999999999999999
2615 193256 2.999999999999999
2616 193310 2.999999999999999
2617 193378 2.999999999999999
2618 193447 2.999999999999999
2619 193504 2.999999999999999
2620 193561 2.999999999999999
2621 193632 2.999999999999999
2622 193700 2.999999999999999
2623 193764 2.999999999999999
2624 193815 2.999999999999999
2625 193883 2.999999999999999
2626 193939 2.999999999999999
2627 194019 2.999999999999999
2628 194065 2.999999999999999
2629 194115 2.999999999999999
2630 194161 2.999999999999999
2631 194219 2.999999999999999
2632 194271 2.999999999999999
2633 194335 2.999999999999999
