1 200 0.9900000000000002
2 400 1.0100000000000002
3 600 1.03
4 800 1.05
5 1000 1.07
6 1200 1.09
7 1400 1.11
8 1600 1.1300000000000001
9 1800 1.1400000000000001
10 2000 1.1600000000000001
11 2200 1.1800000000000002
12 2400 1.1900000000000002
13 2600 1.2100000000000002
14 2800 1.2300000000000002
15 3000 1.2500000000000002
16 3200 1.2700000000000002
17 3400 1.29
18 3600 1.31
19 3800 1.33
20 4000 1.35
21 4200 1.3600000000000003
22 4400 1.3800000000000003
23 4600 1.4000000000000004
24 4800 1.4200000000000004
25 5000 1.4400000000000002
26 5200 1.46
27 5400 1.48
28 5600 1.4900000000000002
29 5800 1.5
30 6000 1.5100000000000002
31 6200 1.5300000000000002
32 6400 1.55
33 6600 1.57
34 6800 1.59
35 7000 1.61
36 7200 1.61
37 7400 1.61
38 7600 1.6300000000000001
39 7800 1.6400000000000001
40 8000 1.6700000000000002
41 8200 1.7000000000000002
42 8400 1.7100000000000002
43 8600 1.7200000000000002
44 8800 1.7500000000000002
45 9000 1.7800000000000002
46 9200 1.7900000000000003
47 9400 1.8000000000000003
48 9600 1.8100000000000003
49 9800 1.8100000000000003
50 10000 1.8200000000000003
51 10200 1.8400000000000003
52 10400 1.8500000000000003
53 10600 1.8700000000000003
54 10800 1.8900000000000003
55 11000 1.9100000000000004
56 11200 1.9200000000000004
57 11400 1.9300000000000004
58 11600 1.9500000000000004
59 11800 1.9700000000000002
60 12000 1.9900000000000002
61 12200 2.0
62 12400 2.03
63 12600 2.05
64 12800 2.06
65 13000 2.06
66 13200 2.06
67 13400 2.07
68 13600 2.0999999999999996
69 13800 2.1099999999999994
70 14000 2.129999999999999
71 14200 2.1399999999999997
72 14400 2.1499999999999995
73 14600 2.1599999999999993
74 14800 2.1399999999999997
75 15000 2.1499999999999995
76 15200 2.1599999999999997
77 15400 2.1799999999999993
78 15600 2.1999999999999993
79 15800 2.209999999999999
80 16000 2.2099999999999995
81 16200 2.21
82 16400 2.2199999999999998
83 16600 2.2299999999999995
84 16800 2.2399999999999993
85 17000 2.249999999999999
86 17200 2.2599999999999993
87 17400 2.2699999999999996
88 17600 2.2799999999999994
89 17800 2.289999999999999
90 18000 2.2999999999999994
91 18200 2.3099999999999996
92 18400 2.3199999999999994
93 18600 2.329999999999999
94 18800 2.3599999999999994
95 19000 2.369999999999999
96 19200 2.3799999999999994
97 19400 2.3899999999999997
98 19600 2.3999999999999995
99 19800 2.3999999999999995
100 20000 2.4099999999999997
101 20200 2.42
102 20400 2.4299999999999997
103 20600 2.4399999999999995
104 20800 2.4499999999999993
105 21000 2.4599999999999995
106 21200 2.4699999999999998
107 21400 2.4799999999999995
108 21600 2.4899999999999993
109 21800 2.4999999999999996
110 22000 2.51
111 22200 2.5199999999999996
112 22400 2.5299999999999994
113 22600 2.5399999999999996
114 22800 2.55
115 23000 2.5599999999999996
116 23200 2.5699999999999994
117 23400 2.5799999999999996
118 23600 2.59
119 23800 2.5999999999999996
120 24000 2.6099999999999994
121 24200 2.6199999999999997
122 24400 2.63
123 24600 2.6399999999999997
124 24800 2.6499999999999995
125 25000 2.6599999999999993
126 25200 2.67
127 25400 2.6799999999999997
128 25600 2.6899999999999995
129 25800 2.6999999999999993
130 26000 2.709999999999999
131 26200 2.7199999999999993
132 26400 2.7299999999999995
133 26600 2.7399999999999993
134 26800 2.749999999999999
135 27000 2.759999999999999
136 27200 2.769999999999999
137 27319 2.7799999999999994
138 27519 2.7799999999999994
139 27712 2.789999999999999
140 27799 2.789999999999999
141 27999 2.789999999999999
142 28199 2.799999999999999
143 28372 2.8099999999999987
144 28514 2.8099999999999987
145 28714 2.809999999999999
146 28914 2.8199999999999994
147 29003 2.829999999999999
148 29203 2.829999999999999
149 29403 2.839999999999999
150 29603 2.849999999999999
151 29803 2.859999999999999
152 30003 2.869999999999999
153 30102 2.879999999999999
154 30276 2.879999999999999
155 30476 2.879999999999999
156 30676 2.889999999999999
157 30834 2.899999999999999
158 30954 2.899999999999999
159 31108 2.899999999999999
160 31210 2.899999999999999
161 31368 2.899999999999999
162 31472 2.899999999999999
163 31672 2.899999999999999
164 31872 2.9099999999999993
165 32072 2.919999999999999
166 32261 2.929999999999999
167 32350 2.929999999999999
168 32509 2.929999999999999
169 32601 2.929999999999999
170 32801 2.929999999999999
171 32912 2.939999999999999
172 33000 2.939999999999999
173 33200 2.939999999999999
174 33366 2.969999999999999
175 33460 2.969999999999999
176 33572 2.969999999999999
177 33697 2.969999999999999
178 33839 2.969999999999999
179 34039 2.969999999999999
180 34239 2.979999999999999
181 34346 2.9899999999999993
182 34474 2.9899999999999993
183 34572 2.9899999999999993
184 34661 2.9899999999999993
185 34790 2.9899999999999993
186 34944 2.9899999999999993
187 35072 2.9899999999999993
188 35154 2.9899999999999993
189 35295 2.9899999999999993
190 35388 2.9899999999999993
191 35465 2.9899999999999993
192 35597 2.9899999999999993
193 35760 2.9899999999999993
194 35900 2.9899999999999993
195 35973 2.9899999999999993
196 36112 2.9899999999999993
197 36211 2.9899999999999993
198 36411 2.9899999999999993
199 36496 2.999999999999999
200 36588 2.999999999999999
201 36718 2.999999999999999
202 36802 2.999999999999999
203 36908 2.999999999999999
204 37019 2.999999999999999
205 37128 2.999999999999999
206 37316 2.999999999999999
207 37454 2.999999999999999
208 37538 2.999999999999999
209 37696 2.999999999999999
210 37767 2.999999999999999
211 37895 2.999999999999999
212 37982 2.999999999999999
213 38057 2.999999999999999
214 38143 2.999999999999999
215 38266 2.999999999999999
216 38377 2.999999999999999
217 38482 2.999999999999999
218 38571 2.999999999999999
219 38657 2.999999999999999
220 38770 2.999999999999999
221 38853 2.999999999999999
222 38955 2.999999999999999
223 39033 2.999999999999999
224 39087 2.999999999999999
225 39157 2.999999999999999
226 39253 2.999999999999999
227 39318 2.999999999999999
228 39362 2.999999999999999
229 39452 2.999999999999999
230 39541 2.999999999999999
231 39633 2.999999999999999
232 39725 2.999999999999999
233 39835 2.999999999999999
234 39918 2.999999999999999
235 40025 2.999999999999999
236 40089 2.999999999999999
237 40205 2.999999999999999
238 40259 2.999999999999999
239 40398 2.999999999999999
240 40537 2.999999999999999
241 40638 2.999999999999999
242 40730 2.999999999999999
243 40796 2.999999999999999
244 40873 2.999999999999999
245 40940 2.999999999999999
246 41019 2.999999999999999
247 41081 2.999999999999999
248 41196 2.999999999999999
249 41268 2.999999999999999
250 41358 2.999999999999999
251 41414 2.999999999999999
252 41484 2.999999999999999
253 41545 2.999999999999999
254 41651 2.999999999999999
255 41725 2.999999999999999
256 41827 2.999999999999999
257 41882 2.999999999999999
258 41956 2.999999999999999
259 42052 2.999999999999999
260 42144 2.999999999999999
261 42209 2.999999999999999
262 42344 2.999999999999999
263 42450 2.999999999999999
264 42509 2.999999999999999
265 42566 2.999999999999999
266 42660 2.999999999999999
267 42729 2.999999999999999
268 42797 2.999999999999999
269 42881 2.999999999999999
270 42951 2.999999999999999
271 43034 2.999999999999999
272 43164 2.999999999999999
273 43255 2.999999999999999
274 43323 2.999999999999999
275 43405 2.999999999999999
276 43467 2.999999999999999
277 43544 2.999999999999999
278 43592 2.999999999999999
279 43649 2.999999999999999
280 43747 2.999999999999999
281 43805 2.999999999999999
282 43871 2.999999999999999
283 43934 2.999999999999999
284 44031 2.999999999999999
285 44100 2.999999999999999
286 44195 2.999999999999999
287 44300 2.999999999999999
288 44367 2.999999999999999
289 44481 2.999999999999999
290 44543 2.999999999999999
291 44596 2.999999999999999
292 44676 2.999999999999999
293 44759 2.999999999999999
294 44822 2.999999999999999
295 44888 2.999999999999999
296 45002 2.999999999999999
297 45081 2.999999999999999
298 45159 2.999999999999999
299 45259 2.999999999999999
300 45329 2.999999999999999
301 45400 2.999999999999999
302 45513 2.999999999999999
303 45610 2.999999999999999
304 45695 2.999999999999999
305 45806 2.999999999999999
306 45875 2.999999999999999
307 45933 2.999999999999999
308 45999 2.999999999999999
309 46097 2.999999999999999
310 46197 2.999999999999999
311 46285 2.999999999999999
312 46345 2.999999999999999
313 46409 2.999999999999999
314 46501 2.999999999999999
315 46580 2.999999999999999
316 46626 2.999999999999999
317 46717 2.999999999999999
318 46777 2.999999999999999
319 46837 2.999999999999999
320 46961 2.999999999999999
321 47051 2.999999999999999
322 47135 2.999999999999999
323 47192 2.999999999999999
324 47252 2.999999999999999
325 47309 2.999999999999999
326 47401 2.999999999999999
327 47459 2.999999999999999
328 47523 2.999999999999999
329 47583 2.999999999999999
330 47635 2.999999999999999
331 47710 2.999999999999999
332 47771 2.999999999999999
333 47840 2.999999999999999
334 47924 2.999999999999999
335 47996 2.999999999999999
336 48124 2.999999999999999
337 48207 2.999999999999999
338 48292 2.999999999999999
339 48346 2.999999999999999
340 48430 2.999999999999999
341 48520 2.999999999999999
342 48603 2.999999999999999
343 48684 2.999999999999999
344 48763 2.999999999999999
345 48886 2.999999999999999
346 48938 2.999999999999999
347 49035 2.999999999999999
348 49097 2.999999999999999
349 49163 2.999999999999999
350 49230 2.999999999999999
351 49304 2.999999999999999
352 49361 2.999999999999999
353 49457 2.999999999999999
354 49525 2.999999999999999
355 49620 2.999999999999999
356 49679 2.999999999999999
357 49744 2.999999999999999
358 49807 2.999999999999999
359 49881 2.999999999999999
360 49938 2.999999999999999
361 50040 2.999999999999999
362 50114 2.999999999999999
363 50184 2.999999999999999
364 50239 2.999999999999999
365 50307 2.999999999999999
366 50407 2.999999999999999
367 50457 2.999999999999999
368 50516 2.999999999999999
369 50631 2.999999999999999
370 50678 2.999999999999999
371 50746 2.999999999999999
372 50807 2.999999999999999
373 50896 2.999999999999999
374 50950 2.999999999999999
375 51043 2.999999999999999
376 51145 2.999999999999999
377 51216 2.999999999999999
378 51270 2.999999999999999
379 51317 2.999999999999999
380 51373 2.999999999999999
381 51443 2.999999999999999
382 51502 2.999999999999999
383 51581 2.999999999999999
384 51682 2.999999999999999
385 51743 2.999999999999999
386 51829 2.999999999999999
387 51890 2.999999999999999
388 51955 2.999999999999999
389 52047 2.999999999999999
390 52116 2.999999999999999
391 52172 2.999999999999999
392 52224 2.999999999999999
393 52292 2.999999999999999
394 52356 2.999999999999999
395 52412 2.999999999999999
396 52479 2.999999999999999
397 52561 2.999999999999999
398 52627 2.999999999999999
399 52694 2.999999999999999
400 52888 2.999999999999999
401 53008 2.999999999999999
402 53114 2.999999999999999
403 53184 2.999999999999999
404 53258 2.999999999999999
405 53325 2.999999999999999
406 53401 2.999999999999999
407 53467 2.999999999999999
408 53543 2.999999999999999
409 53601 2.999999999999999
410 53708 2.999999999999999
411 53772 2.999999999999999
412 53844 2.999999999999999
413 53947 2.999999999999999
414 54018 2.999999999999999
415 54117 2.999999999999999
416 54197 2.999999999999999
417 54285 2.999999999999999
418 54376 2.999999999999999
419 54439 2.999999999999999
420 54548 2.999999999999999
421 54617 2.999999999999999
422 54697 2.999999999999999
423 54759 2.999999999999999
424 54929 2.999999999999999
425 54997 2.999999999999999
426 55084 2.999999999999999
427 55159 2.999999999999999
428 55258 2.999999999999999
429 55314 2.999999999999999
430 55410 2.999999999999999
431 55498 2.999999999999999
432 55556 2.999999999999999
433 55617 2.999999999999999
434 55734 2.999999999999999
435 55810 2.999999999999999
436 55893 2.999999999999999
437 55993 2.999999999999999
438 56059 2.999999999999999
439 56141 2.999999999999999
440 56206 2.999999999999999
441 56273 2.999999999999999
442 56340 2.999999999999999
443 56402 2.999999999999999
444 56457 2.999999999999999
445 56540 2.999999999999999
446 56623 2.999999999999999
447 56682 2.999999999999999
448 56747 2.999999999999999
449 56824 2.999999999999999
450 56918 2.999999999999999
451 56972 2.999999999999999
452 57060 2.999999999999999
453 57145 2.999999999999999
454 57237 2.999999999999999
455 57307 2.999999999999999
456 57355 2.999999999999999
457 57435 2.999999999999999
458 57511 2.999999999999999
459 57568 2.999999999999999
460 57658 2.999999999999999
461 57763 2.999999999999999
462 57853 2.999999999999999
463 57921 2.999999999999999
464 57992 2.999999999999999
465 58067 2.999999999999999
466 58132 2.999999999999999
467 58203 2.999999999999999
468 58282 2.999999999999999
469 58353 2.999999999999999
470 58406 2.999999999999999
471 58480 2.999999999999999
472 58540 2.999999999999999
473 58633 2.999999999999999
474 58698 2.999999999999999
475 58780 2.999999999999999
476 58869 2.999999999999999
477 58917 2.999999999999999
478 58987 2.999999999999999
479 59059 2.999999999999999
480 59150 2.999999999999999
481 59244 2.999999999999999
482 59337 2.999999999999999
483 59429 2.999999999999999
484 59491 2.999999999999999
485 59545 2.999999999999999
486 59614 2.999999999999999
487 59677 2.999999999999999
488 59796 2.999999999999999
489 59876 2.999999999999999
490 59930 2.999999999999999
491 60129 2.999999999999999
492 60202 2.999999999999999
493 60264 2.999999999999999
494 60330 2.999999999999999
495 60400 2.999999999999999
496 60452 2.999999999999999
497 60517 2.999999999999999
498 60627 2.999999999999999
499 60725 2.999999999999999
500 60780 2.999999999999999
501 60834 2.999999999999999
502 60900 2.999999999999999
503 60970 2.999999999999999
504 61047 2.999999999999999
505 61104 2.999999999999999
506 61151 2.999999999999999
507 61226 2.999999999999999
508 61290 2.999999999999999
509 61368 2.999999999999999
510 61425 2.999999999999999
511 61539 2.999999999999999
512 61604 2.999999999999999
513 61653 2.999999999999999
514 61781 2.999999999999999
515 61852 2.999999999999999
516 61925 2.999999999999999
517 61970 2.999999999999999
518 62065 2.999999999999999
519 62153 2.999999999999999
520 62248 2.999999999999999
521 62308 2.999999999999999
522 62364 2.999999999999999
523 62462 2.999999999999999
524 62544 2.999999999999999
525 62615 2.999999999999999
526 62693 2.999999999999999
527 62816 2.999999999999999
528 62874 2.999999999999999
529 62932 2.999999999999999
530 62986 2.999999999999999
531 63081 2.999999999999999
532 63156 2.999999999999999
533 63272 2.999999999999999
534 63328 2.999999999999999
535 63383 2.999999999999999
536 63461 2.999999999999999
537 63534 2.999999999999999
538 63623 2.999999999999999
539 63708 2.999999999999999
540 63765 2.999999999999999
541 63831 2.999999999999999
542 63885 2.999999999999999
543 63948 2.999999999999999
544 64018 2.999999999999999
545 64085 2.999999999999999
546 64195 2.999999999999999
547 64240 2.999999999999999
548 64294 2.999999999999999
549 64412 2.999999999999999
550 64504 2.999999999999999
551 64581 2.999999999999999
552 64697 2.999999999999999
553 64758 2.999999999999999
554 64836 2.999999999999999
555 64888 2.999999999999999
556 64985 2.999999999999999
557 65049 2.999999999999999
558 65114 2.999999999999999
559 65167 2.999999999999999
560 65234 2.999999999999999
561 65296 2.999999999999999
562 65378 2.999999999999999
563 65455 2.999999999999999
564 65543 2.999999999999999
565 65603 2.999999999999999
566 65675 2.999999999999999
567 65740 2.999999999999999
568 65792 2.999999999999999
569 65843 2.999999999999999
570 65908 2.999999999999999
571 65993 2.999999999999999
572 66045 2.999999999999999
573 66101 2.999999999999999
574 66165 2.999999999999999
575 66219 2.999999999999999
576 66281 2.999999999999999
577 66373 2.999999999999999
578 66441 2.999999999999999
579 66527 2.999999999999999
580 66586 2.999999999999999
581 66696 2.999999999999999
582 66759 2.999999999999999
583 66848 2.999999999999999
584 66911 2.999999999999999
585 66974 2.999999999999999
586 67076 2.999999999999999
587 67134 2.999999999999999
588 67195 2.999999999999999
589 67261 2.999999999999999
590 67312 2.999999999999999
591 67410 2.999999999999999
592 67484 2.999999999999999
593 67549 2.999999999999999
594 67611 2.999999999999999
595 67685 2.999999999999999
596 67752 2.999999999999999
597 67813 2.999999999999999
598 67904 2.999999999999999
599 67960 2.999999999999999
600 68027 2.999999999999999
601 68077 2.999999999999999
602 68126 2.999999999999999
603 68181 2.999999999999999
604 68244 2.999999999999999
605 68295 2.999999999999999
606 68441 2.999999999999999
607 68502 2.999999999999999
608 68569 2.999999999999999
609 68621 2.999999999999999
610 68692 2.999999999999999
611 68761 2.999999999999999
612 68831 2.999999999999999
613 68899 2.999999999999999
614 68952 2.999999999999999
615 69035 2.999999999999999
616 69098 2.999999999999999
617 69173 2.999999999999999
618 69231 2.999999999999999
619 69299 2.999999999999999
620 69377 2.999999999999999
621 69436 2.999999999999999
622 69510 2.999999999999999
623 69610 2.999999999999999
624 69676 2.999999999999999
625 69733 2.999999999999999
626 69811 2.999999999999999
627 69866 2.999999999999999
628 69915 2.999999999999999
629 69987 2.999999999999999
630 70060 2.999999999999999
631 70121 2.999999999999999
632 70229 2.999999999999999
633 70289 2.999999999999999
634 70354 2.999999999999999
635 70417 2.999999999999999
636 70482 2.999999999999999
637 70550 2.999999999999999
638 70615 2.999999999999999
639 70669 2.999999999999999
640 70734 2.999999999999999
641 70784 2.999999999999999
642 70852 2.999999999999999
643 70941 2.999999999999999
644 71020 2.999999999999999
645 71089 2.999999999999999
646 71139 2.999999999999999
647 71190 2.999999999999999
648 71247 2.999999999999999
649 71302 2.999999999999999
650 71359 2.999999999999999
651 71439 2.999999999999999
652 71521 2.999999999999999
653 71593 2.999999999999999
654 71637 2.999999999999999
655 71687 2.999999999999999
656 71765 2.999999999999999
657 71822 2.999999999999999
658 71924 2.999999999999999
659 71977 2.999999999999999
660 72046 2.999999999999999
661 72122 2.999999999999999
662 72186 2.999999999999999
663 72240 2.999999999999999
664 72333 2.999999999999999
665 72424 2.999999999999999
666 72512 2.999999999999999
667 72592 2.999999999999999
668 72677 2.999999999999999
669 72778 2.999999999999999
670 72848 2.999999999999999
671 72910 2.999999999999999
672 73010 2.999999999999999
673 73073 2.999999999999999
674 73146 2.999999999999999
675 73213 2.999999999999999
676 73268 2.999999999999999
677 73335 2.999999999999999
678 73387 2.999999999999999
679 73462 2.999999999999999
680 73517 2.999999999999999
681 73582 2.999999999999999
682 73662 2.999999999999999
683 73749 2.999999999999999
684 73803 2.999999999999999
685 73896 2.999999999999999
686 73998 2.999999999999999
687 74069 2.999999999999999
688 74147 2.999999999999999
689 74213 2.999999999999999
690 74285 2.999999999999999
691 74343 2.999999999999999
692 74404 2.999999999999999
693 74471 2.999999999999999
694 74541 2.999999999999999
695 74617 2.999999999999999
696 74677 2.999999999999999
697 74749 2.999999999999999
698 74827 2.999999999999999
699 74888 2.999999999999999
700 74955 2.999999999999999
701 75016 2.999999999999999
702 75063 2.999999999999999
703 75121 2.999999999999999
704 75185 2.999999999999999
705 75240 2.999999999999999
706 75288 2.999999999999999
707 75338 2.999999999999999
708 75390 2.999999999999999
709 75477 2.999999999999999
710 75545 2.999999999999999
711 75611 2.999999999999999
712 75684 2.999999999999999
713 75752 2.999999999999999
714 75816 2.999999999999999
715 75908 2.999999999999999
716 75994 2.999999999999999
717 76091 2.999999999999999
718 76189 2.999999999999999
719 76243 2.999999999999999
720 76308 2.999999999999999
721 76363 2.999999999999999
722 76432 2.999999999999999
723 76509 2.999999999999999
724 76567 2.999999999999999
725 76640 2.999999999999999
726 76694 2.999999999999999
727 76746 2.999999999999999
728 76813 2.999999999999999
729 76871 2.999999999999999
730 76926 2.999999999999999
731 77007 2.999999999999999
732 77080 2.999999999999999
733 77148 2.999999999999999
734 77219 2.999999999999999
735 77277 2.999999999999999
736 77351 2.999999999999999
737 77397 2.999999999999999
738 77455 2.999999999999999
739 77517 2.999999999999999
740 77568 2.999999999999999
741 77625 2.999999999999999
742 77687 2.999999999999999
743 77742 2.999999999999999
744 77811 2.999999999999999
745 77885 2.999999999999999
746 78004 2.999999999999999
747 78063 2.999999999999999
748 78118 2.999999999999999
749 78200 2.999999999999999
750 78249 2.999999999999999
751 78353 2.999999999999999
752 78409 2.999999999999999
753 78478 2.999999999999999
754 78559 2.999999999999999
755 78627 2.999999999999999
756 78699 2.999999999999999
757 78764 2.999999999999999
758 78813 2.999999999999999
759 78873 2.999999999999999
760 78951 2.999999999999999
761 78999 2.999999999999999
762 79063 2.999999999999999
763 79137 2.999999999999999
764 79194 2.999999999999999
765 79259 2.999999999999999
766 79311 2.999999999999999
767 79365 2.999999999999999
768 79460 2.999999999999999
769 79533 2.999999999999999
770 79597 2.999999999999999
771 79677 2.999999999999999
772 79747 2.999999999999999
773 79820 2.999999999999999
774 79894 2.999999999999999
775 79977 2.999999999999999
776 80036 2.999999999999999
777 80110 2.999999999999999
778 80163 2.999999999999999
779 80229 2.999999999999999
780 80297 2.999999999999999
781 80384 2.999999999999999
782 80444 2.999999999999999
783 80549 2.999999999999999
784 80626 2.999999999999999
785 80680 2.999999999999999
786 80746 2.999999999999999
787 80827 2.999999999999999
788 80892 2.999999999999999
789 80950 2.999999999999999
790 81033 2.999999999999999
791 81101 2.999999999999999
792 81162 2.999999999999999
793 81205 2.999999999999999
794 81288 2.999999999999999
795 81356 2.999999999999999
796 81416 2.999999999999999
797 81485 2.999999999999999
798 81554 2.999999999999999
799 81613 2.999999999999999
800 81687 2.999999999999999
801 81774 2.999999999999999
802 81821 2.999999999999999
803 81877 2.999999999999999
804 81942 2.999999999999999
805 81992 2.999999999999999
806 82055 2.999999999999999
807 82105 2.999999999999999
808 82159 2.999999999999999
809 82235 2.999999999999999
810 82336 2.999999999999999
811 82421 2.999999999999999
812 82497 2.999999999999999
813 82568 2.999999999999999
814 82614 2.999999999999999
815 82680 2.999999999999999
816 82756 2.999999999999999
817 82839 2.999999999999999
818 82887 2.999999999999999
819 82952 2.999999999999999
820 83029 2.999999999999999
821 83129 2.999999999999999
822 83187 2.999999999999999
823 83233 2.999999999999999
824 83313 2.999999999999999
825 83393 2.999999999999999
826 83443 2.999999999999999
827 83499 2.999999999999999
828 83572 2.999999999999999
829 83647 2.999999999999999
830 83708 2.999999999999999
831 83760 2.999999999999999
832 83861 2.999999999999999
833 83919 2.999999999999999
834 83987 2.999999999999999
835 84085 2.999999999999999
836 84138 2.999999999999999
837 84197 2.999999999999999
838 84255 2.999999999999999
839 84317 2.999999999999999
840 84387 2.999999999999999
841 84462 2.999999999999999
842 84521 2.999999999999999
843 84600 2.999999999999999
844 84652 2.999999999999999
845 84738 2.999999999999999
846 84816 2.999999999999999
847 84865 2.999999999999999
848 84954 2.999999999999999
849 85025 2.999999999999999
850 85071 2.999999999999999
851 85117 2.999999999999999
852 85198 2.999999999999999
853 85272 2.999999999999999
854 85348 2.999999999999999
855 85442 2.999999999999999
856 85489 2.999999999999999
857 85559 2.999999999999999
858 85598 2.999999999999999
859 85654 2.999999999999999
860 85705 2.999999999999999
861 85790 2.999999999999999
862 85851 2.999999999999999
863 85964 2.999999999999999
864 86030 2.999999999999999
865 86096 2.999999999999999
866 86155 2.999999999999999
867 86224 2.999999999999999
868 86280 2.999999999999999
869 86345 2.999999999999999
870 86402 2.999999999999999
871 86465 2.999999999999999
872 86532 2.999999999999999
873 86577 2.999999999999999
874 86630 2.999999999999999
875 86680 2.999999999999999
876 86745 2.999999999999999
877 86830 2.999999999999999
878 86933 2.999999999999999
879 86995 2.999999999999999
880 87041 2.999999999999999
881 87096 2.999999999999999
882 87167 2.999999999999999
883 87226 2.999999999999999
884 87278 2.999999999999999
885 87325 2.999999999999999
886 87423 2.999999999999999
887 87498 2.999999999999999
888 87550 2.999999999999999
889 87625 2.999999999999999
890 87677 2.999999999999999
891 87732 2.999999999999999
892 87803 2.999999999999999
893 87844 2.999999999999999
894 87894 2.999999999999999
895 87941 2.999999999999999
896 88023 2.999999999999999
897 88075 2.999999999999999
898 88131 2.999999999999999
899 88176 2.999999999999999
900 88241 2.999999999999999
901 88302 2.999999999999999
902 88352 2.999999999999999
903 88404 2.999999999999999
904 88492 2.999999999999999
905 88591 2.999999999999999
906 88646 2.999999999999999
907 88703 2.999999999999999
908 88792 2.999999999999999
909 88872 2.999999999999999
910 88943 2.999999999999999
911 89005 2.999999999999999
912 89090 2.999999999999999
913 89147 2.999999999999999
914 89212 2.999999999999999
915 89288 2.999999999999999
916 89354 2.999999999999999
917 89403 2.999999999999999
918 89450 2.999999999999999
919 89503 2.999999999999999
920 89564 2.999999999999999
921 89616 2.999999999999999
922 89666 2.999999999999999
923 89738 2.999999999999999
924 89785 2.999999999999999
925 89877 2.999999999999999
926 89951 2.999999999999999
927 90008 2.999999999999999
928 90094 2.999999999999999
929 90169 2.999999999999999
930 90226 2.999999999999999
931 90282 2.999999999999999
932 90353 2.999999999999999
933 90407 2.999999999999999
934 90479 2.999999999999999
935 90534 2.999999999999999
936 90616 2.999999999999999
937 90679 2.999999999999999
938 90757 2.999999999999999
939 90804 2.999999999999999
940 90870 2.999999999999999
941 90946 2.999999999999999
942 91024 2.999999999999999
943 91117 2.999999999999999
944 91171 2.999999999999999
945 91241 2.999999999999999
946 91297 2.999999999999999
947 91374 2.999999999999999
948 91426 2.999999999999999
949 91512 2.999999999999999
950 91570 2.999999999999999
951 91652 2.999999999999999
952 91764 2.999999999999999
953 91828 2.999999999999999
954 91889 2.999999999999999
955 91958 2.999999999999999
956 92028 2.999999999999999
957 92091 2.999999999999999
958 92156 2.999999999999999
959 92219 2.999999999999999
960 92279 2.999999999999999
961 92364 2.999999999999999
962 92419 2.999999999999999
963 92473 2.999999999999999
964 92543 2.999999999999999
965 92629 2.999999999999999
966 92681 2.999999999999999
967 92781 2.999999999999999
968 92842 2.999999999999999
969 92892 2.999999999999999
970 92958 2.999999999999999
971 93007 2.999999999999999
972 93069 2.999999999999999
973 93159 2.999999999999999
974 93215 2.999999999999999
975 93271 2.999999999999999
976 93339 2.999999999999999
977 93412 2.999999999999999
978 93496 2.999999999999999
979 93545 2.999999999999999
980 93591 2.999999999999999
981 93657 2.999999999999999
982 93703 2.999999999999999
983 93762 2.999999999999999
984 93812 2.999999999999999
985 93863 2.999999999999999
986 93929 2.999999999999999
987 93979 2.999999999999999
988 94129 2.999999999999999
989 94187 2.999999999999999
990 94262 2.999999999999999
991 94321 2.999999999999999
992 94381 2.999999999999999
993 94436 2.999999999999999
994 94493 2.999999999999999
995 94563 2.999999999999999
996 94645 2.999999999999999
997 94744 2.999999999999999
998 94814 2.999999999999999
999 94864 2.999999999999999
1000 94921 2.999999999999999
1001 94988 2.999999999999999
1002 95103 2.999999999999999
1003 95174 2.999999999999999
1004 95236 2.999999999999999
1005 95301 2.999999999999999
1006 95366 2.999999999999999
1007 95421 2.999999999999999
1008 95474 2.999999999999999
1009 95536 2.999999999999999
1010 95596 2.999999999999999
1011 95650 2.999999999999999
1012 95733 2.999999999999999
1013 95798 2.999999999999999
1014 95845 2.999999999999999
1015 95904 2.999999999999999
1016 95953 2.999999999999999
1017 96030 2.999999999999999
1018 96084 2.999999999999999
1019 96155 2.999999999999999
1020 96224 2.999999999999999
1021 96274 2.999999999999999
1022 96322 2.999999999999999
1023 96387 2.999999999999999
1024 96445 2.999999999999999
1025 96502 2.999999999999999
1026 96553 2.999999999999999
1027 96626 2.999999999999999
1028 96672 2.999999999999999
1029 96732 2.999999999999999
1030 96792 2.999999999999999
1031 96859 2.999999999999999
1032 96934 2.999999999999999
1033 96996 2.999999999999999
1034 97077 2.999999999999999
1035 97161 2.999999999999999
1036 97229 2.999999999999999
1037 97277 2.999999999999999
1038 97344 2.999999999999999
1039 97393 2.999999999999999
1040 97450 2.999999999999999
1041 97506 2.999999999999999
1042 97609 2.999999999999999
1043 97659 2.999999999999999
1044 97712 2.999999999999999
1045 97768 2.999999999999999
1046 97838 2.999999999999999
1047 97902 2.999999999999999
1048 97952 2.999999999999999
1049 98017 2.999999999999999
1050 98079 2.999999999999999
1051 98131 2.999999999999999
1052 98179 2.999999999999999
1053 98244 2.999999999999999
1054 98294 2.999999999999999
1055 98367 2.999999999999999
1056 98435 2.999999999999999
1057 98530 2.999999999999999
1058 98599 2.999999999999999
1059 98663 2.999999999999999
1060 98746 2.999999999999999
1061 98798 2.999999999999999
1062 98867 2.999999999999999
1063 98921 2.999999999999999
1064 98987 2.999999999999999
1065 99047 2.999999999999999
1066 99100 2.999999999999999
1067 99187 2.999999999999999
1068 99244 2.999999999999999
1069 99330 2.999999999999999
1070 99395 2.999999999999999
1071 99453 2.999999999999999
1072 99512 2.999999999999999
1073 99580 2.999999999999999
1074 99626 2.999999999999999
1075 99688 2.999999999999999
1076 99743 2.999999999999999
1077 99798 2.999999999999999
1078 99847 2.999999999999999
1079 99916 2.999999999999999
1080 99966 2.999999999999999
1081 100045 2.999999999999999
1082 100092 2.999999999999999
1083 100152 2.999999999999999
1084 100200 2.999999999999999
1085 100299 2.999999999999999
1086 100357 2.999999999999999
1087 100409 2.999999999999999
1088 100471 2.999999999999999
1089 100524 2.999999999999999
1090 100566 2.999999999999999
1091 100620 2.999999999999999
1092 100668 2.999999999999999
1093 100723 2.999999999999999
1094 100783 2.999999999999999
1095 100844 2.999999999999999
1096 100926 2.999999999999999
1097 100976 2.999999999999999
1098 101035 2.999999999999999
1099 101084 2.999999999999999
1100 101147 2.999999999999999
1101 101212 2.999999999999999
1102 101284 2.999999999999999
1103 101340 2.999999999999999
1104 101398 2.999999999999999
1105 101461 2.999999999999999
1106 101551 2.999999999999999
1107 101629 2.999999999999999
1108 101681 2.999999999999999
1109 101775 2.999999999999999
1110 101831 2.999999999999999
1111 101894 2.999999999999999
1112 101995 2.999999999999999
1113 102055 2.999999999999999
1114 102098 2.999999999999999
1115 102174 2.999999999999999
1116 102250 2.999999999999999
1117 102316 2.999999999999999
1118 102364 2.999999999999999
1119 102415 2.999999999999999
1120 102480 2.999999999999999
1121 102549 2.999999999999999
1122 102611 2.999999999999999
1123 102669 2.999999999999999
1124 102739 2.999999999999999
1125 102815 2.999999999999999
1126 102880 2.999999999999999
1127 102972 2.999999999999999
1128 103063 2.999999999999999
1129 103120 2.999999999999999
1130 103185 2.999999999999999
1131 103257 2.999999999999999
1132 103312 2.999999999999999
1133 103367 2.999999999999999
1134 103423 2.999999999999999
1135 103487 2.999999999999999
1136 103545 2.999999999999999
1137 103603 2.999999999999999
1138 103657 2.999999999999999
1139 103717 2.999999999999999
1140 103791 2.999999999999999
1141 103853 2.999999999999999
1142 103905 2.999999999999999
1143 103998 2.999999999999999
1144 104064 2.999999999999999
1145 104139 2.999999999999999
1146 104213 2.999999999999999
1147 104264 2.999999999999999
1148 104314 2.999999999999999
1149 104370 2.999999999999999
1150 104419 2.999999999999999
1151 104513 2.999999999999999
1152 104574 2.999999999999999
1153 104641 2.999999999999999
1154 104698 2.999999999999999
1155 104753 2.999999999999999
1156 104843 2.999999999999999
1157 104918 2.999999999999999
1158 104975 2.999999999999999
1159 105047 2.999999999999999
1160 105108 2.999999999999999
1161 105164 2.999999999999999
1162 105230 2.999999999999999
1163 105296 2.999999999999999
1164 105365 2.999999999999999
1165 105416 2.999999999999999
1166 105474 2.999999999999999
1167 105524 2.999999999999999
1168 105586 2.999999999999999
1169 105646 2.999999999999999
1170 105746 2.999999999999999
1171 105796 2.999999999999999
1172 105858 2.999999999999999
1173 105911 2.999999999999999
1174 105976 2.999999999999999
1175 106033 2.999999999999999
1176 106095 2.999999999999999
1177 106150 2.999999999999999
1178 106204 2.999999999999999
1179 106278 2.999999999999999
1180 106324 2.999999999999999
1181 106384 2.999999999999999
1182 106446 2.999999999999999
1183 106539 2.999999999999999
1184 106616 2.999999999999999
1185 106658 2.999999999999999
1186 106738 2.999999999999999
1187 106788 2.999999999999999
1188 106853 2.999999999999999
1189 106913 2.999999999999999
1190 106996 2.999999999999999
1191 107050 2.999999999999999
1192 107121 2.999999999999999
1193 107193 2.999999999999999
1194 107269 2.999999999999999
1195 107311 2.999999999999999
1196 107372 2.999999999999999
1197 107431 2.999999999999999
1198 107511 2.999999999999999
1199 107572 2.999999999999999
1200 107655 2.999999999999999
1201 107738 2.999999999999999
1202 107810 2.999999999999999
1203 107858 2.999999999999999
1204 107908 2.999999999999999
1205 107958 2.999999999999999
1206 108032 2.999999999999999
1207 108099 2.999999999999999
1208 108183 2.999999999999999
1209 108247 2.999999999999999
1210 108316 2.999999999999999
1211 108366 2.999999999999999
1212 108430 2.999999999999999
1213 108500 2.999999999999999
1214 108569 2.999999999999999
1215 108643 2.999999999999999
1216 108719 2.999999999999999
1217 108787 2.999999999999999
1218 108848 2.999999999999999
1219 108925 2.999999999999999
1220 108989 2.999999999999999
1221 109066 2.999999999999999
1222 109119 2.999999999999999
1223 109168 2.999999999999999
1224 109240 2.999999999999999
1225 109315 2.999999999999999
1226 109385 2.999999999999999
1227 109479 2.999999999999999
1228 109560 2.999999999999999
1229 109629 2.999999999999999
1230 109704 2.999999999999999
1231 109766 2.999999999999999
1232 109835 2.999999999999999
1233 109888 2.999999999999999
1234 109956 2.999999999999999
1235 110009 2.999999999999999
1236 110057 2.999999999999999
1237 110135 2.999999999999999
1238 110193 2.999999999999999
1239 110262 2.999999999999999
1240 110308 2.999999999999999
1241 110358 2.999999999999999
1242 110420 2.999999999999999
1243 110500 2.999999999999999
1244 110548 2.999999999999999
1245 110594 2.999999999999999
1246 110660 2.999999999999999
1247 110718 2.999999999999999
1248 110773 2.999999999999999
1249 110817 2.999999999999999
1250 110872 2.999999999999999
1251 110930 2.999999999999999
1252 110986 2.999999999999999
1253 111056 2.999999999999999
1254 111112 2.999999999999999
1255 111164 2.999999999999999
1256 111216 2.999999999999999
1257 111279 2.999999999999999
1258 111329 2.999999999999999
1259 111411 2.999999999999999
1260 111468 2.999999999999999
1261 111535 2.999999999999999
1262 111585 2.999999999999999
1263 111652 2.999999999999999
1264 111709 2.999999999999999
1265 111770 2.999999999999999
1266 111837 2.999999999999999
1267 111919 2.999999999999999
1268 111994 2.999999999999999
1269 112065 2.999999999999999
1270 112130 2.999999999999999
1271 112193 2.999999999999999
1272 112266 2.999999999999999
1273 112312 2.999999999999999
1274 112364 2.999999999999999
1275 112429 2.999999999999999
1276 112488 2.999999999999999
1277 112532 2.999999999999999
1278 112592 2.999999999999999
1279 112654 2.999999999999999
1280 112713 2.999999999999999
1281 112779 2.999999999999999
1282 112833 2.999999999999999
1283 112885 2.999999999999999
1284 112966 2.999999999999999
1285 113010 2.999999999999999
1286 113053 2.999999999999999
1287 113119 2.999999999999999
1288 113201 2.999999999999999
1289 113272 2.999999999999999
1290 113335 2.999999999999999
1291 113379 2.999999999999999
1292 113438 2.999999999999999
1293 113496 2.999999999999999
1294 113555 2.999999999999999
1295 113605 2.999999999999999
1296 113665 2.999999999999999
1297 113735 2.999999999999999
1298 113793 2.999999999999999
1299 113856 2.999999999999999
1300 113929 2.999999999999999
1301 113974 2.999999999999999
1302 114036 2.999999999999999
1303 114111 2.999999999999999
1304 114177 2.999999999999999
1305 114238 2.999999999999999
1306 114283 2.999999999999999
1307 114326 2.999999999999999
1308 114414 2.999999999999999
1309 114489 2.999999999999999
1310 114570 2.999999999999999
1311 114621 2.999999999999999
1312 114674 2.999999999999999
1313 114733 2.999999999999999
1314 114787 2.999999999999999
1315 114845 2.999999999999999
1316 114920 2.999999999999999
1317 114977 2.999999999999999
1318 115035 2.999999999999999
1319 115101 2.999999999999999
1320 115156 2.999999999999999
1321 115206 2.999999999999999
1322 115262 2.999999999999999
1323 115319 2.999999999999999
1324 115387 2.999999999999999
1325 115467 2.999999999999999
1326 115523 2.999999999999999
1327 115573 2.999999999999999
1328 115638 2.999999999999999
1329 115677 2.999999999999999
1330 115750 2.999999999999999
1331 115806 2.999999999999999
1332 115886 2.999999999999999
1333 115943 2.999999999999999
1334 116002 2.999999999999999
1335 116063 2.999999999999999
1336 116130 2.999999999999999
1337 116179 2.999999999999999
1338 116240 2.999999999999999
1339 116304 2.999999999999999
1340 116380 2.999999999999999
1341 116449 2.999999999999999
1342 116501 2.999999999999999
1343 116560 2.999999999999999
1344 116619 2.999999999999999
1345 116666 2.999999999999999
1346 116713 2.999999999999999
1347 116768 2.999999999999999
1348 116818 2.999999999999999
1349 116861 2.999999999999999
1350 116908 2.999999999999999
1351 117015 2.999999999999999
1352 117113 2.999999999999999
1353 117197 2.999999999999999
1354 117264 2.999999999999999
1355 117315 2.999999999999999
1356 117367 2.999999999999999
1357 117422 2.999999999999999
1358 117474 2.999999999999999
1359 117540 2.999999999999999
1360 117603 2.999999999999999
1361 117676 2.999999999999999
1362 117739 2.999999999999999
1363 117804 2.999999999999999
1364 117866 2.999999999999999
1365 117934 2.999999999999999
1366 117996 2.999999999999999
1367 118062 2.999999999999999
1368 118131 2.999999999999999
1369 118205 2.999999999999999
1370 118247 2.999999999999999
1371 118287 2.999999999999999
1372 118358 2.999999999999999
1373 118406 2.999999999999999
1374 118465 2.999999999999999
1375 118527 2.999999999999999
1376 118574 2.999999999999999
1377 118636 2.999999999999999
1378 118702 2.999999999999999
1379 118779 2.999999999999999
1380 118849 2.999999999999999
1381 118929 2.999999999999999
1382 118984 2.999999999999999
1383 119044 2.999999999999999
1384 119123 2.999999999999999
1385 119167 2.999999999999999
1386 119231 2.999999999999999
1387 119274 2.999999999999999
1388 119350 2.999999999999999
1389 119412 2.999999999999999
1390 119468 2.999999999999999
1391 119519 2.999999999999999
1392 119581 2.999999999999999
1393 119635 2.999999999999999
1394 119692 2.999999999999999
1395 119755 2.999999999999999
1396 119832 2.999999999999999
1397 119896 2.999999999999999
1398 119969 2.999999999999999
1399 120013 2.999999999999999
1400 120094 2.999999999999999
1401 120137 2.999999999999999
1402 120202 2.999999999999999
1403 120259 2.999999999999999
1404 120331 2.999999999999999
1405 120403 2.999999999999999
1406 120470 2.999999999999999
1407 120533 2.999999999999999
1408 120598 2.999999999999999
1409 120672 2.999999999999999
1410 120715 2.999999999999999
1411 120776 2.999999999999999
1412 120830 2.999999999999999
1413 120875 2.999999999999999
1414 120922 2.999999999999999
1415 120968 2.999999999999999
1416 121026 2.999999999999999
1417 121083 2.999999999999999
1418 121153 2.999999999999999
1419 121207 2.999999999999999
1420 121259 2.999999999999999
1421 121312 2.999999999999999
1422 121376 2.999999999999999
1423 121433 2.999999999999999
1424 121499 2.999999999999999
1425 121572 2.999999999999999
1426 121624 2.999999999999999
1427 121706 2.999999999999999
1428 121766 2.999999999999999
1429 121840 2.999999999999999
1430 121901 2.999999999999999
1431 121953 2.999999999999999
1432 122005 2.999999999999999
1433 122062 2.999999999999999
1434 122117 2.999999999999999
1435 122187 2.999999999999999
1436 122239 2.999999999999999
1437 122294 2.999999999999999
1438 122341 2.999999999999999
1439 122420 2.999999999999999
1440 122489 2.999999999999999
1441 122566 2.999999999999999
1442 122630 2.999999999999999
1443 122699 2.999999999999999
1444 122747 2.999999999999999
1445 122825 2.999999999999999
1446 122869 2.999999999999999
1447 122947 2.999999999999999
1448 123016 2.999999999999999
1449 123074 2.999999999999999
1450 123128 2.999999999999999
1451 123192 2.999999999999999
1452 123310 2.999999999999999
1453 123360 2.999999999999999
1454 123409 2.999999999999999
1455 123478 2.999999999999999
1456 123552 2.999999999999999
1457 123612 2.999999999999999
1458 123661 2.999999999999999
1459 123714 2.999999999999999
1460 123764 2.999999999999999
1461 123826 2.999999999999999
1462 123917 2.999999999999999
1463 123999 2.999999999999999
1464 124085 2.999999999999999
1465 124160 2.999999999999999
1466 124233 2.999999999999999
1467 124295 2.999999999999999
1468 124361 2.999999999999999
1469 124422 2.999999999999999
1470 124483 2.999999999999999
1471 124545 2.999999999999999
1472 124605 2.999999999999999
1473 124693 2.999999999999999
1474 124742 2.999999999999999
1475 124801 2.999999999999999
1476 124869 2.999999999999999
1477 124916 2.999999999999999
1478 124966 2.999999999999999
1479 125035 2.999999999999999
1480 125090 2.999999999999999
1481 125151 2.999999999999999
1482 125212 2.999999999999999
1483 125288 2.999999999999999
1484 125345 2.999999999999999
1485 125396 2.999999999999999
1486 125479 2.999999999999999
1487 125543 2.999999999999999
1488 125586 2.999999999999999
1489 125646 2.999999999999999
1490 125696 2.999999999999999
1491 125760 2.999999999999999
1492 125812 2.999999999999999
1493 125863 2.999999999999999
1494 125913 2.999999999999999
1495 125976 2.999999999999999
1496 126028 2.999999999999999
1497 126079 2.999999999999999
1498 126138 2.999999999999999
1499 126188 2.999999999999999
1500 126268 2.999999999999999
1501 126322 2.999999999999999
1502 126375 2.999999999999999
1503 126420 2.999999999999999
1504 126475 2.999999999999999
1505 126523 2.999999999999999
1506 126609 2.999999999999999
1507 126670 2.999999999999999
1508 126752 2.999999999999999
1509 126805 2.999999999999999
1510 126868 2.999999999999999
1511 126923 2.999999999999999
1512 126999 2.999999999999999
1513 127038 2.999999999999999
1514 127078 2.999999999999999
1515 127127 2.999999999999999
1516 127228 2.999999999999999
1517 127280 2.999999999999999
1518 127335 2.999999999999999
1519 127406 2.999999999999999
1520 127457 2.999999999999999
1521 127537 2.999999999999999
1522 127591 2.999999999999999
1523 127648 2.999999999999999
1524 127705 2.999999999999999
1525 127792 2.999999999999999
1526 127862 2.999999999999999
1527 127926 2.999999999999999
1528 127994 2.999999999999999
1529 128051 2.999999999999999
1530 128111 2.999999999999999
1531 128171 2.999999999999999
1532 128247 2.999999999999999
1533 128314 2.999999999999999
1534 128371 2.999999999999999
1535 128431 2.999999999999999
1536 128490 2.999999999999999
1537 128545 2.999999999999999
1538 128610 2.999999999999999
1539 128669 2.999999999999999
1540 128738 2.999999999999999
1541 128806 2.999999999999999
1542 128855 2.999999999999999
1543 128895 2.999999999999999
1544 128946 2.999999999999999
1545 129006 2.999999999999999
1546 129094 2.999999999999999
1547 129144 2.999999999999999
1548 129233 2.999999999999999
1549 129310 2.999999999999999
1550 129370 2.999999999999999
1551 129439 2.999999999999999
1552 129518 2.999999999999999
1553 129598 2.999999999999999
1554 129667 2.999999999999999
1555 129722 2.999999999999999
1556 129794 2.999999999999999
1557 129859 2.999999999999999
1558 129925 2.999999999999999
1559 129973 2.999999999999999
1560 130036 2.999999999999999
1561 130085 2.999999999999999
1562 130144 2.999999999999999
1563 130221 2.999999999999999
1564 130285 2.999999999999999
1565 130340 2.999999999999999
1566 130396 2.999999999999999
1567 130449 2.999999999999999
1568 130505 2.999999999999999
1569 130569 2.999999999999999
1570 130627 2.999999999999999
1571 130676 2.999999999999999
1572 130718 2.999999999999999
1573 130769 2.999999999999999
1574 130873 2.999999999999999
1575 130952 2.999999999999999
1576 131012 2.999999999999999
1577 131064 2.999999999999999
1578 131131 2.999999999999999
1579 131185 2.999999999999999
1580 131236 2.999999999999999
1581 131301 2.999999999999999
1582 131384 2.999999999999999
1583 131450 2.999999999999999
1584 131511 2.999999999999999
1585 131567 2.999999999999999
1586 131621 2.999999999999999
1587 131673 2.999999999999999
1588 131762 2.999999999999999
1589 131840 2.999999999999999
1590 131894 2.999999999999999
1591 131956 2.999999999999999
1592 132033 2.999999999999999
1593 132086 2.999999999999999
1594 132148 2.999999999999999
1595 132205 2.999999999999999
1596 132277 2.999999999999999
1597 132325 2.999999999999999
1598 132375 2.999999999999999
1599 132427 2.999999999999999
1600 132478 2.999999999999999
1601 132563 2.999999999999999
1602 132617 2.999999999999999
1603 132674 2.999999999999999
1604 132757 2.999999999999999
1605 132818 2.999999999999999
1606 132867 2.999999999999999
1607 132921 2.999999999999999
1608 132968 2.999999999999999
1609 133025 2.999999999999999
1610 133075 2.999999999999999
1611 133172 2.999999999999999
1612 133221 2.999999999999999
1613 133288 2.999999999999999
1614 133366 2.999999999999999
1615 133419 2.999999999999999
1616 133498 2.999999999999999
1617 133549 2.999999999999999
1618 133601 2.999999999999999
1619 133658 2.999999999999999
1620 133698 2.999999999999999
1621 133771 2.999999999999999
1622 133832 2.999999999999999
1623 133884 2.999999999999999
1624 133944 2.999999999999999
1625 133992 2.999999999999999
1626 134052 2.999999999999999
1627 134118 2.999999999999999
1628 134182 2.999999999999999
1629 134242 2.999999999999999
1630 134300 2.999999999999999
1631 134350 2.999999999999999
1632 134407 2.999999999999999
1633 134469 2.999999999999999
1634 134547 2.999999999999999
1635 134612 2.999999999999999
1636 134681 2.999999999999999
1637 134743 2.999999999999999
1638 134788 2.999999999999999
1639 134856 2.999999999999999
1640 134915 2.999999999999999
1641 135018 2.999999999999999
1642 135077 2.999999999999999
1643 135140 2.999999999999999
1644 135196 2.999999999999999
1645 135265 2.999999999999999
1646 135316 2.999999999999999
1647 135359 2.999999999999999
1648 135429 2.999999999999999
1649 135483 2.999999999999999
1650 135535 2.999999999999999
1651 135597 2.999999999999999
1652 135637 2.999999999999999
1653 135692 2.999999999999999
1654 135769 2.999999999999999
1655 135835 2.999999999999999
1656 135886 2.999999999999999
1657 135936 2.999999999999999
1658 135996 2.999999999999999
1659 136046 2.999999999999999
1660 136106 2.999999999999999
1661 136169 2.999999999999999
1662 136219 2.999999999999999
1663 136276 2.999999999999999
1664 136338 2.999999999999999
1665 136404 2.999999999999999
1666 136451 2.999999999999999
1667 136505 2.999999999999999
1668 136568 2.999999999999999
1669 136676 2.999999999999999
1670 136779 2.999999999999999
1671 136865 2.999999999999999
1672 136913 2.999999999999999
1673 136977 2.999999999999999
1674 137035 2.999999999999999
1675 137103 2.999999999999999
1676 137154 2.999999999999999
1677 137203 2.999999999999999
1678 137250 2.999999999999999
1679 137299 2.999999999999999
1680 137367 2.999999999999999
1681 137411 2.999999999999999
1682 137461 2.999999999999999
1683 137526 2.999999999999999
1684 137575 2.999999999999999
1685 137640 2.999999999999999
1686 137689 2.999999999999999
1687 137756 2.999999999999999
1688 137807 2.999999999999999
1689 137871 2.999999999999999
1690 137921 2.999999999999999
1691 137997 2.999999999999999
1692 138089 2.999999999999999
1693 138148 2.999999999999999
1694 138194 2.999999999999999
1695 138246 2.999999999999999
1696 138295 2.999999999999999
1697 138353 2.999999999999999
1698 138420 2.999999999999999
1699 138475 2.999999999999999
1700 138527 2.999999999999999
1701 138579 2.999999999999999
1702 138622 2.999999999999999
1703 138669 2.999999999999999
1704 138713 2.999999999999999
1705 138772 2.999999999999999
1706 138886 2.999999999999999
1707 138939 2.999999999999999
1708 138986 2.999999999999999
1709 139040 2.999999999999999
1710 139101 2.999999999999999
1711 139163 2.999999999999999
1712 139216 2.999999999999999
1713 139298 2.999999999999999
1714 139345 2.999999999999999
1715 139399 2.999999999999999
1716 139454 2.999999999999999
1717 139504 2.999999999999999
1718 139566 2.999999999999999
1719 139628 2.999999999999999
1720 139683 2.999999999999999
1721 139730 2.999999999999999
1722 139783 2.999999999999999
1723 139832 2.999999999999999
1724 139895 2.999999999999999
1725 139939 2.999999999999999
1726 139984 2.999999999999999
1727 140040 2.999999999999999
1728 140088 2.999999999999999
1729 140131 2.999999999999999
1730 140230 2.999999999999999
1731 140281 2.999999999999999
1732 140334 2.999999999999999
1733 140394 2.999999999999999
1734 140459 2.999999999999999
1735 140514 2.999999999999999
1736 140562 2.999999999999999
1737 140636 2.999999999999999
1738 140707 2.999999999999999
1739 140763 2.999999999999999
1740 140822 2.999999999999999
1741 140886 2.999999999999999
1742 140955 2.999999999999999
1743 141008 2.999999999999999
1744 141082 2.999999999999999
1745 141129 2.999999999999999
1746 141191 2.999999999999999
1747 141282 2.999999999999999
1748 141338 2.999999999999999
1749 141386 2.999999999999999
1750 141446 2.999999999999999
1751 141519 2.999999999999999
1752 141598 2.999999999999999
1753 141657 2.999999999999999
1754 141716 2.999999999999999
1755 141776 2.999999999999999
1756 141857 2.999999999999999
1757 141920 2.999999999999999
1758 141987 2.999999999999999
1759 142043 2.999999999999999
1760 142090 2.999999999999999
1761 142136 2.999999999999999
1762 142196 2.999999999999999
1763 142250 2.999999999999999
1764 142315 2.999999999999999
1765 142373 2.999999999999999
1766 142423 2.999999999999999
1767 142508 2.999999999999999
1768 142570 2.999999999999999
1769 142614 2.999999999999999
1770 142664 2.999999999999999
1771 142731 2.999999999999999
1772 142795 2.999999999999999
1773 142854 2.999999999999999
1774 142914 2.999999999999999
1775 143000 2.999999999999999
1776 143087 2.999999999999999
1777 143153 2.999999999999999
1778 143207 2.999999999999999
1779 143267 2.999999999999999
1780 143330 2.999999999999999
1781 143452 2.999999999999999
1782 143497 2.999999999999999
1783 143573 2.999999999999999
1784 143637 2.999999999999999
1785 143721 2.999999999999999
1786 143798 2.999999999999999
1787 143849 2.999999999999999
1788 143908 2.999999999999999
1789 143975 2.999999999999999
1790 144038 2.999999999999999
1791 144100 2.999999999999999
1792 144157 2.999999999999999
1793 144224 2.999999999999999
1794 144276 2.999999999999999
1795 144339 2.999999999999999
1796 144387 2.999999999999999
1797 144447 2.999999999999999
1798 144510 2.999999999999999
1799 144560 2.999999999999999
1800 144624 2.999999999999999
1801 144673 2.999999999999999
1802 144750 2.999999999999999
1803 144817 2.999999999999999
1804 144874 2.999999999999999
1805 144926 2.999999999999999
1806 144998 2.999999999999999
1807 145070 2.999999999999999
1808 145119 2.999999999999999
1809 145179 2.999999999999999
1810 145238 2.999999999999999
1811 145293 2.999999999999999
1812 145370 2.999999999999999
1813 145427 2.999999999999999
1814 145494 2.999999999999999
1815 145546 2.999999999999999
1816 145612 2.999999999999999
1817 145665 2.999999999999999
1818 145734 2.999999999999999
1819 145781 2.999999999999999
1820 145840 2.999999999999999
1821 145892 2.999999999999999
1822 145947 2.999999999999999
1823 146010 2.999999999999999
1824 146057 2.999999999999999
1825 146164 2.999999999999999
1826 146208 2.999999999999999
1827 146263 2.999999999999999
1828 146312 2.999999999999999
1829 146373 2.999999999999999
1830 146439 2.999999999999999
1831 146494 2.999999999999999
1832 146548 2.999999999999999
1833 146610 2.999999999999999
1834 146666 2.999999999999999
1835 146711 2.999999999999999
1836 146783 2.999999999999999
1837 146833 2.999999999999999
1838 146892 2.999999999999999
1839 146963 2.999999999999999
1840 147012 2.999999999999999
1841 147079 2.999999999999999
1842 147126 2.999999999999999
1843 147176 2.999999999999999
1844 147366 2.999999999999999
1845 147409 2.999999999999999
1846 147489 2.999999999999999
1847 147554 2.999999999999999
1848 147646 2.999999999999999
1849 147716 2.999999999999999
1850 147771 2.999999999999999
1851 147862 2.999999999999999
1852 147923 2.999999999999999
1853 147974 2.999999999999999
1854 148027 2.999999999999999
1855 148094 2.999999999999999
1856 148144 2.999999999999999
1857 148220 2.999999999999999
1858 148280 2.999999999999999
1859 148328 2.999999999999999
1860 148393 2.999999999999999
1861 148441 2.999999999999999
1862 148498 2.999999999999999
1863 148547 2.999999999999999
1864 148609 2.999999999999999
1865 148704 2.999999999999999
1866 148747 2.999999999999999
1867 148808 2.999999999999999
1868 148868 2.999999999999999
1869 148948 2.999999999999999
1870 148999 2.999999999999999
1871 149049 2.999999999999999
1872 149098 2.999999999999999
1873 149159 2.999999999999999
1874 149223 2.999999999999999
1875 149279 2.999999999999999
1876 149335 2.999999999999999
1877 149392 2.999999999999999
1878 149452 2.999999999999999
1879 149502 2.999999999999999
1880 149565 2.999999999999999
1881 149613 2.999999999999999
1882 149658 2.999999999999999
1883 149700 2.999999999999999
1884 149778 2.999999999999999
1885 149829 2.999999999999999
1886 149887 2.999999999999999
1887 149945 2.999999999999999
1888 149996 2.999999999999999
1889 150067 2.999999999999999
1890 150120 2.999999999999999
1891 150175 2.999999999999999
1892 150226 2.999999999999999
1893 150276 2.999999999999999
1894 150381 2.999999999999999
1895 150434 2.999999999999999
1896 150501 2.999999999999999
1897 150546 2.999999999999999
1898 150621 2.999999999999999
1899 150730 2.999999999999999
1900 150802 2.999999999999999
1901 150844 2.999999999999999
1902 150914 2.999999999999999
1903 150968 2.999999999999999
1904 151028 2.999999999999999
1905 151078 2.999999999999999
1906 151132 2.999999999999999
1907 151175 2.999999999999999
1908 151240 2.999999999999999
1909 151302 2.999999999999999
1910 151364 2.999999999999999
1911 151415 2.999999999999999
1912 151466 2.999999999999999
1913 151516 2.999999999999999
1914 151611 2.999999999999999
1915 151670 2.999999999999999
1916 151753 2.999999999999999
1917 151834 2.999999999999999
1918 151910 2.999999999999999
1919 151957 2.999999999999999
1920 152071 2.999999999999999
1921 152120 2.999999999999999
1922 152211 2.999999999999999
1923 152259 2.999999999999999
1924 152305 2.999999999999999
1925 152351 2.999999999999999
1926 152404 2.999999999999999
1927 152470 2.999999999999999
1928 152527 2.999999999999999
1929 152575 2.999999999999999
1930 152626 2.999999999999999
1931 152671 2.999999999999999
1932 152737 2.999999999999999
1933 152810 2.999999999999999
1934 152861 2.999999999999999
1935 152915 2.999999999999999
1936 152971 2.999999999999999
1937 153027 2.999999999999999
1938 153079 2.999999999999999
1939 153144 2.999999999999999
1940 153197 2.999999999999999
1941 153253 2.999999999999999
1942 153311 2.999999999999999
1943 153377 2.999999999999999
1944 153435 2.999999999999999
1945 153499 2.999999999999999
1946 153559 2.999999999999999
1947 153619 2.999999999999999
1948 153667 2.999999999999999
1949 153710 2.999999999999999
1950 153760 2.999999999999999
1951 153807 2.999999999999999
1952 153872 2.999999999999999
1953 153922 2.999999999999999
1954 153982 2.999999999999999
1955 154030 2.999999999999999
1956 154099 2.999999999999999
1957 154153 2.999999999999999
1958 154201 2.999999999999999
1959 154250 2.999999999999999
1960 154307 2.999999999999999
1961 154373 2.999999999999999
1962 154438 2.999999999999999
1963 154533 2.999999999999999
1964 154642 2.999999999999999
1965 154699 2.999999999999999
1966 154755 2.999999999999999
1967 154802 2.999999999999999
1968 154858 2.999999999999999
1969 154904 2.999999999999999
1970 154978 2.999999999999999
1971 155036 2.999999999999999
1972 155108 2.999999999999999
1973 155160 2.999999999999999
1974 155231 2.999999999999999
1975 155294 2.999999999999999
1976 155345 2.999999999999999
1977 155392 2.999999999999999
1978 155436 2.999999999999999
1979 155485 2.999999999999999
1980 155551 2.999999999999999
1981 155601 2.999999999999999
1982 155649 2.999999999999999
1983 155713 2.999999999999999
1984 155765 2.999999999999999
1985 155825 2.999999999999999
1986 155888 2.999999999999999
1987 155940 2.999999999999999
1988 155996 2.999999999999999
1989 156046 2.999999999999999
1990 156107 2.999999999999999
1991 156164 2.999999999999999
1992 156222 2.999999999999999
1993 156277 2.999999999999999
1994 156336 2.999999999999999
1995 156394 2.999999999999999
1996 156452 2.999999999999999
1997 156526 2.999999999999999
1998 156591 2.999999999999999
1999 156668 2.999999999999999
2000 156710 2.999999999999999
2001 156773 2.999999999999999
2002 156830 2.999999999999999
2003 156891 2.999999999999999
2004 156961 2.999999999999999
2005 157034 2.999999999999999
2006 157083 2.999999999999999
2007 157167 2.999999999999999
2008 157219 2.999999999999999
2009 157280 2.999999999999999
2010 157353 2.999999999999999
2011 157425 2.999999999999999
2012 157471 2.999999999999999
2013 157531 2.999999999999999
2014 157610 2.999999999999999
2015 157659 2.999999999999999
2016 157734 2.999999999999999
2017 157791 2.999999999999999
2018 157873 2.999999999999999
2019 157928 2.999999999999999
2020 157976 2.999999999999999
2021 158062 2.999999999999999
2022 158121 2.999999999999999
2023 158192 2.999999999999999
2024 158241 2.999999999999999
2025 158295 2.999999999999999
2026 158347 2.999999999999999
2027 158425 2.999999999999999
2028 158465 2.999999999999999
2029 158529 2.999999999999999
2030 158617 2.999999999999999
2031 158678 2.999999999999999
2032 158757 2.999999999999999
2033 158798 2.999999999999999
2034 158857 2.999999999999999
2035 158908 2.999999999999999
2036 158980 2.999999999999999
2037 159046 2.999999999999999
2038 159102 2.999999999999999
2039 159153 2.999999999999999
2040 159229 2.999999999999999
2041 159282 2.999999999999999
2042 159388 2.999999999999999
2043 159446 2.999999999999999
2044 159514 2.999999999999999
2045 159577 2.999999999999999
2046 159632 2.999999999999999
2047 159696 2.999999999999999
2048 159769 2.999999999999999
2049 159833 2.999999999999999
2050 159888 2.999999999999999
2051 159931 2.999999999999999
2052 159978 2.999999999999999
2053 160041 2.999999999999999
2054 160098 2.999999999999999
2055 160159 2.999999999999999
2056 160232 2.999999999999999
2057 160288 2.999999999999999
2058 160355 2.999999999999999
2059 160441 2.999999999999999
2060 160514 2.999999999999999
2061 160563 2.999999999999999
2062 160635 2.999999999999999
2063 160689 2.999999999999999
2064 160739 2.999999999999999
2065 160807 2.999999999999999
2066 160853 2.999999999999999
2067 160907 2.999999999999999
2068 160948 2.999999999999999
2069 161006 2.999999999999999
2070 161057 2.999999999999999
2071 161120 2.999999999999999
2072 161172 2.999999999999999
2073 161223 2.999999999999999
2074 161281 2.999999999999999
2075 161345 2.999999999999999
2076 161409 2.999999999999999
2077 161492 2.999999999999999
2078 161544 2.999999999999999
2079 161609 2.999999999999999
2080 161663 2.999999999999999
2081 161724 2.999999999999999
2082 161778 2.999999999999999
2083 161837 2.999999999999999
2084 161907 2.999999999999999
2085 161970 2.999999999999999
2086 162028 2.999999999999999
2087 162079 2.999999999999999
2088 162130 2.999999999999999
2089 162201 2.999999999999999
2090 162248 2.999999999999999
2091 162306 2.999999999999999
2092 162358 2.999999999999999
2093 162442 2.999999999999999
2094 162497 2.999999999999999
2095 162570 2.999999999999999
2096 162616 2.999999999999999
2097 162659 2.999999999999999
2098 162713 2.999999999999999
2099 162761 2.999999999999999
2100 162805 2.999999999999999
2101 162874 2.999999999999999
2102 162937 2.999999999999999
2103 162996 2.999999999999999
2104 163044 2.999999999999999
2105 163095 2.999999999999999
2106 163145 2.999999999999999
2107 163195 2.999999999999999
2108 163264 2.999999999999999
2109 163326 2.999999999999999
2110 163390 2.999999999999999
2111 163439 2.999999999999999
2112 163531 2.999999999999999
2113 163598 2.999999999999999
2114 163658 2.999999999999999
2115 163705 2.999999999999999
2116 163747 2.999999999999999
2117 163794 2.999999999999999
2118 163852 2.999999999999999
2119 163918 2.999999999999999
2120 163971 2.999999999999999
2121 164010 2.999999999999999
2122 164077 2.999999999999999
2123 164129 2.999999999999999
2124 164179 2.999999999999999
2125 164228 2.999999999999999
2126 164277 2.999999999999999
2127 164328 2.999999999999999
2128 164385 2.999999999999999
2129 164443 2.999999999999999
2130 164510 2.999999999999999
2131 164557 2.999999999999999
2132 164625 2.999999999999999
2133 164677 2.999999999999999
2134 164766 2.999999999999999
2135 164819 2.999999999999999
2136 164872 2.999999999999999
2137 164930 2.999999999999999
2138 164988 2.999999999999999
2139 165038 2.999999999999999
2140 165081 2.999999999999999
2141 165138 2.999999999999999
2142 165199 2.999999999999999
2143 165273 2.999999999999999
2144 165336 2.999999999999999
2145 165420 2.999999999999999
2146 165481 2.999999999999999
2147 165522 2.999999999999999
2148 165580 2.999999999999999
2149 165638 2.999999999999999
2150 165684 2.999999999999999
2151 165733 2.999999999999999
2152 165814 2.999999999999999
2153 165867 2.999999999999999
2154 165933 2.999999999999999
2155 166012 2.999999999999999
2156 166066 2.999999999999999
2157 166113 2.999999999999999
2158 166168 2.999999999999999
2159 166218 2.999999999999999
2160 166284 2.999999999999999
2161 166347 2.999999999999999
2162 166410 2.999999999999999
2163 166460 2.999999999999999
2164 166534 2.999999999999999
2165 166599 2.999999999999999
2166 166649 2.999999999999999
2167 166700 2.999999999999999
2168 166766 2.999999999999999
2169 166820 2.999999999999999
2170 166891 2.999999999999999
2171 166945 2.999999999999999
2172 167018 2.999999999999999
2173 167072 2.999999999999999
2174 167132 2.999999999999999
2175 167194 2.999999999999999
2176 167252 2.999999999999999
2177 167322 2.999999999999999
2178 167373 2.999999999999999
2179 167425 2.999999999999999
2180 167479 2.999999999999999
2181 167532 2.999999999999999
2182 167602 2.999999999999999
2183 167683 2.999999999999999
2184 167747 2.999999999999999
2185 167821 2.999999999999999
2186 167901 2.999999999999999
2187 167949 2.999999999999999
2188 168003 2.999999999999999
2189 168045 2.999999999999999
2190 168099 2.999999999999999
2191 168170 2.999999999999999
2192 168230 2.999999999999999
2193 168325 2.999999999999999
2194 168378 2.999999999999999
2195 168424 2.999999999999999
2196 168497 2.999999999999999
2197 168574 2.999999999999999
2198 168627 2.999999999999999
2199 168674 2.999999999999999
2200 168734 2.999999999999999
2201 168778 2.999999999999999
2202 168833 2.999999999999999
2203 168907 2.999999999999999
2204 168960 2.999999999999999
2205 169008 2.999999999999999
2206 169057 2.999999999999999
2207 169108 2.999999999999999
2208 169171 2.999999999999999
2209 169220 2.999999999999999
2210 169262 2.999999999999999
2211 169326 2.999999999999999
2212 169374 2.999999999999999
2213 169434 2.999999999999999
2214 169481 2.999999999999999
2215 169538 2.999999999999999
2216 169581 2.999999999999999
2217 169653 2.999999999999999
2218 169707 2.999999999999999
2219 169782 2.999999999999999
2220 169838 2.999999999999999
2221 169885 2.999999999999999
2222 169938 2.999999999999999
2223 169990 2.999999999999999
2224 170050 2.999999999999999
2225 170102 2.999999999999999
2226 170158 2.999999999999999
2227 170221 2.999999999999999
2228 170272 2.999999999999999
2229 170330 2.999999999999999
2230 170398 2.999999999999999
2231 170449 2.999999999999999
2232 170491 2.999999999999999
2233 170562 2.999999999999999
2234 170631 2.999999999999999
2235 170695 2.999999999999999
2236 170755 2.999999999999999
2237 170808 2.999999999999999
2238 170866 2.999999999999999
2239 170913 2.999999999999999
2240 170967 2.999999999999999
2241 171016 2.999999999999999
2242 171091 2.999999999999999
2243 171146 2.999999999999999
2244 171207 2.999999999999999
2245 171264 2.999999999999999
2246 171310 2.999999999999999
2247 171371 2.999999999999999
2248 171422 2.999999999999999
2249 171467 2.999999999999999
2250 171522 2.999999999999999
2251 171573 2.999999999999999
2252 171633 2.999999999999999
2253 171704 2.999999999999999
2254 171752 2.999999999999999
2255 171810 2.999999999999999
2256 171863 2.999999999999999
2257 171915 2.999999999999999
2258 171957 2.999999999999999
2259 172015 2.999999999999999
2260 172064 2.999999999999999
2261 172138 2.999999999999999
2262 172193 2.999999999999999
2263 172244 2.999999999999999
2264 172299 2.999999999999999
2265 172366 2.999999999999999
2266 172433 2.999999999999999
2267 172479 2.999999999999999
2268 172535 2.999999999999999
2269 172584 2.999999999999999
2270 172642 2.999999999999999
2271 172691 2.999999999999999
2272 172741 2.999999999999999
2273 172789 2.999999999999999
2274 172841 2.999999999999999
2275 172884 2.999999999999999
2276 172941 2.999999999999999
2277 173015 2.999999999999999
2278 173076 2.999999999999999
2279 173119 2.999999999999999
2280 173181 2.999999999999999
2281 173257 2.999999999999999
2282 173316 2.999999999999999
2283 173373 2.999999999999999
2284 173433 2.999999999999999
2285 173484 2.999999999999999
2286 173536 2.999999999999999
2287 173585 2.999999999999999
2288 173645 2.999999999999999
2289 173703 2.999999999999999
2290 173756 2.999999999999999
2291 173808 2.999999999999999
2292 173858 2.999999999999999
2293 173925 2.999999999999999
2294 173972 2.999999999999999
2295 174020 2.999999999999999
2296 174067 2.999999999999999
2297 174108 2.999999999999999
2298 174155 2.999999999999999
2299 174200 2.999999999999999
2300 174254 2.999999999999999
2301 174310 2.999999999999999
2302 174366 2.999999999999999
2303 174419 2.999999999999999
2304 174495 2.999999999999999
2305 174550 2.999999999999999
2306 174601 2.999999999999999
2307 174673 2.999999999999999
2308 174718 2.999999999999999
2309 174758 2.999999999999999
2310 174816 2.999999999999999
2311 174863 2.999999999999999
2312 174928 2.999999999999999
2313 174987 2.999999999999999
2314 175041 2.999999999999999
2315 175108 2.999999999999999
2316 175195 2.999999999999999
2317 175249 2.999999999999999
2318 175301 2.999999999999999
2319 175346 2.999999999999999
2320 175393 2.999999999999999
2321 175461 2.999999999999999
2322 175511 2.999999999999999
2323 175555 2.999999999999999
2324 175608 2.999999999999999
2325 175679 2.999999999999999
2326 175739 2.999999999999999
2327 175792 2.999999999999999
2328 175856 2.999999999999999
2329 175902 2.999999999999999
2330 175970 2.999999999999999
2331 176030 2.999999999999999
2332 176083 2.999999999999999
2333 176137 2.999999999999999
2334 176176 2.999999999999999
2335 176241 2.999999999999999
2336 176300 2.999999999999999
2337 176349 2.999999999999999
2338 176405 2.999999999999999
2339 176465 2.999999999999999
2340 176517 2.999999999999999
2341 176577 2.999999999999999
2342 176621 2.999999999999999
2343 176694 2.999999999999999
2344 176739 2.999999999999999
2345 176796 2.999999999999999
2346 176852 2.999999999999999
2347 176918 2.999999999999999
2348 176975 2.999999999999999
2349 177031 2.999999999999999
2350 177073 2.999999999999999
2351 177140 2.999999999999999
2352 177191 2.999999999999999
2353 177252 2.999999999999999
2354 177305 2.999999999999999
2355 177356 2.999999999999999
2356 177424 2.999999999999999
2357 177478 2.999999999999999
2358 177535 2.999999999999999
2359 177600 2.999999999999999
2360 177672 2.999999999999999
2361 177741 2.999999999999999
2362 177808 2.999999999999999
2363 177859 2.999999999999999
2364 177921 2.999999999999999
2365 177983 2.999999999999999
2366 178043 2.999999999999999
2367 178102 2.999999999999999
2368 178160 2.999999999999999
2369 178215 2.999999999999999
2370 178318 2.999999999999999
2371 178367 2.999999999999999
2372 178436 2.999999999999999
2373 178476 2.999999999999999
2374 178524 2.999999999999999
2375 178575 2.999999999999999
2376 178628 2.999999999999999
2377 178676 2.999999999999999
2378 178759 2.999999999999999
2379 178820 2.999999999999999
2380 178872 2.999999999999999
2381 178929 2.999999999999999
2382 178977 2.999999999999999
2383 179033 2.999999999999999
2384 179105 2.999999999999999
2385 179167 2.999999999999999
2386 179227 2.999999999999999
2387 179271 2.999999999999999
2388 179315 2.999999999999999
2389 179361 2.999999999999999
2390 179418 2.999999999999999
2391 179488 2.999999999999999
2392 179534 2.999999999999999
2393 179612 2.999999999999999
2394 179670 2.999999999999999
2395 179758 2.999999999999999
2396 179814 2.999999999999999
2397 179879 2.999999999999999
2398 179925 2.999999999999999
2399 179988 2.999999999999999
2400 180045 2.999999999999999
2401 180089 2.999999999999999
2402 180145 2.999999999999999
2403 180197 2.999999999999999
2404 180246 2.999999999999999
2405 180300 2.999999999999999
2406 180356 2.999999999999999
2407 180403 2.999999999999999
2408 180454 2.999999999999999
2409 180498 2.999999999999999
2410 180547 2.999999999999999
2411 180616 2.999999999999999
2412 180655 2.999999999999999
2413 180699 2.999999999999999
2414 180745 2.999999999999999
2415 180825 2.999999999999999
2416 180909 2.999999999999999
2417 180969 2.999999999999999
2418 181024 2.999999999999999
2419 181075 2.999999999999999
2420 181121 2.999999999999999
2421 181183 2.999999999999999
2422 181275 2.999999999999999
2423 181325 2.999999999999999
2424 181379 2.999999999999999
2425 181442 2.999999999999999
2426 181533 2.999999999999999
2427 181581 2.999999999999999
2428 181637 2.999999999999999
2429 181691 2.999999999999999
2430 181757 2.999999999999999
2431 181805 2.999999999999999
2432 181851 2.999999999999999
2433 181910 2.999999999999999
2434 181963 2.999999999999999
2435 182025 2.999999999999999
2436 182080 2.999999999999999
2437 182142 2.999999999999999
2438 182207 2.999999999999999
2439 182260 2.999999999999999
2440 182299 2.999999999999999
2441 182350 2.999999999999999
2442 182397 2.999999999999999
2443 182448 2.999999999999999
2444 182498 2.999999999999999
2445 182555 2.999999999999999
2446 182608 2.999999999999999
2447 182659 2.999999999999999
2448 182710 2.999999999999999
2449 182780 2.999999999999999
2450 182837 2.999999999999999
2451 182885 2.999999999999999
2452 182943 2.999999999999999
2453 183002 2.999999999999999
2454 183058 2.999999999999999
2455 183113 2.999999999999999
2456 183159 2.999999999999999
2457 183207 2.999999999999999
2458 183265 2.999999999999999
2459 183342 2.999999999999999
2460 183409 2.999999999999999
2461 183503 2.999999999999999
2462 183551 2.999999999999999
2463 183608 2.999999999999999
2464 183665 2.999999999999999
2465 183733 2.999999999999999
2466 183813 2.999999999999999
2467 183865 2.999999999999999
2468 183910 2.999999999999999
2469 183949 2.999999999999999
2470 184002 2.999999999999999
2471 184066 2.999999999999999
2472 184138 2.999999999999999
2473 184232 2.999999999999999
2474 184269 2.999999999999999
2475 184313 2.999999999999999
2476 184376 2.999999999999999
2477 184440 2.999999999999999
2478 184488 2.999999999999999
2479 184548 2.999999999999999
2480 184591 2.999999999999999
2481 184658 2.999999999999999
2482 184710 2.999999999999999
2483 184767 2.999999999999999
2484 184820 2.999999999999999
2485 184898 2.999999999999999
2486 184953 2.999999999999999
2487 185009 2.999999999999999
2488 185065 2.999999999999999
2489 185115 2.999999999999999
2490 185174 2.999999999999999
2491 185224 2.999999999999999
2492 185300 2.999999999999999
2493 185355 2.999999999999999
2494 185401 2.999999999999999
2495 185445 2.999999999999999
2496 185504 2.999999999999999
2497 185545 2.999999999999999
2498 185587 2.999999999999999
2499 185654 2.999999999999999
2500 185705 2.999999999999999
2501 185750 2.999999999999999
2502 185795 2.999999999999999
2503 185847 2.999999999999999
2504 185914 2.999999999999999
2505 185969 2.999999999999999
2506 186032 2.999999999999999
2507 186084 2.999999999999999
2508 186134 2.999999999999999
2509 186209 2.999999999999999
2510 186265 2.999999999999999
2511 186331 2.999999999999999
2512 186394 2.999999999999999
2513 186445 2.999999999999999
2514 186486 2.999999999999999
2515 186542 2.999999999999999
2516 186587 2.999999999999999
2517 186664 2.999999999999999
2518 186714 2.999999999999999
2519 186785 2.999999999999999
2520 186842 2.999999999999999
2521 186891 2.999999999999999
2522 186939 2.999999999999999
2523 187005 2.999999999999999
2524 187053 2.999999999999999
2525 187105 2.999999999999999
2526 187160 2.999999999999999
2527 187206 2.999999999999999
2528 187267 2.999999999999999
2529 187334 2.999999999999999
2530 187381 2.999999999999999
2531 187442 2.999999999999999
2532 187502 2.999999999999999
2533 187549 2.999999999999999
2534 187593 2.999999999999999
2535 187636 2.999999999999999
2536 187696 2.999999999999999
2537 187758 2.999999999999999
2538 187818 2.999999999999999
2539 187878 2.999999999999999
2540 187948 2.999999999999999
2541 188018 2.999999999999999
2542 188073 2.999999999999999
2543 188128 2.999999999999999
2544 188216 2.999999999999999
2545 188271 2.999999999999999
2546 188324 2.999999999999999
2547 188384 2.999999999999999
2548 188442 2.999999999999999
2549 188505 2.999999999999999
2550 188550 2.999999999999999
2551 188594 2.999999999999999
2552 188655 2.999999999999999
2553 188712 2.999999999999999
2554 188771 2.999999999999999
2555 188815 2.999999999999999
2556 188862 2.999999999999999
2557 188929 2.999999999999999
2558 188995 2.999999999999999
2559 189052 2.999999999999999
2560 189104 2.999999999999999
2561 189150 2.999999999999999
2562 189197 2.999999999999999
2563 189253 2.999999999999999
2564 189303 2.999999999999999
2565 189351 2.999999999999999
2566 189418 2.999999999999999
2567 189476 2.999999999999999
2568 189529 2.999999999999999
2569 189584 2.999999999999999
2570 189627 2.999999999999999
2571 189669 2.999999999999999
2572 189732 2.999999999999999
2573 189804 2.999999999999999
2574 189855 2.999999999999999
2575 189898 2.999999999999999
2576 189962 2.999999999999999
2577 190011 2.999999999999999
2578 190062 2.999999999999999
2579 190111 2.999999999999999
2580 190157 2.999999999999999
2581 190228 2.999999999999999
2582 190288 2.999999999999999
2583 190349 2.999999999999999
2584 190398 2.999999999999999
2585 190445 2.999999999999999
2586 190496 2.999999999999999
2587 190543 2.999999999999999
2588 190592 2.999999999999999
2589 190670 2.999999999999999
2590 190734 2.999999999999999
2591 190795 2.999999999999999
2592 190843 2.999999999999999
2593 190897 2.999999999999999
2594 190946 2.999999999999999
2595 191023 2.999999999999999
2596 191075 2.999999999999999
2597 191128 2.999999999999999
2598 191176 2.999999999999999
2599 191236 2.999999999999999
2600 191288 2.999999999999999
2601 191338 2.999999999999999
2602 191391 2.999999999999999
2603 191440 2.999999999999999
2604 191487 2.999999999999999
2605 191543 2.999999999999999
2606 191595 2.999999999999999
2607 191643 2.999999999999999
2608 191696 2.999999999999999
2609 191742 2.999999999999999
2610 191808 2.999999999999999
2611 191853 2.999999999999999
2612 191906 2.999999999999999
2613 191965 2.999999999999999
2614 192009 2.999999999999999
2615 192064 2.999999999999999
2616 192107 2.999999999999999
2617 192148 2.999999999999999
2618 192194 2.999999999999999
2619 192240 2.999999999999999
2620 192318 2.999999999999999
2621 192365 2.999999999999999
2622 192422 2.999999999999999
2623 192472 2.999999999999999
2624 192524 2.999999999999999
2625 192578 2.999999999999999
2626 192628 2.999999999999999
2627 192684 2.999999999999999
2628 192748 2.999999999999999
2629 192802 2.999999999999999
2630 192861 2.999999999999999
2631 192926 2.999999999999999
2632 192975 2.999999999999999
2633 193031 2.999999999999999
2634 193086 2.999999999999999
2635 193144 2.999999999999999
2636 193195 2.999999999999999
2637 193236 2.999999999999999
2638 193280 2.999999999999999
2639 193335 2.999999999999999
2640 193405 2.999999999999999
2641 193459 2.999999999999999
2642 193500 2.999999999999999
2643 193547 2.999999999999999
2644 193591 2.999999999999999
2645 193649 2.999999999999999
2646 193706 2.999999999999999
2647 193778 2.999999999999999
2648 193849 2.999999999999999
2649 193901 2.999999999999999
2650 193944 2.999999999999999
2651 193998 2.999999999999999
2652 194056 2.999999999999999
2653 194125 2.999999999999999
2654 194186 2.999999999999999
2655 194242 2.999999999999999
2656 194300 2.999999999999999
2657 194399 2.999999999999999
2658 194448 2.999999999999999
2659 194496 2.999999999999999
2660 194555 2.999999999999999
