1 200 0.81
2 400 0.8300000000000001
3 600 0.8500000000000001
4 800 0.8700000000000001
5 1000 0.8800000000000001
6 1200 0.9000000000000001
7 1400 0.9300000000000002
8 1600 0.9500000000000001
9 1800 0.9800000000000001
10 2000 1.0000000000000002
11 2200 1.03
12 2400 1.05
13 2600 1.08
14 2800 1.1
15 3000 1.1300000000000001
16 3200 1.1600000000000001
17 3400 1.1800000000000002
18 3600 1.2100000000000002
19 3800 1.23
20 4000 1.2500000000000002
21 4200 1.2700000000000002
22 4400 1.2800000000000002
23 4600 1.3000000000000003
24 4800 1.32
25 5000 1.3499999999999999
26 5200 1.3699999999999999
27 5400 1.3900000000000001
28 5600 1.4200000000000002
29 5800 1.4400000000000002
30 6000 1.4600000000000002
31 6200 1.4900000000000002
32 6400 1.52
33 6600 1.55
34 6800 1.57
35 7000 1.59
36 7200 1.6
37 7400 1.6300000000000001
38 7600 1.6600000000000001
39 7800 1.6800000000000002
40 8000 1.7100000000000002
41 8200 1.7300000000000002
42 8400 1.7300000000000002
43 8600 1.7500000000000002
44 8800 1.78
45 9000 1.7900000000000003
46 9200 1.8000000000000003
47 9400 1.82
48 9600 1.8300000000000003
49 9800 1.84
50 10000 1.86
51 10200 1.8900000000000001
52 10400 1.9000000000000001
53 10600 1.9100000000000004
54 10800 1.9300000000000002
55 11000 1.96
56 11200 1.98
57 11400 2.0
58 11600 2.01
59 11800 2.0300000000000002
60 12000 2.0500000000000003
61 12200 2.06
62 12388 2.0899999999999994
63 12588 2.0899999999999994
64 12788 2.1099999999999994
65 12988 2.129999999999999
66 13188 2.1499999999999995
67 13388 2.169999999999999
68 13588 2.1799999999999997
69 13788 2.1899999999999995
70 13988 2.2099999999999995
71 14179 2.21
72 14379 2.2099999999999995
73 14579 2.2299999999999995
74 14779 2.2499999999999996
75 14979 2.2699999999999996
76 15179 2.289999999999999
77 15379 2.3099999999999996
78 15579 2.329999999999999
79 15779 2.3499999999999996
80 15979 2.369999999999999
81 16179 2.3799999999999994
82 16379 2.3999999999999995
83 16579 2.4199999999999995
84 16779 2.4299999999999997
85 16979 2.4399999999999995
86 17179 2.4499999999999993
87 17379 2.4599999999999995
88 17579 2.4699999999999998
89 17779 2.4799999999999995
90 17979 2.4899999999999993
91 18179 2.4999999999999996
92 18379 2.51
93 18579 2.5199999999999996
94 18779 2.5299999999999994
95 18979 2.5399999999999996
96 19179 2.55
97 19379 2.5599999999999996
98 19436 2.5699999999999994
99 19636 2.5699999999999994
100 19836 2.5799999999999996
101 20036 2.59
102 20236 2.5999999999999996
103 20436 2.6099999999999994
104 20636 2.6199999999999997
105 20836 2.6399999999999997
106 21028 2.6499999999999995
107 21228 2.6499999999999995
108 21422 2.6599999999999997
109 21622 2.6599999999999997
110 21769 2.6699999999999995
111 21969 2.6699999999999995
112 22066 2.6799999999999997
113 22266 2.6799999999999997
114 22403 2.6899999999999995
115 22598 2.6899999999999995
116 22798 2.6899999999999995
117 22925 2.6999999999999993
118 23125 2.6999999999999993
119 23325 2.709999999999999
120 23525 2.719999999999999
121 23725 2.729999999999999
122 23925 2.7399999999999993
123 24125 2.749999999999999
124 24277 2.759999999999999
125 24477 2.759999999999999
126 24677 2.7699999999999987
127 24841 2.7799999999999994
128 25041 2.7799999999999994
129 25241 2.789999999999999
130 25402 2.799999999999999
131 25537 2.799999999999999
132 25643 2.799999999999999
133 25843 2.799999999999999
134 25972 2.8099999999999987
135 26172 2.8099999999999987
136 26266 2.819999999999999
137 26379 2.819999999999999
138 26579 2.819999999999999
139 26776 2.829999999999999
140 26976 2.829999999999999
141 27176 2.839999999999999
142 27376 2.8499999999999988
143 27515 2.8599999999999994
144 27715 2.8599999999999994
145 27915 2.869999999999999
146 28115 2.879999999999999
147 28281 2.889999999999999
148 28481 2.889999999999999
149 28681 2.899999999999999
150 28855 2.9099999999999993
151 29055 2.9099999999999993
152 29255 2.919999999999999
153 29398 2.929999999999999
154 29565 2.929999999999999
155 29765 2.929999999999999
156 29965 2.939999999999999
157 30165 2.9499999999999993
158 30365 2.959999999999999
159 30565 2.969999999999999
160 30717 2.979999999999999
161 30873 2.979999999999999
162 30985 2.979999999999999
163 31120 2.979999999999999
164 31231 2.979999999999999
165 31329 2.979999999999999
166 31459 2.979999999999999
167 31659 2.979999999999999
168 31791 2.9899999999999993
169 31892 2.9899999999999993
170 32092 2.9899999999999993
171 32274 2.999999999999999
172 32364 2.999999999999999
173 32490 2.999999999999999
174 32605 2.999999999999999
175 32739 2.999999999999999
176 32859 2.999999999999999
177 32986 2.999999999999999
178 33072 2.999999999999999
179 33176 2.999999999999999
180 33290 2.999999999999999
181 33364 2.999999999999999
182 33489 2.999999999999999
183 33596 2.999999999999999
184 33749 2.999999999999999
185 33870 2.999999999999999
186 34007 2.999999999999999
187 34079 2.999999999999999
188 34179 2.999999999999999
189 34262 2.999999999999999
190 34372 2.999999999999999
191 34506 2.999999999999999
192 34571 2.999999999999999
193 34650 2.999999999999999
194 34815 2.999999999999999
195 34906 2.999999999999999
196 35026 2.999999999999999
197 35140 2.999999999999999
198 35188 2.999999999999999
199 35296 2.999999999999999
200 35389 2.999999999999999
201 35488 2.999999999999999
202 35570 2.999999999999999
203 35662 2.999999999999999
204 35723 2.999999999999999
205 35837 2.999999999999999
206 35918 2.999999999999999
207 36021 2.999999999999999
208 36145 2.999999999999999
209 36220 2.999999999999999
210 36337 2.999999999999999
211 36424 2.999999999999999
212 36508 2.999999999999999
213 36689 2.999999999999999
214 36808 2.999999999999999
215 36870 2.999999999999999
216 37012 2.999999999999999
217 37119 2.999999999999999
218 37253 2.999999999999999
219 37331 2.999999999999999
220 37472 2.999999999999999
221 37600 2.999999999999999
222 37753 2.999999999999999
223 37821 2.999999999999999
224 37917 2.999999999999999
225 38029 2.999999999999999
226 38102 2.999999999999999
227 38223 2.999999999999999
228 38300 2.999999999999999
229 38390 2.999999999999999
230 38480 2.999999999999999
231 38592 2.999999999999999
232 38672 2.999999999999999
233 38738 2.999999999999999
234 38789 2.999999999999999
235 38891 2.999999999999999
236 38952 2.999999999999999
237 39022 2.999999999999999
238 39098 2.999999999999999
239 39187 2.999999999999999
240 39305 2.999999999999999
241 39372 2.999999999999999
242 39467 2.999999999999999
243 39552 2.999999999999999
244 39626 2.999999999999999
245 39722 2.999999999999999
246 39816 2.999999999999999
247 39943 2.999999999999999
248 40022 2.999999999999999
249 40099 2.999999999999999
250 40163 2.999999999999999
251 40243 2.999999999999999
252 40332 2.999999999999999
253 40449 2.999999999999999
254 40577 2.999999999999999
255 40646 2.999999999999999
256 40701 2.999999999999999
257 40866 2.999999999999999
258 40982 2.999999999999999
259 41068 2.999999999999999
260 41152 2.999999999999999
261 41209 2.999999999999999
262 41305 2.999999999999999
263 41386 2.999999999999999
264 41517 2.999999999999999
265 41610 2.999999999999999
266 41718 2.999999999999999
267 41853 2.999999999999999
268 41958 2.999999999999999
269 42055 2.999999999999999
270 42171 2.999999999999999
271 42239 2.999999999999999
272 42343 2.999999999999999
273 42478 2.999999999999999
274 42527 2.999999999999999
275 42594 2.999999999999999
276 42665 2.999999999999999
277 42751 2.999999999999999
278 42814 2.999999999999999
279 42883 2.999999999999999
280 42995 2.999999999999999
281 43142 2.999999999999999
282 43199 2.999999999999999
283 43273 2.999999999999999
284 43333 2.999999999999999
285 43409 2.999999999999999
286 43488 2.999999999999999
287 43550 2.999999999999999
288 43625 2.999999999999999
289 43699 2.999999999999999
290 43838 2.999999999999999
291 43893 2.999999999999999
292 43989 2.999999999999999
293 44052 2.999999999999999
294 44119 2.999999999999999
295 44218 2.999999999999999
296 44315 2.999999999999999
297 44402 2.999999999999999
298 44488 2.999999999999999
299 44548 2.999999999999999
300 44649 2.999999999999999
301 44722 2.999999999999999
302 44837 2.999999999999999
303 44907 2.999999999999999
304 44961 2.999999999999999
305 45048 2.999999999999999
306 45117 2.999999999999999
307 45189 2.999999999999999
308 45278 2.999999999999999
309 45370 2.999999999999999
310 45439 2.999999999999999
311 45552 2.999999999999999
312 45629 2.999999999999999
313 45718 2.999999999999999
314 45789 2.999999999999999
315 45843 2.999999999999999
316 45917 2.999999999999999
317 45992 2.999999999999999
318 46081 2.999999999999999
319 46170 2.999999999999999
320 46224 2.999999999999999
321 46310 2.999999999999999
322 46368 2.999999999999999
323 46442 2.999999999999999
324 46547 2.999999999999999
325 46612 2.999999999999999
326 46704 2.999999999999999
327 46757 2.999999999999999
328 46824 2.999999999999999
329 46902 2.999999999999999
330 46998 2.999999999999999
331 47068 2.999999999999999
332 47193 2.999999999999999
333 47264 2.999999999999999
334 47359 2.999999999999999
335 47431 2.999999999999999
336 47539 2.999999999999999
337 47643 2.999999999999999
338 47748 2.999999999999999
339 47809 2.999999999999999
340 47880 2.999999999999999
341 47977 2.999999999999999
342 48042 2.999999999999999
343 48120 2.999999999999999
344 48244 2.999999999999999
345 48312 2.999999999999999
346 48393 2.999999999999999
347 48466 2.999999999999999
348 48565 2.999999999999999
349 48628 2.999999999999999
350 48708 2.999999999999999
351 48790 2.999999999999999
352 48855 2.999999999999999
353 48945 2.999999999999999
354 49027 2.999999999999999
355 49073 2.999999999999999
356 49137 2.999999999999999
357 49199 2.999999999999999
358 49285 2.999999999999999
359 49355 2.999999999999999
360 49425 2.999999999999999
361 49481 2.999999999999999
362 49565 2.999999999999999
363 49653 2.999999999999999
364 49716 2.999999999999999
365 49785 2.999999999999999
366 49876 2.999999999999999
367 50035 2.999999999999999
368 50119 2.999999999999999
369 50202 2.999999999999999
370 50276 2.999999999999999
371 50357 2.999999999999999
372 50425 2.999999999999999
373 50483 2.999999999999999
374 50560 2.999999999999999
375 50623 2.999999999999999
376 50713 2.999999999999999
377 50767 2.999999999999999
378 50831 2.999999999999999
379 50898 2.999999999999999
380 50994 2.999999999999999
381 51059 2.999999999999999
382 51125 2.999999999999999
383 51176 2.999999999999999
384 51270 2.999999999999999
385 51356 2.999999999999999
386 51463 2.999999999999999
387 51544 2.999999999999999
388 51632 2.999999999999999
389 51683 2.999999999999999
390 51762 2.999999999999999
391 51837 2.999999999999999
392 51932 2.999999999999999
393 52017 2.999999999999999
394 52101 2.999999999999999
395 52173 2.999999999999999
396 52244 2.999999999999999
397 52328 2.999999999999999
398 52388 2.999999999999999
399 52460 2.999999999999999
400 52517 2.999999999999999
401 52584 2.999999999999999
402 52657 2.999999999999999
403 52700 2.999999999999999
404 52764 2.999999999999999
405 52927 2.999999999999999
406 52982 2.999999999999999
407 53071 2.999999999999999
408 53130 2.999999999999999
409 53195 2.999999999999999
410 53264 2.999999999999999
411 53344 2.999999999999999
412 53412 2.999999999999999
413 53483 2.999999999999999
414 53582 2.999999999999999
415 53695 2.999999999999999
416 53755 2.999999999999999
417 53896 2.999999999999999
418 53978 2.999999999999999
419 54032 2.999999999999999
420 54118 2.999999999999999
421 54204 2.999999999999999
422 54280 2.999999999999999
423 54352 2.999999999999999
424 54421 2.999999999999999
425 54500 2.999999999999999
426 54583 2.999999999999999
427 54649 2.999999999999999
428 54753 2.999999999999999
429 54818 2.999999999999999
430 54900 2.999999999999999
431 54961 2.999999999999999
432 55018 2.999999999999999
433 55096 2.999999999999999
434 55161 2.999999999999999
435 55235 2.999999999999999
436 55320 2.999999999999999
437 55389 2.999999999999999
438 55444 2.999999999999999
439 55514 2.999999999999999
440 55591 2.999999999999999
441 55667 2.999999999999999
442 55740 2.999999999999999
443 55800 2.999999999999999
444 55868 2.999999999999999
445 55928 2.999999999999999
446 55994 2.999999999999999
447 56068 2.999999999999999
448 56181 2.999999999999999
449 56250 2.999999999999999
450 56343 2.999999999999999
451 56406 2.999999999999999
452 56451 2.999999999999999
453 56508 2.999999999999999
454 56598 2.999999999999999
455 56655 2.999999999999999
456 56729 2.999999999999999
457 56794 2.999999999999999
458 56847 2.999999999999999
459 56898 2.999999999999999
460 57066 2.999999999999999
461 57171 2.999999999999999
462 57253 2.999999999999999
463 57327 2.999999999999999
464 57423 2.999999999999999
465 57502 2.999999999999999
466 57583 2.999999999999999
467 57637 2.999999999999999
468 57704 2.999999999999999
469 57754 2.999999999999999
470 57828 2.999999999999999
471 57886 2.999999999999999
472 57961 2.999999999999999
473 58009 2.999999999999999
474 58070 2.999999999999999
475 58156 2.999999999999999
476 58228 2.999999999999999
477 58298 2.999999999999999
478 58370 2.999999999999999
479 58434 2.999999999999999
480 58515 2.999999999999999
481 58569 2.999999999999999
482 58659 2.999999999999999
483 58710 2.999999999999999
484 58789 2.999999999999999
485 58891 2.999999999999999
486 58935 2.999999999999999
487 59008 2.999999999999999
488 59065 2.999999999999999
489 59138 2.999999999999999
490 59189 2.999999999999999
491 59248 2.999999999999999
492 59345 2.999999999999999
493 59414 2.999999999999999
494 59472 2.999999999999999
495 59539 2.999999999999999
496 59598 2.999999999999999
497 59719 2.999999999999999
498 59774 2.999999999999999
499 59848 2.999999999999999
500 59896 2.999999999999999
501 59986 2.999999999999999
502 60051 2.999999999999999
503 60117 2.999999999999999
504 60171 2.999999999999999
505 60218 2.999999999999999
506 60276 2.999999999999999
507 60340 2.999999999999999
508 60452 2.999999999999999
509 60564 2.999999999999999
510 60652 2.999999999999999
511 60694 2.999999999999999
512 60748 2.999999999999999
513 60841 2.999999999999999
514 60906 2.999999999999999
515 60968 2.999999999999999
516 61021 2.999999999999999
517 61070 2.999999999999999
518 61164 2.999999999999999
519 61233 2.999999999999999
520 61322 2.999999999999999
521 61431 2.999999999999999
522 61484 2.999999999999999
523 61569 2.999999999999999
524 61639 2.999999999999999
525 61723 2.999999999999999
526 61794 2.999999999999999
527 61849 2.999999999999999
528 61953 2.999999999999999
529 62021 2.999999999999999
530 62079 2.999999999999999
531 62133 2.999999999999999
532 62198 2.999999999999999
533 62291 2.999999999999999
534 62369 2.999999999999999
535 62437 2.999999999999999
536 62519 2.999999999999999
537 62587 2.999999999999999
538 62669 2.999999999999999
539 62722 2.999999999999999
540 62782 2.999999999999999
541 62859 2.999999999999999
542 62911 2.999999999999999
543 63000 2.999999999999999
544 63088 2.999999999999999
545 63152 2.999999999999999
546 63208 2.999999999999999
547 63318 2.999999999999999
548 63370 2.999999999999999
549 63421 2.999999999999999
550 63500 2.999999999999999
551 63553 2.999999999999999
552 63640 2.999999999999999
553 63699 2.999999999999999
554 63765 2.999999999999999
555 63823 2.999999999999999
556 63903 2.999999999999999
557 63975 2.999999999999999
558 64074 2.999999999999999
559 64139 2.999999999999999
560 64218 2.999999999999999
561 64269 2.999999999999999
562 64324 2.999999999999999
563 64373 2.999999999999999
564 64436 2.999999999999999
565 64520 2.999999999999999
566 64571 2.999999999999999
567 64632 2.999999999999999
568 64728 2.999999999999999
569 64802 2.999999999999999
570 64886 2.999999999999999
571 65034 2.999999999999999
572 65109 2.999999999999999
573 65164 2.999999999999999
574 65272 2.999999999999999
575 65338 2.999999999999999
576 65422 2.999999999999999
577 65509 2.999999999999999
578 65605 2.999999999999999
579 65647 2.999999999999999
580 65732 2.999999999999999
581 65780 2.999999999999999
582 65876 2.999999999999999
583 65944 2.999999999999999
584 66025 2.999999999999999
585 66109 2.999999999999999
586 66182 2.999999999999999
587 66259 2.999999999999999
588 66357 2.999999999999999
589 66414 2.999999999999999
590 66500 2.999999999999999
591 66599 2.999999999999999
592 66656 2.999999999999999
593 66750 2.999999999999999
594 66818 2.999999999999999
595 66879 2.999999999999999
596 66932 2.999999999999999
597 67047 2.999999999999999
598 67121 2.999999999999999
599 67200 2.999999999999999
600 67270 2.999999999999999
601 67359 2.999999999999999
602 67418 2.999999999999999
603 67485 2.999999999999999
604 67552 2.999999999999999
605 67602 2.999999999999999
606 67661 2.999999999999999
607 67730 2.999999999999999
608 67831 2.999999999999999
609 67880 2.999999999999999
610 67934 2.999999999999999
611 68026 2.999999999999999
612 68083 2.999999999999999
613 68149 2.999999999999999
614 68223 2.999999999999999
615 68307 2.999999999999999
616 68360 2.999999999999999
617 68430 2.999999999999999
618 68481 2.999999999999999
619 68560 2.999999999999999
620 68659 2.999999999999999
621 68725 2.999999999999999
622 68775 2.999999999999999
623 68823 2.999999999999999
624 68915 2.999999999999999
625 68989 2.999999999999999
626 69069 2.999999999999999
627 69152 2.999999999999999
628 69208 2.999999999999999
629 69272 2.999999999999999
630 69331 2.999999999999999
631 69428 2.999999999999999
632 69503 2.999999999999999
633 69561 2.999999999999999
634 69615 2.999999999999999
635 69680 2.999999999999999
636 69757 2.999999999999999
637 69842 2.999999999999999
638 69904 2.999999999999999
639 70015 2.999999999999999
640 70086 2.999999999999999
641 70148 2.999999999999999
642 70218 2.999999999999999
643 70290 2.999999999999999
644 70337 2.999999999999999
645 70416 2.999999999999999
646 70470 2.999999999999999
647 70536 2.999999999999999
648 70641 2.999999999999999
649 70711 2.999999999999999
650 70776 2.999999999999999
651 70830 2.999999999999999
652 70918 2.999999999999999
653 70977 2.999999999999999
654 71042 2.999999999999999
655 71093 2.999999999999999
656 71147 2.999999999999999
657 71218 2.999999999999999
658 71276 2.999999999999999
659 71341 2.999999999999999
660 71412 2.999999999999999
661 71474 2.999999999999999
662 71549 2.999999999999999
663 71635 2.999999999999999
664 71699 2.999999999999999
665 71781 2.999999999999999
666 71847 2.999999999999999
667 71913 2.999999999999999
668 71967 2.999999999999999
669 72031 2.999999999999999
670 72075 2.999999999999999
671 72140 2.999999999999999
672 72218 2.999999999999999
673 72313 2.999999999999999
674 72378 2.999999999999999
675 72420 2.999999999999999
676 72493 2.999999999999999
677 72557 2.999999999999999
678 72615 2.999999999999999
679 72690 2.999999999999999
680 72738 2.999999999999999
681 72829 2.999999999999999
682 72924 2.999999999999999
683 73028 2.999999999999999
684 73135 2.999999999999999
685 73223 2.999999999999999
686 73326 2.999999999999999
687 73401 2.999999999999999
688 73452 2.999999999999999
689 73513 2.999999999999999
690 73552 2.999999999999999
691 73634 2.999999999999999
692 73691 2.999999999999999
693 73777 2.999999999999999
694 73858 2.999999999999999
695 73937 2.999999999999999
696 74006 2.999999999999999
697 74070 2.999999999999999
698 74119 2.999999999999999
699 74171 2.999999999999999
700 74211 2.999999999999999
701 74265 2.999999999999999
702 74353 2.999999999999999
703 74405 2.999999999999999
704 74474 2.999999999999999
705 74527 2.999999999999999
706 74593 2.999999999999999
707 74634 2.999999999999999
708 74686 2.999999999999999
709 74775 2.999999999999999
710 74835 2.999999999999999
711 74897 2.999999999999999
712 74951 2.999999999999999
713 75009 2.999999999999999
714 75085 2.999999999999999
715 75163 2.999999999999999
716 75230 2.999999999999999
717 75303 2.999999999999999
718 75373 2.999999999999999
719 75434 2.999999999999999
720 75488 2.999999999999999
721 75538 2.999999999999999
722 75589 2.999999999999999
723 75655 2.999999999999999
724 75705 2.999999999999999
725 75766 2.999999999999999
726 75841 2.999999999999999
727 75884 2.999999999999999
728 75952 2.999999999999999
729 76018 2.999999999999999
730 76103 2.999999999999999
731 76155 2.999999999999999
732 76215 2.999999999999999
733 76270 2.999999999999999
734 76326 2.999999999999999
735 76378 2.999999999999999
736 76436 2.999999999999999
737 76493 2.999999999999999
738 76538 2.999999999999999
739 76623 2.999999999999999
740 76768 2.999999999999999
741 76817 2.999999999999999
742 76875 2.999999999999999
743 76931 2.999999999999999
744 76986 2.999999999999999
745 77053 2.999999999999999
746 77108 2.999999999999999
747 77161 2.999999999999999
748 77220 2.999999999999999
749 77287 2.999999999999999
750 77358 2.999999999999999
751 77410 2.999999999999999
752 77456 2.999999999999999
753 77525 2.999999999999999
754 77601 2.999999999999999
755 77654 2.999999999999999
756 77746 2.999999999999999
757 77806 2.999999999999999
758 77870 2.999999999999999
759 77924 2.999999999999999
760 77969 2.999999999999999
761 78025 2.999999999999999
762 78079 2.999999999999999
763 78144 2.999999999999999
764 78217 2.999999999999999
765 78303 2.999999999999999
766 78363 2.999999999999999
767 78431 2.999999999999999
768 78477 2.999999999999999
769 78534 2.999999999999999
770 78588 2.999999999999999
771 78644 2.999999999999999
772 78701 2.999999999999999
773 78762 2.999999999999999
774 78829 2.999999999999999
775 78908 2.999999999999999
776 78964 2.999999999999999
777 79028 2.999999999999999
778 79112 2.999999999999999
779 79173 2.999999999999999
780 79241 2.999999999999999
781 79314 2.999999999999999
782 79371 2.999999999999999
783 79440 2.999999999999999
784 79510 2.999999999999999
785 79564 2.999999999999999
786 79616 2.999999999999999
787 79668 2.999999999999999
788 79735 2.999999999999999
789 79778 2.999999999999999
790 79847 2.999999999999999
791 79900 2.999999999999999
792 79966 2.999999999999999
793 80021 2.999999999999999
794 80101 2.999999999999999
795 80156 2.999999999999999
796 80244 2.999999999999999
797 80371 2.999999999999999
798 80441 2.999999999999999
799 80504 2.999999999999999
800 80580 2.999999999999999
801 80646 2.999999999999999
802 80696 2.999999999999999
803 80777 2.999999999999999
804 80824 2.999999999999999
805 80882 2.999999999999999
806 80944 2.999999999999999
807 81003 2.999999999999999
808 81077 2.999999999999999
809 81128 2.999999999999999
810 81210 2.999999999999999
811 81300 2.999999999999999
812 81377 2.999999999999999
813 81432 2.999999999999999
814 81487 2.999999999999999
815 81576 2.999999999999999
816 81644 2.999999999999999
817 81718 2.999999999999999
818 81779 2.999999999999999
819 81850 2.999999999999999
820 81903 2.999999999999999
821 81966 2.999999999999999
822 82021 2.999999999999999
823 82077 2.999999999999999
824 82134 2.999999999999999
825 82201 2.999999999999999
826 82262 2.999999999999999
827 82335 2.999999999999999
828 82384 2.999999999999999
829 82477 2.999999999999999
830 82535 2.999999999999999
831 82599 2.999999999999999
832 82660 2.999999999999999
833 82728 2.999999999999999
834 82773 2.999999999999999
835 82833 2.999999999999999
836 82928 2.999999999999999
837 82985 2.999999999999999
838 83039 2.999999999999999
839 83105 2.999999999999999
840 83188 2.999999999999999
841 83285 2.999999999999999
842 83355 2.999999999999999
843 83439 2.999999999999999
844 83506 2.999999999999999
845 83591 2.999999999999999
846 83653 2.999999999999999
847 83779 2.999999999999999
848 83837 2.999999999999999
849 83927 2.999999999999999
850 84003 2.999999999999999
851 84056 2.999999999999999
852 84151 2.999999999999999
853 84211 2.999999999999999
854 84322 2.999999999999999
855 84408 2.999999999999999
856 84470 2.999999999999999
857 84527 2.999999999999999
858 84595 2.999999999999999
859 84643 2.999999999999999
860 84707 2.999999999999999
861 84784 2.999999999999999
862 84840 2.999999999999999
863 84911 2.999999999999999
864 84981 2.999999999999999
865 85056 2.999999999999999
866 85121 2.999999999999999
867 85181 2.999999999999999
868 85259 2.999999999999999
869 85335 2.999999999999999
870 85433 2.999999999999999
871 85498 2.999999999999999
872 85547 2.999999999999999
873 85603 2.999999999999999
874 85668 2.999999999999999
875 85736 2.999999999999999
876 85790 2.999999999999999
877 85835 2.999999999999999
878 85895 2.999999999999999
879 85964 2.999999999999999
880 86040 2.999999999999999
881 86098 2.999999999999999
882 86143 2.999999999999999
883 86221 2.999999999999999
884 86285 2.999999999999999
885 86367 2.999999999999999
886 86426 2.979999999999999
887 86483 2.979999999999999
888 86549 2.979999999999999
889 86593 2.979999999999999
890 86678 2.979999999999999
891 86748 2.979999999999999
892 86797 2.979999999999999
893 86880 2.979999999999999
894 86939 2.979999999999999
895 87017 2.979999999999999
896 87106 2.979999999999999
897 87176 2.979999999999999
898 87255 2.979999999999999
899 87320 2.979999999999999
900 87418 2.979999999999999
901 87487 2.979999999999999
902 87574 2.979999999999999
903 87628 2.979999999999999
904 87681 2.979999999999999
905 87759 2.979999999999999
906 87865 2.979999999999999
907 87921 2.979999999999999
908 87970 2.979999999999999
909 88072 2.979999999999999
910 88138 2.979999999999999
911 88218 2.979999999999999
912 88290 2.979999999999999
913 88349 2.979999999999999
914 88414 2.979999999999999
915 88476 2.979999999999999
916 88540 2.979999999999999
917 88602 2.979999999999999
918 88643 2.979999999999999
919 88702 2.979999999999999
920 88757 2.979999999999999
921 88820 2.979999999999999
922 88891 2.979999999999999
923 88951 2.979999999999999
924 89003 2.979999999999999
925 89061 2.979999999999999
926 89124 2.979999999999999
927 89172 2.979999999999999
928 89231 2.979999999999999
929 89296 2.979999999999999
930 89343 2.979999999999999
931 89413 2.979999999999999
932 89459 2.979999999999999
933 89532 2.979999999999999
934 89582 2.979999999999999
935 89638 2.979999999999999
936 89724 2.979999999999999
937 89769 2.979999999999999
938 89834 2.979999999999999
939 89912 2.979999999999999
940 89959 2.979999999999999
941 90030 2.979999999999999
942 90086 2.979999999999999
943 90157 2.979999999999999
944 90213 2.979999999999999
945 90270 2.979999999999999
946 90338 2.979999999999999
947 90396 2.979999999999999
948 90452 2.979999999999999
949 90533 2.979999999999999
950 90583 2.979999999999999
951 90646 2.979999999999999
952 90698 2.979999999999999
953 90758 2.979999999999999
954 90811 2.979999999999999
955 90907 2.979999999999999
956 91017 2.979999999999999
957 91075 2.979999999999999
958 91129 2.979999999999999
959 91180 2.979999999999999
960 91242 2.979999999999999
961 91295 2.979999999999999
962 91351 2.979999999999999
963 91407 2.979999999999999
964 91491 2.979999999999999
965 91550 2.979999999999999
966 91610 2.979999999999999
967 91670 2.979999999999999
968 91731 2.979999999999999
969 91811 2.979999999999999
970 91874 2.979999999999999
971 91952 2.979999999999999
972 92009 2.979999999999999
973 92071 2.979999999999999
974 92140 2.979999999999999
975 92223 2.979999999999999
976 92278 2.979999999999999
977 92337 2.979999999999999
978 92385 2.979999999999999
979 92451 2.979999999999999
980 92511 2.979999999999999
981 92582 2.979999999999999
982 92641 2.979999999999999
983 92697 2.979999999999999
984 92751 2.979999999999999
985 92951 2.979999999999999
986 93017 2.999999999999999
987 93083 2.999999999999999
988 93152 2.999999999999999
989 93228 2.999999999999999
990 93301 2.999999999999999
991 93352 2.999999999999999
992 93426 2.999999999999999
993 93491 2.999999999999999
994 93540 2.999999999999999
995 93588 2.999999999999999
996 93663 2.999999999999999
997 93738 2.999999999999999
998 93790 2.999999999999999
999 93841 2.999999999999999
1000 93901 2.999999999999999
1001 93948 2.999999999999999
1002 93994 2.999999999999999
1003 94044 2.999999999999999
1004 94096 2.999999999999999
1005 94164 2.999999999999999
1006 94214 2.999999999999999
1007 94270 2.999999999999999
1008 94400 2.999999999999999
1009 94463 2.999999999999999
1010 94521 2.999999999999999
1011 94576 2.999999999999999
1012 94639 2.999999999999999
1013 94693 2.999999999999999
1014 94748 2.999999999999999
1015 94838 2.999999999999999
1016 94938 2.999999999999999
1017 94985 2.999999999999999
1018 95035 2.999999999999999
1019 95106 2.999999999999999
1020 95165 2.999999999999999
1021 95216 2.999999999999999
1022 95260 2.999999999999999
1023 95342 2.999999999999999
1024 95398 2.999999999999999
1025 95439 2.999999999999999
1026 95489 2.999999999999999
1027 95537 2.999999999999999
1028 95607 2.999999999999999
1029 95684 2.999999999999999
1030 95741 2.999999999999999
1031 95798 2.999999999999999
1032 95864 2.999999999999999
1033 95924 2.999999999999999
1034 95985 2.999999999999999
1035 96059 2.999999999999999
1036 96141 2.999999999999999
1037 96196 2.999999999999999
1038 96252 2.999999999999999
1039 96316 2.999999999999999
1040 96361 2.999999999999999
1041 96428 2.999999999999999
1042 96478 2.999999999999999
1043 96550 2.999999999999999
1044 96610 2.999999999999999
1045 96666 2.999999999999999
1046 96729 2.999999999999999
1047 96774 2.999999999999999
1048 96866 2.999999999999999
1049 96936 2.999999999999999
1050 96993 2.999999999999999
1051 97036 2.999999999999999
1052 97093 2.999999999999999
1053 97147 2.999999999999999
1054 97249 2.999999999999999
1055 97302 2.999999999999999
1056 97351 2.999999999999999
1057 97413 2.999999999999999
1058 97471 2.999999999999999
1059 97517 2.999999999999999
1060 97583 2.999999999999999
1061 97637 2.999999999999999
1062 97714 2.999999999999999
1063 97771 2.999999999999999
1064 97827 2.999999999999999
1065 97899 2.999999999999999
1066 97961 2.999999999999999
1067 98014 2.999999999999999
1068 98076 2.999999999999999
1069 98137 2.999999999999999
1070 98202 2.999999999999999
1071 98261 2.999999999999999
1072 98322 2.999999999999999
1073 98404 2.999999999999999
1074 98456 2.999999999999999
1075 98506 2.999999999999999
1076 98555 2.999999999999999
1077 98620 2.999999999999999
1078 98669 2.999999999999999
1079 98730 2.999999999999999
1080 98804 2.999999999999999
1081 98854 2.999999999999999
1082 98906 2.999999999999999
1083 98955 2.999999999999999
1084 99039 2.999999999999999
1085 99114 2.999999999999999
1086 99179 2.999999999999999
1087 99245 2.999999999999999
1088 99297 2.999999999999999
1089 99375 2.999999999999999
1090 99442 2.999999999999999
1091 99518 2.999999999999999
1092 99565 2.999999999999999
1093 99649 2.999999999999999
1094 99740 2.999999999999999
1095 99795 2.999999999999999
1096 99851 2.999999999999999
1097 99934 2.999999999999999
1098 100008 2.999999999999999
1099 100069 2.999999999999999
1100 100129 2.999999999999999
1101 100197 2.999999999999999
1102 100240 2.999999999999999
1103 100298 2.999999999999999
1104 100351 2.999999999999999
1105 100400 2.999999999999999
1106 100445 2.999999999999999
1107 100518 2.999999999999999
1108 100622 2.999999999999999
1109 100686 2.999999999999999
1110 100736 2.999999999999999
1111 100795 2.999999999999999
1112 100852 2.999999999999999
1113 100901 2.999999999999999
1114 100970 2.999999999999999
1115 101015 2.999999999999999
1116 101089 2.999999999999999
1117 101145 2.999999999999999
1118 101190 2.999999999999999
1119 101238 2.999999999999999
1120 101291 2.999999999999999
1121 101370 2.999999999999999
1122 101427 2.999999999999999
1123 101480 2.999999999999999
1124 101533 2.999999999999999
1125 101580 2.999999999999999
1126 101626 2.999999999999999
1127 101688 2.999999999999999
1128 101731 2.999999999999999
1129 101786 2.999999999999999
1130 101875 2.999999999999999
1131 101949 2.999999999999999
1132 102007 2.999999999999999
1133 102059 2.999999999999999
1134 102108 2.999999999999999
1135 102184 2.999999999999999
1136 102241 2.999999999999999
1137 102318 2.999999999999999
1138 102474 2.999999999999999
1139 102532 2.999999999999999
1140 102590 2.999999999999999
1141 102651 2.999999999999999
1142 102713 2.999999999999999
1143 102767 2.999999999999999
1144 102818 2.999999999999999
1145 102870 2.999999999999999
1146 102944 2.999999999999999
1147 103003 2.999999999999999
1148 103061 2.999999999999999
1149 103113 2.999999999999999
1150 103181 2.999999999999999
1151 103224 2.999999999999999
1152 103310 2.999999999999999
1153 103370 2.999999999999999
1154 103442 2.999999999999999
1155 103489 2.999999999999999
1156 103538 2.999999999999999
1157 103587 2.999999999999999
1158 103658 2.999999999999999
1159 103715 2.999999999999999
1160 103764 2.999999999999999
1161 103813 2.999999999999999
1162 103865 2.999999999999999
1163 103926 2.999999999999999
1164 103999 2.999999999999999
1165 104058 2.999999999999999
1166 104107 2.999999999999999
1167 104161 2.999999999999999
1168 104224 2.999999999999999
1169 104272 2.999999999999999
1170 104358 2.999999999999999
1171 104402 2.999999999999999
1172 104460 2.999999999999999
1173 104554 2.999999999999999
1174 104648 2.999999999999999
1175 104698 2.999999999999999
1176 104756 2.999999999999999
1177 104802 2.999999999999999
1178 104867 2.999999999999999
1179 104927 2.999999999999999
1180 104982 2.999999999999999
1181 105081 2.999999999999999
1182 105125 2.999999999999999
1183 105199 2.999999999999999
1184 105277 2.999999999999999
1185 105330 2.999999999999999
1186 105385 2.999999999999999
1187 105438 2.999999999999999
1188 105489 2.999999999999999
1189 105545 2.999999999999999
1190 105604 2.999999999999999
1191 105652 2.999999999999999
1192 105717 2.999999999999999
1193 105804 2.999999999999999
1194 105868 2.999999999999999
1195 105918 2.999999999999999
1196 105981 2.999999999999999
1197 106043 2.999999999999999
1198 106114 2.999999999999999
1199 106165 2.999999999999999
1200 106255 2.999999999999999
1201 106335 2.999999999999999
1202 106388 2.999999999999999
1203 106451 2.999999999999999
1204 106517 2.999999999999999
1205 106553 2.999999999999999
1206 106605 2.999999999999999
1207 106654 2.999999999999999
1208 106702 2.999999999999999
1209 106742 2.999999999999999
1210 106786 2.999999999999999
1211 106846 2.999999999999999
1212 106891 2.999999999999999
1213 106944 2.999999999999999
1214 106988 2.999999999999999
1215 107045 2.999999999999999
1216 107121 2.999999999999999
1217 107174 2.999999999999999
1218 107228 2.999999999999999
1219 107281 2.999999999999999
1220 107347 2.999999999999999
1221 107414 2.999999999999999
1222 107470 2.999999999999999
1223 107526 2.999999999999999
1224 107575 2.999999999999999
1225 107644 2.999999999999999
1226 107695 2.999999999999999
1227 107747 2.999999999999999
1228 107810 2.999999999999999
1229 107897 2.999999999999999
1230 107972 2.999999999999999
1231 108057 2.999999999999999
1232 108149 2.999999999999999
1233 108211 2.999999999999999
1234 108261 2.999999999999999
1235 108306 2.999999999999999
1236 108349 2.999999999999999
1237 108415 2.999999999999999
1238 108475 2.999999999999999
1239 108527 2.999999999999999
1240 108582 2.999999999999999
1241 108666 2.999999999999999
1242 108720 2.999999999999999
1243 108792 2.999999999999999
1244 108848 2.999999999999999
1245 108925 2.999999999999999
1246 108986 2.999999999999999
1247 109036 2.999999999999999
1248 109096 2.999999999999999
1249 109174 2.999999999999999
1250 109233 2.999999999999999
1251 109294 2.999999999999999
1252 109370 2.999999999999999
1253 109457 2.999999999999999
1254 109520 2.999999999999999
1255 109582 2.999999999999999
1256 109654 2.999999999999999
1257 109713 2.999999999999999
1258 109775 2.999999999999999
1259 109833 2.999999999999999
1260 109922 2.999999999999999
1261 109972 2.999999999999999
1262 110047 2.999999999999999
1263 110117 2.999999999999999
1264 110175 2.999999999999999
1265 110226 2.999999999999999
1266 110292 2.999999999999999
1267 110343 2.999999999999999
1268 110406 2.999999999999999
1269 110504 2.999999999999999
1270 110551 2.999999999999999
1271 110620 2.999999999999999
1272 110674 2.999999999999999
1273 110734 2.999999999999999
1274 110801 2.999999999999999
1275 110885 2.999999999999999
1276 110946 2.999999999999999
1277 111008 2.999999999999999
1278 111074 2.999999999999999
1279 111141 2.999999999999999
1280 111207 2.999999999999999
1281 111272 2.999999999999999
1282 111323 2.999999999999999
1283 111376 2.999999999999999
1284 111438 2.999999999999999
1285 111500 2.999999999999999
1286 111564 2.999999999999999
1287 111618 2.999999999999999
1288 111703 2.999999999999999
1289 111752 2.999999999999999
1290 111798 2.999999999999999
1291 111840 2.999999999999999
1292 111888 2.999999999999999
1293 111930 2.999999999999999
1294 111999 2.999999999999999
1295 112056 2.999999999999999
1296 112123 2.999999999999999
1297 112181 2.999999999999999
1298 112249 2.999999999999999
1299 112300 2.999999999999999
1300 112375 2.999999999999999
1301 112445 2.999999999999999
1302 112509 2.999999999999999
1303 112564 2.999999999999999
1304 112625 2.999999999999999
1305 112734 2.999999999999999
1306 112785 2.999999999999999
1307 112826 2.999999999999999
1308 112886 2.999999999999999
1309 112970 2.999999999999999
1310 113063 2.999999999999999
1311 113134 2.999999999999999
1312 113222 2.999999999999999
1313 113278 2.999999999999999
1314 113344 2.999999999999999
1315 113411 2.999999999999999
1316 113459 2.999999999999999
1317 113526 2.999999999999999
1318 113591 2.999999999999999
1319 113692 2.999999999999999
1320 113747 2.999999999999999
1321 113801 2.999999999999999
1322 113863 2.999999999999999
1323 113928 2.999999999999999
1324 113995 2.999999999999999
1325 114045 2.999999999999999
1326 114093 2.999999999999999
1327 114147 2.999999999999999
1328 114242 2.999999999999999
1329 114303 2.999999999999999
1330 114348 2.999999999999999
1331 114415 2.999999999999999
1332 114491 2.999999999999999
1333 114543 2.999999999999999
1334 114613 2.999999999999999
1335 114673 2.999999999999999
1336 114744 2.999999999999999
1337 114797 2.999999999999999
1338 114852 2.999999999999999
1339 114909 2.999999999999999
1340 114999 2.999999999999999
1341 115049 2.999999999999999
1342 115135 2.999999999999999
1343 115214 2.999999999999999
1344 115273 2.999999999999999
1345 115313 2.999999999999999
1346 115368 2.999999999999999
1347 115423 2.999999999999999
1348 115484 2.999999999999999
1349 115549 2.999999999999999
1350 115592 2.999999999999999
1351 115671 2.999999999999999
1352 115721 2.999999999999999
1353 115777 2.999999999999999
1354 115833 2.999999999999999
1355 115889 2.999999999999999
1356 115940 2.999999999999999
1357 115983 2.999999999999999
1358 116040 2.999999999999999
1359 116123 2.999999999999999
1360 116189 2.999999999999999
1361 116258 2.999999999999999
1362 116326 2.999999999999999
1363 116385 2.999999999999999
1364 116485 2.999999999999999
1365 116539 2.999999999999999
1366 116627 2.999999999999999
1367 116676 2.999999999999999
1368 116713 2.999999999999999
1369 116761 2.999999999999999
1370 116833 2.999999999999999
1371 116905 2.999999999999999
1372 116961 2.999999999999999
1373 117019 2.999999999999999
1374 117066 2.999999999999999
1375 117136 2.999999999999999
1376 117209 2.999999999999999
1377 117273 2.999999999999999
1378 117332 2.999999999999999
1379 117382 2.999999999999999
1380 117440 2.999999999999999
1381 117511 2.999999999999999
1382 117568 2.999999999999999
1383 117625 2.999999999999999
1384 117674 2.999999999999999
1385 117728 2.999999999999999
1386 117803 2.999999999999999
1387 117872 2.999999999999999
1388 117933 2.999999999999999
1389 117983 2.999999999999999
1390 118049 2.999999999999999
1391 118094 2.999999999999999
1392 118155 2.999999999999999
1393 118197 2.999999999999999
1394 118247 2.999999999999999
1395 118305 2.999999999999999
1396 118363 2.999999999999999
1397 118418 2.999999999999999
1398 118471 2.999999999999999
1399 118547 2.999999999999999
1400 118609 2.999999999999999
1401 118660 2.999999999999999
1402 118721 2.999999999999999
1403 118787 2.999999999999999
1404 118835 2.999999999999999
1405 118891 2.999999999999999
1406 118943 2.999999999999999
1407 119013 2.999999999999999
1408 119068 2.999999999999999
1409 119127 2.999999999999999
1410 119191 2.999999999999999
1411 119246 2.999999999999999
1412 119301 2.999999999999999
1413 119371 2.999999999999999
1414 119419 2.999999999999999
1415 119473 2.999999999999999
1416 119517 2.999999999999999
1417 119567 2.999999999999999
1418 119651 2.999999999999999
1419 119718 2.999999999999999
1420 119766 2.999999999999999
1421 119820 2.999999999999999
1422 119880 2.999999999999999
1423 119938 2.999999999999999
1424 120003 2.999999999999999
1425 120061 2.999999999999999
1426 120121 2.999999999999999
1427 120179 2.999999999999999
1428 120225 2.999999999999999
1429 120286 2.999999999999999
1430 120360 2.999999999999999
1431 120412 2.999999999999999
1432 120471 2.999999999999999
1433 120518 2.999999999999999
1434 120573 2.999999999999999
1435 120627 2.999999999999999
1436 120674 2.999999999999999
1437 120724 2.999999999999999
1438 120783 2.999999999999999
1439 120851 2.999999999999999
1440 120929 2.999999999999999
1441 120995 2.999999999999999
1442 121049 2.999999999999999
1443 121121 2.999999999999999
1444 121173 2.999999999999999
1445 121230 2.999999999999999
1446 121284 2.999999999999999
1447 121348 2.999999999999999
1448 121423 2.999999999999999
1449 121474 2.999999999999999
1450 121521 2.999999999999999
1451 121571 2.999999999999999
1452 121656 2.999999999999999
1453 121718 2.999999999999999
1454 121778 2.999999999999999
1455 121836 2.999999999999999
1456 121884 2.999999999999999
1457 121929 2.999999999999999
1458 121984 2.999999999999999
1459 122042 2.999999999999999
1460 122117 2.999999999999999
1461 122173 2.999999999999999
1462 122250 2.999999999999999
1463 122307 2.999999999999999
1464 122361 2.999999999999999
1465 122424 2.999999999999999
1466 122471 2.999999999999999
1467 122533 2.999999999999999
1468 122598 2.999999999999999
1469 122660 2.999999999999999
1470 122750 2.999999999999999
1471 122809 2.999999999999999
1472 122872 2.999999999999999
1473 122930 2.999999999999999
1474 122982 2.999999999999999
1475 123063 2.999999999999999
1476 123126 2.999999999999999
1477 123186 2.999999999999999
1478 123244 2.999999999999999
1479 123309 2.999999999999999
1480 123353 2.999999999999999
1481 123404 2.999999999999999
1482 123456 2.999999999999999
1483 123531 2.999999999999999
1484 123593 2.999999999999999
1485 123651 2.999999999999999
1486 123716 2.999999999999999
1487 123784 2.999999999999999
1488 123850 2.999999999999999
1489 123911 2.999999999999999
1490 123952 2.999999999999999
1491 124022 2.999999999999999
1492 124083 2.999999999999999
1493 124144 2.999999999999999
1494 124194 2.999999999999999
1495 124256 2.999999999999999
1496 124308 2.999999999999999
1497 124354 2.999999999999999
1498 124456 2.999999999999999
1499 124514 2.999999999999999
1500 124565 2.999999999999999
1501 124627 2.999999999999999
1502 124675 2.999999999999999
1503 124721 2.999999999999999
1504 124772 2.999999999999999
1505 124821 2.999999999999999
1506 124867 2.999999999999999
1507 124913 2.999999999999999
1508 124983 2.999999999999999
1509 125031 2.999999999999999
1510 125085 2.999999999999999
1511 125140 2.999999999999999
1512 125195 2.999999999999999
1513 125271 2.999999999999999
1514 125321 2.999999999999999
1515 125371 2.999999999999999
1516 125429 2.999999999999999
1517 125487 2.999999999999999
1518 125534 2.999999999999999
1519 125590 2.999999999999999
1520 125649 2.999999999999999
1521 125697 2.999999999999999
1522 125761 2.999999999999999
1523 125810 2.999999999999999
1524 125936 2.999999999999999
1525 126007 2.999999999999999
1526 126061 2.999999999999999
1527 126109 2.999999999999999
1528 126168 2.999999999999999
1529 126211 2.999999999999999
1530 126266 2.999999999999999
1531 126338 2.999999999999999
1532 126426 2.999999999999999
1533 126486 2.999999999999999
1534 126575 2.999999999999999
1535 126635 2.999999999999999
1536 126680 2.999999999999999
1537 126761 2.999999999999999
1538 126817 2.999999999999999
1539 126861 2.999999999999999
1540 126953 2.999999999999999
1541 127007 2.999999999999999
1542 127067 2.999999999999999
1543 127124 2.999999999999999
1544 127172 2.999999999999999
1545 127234 2.999999999999999
1546 127317 2.999999999999999
1547 127371 2.999999999999999
1548 127465 2.999999999999999
1549 127545 2.999999999999999
1550 127613 2.999999999999999
1551 127660 2.999999999999999
1552 127702 2.999999999999999
1553 127752 2.999999999999999
1554 127828 2.999999999999999
1555 127900 2.999999999999999
1556 127965 2.999999999999999
1557 128021 2.999999999999999
1558 128084 2.999999999999999
1559 128131 2.999999999999999
1560 128183 2.999999999999999
1561 128234 2.999999999999999
1562 128287 2.999999999999999
1563 128341 2.999999999999999
1564 128402 2.999999999999999
1565 128461 2.999999999999999
1566 128523 2.999999999999999
1567 128587 2.999999999999999
1568 128635 2.999999999999999
1569 128690 2.999999999999999
1570 128749 2.999999999999999
1571 128791 2.999999999999999
1572 128844 2.999999999999999
1573 128892 2.999999999999999
1574 128956 2.999999999999999
1575 129007 2.999999999999999
1576 129067 2.999999999999999
1577 129128 2.999999999999999
1578 129192 2.999999999999999
1579 129249 2.999999999999999
1580 129309 2.999999999999999
1581 129359 2.999999999999999
1582 129430 2.999999999999999
1583 129485 2.999999999999999
1584 129540 2.999999999999999
1585 129600 2.999999999999999
1586 129658 2.999999999999999
1587 129697 2.999999999999999
1588 129753 2.999999999999999
1589 129811 2.999999999999999
1590 129918 2.999999999999999
1591 129979 2.999999999999999
1592 130049 2.999999999999999
1593 130110 2.999999999999999
1594 130157 2.999999999999999
1595 130234 2.999999999999999
1596 130306 2.999999999999999
1597 130366 2.999999999999999
1598 130429 2.999999999999999
1599 130476 2.999999999999999
1600 130557 2.999999999999999
1601 130601 2.999999999999999
1602 130655 2.999999999999999
1603 130719 2.999999999999999
1604 130766 2.999999999999999
1605 130817 2.999999999999999
1606 130868 2.999999999999999
1607 130912 2.999999999999999
1608 130963 2.999999999999999
1609 131026 2.999999999999999
1610 131077 2.999999999999999
1611 131141 2.999999999999999
1612 131188 2.999999999999999
1613 131266 2.999999999999999
1614 131322 2.999999999999999
1615 131380 2.999999999999999
1616 131431 2.999999999999999
1617 131480 2.999999999999999
1618 131543 2.999999999999999
1619 131598 2.999999999999999
1620 131648 2.999999999999999
1621 131716 2.999999999999999
1622 131769 2.999999999999999
1623 131838 2.999999999999999
1624 131891 2.999999999999999
1625 131994 2.999999999999999
1626 132039 2.999999999999999
1627 132077 2.999999999999999
1628 132129 2.999999999999999
1629 132172 2.999999999999999
1630 132237 2.999999999999999
1631 132285 2.999999999999999
1632 132330 2.999999999999999
1633 132388 2.999999999999999
1634 132458 2.999999999999999
1635 132507 2.999999999999999
1636 132565 2.999999999999999
1637 132613 2.999999999999999
1638 132670 2.999999999999999
1639 132739 2.999999999999999
1640 132826 2.999999999999999
1641 132887 2.999999999999999
1642 132938 2.999999999999999
1643 132996 2.999999999999999
1644 133055 2.999999999999999
1645 133117 2.999999999999999
1646 133218 2.999999999999999
1647 133280 2.999999999999999
1648 133345 2.999999999999999
1649 133419 2.999999999999999
1650 133466 2.999999999999999
1651 133518 2.999999999999999
1652 133569 2.999999999999999
1653 133622 2.999999999999999
1654 133672 2.999999999999999
1655 133751 2.999999999999999
1656 133802 2.999999999999999
1657 133867 2.999999999999999
1658 133952 2.999999999999999
1659 134004 2.999999999999999
1660 134086 2.999999999999999
1661 134144 2.999999999999999
1662 134212 2.999999999999999
1663 134266 2.999999999999999
1664 134329 2.999999999999999
1665 134396 2.999999999999999
1666 134470 2.999999999999999
1667 134531 2.999999999999999
1668 134596 2.999999999999999
1669 134655 2.999999999999999
1670 134726 2.999999999999999
1671 134807 2.999999999999999
1672 134897 2.999999999999999
1673 134967 2.999999999999999
1674 135016 2.999999999999999
1675 135099 2.999999999999999
1676 135169 2.999999999999999
1677 135229 2.999999999999999
1678 135294 2.999999999999999
1679 135363 2.999999999999999
1680 135414 2.999999999999999
1681 135465 2.999999999999999
1682 135526 2.999999999999999
1683 135600 2.999999999999999
1684 135649 2.999999999999999
1685 135709 2.999999999999999
1686 135755 2.999999999999999
1687 135799 2.999999999999999
1688 135853 2.999999999999999
1689 135923 2.999999999999999
1690 135992 2.999999999999999
1691 136044 2.999999999999999
1692 136133 2.999999999999999
1693 136195 2.999999999999999
1694 136253 2.999999999999999
1695 136301 2.999999999999999
1696 136346 2.999999999999999
1697 136394 2.999999999999999
1698 136443 2.999999999999999
1699 136495 2.999999999999999
1700 136543 2.999999999999999
1701 136594 2.999999999999999
1702 136645 2.999999999999999
1703 136703 2.999999999999999
1704 136748 2.999999999999999
1705 136820 2.999999999999999
1706 136867 2.999999999999999
1707 136931 2.999999999999999
1708 136978 2.999999999999999
1709 137024 2.999999999999999
1710 137103 2.999999999999999
1711 137157 2.999999999999999
1712 137205 2.999999999999999
1713 137261 2.999999999999999
1714 137315 2.999999999999999
1715 137382 2.999999999999999
1716 137426 2.999999999999999
1717 137477 2.999999999999999
1718 137536 2.999999999999999
1719 137597 2.999999999999999
1720 137683 2.999999999999999
1721 137741 2.999999999999999
1722 137793 2.999999999999999
1723 137853 2.999999999999999
1724 137913 2.999999999999999
1725 137960 2.999999999999999
1726 138038 2.999999999999999
1727 138096 2.999999999999999
1728 138172 2.999999999999999
1729 138219 2.999999999999999
1730 138262 2.999999999999999
1731 138337 2.999999999999999
1732 138399 2.999999999999999
1733 138440 2.999999999999999
1734 138489 2.999999999999999
1735 138547 2.999999999999999
1736 138605 2.999999999999999
1737 138667 2.999999999999999
1738 138735 2.999999999999999
1739 138793 2.999999999999999
1740 138837 2.999999999999999
1741 138888 2.999999999999999
1742 138961 2.999999999999999
1743 139019 2.999999999999999
1744 139078 2.999999999999999
1745 139138 2.999999999999999
1746 139211 2.999999999999999
1747 139284 2.999999999999999
1748 139365 2.999999999999999
1749 139420 2.999999999999999
1750 139467 2.999999999999999
1751 139545 2.999999999999999
1752 139589 2.999999999999999
1753 139645 2.999999999999999
1754 139696 2.999999999999999
1755 139748 2.999999999999999
1756 139802 2.999999999999999
1757 139865 2.999999999999999
1758 139913 2.999999999999999
1759 139967 2.999999999999999
1760 140024 2.999999999999999
1761 140078 2.999999999999999
1762 140146 2.999999999999999
1763 140201 2.999999999999999
1764 140253 2.999999999999999
1765 140328 2.999999999999999
1766 140389 2.999999999999999
1767 140444 2.999999999999999
1768 140510 2.999999999999999
1769 140568 2.999999999999999
1770 140619 2.999999999999999
1771 140669 2.999999999999999
1772 140723 2.999999999999999
1773 140784 2.999999999999999
1774 140830 2.999999999999999
1775 140871 2.999999999999999
1776 140933 2.999999999999999
1777 140984 2.999999999999999
1778 141053 2.999999999999999
1779 141112 2.999999999999999
1780 141179 2.999999999999999
1781 141241 2.999999999999999
1782 141294 2.999999999999999
1783 141345 2.999999999999999
1784 141395 2.999999999999999
1785 141455 2.999999999999999
1786 141507 2.999999999999999
1787 141561 2.999999999999999
1788 141610 2.999999999999999
1789 141671 2.999999999999999
1790 141731 2.999999999999999
1791 141785 2.999999999999999
1792 141837 2.999999999999999
1793 141882 2.999999999999999
1794 141958 2.999999999999999
1795 142016 2.999999999999999
1796 142066 2.999999999999999
1797 142120 2.999999999999999
1798 142169 2.999999999999999
1799 142226 2.999999999999999
1800 142285 2.999999999999999
1801 142339 2.999999999999999
1802 142402 2.999999999999999
1803 142462 2.999999999999999
1804 142539 2.999999999999999
1805 142591 2.999999999999999
1806 142643 2.999999999999999
1807 142692 2.999999999999999
1808 142764 2.999999999999999
1809 142814 2.999999999999999
1810 142882 2.999999999999999
1811 142939 2.999999999999999
1812 143000 2.999999999999999
1813 143049 2.999999999999999
1814 143098 2.999999999999999
1815 143160 2.999999999999999
1816 143204 2.999999999999999
1817 143255 2.999999999999999
1818 143307 2.999999999999999
1819 143370 2.999999999999999
1820 143417 2.999999999999999
1821 143468 2.999999999999999
1822 143554 2.999999999999999
1823 143615 2.999999999999999
1824 143676 2.999999999999999
1825 143741 2.999999999999999
1826 143803 2.999999999999999
1827 143865 2.999999999999999
1828 143917 2.999999999999999
1829 143978 2.999999999999999
1830 144037 2.999999999999999
1831 144096 2.999999999999999
1832 144140 2.999999999999999
1833 144184 2.999999999999999
1834 144234 2.999999999999999
1835 144294 2.999999999999999
1836 144353 2.999999999999999
1837 144410 2.999999999999999
1838 144478 2.999999999999999
1839 144533 2.999999999999999
1840 144589 2.999999999999999
1841 144643 2.999999999999999
1842 144699 2.999999999999999
1843 144764 2.999999999999999
1844 144809 2.999999999999999
1845 144863 2.999999999999999
1846 144921 2.999999999999999
1847 145050 2.999999999999999
1848 145103 2.999999999999999
1849 145155 2.999999999999999
1850 145210 2.999999999999999
1851 145263 2.999999999999999
1852 145316 2.999999999999999
1853 145367 2.999999999999999
1854 145415 2.999999999999999
1855 145479 2.999999999999999
1856 145535 2.999999999999999
1857 145602 2.999999999999999
1858 145680 2.999999999999999
1859 145730 2.999999999999999
1860 145774 2.999999999999999
1861 145824 2.999999999999999
1862 145883 2.999999999999999
1863 145935 2.999999999999999
1864 145978 2.999999999999999
1865 146047 2.999999999999999
1866 146100 2.999999999999999
1867 146149 2.999999999999999
1868 146192 2.999999999999999
1869 146245 2.999999999999999
1870 146307 2.999999999999999
1871 146370 2.999999999999999
1872 146430 2.999999999999999
1873 146478 2.999999999999999
1874 146536 2.999999999999999
1875 146585 2.999999999999999
1876 146643 2.999999999999999
1877 146707 2.999999999999999
1878 146768 2.999999999999999
1879 146833 2.999999999999999
1880 146891 2.999999999999999
1881 146933 2.999999999999999
1882 146990 2.999999999999999
1883 147050 2.999999999999999
1884 147102 2.999999999999999
1885 147161 2.999999999999999
1886 147231 2.999999999999999
1887 147286 2.999999999999999
1888 147327 2.999999999999999
1889 147382 2.999999999999999
1890 147447 2.999999999999999
1891 147495 2.999999999999999
1892 147549 2.999999999999999
1893 147597 2.999999999999999
1894 147641 2.999999999999999
1895 147694 2.999999999999999
1896 147739 2.999999999999999
1897 147802 2.999999999999999
1898 147892 2.999999999999999
1899 147935 2.999999999999999
1900 147989 2.999999999999999
1901 148044 2.999999999999999
1902 148093 2.999999999999999
1903 148141 2.999999999999999
1904 148204 2.999999999999999
1905 148249 2.999999999999999
1906 148316 2.999999999999999
1907 148374 2.999999999999999
1908 148425 2.999999999999999
1909 148469 2.999999999999999
1910 148530 2.999999999999999
1911 148591 2.999999999999999
1912 148632 2.999999999999999
1913 148680 2.999999999999999
1914 148737 2.999999999999999
1915 148780 2.999999999999999
1916 148829 2.999999999999999
1917 148887 2.999999999999999
1918 148951 2.999999999999999
1919 149011 2.999999999999999
1920 149061 2.999999999999999
1921 149105 2.999999999999999
1922 149155 2.999999999999999
1923 149206 2.999999999999999
1924 149291 2.999999999999999
1925 149342 2.999999999999999
1926 149396 2.999999999999999
1927 149437 2.999999999999999
1928 149491 2.999999999999999
1929 149539 2.999999999999999
1930 149583 2.999999999999999
1931 149639 2.999999999999999
1932 149685 2.999999999999999
1933 149736 2.999999999999999
1934 149789 2.999999999999999
1935 149849 2.999999999999999
1936 149963 2.999999999999999
1937 150013 2.999999999999999
1938 150061 2.999999999999999
1939 150105 2.999999999999999
1940 150160 2.999999999999999
1941 150222 2.999999999999999
1942 150287 2.999999999999999
1943 150336 2.999999999999999
1944 150398 2.999999999999999
1945 150492 2.999999999999999
1946 150537 2.999999999999999
1947 150618 2.999999999999999
1948 150669 2.999999999999999
1949 150748 2.999999999999999
1950 150803 2.999999999999999
1951 150854 2.999999999999999
1952 150927 2.999999999999999
1953 150969 2.999999999999999
1954 151011 2.999999999999999
1955 151099 2.999999999999999
1956 151157 2.999999999999999
1957 151215 2.999999999999999
1958 151261 2.999999999999999
1959 151324 2.999999999999999
1960 151377 2.999999999999999
1961 151442 2.999999999999999
1962 151510 2.999999999999999
1963 151567 2.999999999999999
1964 151635 2.999999999999999
1965 151689 2.999999999999999
1966 151741 2.999999999999999
1967 151791 2.999999999999999
1968 151842 2.999999999999999
1969 151890 2.999999999999999
1970 151942 2.999999999999999
1971 151994 2.999999999999999
1972 152054 2.999999999999999
1973 152173 2.999999999999999
1974 152223 2.999999999999999
1975 152278 2.999999999999999
1976 152339 2.999999999999999
1977 152390 2.999999999999999
1978 152440 2.999999999999999
1979 152489 2.999999999999999
1980 152538 2.999999999999999
1981 152598 2.999999999999999
1982 152649 2.999999999999999
1983 152708 2.999999999999999
1984 152755 2.999999999999999
1985 152813 2.999999999999999
1986 152873 2.999999999999999
1987 152945 2.999999999999999
1988 153019 2.999999999999999
1989 153070 2.999999999999999
1990 153134 2.999999999999999
1991 153191 2.999999999999999
1992 153269 2.999999999999999
1993 153326 2.999999999999999
1994 153384 2.999999999999999
1995 153431 2.999999999999999
1996 153473 2.999999999999999
1997 153529 2.999999999999999
1998 153583 2.999999999999999
1999 153640 2.999999999999999
2000 153688 2.999999999999999
2001 153739 2.999999999999999
2002 153794 2.999999999999999
2003 153863 2.999999999999999
2004 153932 2.999999999999999
2005 153991 2.999999999999999
2006 154080 2.999999999999999
2007 154141 2.999999999999999
2008 154197 2.999999999999999
2009 154241 2.999999999999999
2010 154325 2.999999999999999
2011 154396 2.999999999999999
2012 154464 2.999999999999999
2013 154509 2.999999999999999
2014 154560 2.999999999999999
2015 154620 2.999999999999999
2016 154686 2.999999999999999
2017 154735 2.999999999999999
2018 154794 2.999999999999999
2019 154837 2.999999999999999
2020 154961 2.999999999999999
2021 155013 2.999999999999999
2022 155065 2.999999999999999
2023 155117 2.999999999999999
2024 155170 2.999999999999999
2025 155232 2.999999999999999
2026 155296 2.999999999999999
2027 155351 2.999999999999999
2028 155402 2.999999999999999
2029 155459 2.999999999999999
2030 155522 2.999999999999999
2031 155580 2.999999999999999
2032 155631 2.999999999999999
2033 155688 2.999999999999999
2034 155738 2.999999999999999
2035 155787 2.999999999999999
2036 155840 2.999999999999999
2037 155900 2.999999999999999
2038 155965 2.999999999999999
2039 156020 2.999999999999999
2040 156108 2.999999999999999
2041 156164 2.999999999999999
2042 156228 2.999999999999999
2043 156281 2.999999999999999
2044 156337 2.999999999999999
2045 156392 2.999999999999999
2046 156446 2.999999999999999
2047 156535 2.999999999999999
2048 156598 2.999999999999999
2049 156653 2.999999999999999
2050 156700 2.999999999999999
2051 156760 2.999999999999999
2052 156811 2.999999999999999
2053 156872 2.999999999999999
2054 156925 2.999999999999999
2055 156976 2.999999999999999
2056 157045 2.999999999999999
2057 157101 2.999999999999999
2058 157156 2.999999999999999
2059 157211 2.999999999999999
2060 157264 2.999999999999999
2061 157330 2.999999999999999
2062 157385 2.999999999999999
2063 157441 2.999999999999999
2064 157487 2.999999999999999
2065 157537 2.999999999999999
2066 157583 2.999999999999999
2067 157634 2.999999999999999
2068 157720 2.999999999999999
2069 157771 2.999999999999999
2070 157853 2.999999999999999
2071 157907 2.999999999999999
2072 157970 2.999999999999999
2073 158018 2.999999999999999
2074 158066 2.999999999999999
2075 158123 2.999999999999999
2076 158169 2.999999999999999
2077 158214 2.999999999999999
2078 158266 2.999999999999999
2079 158308 2.999999999999999
2080 158375 2.999999999999999
2081 158439 2.999999999999999
2082 158482 2.999999999999999
2083 158528 2.999999999999999
2084 158582 2.999999999999999
2085 158631 2.999999999999999
2086 158692 2.999999999999999
2087 158741 2.999999999999999
2088 158810 2.999999999999999
2089 158872 2.999999999999999
2090 158933 2.999999999999999
2091 158982 2.999999999999999
2092 159033 2.999999999999999
2093 159096 2.999999999999999
2094 159148 2.999999999999999
2095 159206 2.999999999999999
2096 159252 2.999999999999999
2097 159308 2.999999999999999
2098 159354 2.999999999999999
2099 159403 2.999999999999999
2100 159458 2.999999999999999
2101 159520 2.999999999999999
2102 159563 2.999999999999999
2103 159628 2.999999999999999
2104 159687 2.999999999999999
2105 159742 2.999999999999999
2106 159795 2.999999999999999
2107 159855 2.999999999999999
2108 159904 2.999999999999999
2109 159961 2.999999999999999
2110 160003 2.999999999999999
2111 160056 2.999999999999999
2112 160114 2.999999999999999
2113 160173 2.999999999999999
2114 160245 2.999999999999999
2115 160295 2.999999999999999
2116 160340 2.999999999999999
2117 160404 2.999999999999999
2118 160481 2.999999999999999
2119 160533 2.999999999999999
2120 160601 2.999999999999999
2121 160659 2.999999999999999
2122 160729 2.999999999999999
2123 160772 2.999999999999999
2124 160822 2.999999999999999
2125 160881 2.999999999999999
2126 160937 2.999999999999999
2127 160988 2.999999999999999
2128 161048 2.999999999999999
2129 161096 2.999999999999999
2130 161168 2.999999999999999
2131 161234 2.999999999999999
2132 161288 2.999999999999999
2133 161345 2.999999999999999
2134 161399 2.999999999999999
2135 161449 2.999999999999999
2136 161506 2.999999999999999
2137 161576 2.999999999999999
2138 161638 2.999999999999999
2139 161683 2.999999999999999
2140 161748 2.999999999999999
2141 161793 2.999999999999999
2142 161841 2.999999999999999
2143 161891 2.999999999999999
2144 161957 2.999999999999999
2145 162004 2.999999999999999
2146 162059 2.999999999999999
2147 162101 2.999999999999999
2148 162160 2.999999999999999
2149 162219 2.999999999999999
2150 162259 2.999999999999999
2151 162316 2.999999999999999
2152 162361 2.999999999999999
2153 162407 2.999999999999999
2154 162472 2.999999999999999
2155 162515 2.999999999999999
2156 162567 2.999999999999999
2157 162629 2.999999999999999
2158 162688 2.999999999999999
2159 162736 2.999999999999999
2160 162805 2.999999999999999
2161 162863 2.999999999999999
2162 162913 2.999999999999999
2163 162990 2.999999999999999
2164 163056 2.999999999999999
2165 163103 2.999999999999999
2166 163147 2.999999999999999
2167 163198 2.999999999999999
2168 163252 2.999999999999999
2169 163318 2.999999999999999
2170 163374 2.999999999999999
2171 163422 2.999999999999999
2172 163479 2.999999999999999
2173 163541 2.999999999999999
2174 163621 2.999999999999999
2175 163684 2.999999999999999
2176 163743 2.999999999999999
2177 163803 2.999999999999999
2178 163862 2.999999999999999
2179 163924 2.999999999999999
2180 163972 2.999999999999999
2181 164033 2.999999999999999
2182 164090 2.999999999999999
2183 164174 2.999999999999999
2184 164227 2.999999999999999
2185 164277 2.999999999999999
2186 164323 2.999999999999999
2187 164389 2.999999999999999
2188 164445 2.999999999999999
2189 164511 2.999999999999999
2190 164569 2.999999999999999
2191 164616 2.999999999999999
2192 164666 2.999999999999999
2193 164719 2.999999999999999
2194 164789 2.999999999999999
2195 164837 2.999999999999999
2196 164882 2.999999999999999
2197 164927 2.999999999999999
2198 164989 2.999999999999999
2199 165064 2.999999999999999
2200 165130 2.999999999999999
2201 165183 2.999999999999999
2202 165245 2.999999999999999
2203 165307 2.999999999999999
2204 165351 2.999999999999999
2205 165429 2.999999999999999
2206 165486 2.999999999999999
2207 165562 2.999999999999999
2208 165619 2.999999999999999
2209 165679 2.999999999999999
2210 165737 2.999999999999999
2211 165788 2.999999999999999
2212 165849 2.999999999999999
2213 165896 2.999999999999999
2214 165956 2.999999999999999
2215 166019 2.999999999999999
2216 166091 2.999999999999999
2217 166139 2.999999999999999
2218 166189 2.999999999999999
2219 166244 2.999999999999999
2220 166292 2.999999999999999
2221 166342 2.999999999999999
2222 166405 2.999999999999999
2223 166462 2.999999999999999
2224 166559 2.999999999999999
2225 166639 2.999999999999999
2226 166693 2.999999999999999
2227 166758 2.999999999999999
2228 166806 2.999999999999999
2229 166848 2.999999999999999
2230 166921 2.999999999999999
2231 166974 2.999999999999999
2232 167040 2.999999999999999
2233 167104 2.999999999999999
2234 167166 2.999999999999999
2235 167217 2.999999999999999
2236 167263 2.999999999999999
2237 167345 2.999999999999999
2238 167416 2.999999999999999
2239 167468 2.999999999999999
2240 167530 2.999999999999999
2241 167601 2.999999999999999
2242 167661 2.999999999999999
2243 167714 2.999999999999999
2244 167795 2.999999999999999
2245 167862 2.999999999999999
2246 167925 2.999999999999999
2247 167971 2.999999999999999
2248 168028 2.999999999999999
2249 168097 2.999999999999999
2250 168165 2.999999999999999
2251 168223 2.999999999999999
2252 168273 2.999999999999999
2253 168320 2.999999999999999
2254 168367 2.999999999999999
2255 168421 2.999999999999999
2256 168470 2.999999999999999
2257 168523 2.999999999999999
2258 168574 2.999999999999999
2259 168634 2.999999999999999
2260 168696 2.999999999999999
2261 168748 2.999999999999999
2262 168840 2.999999999999999
2263 168892 2.999999999999999
2264 168947 2.999999999999999
2265 169006 2.999999999999999
2266 169105 2.999999999999999
2267 169159 2.999999999999999
2268 169213 2.999999999999999
2269 169259 2.999999999999999
2270 169314 2.999999999999999
2271 169357 2.999999999999999
2272 169408 2.999999999999999
2273 169451 2.999999999999999
2274 169489 2.999999999999999
2275 169537 2.999999999999999
2276 169586 2.999999999999999
2277 169636 2.999999999999999
2278 169698 2.999999999999999
2279 169752 2.999999999999999
2280 169800 2.999999999999999
2281 169863 2.999999999999999
2282 169916 2.999999999999999
2283 169969 2.999999999999999
2284 170018 2.999999999999999
2285 170067 2.999999999999999
2286 170119 2.999999999999999
2287 170166 2.999999999999999
2288 170221 2.999999999999999
2289 170266 2.999999999999999
2290 170319 2.999999999999999
2291 170383 2.999999999999999
2292 170431 2.999999999999999
2293 170493 2.999999999999999
2294 170536 2.999999999999999
2295 170599 2.999999999999999
2296 170663 2.999999999999999
2297 170730 2.999999999999999
2298 170783 2.999999999999999
2299 170844 2.999999999999999
2300 170895 2.999999999999999
2301 170962 2.999999999999999
2302 171008 2.999999999999999
2303 171056 2.999999999999999
2304 171100 2.999999999999999
2305 171185 2.999999999999999
2306 171233 2.999999999999999
2307 171274 2.999999999999999
2308 171329 2.999999999999999
2309 171379 2.999999999999999
2310 171452 2.999999999999999
2311 171508 2.999999999999999
2312 171571 2.999999999999999
2313 171637 2.999999999999999
2314 171685 2.999999999999999
2315 171747 2.999999999999999
2316 171801 2.999999999999999
2317 171851 2.999999999999999
2318 171907 2.999999999999999
2319 171964 2.999999999999999
2320 172033 2.999999999999999
2321 172084 2.999999999999999
2322 172138 2.999999999999999
2323 172203 2.999999999999999
2324 172249 2.999999999999999
2325 172307 2.999999999999999
2326 172382 2.999999999999999
2327 172437 2.999999999999999
2328 172485 2.999999999999999
2329 172559 2.999999999999999
2330 172615 2.999999999999999
2331 172682 2.999999999999999
2332 172735 2.999999999999999
2333 172803 2.999999999999999
2334 172856 2.999999999999999
2335 172901 2.999999999999999
2336 172963 2.999999999999999
2337 173025 2.999999999999999
2338 173080 2.999999999999999
2339 173125 2.999999999999999
2340 173215 2.999999999999999
2341 173271 2.999999999999999
2342 173330 2.999999999999999
2343 173391 2.999999999999999
2344 173430 2.999999999999999
2345 173484 2.999999999999999
2346 173533 2.999999999999999
2347 173583 2.999999999999999
2348 173634 2.999999999999999
2349 173686 2.999999999999999
2350 173728 2.999999999999999
2351 173785 2.999999999999999
2352 173832 2.999999999999999
2353 173908 2.999999999999999
2354 173967 2.999999999999999
2355 174016 2.999999999999999
2356 174078 2.999999999999999
2357 174122 2.999999999999999
2358 174178 2.999999999999999
2359 174219 2.999999999999999
2360 174271 2.999999999999999
2361 174328 2.999999999999999
2362 174378 2.999999999999999
2363 174424 2.999999999999999
2364 174501 2.999999999999999
2365 174557 2.999999999999999
2366 174599 2.999999999999999
2367 174653 2.999999999999999
2368 174723 2.999999999999999
2369 174769 2.999999999999999
2370 174829 2.999999999999999
2371 174893 2.999999999999999
2372 174941 2.999999999999999
2373 175000 2.999999999999999
2374 175075 2.999999999999999
2375 175123 2.999999999999999
2376 175176 2.999999999999999
2377 175226 2.999999999999999
2378 175278 2.999999999999999
2379 175341 2.999999999999999
2380 175394 2.999999999999999
2381 175461 2.999999999999999
2382 175506 2.999999999999999
2383 175557 2.999999999999999
2384 175604 2.999999999999999
2385 175658 2.999999999999999
2386 175709 2.999999999999999
2387 175754 2.999999999999999
2388 175812 2.999999999999999
2389 175858 2.999999999999999
2390 175901 2.999999999999999
2391 175947 2.999999999999999
2392 176002 2.999999999999999
2393 176048 2.999999999999999
2394 176103 2.999999999999999
2395 176154 2.999999999999999
2396 176219 2.999999999999999
2397 176271 2.999999999999999
2398 176329 2.999999999999999
2399 176381 2.999999999999999
2400 176444 2.999999999999999
2401 176502 2.999999999999999
2402 176567 2.999999999999999
2403 176606 2.999999999999999
2404 176663 2.999999999999999
2405 176742 2.999999999999999
2406 176788 2.999999999999999
2407 176843 2.999999999999999
2408 176885 2.999999999999999
2409 176941 2.999999999999999
2410 176990 2.999999999999999
2411 177044 2.999999999999999
2412 177098 2.999999999999999
2413 177150 2.999999999999999
2414 177206 2.999999999999999
2415 177258 2.999999999999999
2416 177358 2.999999999999999
2417 177412 2.999999999999999
2418 177472 2.999999999999999
2419 177520 2.999999999999999
2420 177580 2.999999999999999
2421 177631 2.999999999999999
2422 177686 2.999999999999999
2423 177752 2.999999999999999
2424 177798 2.999999999999999
2425 177842 2.999999999999999
2426 177890 2.999999999999999
2427 177939 2.999999999999999
2428 177986 2.999999999999999
2429 178039 2.999999999999999
2430 178101 2.999999999999999
2431 178149 2.999999999999999
2432 178194 2.999999999999999
2433 178249 2.999999999999999
2434 178297 2.999999999999999
2435 178349 2.999999999999999
2436 178390 2.999999999999999
2437 178439 2.999999999999999
2438 178492 2.999999999999999
2439 178540 2.999999999999999
2440 178601 2.999999999999999
2441 178658 2.999999999999999
2442 178704 2.999999999999999
2443 178758 2.999999999999999
2444 178802 2.999999999999999
2445 178844 2.999999999999999
2446 178910 2.999999999999999
2447 178961 2.999999999999999
2448 179013 2.999999999999999
2449 179066 2.999999999999999
2450 179130 2.999999999999999
2451 179201 2.999999999999999
2452 179265 2.999999999999999
2453 179324 2.999999999999999
2454 179382 2.999999999999999
2455 179422 2.999999999999999
2456 179483 2.999999999999999
2457 179532 2.999999999999999
2458 179575 2.999999999999999
2459 179640 2.999999999999999
2460 179697 2.999999999999999
2461 179746 2.999999999999999
2462 179803 2.999999999999999
2463 179850 2.999999999999999
2464 179893 2.999999999999999
2465 179961 2.999999999999999
2466 180001 2.999999999999999
2467 180054 2.999999999999999
2468 180115 2.999999999999999
2469 180167 2.999999999999999
2470 180248 2.999999999999999
2471 180322 2.999999999999999
2472 180376 2.999999999999999
2473 180420 2.999999999999999
2474 180470 2.999999999999999
2475 180525 2.999999999999999
2476 180575 2.999999999999999
2477 180629 2.999999999999999
2478 180692 2.999999999999999
2479 180741 2.999999999999999
2480 180795 2.999999999999999
2481 180858 2.999999999999999
2482 180898 2.999999999999999
2483 180938 2.999999999999999
2484 180986 2.999999999999999
2485 181062 2.999999999999999
2486 181147 2.999999999999999
2487 181202 2.999999999999999
2488 181262 2.999999999999999
2489 181324 2.999999999999999
2490 181408 2.999999999999999
2491 181493 2.999999999999999
2492 181536 2.999999999999999
2493 181587 2.999999999999999
2494 181639 2.999999999999999
2495 181702 2.999999999999999
2496 181756 2.999999999999999
2497 181815 2.999999999999999
2498 181865 2.999999999999999
2499 181929 2.999999999999999
2500 181990 2.999999999999999
2501 182036 2.999999999999999
2502 182083 2.999999999999999
2503 182159 2.999999999999999
2504 182206 2.999999999999999
2505 182277 2.999999999999999
2506 182331 2.999999999999999
2507 182376 2.999999999999999
2508 182430 2.999999999999999
2509 182477 2.999999999999999
2510 182536 2.999999999999999
2511 182589 2.999999999999999
2512 182638 2.999999999999999
2513 182693 2.999999999999999
2514 182744 2.999999999999999
2515 182803 2.999999999999999
2516 182857 2.999999999999999
2517 182910 2.999999999999999
2518 182956 2.999999999999999
2519 183023 2.999999999999999
2520 183078 2.999999999999999
2521 183140 2.999999999999999
2522 183205 2.999999999999999
2523 183253 2.999999999999999
2524 183319 2.999999999999999
2525 183395 2.999999999999999
2526 183448 2.999999999999999
2527 183507 2.999999999999999
2528 183553 2.999999999999999
2529 183616 2.999999999999999
2530 183680 2.999999999999999
2531 183757 2.999999999999999
2532 183806 2.999999999999999
2533 183864 2.999999999999999
2534 183935 2.999999999999999
2535 184004 2.999999999999999
2536 184051 2.999999999999999
2537 184103 2.999999999999999
2538 184160 2.999999999999999
2539 184220 2.999999999999999
2540 184269 2.999999999999999
2541 184311 2.999999999999999
2542 184371 2.999999999999999
2543 184418 2.999999999999999
2544 184486 2.999999999999999
2545 184552 2.999999999999999
2546 184607 2.999999999999999
2547 184665 2.999999999999999
2548 184726 2.999999999999999
2549 184796 2.999999999999999
2550 184871 2.999999999999999
2551 184955 2.999999999999999
2552 185004 2.999999999999999
2553 185058 2.999999999999999
2554 185132 2.999999999999999
2555 185196 2.999999999999999
2556 185247 2.999999999999999
2557 185290 2.999999999999999
2558 185340 2.999999999999999
2559 185392 2.999999999999999
2560 185448 2.999999999999999
2561 185511 2.999999999999999
2562 185556 2.999999999999999
2563 185611 2.999999999999999
2564 185668 2.999999999999999
2565 185712 2.999999999999999
2566 185765 2.999999999999999
2567 185837 2.999999999999999
2568 185897 2.999999999999999
2569 185946 2.999999999999999
2570 186018 2.999999999999999
2571 186071 2.999999999999999
2572 186116 2.999999999999999
2573 186180 2.999999999999999
2574 186238 2.999999999999999
2575 186312 2.999999999999999
2576 186363 2.999999999999999
2577 186408 2.999999999999999
2578 186461 2.999999999999999
2579 186508 2.999999999999999
2580 186558 2.999999999999999
2581 186614 2.999999999999999
2582 186669 2.999999999999999
2583 186733 2.999999999999999
2584 186776 2.999999999999999
2585 186821 2.999999999999999
2586 186867 2.999999999999999
2587 186905 2.999999999999999
2588 186959 2.999999999999999
2589 187007 2.999999999999999
2590 187057 2.999999999999999
2591 187127 2.999999999999999
2592 187180 2.999999999999999
2593 187230 2.999999999999999
2594 187288 2.999999999999999
2595 187328 2.999999999999999
2596 187406 2.999999999999999
2597 187474 2.999999999999999
2598 187540 2.999999999999999
2599 187586 2.999999999999999
2600 187627 2.999999999999999
2601 187672 2.999999999999999
2602 187714 2.999999999999999
2603 187770 2.999999999999999
2604 187837 2.999999999999999
2605 187886 2.999999999999999
2606 187934 2.999999999999999
2607 188016 2.999999999999999
2608 188064 2.999999999999999
2609 188125 2.999999999999999
2610 188179 2.999999999999999
2611 188222 2.999999999999999
2612 188268 2.999999999999999
2613 188320 2.999999999999999
2614 188357 2.999999999999999
2615 188419 2.999999999999999
2616 188488 2.999999999999999
2617 188530 2.999999999999999
2618 188598 2.999999999999999
2619 188658 2.999999999999999
2620 188722 2.999999999999999
2621 188789 2.999999999999999
2622 188839 2.999999999999999
2623 188890 2.999999999999999
2624 188976 2.999999999999999
2625 189030 2.999999999999999
2626 189078 2.999999999999999
2627 189148 2.999999999999999
2628 189212 2.999999999999999
2629 189258 2.999999999999999
2630 189317 2.999999999999999
2631 189369 2.999999999999999
2632 189411 2.999999999999999
2633 189462 2.999999999999999
2634 189520 2.999999999999999
2635 189570 2.999999999999999
2636 189617 2.999999999999999
2637 189675 2.999999999999999
2638 189726 2.999999999999999
2639 189785 2.999999999999999
2640 189821 2.999999999999999
2641 189874 2.999999999999999
2642 189923 2.999999999999999
2643 190005 2.999999999999999
2644 190074 2.999999999999999
2645 190137 2.999999999999999
2646 190189 2.999999999999999
2647 190244 2.999999999999999
2648 190289 2.999999999999999
2649 190345 2.999999999999999
2650 190408 2.999999999999999
2651 190458 2.999999999999999
2652 190501 2.999999999999999
2653 190546 2.999999999999999
2654 190596 2.999999999999999
2655 190652 2.999999999999999
2656 190704 2.999999999999999
2657 190756 2.999999999999999
2658 190810 2.999999999999999
2659 190864 2.999999999999999
2660 190913 2.999999999999999
2661 190960 2.999999999999999
2662 191010 2.999999999999999
2663 191070 2.999999999999999
2664 191125 2.999999999999999
2665 191173 2.999999999999999
2666 191234 2.999999999999999
2667 191278 2.999999999999999
2668 191360 2.999999999999999
2669 191422 2.999999999999999
2670 191479 2.999999999999999
2671 191542 2.999999999999999
2672 191594 2.999999999999999
2673 191649 2.999999999999999
2674 191730 2.999999999999999
2675 191775 2.999999999999999
2676 191828 2.999999999999999
2677 191893 2.999999999999999
2678 191949 2.999999999999999
2679 192014 2.999999999999999
2680 192067 2.999999999999999
2681 192117 2.999999999999999
2682 192173 2.999999999999999
2683 192231 2.999999999999999
2684 192277 2.999999999999999
2685 192318 2.999999999999999
2686 192379 2.999999999999999
2687 192431 2.999999999999999
2688 192472 2.999999999999999
2689 192510 2.999999999999999
2690 192564 2.999999999999999
2691 192611 2.999999999999999
2692 192656 2.999999999999999
2693 192707 2.999999999999999
2694 192772 2.999999999999999
2695 192820 2.999999999999999
2696 192874 2.999999999999999
2697 192927 2.999999999999999
2698 192973 2.999999999999999
2699 193024 2.999999999999999
2700 193074 2.999999999999999
2701 193125 2.999999999999999
2702 193174 2.999999999999999
2703 193224 2.999999999999999
2704 193264 2.999999999999999
2705 193304 2.999999999999999
2706 193352 2.999999999999999
2707 193406 2.999999999999999
2708 193456 2.999999999999999
2709 193504 2.999999999999999
2710 193550 2.999999999999999
2711 193592 2.999999999999999
2712 193643 2.999999999999999
2713 193687 2.999999999999999
2714 193732 2.999999999999999
2715 193813 2.999999999999999
2716 193858 2.999999999999999
2717 193929 2.999999999999999
2718 193980 2.999999999999999
2719 194026 2.999999999999999
2720 194120 2.999999999999999
2721 194162 2.999999999999999
2722 194212 2.999999999999999
2723 194263 2.999999999999999
2724 194314 2.999999999999999
2725 194378 2.999999999999999
2726 194427 2.999999999999999
2727 194472 2.999999999999999
