1 300 0.0 0.0
2 600 0.0 0.0
3 900 0.0 0.0
4 1200 0.0 0.0
5 1500 0.0 0.0
6 1800 0.0 0.0
7 2100 0.0 0.0
8 2400 0.0 0.0
9 2700 0.0 0.0
10 3000 0.0 0.0
11 3300 0.0 0.0
12 3600 0.0 0.0
13 3900 0.0 0.0
14 4200 0.0 0.0
15 4500 0.0 0.0
16 4800 0.0 0.0
17 5100 0.0 0.0
18 5400 0.0 0.0
19 5700 0.0 0.0
20 6000 0.0 0.0
21 6300 0.0 0.0
22 6600 0.0 0.0
23 6900 0.0 0.0
24 7200 0.0 0.0
25 7500 0.0 0.0
26 7800 0.0 0.0
27 8100 0.0 0.0
28 8400 0.0 0.0
29 8700 0.0 0.0
30 9000 0.0 0.0
31 9300 0.0 0.0
32 9600 0.0 0.0
33 9900 0.0 0.0
34 10200 0.0 0.0
35 10500 0.0 0.0
36 10800 0.0 0.0
37 11100 0.0 0.0
38 11400 0.0 0.0
39 11700 0.0 0.0
40 12000 0.0 0.0
41 12300 0.0 0.0
42 12600 0.0 0.0
43 12900 0.0 0.0
44 13200 0.0 0.0
45 13456 1.0 0.01
46 13756 0.0 0.01
47 14056 0.0 0.01
48 14356 0.0 0.01
49 14633 1.0 0.02
50 14933 0.0 0.02
51 15233 0.0 0.02
52 15533 0.0 0.02
53 15833 0.0 0.02
54 16133 0.0 0.02
55 16433 0.0 0.02
56 16733 0.0 0.02
57 17033 0.0 0.02
58 17333 0.0 0.02
59 17633 0.0 0.02
60 17933 0.0 0.02
61 18233 0.0 0.02
62 18533 0.0 0.02
63 18833 0.0 0.02
64 19133 0.0 0.02
65 19433 0.0 0.02
66 19733 0.0 0.02
67 20033 0.0 0.02
68 20302 1.0 0.03
69 20602 0.0 0.03
70 20902 0.0 0.03
71 21202 0.0 0.03
72 21502 0.0 0.03
73 21802 0.0 0.03
74 22102 0.0 0.03
75 22402 0.0 0.03
76 22702 0.0 0.03
77 23002 0.0 0.03
78 23224 1.0 0.04
79 23524 0.0 0.04
80 23824 0.0 0.04
81 24124 0.0 0.04
82 24424 0.0 0.04
83 24640 1.0 0.05
84 24940 0.0 0.05
85 25240 0.0 0.05
86 25540 0.0 0.05
87 25802 1.0 0.06
88 26102 0.0 0.06
89 26402 0.0 0.06
90 26702 0.0 0.06
91 27002 0.0 0.06
92 27302 0.0 0.06
93 27602 0.0 0.06
94 27887 1.0 0.07
95 28187 0.0 0.07
96 28487 0.0 0.07
97 28787 0.0 0.07
98 29087 0.0 0.07
99 29387 0.0 0.07
100 29687 0.0 0.07
101 29987 0.0 0.07
102 30287 0.0 0.07
103 30587 0.0 0.07
104 30887 0.0 0.07
105 31187 0.0 0.07
106 31487 0.0 0.07
107 31787 0.0 0.07
108 32087 0.0 0.07
109 32387 0.0 0.07
110 32687 0.0 0.07
111 32987 0.0 0.07
112 33287 0.0 0.07
113 33587 0.0 0.07
114 33887 0.0 0.07
115 34187 0.0 0.07
116 34487 0.0 0.07
117 34787 0.0 0.07
118 35087 0.0 0.07
119 35387 0.0 0.07
120 35687 0.0 0.07
121 35987 0.0 0.07
122 36287 0.0 0.07
123 36587 0.0 0.07
124 36887 0.0 0.07
125 37187 0.0 0.07
126 37487 0.0 0.07
127 37787 0.0 0.07
128 38087 0.0 0.07
129 38387 0.0 0.07
130 38687 0.0 0.07
131 38987 0.0 0.07
132 39287 0.0 0.07
133 39587 0.0 0.07
134 39887 0.0 0.07
135 40187 0.0 0.07
136 40487 0.0 0.07
137 40787 0.0 0.07
138 41087 0.0 0.07
139 41387 0.0 0.07
140 41687 0.0 0.07
141 41987 0.0 0.07
142 42287 0.0 0.07
143 42587 0.0 0.07
144 42887 0.0 0.07
145 43187 0.0 0.06
146 43487 0.0 0.06
147 43787 0.0 0.06
148 44087 0.0 0.06
149 44387 0.0 0.05
150 44687 0.0 0.05
151 44987 0.0 0.05
152 45287 0.0 0.05
153 45587 0.0 0.05
154 45887 0.0 0.05
155 46187 0.0 0.05
156 46487 0.0 0.05
157 46787 0.0 0.05
158 47087 0.0 0.05
159 47387 0.0 0.05
160 47687 0.0 0.05
161 47987 0.0 0.05
162 48287 0.0 0.05
163 48587 0.0 0.05
164 48887 0.0 0.05
165 49187 0.0 0.05
166 49487 0.0 0.05
167 49787 0.0 0.05
168 50087 0.0 0.04
169 50387 0.0 0.04
170 50687 0.0 0.04
171 50987 0.0 0.04
172 51287 0.0 0.04
173 51587 0.0 0.04
174 51887 0.0 0.04
175 52187 0.0 0.04
176 52487 0.0 0.04
177 52787 0.0 0.04
178 53087 0.0 0.03
179 53387 0.0 0.03
180 53687 0.0 0.03
181 53987 0.0 0.03
182 54287 0.0 0.03
183 54587 0.0 0.02
184 54887 0.0 0.02
185 55187 0.0 0.02
186 55487 0.0 0.02
187 55787 0.0 0.01
188 56087 0.0 0.01
189 56387 0.0 0.01
190 56609 1.0 0.02
191 56909 0.0 0.02
192 57209 0.0 0.02
193 57509 0.0 0.02
194 57809 0.0 0.01
195 58109 0.0 0.01
196 58409 0.0 0.01
197 58709 0.0 0.01
198 59009 0.0 0.01
199 59309 0.0 0.01
200 59609 0.0 0.01
201 59909 0.0 0.01
202 60209 0.0 0.01
203 60509 0.0 0.01
204 60809 0.0 0.01
205 61109 0.0 0.01
206 61409 0.0 0.01
207 61709 0.0 0.01
208 62009 0.0 0.01
209 62309 0.0 0.01
210 62609 0.0 0.01
211 62909 0.0 0.01
212 63209 0.0 0.01
213 63509 0.0 0.01
214 63809 0.0 0.01
215 64109 0.0 0.01
216 64409 0.0 0.01
217 64709 0.0 0.01
218 65009 0.0 0.01
219 65289 1.0 0.02
220 65589 0.0 0.02
221 65889 0.0 0.02
222 66189 0.0 0.02
223 66489 0.0 0.02
224 66789 0.0 0.02
225 67089 0.0 0.02
226 67389 0.0 0.02
227 67689 0.0 0.02
228 67989 0.0 0.02
229 68289 0.0 0.02
230 68589 0.0 0.02
231 68799 1.0 0.03
232 69099 0.0 0.03
233 69399 0.0 0.03
234 69699 0.0 0.03
235 69999 0.0 0.03
236 70299 0.0 0.03
237 70599 0.0 0.03
238 70899 0.0 0.03
239 71199 0.0 0.03
240 71499 0.0 0.03
241 71799 0.0 0.03
242 72099 0.0 0.03
243 72399 0.0 0.03
244 72699 0.0 0.03
245 72999 0.0 0.03
246 73299 0.0 0.03
247 73599 0.0 0.03
248 73899 0.0 0.03
249 74199 0.0 0.03
250 74499 0.0 0.03
251 74799 0.0 0.03
252 75099 0.0 0.03
253 75399 0.0 0.03
254 75699 0.0 0.03
255 75999 0.0 0.03
256 76299 0.0 0.03
257 76599 0.0 0.03
258 76899 0.0 0.03
259 77199 0.0 0.03
260 77499 0.0 0.03
261 77799 0.0 0.03
262 78099 0.0 0.03
263 78399 0.0 0.03
264 78699 0.0 0.03
265 78999 0.0 0.03
266 79299 0.0 0.03
267 79599 0.0 0.03
268 79899 0.0 0.03
269 80199 0.0 0.03
270 80499 0.0 0.03
271 80799 0.0 0.03
272 81099 0.0 0.03
273 81399 0.0 0.03
274 81642 1.0 0.04
275 81942 0.0 0.04
276 82242 0.0 0.04
277 82542 0.0 0.04
278 82842 0.0 0.04
279 83142 0.0 0.04
280 83442 0.0 0.04
281 83742 0.0 0.04
282 84042 0.0 0.04
283 84342 0.0 0.04
284 84642 0.0 0.04
285 84942 0.0 0.04
286 85242 0.0 0.04
287 85542 0.0 0.04
288 85842 0.0 0.04
289 86142 0.0 0.04
290 86442 0.0 0.03
291 86742 0.0 0.03
292 87042 0.0 0.03
293 87342 0.0 0.03
294 87642 0.0 0.03
295 87942 0.0 0.03
296 88242 0.0 0.03
297 88542 0.0 0.03
298 88842 0.0 0.03
299 89142 0.0 0.03
300 89442 0.0 0.03
301 89742 0.0 0.03
302 90042 0.0 0.03
303 90342 0.0 0.03
304 90642 0.0 0.03
305 90942 0.0 0.03
306 91242 0.0 0.03
307 91542 0.0 0.03
308 91842 0.0 0.03
309 92142 0.0 0.03
310 92442 0.0 0.03
311 92742 0.0 0.03
312 93042 0.0 0.03
313 93342 0.0 0.03
314 93642 0.0 0.03
315 93878 1.0 0.04
316 94178 0.0 0.04
317 94413 1.0 0.05
318 94713 0.0 0.05
319 95013 0.0 0.04
320 95313 0.0 0.04
321 95613 0.0 0.04
322 95883 1.0 0.05
323 96183 0.0 0.05
324 96483 0.0 0.05
325 96783 0.0 0.05
326 97083 0.0 0.05
327 97383 0.0 0.05
328 97683 0.0 0.05
329 97983 0.0 0.05
330 98283 0.0 0.05
331 98583 0.0 0.04
332 98883 0.0 0.04
333 99168 1.0 0.05
334 99468 0.0 0.05
335 99768 0.0 0.05
336 100068 0.0 0.05
337 100368 0.0 0.05
338 100668 0.0 0.05
339 100968 0.0 0.05
340 101268 0.0 0.05
341 101568 0.0 0.05
342 101868 0.0 0.05
343 102168 0.0 0.05
344 102468 0.0 0.05
345 102768 0.0 0.05
346 103068 0.0 0.05
347 103368 0.0 0.05
348 103668 0.0 0.05
349 103968 0.0 0.05
350 104268 0.0 0.05
351 104568 0.0 0.05
352 104868 0.0 0.05
353 105168 0.0 0.05
354 105468 0.0 0.05
355 105768 0.0 0.05
356 106019 1.0 0.06
357 106319 0.0 0.06
358 106619 0.0 0.06
359 106919 0.0 0.06
360 107219 0.0 0.06
361 107435 1.0 0.07
362 107735 0.0 0.07
363 108035 0.0 0.07
364 108335 0.0 0.07
365 108635 0.0 0.07
366 108935 0.0 0.07
367 109235 0.0 0.07
368 109535 0.0 0.07
369 109835 0.0 0.07
370 110135 0.0 0.07
371 110435 0.0 0.07
372 110735 0.0 0.07
373 111035 0.0 0.07
374 111335 0.0 0.06
375 111635 0.0 0.06
376 111935 0.0 0.06
377 112235 0.0 0.06
378 112535 0.0 0.06
379 112835 0.0 0.06
380 113135 0.0 0.06
381 113435 0.0 0.06
382 113735 0.0 0.06
383 114035 0.0 0.06
384 114335 0.0 0.06
385 114635 0.0 0.06
386 114935 0.0 0.06
387 115235 0.0 0.06
388 115535 0.0 0.06
389 115835 0.0 0.06
390 116135 0.0 0.06
391 116435 0.0 0.06
392 116735 0.0 0.06
393 117035 0.0 0.06
394 117335 0.0 0.06
395 117635 0.0 0.06
396 117935 0.0 0.06
397 118235 0.0 0.06
398 118535 0.0 0.06
399 118835 0.0 0.06
400 119054 1.0 0.07
401 119354 0.0 0.07
402 119654 0.0 0.07
403 119840 1.0 0.08
404 120140 0.0 0.08
405 120440 0.0 0.08
406 120740 0.0 0.08
407 121040 0.0 0.08
408 121340 0.0 0.08
409 121640 0.0 0.08
410 121940 0.0 0.08
411 122240 0.0 0.08
412 122540 0.0 0.08
413 122840 0.0 0.08
414 123140 0.0 0.08
415 123440 0.0 0.07
416 123740 0.0 0.07
417 124040 0.0 0.06
418 124340 0.0 0.06
419 124640 0.0 0.06
420 124940 0.0 0.06
421 125240 0.0 0.06
422 125540 0.0 0.05
423 125840 0.0 0.05
424 126140 0.0 0.05
425 126440 0.0 0.05
426 126740 0.0 0.05
427 127040 0.0 0.05
428 127340 0.0 0.05
429 127640 0.0 0.05
430 127940 0.0 0.05
431 128110 1.0 0.06
432 128410 0.0 0.06
433 128710 0.0 0.05
434 128924 1.0 0.06
435 129224 0.0 0.06
436 129524 0.0 0.06
437 129824 0.0 0.06
438 130124 0.0 0.06
439 130424 0.0 0.06
440 130724 0.0 0.06
441 131024 0.0 0.06
442 131324 0.0 0.06
443 131624 0.0 0.06
444 131924 0.0 0.06
445 132224 0.0 0.06
446 132524 0.0 0.06
447 132824 0.0 0.06
448 133121 1.0 0.07
449 133421 0.0 0.07
450 133721 0.0 0.07
451 134021 0.0 0.07
452 134321 0.0 0.07
453 134621 0.0 0.07
454 134921 0.0 0.07
455 135221 0.0 0.07
456 135521 0.0 0.06
457 135821 0.0 0.06
458 136121 0.0 0.06
459 136421 0.0 0.06
460 136721 0.0 0.06
461 136813 1.0 0.06
462 137113 0.0 0.06
463 137413 0.0 0.06
464 137713 0.0 0.06
465 138013 0.0 0.06
466 138313 0.0 0.06
467 138613 0.0 0.06
468 138913 0.0 0.06
469 139213 0.0 0.06
470 139513 0.0 0.06
471 139813 0.0 0.06
472 140113 0.0 0.06
473 140350 1.0 0.07
474 140650 0.0 0.07
475 140907 1.0 0.08
476 141207 0.0 0.08
477 141507 0.0 0.08
478 141807 0.0 0.08
479 142107 0.0 0.08
480 142407 0.0 0.08
481 142707 0.0 0.08
482 143007 0.0 0.08
483 143293 1.0 0.09
484 143593 0.0 0.09
485 143893 0.0 0.09
486 144193 0.0 0.09
487 144493 0.0 0.09
488 144793 0.0 0.09
489 145093 0.0 0.09
490 145204 1.0 0.1
491 145504 0.0 0.1
492 145798 1.0 0.11
493 145993 1.0 0.12
494 146293 0.0 0.12
495 146593 0.0 0.12
496 146893 0.0 0.12
497 147193 0.0 0.12
498 147493 0.0 0.12
499 147793 0.0 0.12
500 148093 0.0 0.11
501 148393 0.0 0.11
502 148693 0.0 0.11
503 148993 0.0 0.1
504 149252 1.0 0.11
505 149552 0.0 0.11
506 149852 0.0 0.11
507 150152 0.0 0.11
508 150452 0.0 0.11
509 150752 0.0 0.11
510 151052 0.0 0.11
511 151352 0.0 0.11
512 151652 0.0 0.11
513 151952 0.0 0.11
514 152252 0.0 0.11
515 152552 0.0 0.11
516 152852 0.0 0.11
517 153152 0.0 0.11
518 153452 0.0 0.11
519 153752 0.0 0.11
520 154052 0.0 0.11
521 154340 1.0 0.12
522 154562 1.0 0.13
523 154862 0.0 0.13
524 155162 0.0 0.13
525 155455 1.0 0.14
526 155755 0.0 0.14
527 156055 0.0 0.14
528 156355 0.0 0.14
529 156655 0.0 0.14
530 156955 0.0 0.14
531 157255 0.0 0.13
532 157555 0.0 0.13
533 157855 0.0 0.13
534 158155 0.0 0.12
535 158455 0.0 0.12
536 158726 1.0 0.13
537 159026 0.0 0.13
538 159326 0.0 0.13
539 159626 0.0 0.13
540 159926 0.0 0.13
541 160226 0.0 0.13
542 160517 1.0 0.14
543 160730 1.0 0.15
544 161030 0.0 0.15
545 161330 0.0 0.15
546 161630 0.0 0.15
547 161930 0.0 0.15
548 162230 0.0 0.14
549 162530 0.0 0.14
550 162812 1.0 0.15
551 163112 0.0 0.15
552 163412 0.0 0.15
553 163682 1.0 0.16
554 163982 0.0 0.16
555 164282 0.0 0.16
556 164582 0.0 0.16
557 164882 0.0 0.16
558 165182 0.0 0.16
559 165392 1.0 0.17
560 165692 0.0 0.17
561 165992 0.0 0.16
562 166246 1.0 0.17
563 166546 0.0 0.17
564 166846 0.0 0.17
565 167146 0.0 0.17
566 167446 0.0 0.17
567 167746 0.0 0.17
568 168046 0.0 0.17
569 168346 0.0 0.17
570 168646 0.0 0.17
571 168946 0.0 0.17
572 169234 1.0 0.18
573 169534 0.0 0.17
574 169834 0.0 0.17
575 170134 0.0 0.16
576 170434 0.0 0.16
577 170573 1.0 0.17
578 170873 0.0 0.17
579 171173 0.0 0.17
580 171473 0.0 0.17
581 171658 1.0 0.18
582 171958 0.0 0.18
583 172258 0.0 0.17
584 172558 0.0 0.17
585 172858 0.0 0.17
586 173158 0.0 0.17
587 173458 0.0 0.17
588 173758 0.0 0.17
589 174058 0.0 0.17
590 174226 1.0 0.17
591 174526 0.0 0.17
592 174826 0.0 0.16
593 175126 0.0 0.15
594 175426 0.0 0.15
595 175726 0.0 0.15
596 176026 0.0 0.15
597 176326 0.0 0.15
598 176626 0.0 0.15
599 176926 0.0 0.15
600 177226 0.0 0.15
601 177526 0.0 0.15
602 177826 0.0 0.15
603 178126 0.0 0.15
604 178426 0.0 0.14
605 178726 0.0 0.14
606 179026 0.0 0.14
607 179326 0.0 0.14
608 179626 0.0 0.14
609 179926 0.0 0.14
610 180226 0.0 0.14
611 180462 1.0 0.15
612 180762 0.0 0.15
613 181062 0.0 0.15
614 181362 0.0 0.15
615 181662 0.0 0.15
616 181951 1.0 0.16
617 182251 0.0 0.16
618 182551 0.0 0.16
619 182851 0.0 0.16
620 183151 0.0 0.16
621 183451 0.0 0.15
622 183736 1.0 0.15
623 184036 0.0 0.15
624 184336 0.0 0.15
625 184636 0.0 0.14
626 184910 1.0 0.15
627 185210 0.0 0.15
628 185510 0.0 0.15
629 185810 0.0 0.15
630 186110 0.0 0.15
631 186410 0.0 0.15
632 186710 0.0 0.15
633 187010 0.0 0.15
634 187310 0.0 0.15
635 187610 0.0 0.15
636 187910 0.0 0.14
637 188210 0.0 0.14
638 188510 0.0 0.14
639 188810 0.0 0.14
640 189110 0.0 0.14
641 189410 0.0 0.14
642 189710 0.0 0.13
643 190010 0.0 0.12
644 190310 0.0 0.12
645 190610 0.0 0.12
646 190910 0.0 0.12
647 191210 0.0 0.12
648 191510 0.0 0.12
649 191810 0.0 0.12
650 191918 1.0 0.12
651 192216 1.0 0.13
652 192516 0.0 0.13
653 192816 0.0 0.12
654 193116 0.0 0.12
655 193416 0.0 0.12
656 193716 0.0 0.12
657 194016 0.0 0.12
658 194316 0.0 0.12
659 194616 0.0 0.11
660 194916 0.0 0.11
661 195216 0.0 0.11
662 195516 0.0 0.1
663 195816 0.0 0.1
664 196116 0.0 0.1
665 196416 0.0 0.1
666 196716 0.0 0.1
667 197016 0.0 0.1
668 197316 0.0 0.1
669 197616 0.0 0.1
670 197916 0.0 0.1
671 198216 0.0 0.1
672 198516 0.0 0.09
673 198798 1.0 0.1
674 199098 0.0 0.1
675 199398 0.0 0.1
676 199698 0.0 0.1
677 199998 0.0 0.09
678 200298 0.0 0.09
679 200598 0.0 0.09
680 200898 0.0 0.09
681 201194 1.0 0.09
682 201494 0.0 0.09
683 201654 1.0 0.1
684 201954 0.0 0.1
685 202254 0.0 0.1
686 202447 1.0 0.11
687 202747 0.0 0.11
688 203047 0.0 0.11
689 203347 0.0 0.11
690 203558 1.0 0.11
691 203858 0.0 0.11
692 204158 0.0 0.11
693 204458 0.0 0.11
694 204758 0.0 0.11
695 205058 0.0 0.11
696 205337 1.0 0.12
697 205637 0.0 0.12
698 205937 0.0 0.12
699 206126 1.0 0.13
700 206426 0.0 0.13
701 206726 0.0 0.13
702 207026 0.0 0.13
703 207229 1.0 0.14
704 207529 0.0 0.14
705 207829 0.0 0.14
706 208129 0.0 0.14
707 208398 1.0 0.15
708 208698 0.0 0.15
709 208998 0.0 0.15
710 209298 0.0 0.15
711 209598 0.0 0.14
712 209898 0.0 0.14
713 210198 0.0 0.14
714 210498 0.0 0.14
715 210798 0.0 0.14
716 211098 0.0 0.13
717 211398 0.0 0.13
718 211581 1.0 0.14
719 211881 0.0 0.14
720 212181 0.0 0.14
721 212349 1.0 0.15
722 212516 1.0 0.15
723 212816 0.0 0.15
724 213116 0.0 0.15
725 213327 1.0 0.16
726 213577 1.0 0.16
727 213877 0.0 0.16
728 214177 0.0 0.16
729 214477 0.0 0.16
730 214777 0.0 0.16
731 215077 0.0 0.16
732 215377 0.0 0.16
733 215638 1.0 0.17
734 215938 0.0 0.17
735 216208 1.0 0.18
736 216508 0.0 0.18
737 216808 0.0 0.18
738 217108 0.0 0.18
739 217408 0.0 0.18
740 217708 0.0 0.18
741 218008 0.0 0.18
742 218216 1.0 0.19
743 218516 0.0 0.19
744 218816 0.0 0.19
745 219035 1.0 0.2
746 219325 1.0 0.21
747 219625 0.0 0.21
748 219925 0.0 0.21
749 220225 0.0 0.21
750 220525 0.0 0.2
751 220795 1.0 0.2
752 221095 0.0 0.2
753 221284 1.0 0.21
754 221584 0.0 0.21
755 221884 0.0 0.21
756 222184 0.0 0.21
757 222484 0.0 0.21
758 222784 0.0 0.21
759 222914 1.0 0.22
760 223214 0.0 0.22
761 223514 0.0 0.22
762 223814 0.0 0.22
763 224114 0.0 0.22
764 224414 0.0 0.22
765 224646 1.0 0.23
766 224814 1.0 0.24
767 225114 0.0 0.24
768 225414 0.0 0.24
769 225714 0.0 0.24
770 226014 0.0 0.24
771 226302 1.0 0.25
772 226602 0.0 0.25
773 226902 0.0 0.24
774 227202 0.0 0.24
775 227502 0.0 0.24
776 227802 0.0 0.24
777 228102 0.0 0.24
778 228375 1.0 0.25
779 228675 0.0 0.25
780 228975 0.0 0.25
781 229275 0.0 0.24
782 229575 0.0 0.24
783 229875 0.0 0.23
784 230175 0.0 0.23
785 230475 0.0 0.23
786 230775 0.0 0.22
787 231075 0.0 0.22
788 231254 1.0 0.23
789 231554 0.0 0.23
790 231854 0.0 0.22
791 232154 0.0 0.22
792 232454 0.0 0.22
793 232754 0.0 0.22
794 232985 1.0 0.23
795 233148 1.0 0.24
796 233448 0.0 0.23
797 233748 0.0 0.23
798 234048 0.0 0.23
799 234348 0.0 0.22
800 234557 1.0 0.23
801 234857 0.0 0.23
802 235157 0.0 0.23
803 235457 0.0 0.22
804 235757 0.0 0.22
805 235948 1.0 0.23
806 236248 0.0 0.23
807 236548 0.0 0.22
808 236848 0.0 0.22
809 237141 1.0 0.23
810 237441 0.0 0.23
811 237708 1.0 0.24
812 238008 0.0 0.24
813 238308 0.0 0.24
814 238608 0.0 0.24
815 238844 1.0 0.25
816 239144 0.0 0.25
817 239444 0.0 0.25
818 239744 0.0 0.24
819 240044 0.0 0.24
820 240344 0.0 0.24
821 240644 0.0 0.23
822 240944 0.0 0.22
823 241244 0.0 0.22
824 241510 1.0 0.23
825 241810 0.0 0.22
826 242077 1.0 0.22
827 242327 1.0 0.23
828 242627 0.0 0.23
829 242853 1.0 0.24
830 243153 0.0 0.24
831 243453 0.0 0.24
832 243753 0.0 0.24
833 243978 1.0 0.24
834 244278 0.0 0.24
835 244578 0.0 0.23
836 244878 0.0 0.23
837 245178 0.0 0.23
838 245478 0.0 0.23
839 245778 0.0 0.23
840 246078 0.0 0.23
841 246378 0.0 0.23
842 246678 0.0 0.22
843 246864 1.0 0.23
844 247164 0.0 0.23
845 247442 1.0 0.23
846 247730 1.0 0.23
847 247927 1.0 0.24
848 248227 0.0 0.24
849 248360 1.0 0.25
850 248660 0.0 0.25
851 248960 0.0 0.24
852 249160 1.0 0.25
853 249460 0.0 0.24
854 249760 0.0 0.24
855 250060 0.0 0.24
856 250360 0.0 0.24
857 250477 1.0 0.25
858 250777 0.0 0.25
859 251077 0.0 0.24
860 251307 1.0 0.25
861 251607 0.0 0.25
862 251907 0.0 0.25
863 252207 0.0 0.25
864 252507 0.0 0.25
865 252730 1.0 0.25
866 253030 0.0 0.24
867 253242 1.0 0.25
868 253542 0.0 0.25
869 253842 0.0 0.25
870 254142 0.0 0.25
871 254442 0.0 0.24
872 254639 1.0 0.25
873 254939 0.0 0.25
874 255239 0.0 0.25
875 255444 1.0 0.26
876 255744 0.0 0.26
877 256044 0.0 0.26
878 256344 0.0 0.25
879 256644 0.0 0.25
880 256800 1.0 0.26
881 256981 1.0 0.27
882 257149 1.0 0.28
883 257449 0.0 0.28
884 257749 0.0 0.28
885 258049 0.0 0.28
886 258349 0.0 0.28
887 258649 0.0 0.28
888 258949 0.0 0.27
889 259204 1.0 0.28
890 259504 0.0 0.28
891 259804 0.0 0.28
892 260104 0.0 0.28
893 260404 0.0 0.28
894 260704 0.0 0.27
895 261004 0.0 0.26
896 261304 0.0 0.26
897 261604 0.0 0.26
898 261904 0.0 0.26
899 262204 0.0 0.26
900 262488 1.0 0.26
901 262788 0.0 0.26
902 263088 0.0 0.26
903 263388 0.0 0.26
904 263569 1.0 0.27
905 263738 1.0 0.27
906 264038 0.0 0.27
907 264338 0.0 0.27
908 264638 0.0 0.27
909 264938 0.0 0.26
910 265238 0.0 0.26
911 265538 0.0 0.25
912 265762 1.0 0.26
913 266062 0.0 0.26
914 266362 0.0 0.26
915 266662 0.0 0.25
916 266937 1.0 0.26
917 267237 0.0 0.26
918 267537 0.0 0.26
919 267738 1.0 0.27
920 268038 0.0 0.27
921 268280 1.0 0.28
922 268580 0.0 0.28
923 268880 0.0 0.28
924 269180 0.0 0.27
925 269480 0.0 0.27
926 269731 1.0 0.27
927 270031 0.0 0.26
928 270331 0.0 0.26
929 270566 1.0 0.26
930 270866 0.0 0.26
931 271119 1.0 0.27
932 271314 1.0 0.28
933 271614 0.0 0.27
934 271914 0.0 0.27
935 272214 0.0 0.27
936 272514 0.0 0.27
937 272814 0.0 0.27
938 273114 0.0 0.27
939 273414 0.0 0.27
940 273714 0.0 0.27
941 274014 0.0 0.27
942 274279 1.0 0.28
943 274579 0.0 0.27
944 274879 0.0 0.27
945 275179 0.0 0.26
946 275479 0.0 0.25
947 275779 0.0 0.24
948 276079 0.0 0.24
949 276273 1.0 0.24
950 276573 0.0 0.24
951 276873 0.0 0.24
952 277173 0.0 0.23
953 277473 0.0 0.23
954 277773 0.0 0.23
955 278073 1.0 0.24
956 278368 1.0 0.25
957 278618 1.0 0.25
958 278917 1.0 0.26
959 279178 1.0 0.27
960 279415 1.0 0.27
961 279715 0.0 0.27
962 280015 0.0 0.27
963 280315 0.0 0.27
964 280615 0.0 0.27
965 280915 0.0 0.26
966 281215 0.0 0.26
967 281312 1.0 0.26
968 281578 1.0 0.27
969 281878 0.0 0.27
970 282178 0.0 0.27
971 282338 1.0 0.28
972 282638 0.0 0.27
973 282938 0.0 0.27
974 283238 0.0 0.27
975 283538 0.0 0.26
976 283838 0.0 0.26
977 284138 0.0 0.26
978 284438 0.0 0.26
979 284738 0.0 0.26
980 284954 1.0 0.26
981 285254 0.0 0.25
982 285554 0.0 0.24
983 285819 1.0 0.25
984 286119 0.0 0.25
985 286265 1.0 0.26
986 286565 0.0 0.26
987 286865 0.0 0.26
988 287165 0.0 0.26
989 287465 0.0 0.25
990 287598 1.0 0.26
991 287898 0.0 0.26
992 288047 1.0 0.27
993 288285 1.0 0.28
994 288490 1.0 0.29
995 288790 0.0 0.29
996 288984 1.0 0.3
997 289284 0.0 0.3
998 289584 0.0 0.3
999 289884 0.0 0.3
1000 290184 0.0 0.29
1001 290375 1.0 0.3
1002 290675 0.0 0.3
1003 290975 0.0 0.3
1004 291275 0.0 0.29
1005 291575 0.0 0.28
1006 291842 1.0 0.29
1007 292136 1.0 0.3
1008 292436 0.0 0.3
1009 292736 0.0 0.3
1010 293020 1.0 0.31
1011 293320 0.0 0.31
1012 293576 1.0 0.31
1013 293876 0.0 0.31
1014 294176 0.0 0.31
1015 294329 1.0 0.32
1016 294516 1.0 0.32
1017 294816 0.0 0.32
1018 295116 0.0 0.32
1019 295416 0.0 0.31
1020 295555 1.0 0.32
1021 295822 1.0 0.32
1022 296122 0.0 0.32
1023 296422 0.0 0.32
1024 296722 0.0 0.32
1025 297022 0.0 0.32
1026 297322 0.0 0.31
1027 297622 0.0 0.31
1028 297922 0.0 0.31
1029 298158 1.0 0.31
1030 298384 1.0 0.32
1031 298684 0.0 0.31
1032 298770 1.0 0.31
1033 299070 0.0 0.31
1034 299370 0.0 0.31
1035 299656 1.0 0.32
1036 299818 1.0 0.33
1037 300118 0.0 0.33
1038 300418 0.0 0.33
1039 300718 0.0 0.33
1040 301002 1.0 0.34
1041 301302 0.0 0.34
1042 301565 1.0 0.34
1043 301865 0.0 0.34
1044 302165 0.0 0.34
1045 302465 0.0 0.34
1046 302765 0.0 0.34
1047 303065 0.0 0.34
1048 303242 1.0 0.35
1049 303506 1.0 0.35
1050 303806 0.0 0.35
1051 304053 1.0 0.36
1052 304353 0.0 0.36
1053 304653 0.0 0.36
1054 304939 1.0 0.37
1055 305239 0.0 0.36
1056 305539 0.0 0.35
1057 305839 0.0 0.34
1058 305979 1.0 0.34
1059 306279 0.0 0.33
1060 306507 1.0 0.33
1061 306807 0.0 0.33
1062 307036 1.0 0.34
1063 307213 1.0 0.35
1064 307513 0.0 0.35
1065 307813 0.0 0.35
1066 308113 0.0 0.35
1067 308413 0.0 0.34
1068 308603 1.0 0.34
1069 308819 1.0 0.35
1070 309119 0.0 0.35
1071 309419 0.0 0.34
1072 309708 1.0 0.35
1073 310008 0.0 0.35
1074 310308 0.0 0.35
1075 310608 0.0 0.35
1076 310777 1.0 0.36
1077 311077 0.0 0.36
1078 311375 1.0 0.37
1079 311666 1.0 0.38
1080 311966 0.0 0.37
1081 312266 0.0 0.37
1082 312566 0.0 0.37
1083 312811 1.0 0.37
1084 313111 0.0 0.37
1085 313411 0.0 0.36
1086 313711 0.0 0.36
1087 314011 0.0 0.36
1088 314311 0.0 0.36
1089 314611 0.0 0.36
1090 314851 1.0 0.36
1091 315005 1.0 0.37
1092 315305 0.0 0.36
1093 315605 0.0 0.35
1094 315905 0.0 0.34
1095 316132 1.0 0.35
1096 316432 0.0 0.34
1097 316732 0.0 0.34
1098 317032 0.0 0.34
1099 317332 0.0 0.34
1100 317568 1.0 0.35
1101 317868 0.0 0.34
1102 318028 1.0 0.35
1103 318314 1.0 0.36
1104 318586 1.0 0.37
1105 318886 0.0 0.37
1106 319186 0.0 0.36
1107 319475 1.0 0.36
1108 319637 1.0 0.37
1109 319937 0.0 0.37
1110 320237 0.0 0.36
1111 320537 0.0 0.36
1112 320837 0.0 0.35
1113 321008 1.0 0.36
1114 321208 1.0 0.37
1115 321508 0.0 0.36
1116 321808 0.0 0.35
1117 322108 0.0 0.35
1118 322361 1.0 0.36
1119 322661 0.0 0.36
1120 322961 0.0 0.35
1121 323261 0.0 0.34
1122 323561 0.0 0.34
1123 323861 0.0 0.34
1124 324102 1.0 0.35
1125 324402 0.0 0.35
1126 324655 1.0 0.36
1127 324955 0.0 0.36
1128 325066 1.0 0.37
1129 325366 0.0 0.36
1130 325587 1.0 0.36
1131 325887 0.0 0.36
1132 326187 0.0 0.35
1133 326381 1.0 0.36
1134 326681 0.0 0.36
1135 326877 1.0 0.36
1136 327177 0.0 0.35
1137 327477 0.0 0.35
1138 327777 0.0 0.35
1139 328077 0.0 0.35
1140 328343 1.0 0.35
1141 328520 1.0 0.36
1142 328820 0.0 0.35
1143 329120 0.0 0.35
1144 329420 0.0 0.35
1145 329720 0.0 0.35
1146 329875 1.0 0.36
1147 330047 1.0 0.37
1148 330347 0.0 0.36
1149 330647 0.0 0.35
1150 330939 1.0 0.36
1151 331239 0.0 0.35
1152 331539 0.0 0.35
1153 331839 0.0 0.35
1154 332139 0.0 0.34
1155 332439 0.0 0.34
1156 332739 0.0 0.34
1157 333039 0.0 0.34
1158 333317 1.0 0.34
1159 333617 0.0 0.34
1160 333774 1.0 0.34
1161 333941 1.0 0.35
1162 334241 0.0 0.34
1163 334541 0.0 0.33
1164 334841 0.0 0.33
1165 335141 0.0 0.33
1166 335441 0.0 0.33
1167 335741 0.0 0.33
1168 336041 0.0 0.32
1169 336341 0.0 0.31
1170 336641 0.0 0.31
1171 336941 0.0 0.31
1172 337177 1.0 0.31
1173 337458 1.0 0.32
1174 337758 0.0 0.32
1175 338058 0.0 0.32
1176 338358 0.0 0.31
1177 338530 1.0 0.32
1178 338740 1.0 0.32
1179 338969 1.0 0.32
1180 339269 0.0 0.32
1181 339569 0.0 0.32
1182 339869 0.0 0.32
1183 340148 1.0 0.32
1184 340448 0.0 0.32
1185 340748 0.0 0.32
1186 341039 1.0 0.33
1187 341339 0.0 0.33
1188 341639 0.0 0.33
1189 341894 1.0 0.34
1190 342031 1.0 0.34
1191 342137 1.0 0.34
1192 342437 0.0 0.34
1193 342737 0.0 0.34
1194 342972 1.0 0.35
1195 343272 0.0 0.34
1196 343572 0.0 0.34
1197 343790 1.0 0.35
1198 344090 0.0 0.35
1199 344357 1.0 0.36
1200 344657 0.0 0.35
1201 344957 0.0 0.35
1202 345257 0.0 0.34
1203 345391 1.0 0.34
1204 345691 0.0 0.33
1205 345991 0.0 0.33
1206 346266 1.0 0.34
1207 346566 0.0 0.33
1208 346866 0.0 0.32
1209 347108 1.0 0.33
1210 347408 0.0 0.33
1211 347708 0.0 0.33
1212 347972 1.0 0.34
1213 348254 1.0 0.34
1214 348425 1.0 0.34
1215 348725 0.0 0.34
1216 349025 0.0 0.34
1217 349245 1.0 0.35
1218 349545 0.0 0.34
1219 349845 0.0 0.34
1220 350145 0.0 0.34
1221 350445 0.0 0.34
1222 350745 0.0 0.34
1223 351045 0.0 0.34
1224 351345 0.0 0.33
1225 351645 0.0 0.33
1226 351941 1.0 0.33
1227 352241 0.0 0.33
1228 352541 0.0 0.32
1229 352841 0.0 0.32
1230 352991 1.0 0.32
1231 353226 1.0 0.33
1232 353526 0.0 0.33
1233 353826 0.0 0.32
1234 354126 0.0 0.32
1235 354426 0.0 0.31
1236 354726 0.0 0.31
1237 354967 1.0 0.32
1238 355267 0.0 0.32
1239 355567 0.0 0.32
1240 355867 0.0 0.31
1241 356137 1.0 0.31
1242 356437 0.0 0.31
1243 356737 0.0 0.31
1244 357037 0.0 0.31
1245 357136 1.0 0.32
1246 357436 0.0 0.31
1247 357736 0.0 0.3
1248 358036 0.0 0.3
1249 358336 0.0 0.3
1250 358605 1.0 0.3
1251 358865 1.0 0.31
1252 359165 0.0 0.31
1253 359465 0.0 0.31
1254 359726 1.0 0.32
1255 360026 0.0 0.32
1256 360326 0.0 0.32
1257 360509 1.0 0.33
1258 360809 0.0 0.32
1259 360996 1.0 0.33
1260 361296 0.0 0.32
1261 361521 1.0 0.32
1262 361821 0.0 0.32
1263 362075 1.0 0.33
1264 362375 0.0 0.33
1265 362675 0.0 0.33
1266 362975 0.0 0.33
1267 363275 0.0 0.33
1268 363575 0.0 0.33
1269 363875 0.0 0.33
1270 364175 0.0 0.33
1271 364430 1.0 0.34
1272 364568 1.0 0.34
1273 364794 1.0 0.34
1274 365094 0.0 0.34
1275 365394 0.0 0.34
1276 365694 0.0 0.34
1277 365862 1.0 0.34
1278 366046 1.0 0.34
1279 366161 1.0 0.34
1280 366453 1.0 0.35
1281 366753 0.0 0.35
1282 367053 0.0 0.35
1283 367353 0.0 0.34
1284 367597 1.0 0.35
1285 367859 1.0 0.36
1286 368159 0.0 0.35
1287 368270 1.0 0.36
1288 368570 0.0 0.36
1289 368870 0.0 0.35
1290 369170 0.0 0.34
1291 369455 1.0 0.34
1292 369755 0.0 0.34
1293 370055 0.0 0.34
1294 370355 0.0 0.33
1295 370655 0.0 0.33
1296 370955 0.0 0.33
1297 371255 0.0 0.32
1298 371332 1.0 0.33
1299 371632 0.0 0.32
1300 371932 0.0 0.32
1301 372232 0.0 0.32
1302 372532 0.0 0.32
1303 372832 0.0 0.31
1304 373132 0.0 0.31
1305 373432 0.0 0.31
1306 373732 0.0 0.3
1307 373850 1.0 0.31
1308 374031 1.0 0.32
1309 374260 1.0 0.32
1310 374560 0.0 0.32
1311 374717 1.0 0.33
1312 375017 0.0 0.32
1313 375317 0.0 0.31
1314 375617 0.0 0.3
1315 375917 0.0 0.3
1316 376217 0.0 0.3
1317 376462 1.0 0.3
1318 376593 1.0 0.31
1319 376798 1.0 0.32
1320 376955 1.0 0.33
1321 377207 1.0 0.34
1322 377507 0.0 0.34
1323 377600 1.0 0.35
1324 377900 0.0 0.35
1325 378200 0.0 0.35
1326 378429 1.0 0.35
1327 378686 1.0 0.36
1328 378986 0.0 0.36
1329 379228 1.0 0.37
1330 379415 1.0 0.37
1331 379715 0.0 0.36
1332 380015 0.0 0.36
1333 380124 1.0 0.37
1334 380424 0.0 0.37
1335 380724 0.0 0.37
1336 380920 1.0 0.38
1337 381220 0.0 0.37
1338 381520 0.0 0.37
1339 381764 1.0 0.38
1340 382064 0.0 0.38
1341 382196 1.0 0.38
1342 382469 1.0 0.39
1343 382694 1.0 0.4
1344 382950 1.0 0.41
1345 383250 0.0 0.4
1346 383514 1.0 0.41
1347 383702 1.0 0.42
1348 383828 1.0 0.43
1349 384079 1.0 0.44
1350 384379 0.0 0.43
1351 384631 1.0 0.43
1352 384931 0.0 0.43
1353 385123 1.0 0.44
1354 385423 0.0 0.43
1355 385708 1.0 0.44
1356 386008 0.0 0.44
1357 386308 0.0 0.43
1358 386454 1.0 0.44
1359 386754 0.0 0.43
1360 387054 0.0 0.43
1361 387226 1.0 0.43
1362 387519 1.0 0.44
1363 387677 1.0 0.44
1364 387899 1.0 0.45
1365 388052 1.0 0.46
1366 388179 1.0 0.47
1367 388479 0.0 0.47
1368 388700 1.0 0.48
1369 388812 1.0 0.49
1370 388951 1.0 0.5
1371 389251 0.0 0.49
1372 389421 1.0 0.49
1373 389627 1.0 0.49
1374 389825 1.0 0.5
1375 390125 0.0 0.5
1376 390246 1.0 0.51
1377 390546 0.0 0.5
1378 390846 0.0 0.49
1379 391146 0.0 0.48
1380 391293 1.0 0.48
1381 391456 1.0 0.49
1382 391543 1.0 0.5
1383 391843 0.0 0.5
1384 392143 0.0 0.49
1385 392390 1.0 0.49
1386 392662 1.0 0.5
1387 392860 1.0 0.5
1388 393012 1.0 0.51
1389 393312 0.0 0.51
1390 393570 1.0 0.52
1391 393870 0.0 0.51
1392 394084 1.0 0.52
1393 394193 1.0 0.53
1394 394473 1.0 0.54
1395 394773 0.0 0.54
1396 395012 1.0 0.55
1397 395220 1.0 0.56
1398 395427 1.0 0.56
1399 395727 0.0 0.56
1400 396007 1.0 0.57
1401 396178 1.0 0.58
1402 396409 1.0 0.59
1403 396709 0.0 0.59
1404 397009 0.0 0.59
1405 397207 1.0 0.6
1406 397507 0.0 0.6
1407 397807 0.0 0.59
1408 398058 1.0 0.59
1409 398358 0.0 0.58
1410 398658 0.0 0.58
1411 398852 1.0 0.58
1412 399050 1.0 0.59
1413 399350 0.0 0.59
1414 399650 0.0 0.59
1415 399950 0.0 0.59
1416 400250 0.0 0.59
