1 300 0.7200000000000001
2 600 0.7400000000000001
3 900 0.74
4 1200 0.76
5 1500 0.7600000000000001
6 1800 0.78
7 2100 0.77
8 2400 0.79
9 2700 0.79
10 2993 0.81
11 3293 0.81
12 3526 0.8200000000000001
13 3826 0.8
14 4126 0.8200000000000001
15 4426 0.81
16 4726 0.8300000000000001
17 5026 0.8500000000000001
18 5326 0.8600000000000001
19 5626 0.8600000000000001
20 5926 0.8600000000000001
21 6226 0.8800000000000001
22 6526 0.9000000000000001
23 6826 0.9200000000000002
24 7093 0.9400000000000002
25 7393 0.9400000000000002
26 7693 0.9400000000000001
27 7909 0.96
28 8209 0.9400000000000001
29 8509 0.9400000000000001
30 8809 0.96
31 9109 0.96
32 9409 0.97
33 9709 0.97
34 9854 0.99
35 10154 0.97
36 10454 0.98
37 10662 1.0
38 10962 0.98
39 11253 0.97
40 11529 0.95
41 11829 0.9400000000000001
42 12129 0.9600000000000001
43 12429 0.96
44 12729 0.96
45 13029 0.98
46 13329 1.0
47 13629 1.02
48 13929 1.04
49 14229 1.06
50 14529 1.08
51 14771 1.08
52 15071 1.08
53 15371 1.1
54 15671 1.12
55 15971 1.1400000000000001
56 16271 1.1300000000000001
57 16520 1.1300000000000001
58 16820 1.11
59 17119 1.12
60 17419 1.12
61 17719 1.1300000000000001
62 17906 1.1500000000000001
63 18063 1.1500000000000001
64 18334 1.1300000000000001
65 18523 1.11
66 18729 1.09
67 18961 1.09
68 19097 1.09
69 19397 1.07
70 19697 1.09
71 19997 1.09
72 20297 1.1
73 20435 1.12
74 20735 1.12
75 21035 1.12
76 21335 1.1400000000000001
77 21635 1.1600000000000001
78 21791 1.1800000000000002
79 21965 1.1800000000000002
80 22265 1.1800000000000002
81 22565 1.2000000000000002
82 22735 1.2200000000000002
83 23035 1.2000000000000002
84 23335 1.2000000000000002
85 23635 1.2100000000000002
86 23865 1.2300000000000002
87 24165 1.2100000000000002
88 24383 1.2100000000000002
89 24683 1.21
90 24982 1.23
91 25097 1.23
92 25235 1.2300000000000002
93 25535 1.2300000000000002
94 25818 1.25
95 26118 1.25
96 26267 1.27
97 26395 1.27
98 26521 1.27
99 26821 1.27
100 26951 1.27
101 27139 1.25
102 27439 1.25
103 27572 1.27
104 27872 1.2700000000000002
105 28128 1.2900000000000003
106 28428 1.29
107 28649 1.31
108 28949 1.29
109 29189 1.29
110 29301 1.29
111 29431 1.29
112 29731 1.2900000000000003
113 29867 1.3100000000000003
114 30167 1.31
115 30372 1.33
116 30625 1.33
117 30925 1.33
118 31225 1.34
119 31525 1.3500000000000003
120 31765 1.3700000000000003
121 31982 1.3700000000000003
122 32191 1.37
123 32473 1.37
124 32596 1.37
125 32896 1.37
126 33113 1.3900000000000001
127 33413 1.3900000000000001
128 33713 1.4100000000000001
129 33859 1.4300000000000002
130 34159 1.4300000000000002
131 34459 1.4300000000000002
132 34759 1.44
133 34878 1.46
134 35178 1.46
135 35258 1.48
136 35360 1.48
137 35660 1.46
138 35960 1.48
139 36260 1.5
140 36560 1.52
141 36710 1.5300000000000002
142 37010 1.5300000000000002
143 37310 1.55
144 37449 1.55
145 37687 1.5300000000000002
146 37796 1.5300000000000002
147 38040 1.5300000000000002
148 38244 1.5300000000000002
149 38415 1.5100000000000002
150 38715 1.5100000000000002
151 38843 1.53
152 39034 1.53
153 39137 1.5300000000000002
154 39258 1.5100000000000002
155 39558 1.5100000000000002
156 39858 1.5300000000000002
157 40158 1.5500000000000003
158 40267 1.5500000000000003
159 40500 1.55
160 40778 1.55
161 40917 1.55
162 41140 1.55
163 41440 1.5300000000000002
164 41740 1.5500000000000003
165 42040 1.5700000000000003
166 42189 1.5900000000000003
167 42482 1.59
168 42782 1.59
169 42917 1.61
170 43217 1.59
171 43517 1.5900000000000003
172 43637 1.6
173 43931 1.58
174 44231 1.58
175 44334 1.6
176 44445 1.59
177 44596 1.59
178 44800 1.59
179 45060 1.59
180 45278 1.5900000000000003
181 45461 1.57
182 45761 1.57
183 46061 1.59
184 46361 1.61
185 46498 1.62
186 46798 1.62
187 47098 1.6400000000000001
188 47281 1.6400000000000001
189 47415 1.6400000000000001
190 47509 1.6400000000000001
191 47628 1.6300000000000001
192 47763 1.61
193 47900 1.59
194 48025 1.59
195 48198 1.59
196 48323 1.59
197 48467 1.59
198 48741 1.58
199 49041 1.58
200 49341 1.6
201 49491 1.62
202 49613 1.62
203 49698 1.62
204 49811 1.6
205 49973 1.6
206 50211 1.6
207 50511 1.6
208 50811 1.61
209 50916 1.6300000000000001
210 51021 1.61
211 51103 1.59
212 51248 1.59
213 51359 1.59
214 51546 1.59
215 51690 1.59
216 51834 1.59
217 52006 1.59
218 52306 1.59
219 52536 1.58
220 52804 1.58
221 53055 1.56
222 53178 1.56
223 53365 1.56
224 53491 1.56
225 53694 1.56
226 53895 1.56
227 54126 1.56
228 54262 1.56
229 54529 1.56
230 54829 1.56
231 54968 1.58
232 55187 1.58
233 55315 1.58
234 55539 1.58
235 55769 1.58
236 56069 1.58
237 56319 1.6
238 56539 1.58
239 56733 1.58
240 56936 1.58
241 57190 1.58
242 57359 1.58
243 57659 1.58
244 57959 1.6
245 58047 1.6
246 58220 1.6
247 58416 1.58
248 58716 1.58
249 58878 1.6
250 58987 1.6
251 59189 1.6
252 59387 1.6
253 59687 1.6
254 59885 1.62
255 60028 1.62
256 60267 1.62
257 60567 1.62
258 60706 1.6400000000000001
259 60994 1.6400000000000001
260 61194 1.6400000000000001
261 61355 1.6400000000000001
262 61655 1.6400000000000001
263 61941 1.6600000000000001
264 62046 1.6600000000000001
265 62139 1.6600000000000001
266 62309 1.6600000000000001
267 62569 1.6600000000000001
268 62811 1.6600000000000001
269 63111 1.6600000000000001
270 63411 1.6800000000000002
271 63560 1.7000000000000002
272 63860 1.7000000000000002
273 63957 1.7200000000000002
274 64222 1.7200000000000002
275 64522 1.7200000000000002
276 64754 1.7300000000000002
277 64895 1.7300000000000002
278 65047 1.7300000000000002
279 65202 1.7300000000000002
280 65502 1.7300000000000002
281 65778 1.7500000000000002
282 65881 1.7500000000000002
283 66058 1.7500000000000002
284 66196 1.7500000000000002
285 66440 1.7500000000000002
286 66722 1.7500000000000002
287 67022 1.7500000000000002
288 67253 1.7700000000000002
289 67390 1.7700000000000002
290 67690 1.7700000000000002
291 67990 1.7800000000000002
292 68290 1.8000000000000003
293 68401 1.8000000000000003
294 68560 1.8000000000000003
295 68690 1.8000000000000003
296 68767 1.8000000000000003
297 69067 1.8000000000000003
298 69286 1.8100000000000003
299 69583 1.8100000000000003
300 69776 1.8100000000000003
301 69983 1.8100000000000003
302 70257 1.8100000000000003
303 70557 1.8100000000000003
304 70742 1.8300000000000003
305 71016 1.8300000000000003
306 71218 1.8300000000000003
307 71518 1.8300000000000003
308 71770 1.8400000000000003
309 72070 1.8400000000000003
310 72370 1.8600000000000003
311 72532 1.8800000000000003
312 72809 1.8800000000000003
313 72897 1.8800000000000003
314 73022 1.8600000000000003
315 73210 1.8600000000000003
316 73493 1.8400000000000003
317 73607 1.8400000000000003
318 73907 1.8400000000000003
319 73990 1.8400000000000003
320 74290 1.8400000000000003
321 74452 1.8600000000000003
322 74702 1.8400000000000003
323 74803 1.8400000000000003
324 74913 1.8400000000000003
325 75002 1.8400000000000003
326 75099 1.8400000000000003
327 75386 1.8200000000000003
328 75504 1.8200000000000003
329 75645 1.8200000000000003
330 75828 1.8200000000000003
331 76008 1.8200000000000003
332 76140 1.8200000000000003
333 76300 1.8100000000000003
334 76487 1.8100000000000003
335 76600 1.7900000000000003
336 76804 1.7900000000000003
337 77104 1.7900000000000003
338 77285 1.8100000000000003
339 77460 1.8100000000000003
340 77685 1.8100000000000003
341 77811 1.8100000000000003
342 77927 1.8100000000000003
343 78119 1.8100000000000003
344 78419 1.7900000000000003
345 78582 1.8100000000000003
346 78882 1.8100000000000003
347 79047 1.8300000000000003
348 79150 1.8100000000000003
349 79284 1.7900000000000003
350 79446 1.7900000000000003
351 79636 1.7900000000000003
352 79821 1.7900000000000003
353 79945 1.7900000000000003
354 80064 1.7900000000000003
355 80164 1.7900000000000003
356 80391 1.7900000000000003
357 80593 1.7900000000000003
358 80803 1.7800000000000002
359 80989 1.7800000000000002
360 81150 1.7800000000000002
361 81331 1.7800000000000002
362 81430 1.7800000000000002
363 81650 1.7800000000000002
364 81843 1.7800000000000002
365 81950 1.7800000000000002
366 82048 1.7600000000000002
367 82295 1.7600000000000002
368 82447 1.7600000000000002
369 82561 1.7400000000000002
370 82689 1.7400000000000002
371 82957 1.7400000000000002
372 83044 1.7400000000000002
373 83260 1.7400000000000002
374 83459 1.7400000000000002
375 83572 1.7400000000000002
376 83747 1.7400000000000002
377 83944 1.7400000000000002
378 84054 1.7400000000000002
379 84179 1.7400000000000002
380 84306 1.7200000000000002
381 84396 1.7000000000000002
382 84495 1.6800000000000002
383 84657 1.6800000000000002
384 84810 1.6800000000000002
385 84918 1.6800000000000002
386 85048 1.6800000000000002
387 85227 1.6600000000000001
388 85358 1.6600000000000001
389 85450 1.6600000000000001
390 85540 1.6600000000000001
391 85657 1.6600000000000001
392 85957 1.6600000000000001
393 86088 1.6800000000000002
394 86215 1.6800000000000002
395 86491 1.6800000000000002
396 86617 1.6800000000000002
397 86738 1.6800000000000002
398 86852 1.6800000000000002
399 86984 1.6800000000000002
400 87125 1.6800000000000002
401 87260 1.6800000000000002
402 87411 1.6800000000000002
403 87563 1.6800000000000002
404 87643 1.6800000000000002
405 87716 1.6800000000000002
406 87826 1.6600000000000001
407 87924 1.6600000000000001
408 88096 1.6400000000000001
409 88389 1.6400000000000001
410 88475 1.6400000000000001
411 88651 1.6400000000000001
412 88776 1.6400000000000001
413 89076 1.6400000000000001
414 89269 1.6600000000000001
415 89569 1.6600000000000001
416 89696 1.6800000000000002
417 89803 1.6800000000000002
418 90103 1.6800000000000002
419 90210 1.7000000000000002
420 90332 1.7000000000000002
421 90632 1.7000000000000002
422 90797 1.7200000000000002
423 90889 1.7200000000000002
424 91114 1.7200000000000002
425 91298 1.7200000000000002
426 91598 1.7100000000000002
427 91778 1.7300000000000002
428 92028 1.7300000000000002
429 92133 1.7300000000000002
430 92244 1.7100000000000002
431 92359 1.7100000000000002
432 92659 1.7100000000000002
433 92746 1.7200000000000002
434 93046 1.7200000000000002
435 93282 1.7400000000000002
436 93386 1.7400000000000002
437 93525 1.7200000000000002
438 93663 1.7000000000000002
439 93783 1.7000000000000002
440 93946 1.7000000000000002
441 94118 1.7000000000000002
442 94397 1.6800000000000002
443 94697 1.6800000000000002
444 94878 1.7000000000000002
445 95103 1.7000000000000002
446 95226 1.7000000000000002
447 95526 1.7000000000000002
448 95826 1.7200000000000002
449 96100 1.7400000000000002
450 96259 1.7400000000000002
451 96429 1.7400000000000002
452 96546 1.7300000000000002
453 96635 1.7300000000000002
454 96885 1.7300000000000002
455 97024 1.7300000000000002
456 97283 1.7300000000000002
457 97583 1.7300000000000002
458 97839 1.7400000000000002
459 98100 1.7400000000000002
460 98250 1.7400000000000002
461 98357 1.7400000000000002
462 98487 1.7400000000000002
463 98576 1.7400000000000002
464 98774 1.7400000000000002
465 99074 1.7400000000000002
466 99250 1.7400000000000002
467 99346 1.7400000000000002
468 99646 1.7400000000000002
469 99822 1.7600000000000002
470 100016 1.7600000000000002
471 100173 1.7400000000000002
472 100321 1.7200000000000002
473 100409 1.7000000000000002
474 100616 1.7000000000000002
475 100886 1.7000000000000002
476 101096 1.7000000000000002
477 101320 1.7000000000000002
478 101482 1.7000000000000002
479 101782 1.7000000000000002
480 102082 1.7200000000000002
481 102382 1.7400000000000002
482 102570 1.7600000000000002
483 102735 1.7600000000000002
484 102891 1.7600000000000002
485 103097 1.7600000000000002
486 103397 1.7600000000000002
487 103677 1.7800000000000002
488 103838 1.7800000000000002
489 104116 1.7800000000000002
490 104336 1.7800000000000002
491 104398 1.7800000000000002
492 104514 1.7600000000000002
493 104630 1.7600000000000002
494 104810 1.7600000000000002
495 104942 1.7600000000000002
496 105116 1.7600000000000002
497 105215 1.7600000000000002
498 105364 1.7500000000000002
499 105532 1.7500000000000002
500 105716 1.7500000000000002
501 105929 1.7500000000000002
502 106010 1.7500000000000002
503 106219 1.7500000000000002
504 106381 1.7500000000000002
505 106681 1.7500000000000002
506 106774 1.7600000000000002
507 107074 1.7600000000000002
508 107176 1.7800000000000002
509 107401 1.7800000000000002
510 107664 1.7800000000000002
511 107752 1.7800000000000002
512 107877 1.7800000000000002
513 108088 1.7800000000000002
514 108262 1.7800000000000002
515 108386 1.7800000000000002
516 108568 1.7800000000000002
517 108701 1.7600000000000002
518 108793 1.7600000000000002
519 108907 1.7400000000000002
520 109081 1.7400000000000002
521 109212 1.7400000000000002
522 109436 1.7400000000000002
523 109629 1.7400000000000002
524 109714 1.7400000000000002
525 110014 1.7400000000000002
526 110139 1.7500000000000002
527 110343 1.7500000000000002
528 110555 1.7500000000000002
529 110855 1.7500000000000002
530 111041 1.7700000000000002
531 111179 1.7700000000000002
532 111312 1.7500000000000002
533 111463 1.7500000000000002
534 111552 1.7500000000000002
535 111695 1.7500000000000002
536 111995 1.7500000000000002
537 112295 1.7500000000000002
538 112503 1.7700000000000002
539 112574 1.7700000000000002
540 112746 1.7700000000000002
541 113046 1.7700000000000002
542 113308 1.7700000000000002
543 113506 1.7700000000000002
544 113614 1.7700000000000002
545 113776 1.7700000000000002
546 113898 1.7500000000000002
547 114071 1.7500000000000002
548 114294 1.7500000000000002
549 114469 1.7500000000000002
550 114654 1.7500000000000002
551 114954 1.7500000000000002
552 115140 1.7600000000000002
553 115219 1.7500000000000002
554 115344 1.7500000000000002
555 115533 1.7500000000000002
556 115679 1.7300000000000002
557 115798 1.7300000000000002
558 116037 1.7300000000000002
559 116154 1.7300000000000002
560 116305 1.7300000000000002
561 116547 1.7300000000000002
562 116636 1.7300000000000002
563 116747 1.7300000000000002
564 116883 1.7100000000000002
565 117183 1.7100000000000002
566 117330 1.7300000000000002
567 117457 1.7300000000000002
568 117741 1.7300000000000002
569 117874 1.7300000000000002
570 118174 1.7300000000000002
571 118474 1.7400000000000002
572 118774 1.7600000000000002
573 118944 1.7800000000000002
574 119017 1.7600000000000002
575 119127 1.7600000000000002
576 119259 1.7600000000000002
577 119524 1.7600000000000002
578 119643 1.7600000000000002
579 119875 1.7600000000000002
580 120104 1.7600000000000002
581 120370 1.7600000000000002
582 120565 1.7600000000000002
583 120737 1.7600000000000002
584 120887 1.7400000000000002
585 121015 1.7400000000000002
586 121123 1.7400000000000002
587 121236 1.7400000000000002
588 121382 1.7400000000000002
589 121475 1.7400000000000002
590 121590 1.7400000000000002
591 121890 1.7400000000000002
592 122020 1.7600000000000002
593 122264 1.7600000000000002
594 122357 1.7600000000000002
595 122577 1.7600000000000002
596 122842 1.7600000000000002
597 123142 1.7600000000000002
598 123308 1.7700000000000002
599 123597 1.7700000000000002
600 123874 1.7500000000000002
601 123981 1.7500000000000002
602 124107 1.7500000000000002
603 124216 1.7500000000000002
604 124302 1.7500000000000002
605 124602 1.7300000000000002
606 124824 1.7400000000000002
607 124935 1.7400000000000002
608 125083 1.7200000000000002
609 125348 1.7200000000000002
610 125517 1.7200000000000002
611 125676 1.7200000000000002
612 125809 1.7200000000000002
613 125907 1.7200000000000002
614 126090 1.7200000000000002
615 126191 1.7200000000000002
616 126491 1.7200000000000002
617 126727 1.7200000000000002
618 127027 1.7200000000000002
619 127278 1.7400000000000002
620 127400 1.7400000000000002
621 127638 1.7400000000000002
622 127732 1.7400000000000002
623 127824 1.7400000000000002
624 127925 1.7200000000000002
625 128027 1.7000000000000002
626 128161 1.7000000000000002
627 128287 1.7000000000000002
628 128392 1.7000000000000002
629 128533 1.6900000000000002
630 128659 1.6900000000000002
631 128959 1.6900000000000002
632 129137 1.7100000000000002
633 129220 1.7100000000000002
634 129392 1.7100000000000002
635 129477 1.6900000000000002
636 129777 1.6900000000000002
637 129862 1.7100000000000002
638 129950 1.7100000000000002
639 130036 1.7100000000000002
640 130245 1.7100000000000002
641 130545 1.6900000000000002
642 130650 1.7100000000000002
643 130892 1.7100000000000002
644 131015 1.7100000000000002
645 131315 1.7100000000000002
646 131405 1.7300000000000002
647 131566 1.7300000000000002
648 131680 1.7300000000000002
649 131843 1.7300000000000002
650 131946 1.7100000000000002
651 132091 1.7100000000000002
652 132391 1.7100000000000002
653 132598 1.7200000000000002
654 132690 1.7200000000000002
655 132990 1.7200000000000002
656 133161 1.7400000000000002
657 133304 1.7400000000000002
658 133439 1.7400000000000002
659 133542 1.7400000000000002
660 133665 1.7400000000000002
661 133770 1.7200000000000002
662 133895 1.7200000000000002
663 134195 1.7200000000000002
664 134327 1.7400000000000002
665 134526 1.7200000000000002
666 134615 1.7200000000000002
667 134720 1.7000000000000002
668 134816 1.7000000000000002
669 134877 1.6800000000000002
670 135177 1.6600000000000001
671 135325 1.6700000000000002
672 135459 1.6700000000000002
673 135759 1.6700000000000002
674 135899 1.6900000000000002
675 136029 1.6900000000000002
676 136160 1.6900000000000002
677 136408 1.6900000000000002
678 136548 1.6900000000000002
679 136632 1.6700000000000002
680 136766 1.6500000000000001
681 136861 1.6500000000000001
682 136964 1.6500000000000001
683 137264 1.6300000000000001
684 137418 1.6500000000000001
685 137583 1.6300000000000001
686 137797 1.6300000000000001
687 138034 1.6300000000000001
688 138256 1.6300000000000001
689 138411 1.6300000000000001
690 138484 1.61
691 138622 1.61
692 138728 1.61
693 138928 1.61
694 139025 1.61
695 139315 1.61
696 139500 1.61
697 139597 1.61
698 139694 1.61
699 139994 1.61
700 140254 1.6300000000000001
701 140370 1.61
702 140464 1.61
703 140626 1.61
704 140926 1.61
705 141056 1.6300000000000001
706 141130 1.6300000000000001
707 141430 1.6300000000000001
708 141609 1.6500000000000001
709 141680 1.6500000000000001
710 141893 1.6500000000000001
711 141998 1.6300000000000001
712 142092 1.6300000000000001
713 142169 1.6300000000000001
714 142300 1.6300000000000001
715 142370 1.6300000000000001
716 142670 1.6300000000000001
717 142747 1.6500000000000001
718 142857 1.6500000000000001
719 143085 1.6500000000000001
720 143235 1.6500000000000001
721 143462 1.6500000000000001
722 143596 1.6500000000000001
723 143896 1.6500000000000001
724 144196 1.6700000000000002
725 144333 1.6900000000000002
726 144466 1.6900000000000002
727 144605 1.6900000000000002
728 144905 1.6800000000000002
729 145061 1.6900000000000002
730 145152 1.6700000000000002
731 145221 1.6700000000000002
732 145351 1.6700000000000002
733 145448 1.6700000000000002
734 145748 1.6600000000000001
735 145964 1.6800000000000002
736 146060 1.6800000000000002
737 146144 1.6800000000000002
738 146300 1.6800000000000002
739 146434 1.6600000000000001
740 146734 1.6400000000000001
741 146847 1.6600000000000001
742 146940 1.6600000000000001
743 147033 1.6600000000000001
744 147103 1.6600000000000001
745 147187 1.6600000000000001
746 147270 1.6600000000000001
747 147466 1.6400000000000001
748 147576 1.6400000000000001
749 147876 1.6400000000000001
750 147972 1.6600000000000001
751 148093 1.6600000000000001
752 148199 1.6600000000000001
753 148374 1.6600000000000001
754 148483 1.6600000000000001
755 148599 1.6600000000000001
756 148686 1.6600000000000001
757 148752 1.6600000000000001
758 149036 1.6600000000000001
759 149252 1.6600000000000001
760 149552 1.6600000000000001
761 149753 1.6800000000000002
762 149921 1.6800000000000002
763 150066 1.6800000000000002
764 150366 1.6800000000000002
765 150484 1.7000000000000002
766 150784 1.7000000000000002
767 150922 1.7200000000000002
768 151222 1.7200000000000002
769 151522 1.7400000000000002
770 151772 1.7600000000000002
771 151911 1.7600000000000002
772 152046 1.7600000000000002
773 152275 1.7600000000000002
774 152352 1.7400000000000002
775 152609 1.7400000000000002
776 152752 1.7400000000000002
777 152835 1.7400000000000002
778 153135 1.7400000000000002
779 153435 1.7600000000000002
780 153583 1.7800000000000002
781 153725 1.7800000000000002
782 154025 1.7800000000000002
783 154164 1.8000000000000003
784 154464 1.8000000000000003
785 154548 1.8200000000000003
786 154699 1.8200000000000003
787 154804 1.8200000000000003
788 154897 1.8200000000000003
789 155197 1.8200000000000003
790 155291 1.8200000000000003
791 155517 1.8200000000000003
792 155646 1.8000000000000003
793 155770 1.8000000000000003
794 155842 1.8000000000000003
795 155944 1.7800000000000002
796 156087 1.7600000000000002
797 156240 1.7600000000000002
798 156324 1.7600000000000002
799 156396 1.7600000000000002
800 156696 1.7600000000000002
801 156877 1.7800000000000002
802 157051 1.7800000000000002
803 157223 1.7800000000000002
804 157327 1.7800000000000002
805 157597 1.7800000000000002
806 157880 1.7800000000000002
807 158063 1.7800000000000002
808 158275 1.7800000000000002
809 158473 1.7800000000000002
810 158773 1.7800000000000002
811 158909 1.8000000000000003
812 159006 1.8000000000000003
813 159168 1.8000000000000003
814 159416 1.8000000000000003
815 159497 1.8000000000000003
816 159582 1.8000000000000003
817 159788 1.8000000000000003
818 159987 1.8000000000000003
819 160104 1.8000000000000003
820 160229 1.8000000000000003
821 160358 1.7800000000000002
822 160431 1.7800000000000002
823 160662 1.7800000000000002
824 160961 1.7600000000000002
825 161090 1.7600000000000002
826 161271 1.7600000000000002
827 161571 1.7600000000000002
828 161708 1.7700000000000002
829 162008 1.7700000000000002
830 162220 1.7700000000000002
831 162346 1.7700000000000002
832 162592 1.7700000000000002
833 162892 1.7700000000000002
834 162994 1.7800000000000002
835 163169 1.7800000000000002
836 163340 1.7800000000000002
837 163622 1.7800000000000002
838 163922 1.7800000000000002
839 164222 1.7800000000000002
840 164334 1.8000000000000003
841 164447 1.8000000000000003
842 164628 1.8000000000000003
843 164715 1.7800000000000002
844 164906 1.7800000000000002
845 165023 1.7800000000000002
846 165323 1.7800000000000002
847 165507 1.8000000000000003
848 165646 1.8000000000000003
849 165754 1.8000000000000003
850 165958 1.8000000000000003
851 166094 1.8000000000000003
852 166208 1.8000000000000003
853 166320 1.8000000000000003
854 166441 1.8000000000000003
855 166621 1.8000000000000003
856 166879 1.8000000000000003
857 167059 1.8000000000000003
858 167276 1.8000000000000003
859 167373 1.8000000000000003
860 167519 1.8000000000000003
861 167590 1.8000000000000003
862 167679 1.8000000000000003
863 167931 1.8000000000000003
864 168004 1.8000000000000003
865 168100 1.8000000000000003
866 168228 1.8000000000000003
867 168482 1.8000000000000003
868 168571 1.8000000000000003
869 168753 1.7900000000000003
870 168820 1.7900000000000003
871 168950 1.7900000000000003
872 169013 1.7900000000000003
873 169313 1.7900000000000003
874 169450 1.8100000000000003
875 169570 1.8100000000000003
876 169646 1.8100000000000003
877 169735 1.8100000000000003
878 169805 1.8100000000000003
879 169925 1.8100000000000003
880 170019 1.8100000000000003
881 170118 1.8100000000000003
882 170206 1.8100000000000003
883 170356 1.8100000000000003
884 170495 1.8100000000000003
885 170692 1.8100000000000003
886 170805 1.8100000000000003
887 170982 1.8100000000000003
888 171079 1.8100000000000003
889 171379 1.8100000000000003
890 171481 1.8300000000000003
891 171781 1.8300000000000003
892 171939 1.8500000000000003
893 172196 1.8500000000000003
894 172496 1.8500000000000003
895 172796 1.8700000000000003
896 172898 1.8900000000000003
897 172989 1.8900000000000003
898 173140 1.8900000000000003
899 173226 1.8900000000000003
900 173365 1.8900000000000003
901 173478 1.8700000000000003
902 173575 1.8700000000000003
903 173755 1.8700000000000003
904 174013 1.8500000000000003
905 174147 1.8300000000000003
906 174326 1.8300000000000003
907 174489 1.8100000000000003
908 174583 1.8100000000000003
909 174685 1.8100000000000003
910 174779 1.8100000000000003
911 174973 1.8100000000000003
912 175108 1.8100000000000003
913 175181 1.8100000000000003
914 175277 1.7900000000000003
915 175462 1.7900000000000003
916 175659 1.7900000000000003
917 175831 1.7900000000000003
918 176044 1.7700000000000002
919 176325 1.7700000000000002
920 176625 1.7700000000000002
921 176753 1.7900000000000003
922 176886 1.7900000000000003
923 177186 1.7900000000000003
924 177260 1.8100000000000003
925 177348 1.8100000000000003
926 177601 1.8100000000000003
927 177752 1.8100000000000003
928 177879 1.8100000000000003
929 178179 1.8100000000000003
930 178268 1.8300000000000003
931 178353 1.8300000000000003
932 178417 1.8300000000000003
933 178545 1.8300000000000003
934 178624 1.8300000000000003
935 178743 1.8300000000000003
936 178826 1.8300000000000003
937 178926 1.8300000000000003
938 179226 1.8300000000000003
939 179325 1.8500000000000003
940 179416 1.8500000000000003
941 179528 1.8500000000000003
942 179828 1.8300000000000003
943 179977 1.8500000000000003
944 180154 1.8500000000000003
945 180291 1.8500000000000003
946 180456 1.8500000000000003
947 180581 1.8500000000000003
948 180713 1.8500000000000003
949 180869 1.8500000000000003
950 181037 1.8500000000000003
951 181238 1.8500000000000003
952 181401 1.8500000000000003
953 181543 1.8500000000000003
954 181676 1.8500000000000003
955 181887 1.8500000000000003
956 181983 1.8500000000000003
957 182113 1.8500000000000003
958 182199 1.8500000000000003
959 182274 1.8500000000000003
960 182520 1.8500000000000003
961 182616 1.8500000000000003
962 182757 1.8500000000000003
963 182881 1.8500000000000003
964 182977 1.8500000000000003
965 183066 1.8500000000000003
966 183203 1.8500000000000003
967 183352 1.8500000000000003
968 183652 1.8500000000000003
969 183722 1.8600000000000003
970 183984 1.8600000000000003
971 184059 1.8600000000000003
972 184145 1.8600000000000003
973 184217 1.8600000000000003
974 184318 1.8600000000000003
975 184423 1.8600000000000003
976 184504 1.8600000000000003
977 184587 1.8400000000000003
978 184711 1.8400000000000003
979 184869 1.8400000000000003
980 184986 1.8400000000000003
981 185087 1.8400000000000003
982 185240 1.8400000000000003
983 185458 1.8400000000000003
984 185572 1.8400000000000003
985 185713 1.8200000000000003
986 185953 1.8200000000000003
987 186022 1.8200000000000003
988 186224 1.8200000000000003
989 186393 1.8200000000000003
990 186553 1.8200000000000003
991 186655 1.8200000000000003
992 186748 1.8200000000000003
993 186905 1.8200000000000003
994 187037 1.8200000000000003
995 187160 1.8200000000000003
996 187298 1.8200000000000003
997 187462 1.8200000000000003
998 187623 1.8200000000000003
999 187743 1.8200000000000003
1000 188043 1.8200000000000003
1001 188162 1.8400000000000003
1002 188307 1.8400000000000003
1003 188607 1.8400000000000003
1004 188907 1.8600000000000003
1005 188980 1.8800000000000003
1006 189280 1.8800000000000003
1007 189390 1.9000000000000004
1008 189464 1.9000000000000004
1009 189549 1.9000000000000004
1010 189657 1.8800000000000003
1011 189802 1.8800000000000003
1012 189957 1.8800000000000003
1013 190257 1.8800000000000003
1014 190370 1.9000000000000004
1015 190497 1.9000000000000004
1016 190624 1.9000000000000004
1017 190924 1.9000000000000004
1018 190997 1.9200000000000004
1019 191073 1.9200000000000004
1020 191227 1.9200000000000004
1021 191345 1.9200000000000004
1022 191442 1.9200000000000004
1023 191528 1.9200000000000004
1024 191669 1.9200000000000004
1025 191739 1.9200000000000004
1026 191910 1.9200000000000004
1027 192076 1.9200000000000004
1028 192160 1.9200000000000004
1029 192308 1.9200000000000004
1030 192381 1.9200000000000004
1031 192464 1.9200000000000004
1032 192561 1.9200000000000004
1033 192650 1.9200000000000004
1034 192805 1.9200000000000004
1035 192907 1.9000000000000004
1036 193047 1.9000000000000004
1037 193142 1.9000000000000004
1038 193260 1.9000000000000004
1039 193517 1.8800000000000003
1040 193626 1.8600000000000003
1041 193926 1.8600000000000003
1042 194077 1.8800000000000003
1043 194188 1.8800000000000003
1044 194271 1.8800000000000003
1045 194353 1.8800000000000003
1046 194438 1.8800000000000003
1047 194607 1.8800000000000003
1048 194740 1.8800000000000003
1049 194839 1.8800000000000003
1050 194950 1.8800000000000003
1051 195182 1.8800000000000003
1052 195295 1.8800000000000003
1053 195406 1.8800000000000003
1054 195505 1.8800000000000003
1055 195712 1.8800000000000003
1056 195798 1.8800000000000003
1057 195886 1.8800000000000003
1058 195956 1.8800000000000003
1059 196081 1.8800000000000003
1060 196241 1.8800000000000003
1061 196520 1.8800000000000003
1062 196724 1.8800000000000003
1063 196829 1.8800000000000003
1064 196904 1.8800000000000003
1065 197005 1.8800000000000003
1066 197176 1.8800000000000003
1067 197475 1.8800000000000003
1068 197603 1.8800000000000003
1069 197764 1.8800000000000003
1070 197908 1.8800000000000003
1071 198058 1.8800000000000003
1072 198191 1.8800000000000003
1073 198279 1.8800000000000003
1074 198387 1.8800000000000003
1075 198645 1.8800000000000003
1076 198945 1.8800000000000003
1077 199098 1.9000000000000004
1078 199242 1.9000000000000004
1079 199464 1.9000000000000004
1080 199623 1.9000000000000004
1081 199790 1.9000000000000004
1082 199899 1.9000000000000004
1083 200014 1.9000000000000004
1084 200314 1.9000000000000004
1085 200433 1.9200000000000004
1086 200526 1.9200000000000004
1087 200639 1.9200000000000004
1088 200759 1.9200000000000004
1089 200861 1.9200000000000004
1090 201063 1.9200000000000004
1091 201181 1.9200000000000004
1092 201257 1.9200000000000004
1093 201342 1.9200000000000004
1094 201463 1.9000000000000004
1095 201632 1.9000000000000004
1096 201749 1.9000000000000004
1097 201849 1.9000000000000004
1098 202002 1.9000000000000004
1099 202136 1.9000000000000004
1100 202203 1.9000000000000004
1101 202319 1.9000000000000004
1102 202468 1.9000000000000004
1103 202566 1.9000000000000004
1104 202668 1.9000000000000004
1105 202758 1.9000000000000004
1106 202885 1.9000000000000004
1107 202961 1.9000000000000004
1108 203086 1.9000000000000004
1109 203386 1.9000000000000004
1110 203493 1.9200000000000004
1111 203618 1.9200000000000004
1112 203854 1.9200000000000004
1113 203983 1.9200000000000004
1114 204115 1.9200000000000004
1115 204214 1.9200000000000004
1116 204344 1.9200000000000004
1117 204449 1.9200000000000004
1118 204526 1.9200000000000004
1119 204609 1.9200000000000004
1120 204749 1.9200000000000004
1121 204917 1.9200000000000004
1122 204990 1.9200000000000004
1123 205139 1.9200000000000004
1124 205286 1.9200000000000004
1125 205536 1.9200000000000004
1126 205643 1.9200000000000004
1127 205758 1.9200000000000004
1128 205877 1.9200000000000004
1129 205968 1.9200000000000004
1130 206072 1.9200000000000004
1131 206212 1.9200000000000004
1132 206361 1.9200000000000004
1133 206501 1.9200000000000004
1134 206801 1.9100000000000004
1135 206879 1.9300000000000004
1136 206952 1.9300000000000004
1137 207058 1.9300000000000004
1138 207358 1.9300000000000004
1139 207658 1.9500000000000002
1140 207776 1.9700000000000002
1141 207890 1.9700000000000002
1142 208010 1.9700000000000002
1143 208089 1.9700000000000002
1144 208241 1.9700000000000002
1145 208375 1.9700000000000002
1146 208469 1.9700000000000002
1147 208567 1.9700000000000002
1148 208849 1.9700000000000002
1149 208910 1.9700000000000002
1150 209014 1.9700000000000002
1151 209229 1.9700000000000002
1152 209334 1.9700000000000002
1153 209387 1.9700000000000002
1154 209529 1.9700000000000002
1155 209625 1.9700000000000002
1156 209732 1.9700000000000002
1157 209903 1.9700000000000002
1158 210002 1.9700000000000002
1159 210147 1.9700000000000002
1160 210266 1.9700000000000002
1161 210464 1.9700000000000002
1162 210593 1.9700000000000002
1163 210667 1.9700000000000002
1164 210785 1.9700000000000002
1165 211066 1.9700000000000002
1166 211186 1.9700000000000002
1167 211254 1.9700000000000002
1168 211409 1.9700000000000002
1169 211472 1.9700000000000002
1170 211645 1.9700000000000002
1171 211752 1.9500000000000002
1172 211839 1.9500000000000002
1173 211921 1.9500000000000002
1174 212039 1.9500000000000002
1175 212258 1.9500000000000004
1176 212386 1.9500000000000004
1177 212466 1.9500000000000004
1178 212529 1.9500000000000004
1179 212608 1.9500000000000004
1180 212694 1.9300000000000004
1181 212774 1.9300000000000004
1182 212873 1.9300000000000004
1183 212967 1.9300000000000004
1184 213041 1.9300000000000004
1185 213125 1.9300000000000004
1186 213215 1.9300000000000004
1187 213341 1.9300000000000004
1188 213419 1.9300000000000004
1189 213595 1.9300000000000004
1190 213762 1.9300000000000004
1191 213883 1.9300000000000004
1192 213968 1.9300000000000004
1193 214268 1.9300000000000004
1194 214403 1.9500000000000004
1195 214550 1.9500000000000004
1196 214698 1.9500000000000004
1197 214782 1.9500000000000004
1198 214856 1.9500000000000004
1199 215012 1.9500000000000004
1200 215170 1.9500000000000004
1201 215318 1.9500000000000004
1202 215401 1.9500000000000004
1203 215477 1.9500000000000004
1204 215545 1.9500000000000004
1205 215657 1.9500000000000004
1206 215737 1.9500000000000004
1207 215824 1.9500000000000004
1208 215923 1.9500000000000004
1209 216096 1.9500000000000004
1210 216243 1.9500000000000004
1211 216344 1.9500000000000004
1212 216639 1.9500000000000004
1213 216761 1.9500000000000004
1214 216903 1.9500000000000004
1215 216974 1.9500000000000004
1216 217044 1.9500000000000004
1217 217165 1.9500000000000004
1218 217245 1.9500000000000004
1219 217321 1.9500000000000004
1220 217411 1.9500000000000004
1221 217597 1.9500000000000004
1222 217818 1.9500000000000004
1223 217930 1.9500000000000004
1224 218147 1.9500000000000004
1225 218246 1.9500000000000004
1226 218337 1.9500000000000004
1227 218445 1.9500000000000004
1228 218594 1.9500000000000004
1229 218673 1.9500000000000004
1230 218824 1.9500000000000004
1231 219017 1.9500000000000004
1232 219106 1.9500000000000004
1233 219406 1.9500000000000004
1234 219554 1.9600000000000004
1235 219679 1.9600000000000004
1236 219776 1.9600000000000004
1237 219922 1.9600000000000004
1238 220014 1.9600000000000004
1239 220125 1.9600000000000004
1240 220323 1.9600000000000004
1241 220397 1.9600000000000004
1242 220545 1.9600000000000004
1243 220765 1.9600000000000004
1244 220856 1.9600000000000004
1245 220991 1.9600000000000004
1246 221075 1.9600000000000004
1247 221209 1.9600000000000004
1248 221321 1.9600000000000004
1249 221571 1.9600000000000004
1250 221665 1.9600000000000004
1251 221740 1.9600000000000004
1252 221867 1.9600000000000004
1253 221942 1.9600000000000004
1254 222029 1.9600000000000004
1255 222179 1.9600000000000004
1256 222283 1.9600000000000004
1257 222374 1.9600000000000004
1258 222463 1.9600000000000004
1259 222602 1.9600000000000004
1260 222739 1.9600000000000004
1261 222966 1.9600000000000004
1262 223048 1.9600000000000004
1263 223267 1.9600000000000004
1264 223421 1.9600000000000004
1265 223647 1.9600000000000004
1266 223834 1.9600000000000004
1267 223921 1.9600000000000004
1268 224028 1.9600000000000004
1269 224261 1.9600000000000004
1270 224561 1.9600000000000004
1271 224650 1.9800000000000004
1272 224773 1.9800000000000004
1273 224906 1.9800000000000004
1274 224982 1.9800000000000004
1275 225089 1.9800000000000004
1276 225168 1.9800000000000004
1277 225417 1.9800000000000004
1278 225579 1.9800000000000004
1279 225879 1.9800000000000004
1280 225960 2.0
1281 226052 2.0
1282 226150 2.0
1283 226254 2.0
1284 226340 2.0
1285 226425 2.0
1286 226545 2.0
1287 226600 2.0
1288 226680 2.0
1289 226783 2.0
1290 226867 2.0
1291 226944 2.0
1292 227089 2.0
1293 227274 2.0
1294 227389 2.0
1295 227563 2.0
1296 227647 2.0
1297 227805 2.0
1298 228024 2.0
1299 228125 2.0
1300 228208 2.0
1301 228336 2.0
1302 228498 2.0
1303 228623 2.0
1304 228714 2.0
1305 228831 2.0
1306 228907 2.0
1307 229019 2.0
1308 229194 2.0
1309 229310 2.0
1310 229397 2.0
1311 229546 2.0
1312 229757 2.0
1313 229821 2.0
1314 229934 2.0
1315 230043 2.0
1316 230185 2.0
1317 230278 2.0
1318 230355 2.0
1319 230432 2.0
1320 230499 2.0
1321 230597 2.0
1322 230753 2.0
1323 230840 2.0
1324 230926 2.0
1325 231057 2.0
1326 231139 2.0
1327 231243 2.0
1328 231330 2.0
1329 231409 2.0
1330 231555 2.0
1331 231648 2.0
1332 231745 2.0
1333 231821 2.0
1334 231935 2.0
1335 232073 2.0
1336 232210 2.0
1337 232272 2.0
1338 232343 2.0
1339 232453 2.0
1340 232520 2.0
1341 232599 2.0
1342 232798 2.0
1343 232903 2.0
1344 233198 2.0
1345 233308 2.0
1346 233418 2.0
1347 233481 2.0
1348 233550 2.0
1349 233690 2.0
1350 233874 2.0
1351 234100 2.0
1352 234363 2.0
1353 234464 2.0
1354 234602 2.0
1355 234713 2.0
1356 234814 2.0
1357 234920 2.0
1358 235020 2.0
1359 235277 2.0
1360 235389 2.0
1361 235491 2.0
1362 235573 2.0
1363 235830 2.0
1364 235935 2.0
1365 236076 2.0
1366 236140 2.0
1367 236233 2.0
1368 236359 2.0
1369 236436 2.0
1370 236536 2.0
1371 236599 2.0
1372 236709 2.0
1373 236787 2.0
1374 236899 2.0
1375 237096 2.0
1376 237181 2.0
1377 237348 2.0
1378 237575 2.0
1379 237684 2.0
1380 237858 2.0
1381 238109 2.0
1382 238228 2.0
1383 238311 2.0
1384 238413 2.0
1385 238497 2.0
1386 238589 2.0
1387 238677 2.0
1388 238761 2.0
1389 238837 2.0
1390 238915 2.0
1391 239009 2.0
1392 239279 2.0
1393 239359 2.0
1394 239477 2.0
1395 239665 2.0
1396 239838 2.0
1397 240007 2.0
1398 240123 2.0
1399 240380 2.0
1400 240519 2.0
1401 240623 2.0
1402 240708 2.0
1403 240781 2.0
1404 240859 2.0
1405 240956 2.0
1406 241031 2.0
1407 241130 2.0
1408 241218 2.0
1409 241275 2.0
1410 241350 2.0
1411 241435 2.0
1412 241552 2.0
1413 241646 2.0
1414 241768 2.0
1415 241913 2.0
1416 242032 2.0
1417 242127 2.0
1418 242229 2.0
1419 242362 2.0
1420 242499 2.0
1421 242575 2.0
1422 242656 2.0
1423 242730 2.0
1424 242842 2.0
1425 242967 2.0
1426 243130 2.0
1427 243229 2.0
1428 243412 2.0
1429 243483 2.0
1430 243672 2.0
1431 243780 2.0
1432 243939 2.0
1433 244043 2.0
1434 244180 2.0
1435 244330 2.0
1436 244478 2.0
1437 244667 2.0
1438 244755 2.0
1439 244859 2.0
1440 244940 2.0
1441 245041 2.0
1442 245134 2.0
1443 245211 2.0
1444 245271 2.0
1445 245345 2.0
1446 245421 2.0
1447 245491 2.0
1448 245651 2.0
1449 245765 2.0
1450 245848 2.0
1451 245935 2.0
1452 246023 2.0
1453 246130 2.0
1454 246328 2.0
1455 246417 2.0
1456 246660 2.0
1457 246814 2.0
1458 246896 2.0
1459 247016 2.0
1460 247239 2.0
1461 247343 2.0
1462 247468 2.0
1463 247589 2.0
1464 247686 2.0
1465 247776 2.0
1466 247849 2.0
1467 247921 2.0
1468 248029 2.0
1469 248116 2.0
1470 248244 2.0
1471 248360 2.0
1472 248514 2.0
1473 248590 2.0
1474 248695 2.0
1475 248791 2.0
1476 248883 2.0
1477 248982 2.0
1478 249124 2.0
1479 249246 2.0
1480 249322 2.0
1481 249381 2.0
1482 249547 2.0
1483 249661 2.0
1484 249745 2.0
1485 249931 1.9800000000000002
1486 250024 1.9600000000000002
1487 250156 1.9600000000000002
1488 250247 1.9600000000000002
1489 250335 1.9600000000000004
1490 250479 1.9600000000000004
1491 250557 1.9600000000000004
1492 250644 1.9600000000000004
1493 250717 1.9600000000000004
1494 250799 1.9600000000000004
1495 250884 1.9600000000000004
1496 250971 1.9600000000000004
1497 251085 1.9600000000000004
1498 251182 1.9600000000000004
1499 251246 1.9600000000000004
1500 251462 1.9600000000000004
1501 251544 1.9600000000000004
1502 251690 1.9600000000000004
1503 251805 1.9600000000000004
1504 251921 1.9600000000000004
1505 252016 1.9600000000000004
1506 252089 1.9600000000000004
1507 252174 1.9600000000000004
1508 252373 1.9600000000000004
1509 252452 1.9600000000000004
1510 252546 1.9600000000000004
1511 252627 1.9600000000000004
1512 252740 1.9600000000000004
1513 252952 1.9600000000000004
1514 253141 1.9600000000000004
1515 253223 1.9600000000000004
1516 253309 1.9400000000000004
1517 253407 1.9400000000000004
1518 253499 1.9200000000000004
1519 253610 1.9200000000000004
1520 253764 1.9200000000000004
1521 253955 1.9200000000000004
1522 254038 1.9200000000000004
1523 254124 1.9200000000000004
1524 254219 1.9200000000000004
1525 254286 1.9200000000000004
1526 254384 1.9200000000000004
1527 254600 1.9200000000000004
1528 254709 1.9200000000000004
1529 254818 1.9200000000000004
1530 255002 1.9200000000000004
1531 255196 1.9200000000000004
1532 255306 1.9200000000000004
1533 255466 1.9200000000000004
1534 255554 1.9200000000000004
1535 255658 1.9200000000000004
1536 255762 1.9000000000000004
1537 255849 1.9000000000000004
1538 255971 1.9000000000000004
1539 256042 1.9000000000000004
1540 256221 1.9000000000000004
1541 256321 1.9000000000000004
1542 256400 1.9000000000000004
1543 256528 1.9000000000000004
1544 256609 1.9000000000000004
1545 256681 1.9000000000000004
1546 256820 1.9000000000000004
1547 256957 1.9000000000000004
1548 257045 1.9000000000000004
1549 257212 1.9000000000000004
1550 257400 1.9000000000000004
1551 257498 1.9000000000000004
1552 257617 1.9000000000000004
1553 257692 1.9000000000000004
1554 257780 1.9000000000000004
1555 257854 1.9000000000000004
1556 257991 1.9000000000000004
1557 258076 1.9000000000000004
1558 258162 1.9000000000000004
1559 258293 1.9000000000000004
1560 258426 1.9000000000000004
1561 258585 1.9000000000000004
1562 258673 1.9000000000000004
1563 258758 1.9000000000000004
1564 258843 1.9000000000000004
1565 258918 1.9000000000000004
1566 259004 1.9000000000000004
1567 259099 1.9000000000000004
1568 259219 1.9000000000000004
1569 259293 1.9000000000000004
1570 259366 1.9000000000000004
1571 259498 1.9000000000000004
1572 259569 1.9000000000000004
1573 259728 1.9000000000000004
1574 259861 1.9000000000000004
1575 259966 1.9000000000000004
1576 260124 1.8800000000000003
1577 260201 1.8800000000000003
1578 260411 1.8800000000000003
1579 260562 1.8800000000000003
1580 260639 1.8800000000000003
1581 260748 1.8800000000000003
1582 260887 1.8800000000000003
1583 260983 1.8800000000000003
1584 261283 1.8800000000000003
1585 261583 1.9000000000000004
1586 261805 1.9200000000000004
1587 261924 1.9200000000000004
1588 262012 1.9200000000000004
1589 262165 1.9200000000000004
1590 262258 1.9200000000000004
1591 262331 1.9200000000000004
1592 262405 1.9200000000000004
1593 262468 1.9200000000000004
1594 262583 1.9200000000000004
1595 262693 1.9200000000000004
1596 262767 1.9200000000000004
1597 262875 1.9200000000000004
1598 262964 1.9200000000000004
1599 263112 1.9200000000000004
1600 263365 1.9200000000000004
1601 263551 1.9200000000000004
1602 263645 1.9200000000000004
1603 263742 1.9200000000000004
1604 263820 1.9200000000000004
1605 263969 1.9200000000000004
1606 264053 1.9200000000000004
1607 264142 1.9200000000000004
1608 264245 1.9200000000000004
1609 264312 1.9200000000000004
1610 264400 1.9200000000000004
1611 264479 1.9200000000000004
1612 264549 1.9200000000000004
1613 264663 1.9200000000000004
1614 264803 1.9200000000000004
1615 265103 1.9200000000000004
1616 265233 1.9400000000000004
1617 265533 1.9400000000000004
1618 265614 1.9600000000000004
1619 265751 1.9600000000000004
1620 265844 1.9600000000000004
1621 265978 1.9600000000000004
1622 266139 1.9600000000000004
1623 266232 1.9600000000000004
1624 266403 1.9600000000000004
1625 266539 1.9600000000000004
1626 266633 1.9600000000000004
1627 266709 1.9600000000000004
1628 266784 1.9600000000000004
1629 266854 1.9600000000000004
1630 266948 1.9600000000000004
1631 267033 1.9600000000000004
1632 267128 1.9600000000000004
1633 267225 1.9600000000000004
1634 267389 1.9600000000000004
1635 267689 1.9600000000000004
1636 267763 1.9800000000000004
1637 267952 1.9800000000000004
1638 268051 1.9800000000000004
1639 268173 1.9800000000000004
1640 268281 1.9800000000000004
1641 268358 1.9800000000000004
1642 268418 1.9800000000000004
1643 268487 1.9800000000000004
1644 268586 1.9800000000000004
1645 268693 1.9800000000000004
1646 268767 1.9800000000000004
1647 268864 1.9800000000000004
1648 269064 1.9800000000000004
1649 269135 1.9800000000000004
1650 269227 1.9800000000000004
1651 269303 1.9800000000000004
1652 269381 1.9800000000000004
1653 269529 1.9800000000000004
1654 269652 1.9800000000000004
1655 269710 1.9800000000000004
1656 269849 1.9800000000000004
1657 269979 1.9800000000000004
1658 270101 1.9800000000000004
1659 270181 1.9800000000000004
1660 270383 1.9800000000000004
1661 270486 1.9800000000000004
1662 270728 1.9800000000000004
1663 270882 1.9800000000000004
1664 271085 1.9800000000000004
1665 271379 1.9800000000000004
1666 271484 1.9800000000000004
1667 271604 1.9800000000000004
1668 271753 1.9800000000000004
1669 271889 1.9800000000000004
1670 271972 1.9800000000000004
1671 272061 1.9800000000000004
1672 272219 1.9800000000000004
1673 272289 1.9800000000000004
1674 272363 1.9600000000000004
1675 272663 1.9600000000000004
1676 272764 1.9800000000000002
1677 272882 1.9800000000000002
1678 272957 1.9800000000000004
1679 273033 1.9800000000000004
1680 273159 1.9800000000000004
1681 273271 1.9800000000000004
1682 273376 1.9800000000000004
1683 273517 1.9800000000000004
1684 273651 1.9800000000000004
1685 273763 1.9800000000000004
1686 273830 1.9800000000000004
1687 273888 1.9800000000000004
1688 273964 1.9800000000000004
1689 274092 1.9800000000000004
1690 274166 1.9800000000000004
1691 274309 1.9800000000000004
1692 274398 1.9800000000000004
1693 274478 1.9800000000000004
1694 274599 1.9800000000000004
1695 274684 1.9800000000000004
1696 274804 1.9800000000000004
1697 274895 1.9800000000000004
1698 275078 1.9800000000000004
1699 275204 1.9800000000000004
1700 275301 1.9800000000000004
1701 275396 1.9800000000000004
1702 275494 1.9800000000000004
1703 275578 1.9800000000000004
1704 275652 1.9800000000000004
1705 275759 1.9800000000000004
1706 275862 1.9800000000000004
1707 276015 1.9800000000000004
1708 276105 1.9800000000000004
1709 276176 1.9800000000000004
1710 276285 1.9800000000000004
1711 276393 1.9800000000000004
1712 276483 1.9800000000000004
1713 276584 1.9800000000000004
1714 276672 1.9800000000000004
1715 276773 1.9800000000000004
1716 276863 1.9800000000000004
1717 276964 1.9800000000000004
1718 277030 1.9800000000000004
1719 277119 1.9800000000000004
1720 277211 1.9800000000000004
1721 277289 1.9800000000000004
1722 277379 1.9800000000000004
1723 277437 1.9800000000000004
1724 277496 1.9800000000000004
1725 277573 1.9800000000000004
1726 277659 1.9800000000000004
1727 277792 1.9800000000000004
1728 277865 1.9800000000000004
1729 277987 1.9800000000000004
1730 278059 1.9800000000000004
1731 278157 1.9800000000000004
1732 278234 1.9800000000000004
1733 278336 1.9800000000000004
1734 278509 1.9800000000000004
1735 278610 1.9800000000000004
1736 278749 1.9800000000000004
1737 278814 1.9800000000000004
1738 278931 1.9800000000000004
1739 278999 1.9800000000000004
1740 279126 1.9800000000000004
1741 279190 1.9800000000000004
1742 279344 1.9800000000000004
1743 279427 1.9800000000000004
1744 279523 1.9800000000000004
1745 279622 1.9800000000000004
1746 279724 1.9800000000000004
1747 279830 1.9800000000000004
1748 279942 1.9800000000000004
1749 280127 1.9800000000000004
1750 280233 1.9800000000000004
1751 280309 1.9800000000000004
1752 280418 1.9800000000000004
1753 280513 1.9800000000000004
1754 280730 1.9800000000000004
1755 280821 1.9800000000000004
1756 280908 1.9800000000000004
1757 280998 1.9800000000000004
1758 281189 1.9800000000000004
1759 281262 1.9800000000000004
1760 281316 1.9800000000000004
1761 281398 1.9800000000000004
1762 281461 1.9800000000000004
1763 281567 1.9800000000000004
1764 281636 1.9800000000000004
1765 281760 1.9800000000000004
1766 281867 1.9800000000000004
1767 282122 1.9800000000000004
1768 282222 1.9800000000000004
1769 282327 1.9800000000000004
1770 282488 1.9800000000000004
1771 282569 1.9800000000000004
1772 282679 1.9800000000000004
1773 282979 1.9800000000000004
1774 283087 2.0
1775 283224 2.0
1776 283286 2.0
1777 283420 2.0
1778 283510 2.0
1779 283597 2.0
1780 283657 2.0
1781 283748 2.0
1782 283817 2.0
1783 283900 2.0
1784 283973 2.0
1785 284076 2.0
1786 284252 2.0
1787 284351 2.0
1788 284469 2.0
1789 284620 2.0
1790 284721 2.0
1791 284873 2.0
1792 284992 2.0
1793 285150 2.0
1794 285247 2.0
1795 285439 2.0
1796 285568 2.0
1797 285630 2.0
1798 285726 2.0
1799 285831 2.0
1800 285944 2.0
1801 286088 2.0
1802 286194 2.0
1803 286294 2.0
1804 286369 2.0
1805 286513 2.0
1806 286616 2.0
1807 286713 2.0
1808 286984 2.0
1809 287142 2.0
1810 287278 2.0
1811 287344 2.0
1812 287467 2.0
1813 287552 2.0
1814 287656 2.0
1815 287749 2.0
1816 287848 2.0
1817 287967 2.0
1818 288099 2.0
1819 288199 2.0
1820 288324 2.0
1821 288440 2.0
1822 288609 2.0
1823 288744 2.0
1824 288839 2.0
1825 288959 2.0
1826 289024 2.0
1827 289158 2.0
1828 289230 2.0
1829 289306 2.0
1830 289432 2.0
1831 289520 2.0
1832 289575 2.0
1833 289641 2.0
1834 289708 2.0
1835 289809 2.0
1836 289893 2.0
1837 289960 2.0
1838 290081 2.0
1839 290178 2.0
1840 290269 2.0
1841 290328 2.0
1842 290408 2.0
1843 290470 2.0
1844 290580 2.0
1845 290648 2.0
1846 290728 2.0
1847 290814 2.0
1848 290898 2.0
1849 291011 2.0
1850 291101 2.0
1851 291188 2.0
1852 291294 2.0
1853 291373 1.9900000000000002
1854 291436 1.9900000000000002
1855 291527 1.9900000000000002
1856 291611 1.9900000000000002
1857 291691 1.9900000000000002
1858 291798 1.9900000000000002
1859 292002 1.9900000000000002
1860 292075 1.9900000000000002
1861 292172 1.9900000000000002
1862 292333 1.9900000000000002
1863 292433 1.9900000000000002
1864 292558 1.9900000000000002
1865 292665 1.9900000000000002
1866 292812 1.9900000000000002
1867 292928 1.9900000000000002
1868 293131 1.9900000000000002
1869 293238 1.9900000000000002
1870 293371 1.9900000000000002
1871 293454 1.9900000000000002
1872 293585 1.9900000000000002
1873 293680 1.9900000000000002
1874 293742 1.9900000000000002
1875 293852 1.9900000000000002
1876 293936 1.9900000000000002
1877 294039 1.9900000000000002
1878 294165 1.9900000000000002
1879 294232 1.9900000000000002
1880 294387 1.9900000000000002
1881 294455 1.9900000000000002
1882 294579 1.9900000000000002
1883 294720 1.9900000000000002
1884 294827 1.9900000000000002
1885 294948 1.9900000000000002
1886 295013 1.9900000000000002
1887 295105 1.9900000000000002
1888 295255 1.9900000000000002
1889 295451 1.9900000000000002
1890 295536 1.9900000000000002
1891 295617 1.9900000000000002
1892 295734 1.9900000000000002
1893 295865 1.9900000000000002
1894 295933 1.9900000000000002
1895 296077 1.9900000000000002
1896 296264 1.9900000000000002
1897 296346 1.9900000000000002
1898 296445 1.9900000000000002
1899 296559 1.9900000000000002
1900 296660 1.9900000000000002
1901 296774 1.9900000000000002
1902 296902 1.9900000000000002
1903 296972 1.9900000000000002
1904 297082 1.9900000000000002
1905 297173 1.9900000000000002
1906 297311 1.9900000000000002
1907 297431 1.9900000000000002
1908 297511 1.9700000000000002
1909 297594 1.9700000000000002
1910 297702 1.9700000000000002
1911 297782 1.9700000000000002
1912 297873 1.9700000000000004
1913 298047 1.9700000000000004
1914 298132 1.9700000000000004
1915 298246 1.9700000000000004
1916 298349 1.9700000000000004
1917 298513 1.9700000000000004
1918 298638 1.9700000000000004
1919 298717 1.9700000000000004
1920 298833 1.9700000000000004
1921 298926 1.9700000000000004
1922 299024 1.9700000000000004
1923 299107 1.9700000000000004
1924 299175 1.9700000000000004
1925 299246 1.9700000000000004
1926 299312 1.9700000000000004
1927 299391 1.9700000000000004
1928 299598 1.9700000000000004
1929 299682 1.9700000000000004
1930 299798 1.9700000000000004
1931 299876 1.9700000000000004
1932 300013 1.9700000000000004
1933 300122 1.9700000000000004
1934 300238 1.9700000000000004
1935 300343 1.9700000000000004
1936 300464 1.9700000000000004
1937 300538 1.9700000000000004
1938 300621 1.9500000000000004
1939 300732 1.9500000000000004
1940 300810 1.9500000000000004
1941 300900 1.9500000000000004
1942 300965 1.9500000000000004
1943 301074 1.9500000000000004
1944 301149 1.9500000000000004
1945 301229 1.9500000000000004
1946 301296 1.9500000000000004
1947 301359 1.9500000000000004
1948 301561 1.9500000000000004
1949 301650 1.9500000000000004
1950 301737 1.9500000000000004
1951 301806 1.9500000000000004
1952 302106 1.9500000000000004
1953 302171 1.9600000000000004
1954 302221 1.9600000000000004
1955 302361 1.9600000000000004
1956 302493 1.9600000000000004
1957 302683 1.9600000000000004
1958 302752 1.9600000000000004
1959 302807 1.9600000000000004
1960 302881 1.9600000000000004
1961 302949 1.9600000000000004
1962 303056 1.9600000000000004
1963 303157 1.9600000000000004
1964 303240 1.9600000000000004
1965 303323 1.9600000000000004
1966 303412 1.9600000000000004
1967 303543 1.9600000000000004
1968 303647 1.9600000000000004
1969 303727 1.9600000000000004
1970 303921 1.9600000000000004
1971 304043 1.9600000000000004
1972 304121 1.9600000000000004
1973 304202 1.9600000000000004
1974 304407 1.9600000000000004
1975 304561 1.9600000000000004
1976 304624 1.9600000000000004
1977 304727 1.9600000000000004
1978 304886 1.9600000000000004
1979 304971 1.9600000000000004
1980 305074 1.9600000000000004
1981 305168 1.9600000000000004
1982 305243 1.9600000000000004
1983 305317 1.9600000000000004
1984 305444 1.9600000000000004
1985 305518 1.9600000000000004
1986 305647 1.9600000000000004
1987 305725 1.9600000000000004
1988 305856 1.9600000000000004
1989 305960 1.9600000000000004
1990 306023 1.9600000000000004
1991 306097 1.9600000000000004
1992 306172 1.9600000000000004
1993 306304 1.9600000000000004
1994 306417 1.9600000000000004
1995 306540 1.9600000000000004
1996 306603 1.9600000000000004
1997 306673 1.9600000000000004
1998 306733 1.9600000000000004
1999 306811 1.9600000000000004
2000 306901 1.9600000000000004
2001 307008 1.9600000000000004
2002 307097 1.9600000000000004
2003 307215 1.9600000000000004
2004 307341 1.9600000000000004
2005 307472 1.9600000000000004
2006 307621 1.9600000000000004
2007 307921 1.9600000000000004
2008 308035 1.9800000000000004
2009 308119 1.9800000000000004
2010 308235 1.9800000000000004
2011 308337 1.9800000000000004
2012 308525 1.9800000000000004
2013 308627 1.9800000000000004
2014 308709 1.9800000000000004
2015 308950 1.9800000000000004
2016 309027 1.9800000000000004
2017 309209 1.9800000000000004
2018 309270 1.9800000000000004
2019 309429 1.9800000000000004
2020 309577 1.9800000000000004
2021 309659 1.9800000000000004
2022 309738 1.9800000000000004
2023 309829 1.9800000000000004
2024 309923 1.9800000000000004
2025 309988 1.9800000000000004
2026 310123 1.9800000000000004
2027 310250 1.9800000000000004
2028 310345 1.9800000000000004
2029 310447 1.9800000000000004
2030 310604 1.9800000000000004
2031 310672 1.9800000000000004
2032 310825 1.9800000000000004
2033 310892 1.9800000000000004
2034 311002 1.9800000000000004
2035 311158 1.9800000000000004
2036 311252 1.9800000000000004
2037 311552 1.9800000000000004
2038 311725 2.0
2039 311796 2.0
2040 311947 2.0
2041 312020 2.0
2042 312136 2.0
2043 312211 2.0
2044 312267 2.0
2045 312381 2.0
2046 312530 2.0
2047 312594 2.0
2048 312655 2.0
2049 312722 2.0
2050 312846 2.0
2051 312950 2.0
2052 313132 2.0
2053 313200 2.0
2054 313258 2.0
2055 313378 2.0
2056 313456 2.0
2057 313508 2.0
2058 313652 2.0
2059 313728 2.0
2060 313808 2.0
2061 313901 2.0
2062 314011 2.0
2063 314122 2.0
2064 314209 2.0
2065 314271 2.0
2066 314342 2.0
2067 314396 2.0
2068 314492 2.0
2069 314573 2.0
2070 314630 2.0
2071 314777 2.0
2072 314852 2.0
2073 314941 2.0
2074 315064 2.0
2075 315138 2.0
2076 315299 2.0
2077 315525 2.0
2078 315683 2.0
2079 315786 2.0
2080 315935 2.0
2081 316130 2.0
2082 316243 2.0
2083 316329 2.0
2084 316404 2.0
2085 316491 2.0
2086 316657 2.0
2087 316731 2.0
2088 316833 2.0
2089 316902 2.0
2090 317052 2.0
2091 317160 2.0
2092 317260 2.0
2093 317391 2.0
2094 317484 2.0
2095 317552 2.0
2096 317646 2.0
2097 317764 2.0
2098 317853 2.0
2099 317962 2.0
2100 318047 2.0
2101 318120 2.0
2102 318392 2.0
2103 318505 2.0
2104 318618 2.0
2105 318691 2.0
2106 318743 2.0
2107 318875 2.0
2108 318943 2.0
2109 319018 2.0
2110 319099 2.0
2111 319160 2.0
2112 319260 2.0
2113 319350 2.0
2114 319405 2.0
2115 319478 2.0
2116 319545 2.0
2117 319631 2.0
2118 319740 2.0
2119 319828 2.0
2120 319992 2.0
2121 320100 2.0
2122 320185 2.0
2123 320276 2.0
2124 320358 2.0
2125 320463 2.0
2126 320547 2.0
2127 320623 2.0
2128 320706 2.0
2129 320770 2.0
2130 320828 2.0
2131 320909 2.0
2132 320989 2.0
2133 321076 2.0
2134 321135 2.0
2135 321232 2.0
2136 321386 2.0
2137 321482 2.0
2138 321554 2.0
2139 321763 2.0
2140 321862 2.0
2141 322018 2.0
2142 322133 2.0
2143 322313 2.0
2144 322446 2.0
2145 322575 2.0
2146 322692 2.0
2147 322851 2.0
2148 323054 2.0
2149 323141 2.0
2150 323274 2.0
2151 323352 2.0
2152 323435 2.0
2153 323610 2.0
2154 323822 2.0
2155 323921 2.0
2156 323997 2.0
2157 324085 2.0
2158 324152 2.0
2159 324218 2.0
2160 324297 2.0
2161 324370 2.0
2162 324468 2.0
2163 324543 2.0
2164 324636 2.0
2165 324713 2.0
2166 324796 2.0
2167 324884 2.0
2168 324949 2.0
2169 325060 2.0
2170 325146 2.0
2171 325238 2.0
2172 325459 2.0
2173 325534 2.0
2174 325661 2.0
2175 325726 2.0
2176 325821 2.0
2177 325904 2.0
2178 326017 2.0
2179 326084 2.0
2180 326190 2.0
2181 326274 2.0
2182 326350 2.0
2183 326462 2.0
2184 326547 2.0
2185 326624 2.0
2186 326731 2.0
2187 326810 2.0
2188 326954 2.0
2189 327154 2.0
2190 327316 2.0
2191 327392 2.0
2192 327457 2.0
2193 327544 2.0
2194 327643 2.0
2195 327753 2.0
2196 327841 2.0
2197 327983 2.0
2198 328063 2.0
2199 328135 2.0
2200 328321 2.0
2201 328445 2.0
2202 328535 2.0
2203 328629 2.0
2204 328717 2.0
2205 328795 2.0
2206 328887 2.0
2207 328976 2.0
2208 329036 2.0
2209 329184 2.0
2210 329368 2.0
2211 329454 2.0
2212 329527 2.0
2213 329681 2.0
2214 329754 2.0
2215 329881 2.0
2216 329942 2.0
2217 330046 2.0
2218 330107 1.9800000000000002
2219 330197 1.9800000000000002
2220 330274 1.9800000000000002
2221 330396 1.9800000000000002
2222 330465 1.9800000000000004
2223 330560 1.9800000000000004
2224 330641 1.9800000000000004
2225 330717 1.9800000000000004
2226 330813 1.9800000000000004
2227 330908 1.9800000000000004
2228 330957 1.9800000000000004
2229 331043 1.9800000000000004
2230 331129 1.9800000000000004
2231 331200 1.9800000000000004
2232 331271 1.9800000000000004
2233 331359 1.9800000000000004
2234 331483 1.9800000000000004
2235 331552 1.9800000000000004
2236 331617 1.9800000000000004
2237 331712 1.9800000000000004
2238 331779 1.9800000000000004
2239 331850 1.9800000000000004
2240 331977 1.9800000000000004
2241 332156 1.9800000000000004
2242 332208 1.9800000000000004
2243 332295 1.9800000000000004
2244 332364 1.9800000000000004
2245 332469 1.9800000000000004
2246 332583 1.9800000000000004
2247 332684 1.9800000000000004
2248 332748 1.9800000000000004
2249 332828 1.9800000000000004
2250 332891 1.9800000000000004
2251 332977 1.9800000000000004
2252 333105 1.9800000000000004
2253 333189 1.9800000000000004
2254 333267 1.9800000000000004
2255 333374 1.9800000000000004
2256 333497 1.9800000000000004
2257 333611 1.9800000000000004
2258 333671 1.9800000000000004
2259 333750 1.9800000000000004
2260 333828 1.9800000000000004
2261 333942 1.9800000000000004
2262 334005 1.9800000000000004
2263 334081 1.9800000000000004
2264 334295 1.9800000000000004
2265 334428 1.9800000000000004
2266 334536 1.9800000000000004
2267 334606 1.9800000000000004
2268 334680 1.9800000000000004
2269 334742 1.9800000000000004
2270 334800 1.9800000000000004
2271 334902 1.9800000000000004
2272 334967 1.9800000000000004
2273 335216 1.9800000000000004
2274 335355 1.9800000000000004
2275 335446 1.9800000000000004
2276 335547 1.9800000000000004
2277 335643 1.9800000000000004
2278 335763 1.9800000000000004
2279 335848 1.9800000000000004
2280 335942 1.9800000000000004
2281 336007 1.9800000000000004
2282 336091 1.9800000000000004
2283 336294 1.9700000000000004
2284 336434 1.9700000000000004
2285 336518 1.9700000000000004
2286 336579 1.9700000000000004
2287 336655 1.9700000000000002
2288 336704 1.9700000000000002
2289 336778 1.9700000000000002
2290 336882 1.9700000000000002
2291 336969 1.9700000000000002
2292 337058 1.9700000000000002
2293 337186 1.9700000000000002
2294 337310 1.9700000000000002
2295 337487 1.9700000000000002
2296 337598 1.9700000000000002
2297 337704 1.9700000000000002
2298 337818 1.9700000000000002
2299 337908 1.9700000000000002
2300 338000 1.9700000000000002
2301 338095 1.9700000000000002
2302 338211 1.9700000000000002
2303 338341 1.9700000000000002
2304 338417 1.9700000000000002
2305 338555 1.9700000000000002
2306 338664 1.9700000000000002
2307 338755 1.9700000000000002
2308 338832 1.9700000000000002
2309 338906 1.9700000000000002
2310 339027 1.9700000000000002
2311 339107 1.9700000000000002
2312 339185 1.9700000000000002
2313 339292 1.9700000000000002
2314 339371 1.9700000000000002
2315 339455 1.9700000000000002
2316 339517 1.9700000000000002
2317 339817 1.9700000000000002
2318 339900 1.9900000000000002
2319 340018 1.9900000000000002
2320 340129 1.9900000000000002
2321 340371 1.9900000000000002
2322 340467 1.9900000000000002
2323 340523 1.9900000000000002
2324 340640 1.9900000000000002
2325 340719 1.9900000000000002
2326 340802 1.9900000000000002
2327 340927 1.9900000000000002
2328 341011 1.9900000000000002
2329 341114 1.9900000000000002
2330 341195 1.9900000000000002
2331 341316 1.9900000000000002
2332 341449 1.9900000000000002
2333 341544 1.9900000000000002
2334 341653 1.9900000000000002
2335 341718 1.9900000000000002
2336 341819 1.9900000000000002
2337 341894 1.9900000000000002
2338 341996 1.9900000000000002
2339 342063 1.9900000000000002
2340 342133 1.9900000000000002
2341 342261 1.9900000000000002
2342 342329 1.9900000000000002
2343 342420 1.9900000000000002
2344 342525 1.9900000000000002
2345 342607 1.9900000000000002
2346 342699 1.9900000000000002
2347 342781 1.9900000000000002
2348 342885 1.9900000000000002
2349 342960 1.9900000000000002
2350 343073 1.9900000000000002
2351 343143 1.9900000000000002
2352 343273 1.9900000000000002
2353 343357 1.9900000000000002
2354 343416 1.9900000000000002
2355 343506 1.9900000000000002
2356 343622 1.9900000000000002
2357 343727 1.9900000000000002
2358 343809 1.9900000000000002
2359 344026 1.9900000000000002
2360 344137 1.9900000000000002
2361 344220 1.9900000000000002
2362 344349 1.9900000000000002
2363 344405 1.9900000000000002
2364 344483 1.9900000000000002
2365 344613 1.9900000000000002
2366 344712 1.9900000000000002
2367 344910 1.9900000000000002
2368 345023 1.9900000000000002
2369 345087 1.9900000000000002
2370 345175 1.9900000000000002
2371 345279 1.9900000000000002
2372 345354 1.9900000000000002
2373 345518 1.9900000000000002
2374 345629 1.9900000000000002
2375 345750 1.9900000000000002
2376 345803 1.9900000000000002
2377 345895 1.9900000000000002
2378 345967 1.9900000000000002
2379 346059 1.9900000000000002
2380 346284 1.9900000000000002
2381 346363 1.9900000000000002
2382 346663 1.9900000000000002
2383 346741 2.0
2384 346879 2.0
2385 347001 2.0
2386 347129 2.0
2387 347244 2.0
2388 347356 2.0
2389 347435 2.0
2390 347524 2.0
2391 347578 2.0
2392 347719 2.0
2393 347818 2.0
2394 347925 2.0
2395 348053 2.0
2396 348131 2.0
2397 348203 2.0
2398 348280 2.0
2399 348405 2.0
2400 348538 2.0
2401 348657 2.0
2402 348747 2.0
2403 348810 2.0
2404 348919 2.0
2405 349078 2.0
2406 349183 2.0
2407 349280 2.0
2408 349363 2.0
2409 349452 2.0
2410 349552 2.0
2411 349617 2.0
2412 349716 2.0
2413 349861 2.0
2414 349933 2.0
2415 350013 2.0
2416 350092 2.0
2417 350173 2.0
2418 350257 2.0
2419 350319 2.0
2420 350430 2.0
2421 350543 2.0
2422 350664 2.0
2423 350738 2.0
2424 350813 2.0
2425 350924 2.0
2426 351003 2.0
2427 351126 2.0
2428 351277 2.0
2429 351353 2.0
2430 351431 2.0
2431 351545 2.0
2432 351666 2.0
2433 351758 2.0
2434 351872 2.0
2435 351987 2.0
2436 352099 2.0
2437 352205 2.0
2438 352290 2.0
2439 352355 2.0
2440 352420 2.0
2441 352505 2.0
2442 352576 2.0
2443 352665 2.0
2444 352759 2.0
2445 352834 2.0
2446 352903 2.0
2447 353007 2.0
2448 353080 2.0
2449 353159 2.0
2450 353233 2.0
2451 353333 2.0
2452 353422 2.0
2453 353615 2.0
2454 353692 2.0
2455 353755 2.0
2456 353849 2.0
2457 354002 2.0
2458 354081 2.0
2459 354242 2.0
2460 354325 2.0
2461 354414 2.0
2462 354485 2.0
2463 354681 2.0
2464 354844 2.0
2465 354928 2.0
2466 354979 2.0
2467 355046 2.0
2468 355105 2.0
2469 355226 2.0
2470 355314 2.0
2471 355405 2.0
2472 355505 2.0
2473 355574 2.0
2474 355675 2.0
2475 355746 2.0
2476 355847 2.0
2477 356019 2.0
2478 356100 2.0
2479 356173 2.0
2480 356251 2.0
2481 356340 2.0
2482 356399 2.0
2483 356497 2.0
2484 356562 2.0
2485 356667 2.0
2486 356745 2.0
2487 356847 2.0
2488 356928 2.0
2489 357065 2.0
2490 357193 2.0
2491 357289 2.0
2492 357365 2.0
2493 357457 2.0
2494 357552 2.0
2495 357625 2.0
2496 357723 2.0
2497 357834 2.0
2498 357897 2.0
2499 357967 2.0
2500 358044 2.0
2501 358111 2.0
2502 358157 2.0
2503 358249 2.0
2504 358340 2.0
2505 358427 2.0
2506 358499 2.0
2507 358579 2.0
2508 358640 2.0
2509 358744 2.0
2510 358844 2.0
2511 358953 2.0
2512 359004 2.0
2513 359076 2.0
2514 359179 2.0
2515 359236 2.0
2516 359318 2.0
2517 359392 2.0
2518 359473 2.0
2519 359546 2.0
2520 359633 2.0
2521 359738 2.0
2522 359811 2.0
2523 359868 2.0
2524 359968 2.0
2525 360049 2.0
2526 360133 2.0
2527 360215 2.0
2528 360296 2.0
2529 360376 2.0
2530 360459 2.0
2531 360529 2.0
2532 360646 2.0
2533 360748 2.0
2534 360859 2.0
2535 361018 2.0
2536 361092 2.0
2537 361172 2.0
2538 361257 2.0
2539 361398 2.0
2540 361571 2.0
2541 361643 2.0
2542 361766 2.0
2543 361846 2.0
2544 361915 2.0
2545 362039 2.0
2546 362115 2.0
2547 362180 2.0
2548 362350 2.0
2549 362423 2.0
2550 362507 2.0
2551 362612 2.0
2552 362697 2.0
2553 362756 2.0
2554 362879 2.0
2555 362953 2.0
2556 363032 2.0
2557 363101 2.0
2558 363208 2.0
2559 363330 2.0
2560 363415 2.0
2561 363473 2.0
2562 363536 2.0
2563 363620 2.0
2564 363687 2.0
2565 363777 2.0
2566 363884 2.0
2567 363996 2.0
2568 364063 2.0
2569 364184 2.0
2570 364246 2.0
2571 364335 2.0
2572 364402 2.0
2573 364503 2.0
2574 364579 2.0
2575 364665 2.0
2576 364759 2.0
2577 364826 2.0
2578 364903 2.0
2579 364974 2.0
2580 365044 2.0
2581 365165 2.0
2582 365282 2.0
2583 365349 2.0
2584 365429 2.0
2585 365498 2.0
2586 365601 2.0
2587 365661 2.0
2588 365846 2.0
2589 365973 2.0
2590 366061 2.0
2591 366189 2.0
2592 366365 2.0
2593 366446 2.0
2594 366608 2.0
2595 366694 2.0
2596 366772 2.0
2597 366854 2.0
2598 366953 2.0
2599 367028 2.0
2600 367145 2.0
2601 367240 2.0
2602 367317 2.0
2603 367402 2.0
2604 367476 2.0
2605 367574 1.9800000000000002
2606 367663 1.9800000000000002
2607 367766 1.9800000000000002
2608 367861 1.9800000000000002
2609 367920 1.9800000000000004
2610 367965 1.9800000000000004
2611 368026 1.9800000000000004
2612 368096 1.9800000000000004
2613 368166 1.9800000000000004
2614 368254 1.9800000000000004
2615 368330 1.9800000000000004
2616 368407 1.9800000000000004
2617 368462 1.9800000000000004
2618 368546 1.9800000000000004
2619 368616 1.9800000000000004
2620 368746 1.9800000000000004
2621 368905 1.9800000000000004
2622 369016 1.9800000000000004
2623 369226 1.9800000000000004
2624 369339 1.9800000000000004
2625 369420 1.9800000000000004
2626 369479 1.9800000000000004
2627 369551 1.9800000000000004
2628 369640 1.9800000000000004
2629 369703 1.9800000000000004
2630 369780 1.9800000000000004
2631 369831 1.9800000000000004
2632 369898 1.9800000000000004
2633 369975 1.9800000000000004
2634 370181 1.9800000000000004
2635 370343 1.9800000000000004
2636 370450 1.9800000000000004
2637 370650 1.9800000000000004
2638 370706 1.9800000000000004
2639 370812 1.9800000000000004
2640 370911 1.9800000000000004
2641 371011 1.9800000000000004
2642 371124 1.9800000000000004
2643 371210 1.9800000000000004
2644 371293 1.9800000000000004
2645 371361 1.9800000000000004
2646 371461 1.9800000000000004
2647 371652 1.9800000000000004
2648 371722 1.9800000000000004
2649 371802 1.9800000000000004
2650 371958 1.9800000000000004
2651 372033 1.9800000000000004
2652 372079 1.9800000000000004
2653 372146 1.9800000000000004
2654 372210 1.9800000000000004
2655 372270 1.9800000000000004
2656 372344 1.9800000000000004
2657 372423 1.9800000000000004
2658 372553 1.9800000000000004
2659 372675 1.9800000000000004
2660 372746 1.9800000000000004
2661 372796 1.9800000000000004
2662 372852 1.9800000000000004
2663 372914 1.9800000000000004
2664 372987 1.9800000000000004
2665 373069 1.9800000000000004
2666 373150 1.9800000000000004
2667 373202 1.9800000000000004
2668 373259 1.9800000000000004
2669 373424 1.9800000000000004
2670 373534 1.9800000000000004
2671 373644 1.9800000000000004
2672 373753 1.9800000000000004
2673 373817 1.9800000000000004
2674 373972 1.9800000000000004
2675 374048 1.9800000000000004
2676 374141 1.9800000000000004
2677 374244 1.9800000000000004
2678 374390 1.9800000000000004
2679 374491 1.9800000000000004
2680 374590 1.9800000000000004
2681 374674 1.9800000000000004
2682 374748 1.9800000000000004
2683 374923 1.9800000000000004
2684 375000 1.9800000000000004
2685 375081 1.9800000000000004
2686 375135 1.9800000000000004
2687 375230 1.9800000000000004
2688 375288 1.9800000000000004
2689 375359 1.9800000000000004
2690 375425 1.9800000000000004
2691 375500 1.9800000000000004
2692 375599 1.9800000000000004
2693 375730 1.9800000000000004
2694 375915 1.9800000000000004
2695 376035 1.9800000000000004
2696 376105 1.9800000000000004
2697 376180 1.9800000000000004
2698 376311 1.9800000000000004
2699 376379 1.9800000000000004
2700 376516 1.9800000000000004
2701 376645 1.9800000000000004
2702 376738 1.9800000000000004
2703 376894 1.9800000000000004
2704 377194 1.9800000000000004
2705 377306 2.0
2706 377385 2.0
2707 377466 2.0
2708 377613 2.0
2709 377693 2.0
2710 377824 2.0
2711 377878 2.0
2712 377957 2.0
2713 378049 2.0
2714 378162 2.0
2715 378289 2.0
2716 378439 2.0
2717 378517 2.0
2718 378587 2.0
2719 378660 2.0
2720 378724 2.0
2721 378855 2.0
2722 378946 2.0
2723 379029 2.0
2724 379094 2.0
2725 379151 2.0
2726 379318 2.0
2727 379473 2.0
2728 379578 2.0
2729 379682 2.0
2730 379736 2.0
2731 379795 2.0
2732 379875 2.0
2733 379973 2.0
2734 380066 2.0
2735 380132 2.0
2736 380227 2.0
2737 380281 2.0
2738 380365 2.0
2739 380451 2.0
2740 380541 2.0
2741 380714 2.0
2742 380813 2.0
2743 380883 2.0
2744 381017 2.0
2745 381086 2.0
2746 381155 2.0
2747 381220 2.0
2748 381316 2.0
2749 381397 2.0
2750 381509 2.0
2751 381597 2.0
2752 381679 2.0
2753 381759 2.0
2754 381827 2.0
2755 381899 2.0
2756 381959 2.0
2757 382030 2.0
2758 382099 2.0
2759 382168 2.0
2760 382283 2.0
2761 382351 2.0
2762 382420 2.0
2763 382488 2.0
2764 382578 2.0
2765 382755 2.0
2766 382838 2.0
2767 382913 2.0
2768 382959 2.0
2769 383018 2.0
2770 383089 2.0
2771 383185 2.0
2772 383247 2.0
2773 383317 2.0
2774 383384 2.0
2775 383446 2.0
2776 383521 2.0
2777 383622 2.0
2778 383681 2.0
2779 383760 2.0
2780 383851 2.0
2781 383921 2.0
2782 384013 2.0
2783 384102 2.0
2784 384177 2.0
2785 384294 2.0
2786 384396 2.0
2787 384495 2.0
2788 384589 2.0
2789 384680 2.0
2790 384772 2.0
2791 384846 2.0
2792 384914 2.0
2793 384990 2.0
2794 385060 2.0
2795 385154 2.0
2796 385276 2.0
2797 385334 2.0
2798 385428 2.0
2799 385486 2.0
2800 385589 2.0
2801 385689 2.0
2802 385771 2.0
2803 385848 2.0
2804 385953 2.0
2805 386007 2.0
2806 386109 2.0
2807 386213 2.0
2808 386286 2.0
2809 386390 2.0
2810 386449 2.0
2811 386539 2.0
2812 386616 2.0
2813 386679 2.0
2814 386724 2.0
2815 386791 2.0
2816 386887 2.0
2817 386961 2.0
2818 387058 2.0
2819 387145 2.0
2820 387235 2.0
2821 387358 2.0
2822 387445 2.0
2823 387504 2.0
2824 387565 2.0
2825 387676 2.0
2826 387746 2.0
2827 387827 2.0
2828 387896 2.0
2829 387987 2.0
2830 388059 2.0
2831 388171 2.0
2832 388237 2.0
2833 388300 2.0
2834 388367 2.0
2835 388443 2.0
2836 388510 2.0
2837 388612 2.0
2838 388761 2.0
2839 388846 2.0
2840 388911 2.0
2841 388976 2.0
2842 389050 2.0
2843 389166 2.0
2844 389314 2.0
2845 389377 2.0
2846 389497 2.0
2847 389595 2.0
2848 389676 2.0
2849 389744 2.0
2850 389817 2.0
2851 389886 2.0
2852 389994 2.0
2853 390081 2.0
2854 390144 2.0
2855 390279 2.0
2856 390343 2.0
2857 390431 2.0
2858 390526 2.0
2859 390595 2.0
2860 390686 2.0
2861 390796 2.0
2862 390883 2.0
2863 390947 2.0
2864 391034 2.0
