1 300 0.0
2 600 0.0
3 900 0.0
4 1200 0.0
5 1500 0.0
6 1800 0.0
7 2100 0.0
8 2400 0.0
9 2700 0.0
10 3000 0.0
11 3300 0.0
12 3600 0.0
13 3900 0.0
14 4200 0.0
15 4500 0.0
16 4800 0.0
17 5100 0.0
18 5400 0.0
19 5700 0.0
20 6000 0.0
21 6300 0.0
22 6600 0.0
23 6900 0.0
24 7200 0.0
25 7500 0.0
26 7800 0.0
27 8100 0.0
28 8400 0.0
29 8700 0.0
30 9000 0.0
31 9300 0.0
32 9600 0.0
33 9900 0.0
34 10200 0.0
35 10500 0.0
36 10800 0.0
37 11100 0.0
38 11400 0.0
39 11700 0.0
40 12000 0.0
41 12300 0.0
42 12588 0.0
43 12888 0.0
44 13188 0.0
45 13488 0.0
46 13788 0.0
47 13994 0.0
48 14294 0.0
49 14594 0.0
50 14894 0.0
51 15194 0.0
52 15494 0.0
53 15794 0.0
54 16094 0.0
55 16358 0.0
56 16658 0.0
57 16958 0.0
58 17258 0.0
59 17558 0.0
60 17858 0.0
61 18158 0.0
62 18458 0.0
63 18758 0.0
64 19058 0.0
65 19358 0.0
66 19658 0.0
67 19826 0.0
68 20126 0.0
69 20426 0.0
70 20726 0.0
71 21026 0.0
72 21326 0.0
73 21626 0.0
74 21926 0.0
75 22226 0.0
76 22526 0.0
77 22826 0.0
78 23126 0.0
79 23426 0.0
80 23726 0.0
81 24026 0.0
82 24326 0.0
83 24626 0.0
84 24926 0.0
85 25226 0.0
86 25526 0.0
87 25826 0.0
88 26126 0.0
89 26426 0.0
90 26726 0.0
91 27026 0.0
92 27326 0.0
93 27626 0.0
94 27926 0.0
95 28226 0.0
96 28526 0.0
97 28826 0.0
98 29126 0.0
99 29426 0.0
100 29726 0.0
101 30026 0.0
102 30326 0.0
103 30626 0.0
104 30926 0.0
105 31226 0.0
106 31526 0.0
107 31826 0.0
108 32126 0.0
109 32426 0.0
110 32726 0.0
111 33026 0.0
112 33326 0.0
113 33626 0.0
114 33926 0.0
115 34226 0.0
116 34526 0.0
117 34826 0.0
118 35126 0.0
119 35259 0.0
120 35559 0.0
121 35859 0.0
122 36159 0.0
123 36459 0.0
124 36759 0.0
125 37059 0.0
126 37359 0.0
127 37590 0.0
128 37815 0.0
129 38115 0.0
130 38415 0.0
131 38715 0.0
132 39015 0.0
133 39315 0.0
134 39576 0.0
135 39841 0.0
136 40141 0.0
137 40441 0.0
138 40741 0.0
139 41041 0.0
140 41341 0.0
141 41611 0.0
142 41881 0.0
143 42181 0.0
144 42481 0.0
145 42781 0.0
146 43081 0.0
147 43381 0.0
148 43681 0.0
149 43981 0.0
150 44281 0.0
151 44477 0.0
152 44777 0.0
153 45077 0.0
154 45377 0.0
155 45677 0.0
156 45977 0.0
157 46277 0.0
158 46577 0.0
159 46877 0.0
160 47177 0.0
161 47477 0.0
162 47777 0.0
163 48077 0.0
164 48377 0.0
165 48677 0.0
166 48977 0.0
167 49277 0.0
168 49577 0.0
169 49877 0.0
170 50177 0.0
171 50477 0.0
172 50777 0.0
173 50997 0.0
174 51297 0.0
175 51512 0.0
176 51687 0.0
177 51987 0.0
178 52287 0.0
179 52587 0.0
180 52887 0.0
181 53187 0.0
182 53487 0.0
183 53787 0.0
184 54020 0.0
185 54320 0.0
186 54620 0.0
187 54920 0.0
188 55220 0.0
189 55520 0.0
190 55820 0.0
191 56120 0.0
192 56420 0.0
193 56612 0.0
194 56912 0.0
195 57212 0.0
196 57512 0.0
197 57812 0.0
198 58112 0.0
199 58412 0.0
200 58712 0.0
201 59012 0.0
202 59312 0.0
203 59612 0.0
204 59710 0.0
205 60010 0.0
206 60135 0.0
207 60435 0.0
208 60735 0.0
209 61035 0.0
210 61335 0.0
211 61635 0.0
212 61935 0.0
213 62235 0.0
214 62535 0.0
215 62797 0.0
216 63097 0.0
217 63397 0.0
218 63596 0.0
219 63896 0.0
220 64196 0.0
221 64496 0.0
222 64782 0.0
223 65082 0.0
224 65382 0.0
225 65682 0.0
226 65982 0.0
227 66282 0.0
228 66582 0.0
229 66882 0.0
230 67182 0.0
231 67482 0.0
232 67782 0.0
233 68082 0.0
234 68382 0.0
235 68682 0.0
236 68982 0.0
237 69107 0.0
238 69407 0.0
239 69707 0.0
240 70007 0.0
241 70307 0.0
242 70607 0.0
243 70907 0.0
244 71207 0.0
245 71323 0.0
246 71623 0.0
247 71923 0.0
248 72223 0.0
249 72523 0.0
250 72823 0.0
251 73123 0.0
252 73423 0.0
253 73641 0.0
254 73941 0.0
255 74109 0.0
256 74409 0.0
257 74709 0.0
258 75009 0.0
259 75309 0.0
260 75609 0.0
261 75909 0.0
262 76209 0.0
263 76509 0.0
264 76809 0.0
265 77041 0.0
266 77341 0.0
267 77510 0.0
268 77810 0.0
269 78110 0.0
270 78410 0.0
271 78553 0.0
272 78824 0.0
273 79124 0.0
274 79424 0.0
275 79724 0.0
276 79806 0.0
277 80085 0.0
278 80385 0.0
279 80685 0.0
280 80985 0.0
281 81285 0.0
282 81431 0.0
283 81663 0.0
284 81963 0.0
285 82263 0.0
286 82563 0.0
287 82863 0.0
288 83163 0.0
289 83463 0.0
290 83763 0.0
291 84063 0.0
292 84363 0.0
293 84663 0.0
294 84857 0.0
295 85157 0.0
296 85324 0.0
297 85624 0.0
298 85924 0.0
299 86224 0.0
300 86524 0.0
301 86824 0.0
302 87124 0.0
303 87416 0.0
304 87716 0.0
305 88016 0.0
306 88316 0.0
307 88616 0.0
308 88747 0.0
309 89047 0.0
310 89347 0.0
311 89647 0.0
312 89947 0.0
313 90188 0.0
314 90286 0.0
315 90586 0.0
316 90886 0.0
317 91042 0.0
318 91342 0.0
319 91642 0.0
320 91942 0.0
321 92242 0.0
322 92542 0.0
323 92842 0.0
324 93142 0.0
325 93424 0.0
326 93724 0.0
327 94024 0.0
328 94324 0.01
329 94624 0.02
330 94924 0.03
331 95224 0.04
332 95524 0.05
333 95824 0.060000000000000005
334 96124 0.07
335 96250 0.08
336 96490 0.09
337 96790 0.08999999999999998
338 97090 0.09999999999999999
339 97390 0.10999999999999999
340 97690 0.10999999999999999
341 97990 0.11999999999999998
342 98290 0.13
343 98590 0.14
344 98890 0.15000000000000002
345 99190 0.16000000000000003
346 99490 0.17000000000000004
347 99790 0.18000000000000005
348 100015 0.19000000000000006
349 100315 0.20000000000000004
350 100615 0.21000000000000002
351 100915 0.22000000000000003
352 100980 0.23000000000000004
353 101175 0.24000000000000005
354 101475 0.25000000000000006
355 101775 0.26
356 102075 0.26
357 102375 0.27
358 102675 0.28
359 102975 0.29000000000000004
360 103275 0.30000000000000004
361 103467 0.31000000000000005
362 103767 0.32000000000000006
363 103965 0.33000000000000007
364 104265 0.3400000000000001
365 104498 0.3500000000000001
366 104798 0.36000000000000004
367 104972 0.36000000000000004
368 105272 0.37
369 105396 0.38
370 105696 0.39
371 105996 0.4
372 106296 0.41000000000000003
373 106596 0.42000000000000004
374 106896 0.43000000000000005
375 107196 0.44000000000000006
376 107454 0.45000000000000007
377 107754 0.4600000000000001
378 108054 0.4700000000000001
379 108354 0.48000000000000004
380 108654 0.49000000000000005
381 108954 0.5
382 109254 0.51
383 109554 0.52
384 109854 0.53
385 110154 0.54
386 110454 0.55
387 110754 0.56
388 111054 0.5700000000000001
389 111354 0.5800000000000001
390 111470 0.5900000000000001
391 111617 0.6000000000000001
392 111917 0.6100000000000001
393 112034 0.6200000000000001
394 112209 0.6300000000000001
395 112503 0.6400000000000001
396 112803 0.6500000000000001
397 113103 0.66
398 113173 0.67
399 113389 0.68
400 113504 0.6900000000000001
401 113656 0.7000000000000001
402 113956 0.7100000000000001
403 114256 0.7200000000000001
404 114520 0.73
405 114616 0.74
406 114916 0.75
407 115216 0.76
408 115352 0.77
409 115531 0.78
410 115831 0.79
411 116131 0.8
412 116300 0.81
413 116600 0.8200000000000001
414 116759 0.8300000000000001
415 117059 0.8400000000000001
416 117359 0.8500000000000001
417 117659 0.8600000000000001
418 117959 0.8700000000000001
419 118259 0.8800000000000001
420 118559 0.8900000000000001
421 118743 0.9000000000000001
422 119043 0.9100000000000001
423 119343 0.9200000000000002
424 119643 0.9300000000000002
425 119943 0.9400000000000002
426 120243 0.9500000000000002
427 120480 0.9600000000000002
428 120682 0.9600000000000002
429 120944 0.9600000000000002
430 121081 0.9600000000000002
431 121295 0.9600000000000002
432 121454 0.9600000000000002
433 121687 0.9600000000000002
434 121873 0.9600000000000002
435 122054 0.9600000000000002
436 122354 0.9600000000000002
437 122501 0.9700000000000002
438 122773 0.9700000000000002
439 123073 0.9700000000000002
440 123320 0.9800000000000002
441 123552 0.9800000000000002
442 123767 0.9800000000000002
443 123929 0.9800000000000002
444 124086 0.9800000000000002
445 124211 0.9800000000000002
446 124482 0.9800000000000002
447 124643 0.9800000000000002
448 124779 0.9800000000000002
449 124881 0.9800000000000002
450 125038 0.9800000000000002
451 125135 0.9800000000000002
452 125225 0.9800000000000002
453 125339 0.9800000000000002
454 125504 0.9800000000000002
455 125804 0.9800000000000002
456 125949 0.9900000000000002
457 126087 0.9900000000000002
458 126243 0.9900000000000002
459 126401 0.9900000000000002
460 126595 0.9900000000000002
461 126745 0.9900000000000002
462 126945 0.9900000000000002
463 127217 0.9900000000000002
464 127378 0.9900000000000002
465 127546 0.9900000000000002
466 127846 0.9900000000000002
467 127918 1.0
468 128057 1.0
469 128260 1.0
470 128441 1.0
471 128595 1.0
472 128790 1.0
473 128949 1.0
474 129068 1.0
475 129314 1.0
476 129472 1.0
477 129722 1.0
478 129869 1.0
479 130013 1.0
480 130179 1.0
481 130311 1.0
482 130391 1.0
483 130491 1.0
484 130582 1.0
485 130729 1.0
486 130893 1.0
487 131021 1.0
488 131114 1.0
489 131226 1.0
490 131378 1.0
491 131469 1.0
492 131602 1.0
493 131704 1.0
494 131857 1.0
495 132021 1.0
496 132197 1.0
497 132372 1.0
498 132510 1.0
499 132601 1.0
500 132701 1.0
501 132836 1.0
502 133050 1.0
503 133197 1.0
504 133307 1.0
505 133431 1.0
506 133581 1.0
507 133690 1.0
508 133804 1.0
509 133962 1.0
510 134091 1.0
511 134269 1.0
512 134388 1.0
513 134452 1.0
514 134578 1.0
515 134816 1.0
516 134941 1.0
517 135031 1.0
518 135173 1.0
519 135288 1.0
520 135434 1.0
521 135566 1.0
522 135658 1.0
523 135833 1.0
524 135950 1.0
525 136070 1.0
526 136164 1.0
527 136274 1.0
528 136399 1.0
529 136514 1.0
530 136632 1.0
531 136747 1.0
532 136855 1.0
533 136976 1.0
534 137129 1.0
535 137265 1.0
536 137370 1.0
537 137532 1.0
538 137730 1.0
539 137856 1.0
540 138025 1.0
541 138102 1.0
542 138365 1.0
543 138596 1.0
544 138791 1.0
545 138903 1.0
546 139040 1.0
547 139123 1.0
548 139240 1.0
549 139440 1.0
550 139567 1.0
551 139721 1.0
552 139819 1.0
553 139945 1.0
554 140056 1.0
555 140156 1.0
556 140274 1.0
557 140404 1.0
558 140494 1.0
559 140586 1.0
560 140749 1.0
561 140857 1.0
562 140931 1.0
563 141061 1.0
564 141169 1.0
565 141290 1.0
566 141396 1.0
567 141488 1.0
568 141741 1.0
569 141853 1.0
570 141982 1.0
571 142109 1.0
572 142250 1.0
573 142352 1.0
574 142435 1.0
575 142533 1.0
576 142638 1.0
577 142764 1.0
578 142873 1.0
579 143030 1.0
580 143166 1.0
581 143275 1.0
582 143383 1.0
583 143486 1.0
584 143607 1.0
585 143800 1.0
586 143956 1.0
587 144088 1.0
588 144220 1.0
589 144307 1.0
590 144415 1.0
591 144530 1.0
592 144656 1.0
593 144745 1.0
594 144883 1.0
595 144987 1.0
596 145088 1.0
597 145219 1.0
598 145404 1.0
599 145550 1.0
600 145680 1.0
601 145798 1.0
602 145888 1.0
603 146072 1.0
604 146206 1.0
605 146284 1.0
606 146372 1.0
607 146520 1.0
608 146607 1.0
609 146718 1.0
610 146806 1.0
611 146956 1.0
612 147055 1.0
613 147206 1.0
614 147341 1.0
615 147499 1.0
616 147595 1.0
617 147730 1.0
618 147832 1.0
619 147989 1.0
620 148096 1.0
621 148192 1.0
622 148277 1.0
623 148375 1.0
624 148470 1.0
625 148594 1.0
626 148682 1.0
627 148788 1.0
628 148915 1.0
629 148987 1.0
630 149057 1.0
631 149253 1.0
632 149354 1.0
633 149488 1.0
634 149632 1.0
635 149723 1.0
636 149814 1.0
637 149942 1.0
638 150063 1.0
639 150239 1.0
640 150343 1.0
641 150459 1.0
642 150600 1.0
643 150795 1.0
644 150917 1.0
645 151001 1.0
646 151074 1.0
647 151194 1.0
648 151289 1.0
649 151394 1.0
650 151487 1.0
651 151641 1.0
652 151748 1.0
653 151859 1.0
654 151960 1.0
655 152055 1.0
656 152128 1.0
657 152205 1.0
658 152331 1.0
659 152422 1.0
660 152552 1.0
661 152673 1.0
662 152787 1.0
663 152889 1.0
664 152982 1.0
665 153112 1.0
666 153206 1.0
667 153291 1.0
668 153429 1.0
669 153522 1.0
670 153650 1.0
671 153761 1.0
672 153898 1.0
673 154000 1.0
674 154093 1.0
675 154218 1.0
676 154311 1.0
677 154452 1.0
678 154550 1.0
679 154641 1.0
680 154743 1.0
681 154831 1.0
682 154922 1.0
683 155015 1.0
684 155153 1.0
685 155334 1.0
686 155433 1.0
687 155515 1.0
688 155621 1.0
689 155698 1.0
690 155848 1.0
691 155972 1.0
692 156079 1.0
693 156256 1.0
694 156358 1.0
695 156454 1.0
696 156522 1.0
697 156644 1.0
698 156718 1.0
699 156848 1.0
700 156937 1.0
701 157075 1.0
702 157205 1.0
703 157311 1.0
704 157376 1.0
705 157473 1.0
706 157543 1.0
707 157664 1.0
708 157750 1.0
709 157846 1.0
710 157945 1.0
711 158038 1.0
712 158168 1.0
713 158286 1.0
714 158374 1.0
715 158553 1.0
716 158657 1.0
717 158728 1.0
718 158845 1.0
719 158923 1.0
720 159015 1.0
721 159131 1.0
722 159220 1.0
723 159312 1.0
724 159418 1.0
725 159607 1.0
726 159710 1.0
727 159795 1.0
728 159940 1.0
729 160036 1.0
730 160119 1.0
731 160184 1.0
732 160302 1.0
733 160385 1.0
734 160537 1.0
735 160674 1.0
736 160850 1.0
737 160928 1.0
738 161014 1.0
739 161118 1.0
740 161191 1.0
741 161287 1.0
742 161376 1.0
743 161470 1.0
744 161566 1.0
745 161650 1.0
746 161764 1.0
747 161896 1.0
748 162036 1.0
749 162125 1.0
750 162243 1.0
751 162330 1.0
752 162410 1.0
753 162501 1.0
754 162617 1.0
755 162695 1.0
756 162762 1.0
757 162875 1.0
758 162989 1.0
759 163055 1.0
760 163170 1.0
761 163276 1.0
762 163359 1.0
763 163469 1.0
764 163554 1.0
765 163625 1.0
766 163729 1.0
767 163840 1.0
768 163930 1.0
769 164043 1.0
770 164119 1.0
771 164204 1.0
772 164282 1.0
773 164429 1.0
774 164508 1.0
775 164578 1.0
776 164705 1.0
777 164806 1.0
778 164869 1.0
779 164952 1.0
780 165015 1.0
781 165114 1.0
782 165226 1.0
783 165306 1.0
784 165375 1.0
785 165488 1.0
786 165599 1.0
787 165744 1.0
788 165845 1.0
789 165929 1.0
790 166027 1.0
791 166107 1.0
792 166181 1.0
793 166279 1.0
794 166399 1.0
795 166479 1.0
796 166569 1.0
797 166652 1.0
798 166727 1.0
799 166821 1.0
800 166894 1.0
801 166970 1.0
802 167175 1.0
803 167256 1.0
804 167355 1.0
805 167484 1.0
806 167614 1.0
807 167705 1.0
808 167852 1.0
809 167954 1.0
810 168036 1.0
811 168121 1.0
812 168201 1.0
813 168278 1.0
814 168451 1.0
815 168537 1.0
816 168635 1.0
817 168724 1.0
818 168824 1.0
819 168908 1.0
820 168990 1.0
821 169072 1.0
822 169148 1.0
823 169236 1.0
824 169380 1.0
825 169504 1.0
826 169574 1.0
827 169708 1.0
828 169806 1.0
829 169966 1.0
830 170053 1.0
831 170145 1.0
832 170211 1.0
833 170285 1.0
834 170411 1.0
835 170507 1.0
836 170579 1.0
837 170687 1.0
838 170827 1.0
839 170909 1.0
840 170975 1.0
841 171083 1.0
842 171171 1.0
843 171260 1.0
844 171368 1.0
845 171456 1.0
846 171550 1.0
847 171625 1.0
848 171744 1.0
849 171862 1.0
850 171956 1.0
851 172062 1.0
852 172180 1.0
853 172243 1.0
854 172373 1.0
855 172488 1.0
856 172591 1.0
857 172677 1.0
858 172746 1.0
859 172832 1.0
860 172900 1.0
861 173000 1.0
862 173093 1.0
863 173184 1.0
864 173270 1.0
865 173336 1.0
866 173489 1.0
867 173646 1.0
868 173727 1.0
869 173816 1.0
870 173903 1.0
871 173973 1.0
872 174047 1.0
873 174157 1.0
874 174236 1.0
875 174357 1.0
876 174433 1.0
877 174512 1.0
878 174616 1.0
879 174742 1.0
880 174819 1.0
881 174897 1.0
882 174983 1.0
883 175078 1.0
884 175147 1.0
885 175269 1.0
886 175344 1.0
887 175411 1.0
888 175536 1.0
889 175613 1.0
890 175713 1.0
891 175792 1.0
892 175887 1.0
893 176004 1.0
894 176120 1.0
895 176248 1.0
896 176393 1.0
897 176494 1.0
898 176573 1.0
899 176651 1.0
900 176748 1.0
901 176849 1.0
902 176920 1.0
903 176998 1.0
904 177075 1.0
905 177170 1.0
906 177256 1.0
907 177344 1.0
908 177435 1.0
909 177582 1.0
910 177758 1.0
911 177834 1.0
912 177975 1.0
913 178082 1.0
914 178168 1.0
915 178265 1.0
916 178367 1.0
917 178459 1.0
918 178524 1.0
919 178668 1.0
920 178796 1.0
921 178888 1.0
922 178970 1.0
923 179081 1.0
924 179184 1.0
925 179271 1.0
926 179395 1.0
927 179510 1.0
928 179584 1.0
929 179705 1.0
930 179771 1.0
931 179890 1.0
932 179970 1.0
933 180056 1.0
934 180228 1.0
935 180318 1.0
936 180426 1.0
937 180502 1.0
938 180601 1.0
939 180665 1.0
940 180794 1.0
941 180883 1.0
942 180976 1.0
943 181063 1.0
944 181151 1.0
945 181229 1.0
946 181335 1.0
947 181449 1.0
948 181617 1.0
949 181705 1.0
950 181844 1.0
951 182006 1.0
952 182104 1.0
953 182171 1.0
954 182247 1.0
955 182339 1.0
956 182430 1.0
957 182514 1.0
958 182585 1.0
959 182656 1.0
960 182714 1.0
961 182799 1.0
962 182949 1.0
963 183040 1.0
964 183121 1.0
965 183212 1.0
966 183305 1.0
967 183400 1.0
968 183475 1.0
969 183622 1.0
970 183690 1.0
971 183808 1.0
972 183880 1.0
973 183958 1.0
974 184069 1.0
975 184159 1.0
976 184253 1.0
977 184319 1.0
978 184399 1.0
979 184488 1.0
980 184615 1.0
981 184755 1.0
982 184863 1.0
983 184950 1.0
984 185020 1.0
985 185096 1.0
986 185165 1.0
987 185262 1.0
988 185350 1.0
989 185506 1.0
990 185599 1.0
991 185663 1.0
992 185741 1.0
993 185889 1.0
994 185967 1.0
995 186074 1.0
996 186172 1.0
997 186246 1.0
998 186353 1.0
999 186430 1.0
1000 186510 1.0
1001 186613 1.0
1002 186690 1.0
1003 186765 1.0
1004 186843 1.0
1005 186908 1.0
1006 187015 1.0
1007 187127 1.0
1008 187234 1.0
1009 187321 1.0
1010 187398 1.0
1011 187475 1.0
1012 187598 1.0
1013 187732 1.0
1014 187820 1.0
1015 187928 1.0
1016 187999 1.0
1017 188071 1.0
1018 188149 1.0
1019 188296 1.0
1020 188446 1.0
1021 188551 1.0
1022 188617 1.0
1023 188706 1.0
1024 188791 1.0
1025 188950 1.0
1026 189092 1.0
1027 189161 1.0
1028 189268 1.0
1029 189348 1.0
1030 189456 1.0
1031 189603 1.0
1032 189692 1.0
1033 189767 1.0
1034 189879 1.0
1035 189987 1.0
1036 190105 1.0
1037 190184 1.0
1038 190275 1.0
1039 190384 1.0
1040 190480 1.0
1041 190571 1.0
1042 190653 1.0
1043 190744 1.0
1044 190894 1.0
1045 190995 1.0
1046 191101 1.0
1047 191264 1.0
1048 191362 1.0
1049 191474 1.0
1050 191557 1.0
1051 191630 1.0
1052 191719 1.0
1053 191826 1.0
1054 191895 1.0
1055 192031 1.0
1056 192136 1.0
1057 192231 1.0
1058 192299 1.0
1059 192371 1.0
1060 192491 1.0
1061 192584 1.0
1062 192659 1.0
1063 192774 1.0
1064 192878 1.0
1065 192957 1.0
1066 193042 1.0
1067 193162 1.0
1068 193253 1.0
1069 193340 1.0
1070 193429 1.0
1071 193540 1.0
1072 193618 1.0
1073 193741 1.0
1074 193859 1.0
1075 193923 1.0
1076 194009 1.0
1077 194099 1.0
1078 194230 1.0
1079 194356 1.0
1080 194413 1.0
1081 194496 1.0
1082 194575 1.0
1083 194655 1.0
1084 194742 1.0
1085 194846 1.0
1086 194916 1.0
1087 195043 1.0
1088 195143 1.0
1089 195253 1.0
1090 195366 1.0
1091 195431 1.0
1092 195513 1.0
1093 195612 1.0
1094 195682 1.0
1095 195764 1.0
1096 195857 1.0
1097 196019 1.0
1098 196140 1.0
1099 196219 1.0
1100 196318 1.0
1101 196431 1.0
1102 196505 1.0
1103 196575 1.0
1104 196656 1.0
1105 196744 1.0
1106 196836 1.0
1107 196939 1.0
1108 197017 1.0
1109 197160 1.0
1110 197285 1.0
1111 197367 1.0
1112 197484 1.0
1113 197579 1.0
1114 197654 1.0
1115 197746 1.0
1116 197819 1.0
1117 197955 1.0
1118 198025 1.0
1119 198122 1.0
1120 198199 1.0
1121 198312 1.0
1122 198407 1.0
1123 198493 1.0
1124 198578 1.0
1125 198661 1.0
1126 198788 1.0
1127 198857 1.0
1128 198954 1.0
1129 199054 1.0
1130 199112 1.0
1131 199205 1.0
1132 199341 1.0
1133 199406 1.0
1134 199534 1.0
1135 199626 1.0
1136 199688 1.0
1137 199818 1.0
1138 199908 1.0
1139 199982 1.0
1140 200086 1.0
1141 200183 1.0
1142 200244 1.0
1143 200375 1.0
1144 200463 1.0
1145 200555 1.0
1146 200700 1.0
1147 200818 1.0
1148 200899 1.0
1149 201044 1.0
1150 201122 1.0
1151 201293 1.0
1152 201373 1.0
1153 201492 1.0
1154 201597 1.0
1155 201707 1.0
1156 201786 1.0
1157 201874 1.0
1158 201966 1.0
1159 202129 1.0
1160 202223 1.0
1161 202344 1.0
1162 202473 1.0
1163 202570 1.0
1164 202665 1.0
1165 202804 1.0
1166 202900 1.0
1167 203017 1.0
1168 203109 1.0
1169 203210 1.0
1170 203306 1.0
1171 203490 1.0
1172 203551 1.0
1173 203665 1.0
1174 203743 1.0
1175 203826 1.0
1176 203987 1.0
1177 204108 1.0
1178 204191 1.0
1179 204276 1.0
1180 204357 1.0
1181 204478 1.0
1182 204556 1.0
1183 204708 1.0
1184 204794 1.0
1185 204856 1.0
1186 204951 1.0
1187 205063 1.0
1188 205182 1.0
1189 205256 1.0
1190 205352 1.0
1191 205425 1.0
1192 205513 1.0
1193 205611 1.0
1194 205714 1.0
1195 205825 1.0
1196 205916 1.0
1197 205981 1.0
1198 206062 1.0
1199 206180 1.0
1200 206238 1.0
1201 206323 1.0
1202 206412 1.0
1203 206547 1.0
1204 206616 1.0
1205 206694 1.0
1206 206818 1.0
1207 206957 1.0
1208 207051 1.0
1209 207158 1.0
1210 207233 1.0
1211 207319 1.0
1212 207414 1.0
1213 207523 1.0
1214 207618 1.0
1215 207690 1.0
1216 207779 1.0
1217 207860 1.0
1218 207983 1.0
1219 208128 1.0
1220 208196 1.0
1221 208267 1.0
1222 208348 1.0
1223 208452 1.0
1224 208552 1.0
1225 208634 1.0
1226 208734 1.0
1227 208817 1.0
1228 208893 1.0
1229 208967 1.0
1230 209057 1.0
1231 209122 1.0
1232 209213 1.0
1233 209296 1.0
1234 209391 1.0
1235 209502 1.0
1236 209624 1.0
1237 209692 1.0
1238 209831 1.0
1239 210007 1.0
1240 210111 1.0
1241 210209 1.0
1242 210274 1.0
1243 210368 1.0
1244 210425 1.0
1245 210497 1.0
1246 210596 1.0
1247 210683 1.0
1248 210759 1.0
1249 210828 1.0
1250 210903 1.0
1251 210986 1.0
1252 211098 1.0
1253 211183 1.0
1254 211255 1.0
1255 211342 1.0
1256 211429 1.0
1257 211548 1.0
1258 211678 1.0
1259 211765 1.0
1260 211892 1.0
1261 212005 1.0
1262 212097 1.0
1263 212187 1.0
1264 212318 1.0
1265 212404 1.0
1266 212481 1.0
1267 212613 1.0
1268 212707 1.0
1269 212771 1.0
1270 212854 1.0
1271 212993 1.0
1272 213068 1.0
1273 213132 1.0
1274 213200 1.0
1275 213275 1.0
1276 213371 1.0
1277 213436 1.0
1278 213586 1.0
1279 213669 1.0
1280 213768 1.0
1281 213850 1.0
1282 213938 1.0
1283 214010 1.0
1284 214101 1.0
1285 214180 1.0
1286 214319 1.0
1287 214415 1.0
1288 214510 1.0
1289 214584 1.0
1290 214666 1.0
1291 214749 1.0
1292 214924 1.0
1293 215064 1.0
1294 215144 1.0
1295 215231 1.0
1296 215333 1.0
1297 215494 1.0
1298 215578 1.0
1299 215745 1.0
1300 215850 1.0
1301 216023 1.0
1302 216115 1.0
1303 216185 1.0
1304 216272 1.0
1305 216356 1.0
1306 216422 1.0
1307 216512 1.0
1308 216586 1.0
1309 216672 1.0
1310 216800 1.0
1311 216934 1.0
1312 217033 1.0
1313 217241 1.0
1314 217333 1.0
1315 217413 1.0
1316 217486 1.0
1317 217555 1.0
1318 217613 1.0
1319 217728 1.0
1320 217809 1.0
1321 217882 1.0
1322 217978 1.0
1323 218064 1.0
1324 218152 1.0
1325 218281 1.0
1326 218403 1.0
1327 218506 1.0
1328 218606 1.0
1329 218686 1.0
1330 218782 1.0
1331 218858 1.0
1332 218924 1.0
1333 218997 1.0
1334 219070 1.0
1335 219173 1.0
1336 219293 1.0
1337 219360 1.0
1338 219432 1.0
1339 219562 1.0
1340 219641 1.0
1341 219709 1.0
1342 219875 1.0
1343 219953 1.0
1344 220061 1.0
1345 220161 1.0
1346 220251 1.0
1347 220331 1.0
1348 220404 1.0
1349 220526 1.0
1350 220597 1.0
1351 220677 1.0
1352 220750 1.0
1353 220834 1.0
1354 220905 1.0
1355 221025 1.0
1356 221109 1.0
1357 221197 1.0
1358 221284 1.0
1359 221402 1.0
1360 221497 1.0
1361 221609 1.0
1362 221690 1.0
1363 221771 1.0
1364 221881 1.0
1365 221959 1.0
1366 222042 1.0
1367 222142 1.0
1368 222207 1.0
1369 222274 1.0
1370 222354 1.0
1371 222428 1.0
1372 222517 1.0
1373 222636 1.0
1374 222713 1.0
1375 222773 1.0
1376 222855 1.0
1377 222925 1.0
1378 222988 1.0
1379 223062 1.0
1380 223171 1.0
1381 223249 1.0
1382 223386 1.0
1383 223462 1.0
1384 223570 1.0
1385 223650 1.0
1386 223719 1.0
1387 223785 1.0
1388 223890 1.0
1389 223959 1.0
1390 224062 1.0
1391 224161 1.0
1392 224234 1.0
1393 224303 1.0
1394 224395 1.0
1395 224485 1.0
1396 224564 1.0
1397 224669 1.0
1398 224758 1.0
1399 224865 1.0
1400 224930 1.0
1401 225019 1.0
1402 225094 1.0
1403 225187 1.0
1404 225272 1.0
1405 225345 1.0
1406 225438 1.0
1407 225526 1.0
1408 225609 1.0
1409 225679 1.0
1410 225753 1.0
1411 225820 1.0
1412 225916 1.0
1413 226016 1.0
1414 226110 1.0
1415 226177 1.0
1416 226261 1.0
1417 226347 1.0
1418 226438 1.0
1419 226507 1.0
1420 226683 1.0
1421 226801 1.0
1422 226931 1.0
1423 227001 1.0
1424 227105 1.0
1425 227174 1.0
1426 227261 1.0
1427 227378 1.0
1428 227482 1.0
1429 227546 1.0
1430 227627 1.0
1431 227709 1.0
1432 227787 1.0
1433 227891 1.0
1434 227978 1.0
1435 228060 1.0
1436 228143 1.0
1437 228222 1.0
1438 228305 1.0
1439 228386 1.0
1440 228472 1.0
1441 228544 1.0
1442 228613 1.0
1443 228706 1.0
1444 228784 1.0
1445 228891 1.0
1446 228991 1.0
1447 229070 1.0
1448 229159 1.0
1449 229225 1.0
1450 229303 1.0
1451 229390 1.0
1452 229465 1.0
1453 229550 1.0
1454 229607 1.0
1455 229705 1.0
1456 229787 1.0
1457 229899 1.0
1458 230034 1.0
1459 230127 1.0
1460 230191 1.0
1461 230289 1.0
1462 230403 1.0
1463 230520 1.0
1464 230586 1.0
1465 230707 1.0
1466 230829 1.0
1467 230943 1.0
1468 231072 1.0
1469 231149 1.0
1470 231242 1.0
1471 231389 1.0
1472 231463 1.0
1473 231563 1.0
1474 231648 1.0
1475 231710 1.0
1476 231776 1.0
1477 231855 1.0
1478 231934 1.0
1479 232020 1.0
1480 232133 1.0
1481 232262 1.0
1482 232331 1.0
1483 232400 1.0
1484 232477 1.0
1485 232586 1.0
1486 232680 1.0
1487 232755 1.0
1488 232839 1.0
1489 232958 1.0
1490 233035 1.0
1491 233110 1.0
1492 233188 1.0
1493 233313 1.0
1494 233392 1.0
1495 233473 1.0
1496 233541 1.0
1497 233626 1.0
1498 233715 1.0
1499 233805 1.0
1500 233897 1.0
1501 233984 1.0
1502 234077 1.0
1503 234148 1.0
1504 234263 1.0
1505 234362 1.0
1506 234431 1.0
1507 234491 1.0
1508 234562 1.0
1509 234676 1.0
1510 234775 1.0
1511 234865 1.0
1512 234975 1.0
1513 235089 1.0
1514 235166 1.0
1515 235246 1.0
1516 235370 1.0
1517 235486 1.0
1518 235575 1.0
1519 235725 1.0
1520 235801 1.0
1521 235886 1.0
1522 235953 1.0
1523 236019 1.0
1524 236113 1.0
1525 236188 1.0
1526 236276 1.0
1527 236399 1.0
1528 236465 1.0
1529 236560 1.0
1530 236662 1.0
1531 236769 1.0
1532 236844 1.0
1533 236912 1.0
1534 237004 1.0
1535 237092 1.0
1536 237170 1.0
1537 237247 1.0
1538 237319 1.0
1539 237396 1.0
1540 237482 1.0
1541 237567 1.0
1542 237662 1.0
1543 237748 1.0
1544 237869 1.0
1545 237988 1.0
1546 238080 1.0
1547 238197 1.0
1548 238269 1.0
1549 238371 1.0
1550 238468 1.0
1551 238550 1.0
1552 238626 1.0
1553 238701 1.0
1554 238806 1.0
1555 238924 1.0
1556 238994 1.0
1557 239054 1.0
1558 239128 1.0
1559 239207 1.0
1560 239296 1.0
1561 239366 1.0
1562 239432 1.0
1563 239500 1.0
1564 239569 1.0
1565 239667 1.0
1566 239747 1.0
1567 239860 1.0
1568 239945 1.0
1569 240028 1.0
1570 240105 1.0
1571 240186 1.0
1572 240260 1.0
1573 240338 1.0
1574 240436 1.0
1575 240516 1.0
1576 240703 1.0
1577 240790 1.0
1578 240904 1.0
1579 240989 1.0
1580 241066 1.0
1581 241147 1.0
1582 241238 1.0
1583 241319 1.0
1584 241397 1.0
1585 241490 1.0
1586 241595 1.0
1587 241675 1.0
1588 241750 1.0
1589 241862 1.0
1590 241927 1.0
1591 242044 1.0
1592 242111 1.0
1593 242218 1.0
1594 242300 1.0
1595 242364 1.0
1596 242432 1.0
1597 242558 1.0
1598 242626 1.0
1599 242705 1.0
1600 242827 1.0
1601 242918 1.0
1602 242989 1.0
1603 243102 1.0
1604 243189 1.0
1605 243274 1.0
1606 243373 1.0
1607 243488 1.0
1608 243571 1.0
1609 243676 1.0
1610 243753 1.0
1611 243824 1.0
1612 243893 1.0
1613 243975 1.0
1614 244037 1.0
1615 244139 1.0
1616 244210 1.0
1617 244297 1.0
1618 244356 1.0
1619 244425 1.0
1620 244631 1.0
1621 244750 1.0
1622 244831 1.0
1623 244947 1.0
1624 245039 1.0
1625 245128 1.0
1626 245228 1.0
1627 245373 1.0
1628 245472 1.0
1629 245633 1.0
1630 245720 1.0
1631 245820 1.0
1632 245904 1.0
1633 245981 1.0
1634 246037 1.0
1635 246136 1.0
1636 246206 1.0
1637 246290 1.0
1638 246394 1.0
1639 246493 1.0
1640 246614 1.0
1641 246685 1.0
1642 246797 1.0
1643 246868 1.0
1644 246945 1.0
1645 247021 1.0
1646 247113 1.0
1647 247208 1.0
1648 247277 1.0
1649 247364 1.0
1650 247450 1.0
1651 247514 1.0
1652 247609 1.0
1653 247714 1.0
1654 247780 1.0
1655 247910 1.0
1656 248038 1.0
1657 248125 1.0
1658 248203 1.0
1659 248290 1.0
1660 248389 1.0
1661 248468 1.0
1662 248602 1.0
1663 248722 1.0
1664 248797 1.0
1665 248866 1.0
1666 248953 1.0
1667 249086 1.0
1668 249175 1.0
1669 249259 1.0
1670 249353 1.0
1671 249460 1.0
1672 249568 1.0
1673 249702 1.0
1674 249788 1.0
1675 249865 1.0
1676 249940 1.0
1677 250028 1.0
1678 250134 1.0
1679 250203 1.0
1680 250320 1.0
1681 250407 1.0
1682 250483 1.0
1683 250556 1.0
1684 250646 1.0
1685 250785 1.0
1686 250853 1.0
1687 250936 1.0
1688 251019 1.0
1689 251093 1.0
1690 251223 1.0
1691 251328 1.0
1692 251503 1.0
1693 251595 1.0
1694 251679 1.0
1695 251885 1.0
1696 251976 1.0
1697 252072 1.0
1698 252199 1.0
1699 252284 1.0
1700 252401 1.0
1701 252481 1.0
1702 252560 1.0
1703 252625 1.0
1704 252720 1.0
1705 252822 1.0
1706 252919 1.0
1707 253018 1.0
1708 253116 1.0
1709 253274 1.0
1710 253363 1.0
1711 253435 1.0
1712 253527 1.0
1713 253597 1.0
1714 253675 1.0
1715 253746 1.0
1716 253818 1.0
1717 253901 1.0
1718 253962 1.0
1719 254091 1.0
1720 254174 1.0
1721 254267 1.0
1722 254331 1.0
1723 254411 1.0
1724 254522 1.0
1725 254597 1.0
1726 254671 1.0
1727 254818 1.0
1728 254904 1.0
1729 254970 1.0
1730 255055 1.0
1731 255134 1.0
1732 255210 1.0
1733 255274 1.0
1734 255340 1.0
1735 255407 1.0
1736 255489 1.0
1737 255566 1.0
1738 255648 1.0
1739 255735 1.0
1740 255812 1.0
1741 255936 1.0
1742 256007 1.0
1743 256132 1.0
1744 256219 1.0
1745 256283 1.0
1746 256394 1.0
1747 256483 1.0
1748 256572 1.0
1749 256639 1.0
1750 256721 1.0
1751 256847 1.0
1752 256974 1.0
1753 257049 1.0
1754 257113 1.0
1755 257246 1.0
1756 257320 1.0
1757 257432 1.0
1758 257536 1.0
1759 257614 1.0
1760 257798 1.0
1761 257928 1.0
1762 258012 1.0
1763 258089 1.0
1764 258160 1.0
1765 258236 1.0
1766 258298 1.0
1767 258364 1.0
1768 258436 1.0
1769 258504 1.0
1770 258565 1.0
1771 258635 1.0
1772 258758 1.0
1773 258834 1.0
1774 258905 1.0
1775 259040 1.0
1776 259116 1.0
1777 259231 1.0
1778 259310 1.0
1779 259395 1.0
1780 259525 1.0
1781 259599 1.0
1782 259669 1.0
1783 259754 1.0
1784 259816 1.0
1785 259888 1.0
1786 260065 1.0
1787 260159 1.0
1788 260228 1.0
1789 260306 1.0
1790 260395 1.0
1791 260500 1.0
1792 260576 1.0
1793 260792 1.0
1794 260892 1.0
1795 260996 1.0
1796 261078 1.0
1797 261145 1.0
1798 261225 1.0
1799 261303 1.0
1800 261370 1.0
1801 261445 1.0
1802 261529 1.0
1803 261635 1.0
1804 261698 1.0
1805 261786 1.0
1806 261874 1.0
1807 261957 1.0
1808 262112 1.0
1809 262201 1.0
1810 262276 1.0
1811 262369 1.0
1812 262470 1.0
1813 262596 1.0
1814 262701 1.0
1815 262771 1.0
1816 262879 1.0
1817 262971 1.0
1818 263047 1.0
1819 263118 1.0
1820 263245 1.0
1821 263336 1.0
1822 263421 1.0
1823 263547 1.0
1824 263643 1.0
1825 263763 1.0
1826 263832 1.0
1827 263935 1.0
1828 264021 1.0
1829 264105 1.0
1830 264198 1.0
1831 264286 1.0
1832 264360 1.0
1833 264448 1.0
1834 264520 1.0
1835 264609 1.0
1836 264741 1.0
1837 264814 1.0
1838 264902 1.0
1839 264970 1.0
1840 265062 1.0
1841 265145 1.0
1842 265251 1.0
1843 265338 1.0
1844 265410 1.0
1845 265470 1.0
1846 265581 1.0
1847 265668 1.0
1848 265740 1.0
1849 265821 1.0
1850 265948 1.0
1851 266007 1.0
1852 266093 1.0
1853 266152 1.0
1854 266233 1.0
1855 266312 1.0
1856 266435 1.0
1857 266525 1.0
1858 266591 1.0
1859 266678 1.0
1860 266741 1.0
1861 266809 1.0
1862 266890 1.0
1863 267072 1.0
1864 267153 1.0
1865 267249 1.0
1866 267316 1.0
1867 267389 1.0
1868 267456 1.0
1869 267538 1.0
1870 267790 1.0
1871 267887 1.0
1872 267959 1.0
1873 268021 1.0
1874 268120 1.0
1875 268247 1.0
1876 268310 1.0
1877 268407 1.0
1878 268511 1.0
1879 268592 1.0
1880 268717 1.0
1881 268821 1.0
1882 268886 1.0
1883 268950 1.0
1884 269028 1.0
1885 269113 1.0
1886 269204 1.0
1887 269327 1.0
1888 269406 1.0
1889 269479 1.0
1890 269572 1.0
1891 269685 1.0
1892 269779 1.0
1893 269849 1.0
1894 269922 1.0
1895 269993 1.0
1896 270069 1.0
1897 270161 1.0
1898 270253 1.0
1899 270323 1.0
1900 270409 1.0
1901 270478 1.0
1902 270576 1.0
1903 270674 1.0
1904 270751 1.0
1905 270813 1.0
1906 270893 1.0
1907 270960 1.0
1908 271043 1.0
1909 271123 1.0
1910 271220 1.0
1911 271285 1.0
1912 271375 1.0
1913 271439 1.0
1914 271544 1.0
1915 271645 1.0
1916 271732 1.0
1917 271811 1.0
1918 271886 1.0
1919 271986 1.0
1920 272088 1.0
1921 272174 1.0
1922 272254 1.0
1923 272338 1.0
1924 272414 1.0
1925 272495 1.0
1926 272606 1.0
1927 272670 1.0
1928 272751 1.0
1929 272837 1.0
1930 272964 1.0
1931 273039 1.0
1932 273119 1.0
1933 273215 1.0
1934 273326 1.0
1935 273422 1.0
1936 273521 1.0
1937 273590 1.0
1938 273700 1.0
1939 273798 1.0
1940 273890 1.0
1941 273975 1.0
1942 274052 1.0
1943 274123 1.0
1944 274193 1.0
1945 274273 1.0
1946 274444 1.0
1947 274566 1.0
1948 274636 1.0
1949 274710 1.0
1950 274797 1.0
1951 274871 1.0
1952 274975 1.0
1953 275047 1.0
1954 275132 1.0
1955 275211 1.0
1956 275296 1.0
1957 275380 1.0
1958 275451 1.0
1959 275542 1.0
1960 275628 1.0
1961 275712 1.0
1962 275788 1.0
1963 275918 1.0
1964 275992 1.0
1965 276112 1.0
1966 276208 1.0
1967 276291 1.0
1968 276394 1.0
1969 276471 1.0
1970 276580 1.0
1971 276662 1.0
1972 276777 1.0
1973 276840 1.0
1974 276909 1.0
1975 277011 1.0
1976 277082 1.0
1977 277177 1.0
1978 277267 1.0
1979 277331 1.0
1980 277406 1.0
1981 277490 1.0
1982 277570 1.0
1983 277672 1.0
1984 277785 1.0
1985 277873 1.0
1986 277944 1.0
1987 278022 1.0
1988 278113 1.0
1989 278277 1.0
1990 278345 1.0
1991 278424 1.0
1992 278544 1.0
1993 278622 1.0
1994 278730 1.0
1995 278820 1.0
1996 278906 1.0
1997 279048 1.0
1998 279115 1.0
1999 279220 1.0
2000 279296 1.0
2001 279383 1.0
2002 279462 1.0
2003 279534 1.0
2004 279603 1.0
2005 279683 1.0
2006 279773 1.0
2007 279842 1.0
2008 279922 1.0
2009 280021 1.0
2010 280120 1.0
2011 280211 1.0
2012 280269 1.0
2013 280348 1.0
2014 280426 1.0
2015 280559 1.0
2016 280689 1.0
2017 280785 1.0
2018 280907 1.0
2019 280971 1.0
2020 281033 1.0
2021 281110 1.0
2022 281175 1.0
2023 281249 1.0
2024 281335 1.0
2025 281419 1.0
2026 281483 1.0
2027 281568 1.0
2028 281651 1.0
2029 281731 1.0
2030 281823 1.0
2031 281905 1.0
2032 282012 1.0
2033 282073 1.0
2034 282132 1.0
2035 282240 1.0
2036 282361 1.0
2037 282462 1.0
2038 282523 1.0
2039 282614 1.0
2040 282697 1.0
2041 282817 1.0
2042 282898 1.0
2043 282974 1.0
2044 283072 1.0
2045 283142 1.0
2046 283234 1.0
2047 283334 1.0
2048 283413 1.0
2049 283507 1.0
2050 283596 1.0
2051 283663 1.0
2052 283735 1.0
2053 283793 1.0
2054 283875 1.0
2055 283952 1.0
2056 284035 1.0
2057 284112 1.0
2058 284216 1.0
2059 284306 1.0
2060 284383 1.0
2061 284471 1.0
2062 284547 1.0
2063 284629 1.0
2064 284681 1.0
2065 284762 1.0
2066 284828 1.0
2067 284900 1.0
2068 284966 1.0
2069 285039 1.0
2070 285113 1.0
2071 285177 1.0
2072 285247 1.0
2073 285330 1.0
2074 285476 1.0
2075 285574 1.0
2076 285642 1.0
2077 285745 1.0
2078 285824 1.0
2079 285911 1.0
2080 286035 1.0
2081 286102 1.0
2082 286192 1.0
2083 286299 1.0
2084 286363 1.0
2085 286420 1.0
2086 286521 1.0
2087 286594 1.0
2088 286723 1.0
2089 286840 1.0
2090 286941 1.0
2091 287025 1.0
2092 287104 1.0
2093 287177 1.0
2094 287339 1.0
2095 287411 1.0
2096 287535 1.0
2097 287645 1.0
2098 287730 1.0
2099 287812 1.0
2100 287939 1.0
2101 288009 1.0
2102 288087 1.0
2103 288172 1.0
2104 288258 1.0
2105 288345 1.0
2106 288415 1.0
2107 288488 1.0
2108 288563 1.0
2109 288642 1.0
2110 288701 1.0
2111 288778 1.0
2112 288858 1.0
2113 288952 1.0
2114 289041 1.0
2115 289103 1.0
2116 289202 1.0
2117 289319 1.0
2118 289382 1.0
2119 289466 1.0
2120 289544 1.0
2121 289656 1.0
2122 289783 1.0
2123 289867 1.0
2124 289941 1.0
2125 290100 1.0
2126 290165 1.0
2127 290249 1.0
2128 290317 1.0
2129 290376 1.0
2130 290458 1.0
2131 290538 1.0
2132 290633 1.0
2133 290702 1.0
2134 290786 1.0
2135 290853 1.0
2136 290931 1.0
2137 291014 1.0
2138 291108 1.0
2139 291198 1.0
2140 291267 1.0
2141 291338 1.0
2142 291441 1.0
2143 291521 1.0
2144 291657 1.0
2145 291725 1.0
2146 291795 1.0
2147 291915 1.0
2148 291999 1.0
2149 292063 1.0
2150 292130 1.0
2151 292215 1.0
2152 292306 1.0
2153 292378 1.0
2154 292451 1.0
2155 292590 1.0
2156 292658 1.0
2157 292768 1.0
2158 292829 1.0
2159 292902 1.0
2160 292986 1.0
2161 293061 1.0
2162 293140 1.0
2163 293201 1.0
2164 293265 1.0
2165 293342 1.0
2166 293414 1.0
2167 293473 1.0
2168 293560 1.0
2169 293657 1.0
2170 293718 1.0
2171 293795 1.0
2172 293866 1.0
2173 293995 1.0
2174 294066 1.0
2175 294121 1.0
2176 294187 1.0
2177 294282 1.0
2178 294367 1.0
2179 294496 1.0
2180 294554 1.0
2181 294633 1.0
2182 294761 1.0
2183 294833 1.0
2184 294901 1.0
2185 294982 1.0
2186 295088 1.0
2187 295179 1.0
2188 295278 1.0
2189 295371 1.0
2190 295464 1.0
2191 295561 1.0
2192 295635 1.0
2193 295713 1.0
2194 295801 1.0
2195 295879 1.0
2196 295952 1.0
2197 296029 1.0
2198 296101 1.0
2199 296230 1.0
2200 296306 1.0
2201 296388 1.0
2202 296458 1.0
2203 296564 1.0
2204 296663 1.0
2205 296774 1.0
2206 296915 1.0
2207 296972 1.0
2208 297043 1.0
2209 297108 1.0
2210 297209 1.0
2211 297296 1.0
2212 297371 1.0
2213 297445 1.0
2214 297559 1.0
2215 297640 1.0
2216 297709 1.0
2217 297800 1.0
2218 297885 1.0
2219 297955 1.0
2220 298030 1.0
2221 298100 1.0
2222 298172 1.0
2223 298242 1.0
2224 298310 1.0
2225 298384 1.0
2226 298472 1.0
2227 298550 1.0
2228 298634 1.0
2229 298689 1.0
2230 298765 1.0
2231 298888 1.0
2232 298975 1.0
2233 299133 1.0
2234 299219 1.0
2235 299309 1.0
2236 299384 1.0
2237 299452 1.0
2238 299514 1.0
2239 299576 1.0
2240 299662 1.0
2241 299765 1.0
2242 299849 1.0
2243 299969 1.0
2244 300031 1.0
2245 300106 1.0
2246 300203 1.0
2247 300291 1.0
2248 300363 1.0
2249 300446 1.0
2250 300554 1.0
2251 300626 1.0
2252 300708 1.0
2253 300783 1.0
2254 300876 1.0
2255 301105 1.0
2256 301175 1.0
2257 301316 1.0
2258 301406 1.0
2259 301470 1.0
2260 301761 1.0
2261 301865 1.0
2262 301933 1.0
2263 302005 1.0
2264 302076 1.0
2265 302171 1.0
2266 302247 1.0
2267 302311 1.0
2268 302387 1.0
2269 302480 1.0
2270 302559 1.0
2271 302704 1.0
2272 302784 1.0
2273 302866 1.0
2274 302936 1.0
2275 303018 1.0
2276 303121 1.0
2277 303233 1.0
2278 303298 1.0
2279 303357 1.0
2280 303428 1.0
2281 303493 1.0
2282 303560 1.0
2283 303654 1.0
2284 303717 1.0
2285 303790 1.0
2286 303858 1.0
2287 303926 1.0
2288 303991 1.0
2289 304090 1.0
2290 304174 1.0
2291 304237 1.0
2292 304296 1.0
2293 304425 1.0
2294 304498 1.0
2295 304602 1.0
2296 304687 1.0
2297 304803 1.0
2298 304913 1.0
2299 304986 1.0
2300 305052 1.0
2301 305135 1.0
2302 305213 1.0
2303 305302 1.0
2304 305382 1.0
2305 305468 1.0
2306 305568 1.0
2307 305624 1.0
2308 305804 1.0
2309 305891 1.0
2310 305970 1.0
2311 306032 1.0
2312 306105 1.0
2313 306205 1.0
2314 306262 1.0
2315 306323 1.0
2316 306410 1.0
2317 306477 1.0
2318 306542 1.0
2319 306617 1.0
2320 306692 1.0
2321 306762 1.0
2322 306832 1.0
2323 306914 1.0
2324 306976 1.0
2325 307056 1.0
2326 307120 1.0
2327 307212 1.0
2328 307297 1.0
2329 307379 1.0
2330 307452 1.0
2331 307614 1.0
2332 307677 1.0
2333 307839 1.0
2334 307918 1.0
2335 307974 1.0
2336 308096 1.0
2337 308159 1.0
2338 308253 1.0
2339 308324 1.0
2340 308380 1.0
2341 308462 1.0
2342 308519 1.0
2343 308601 1.0
2344 308666 1.0
2345 308734 1.0
2346 308820 1.0
2347 308900 1.0
2348 308985 1.0
2349 309106 1.0
2350 309180 1.0
2351 309253 1.0
2352 309330 1.0
2353 309416 1.0
2354 309485 1.0
2355 309561 1.0
2356 309645 1.0
2357 309735 1.0
2358 309804 1.0
2359 309882 1.0
2360 309961 1.0
2361 310020 1.0
2362 310085 1.0
2363 310196 1.0
2364 310272 1.0
2365 310351 1.0
2366 310419 1.0
2367 310481 1.0
2368 310543 1.0
2369 310612 1.0
2370 310757 1.0
2371 310842 1.0
2372 310925 1.0
2373 311007 1.0
2374 311086 1.0
2375 311163 1.0
2376 311219 1.0
2377 311299 1.0
2378 311372 1.0
2379 311438 1.0
2380 311526 1.0
2381 311618 1.0
2382 311711 1.0
2383 311785 1.0
2384 311866 1.0
2385 311956 1.0
2386 312024 1.0
2387 312085 1.0
2388 312166 1.0
2389 312227 1.0
2390 312399 1.0
2391 312480 1.0
2392 312546 1.0
2393 312628 1.0
2394 312702 1.0
2395 312782 1.0
2396 312872 1.0
2397 312937 1.0
2398 313013 1.0
2399 313078 1.0
2400 313154 1.0
2401 313232 1.0
2402 313331 1.0
2403 313396 1.0
2404 313487 1.0
2405 313563 1.0
2406 313696 1.0
2407 313769 1.0
2408 313857 1.0
2409 313945 1.0
2410 314014 1.0
2411 314080 1.0
2412 314225 1.0
2413 314297 1.0
2414 314378 1.0
2415 314435 1.0
2416 314571 1.0
2417 314684 1.0
2418 314842 1.0
2419 314937 1.0
2420 315012 1.0
2421 315086 1.0
2422 315159 1.0
2423 315225 1.0
2424 315299 1.0
2425 315399 1.0
2426 315486 1.0
2427 315563 1.0
2428 315625 1.0
2429 315704 1.0
2430 315783 1.0
2431 315952 1.0
2432 316031 1.0
2433 316134 1.0
2434 316215 1.0
2435 316308 1.0
2436 316419 1.0
2437 316478 1.0
2438 316535 1.0
2439 316607 1.0
2440 316677 1.0
2441 316739 1.0
2442 316842 1.0
2443 316907 1.0
2444 317031 1.0
2445 317142 1.0
2446 317216 1.0
2447 317290 1.0
2448 317350 1.0
2449 317412 1.0
2450 317483 1.0
2451 317610 1.0
2452 317709 1.0
2453 317829 1.0
2454 317903 1.0
2455 317968 1.0
2456 318057 1.0
2457 318129 1.0
2458 318201 1.0
2459 318313 1.0
2460 318390 1.0
2461 318512 1.0
2462 318583 1.0
2463 318647 1.0
2464 318713 1.0
2465 318798 1.0
2466 318868 1.0
2467 318936 1.0
2468 319008 1.0
2469 319076 1.0
2470 319157 1.0
2471 319236 1.0
2472 319300 1.0
2473 319371 1.0
2474 319450 1.0
2475 319514 1.0
2476 319598 1.0
2477 319660 1.0
2478 319775 1.0
2479 319852 1.0
2480 319919 1.0
2481 319974 1.0
2482 320033 1.0
2483 320111 1.0
2484 320172 1.0
2485 320257 1.0
2486 320319 1.0
2487 320399 1.0
2488 320467 1.0
2489 320543 1.0
2490 320614 1.0
2491 320724 1.0
2492 320798 1.0
2493 320878 1.0
2494 321022 1.0
2495 321079 1.0
2496 321283 1.0
2497 321352 1.0
2498 321423 1.0
2499 321486 1.0
2500 321548 1.0
2501 321616 1.0
2502 321710 1.0
2503 321791 1.0
2504 321860 1.0
2505 321943 1.0
2506 322014 1.0
2507 322092 1.0
2508 322171 1.0
2509 322250 1.0
2510 322325 1.0
2511 322463 1.0
2512 322549 1.0
2513 322636 1.0
2514 322751 1.0
2515 322844 1.0
2516 322934 1.0
2517 322999 1.0
2518 323072 1.0
2519 323153 1.0
2520 323217 1.0
2521 323328 1.0
2522 323428 1.0
2523 323539 1.0
2524 323605 1.0
2525 323684 1.0
2526 323755 1.0
2527 323852 1.0
2528 323914 1.0
2529 323996 1.0
2530 324067 1.0
2531 324150 1.0
2532 324221 1.0
2533 324295 1.0
2534 324398 1.0
2535 324468 1.0
2536 324536 1.0
2537 324608 1.0
2538 324758 1.0
2539 324826 1.0
2540 324912 1.0
2541 324978 1.0
2542 325069 1.0
2543 325164 1.0
2544 325223 1.0
2545 325282 1.0
2546 325353 1.0
2547 325477 1.0
2548 325540 1.0
2549 325614 1.0
2550 325682 1.0
2551 325750 1.0
2552 325816 1.0
2553 325888 1.0
2554 325976 1.0
2555 326057 1.0
2556 326134 1.0
2557 326198 1.0
2558 326316 1.0
2559 326390 1.0
2560 326469 1.0
2561 326549 1.0
2562 326637 1.0
2563 326705 1.0
2564 326769 1.0
2565 326916 1.0
2566 327009 1.0
2567 327069 1.0
2568 327138 1.0
2569 327220 1.0
2570 327309 1.0
2571 327427 1.0
2572 327485 1.0
2573 327539 1.0
2574 327617 1.0
2575 327698 1.0
2576 327775 1.0
2577 327860 1.0
2578 327930 1.0
2579 328032 1.0
2580 328138 1.0
2581 328222 1.0
2582 328324 1.0
2583 328414 1.0
2584 328488 1.0
2585 328562 1.0
2586 328643 1.0
2587 328706 1.0
2588 328842 1.0
2589 328915 1.0
2590 328995 1.0
2591 329066 1.0
2592 329141 1.0
2593 329209 1.0
2594 329332 1.0
2595 329408 1.0
2596 329477 1.0
2597 329618 1.0
2598 329787 1.0
2599 329873 1.0
2600 329955 1.0
2601 330038 1.0
2602 330101 1.0
2603 330258 1.0
2604 330333 1.0
2605 330405 1.0
2606 330576 1.0
2607 330645 1.0
2608 330739 1.0
2609 330798 1.0
2610 330860 1.0
2611 330922 1.0
2612 330997 1.0
2613 331078 1.0
2614 331267 1.0
2615 331345 1.0
2616 331500 1.0
2617 331575 1.0
2618 331665 1.0
2619 331753 1.0
2620 331828 1.0
2621 331934 1.0
2622 332054 1.0
2623 332161 1.0
2624 332314 1.0
2625 332404 1.0
2626 332531 1.0
2627 332613 1.0
2628 332728 1.0
2629 332817 1.0
2630 332895 1.0
2631 332958 1.0
2632 333028 1.0
2633 333129 1.0
2634 333208 1.0
2635 333293 1.0
2636 333428 1.0
2637 333492 1.0
2638 333564 1.0
2639 333637 1.0
2640 333784 1.0
2641 333861 1.0
2642 333980 1.0
2643 334044 1.0
2644 334113 1.0
2645 334184 1.0
2646 334273 1.0
2647 334334 1.0
2648 334452 1.0
2649 334523 1.0
2650 334584 1.0
2651 334652 1.0
2652 334844 1.0
2653 334923 1.0
2654 334988 1.0
2655 335055 1.0
2656 335170 1.0
2657 335283 1.0
2658 335377 1.0
2659 335444 1.0
2660 335524 1.0
2661 335603 1.0
2662 335691 1.0
2663 335843 1.0
2664 335913 1.0
2665 335991 1.0
2666 336057 1.0
2667 336158 1.0
2668 336226 1.0
2669 336295 1.0
2670 336421 1.0
2671 336546 1.0
2672 336609 1.0
2673 336688 1.0
2674 336801 1.0
2675 336884 1.0
2676 336981 1.0
2677 337118 1.0
2678 337206 1.0
2679 337284 1.0
2680 337387 1.0
2681 337475 1.0
2682 337554 1.0
2683 337638 1.0
2684 337708 1.0
2685 337778 1.0
2686 337905 1.0
2687 337997 1.0
2688 338079 1.0
2689 338144 1.0
2690 338225 1.0
2691 338288 1.0
2692 338361 1.0
2693 338419 1.0
2694 338480 1.0
2695 338545 1.0
2696 338626 1.0
2697 338712 1.0
2698 338847 1.0
2699 338913 1.0
2700 339006 1.0
2701 339072 1.0
2702 339151 1.0
2703 339229 1.0
2704 339302 1.0
2705 339375 1.0
2706 339459 1.0
2707 339531 1.0
2708 339625 1.0
2709 339712 1.0
2710 339781 1.0
2711 339861 1.0
2712 339918 1.0
2713 339982 1.0
2714 340054 1.0
2715 340117 1.0
2716 340208 1.0
2717 340283 1.0
2718 340369 1.0
2719 340446 1.0
2720 340623 1.0
2721 340692 1.0
2722 340767 1.0
2723 340844 1.0
2724 340914 1.0
2725 341008 1.0
2726 341102 1.0
2727 341173 1.0
2728 341286 1.0
2729 341373 1.0
2730 341459 1.0
2731 341564 1.0
2732 341632 1.0
2733 341698 1.0
2734 341779 1.0
2735 341840 1.0
2736 341926 1.0
2737 342009 1.0
2738 342082 1.0
2739 342164 1.0
2740 342242 1.0
2741 342328 1.0
2742 342404 1.0
2743 342511 1.0
2744 342579 1.0
2745 342654 1.0
2746 342798 1.0
2747 342961 1.0
2748 343035 1.0
2749 343181 1.0
2750 343267 1.0
2751 343325 1.0
2752 343396 1.0
2753 343517 1.0
2754 343617 1.0
2755 343693 1.0
2756 343755 1.0
2757 343816 1.0
2758 343962 1.0
2759 344046 1.0
2760 344129 1.0
2761 344190 1.0
2762 344295 1.0
2763 344380 1.0
2764 344494 1.0
2765 344591 1.0
2766 344775 1.0
2767 344839 1.0
2768 344942 1.0
2769 345026 1.0
2770 345095 1.0
2771 345251 1.0
2772 345332 1.0
2773 345398 1.0
2774 345501 1.0
2775 345589 1.0
2776 345673 1.0
2777 345746 1.0
2778 345834 1.0
2779 345888 1.0
2780 345995 1.0
2781 346098 1.0
2782 346202 1.0
2783 346260 1.0
2784 346330 1.0
2785 346420 1.0
2786 346506 1.0
2787 346592 1.0
2788 346666 1.0
2789 346750 1.0
2790 346834 1.0
2791 346901 1.0
2792 346986 1.0
2793 347056 1.0
2794 347155 1.0
2795 347221 1.0
2796 347302 1.0
2797 347385 1.0
2798 347462 1.0
2799 347543 1.0
2800 347618 1.0
2801 347679 1.0
2802 347746 1.0
2803 347822 1.0
2804 347893 1.0
2805 347956 1.0
2806 348016 1.0
2807 348089 1.0
2808 348156 1.0
2809 348245 1.0
2810 348325 1.0
2811 348395 1.0
2812 348454 1.0
2813 348535 1.0
2814 348628 1.0
2815 348707 1.0
2816 348787 1.0
2817 348876 1.0
2818 348965 1.0
2819 349039 1.0
2820 349122 1.0
2821 349183 1.0
2822 349261 1.0
2823 349328 1.0
2824 349439 1.0
2825 349519 1.0
2826 349578 1.0
2827 349685 1.0
2828 349801 1.0
2829 349868 1.0
2830 349940 1.0
2831 350010 1.0
2832 350091 1.0
2833 350172 1.0
2834 350243 1.0
2835 350318 1.0
2836 350461 1.0
2837 350536 1.0
2838 350603 1.0
2839 350725 1.0
2840 350790 1.0
2841 350935 1.0
2842 351010 1.0
2843 351231 1.0
2844 351308 1.0
2845 351400 1.0
2846 351468 1.0
2847 351574 1.0
2848 351697 1.0
2849 351778 1.0
2850 351884 1.0
2851 351971 1.0
2852 352057 1.0
2853 352135 1.0
2854 352217 1.0
2855 352289 1.0
2856 352362 1.0
2857 352423 1.0
2858 352505 1.0
2859 352592 1.0
2860 352670 1.0
2861 352752 1.0
2862 352827 1.0
2863 352920 1.0
2864 353024 1.0
2865 353109 1.0
2866 353175 1.0
2867 353238 1.0
2868 353320 1.0
2869 353401 1.0
2870 353466 1.0
2871 353553 1.0
2872 353635 1.0
2873 353714 1.0
2874 353808 1.0
2875 353873 1.0
2876 354023 1.0
2877 354106 1.0
2878 354174 1.0
2879 354249 1.0
2880 354308 1.0
2881 354411 1.0
2882 354488 1.0
2883 354583 1.0
2884 354646 1.0
2885 354725 1.0
2886 354798 1.0
2887 354892 1.0
2888 354992 1.0
2889 355071 1.0
2890 355144 1.0
2891 355228 1.0
2892 355313 1.0
2893 355392 1.0
2894 355464 1.0
2895 355528 1.0
2896 355627 1.0
2897 355700 1.0
2898 355780 1.0
2899 355846 1.0
2900 355910 1.0
2901 355984 1.0
2902 356050 1.0
2903 356134 1.0
2904 356237 1.0
2905 356326 1.0
2906 356488 1.0
2907 356549 1.0
2908 356626 1.0
2909 356692 1.0
2910 356746 1.0
2911 356824 1.0
2912 356896 1.0
2913 356963 1.0
2914 357033 1.0
2915 357098 1.0
2916 357193 1.0
2917 357304 1.0
2918 357362 1.0
2919 357432 1.0
2920 357506 1.0
2921 357574 1.0
2922 357711 1.0
2923 357781 1.0
2924 357928 1.0
2925 357994 1.0
2926 358135 1.0
2927 358224 1.0
2928 358291 1.0
2929 358353 1.0
2930 358435 1.0
2931 358497 1.0
2932 358599 1.0
2933 358711 1.0
2934 358848 1.0
2935 359007 1.0
2936 359133 1.0
2937 359238 1.0
2938 359312 1.0
2939 359402 1.0
2940 359486 1.0
2941 359554 1.0
2942 359638 1.0
2943 359699 1.0
2944 359790 0.9900000000000001
2945 359868 0.9900000000000001
2946 359942 0.9900000000000001
2947 360026 0.9900000000000001
2948 360094 0.9900000000000002
2949 360175 0.9900000000000002
2950 360312 0.9900000000000002
2951 360395 0.9900000000000002
2952 360523 0.9900000000000002
2953 360604 0.9900000000000002
2954 360717 0.9900000000000002
2955 360834 0.9900000000000002
2956 360961 0.9900000000000002
2957 361032 0.9900000000000002
2958 361098 0.9900000000000002
2959 361277 0.9900000000000002
2960 361349 0.9900000000000002
2961 361415 0.9900000000000002
2962 361496 0.9900000000000002
2963 361576 0.9900000000000002
2964 361653 0.9900000000000002
2965 361770 0.9900000000000002
2966 361839 0.9900000000000002
2967 361915 0.9900000000000002
2968 362002 0.9900000000000002
2969 362068 0.9900000000000002
2970 362149 0.9900000000000002
2971 362222 0.9900000000000002
2972 362307 0.9900000000000002
2973 362365 0.9900000000000002
2974 362425 0.9900000000000002
2975 362503 0.9900000000000002
2976 362561 0.9900000000000002
2977 362630 0.9900000000000002
2978 362709 0.9900000000000002
2979 362768 0.9900000000000002
2980 362862 0.9900000000000002
2981 362927 0.9900000000000002
2982 363061 0.9900000000000002
2983 363142 0.9900000000000002
2984 363214 0.9900000000000002
2985 363293 0.9900000000000002
2986 363543 0.9900000000000002
2987 363631 0.9900000000000002
2988 363696 0.9900000000000002
2989 363774 0.9900000000000002
2990 363873 0.9900000000000002
2991 363943 0.9900000000000002
2992 364021 0.9900000000000002
2993 364101 0.9900000000000002
2994 364183 0.9900000000000002
2995 364427 0.9900000000000002
2996 364493 0.9900000000000002
2997 364589 0.9900000000000002
2998 364665 0.9900000000000002
2999 364754 0.9900000000000002
3000 364812 0.9900000000000002
3001 364897 0.9900000000000002
3002 364982 0.9900000000000002
3003 365045 0.9900000000000002
3004 365121 0.9900000000000002
3005 365183 0.9900000000000002
3006 365252 0.9900000000000002
3007 365319 0.9900000000000002
3008 365444 0.9900000000000002
3009 365522 0.9900000000000002
3010 365615 0.9900000000000002
3011 365681 0.9900000000000002
3012 365741 0.9900000000000002
3013 365835 0.9900000000000002
3014 365902 0.9900000000000002
3015 365973 0.9900000000000002
3016 366050 0.9900000000000002
3017 366126 0.9900000000000002
3018 366182 0.9900000000000002
3019 366276 0.9900000000000002
3020 366352 0.9900000000000002
3021 366433 0.9900000000000002
3022 366534 0.9900000000000002
3023 366621 0.9900000000000002
3024 366702 0.9900000000000002
3025 366766 0.9900000000000002
3026 366859 0.9900000000000002
3027 366990 0.9900000000000002
3028 367059 0.9900000000000002
3029 367127 0.9900000000000002
3030 367206 0.9900000000000002
3031 367304 0.9900000000000002
3032 367391 0.9900000000000002
3033 367458 0.9900000000000002
3034 367534 0.9900000000000002
3035 367615 0.9900000000000002
3036 367680 0.9900000000000002
3037 367810 0.9900000000000002
3038 367902 0.9900000000000002
3039 367970 0.9900000000000002
3040 368041 0.9900000000000002
3041 368130 0.9900000000000002
3042 368264 0.9900000000000002
3043 368564 0.9900000000000002
3044 368642 1.0
3045 368716 1.0
3046 368778 1.0
3047 368851 1.0
3048 368905 1.0
3049 368986 1.0
3050 369045 1.0
3051 369123 1.0
3052 369179 1.0
3053 369266 1.0
3054 369363 1.0
3055 369513 1.0
3056 369606 1.0
3057 369673 1.0
3058 369737 1.0
3059 369794 1.0
3060 369869 1.0
3061 370067 1.0
3062 370147 1.0
3063 370217 1.0
3064 370287 1.0
3065 370409 1.0
3066 370522 1.0
3067 370612 1.0
3068 370681 1.0
3069 370751 1.0
3070 370832 1.0
3071 370904 1.0
3072 370981 1.0
3073 371060 1.0
3074 371202 1.0
3075 371272 1.0
3076 371446 1.0
3077 371516 1.0
3078 371577 1.0
3079 371657 1.0
3080 371733 1.0
3081 371812 1.0
3082 371890 1.0
3083 371957 1.0
3084 372011 1.0
3085 372118 1.0
3086 372189 1.0
3087 372274 1.0
3088 372335 1.0
3089 372422 1.0
3090 372490 1.0
3091 372570 1.0
3092 372645 1.0
3093 372725 1.0
3094 372800 1.0
3095 372866 1.0
3096 372970 1.0
3097 373091 1.0
3098 373181 1.0
3099 373237 1.0
3100 373306 1.0
3101 373371 1.0
3102 373439 1.0
3103 373527 1.0
3104 373633 1.0
3105 373707 1.0
3106 373776 1.0
3107 373926 1.0
3108 373993 1.0
3109 374061 1.0
3110 374147 1.0
3111 374234 1.0
3112 374315 1.0
3113 374378 1.0
3114 374442 1.0
3115 374510 1.0
3116 374588 1.0
3117 374698 1.0
3118 374792 1.0
3119 374856 1.0
3120 374932 1.0
3121 375000 1.0
3122 375090 1.0
3123 375147 1.0
3124 375217 1.0
3125 375280 1.0
3126 375344 1.0
3127 375414 1.0
3128 375504 1.0
3129 375599 1.0
3130 375720 1.0
3131 375820 1.0
3132 375886 1.0
3133 375947 1.0
3134 376024 1.0
3135 376105 1.0
3136 376186 1.0
3137 376250 1.0
3138 376402 1.0
3139 376461 1.0
3140 376536 1.0
3141 376618 1.0
3142 376709 1.0
3143 376792 1.0
3144 376879 1.0
3145 376951 1.0
3146 377032 1.0
3147 377109 1.0
3148 377181 1.0
3149 377258 1.0
3150 377391 1.0
3151 377488 1.0
3152 377601 1.0
3153 377665 1.0
3154 377798 1.0
3155 377888 1.0
3156 378040 1.0
3157 378152 1.0
3158 378232 1.0
3159 378306 1.0
3160 378399 1.0
3161 378472 1.0
3162 378575 1.0
3163 378653 1.0
3164 378785 1.0
3165 378857 1.0
3166 378928 1.0
3167 378998 1.0
3168 379067 1.0
3169 379136 1.0
3170 379212 1.0
3171 379281 1.0
3172 379372 1.0
3173 379474 1.0
3174 379576 1.0
3175 379659 1.0
3176 379844 1.0
3177 379912 1.0
3178 379979 1.0
3179 380117 1.0
3180 380208 1.0
3181 380275 1.0
3182 380410 1.0
3183 380530 1.0
3184 380595 1.0
3185 380661 1.0
3186 380755 1.0
3187 380818 1.0
3188 380890 1.0
3189 380957 1.0
3190 381098 1.0
3191 381182 1.0
3192 381241 1.0
3193 381307 1.0
3194 381394 1.0
3195 381452 1.0
3196 381517 1.0
3197 381606 1.0
3198 381678 1.0
3199 381770 1.0
3200 381831 1.0
3201 381899 1.0
3202 381981 1.0
3203 382050 1.0
3204 382133 1.0
3205 382205 1.0
3206 382269 1.0
3207 382363 1.0
3208 382448 1.0
3209 382515 1.0
3210 382674 1.0
3211 382738 1.0
3212 382809 1.0
3213 382892 1.0
3214 382968 1.0
3215 383025 1.0
3216 383091 1.0
3217 383183 1.0
3218 383238 1.0
3219 383342 1.0
3220 383403 1.0
3221 383495 1.0
3222 383560 1.0
3223 383628 1.0
3224 383743 1.0
3225 383815 1.0
3226 383917 1.0
3227 383992 1.0
3228 384065 1.0
3229 384160 1.0
3230 384227 1.0
3231 384301 1.0
3232 384367 1.0
3233 384446 1.0
3234 384536 1.0
3235 384604 1.0
3236 384691 1.0
3237 384762 1.0
3238 384856 1.0
3239 384942 1.0
3240 385024 1.0
3241 385138 1.0
3242 385204 1.0
3243 385272 1.0
3244 385358 1.0
3245 385416 1.0
3246 385503 1.0
3247 385587 1.0
3248 385647 1.0
3249 385716 1.0
3250 385779 1.0
3251 385850 1.0
3252 385931 1.0
3253 386013 1.0
3254 386116 1.0
3255 386196 1.0
3256 386343 1.0
3257 386491 1.0
3258 386556 1.0
3259 386620 1.0
3260 386707 1.0
3261 386806 1.0
3262 386877 1.0
3263 386954 1.0
3264 387022 1.0
3265 387099 1.0
3266 387199 1.0
3267 387266 1.0
3268 387390 1.0
3269 387456 1.0
3270 387525 1.0
3271 387603 1.0
3272 387713 1.0
3273 387838 1.0
3274 387901 1.0
3275 387978 1.0
3276 388118 1.0
3277 388184 1.0
3278 388256 1.0
3279 388322 1.0
3280 388387 1.0
3281 388471 1.0
3282 388546 1.0
3283 388619 1.0
3284 388690 1.0
3285 388754 1.0
3286 388826 1.0
3287 388900 1.0
3288 388963 1.0
3289 389054 1.0
3290 389178 1.0
3291 389255 1.0
3292 389347 1.0
3293 389437 1.0
3294 389508 1.0
3295 389622 1.0
3296 389682 1.0
3297 389747 1.0
3298 389904 1.0
3299 390059 1.0
3300 390126 1.0
3301 390192 1.0
3302 390267 1.0
3303 390403 1.0
3304 390467 1.0
3305 390536 1.0
3306 390633 1.0
3307 390788 1.0
3308 390856 1.0
3309 390910 1.0
3310 390975 1.0
3311 391051 1.0
3312 391160 1.0
3313 391226 1.0
3314 391321 1.0
3315 391427 1.0
3316 391519 1.0
3317 391596 1.0
