1 276 0.0
2 576 0.0
3 876 0.0
4 1176 0.0
5 1476 0.0
6 1776 0.0
7 2076 0.0
8 2376 0.0
9 2676 0.0
10 2976 0.0
11 3276 0.0
12 3576 0.0
13 3876 0.0
14 4176 0.0
15 4476 0.0
16 4776 0.0
17 5076 0.0
18 5376 0.0
19 5676 0.0
20 5976 0.0
21 6276 0.0
22 6576 0.0
23 6876 0.0
24 7176 0.0
25 7476 0.0
26 7776 0.0
27 8076 0.0
28 8376 0.0
29 8676 0.0
30 8976 0.0
31 9276 0.0
32 9576 0.0
33 9876 0.0
34 10176 0.0
35 10476 0.0
36 10776 0.0
37 11076 0.0
38 11376 0.0
39 11676 0.0
40 11976 0.0
41 12276 0.0
42 12576 0.0
43 12876 0.0
44 13176 0.0
45 13476 0.0
46 13776 0.0
47 14076 0.0
48 14376 0.0
49 14676 0.0
50 14976 0.0
51 15276 0.0
52 15576 0.0
53 15876 0.0
54 16176 0.0
55 16476 0.0
56 16776 0.0
57 17076 0.0
58 17376 0.0
59 17676 0.0
60 17976 0.0
61 18276 0.0
62 18576 0.0
63 18876 0.0
64 19176 0.0
65 19476 0.0
66 19776 0.0
67 19995 0.0
68 20295 0.0
69 20595 0.0
70 20895 0.0
71 21195 0.0
72 21495 0.0
73 21795 0.0
74 22095 0.0
75 22395 0.0
76 22695 0.0
77 22995 0.0
78 23295 0.0
79 23595 0.0
80 23895 0.0
81 24195 0.0
82 24495 0.0
83 24795 0.0
84 25095 0.0
85 25395 0.0
86 25695 0.0
87 25995 0.0
88 26295 0.0
89 26595 0.0
90 26895 0.0
91 27195 0.0
92 27495 0.0
93 27795 0.0
94 28095 0.0
95 28395 0.0
96 28695 0.0
97 28995 0.0
98 29295 0.0
99 29595 0.0
100 29895 0.0
101 30195 0.0
102 30495 0.0
103 30795 0.0
104 31095 0.0
105 31395 0.0
106 31695 0.0
107 31995 0.0
108 32295 0.0
109 32595 0.0
110 32895 0.0
111 33195 0.0
112 33495 0.0
113 33795 0.0
114 34095 0.0
115 34395 0.0
116 34695 0.0
117 34995 0.0
118 35295 0.0
119 35595 0.0
120 35895 0.0
121 36195 0.0
122 36495 0.0
123 36795 0.0
124 37095 0.0
125 37395 0.0
126 37695 0.0
127 37995 0.0
128 38295 0.0
129 38595 0.0
130 38895 0.0
131 39195 0.0
132 39495 0.0
133 39795 0.0
134 40095 0.0
135 40395 0.0
136 40695 0.0
137 40995 0.0
138 41295 0.0
139 41595 0.0
140 41895 0.0
141 42195 0.0
142 42495 0.0
143 42795 0.0
144 43095 0.0
145 43395 0.0
146 43695 0.0
147 43995 0.0
148 44295 0.0
149 44595 0.0
150 44895 0.0
151 45195 0.0
152 45495 0.0
153 45795 0.0
154 46095 0.0
155 46395 0.0
156 46695 0.0
157 46995 0.0
158 47295 0.0
159 47595 0.0
160 47895 0.0
161 48195 0.0
162 48495 0.0
163 48795 0.0
164 49095 0.0
165 49395 0.0
166 49695 0.0
167 49995 0.0
168 50295 0.0
169 50595 0.0
170 50895 0.0
171 51195 0.0
172 51495 0.0
173 51795 0.0
174 52095 0.0
175 52395 0.0
176 52695 0.0
177 52995 0.0
178 53295 0.0
179 53595 0.0
180 53895 0.0
181 54195 0.0
182 54495 0.0
183 54795 0.0
184 55095 0.0
185 55395 0.0
186 55695 0.0
187 55995 0.0
188 56295 0.0
189 56595 0.0
190 56895 0.0
191 57195 0.0
192 57495 0.0
193 57795 0.0
194 58095 0.0
195 58395 0.0
196 58695 0.0
197 58995 0.0
198 59295 0.0
199 59595 0.0
200 59895 0.0
201 60195 0.0
202 60495 0.0
203 60795 0.0
204 61095 0.0
205 61395 0.0
206 61695 0.0
207 61995 0.0
208 62295 0.0
209 62595 0.0
210 62895 0.0
211 63195 0.0
212 63495 0.0
213 63795 0.0
214 64095 0.0
215 64395 0.0
216 64695 0.0
217 64995 0.0
218 65295 0.0
219 65595 0.0
220 65895 0.0
221 66195 0.0
222 66495 0.0
223 66795 0.0
224 67095 0.0
225 67395 0.0
226 67695 0.0
227 67995 0.0
228 68295 0.0
229 68595 0.0
230 68895 0.0
231 69195 0.0
232 69495 0.0
233 69795 0.0
234 70095 0.0
235 70395 0.0
236 70695 0.0
237 70995 0.0
238 71295 0.0
239 71595 0.0
240 71895 0.0
241 72195 0.0
242 72495 0.0
243 72795 0.0
244 73095 0.0
245 73395 0.0
246 73695 0.0
247 73995 0.0
248 74295 0.0
249 74595 0.0
250 74895 0.0
251 75195 0.0
252 75495 0.0
253 75795 0.0
254 76095 0.0
255 76395 0.0
256 76695 0.0
257 76995 0.0
258 77295 0.0
259 77595 0.0
260 77895 0.0
261 78195 0.0
262 78495 0.0
263 78795 0.0
264 79095 0.0
265 79395 0.0
266 79695 0.0
267 79995 0.0
268 80295 0.0
269 80595 0.0
270 80895 0.0
271 81195 0.0
272 81495 0.0
273 81795 0.0
274 82095 0.0
275 82395 0.0
276 82695 0.0
277 82995 0.0
278 83295 0.0
279 83595 0.0
280 83895 0.0
281 84195 0.0
282 84495 0.0
283 84795 0.0
284 85095 0.0
285 85395 0.0
286 85695 0.0
287 85995 0.0
288 86295 0.0
289 86595 0.0
290 86895 0.0
291 87195 0.0
292 87495 0.0
293 87795 0.0
294 88095 0.0
295 88395 0.0
296 88695 0.0
297 88995 0.0
298 89295 0.0
299 89595 0.0
300 89895 0.0
301 90195 0.0
302 90495 0.0
303 90795 0.0
304 91095 0.0
305 91395 0.0
306 91695 0.0
307 91995 0.0
308 92295 0.0
309 92595 0.0
310 92895 0.0
311 93195 0.0
312 93495 0.0
313 93795 0.0
314 94095 0.0
315 94395 0.0
316 94695 0.0
317 94995 0.0
318 95295 0.0
319 95595 0.0
320 95895 0.0
321 96195 0.0
322 96495 0.0
323 96795 0.0
324 97095 0.0
325 97395 0.0
326 97695 0.0
327 97995 0.0
328 98295 0.0
329 98595 0.0
330 98895 0.0
331 99195 0.0
332 99495 0.0
333 99795 0.0
334 100095 0.0
335 100395 0.0
336 100695 0.0
337 100995 0.0
338 101295 0.0
339 101595 0.0
340 101895 0.0
341 102195 0.0
342 102495 0.0
343 102795 0.0
344 103095 0.0
345 103395 0.0
346 103695 0.0
347 103995 0.0
348 104295 0.0
349 104595 0.0
350 104895 0.0
351 105195 0.0
352 105495 0.0
353 105795 0.0
354 106095 0.0
355 106395 0.0
356 106695 0.0
357 106995 0.0
358 107295 0.0
359 107595 0.0
360 107895 0.0
361 108195 0.0
362 108495 0.0
363 108795 0.0
364 109095 0.0
365 109395 0.0
366 109695 0.0
367 109995 0.0
368 110295 0.0
369 110595 0.0
370 110895 0.0
371 111195 0.0
372 111495 0.0
373 111795 0.0
374 112095 0.0
375 112395 0.0
376 112553 0.0
377 112853 0.0
378 113153 0.0
379 113453 0.0
380 113753 0.0
381 114053 0.0
382 114353 0.0
383 114653 0.0
384 114953 0.0
385 115253 0.0
386 115553 0.0
387 115853 0.0
388 116153 0.0
389 116453 0.0
390 116753 0.0
391 117053 0.0
392 117353 0.0
393 117653 0.0
394 117953 0.0
395 118253 0.0
396 118553 0.0
397 118853 0.0
398 119153 0.0
399 119453 0.0
400 119753 0.0
401 120053 0.0
402 120353 0.0
403 120653 0.0
404 120953 0.0
405 121253 0.0
406 121553 0.0
407 121853 0.0
408 122153 0.0
409 122453 0.0
410 122753 0.0
411 123053 0.0
412 123353 0.0
413 123653 0.0
414 123953 0.0
415 124253 0.0
416 124553 0.0
417 124853 0.0
418 125153 0.0
419 125453 0.0
420 125753 0.0
421 126053 0.0
422 126353 0.0
423 126653 0.0
424 126953 0.0
425 127253 0.0
426 127553 0.0
427 127853 0.0
428 128153 0.0
429 128453 0.0
430 128753 0.0
431 129053 0.0
432 129353 0.0
433 129653 0.0
434 129854 0.0
435 130154 0.0
436 130454 0.0
437 130754 0.0
438 131054 0.0
439 131354 0.0
440 131654 0.0
441 131954 0.0
442 132254 0.0
443 132386 0.0
444 132686 0.0
445 132986 0.0
446 133286 0.0
447 133586 0.0
448 133886 0.0
449 134186 0.0
450 134486 0.0
451 134786 0.0
452 135086 0.0
453 135386 0.0
454 135686 0.0
455 135986 0.0
456 136286 0.0
457 136586 0.0
458 136886 0.0
459 137186 0.0
460 137486 0.0
461 137786 0.0
462 138086 0.0
463 138386 0.0
464 138686 0.0
465 138986 0.0
466 139286 0.0
467 139586 0.0
468 139886 0.0
469 140186 0.0
470 140486 0.0
471 140786 0.0
472 141079 0.0
473 141379 0.0
474 141679 0.0
475 141979 0.0
476 142279 0.0
477 142411 0.0
478 142711 0.0
479 143011 0.0
480 143311 0.0
481 143611 0.0
482 143911 0.0
483 144211 0.0
484 144511 0.0
485 144811 0.0
486 145111 0.0
487 145411 0.0
488 145711 0.0
489 146011 0.0
490 146311 0.0
491 146611 0.0
492 146911 0.0
493 147211 0.0
494 147510 0.0
495 147810 0.0
496 148110 0.0
497 148410 0.0
498 148710 0.0
499 149010 0.0
500 149310 0.0
501 149610 0.0
502 149910 0.0
503 150210 0.0
504 150510 0.0
505 150810 0.0
506 151110 0.0
507 151410 0.0
508 151710 0.0
509 152010 0.0
510 152310 0.0
511 152570 0.0
512 152870 0.0
513 153170 0.0
514 153470 0.0
515 153770 0.0
516 154070 0.0
517 154370 0.0
518 154670 0.0
519 154970 0.0
520 155270 0.0
521 155570 0.0
522 155870 0.0
523 156170 0.0
524 156470 0.0
525 156770 0.0
526 157070 0.0
527 157370 0.0
528 157670 0.0
529 157801 0.0
530 158101 0.0
531 158401 0.0
532 158647 0.0
533 158947 0.0
534 159247 0.0
535 159547 0.0
536 159847 0.0
537 160147 0.0
538 160447 0.0
539 160747 0.0
540 161047 0.0
541 161347 0.0
542 161647 0.0
543 161947 0.0
544 162247 0.0
545 162547 0.0
546 162847 0.0
547 163147 0.0
548 163447 0.0
549 163747 0.0
550 164047 0.0
551 164347 0.0
552 164647 0.0
553 164947 0.0
554 165247 0.0
555 165547 0.0
556 165847 0.0
557 166147 0.0
558 166447 0.0
559 166747 0.0
560 167047 0.0
561 167347 0.0
562 167647 0.0
563 167947 0.0
564 168247 0.0
565 168547 0.0
566 168847 0.0
567 169147 0.0
568 169447 0.0
569 169747 0.0
570 170047 0.0
571 170347 0.0
572 170647 0.0
573 170947 0.0
574 171247 0.0
575 171547 0.0
576 171847 0.0
577 172147 0.0
578 172447 0.0
579 172747 0.0
580 173047 0.0
581 173347 0.0
582 173647 0.0
583 173947 0.0
584 174247 0.0
585 174547 0.0
586 174847 0.0
587 175147 0.0
588 175447 0.0
589 175747 0.0
590 176047 0.0
591 176347 0.0
592 176647 0.0
593 176947 0.0
594 177247 0.0
595 177547 0.0
596 177847 0.0
597 178147 0.0
598 178447 0.0
599 178747 0.0
600 179047 0.0
601 179347 0.0
602 179647 0.0
603 179947 0.0
604 180247 0.0
605 180547 0.0
606 180847 0.0
607 181147 0.0
608 181447 0.0
609 181747 0.0
610 182047 0.0
611 182347 0.0
612 182647 0.0
613 182947 0.0
614 183247 0.0
615 183422 0.0
616 183722 0.0
617 184022 0.0
618 184322 0.0
619 184622 0.0
620 184908 0.0
621 185208 0.0
622 185508 0.0
623 185808 0.0
624 186108 0.0
625 186408 0.0
626 186708 0.0
627 187008 0.0
628 187308 0.0
629 187608 0.0
630 187908 0.0
631 188208 0.0
632 188508 0.0
633 188808 0.0
634 189108 0.0
635 189408 0.0
636 189708 0.0
637 190008 0.0
638 190308 0.0
639 190608 0.0
640 190908 0.0
641 191208 0.0
642 191508 0.0
643 191808 0.0
644 192108 0.0
645 192408 0.0
646 192708 0.0
647 193008 0.0
648 193308 0.0
649 193608 0.0
650 193908 0.0
651 194208 0.0
652 194508 0.0
653 194808 0.0
654 195043 0.0
655 195343 0.0
656 195643 0.0
657 195943 0.0
658 196243 0.0
659 196543 0.0
660 196843 0.0
661 197143 0.0
662 197443 0.0
663 197743 0.0
664 198043 0.0
665 198343 0.0
666 198643 0.0
667 198943 0.0
668 199243 0.0
669 199543 0.0
670 199843 0.0
671 200143 0.0
672 200443 0.0
673 200743 0.0
674 201043 0.0
675 201343 0.0
676 201643 0.0
677 201943 0.0
678 202243 0.0
679 202543 0.0
680 202843 0.0
681 203143 0.0
682 203443 0.0
683 203743 0.0
684 204043 0.0
685 204343 0.0
686 204643 0.0
687 204943 0.0
688 205243 0.0
689 205543 0.0
690 205843 0.0
691 206143 0.0
692 206443 0.0
693 206743 0.0
694 207043 0.0
695 207343 0.0
696 207643 0.0
697 207943 0.0
698 208243 0.0
699 208543 0.0
700 208843 0.0
701 209143 0.0
702 209443 0.0
703 209743 0.0
704 210043 0.0
705 210343 0.0
706 210643 0.0
707 210943 0.0
708 211243 0.0
709 211428 0.0
710 211728 0.0
711 212028 0.0
712 212328 0.0
713 212628 0.0
714 212928 0.0
715 213228 0.0
716 213528 0.0
717 213828 0.0
718 214128 0.0
719 214428 0.0
720 214728 0.0
721 215028 0.0
722 215328 0.0
723 215628 0.0
724 215928 0.0
725 216228 0.0
726 216528 0.0
727 216828 0.0
728 217128 0.0
729 217428 0.0
730 217728 0.0
731 218028 0.0
732 218328 0.0
733 218628 0.0
734 218928 0.0
735 219228 0.0
736 219528 0.0
737 219828 0.0
738 220029 0.0
739 220329 0.0
740 220629 0.0
741 220929 0.0
742 221229 0.0
743 221529 0.0
744 221829 0.0
745 222129 0.0
746 222429 0.0
747 222729 0.0
748 223029 0.0
749 223329 0.0
750 223629 0.0
751 223929 0.0
752 224229 0.0
753 224529 0.0
754 224829 0.0
755 225129 0.0
756 225262 0.0
757 225562 0.0
758 225862 0.0
759 226162 0.0
760 226462 0.0
761 226762 0.0
762 227062 0.0
763 227362 0.0
764 227662 0.0
765 227962 0.0
766 228262 0.0
767 228562 0.0
768 228862 0.0
769 229162 0.0
770 229462 0.0
771 229762 0.0
772 230062 0.0
773 230362 0.0
774 230662 0.0
775 230962 0.0
776 231262 0.0
777 231562 0.0
778 231862 0.0
779 232162 0.0
780 232462 0.0
781 232762 0.0
782 233062 0.0
783 233362 0.0
784 233662 0.0
785 233962 0.0
786 234262 0.0
787 234562 0.0
788 234862 0.0
789 235162 0.0
790 235462 0.0
791 235762 0.0
792 236062 0.0
793 236362 0.0
794 236662 0.0
795 236962 0.0
796 237262 0.0
797 237562 0.0
798 237862 0.0
799 238162 0.0
800 238462 0.0
801 238762 0.0
802 239062 0.0
803 239362 0.0
804 239662 0.0
805 239962 0.0
806 240262 0.0
807 240562 0.0
808 240862 0.0
809 241162 0.0
810 241462 0.0
811 241762 0.0
812 242062 0.0
813 242362 0.0
814 242662 0.0
815 242962 0.0
816 243262 0.0
817 243562 0.0
818 243862 0.0
819 244162 0.0
820 244462 0.0
821 244762 0.0
822 245062 0.0
823 245362 0.0
824 245662 0.0
825 245962 0.0
826 246262 0.0
827 246562 0.0
828 246862 0.0
829 247162 0.0
830 247462 0.0
831 247762 0.0
832 248062 0.0
833 248362 0.0
834 248662 0.0
835 248962 0.0
836 249262 0.0
837 249562 0.0
838 249862 0.0
839 250162 0.0
840 250462 0.0
841 250762 0.0
842 251062 0.0
843 251362 0.0
844 251662 0.0
845 251962 0.0
846 252262 0.0
847 252562 0.0
848 252745 0.0
849 253045 0.0
850 253345 0.0
851 253645 0.0
852 253945 0.0
853 254245 0.0
854 254545 0.0
855 254845 0.0
856 255145 0.0
857 255445 0.0
858 255745 0.0
859 256045 0.0
860 256345 0.0
861 256645 0.0
862 256945 0.0
863 257245 0.0
864 257545 0.0
865 257845 0.0
866 258145 0.0
867 258445 0.0
868 258745 0.0
869 259045 0.0
870 259345 0.0
871 259645 0.0
872 259945 0.0
873 260245 0.0
874 260545 0.0
875 260845 0.0
876 261145 0.0
877 261336 0.0
878 261636 0.0
879 261936 0.0
880 262236 0.0
881 262536 0.0
882 262836 0.0
883 263136 0.0
884 263436 0.0
885 263736 0.0
886 264036 0.0
887 264336 0.0
888 264636 0.0
889 264936 0.0
890 265236 0.0
891 265536 0.0
892 265836 0.0
893 266136 0.0
894 266436 0.0
895 266736 0.0
896 267036 0.0
897 267336 0.0
898 267636 0.0
899 267936 0.0
900 268236 0.0
901 268536 0.0
902 268836 0.0
903 269136 0.0
904 269436 0.0
905 269736 0.0
906 270036 0.0
907 270244 0.0
908 270544 0.0
909 270844 0.0
910 271144 0.0
911 271444 0.0
912 271744 0.0
913 272036 0.0
914 272336 0.0
915 272636 0.0
916 272936 0.0
917 273113 0.0
918 273413 0.0
919 273713 0.0
920 274013 0.0
921 274313 0.0
922 274613 0.0
923 274913 0.0
924 275213 0.0
925 275513 0.0
926 275813 0.0
927 276113 0.0
928 276413 0.0
929 276713 0.0
930 277013 0.0
931 277313 0.0
932 277613 0.0
933 277913 0.0
934 278213 0.0
935 278513 0.0
936 278813 0.0
937 279113 0.0
938 279413 0.0
939 279713 0.0
940 280013 0.0
941 280313 0.0
942 280613 0.0
943 280913 0.0
944 281213 0.0
945 281513 0.0
946 281813 0.0
947 282113 0.0
948 282413 0.0
949 282713 0.0
950 283013 0.0
951 283313 0.0
952 283613 0.0
953 283913 0.0
954 284213 0.0
955 284513 0.0
956 284813 0.0
957 285113 0.0
958 285413 0.0
959 285713 0.0
960 286013 0.0
961 286313 0.0
962 286613 0.0
963 286913 0.0
964 287213 0.0
965 287513 0.0
966 287813 0.0
967 288113 0.0
968 288413 0.0
969 288713 0.0
970 289013 0.0
971 289313 0.0
972 289613 0.0
973 289913 0.0
974 290213 0.0
975 290513 0.0
976 290813 0.0
977 291113 0.0
978 291413 0.0
979 291713 0.0
980 292013 0.0
981 292313 0.0
982 292613 0.0
983 292880 0.0
984 293180 0.0
985 293480 0.0
986 293780 0.0
987 294080 0.0
988 294380 0.0
989 294680 0.0
990 294980 0.0
991 295280 0.0
992 295580 0.0
993 295880 0.0
994 296180 0.0
995 296480 0.0
996 296780 0.0
997 297080 0.0
998 297380 0.0
999 297680 0.0
1000 297980 0.0
1001 298280 0.0
1002 298580 0.0
1003 298880 0.0
1004 299180 0.0
1005 299480 0.0
1006 299780 0.0
1007 300080 0.0
1008 300380 0.0
1009 300680 0.0
1010 300980 0.0
1011 301280 0.0
1012 301580 0.0
1013 301880 0.0
1014 302180 0.0
1015 302279 0.0
1016 302579 0.0
1017 302879 0.0
1018 303179 0.0
1019 303479 0.0
1020 303779 0.0
1021 304079 0.0
1022 304379 0.0
1023 304679 0.0
1024 304979 0.0
1025 305279 0.0
1026 305579 0.0
1027 305879 0.0
1028 306179 0.0
1029 306479 0.0
1030 306779 0.0
1031 307079 0.0
1032 307379 0.0
1033 307679 0.0
1034 307979 0.0
1035 308279 0.0
1036 308579 0.0
1037 308879 0.0
1038 309179 0.0
1039 309479 0.0
1040 309779 0.0
1041 310079 0.0
1042 310379 0.0
1043 310679 0.0
1044 310979 0.0
1045 311279 0.0
1046 311579 0.0
1047 311879 0.0
1048 312179 0.0
1049 312479 0.0
1050 312779 0.0
1051 313079 0.0
1052 313379 0.0
1053 313679 0.0
1054 313979 0.0
1055 314279 0.0
1056 314579 0.0
1057 314879 0.0
1058 315179 0.0
1059 315479 0.0
1060 315779 0.0
1061 316079 0.0
1062 316379 0.0
1063 316679 0.0
1064 316979 0.0
1065 317279 0.0
1066 317579 0.0
1067 317879 0.0
1068 318179 0.0
1069 318479 0.0
1070 318779 0.0
1071 319079 0.0
1072 319379 0.0
1073 319679 0.0
1074 319979 0.0
1075 320279 0.0
1076 320579 0.0
1077 320879 0.0
1078 321179 0.0
1079 321479 0.0
1080 321779 0.0
1081 322079 0.0
1082 322379 0.0
1083 322679 0.0
1084 322979 0.0
1085 323279 0.0
1086 323579 0.0
1087 323879 0.0
1088 324179 0.0
1089 324479 0.0
1090 324779 0.0
1091 325079 0.0
1092 325379 0.0
1093 325679 0.0
1094 325979 0.0
1095 326279 0.0
1096 326579 0.0
1097 326879 0.0
1098 327179 0.0
1099 327479 0.0
1100 327779 0.0
1101 328079 0.0
1102 328379 0.0
1103 328679 0.0
1104 328979 0.0
1105 329279 0.0
1106 329579 0.0
1107 329879 0.0
1108 330179 0.0
1109 330479 0.0
1110 330779 0.0
1111 331079 0.0
1112 331379 0.0
1113 331679 0.0
1114 331979 0.0
1115 332279 0.0
1116 332579 0.0
1117 332879 0.0
1118 333179 0.0
1119 333479 0.0
1120 333779 0.0
1121 334079 0.0
1122 334379 0.0
1123 334679 0.0
1124 334979 0.0
1125 335279 0.0
1126 335579 0.0
1127 335879 0.0
1128 336179 0.0
1129 336479 0.0
1130 336779 0.0
1131 337079 0.0
1132 337379 0.0
1133 337679 0.0
1134 337979 0.0
1135 338279 0.0
1136 338579 0.0
1137 338879 0.0
1138 339179 0.0
1139 339479 0.0
1140 339779 0.0
1141 340079 0.0
1142 340379 0.0
1143 340679 0.0
1144 340979 0.0
1145 341279 0.0
1146 341579 0.0
1147 341879 0.0
1148 342179 0.0
1149 342479 0.0
1150 342779 0.0
1151 343079 0.0
1152 343379 0.0
1153 343679 0.0
1154 343979 0.0
1155 344279 0.0
1156 344579 0.0
1157 344879 0.0
1158 345179 0.0
1159 345479 0.0
1160 345779 0.0
1161 346079 0.0
1162 346379 0.0
1163 346679 0.0
1164 346979 0.0
1165 347279 0.0
1166 347579 0.0
1167 347879 0.0
1168 348179 0.0
1169 348452 0.0
1170 348752 0.0
1171 349052 0.0
1172 349352 0.0
1173 349652 0.0
1174 349952 0.0
1175 350252 0.0
1176 350552 0.0
1177 350852 0.0
1178 351152 0.0
1179 351452 0.0
1180 351752 0.0
1181 352052 0.0
1182 352352 0.0
1183 352652 0.0
1184 352952 0.0
1185 353252 0.0
1186 353552 0.0
1187 353852 0.0
1188 354152 0.0
1189 354452 0.0
1190 354752 0.0
1191 355052 0.0
1192 355352 0.0
1193 355652 0.0
1194 355952 0.0
1195 356252 0.0
1196 356552 0.0
1197 356852 0.0
1198 357152 0.0
1199 357452 0.0
1200 357752 0.0
1201 358052 0.0
1202 358352 0.0
1203 358652 0.0
1204 358952 0.0
1205 359252 0.0
1206 359552 0.0
1207 359852 0.0
1208 360152 0.0
1209 360452 0.0
1210 360752 0.0
1211 361052 0.0
1212 361352 0.0
1213 361652 0.0
1214 361952 0.0
1215 362252 0.0
1216 362552 0.0
1217 362852 0.0
1218 363152 0.0
1219 363452 0.0
1220 363752 0.0
1221 364052 0.0
1222 364352 0.0
1223 364652 0.0
1224 364952 0.0
1225 365252 0.0
1226 365552 0.0
1227 365852 0.0
1228 366152 0.0
1229 366452 0.0
1230 366752 0.0
1231 367052 0.0
1232 367352 0.0
1233 367652 0.0
1234 367952 0.0
1235 368252 0.0
1236 368552 0.0
1237 368852 0.0
1238 369152 0.0
1239 369452 0.0
1240 369752 0.0
1241 370052 0.0
1242 370352 0.0
1243 370652 0.0
