1 300 0.0
2 600 0.0
3 900 0.0
4 1200 0.0
5 1500 0.0
6 1800 0.0
7 2100 0.0
8 2400 0.0
9 2700 0.0
10 3000 0.0
11 3300 0.0
12 3600 0.0
13 3900 0.0
14 4200 0.0
15 4500 0.0
16 4800 0.0
17 5100 0.0
18 5400 0.0
19 5700 0.0
20 6000 0.0
21 6300 0.0
22 6600 0.0
23 6900 0.0
24 7200 0.0
25 7500 0.0
26 7800 0.0
27 8100 0.0
28 8400 0.0
29 8700 0.0
30 9000 0.0
31 9300 0.0
32 9600 0.0
33 9900 0.0
34 10200 0.0
35 10500 0.0
36 10800 0.0
37 11100 0.0
38 11400 0.0
39 11700 0.0
40 12000 0.0
41 12300 0.0
42 12600 0.0
43 12900 0.0
44 13200 0.0
45 13500 0.0
46 13800 0.0
47 14100 0.0
48 14400 0.0
49 14700 0.0
50 15000 0.0
51 15300 0.0
52 15600 0.0
53 15900 0.0
54 16200 0.0
55 16500 0.0
56 16800 0.0
57 17100 0.0
58 17400 0.0
59 17700 0.0
60 18000 0.0
61 18300 0.0
62 18600 0.0
63 18900 0.0
64 19200 0.0
65 19500 0.0
66 19800 0.0
67 20100 0.0
68 20400 0.0
69 20700 0.0
70 21000 0.0
71 21300 0.0
72 21600 0.0
73 21900 0.0
74 22200 0.0
75 22500 0.0
76 22800 0.0
77 23100 0.0
78 23400 0.0
79 23700 0.0
80 24000 0.0
81 24300 0.0
82 24600 0.0
83 24900 0.0
84 25200 0.0
85 25500 0.0
86 25800 0.0
87 26100 0.0
88 26400 0.0
89 26700 0.0
90 27000 0.0
91 27300 0.0
92 27600 0.0
93 27900 0.0
94 28200 0.0
95 28500 0.0
96 28800 0.0
97 29100 0.0
98 29400 0.0
99 29700 0.0
100 30000 0.0
101 30300 0.0
102 30600 0.0
103 30900 0.0
104 31200 0.0
105 31500 0.0
106 31800 0.0
107 32100 0.0
108 32400 0.0
109 32700 0.0
110 33000 0.0
111 33300 0.0
112 33600 0.0
113 33900 0.0
114 34200 0.0
115 34500 0.0
116 34800 0.0
117 35100 0.0
118 35400 0.0
119 35700 0.0
120 36000 0.0
121 36300 0.0
122 36600 0.0
123 36900 0.0
124 37200 0.0
125 37500 0.0
126 37800 0.0
127 38100 0.0
128 38400 0.0
129 38700 0.0
130 39000 0.0
131 39300 0.0
132 39600 0.0
133 39900 0.0
134 40200 0.0
135 40500 0.0
136 40800 0.0
137 41100 0.0
138 41400 0.0
139 41700 0.0
140 42000 0.0
141 42300 0.0
142 42600 0.0
143 42900 0.0
144 43200 0.0
145 43500 0.0
146 43800 0.0
147 44100 0.0
148 44400 0.0
149 44700 0.0
150 45000 0.0
151 45300 0.0
152 45600 0.0
153 45900 0.0
154 46200 0.0
155 46500 0.0
156 46800 0.0
157 47100 0.0
158 47400 0.0
159 47700 0.0
160 48000 0.0
161 48300 0.0
162 48600 0.0
163 48900 0.0
164 49200 0.0
165 49500 0.0
166 49800 0.0
167 50100 0.0
168 50400 0.0
169 50700 0.0
170 51000 0.0
171 51300 0.0
172 51600 0.0
173 51900 0.0
174 52200 0.0
175 52500 0.0
176 52800 0.0
177 53100 0.0
178 53400 0.0
179 53700 0.0
180 54000 0.0
181 54300 0.0
182 54600 0.0
183 54900 0.0
184 55200 0.0
185 55500 0.0
186 55800 0.0
187 56100 0.0
188 56400 0.0
189 56700 0.0
190 57000 0.0
191 57300 0.0
192 57600 0.0
193 57900 0.0
194 58200 0.0
195 58500 0.0
196 58800 0.0
197 59100 0.0
198 59400 0.0
199 59700 0.0
200 60000 0.0
201 60300 0.0
202 60600 0.0
203 60900 0.0
204 61200 0.0
205 61500 0.0
206 61800 0.0
207 62100 0.0
208 62400 0.0
209 62700 0.0
210 63000 0.0
211 63300 0.0
212 63600 0.0
213 63900 0.0
214 64200 0.0
215 64500 0.0
216 64800 0.0
217 65100 0.0
218 65400 0.01
219 65700 0.01
220 66000 0.01
221 66300 0.01
222 66600 0.01
223 66900 0.01
224 67200 0.01
225 67500 0.01
226 67800 0.01
227 68100 0.01
228 68400 0.01
229 68700 0.01
230 69000 0.01
231 69300 0.01
232 69600 0.01
233 69900 0.01
234 70200 0.01
235 70500 0.01
236 70800 0.01
237 71100 0.01
238 71400 0.01
239 71700 0.01
240 72000 0.01
241 72300 0.01
242 72600 0.01
243 72900 0.01
244 73200 0.01
245 73500 0.01
246 73800 0.01
247 74100 0.01
248 74400 0.01
249 74700 0.01
250 75000 0.01
251 75300 0.01
252 75600 0.02
253 75900 0.02
254 76200 0.02
255 76500 0.02
256 76800 0.02
257 77100 0.02
258 77400 0.02
259 77700 0.02
260 78000 0.02
261 78300 0.02
262 78600 0.02
263 78900 0.02
264 79200 0.02
265 79500 0.02
266 79800 0.02
267 80100 0.02
268 80400 0.02
269 80700 0.02
270 81000 0.02
271 81300 0.02
272 81600 0.02
273 81900 0.02
274 82200 0.02
275 82500 0.02
276 82800 0.02
277 83100 0.02
278 83400 0.02
279 83700 0.02
280 84000 0.02
281 84300 0.02
282 84600 0.02
283 84900 0.02
284 85200 0.02
285 85500 0.02
286 85800 0.02
287 86100 0.02
288 86400 0.02
289 86700 0.02
290 87000 0.02
291 87300 0.02
292 87600 0.02
293 87900 0.02
294 88200 0.02
295 88500 0.02
296 88800 0.02
297 89100 0.02
298 89400 0.02
299 89700 0.02
300 90000 0.02
301 90300 0.02
302 90600 0.02
303 90900 0.02
304 91200 0.02
305 91500 0.02
306 91800 0.02
307 92100 0.02
308 92400 0.02
309 92700 0.02
310 93000 0.02
311 93300 0.02
312 93600 0.02
313 93900 0.02
314 94200 0.02
315 94500 0.02
316 94800 0.02
317 95095 0.02
318 95395 0.01
319 95695 0.01
320 95995 0.01
321 96295 0.01
322 96595 0.01
323 96895 0.01
324 97195 0.01
325 97495 0.01
326 97795 0.01
327 98095 0.01
328 98395 0.01
329 98695 0.01
330 98995 0.01
331 99295 0.01
332 99595 0.01
333 99895 0.01
334 100195 0.01
335 100495 0.01
336 100795 0.01
337 101095 0.01
338 101395 0.01
339 101695 0.01
340 101995 0.01
341 102295 0.01
342 102595 0.01
343 102895 0.01
344 103195 0.01
345 103495 0.01
346 103795 0.01
347 104095 0.01
348 104395 0.01
349 104695 0.01
350 104995 0.01
351 105241 0.01
352 105541 0.0
353 105841 0.0
354 106141 0.0
355 106441 0.0
356 106741 0.0
357 107041 0.0
358 107341 0.01
359 107641 0.01
360 107941 0.01
361 108241 0.01
362 108541 0.01
363 108841 0.01
364 109141 0.01
365 109441 0.01
366 109741 0.01
367 110041 0.02
368 110341 0.02
369 110641 0.03
370 110941 0.03
371 111241 0.03
372 111541 0.04
373 111841 0.04
374 112141 0.05
375 112441 0.060000000000000005
376 112741 0.060000000000000005
377 113041 0.060000000000000005
378 113341 0.060000000000000005
379 113641 0.06
380 113941 0.06
381 114241 0.06999999999999999
382 114541 0.06999999999999999
383 114841 0.06999999999999999
384 115141 0.06999999999999999
385 115441 0.08
386 115741 0.08
387 116041 0.09
388 116341 0.09
389 116641 0.09
390 116941 0.09999999999999999
391 117241 0.09999999999999999
392 117541 0.10999999999999999
393 117841 0.10999999999999999
394 118141 0.11
395 118441 0.11
396 118741 0.11
397 119041 0.11
398 119341 0.11
399 119641 0.11000000000000001
400 119941 0.11000000000000001
401 120241 0.11
402 120541 0.11
403 120841 0.11
404 121141 0.11
405 121441 0.11
406 121741 0.11
407 122041 0.12000000000000001
408 122341 0.12000000000000001
409 122641 0.12
410 122941 0.13
411 123241 0.13
412 123541 0.13
413 123841 0.14
414 124141 0.14
415 124441 0.14
416 124741 0.14
417 125041 0.14
418 125341 0.14
419 125641 0.14
420 125941 0.14
421 126241 0.14
422 126541 0.14
423 126841 0.14
424 127141 0.14
425 127441 0.14
426 127741 0.14
427 128041 0.14
428 128341 0.14
429 128641 0.14
430 128941 0.14
431 129241 0.15000000000000002
432 129541 0.15000000000000002
433 129841 0.15000000000000002
434 130141 0.15000000000000002
435 130441 0.15
436 130741 0.15
437 131041 0.15
438 131341 0.15
439 131641 0.15000000000000002
440 131941 0.15000000000000002
441 132241 0.15
442 132541 0.15
443 132841 0.15
444 133141 0.15
445 133441 0.15
446 133741 0.15
447 134041 0.15000000000000002
448 134341 0.15000000000000002
449 134641 0.15
450 134941 0.15
451 135241 0.15
452 135541 0.15
453 135841 0.15
454 136141 0.15
455 136441 0.15000000000000002
456 136741 0.15000000000000002
457 136941 0.15
458 137241 0.14
459 137541 0.14
460 137841 0.14
461 138141 0.15000000000000002
462 138441 0.15000000000000002
463 138741 0.15000000000000002
464 139041 0.15000000000000002
465 139341 0.15000000000000002
466 139612 0.15000000000000002
467 139912 0.14
468 140210 0.14
469 140510 0.14
470 140810 0.14
471 141074 0.15000000000000002
472 141374 0.14
473 141601 0.14
474 141854 0.13
475 142154 0.13
476 142454 0.13
477 142754 0.13
478 143054 0.13
479 143354 0.14
480 143523 0.14
481 143823 0.13
482 144123 0.13
483 144423 0.13
484 144714 0.13
485 145014 0.12
486 145167 0.12
487 145467 0.11
488 145767 0.11
489 145898 0.11
490 146198 0.1
491 146452 0.1
492 146752 0.09
493 147052 0.09
494 147352 0.09
495 147652 0.09
496 147952 0.09
497 148252 0.09
498 148552 0.09
499 148852 0.09
500 149152 0.09
501 149452 0.09
502 149752 0.09999999999999999
503 150052 0.10999999999999999
504 150352 0.10999999999999999
505 150652 0.10999999999999999
506 150835 0.11
507 151135 0.1
508 151435 0.1
509 151685 0.1
510 151985 0.09
511 152285 0.09999999999999999
512 152477 0.10999999999999999
513 152777 0.10999999999999999
514 153077 0.11999999999999998
515 153377 0.11999999999999998
516 153677 0.12
517 153977 0.13
518 154277 0.14
519 154577 0.14
520 154877 0.15000000000000002
521 155177 0.15000000000000002
522 155477 0.15000000000000002
523 155777 0.16000000000000003
524 156077 0.16000000000000003
525 156377 0.16000000000000003
526 156677 0.17000000000000004
527 156977 0.17
528 157277 0.17
529 157577 0.17
530 157871 0.16999999999999998
531 158171 0.16
532 158471 0.16
533 158771 0.16
534 159071 0.17
535 159371 0.17
536 159671 0.17
537 159971 0.18000000000000002
538 160271 0.19000000000000003
539 160571 0.19000000000000003
540 160871 0.19000000000000003
541 161171 0.19
542 161471 0.2
543 161771 0.2
544 162071 0.21000000000000002
545 162371 0.22000000000000003
546 162671 0.22000000000000003
547 162971 0.22000000000000003
548 163271 0.23000000000000004
549 163571 0.24000000000000005
550 163871 0.25000000000000006
551 164171 0.26000000000000006
552 164471 0.27
553 164771 0.27
554 165071 0.27
555 165371 0.28
556 165671 0.28
557 165971 0.28
558 166271 0.29000000000000004
559 166571 0.30000000000000004
560 166867 0.31000000000000005
561 167167 0.31000000000000005
562 167467 0.31000000000000005
563 167767 0.31000000000000005
564 168067 0.31000000000000005
565 168367 0.31
566 168667 0.31000000000000005
567 168967 0.31000000000000005
568 169149 0.32
569 169449 0.31000000000000005
570 169568 0.31000000000000005
571 169868 0.31000000000000005
572 170168 0.31000000000000005
573 170468 0.32000000000000006
574 170743 0.32000000000000006
575 171043 0.31000000000000005
576 171343 0.32000000000000006
577 171643 0.32000000000000006
578 171923 0.32000000000000006
579 172223 0.31000000000000005
580 172523 0.32000000000000006
581 172823 0.33000000000000007
582 173123 0.33
583 173423 0.33
584 173723 0.34
585 174023 0.35000000000000003
586 174323 0.36000000000000004
587 174623 0.36000000000000004
588 174923 0.36000000000000004
589 175223 0.37
590 175523 0.37
591 175823 0.37
592 176123 0.38
593 176423 0.38
594 176723 0.38
595 177023 0.38
596 177323 0.38
597 177623 0.38
598 177923 0.38
599 178223 0.38
600 178523 0.39
601 178786 0.39
602 178983 0.39
603 179283 0.38
604 179583 0.39
605 179883 0.39
606 180183 0.39
607 180483 0.39
608 180783 0.39
609 181083 0.39
610 181220 0.39
611 181405 0.39
612 181659 0.39000000000000007
613 181775 0.38000000000000006
614 182075 0.37000000000000005
615 182375 0.37
616 182597 0.37
617 182840 0.37
618 183140 0.37
619 183366 0.38
620 183666 0.37000000000000005
621 183966 0.37000000000000005
622 184170 0.38000000000000006
623 184470 0.38
624 184770 0.38
625 184871 0.39
626 185171 0.39
627 185471 0.4
628 185771 0.41000000000000003
629 186071 0.42000000000000004
630 186371 0.42000000000000004
631 186671 0.42000000000000004
632 186971 0.42000000000000004
633 187209 0.42000000000000004
634 187509 0.42000000000000004
635 187809 0.43000000000000005
636 187902 0.43000000000000005
637 187999 0.43000000000000005
638 188299 0.42000000000000004
639 188599 0.43000000000000005
640 188899 0.44000000000000006
641 189180 0.45000000000000007
642 189480 0.45000000000000007
643 189620 0.45000000000000007
644 189903 0.45000000000000007
645 190203 0.44000000000000006
646 190503 0.45000000000000007
647 190700 0.4600000000000001
648 190972 0.45000000000000007
649 191146 0.45000000000000007
650 191322 0.45000000000000007
651 191457 0.44000000000000006
652 191757 0.43000000000000005
653 192057 0.43000000000000005
654 192260 0.43000000000000005
655 192560 0.43000000000000005
656 192860 0.43000000000000005
657 193157 0.43000000000000005
658 193303 0.42000000000000004
659 193578 0.41000000000000003
660 193771 0.41000000000000003
661 194071 0.4
662 194371 0.4
663 194671 0.4
664 194971 0.4
665 195271 0.41000000000000003
666 195571 0.42000000000000004
667 195715 0.43000000000000005
668 196015 0.43000000000000005
669 196315 0.43000000000000005
670 196476 0.43000000000000005
671 196776 0.43000000000000005
672 197041 0.43000000000000005
673 197341 0.43000000000000005
674 197641 0.44000000000000006
675 197801 0.44000000000000006
676 198101 0.43000000000000005
677 198401 0.43000000000000005
678 198701 0.43000000000000005
679 198806 0.44000000000000006
680 198966 0.43000000000000005
681 199266 0.42000000000000004
682 199566 0.43000000000000005
683 199815 0.43000000000000005
684 200068 0.43000000000000005
685 200345 0.43000000000000005
686 200645 0.42000000000000004
687 200945 0.43000000000000005
688 201152 0.44000000000000006
689 201452 0.43000000000000005
690 201752 0.44000000000000006
691 201989 0.44000000000000006
692 202289 0.43000000000000005
693 202589 0.43000000000000005
694 202889 0.44000000000000006
695 203189 0.44000000000000006
696 203489 0.45000000000000007
697 203789 0.45000000000000007
698 204089 0.4600000000000001
699 204327 0.4700000000000001
700 204627 0.46
701 204890 0.47000000000000003
702 205190 0.4600000000000001
703 205410 0.4600000000000001
704 205710 0.4600000000000001
705 206010 0.47000000000000003
706 206310 0.47000000000000003
707 206610 0.4700000000000001
708 206910 0.48000000000000004
709 207210 0.48
710 207314 0.48
711 207559 0.48000000000000004
712 207859 0.47
713 208159 0.47
714 208459 0.48000000000000004
715 208759 0.49000000000000005
716 208865 0.5
717 209039 0.5
718 209252 0.49000000000000005
719 209552 0.49000000000000005
720 209852 0.49
721 210012 0.5
722 210309 0.5
723 210609 0.5
724 210839 0.51
725 211053 0.5
726 211256 0.5
727 211342 0.49000000000000005
728 211470 0.48
729 211770 0.47
730 212070 0.47
731 212370 0.48
732 212670 0.49
733 212828 0.5
734 213063 0.5
735 213363 0.5
736 213529 0.51
737 213829 0.51
738 213935 0.51
739 214057 0.5
740 214159 0.49
741 214259 0.48
742 214559 0.48
743 214685 0.48
744 214985 0.47000000000000003
745 215221 0.47
746 215476 0.47
747 215776 0.46
748 215957 0.46
749 216087 0.45
750 216387 0.43999999999999995
751 216687 0.44
752 216987 0.45000000000000007
753 217287 0.45
754 217428 0.46
755 217728 0.4600000000000001
756 218028 0.4700000000000001
757 218328 0.4800000000000001
758 218628 0.49000000000000005
759 218745 0.5
760 219045 0.5
761 219345 0.5
762 219645 0.51
763 219945 0.52
764 220157 0.53
765 220296 0.53
766 220438 0.53
767 220648 0.53
768 220948 0.53
769 221248 0.54
770 221377 0.55
771 221677 0.54
772 221886 0.54
773 222111 0.54
774 222411 0.54
775 222711 0.55
776 223011 0.56
777 223311 0.56
778 223523 0.5700000000000001
779 223823 0.56
780 224123 0.56
781 224354 0.56
782 224654 0.56
783 224803 0.5700000000000001
784 224947 0.5700000000000001
785 225247 0.5700000000000001
786 225345 0.5800000000000001
787 225520 0.5800000000000001
788 225820 0.5800000000000001
789 225890 0.5900000000000001
790 226190 0.5900000000000001
791 226490 0.6000000000000001
792 226790 0.6100000000000001
793 227016 0.6100000000000001
794 227316 0.6000000000000001
795 227453 0.6000000000000001
796 227753 0.6000000000000001
797 227839 0.6100000000000001
798 227959 0.6100000000000001
799 228259 0.6100000000000001
800 228442 0.6100000000000001
801 228742 0.6000000000000001
802 229042 0.6100000000000001
803 229194 0.6100000000000001
804 229328 0.6100000000000001
805 229628 0.6000000000000001
806 229928 0.61
807 230006 0.61
808 230306 0.6
809 230606 0.6
810 230884 0.6000000000000001
811 231184 0.6000000000000001
812 231484 0.6
813 231707 0.61
814 231798 0.61
815 231910 0.61
816 232021 0.6
817 232321 0.59
818 232474 0.6000000000000001
819 232774 0.6000000000000001
820 232935 0.61
821 233058 0.61
822 233200 0.61
823 233278 0.61
824 233578 0.61
825 233827 0.61
826 234127 0.6000000000000001
827 234427 0.6100000000000001
828 234727 0.62
829 235027 0.63
830 235252 0.63
831 235508 0.62
832 235591 0.61
833 235729 0.61
834 235888 0.6100000000000001
835 236180 0.6100000000000001
836 236251 0.6100000000000001
837 236551 0.6100000000000001
838 236851 0.6100000000000001
839 237151 0.6200000000000001
840 237451 0.6300000000000001
841 237624 0.6400000000000001
842 237924 0.6400000000000001
843 238224 0.6400000000000001
844 238524 0.6500000000000001
845 238754 0.6600000000000001
846 239054 0.66
847 239354 0.66
848 239654 0.6600000000000001
849 239954 0.6600000000000001
850 240254 0.66
851 240551 0.66
852 240851 0.6600000000000001
853 241125 0.6700000000000002
854 241285 0.67
855 241363 0.67
856 241476 0.6600000000000001
857 241627 0.6600000000000001
858 241755 0.66
859 241990 0.65
860 242290 0.6400000000000001
861 242454 0.6500000000000001
862 242520 0.6400000000000001
863 242738 0.6300000000000001
864 242892 0.6300000000000001
865 242999 0.6300000000000001
866 243080 0.6200000000000001
867 243176 0.6200000000000001
868 243386 0.6200000000000001
869 243472 0.6100000000000001
870 243772 0.6000000000000001
871 244072 0.6100000000000001
872 244141 0.6100000000000001
873 244298 0.6000000000000001
874 244566 0.6000000000000001
875 244668 0.6000000000000001
876 244968 0.6000000000000001
877 245104 0.6100000000000001
878 245404 0.6100000000000001
879 245704 0.6200000000000001
880 246004 0.6200000000000001
881 246100 0.6300000000000001
882 246280 0.6200000000000001
883 246476 0.6100000000000001
884 246689 0.6100000000000001
885 246782 0.6100000000000001
886 246979 0.6100000000000001
887 247086 0.6000000000000001
888 247358 0.6000000000000001
889 247602 0.6000000000000001
890 247814 0.5900000000000001
891 248005 0.5800000000000001
892 248305 0.5800000000000001
893 248605 0.5800000000000001
894 248905 0.5900000000000001
895 249022 0.6000000000000001
896 249191 0.6000000000000001
897 249362 0.5900000000000001
898 249629 0.5800000000000001
899 249929 0.5700000000000001
900 250229 0.5700000000000001
901 250455 0.5800000000000001
902 250755 0.5800000000000001
903 250901 0.5800000000000001
904 251201 0.5700000000000001
905 251428 0.5800000000000001
906 251728 0.5700000000000001
907 252028 0.5800000000000001
908 252328 0.5800000000000001
909 252628 0.5800000000000001
910 252737 0.5900000000000001
911 253037 0.5900000000000001
912 253225 0.5900000000000001
913 253462 0.5900000000000001
914 253543 0.5900000000000001
915 253843 0.5900000000000001
916 254143 0.5900000000000001
917 254264 0.5900000000000001
918 254405 0.5900000000000001
919 254598 0.5800000000000001
920 254872 0.5700000000000001
921 255003 0.5700000000000001
922 255250 0.5700000000000001
923 255547 0.56
924 255847 0.55
925 256147 0.56
926 256433 0.56
927 256609 0.56
928 256840 0.55
929 257140 0.55
930 257440 0.55
931 257740 0.55
932 257819 0.55
933 257990 0.55
934 258078 0.54
935 258240 0.54
936 258420 0.54
937 258720 0.54
938 258832 0.55
939 258990 0.55
940 259109 0.55
941 259383 0.55
942 259683 0.55
943 259909 0.56
944 260170 0.56
945 260335 0.56
946 260635 0.56
947 260935 0.5700000000000001
948 261235 0.5800000000000001
949 261535 0.5900000000000001
950 261835 0.5900000000000001
951 262087 0.6000000000000001
952 262179 0.6000000000000001
953 262345 0.6000000000000001
954 262530 0.5900000000000001
955 262830 0.5900000000000001
956 263122 0.6000000000000001
957 263270 0.6000000000000001
958 263570 0.6000000000000001
959 263870 0.61
960 264108 0.62
961 264408 0.6100000000000001
962 264708 0.6100000000000001
963 264894 0.6100000000000001
964 265164 0.6000000000000001
965 265464 0.5900000000000001
966 265680 0.6000000000000001
967 265851 0.6000000000000001
968 266151 0.6000000000000001
969 266451 0.6100000000000001
970 266642 0.6200000000000001
971 266942 0.6100000000000001
972 267242 0.6200000000000001
973 267338 0.63
974 267485 0.62
975 267631 0.6200000000000001
976 267745 0.6200000000000001
977 267924 0.6200000000000001
978 268045 0.6100000000000001
979 268345 0.6000000000000001
980 268473 0.6000000000000001
981 268773 0.6000000000000001
982 269073 0.6000000000000001
983 269281 0.6000000000000001
984 269376 0.5900000000000001
985 269574 0.5800000000000001
986 269874 0.5800000000000001
987 270054 0.5800000000000001
988 270214 0.5700000000000001
989 270514 0.56
990 270814 0.5700000000000001
991 270915 0.5800000000000001
992 271215 0.5700000000000001
993 271443 0.5700000000000001
994 271548 0.5700000000000001
995 271621 0.5700000000000001
996 271921 0.56
997 272221 0.5700000000000001
998 272521 0.5700000000000001
999 272821 0.5800000000000001
1000 272972 0.5800000000000001
1001 273174 0.5700000000000001
1002 273474 0.56
1003 273774 0.5700000000000001
1004 273888 0.5800000000000001
1005 274188 0.5800000000000001
1006 274422 0.5800000000000001
1007 274722 0.5800000000000001
1008 275022 0.5900000000000001
1009 275098 0.6000000000000001
1010 275269 0.5900000000000001
1011 275569 0.5800000000000001
1012 275640 0.5800000000000001
1013 275768 0.5800000000000001
1014 276001 0.5800000000000001
1015 276301 0.5700000000000001
1016 276601 0.5800000000000001
1017 276842 0.5900000000000001
1018 277142 0.5900000000000001
1019 277442 0.5900000000000001
1020 277687 0.6000000000000001
1021 277882 0.6000000000000001
1022 278182 0.6000000000000001
1023 278482 0.6100000000000001
1024 278631 0.6200000000000001
1025 278931 0.6200000000000001
1026 279017 0.6300000000000001
1027 279317 0.6200000000000001
1028 279487 0.6300000000000001
1029 279787 0.6200000000000001
1030 280087 0.63
1031 280387 0.63
1032 280668 0.6400000000000001
1033 280968 0.6300000000000001
1034 281164 0.64
1035 281268 0.6400000000000001
1036 281345 0.6400000000000001
1037 281456 0.63
1038 281542 0.63
1039 281652 0.6300000000000001
1040 281787 0.6200000000000001
1041 281983 0.6200000000000001
1042 282199 0.6200000000000001
1043 282416 0.6200000000000001
1044 282593 0.6100000000000001
1045 282815 0.6100000000000001
1046 283052 0.6100000000000001
1047 283309 0.6000000000000001
1048 283489 0.6000000000000001
1049 283789 0.6000000000000001
1050 284059 0.6000000000000001
1051 284355 0.5900000000000001
1052 284567 0.5900000000000001
1053 284867 0.5900000000000001
1054 284971 0.5900000000000001
1055 285061 0.5800000000000001
1056 285217 0.5700000000000001
1057 285464 0.56
1058 285605 0.56
1059 285735 0.56
1060 286035 0.55
1061 286335 0.56
1062 286635 0.5700000000000001
1063 286935 0.5800000000000001
1064 287235 0.5900000000000001
1065 287329 0.59
1066 287425 0.5900000000000001
1067 287610 0.5900000000000001
1068 287723 0.5800000000000001
1069 287949 0.5700000000000001
1070 288249 0.5700000000000001
1071 288383 0.5700000000000001
1072 288504 0.56
1073 288804 0.55
1074 289073 0.56
1075 289262 0.55
1076 289395 0.55
1077 289695 0.55
1078 289995 0.56
1079 290295 0.5700000000000001
1080 290502 0.5700000000000001
1081 290802 0.5700000000000001
1082 291102 0.5700000000000001
1083 291402 0.5800000000000001
1084 291702 0.5900000000000001
1085 291904 0.6000000000000001
1086 292204 0.6000000000000001
1087 292504 0.6000000000000001
1088 292804 0.6000000000000001
1089 292871 0.6100000000000001
1090 293023 0.6100000000000001
1091 293323 0.6000000000000001
1092 293623 0.6100000000000001
1093 293744 0.6100000000000001
1094 293947 0.6000000000000001
1095 294247 0.6000000000000001
1096 294399 0.6000000000000001
1097 294699 0.5900000000000001
1098 294814 0.6000000000000001
1099 295114 0.6000000000000001
1100 295414 0.6100000000000001
1101 295714 0.6200000000000001
1102 295802 0.6200000000000001
1103 295951 0.6200000000000001
1104 296057 0.6200000000000001
1105 296357 0.6200000000000001
1106 296503 0.6300000000000001
1107 296704 0.6300000000000001
1108 296790 0.62
1109 297090 0.62
1110 297390 0.63
1111 297690 0.64
1112 297815 0.64
1113 297913 0.63
1114 298213 0.62
1115 298355 0.63
1116 298586 0.62
1117 298842 0.62
1118 299142 0.6200000000000001
1119 299326 0.6200000000000001
1120 299481 0.6100000000000001
1121 299638 0.6100000000000001
1122 299840 0.6000000000000001
1123 300126 0.6000000000000001
1124 300323 0.6000000000000001
1125 300543 0.6000000000000001
1126 300843 0.5900000000000001
1127 300935 0.6000000000000001
1128 301235 0.5900000000000001
1129 301510 0.5900000000000001
1130 301810 0.5900000000000001
1131 301919 0.6000000000000001
1132 302219 0.6000000000000001
1133 302315 0.6100000000000001
1134 302474 0.6000000000000001
1135 302539 0.6000000000000001
1136 302839 0.5900000000000001
1137 303053 0.6000000000000001
1138 303167 0.6000000000000001
1139 303467 0.5900000000000001
1140 303738 0.6000000000000001
1141 303899 0.6000000000000001
1142 304062 0.5900000000000001
1143 304362 0.5900000000000001
1144 304441 0.6000000000000001
1145 304632 0.5900000000000001
1146 304932 0.5900000000000001
1147 305079 0.6000000000000001
1148 305324 0.6000000000000001
1149 305624 0.6000000000000001
1150 305924 0.6100000000000001
1151 306133 0.6100000000000001
1152 306403 0.6100000000000001
1153 306703 0.6100000000000001
1154 307003 0.6200000000000001
1155 307303 0.6300000000000001
1156 307603 0.6400000000000001
1157 307724 0.6500000000000001
1158 307812 0.6500000000000001
1159 308112 0.6500000000000001
1160 308208 0.6600000000000001
1161 308432 0.6600000000000001
1162 308719 0.6600000000000001
1163 308859 0.6600000000000001
1164 309159 0.6600000000000001
1165 309439 0.6600000000000001
1166 309544 0.6600000000000001
1167 309844 0.6600000000000001
1168 310144 0.6700000000000002
1169 310253 0.6700000000000002
1170 310553 0.6600000000000001
1171 310853 0.67
1172 311153 0.68
1173 311285 0.6900000000000001
1174 311585 0.6900000000000001
1175 311851 0.7000000000000001
1176 311984 0.7000000000000001
1177 312089 0.7000000000000001
1178 312320 0.7000000000000001
1179 312620 0.7000000000000001
1180 312681 0.71
1181 312981 0.71
1182 313060 0.72
1183 313189 0.72
1184 313386 0.71
1185 313497 0.71
1186 313797 0.71
1187 314097 0.71
1188 314263 0.72
1189 314381 0.72
1190 314681 0.72
1191 314775 0.72
1192 315075 0.72
1193 315375 0.72
1194 315478 0.73
1195 315778 0.73
1196 316078 0.74
1197 316325 0.75
1198 316400 0.75
1199 316571 0.75
1200 316673 0.74
1201 316973 0.73
1202 317222 0.73
1203 317331 0.73
1204 317417 0.73
1205 317515 0.73
1206 317590 0.73
1207 317890 0.73
1208 318055 0.74
1209 318242 0.74
1210 318328 0.74
1211 318628 0.74
1212 318928 0.74
1213 319228 0.74
1214 319482 0.74
1215 319782 0.74
1216 319912 0.75
1217 320092 0.75
1218 320392 0.75
1219 320692 0.76
1220 320992 0.76
1221 321292 0.75
1222 321439 0.76
1223 321542 0.75
1224 321750 0.74
1225 322050 0.73
1226 322122 0.73
1227 322422 0.73
1228 322722 0.74
1229 322898 0.75
1230 322974 0.75
1231 323175 0.74
1232 323387 0.74
1233 323687 0.73
1234 323829 0.74
1235 324129 0.74
1236 324221 0.75
1237 324451 0.75
1238 324751 0.75
1239 324824 0.76
1240 324956 0.76
1241 325256 0.75
1242 325384 0.76
1243 325464 0.76
1244 325764 0.75
1245 325950 0.76
1246 326250 0.76
1247 326427 0.76
1248 326520 0.76
1249 326798 0.75
1250 327098 0.75
1251 327312 0.75
1252 327405 0.74
1253 327550 0.74
1254 327644 0.74
1255 327845 0.73
1256 328086 0.72
1257 328167 0.72
1258 328406 0.72
1259 328471 0.72
1260 328561 0.71
1261 328671 0.71
1262 328771 0.7
1263 329026 0.69
1264 329326 0.69
1265 329397 0.7
1266 329577 0.7
1267 329781 0.69
1268 330081 0.69
1269 330381 0.7
1270 330507 0.7
1271 330707 0.7
1272 330965 0.7
1273 331161 0.6900000000000001
1274 331268 0.6900000000000001
1275 331514 0.69
1276 331569 0.69
1277 331695 0.68
1278 331783 0.68
1279 331846 0.6799999999999999
1280 331985 0.6799999999999999
1281 332206 0.68
1282 332312 0.67
1283 332612 0.66
1284 332781 0.66
1285 333044 0.66
1286 333344 0.66
1287 333452 0.67
1288 333639 0.67
1289 333760 0.67
1290 334060 0.67
1291 334162 0.6799999999999999
1292 334462 0.6799999999999999
1293 334611 0.6900000000000001
1294 334788 0.6900000000000001
1295 334954 0.69
1296 335053 0.69
1297 335175 0.6900000000000001
1298 335372 0.6900000000000001
1299 335672 0.6799999999999999
1300 335972 0.69
1301 336272 0.7
1302 336340 0.71
1303 336430 0.7
1304 336517 0.69
1305 336801 0.6900000000000001
1306 337054 0.6900000000000001
1307 337345 0.69
1308 337603 0.69
1309 337747 0.69
1310 337857 0.68
1311 338157 0.68
1312 338457 0.69
1313 338757 0.7000000000000001
1314 338960 0.7000000000000001
1315 339058 0.69
1316 339130 0.69
1317 339269 0.69
1318 339539 0.6799999999999999
1319 339839 0.6699999999999999
1320 340139 0.6699999999999999
1321 340221 0.68
1322 340521 0.68
1323 340821 0.69
1324 341121 0.7000000000000001
1325 341421 0.7100000000000001
1326 341587 0.72
1327 341777 0.72
1328 341949 0.71
1329 342157 0.7100000000000001
1330 342457 0.7100000000000001
1331 342518 0.72
1332 342818 0.7100000000000001
1333 342904 0.7100000000000001
1334 343002 0.71
1335 343079 0.71
1336 343278 0.71
1337 343442 0.7100000000000001
1338 343524 0.71
1339 343675 0.71
1340 343975 0.7100000000000001
1341 344085 0.7200000000000001
1342 344228 0.72
1343 344528 0.72
1344 344608 0.73
1345 344756 0.73
1346 344847 0.73
1347 344938 0.72
1348 345238 0.7200000000000001
1349 345335 0.7300000000000001
1350 345635 0.73
1351 345935 0.74
1352 346068 0.75
1353 346140 0.75
1354 346440 0.75
1355 346740 0.76
1356 346821 0.76
1357 347064 0.76
1358 347313 0.76
1359 347613 0.76
1360 347812 0.77
1361 348112 0.77
1362 348412 0.78
1363 348624 0.79
1364 348709 0.78
1365 348800 0.78
1366 349100 0.77
1367 349213 0.78
1368 349285 0.78
1369 349585 0.77
1370 349797 0.78
1371 349886 0.77
1372 350186 0.77
1373 350471 0.78
1374 350614 0.78
1375 350727 0.77
1376 351027 0.76
1377 351188 0.77
1378 351332 0.77
1379 351596 0.77
1380 351831 0.77
1381 352131 0.77
1382 352431 0.77
1383 352731 0.78
1384 352810 0.79
1385 352976 0.79
1386 353193 0.79
1387 353471 0.78
1388 353584 0.77
1389 353787 0.77
1390 353959 0.77
1391 354029 0.77
1392 354133 0.77
1393 354254 0.76
1394 354364 0.76
1395 354646 0.76
1396 354826 0.76
1397 355099 0.76
1398 355399 0.75
1399 355683 0.76
1400 355755 0.76
1401 355846 0.75
1402 356146 0.75
1403 356446 0.75
1404 356598 0.75
1405 356735 0.75
1406 356880 0.74
1407 357003 0.74
1408 357075 0.73
1409 357375 0.73
1410 357455 0.74
1411 357580 0.74
1412 357690 0.73
1413 357990 0.73
1414 358290 0.74
1415 358389 0.75
1416 358628 0.75
1417 358928 0.75
1418 359228 0.76
1419 359528 0.77
1420 359657 0.77
1421 359765 0.76
1422 359871 0.76
1423 359982 0.76
1424 360064 0.76
1425 360137 0.76
1426 360367 0.76
1427 360667 0.76
1428 360754 0.77
1429 360887 0.77
1430 361072 0.77
1431 361372 0.77
1432 361672 0.78
1433 361875 0.79
1434 362069 0.78
1435 362314 0.78
1436 362397 0.78
1437 362482 0.78
1438 362566 0.77
1439 362718 0.77
1440 362906 0.77
1441 362985 0.76
1442 363106 0.76
1443 363182 0.76
1444 363256 0.75
1445 363416 0.74
1446 363716 0.73
1447 363781 0.74
1448 364032 0.74
1449 364153 0.73
1450 364286 0.7300000000000001
1451 364391 0.7200000000000001
1452 364521 0.72
1453 364639 0.71
1454 364733 0.7100000000000001
1455 365033 0.7000000000000002
1456 365217 0.7
1457 365514 0.7
1458 365665 0.7000000000000001
1459 365882 0.6900000000000002
1460 366140 0.6900000000000001
1461 366386 0.68
1462 366620 0.6700000000000002
1463 366920 0.6600000000000001
1464 367074 0.67
1465 367374 0.6599999999999999
1466 367464 0.6699999999999999
1467 367561 0.67
1468 367861 0.67
1469 368114 0.68
1470 368414 0.68
1471 368550 0.69
1472 368679 0.69
1473 368789 0.68
1474 369089 0.68
1475 369389 0.69
1476 369529 0.7
1477 369666 0.7
1478 369964 0.7000000000000001
1479 370227 0.7
1480 370371 0.7
1481 370671 0.69
1482 370836 0.7000000000000001
1483 370925 0.7
1484 371099 0.7
1485 371208 0.7000000000000001
1486 371508 0.6900000000000002
1487 371808 0.7
1488 371893 0.71
1489 372093 0.71
1490 372336 0.7100000000000001
1491 372407 0.71
1492 372707 0.71
1493 372863 0.72
1494 373151 0.72
1495 373425 0.72
1496 373628 0.71
1497 373928 0.71
1498 374171 0.72
1499 374388 0.71
1500 374688 0.71
1501 374820 0.72
1502 375120 0.72
1503 375420 0.72
1504 375503 0.72
1505 375803 0.71
1506 375899 0.71
1507 376199 0.7
1508 376401 0.7
1509 376505 0.7
1510 376650 0.7
1511 376950 0.7000000000000001
1512 377056 0.7000000000000001
1513 377155 0.7000000000000001
1514 377447 0.7000000000000001
1515 377641 0.7000000000000001
1516 377848 0.7000000000000001
1517 378002 0.7000000000000001
1518 378203 0.7000000000000001
1519 378503 0.7000000000000001
1520 378803 0.7100000000000001
1521 378860 0.71
1522 379043 0.71
1523 379251 0.71
1524 379383 0.7
1525 379613 0.69
1526 379669 0.6799999999999999
1527 379799 0.6799999999999999
1528 379939 0.6799999999999999
1529 380033 0.6799999999999999
1530 380188 0.6699999999999999
1531 380294 0.67
1532 380403 0.6700000000000002
