1 300 1.1800000000000002
2 600 1.2000000000000002
3 900 1.2200000000000002
4 1200 1.2400000000000002
5 1500 1.2600000000000002
6 1800 1.2700000000000002
7 2100 1.2800000000000002
8 2400 1.3000000000000003
9 2700 1.3200000000000003
10 3000 1.34
11 3300 1.36
12 3600 1.3800000000000001
13 3900 1.4000000000000001
14 4200 1.4200000000000002
15 4500 1.4300000000000002
16 4800 1.4400000000000002
17 5100 1.46
18 5400 1.48
19 5700 1.5
20 6000 1.51
21 6300 1.53
22 6600 1.55
23 6900 1.57
24 7200 1.59
25 7500 1.61
26 7800 1.6300000000000001
27 8100 1.6500000000000001
28 8400 1.6700000000000002
29 8700 1.6900000000000002
30 9000 1.7000000000000002
31 9300 1.7200000000000002
32 9600 1.7400000000000002
33 9900 1.7500000000000002
34 10164 1.7700000000000002
35 10464 1.7700000000000002
36 10661 1.7800000000000002
37 10961 1.7800000000000002
38 11261 1.7900000000000003
39 11547 1.8000000000000003
40 11711 1.8000000000000003
41 12011 1.8000000000000003
42 12295 1.8200000000000003
43 12497 1.8200000000000003
44 12695 1.8200000000000003
45 12925 1.8200000000000003
46 13225 1.8200000000000003
47 13357 1.8300000000000003
48 13657 1.8300000000000003
49 13957 1.8500000000000003
50 14257 1.8600000000000003
51 14557 1.8700000000000003
52 14768 1.8800000000000003
53 15060 1.8800000000000003
54 15240 1.8800000000000003
55 15529 1.8800000000000003
56 15829 1.8800000000000003
57 16066 1.8900000000000003
58 16366 1.8900000000000003
59 16666 1.9000000000000004
60 16966 1.9100000000000004
61 17163 1.9200000000000004
62 17319 1.9200000000000004
63 17410 1.9200000000000004
64 17589 1.9200000000000004
65 17889 1.9200000000000004
66 18186 1.9400000000000004
67 18346 1.9400000000000004
68 18510 1.9400000000000004
69 18615 1.9400000000000004
70 18814 1.9400000000000004
71 19026 1.9400000000000004
72 19204 1.9400000000000004
73 19294 1.9400000000000004
74 19501 1.9200000000000004
75 19801 1.9200000000000004
76 20015 1.9300000000000004
77 20291 1.9300000000000004
78 20497 1.9300000000000004
79 20748 1.9300000000000004
80 20908 1.9300000000000004
81 21114 1.9300000000000004
82 21222 1.9300000000000004
83 21332 1.9300000000000004
84 21450 1.9300000000000004
85 21650 1.9300000000000004
86 21748 1.9300000000000004
87 22040 1.9300000000000004
88 22234 1.9300000000000004
89 22400 1.9300000000000004
90 22619 1.9300000000000004
91 22757 1.9300000000000004
92 22882 1.9300000000000004
93 22998 1.9300000000000004
94 23101 1.9300000000000004
95 23259 1.9300000000000004
96 23366 1.9300000000000004
97 23581 1.9300000000000004
98 23881 1.9300000000000004
99 24073 1.9400000000000004
100 24235 1.9400000000000004
101 24389 1.9400000000000004
102 24510 1.9400000000000004
103 24710 1.9400000000000004
104 24824 1.9400000000000004
105 25124 1.9400000000000004
106 25424 1.9500000000000004
107 25523 1.9600000000000004
108 25656 1.9600000000000004
109 25769 1.9600000000000004
110 25919 1.9600000000000004
111 26039 1.9600000000000004
112 26222 1.9600000000000004
113 26358 1.9600000000000004
114 26658 1.9600000000000004
115 26771 1.9700000000000002
116 26866 1.9700000000000002
117 26999 1.9700000000000002
118 27188 1.9700000000000002
119 27329 1.9700000000000002
120 27560 1.9700000000000002
121 27671 1.9700000000000002
122 27898 1.9700000000000002
123 27980 1.9700000000000002
124 28105 1.9700000000000002
125 28242 1.9700000000000002
126 28380 1.9700000000000002
127 28478 1.9700000000000002
128 28575 1.9700000000000002
129 28875 1.9700000000000002
130 28986 1.9800000000000004
131 29162 1.9800000000000004
132 29255 1.9800000000000004
133 29446 1.9800000000000004
134 29617 1.9800000000000004
135 29778 1.9800000000000004
136 29858 1.9800000000000004
137 30087 1.9800000000000004
138 30264 1.9800000000000004
139 30422 1.9800000000000004
140 30531 1.9800000000000004
141 30702 1.9800000000000004
142 30816 1.9800000000000004
143 30955 1.9800000000000004
144 31057 1.9800000000000004
145 31175 1.9800000000000004
146 31321 1.9800000000000004
147 31438 1.9800000000000004
148 31586 1.9800000000000004
149 31776 1.9800000000000004
150 31877 1.9800000000000004
151 31994 1.9800000000000004
152 32085 1.9800000000000004
153 32268 1.9800000000000004
154 32386 1.9800000000000004
155 32549 1.9800000000000004
156 32734 1.9800000000000004
157 32890 1.9800000000000004
158 32976 1.9800000000000004
159 33093 1.9800000000000004
160 33237 1.9800000000000004
161 33421 1.9800000000000004
162 33511 1.9800000000000004
163 33586 1.9800000000000004
164 33723 1.9800000000000004
165 33877 1.9800000000000004
166 34049 1.9800000000000004
167 34231 1.9800000000000004
168 34374 1.9800000000000004
169 34497 1.9800000000000004
170 34551 1.9800000000000004
171 34639 1.9800000000000004
172 34821 1.9800000000000004
173 35121 1.9800000000000004
174 35225 2.0
175 35436 2.0
176 35618 2.0
177 35889 2.0
178 35981 2.0
179 36124 2.0
180 36353 2.0
181 36446 2.0
182 36629 2.0
183 36713 2.0
184 36960 2.0
185 37074 2.0
186 37194 2.0
187 37436 2.0
188 37541 2.0
189 37706 2.0
190 37807 2.0
191 37954 2.0
192 38110 2.0
193 38230 2.0
194 38347 2.0
195 38462 2.0
196 38544 2.0
197 38681 2.0
198 38789 2.0
199 38957 2.0
200 39026 2.0
201 39102 2.0
202 39219 2.0
203 39328 2.0
204 39452 2.0
205 39605 2.0
206 39676 2.0
207 39782 2.0
208 39891 2.0
209 40047 2.0
210 40261 2.0
211 40362 2.0
212 40483 2.0
213 40559 2.0
214 40624 2.0
215 40735 2.0
216 40859 2.0
217 40963 2.0
218 41081 2.0
219 41195 2.0
220 41325 2.0
221 41410 2.0
222 41542 2.0
223 41732 2.0
224 41821 2.0
225 41938 2.0
226 42075 2.0
227 42177 2.0
228 42266 2.0
229 42437 2.0
230 42546 2.0
231 42669 2.0
232 42749 2.0
233 42832 2.0
234 42911 2.0
235 43004 2.0
236 43092 2.0
237 43173 2.0
238 43306 2.0
239 43378 2.0
240 43462 2.0
241 43547 2.0
242 43617 2.0
243 43694 2.0
244 43762 2.0
245 43840 2.0
246 43986 2.0
247 44083 2.0
248 44179 2.0
249 44310 2.0
250 44413 2.0
251 44501 2.0
252 44656 2.0
253 44744 2.0
254 44843 2.0
255 44905 2.0
256 44980 2.0
257 45125 2.0
258 45248 2.0
259 45380 2.0
260 45533 2.0
261 45618 2.0
262 45776 2.0
263 45945 2.0
264 46164 2.0
265 46264 2.0
266 46385 2.0
267 46472 2.0
268 46608 2.0
269 46726 2.0
270 46829 2.0
271 46937 2.0
272 47054 2.0
273 47148 2.0
274 47227 2.0
275 47362 2.0
276 47477 2.0
277 47559 2.0
278 47661 2.0
279 47790 2.0
280 47946 2.0
281 48029 2.0
282 48117 2.0
283 48195 2.0
284 48286 2.0
285 48448 2.0
286 48567 2.0
287 48661 2.0
288 48758 2.0
289 48881 2.0
290 48956 2.0
291 49040 2.0
292 49129 2.0
293 49226 2.0
294 49351 2.0
295 49464 2.0
296 49538 2.0
297 49623 2.0
298 49737 2.0
299 49860 2.0
300 49949 2.0
301 50029 2.0
302 50131 2.0
303 50225 2.0
304 50375 2.0
305 50518 2.0
306 50671 2.0
307 50767 2.0
308 50878 2.0
309 50968 2.0
310 51054 2.0
311 51139 2.0
312 51258 2.0
313 51339 2.0
314 51484 2.0
315 51544 2.0
316 51648 2.0
317 51791 2.0
318 51865 2.0
319 51957 2.0
320 52172 2.0
321 52327 2.0
322 52404 2.0
323 52512 2.0
324 52716 2.0
325 52794 2.0
326 52899 2.0
327 52957 2.0
328 53050 2.0
329 53195 2.0
330 53260 2.0
331 53358 2.0
332 53457 2.0
333 53520 2.0
334 53608 2.0
335 53769 2.0
336 53882 2.0
337 53947 2.0
338 54058 2.0
339 54151 2.0
340 54216 2.0
341 54295 2.0
342 54366 2.0
343 54460 2.0
344 54527 2.0
345 54644 2.0
346 54725 2.0
347 54800 2.0
348 54888 2.0
349 54996 2.0
350 55157 2.0
351 55243 2.0
352 55355 2.0
353 55506 2.0
354 55603 2.0
355 55683 2.0
356 55751 2.0
357 55880 2.0
358 55987 2.0
359 56100 2.0
360 56191 2.0
361 56272 2.0
362 56334 2.0
363 56451 2.0
364 56519 2.0
365 56599 2.0
366 56667 2.0
367 56729 2.0
368 56792 2.0
369 56881 2.0
370 56958 2.0
371 57060 2.0
372 57321 2.0
373 57437 2.0
374 57519 2.0
375 57623 2.0
376 57708 2.0
377 57773 2.0
378 57872 2.0
379 57981 2.0
380 58059 2.0
381 58153 2.0
382 58334 2.0
383 58469 2.0
384 58556 2.0
385 58676 2.0
386 58788 2.0
387 58884 2.0
388 58949 2.0
389 59007 2.0
390 59093 2.0
391 59203 2.0
392 59310 2.0
393 59376 2.0
394 59535 2.0
395 59605 2.0
396 59701 2.0
397 59761 2.0
398 59859 2.0
399 59944 2.0
400 60042 2.0
401 60145 2.0
402 60218 2.0
403 60298 2.0
404 60377 2.0
405 60458 2.0
406 60688 2.0
407 60800 2.0
408 60889 2.0
409 60945 2.0
410 61065 2.0
411 61145 2.0
412 61282 2.0
413 61359 2.0
414 61565 2.0
415 61691 2.0
416 61805 2.0
417 61879 2.0
418 61952 2.0
419 62100 2.0
420 62185 2.0
421 62252 2.0
422 62307 2.0
423 62449 2.0
424 62510 2.0
425 62578 2.0
426 62642 2.0
427 62777 2.0
428 62932 2.0
429 63012 2.0
430 63173 2.0
431 63347 2.0
432 63428 2.0
433 63533 2.0
434 63638 2.0
435 63706 2.0
436 63767 2.0
437 63900 2.0
438 64002 2.0
439 64117 2.0
440 64188 2.0
441 64268 2.0
442 64344 2.0
443 64426 2.0
444 64510 2.0
445 64576 2.0
446 64685 2.0
447 64749 2.0
448 64870 2.0
449 65024 2.0
450 65095 2.0
451 65193 2.0
452 65252 2.0
453 65320 2.0
454 65380 2.0
455 65451 2.0
456 65546 2.0
457 65660 2.0
458 65735 2.0
459 65814 2.0
460 65893 2.0
461 65991 2.0
462 66060 2.0
463 66180 2.0
464 66287 2.0
465 66345 2.0
466 66479 2.0
467 66565 2.0
468 66672 2.0
469 66761 2.0
470 66818 2.0
471 66926 2.0
472 66985 2.0
473 67128 2.0
474 67209 2.0
475 67277 2.0
476 67353 2.0
477 67461 2.0
478 67549 2.0
479 67625 2.0
480 67700 2.0
481 67779 2.0
482 67919 2.0
483 67990 2.0
484 68162 2.0
485 68305 2.0
486 68412 2.0
487 68557 2.0
488 68639 2.0
489 68730 2.0
490 68799 2.0
491 68900 2.0
492 68968 2.0
493 69166 2.0
494 69341 2.0
495 69565 2.0
496 69666 2.0
497 69736 2.0
498 69861 2.0
499 69985 2.0
500 70050 2.0
501 70120 2.0
502 70192 2.0
503 70310 2.0
504 70389 2.0
505 70466 2.0
506 70608 2.0
507 70714 2.0
508 70834 2.0
509 70926 2.0
510 70988 2.0
511 71132 2.0
512 71211 2.0
513 71310 2.0
514 71394 2.0
515 71504 2.0
516 71618 2.0
517 71689 2.0
518 71823 2.0
519 71890 2.0
520 72006 2.0
521 72090 2.0
522 72222 2.0
523 72518 2.0
524 72610 2.0
525 72698 2.0
526 72804 2.0
527 72880 2.0
528 72961 2.0
529 73078 2.0
530 73160 2.0
531 73296 2.0
532 73387 2.0
533 73517 2.0
534 73593 2.0
535 73665 2.0
536 73747 2.0
537 73857 2.0
538 73953 2.0
539 74025 2.0
540 74105 2.0
541 74171 2.0
542 74303 2.0
543 74388 2.0
544 74461 2.0
545 74532 2.0
546 74613 2.0
547 74697 2.0
548 74779 2.0
549 74944 2.0
550 75021 2.0
551 75094 2.0
552 75189 2.0
553 75271 2.0
554 75376 2.0
555 75503 2.0
556 75692 2.0
557 75809 2.0
558 75985 2.0
559 76075 2.0
560 76139 2.0
561 76260 2.0
562 76367 2.0
563 76423 2.0
564 76488 2.0
565 76612 2.0
566 76693 2.0
567 76815 2.0
568 76881 2.0
569 76962 2.0
570 77073 2.0
571 77151 2.0
572 77225 2.0
573 77322 2.0
574 77398 2.0
575 77528 2.0
576 77594 2.0
577 77673 2.0
578 77744 2.0
579 77847 2.0
580 77958 2.0
581 78079 2.0
582 78163 2.0
583 78235 2.0
584 78314 2.0
585 78466 2.0
586 78570 2.0
587 78662 2.0
588 78742 2.0
589 78810 2.0
590 78972 2.0
591 79061 2.0
592 79142 2.0
593 79253 2.0
594 79323 2.0
595 79397 2.0
596 79496 2.0
597 79569 2.0
598 79632 2.0
599 79736 2.0
600 79821 2.0
601 79910 2.0
602 79973 2.0
603 80042 2.0
604 80204 2.0
605 80283 2.0
606 80396 2.0
607 80552 2.0
608 80622 2.0
609 80748 2.0
610 80846 2.0
611 80917 2.0
612 81006 2.0
613 81093 2.0
614 81176 2.0
615 81286 2.0
616 81481 2.0
617 81635 2.0
618 81825 2.0
619 81898 2.0
620 82023 2.0
621 82103 2.0
622 82211 2.0
623 82392 2.0
624 82501 1.9900000000000002
625 82567 1.9900000000000002
626 82652 1.9900000000000002
627 82750 1.9900000000000002
628 82832 1.9900000000000002
629 82902 1.9900000000000002
630 82985 1.9900000000000002
631 83069 1.9900000000000002
632 83155 1.9900000000000002
633 83237 1.9900000000000002
634 83357 1.9900000000000002
635 83421 1.9900000000000002
636 83494 1.9900000000000002
637 83568 1.9900000000000002
638 83649 1.9900000000000002
639 83717 1.9900000000000002
640 83803 1.9900000000000002
641 83868 1.9900000000000002
642 83937 1.9900000000000002
643 84003 1.9900000000000002
644 84082 1.9900000000000002
645 84178 1.9900000000000002
646 84260 1.9900000000000002
647 84324 1.9900000000000002
648 84391 1.9900000000000002
649 84479 1.9900000000000002
650 84549 1.9900000000000002
651 84619 1.9900000000000002
652 84696 1.9900000000000002
653 84756 1.9900000000000002
654 84879 1.9900000000000002
655 84948 1.9900000000000002
656 85043 1.9900000000000002
657 85130 1.9900000000000002
658 85293 1.9900000000000002
659 85365 1.9900000000000002
660 85462 1.9900000000000002
661 85530 1.9900000000000002
662 85645 1.9900000000000002
663 85716 1.9900000000000002
664 85790 1.9900000000000002
665 85863 1.9900000000000002
666 85938 1.9900000000000002
667 86043 1.9900000000000002
668 86112 1.9900000000000002
669 86198 1.9900000000000002
670 86301 1.9900000000000002
671 86399 1.9900000000000002
672 86502 1.9900000000000002
673 86588 1.9900000000000002
674 86722 1.9900000000000002
675 86790 1.9900000000000002
676 86877 1.9900000000000002
677 86959 1.9900000000000002
678 87031 1.9900000000000002
679 87101 1.9900000000000002
680 87191 1.9900000000000002
681 87265 1.9900000000000002
682 87343 1.9900000000000002
683 87424 1.9900000000000002
684 87483 1.9900000000000002
685 87570 1.9900000000000002
686 87649 1.9900000000000002
687 87727 1.9900000000000002
688 87859 1.9900000000000002
689 87938 1.9900000000000002
690 88011 1.9900000000000002
691 88078 1.9900000000000002
692 88181 1.9900000000000002
693 88269 1.9900000000000002
694 88354 1.9900000000000002
695 88454 1.9900000000000002
696 88593 1.9900000000000002
697 88669 1.9900000000000002
698 88791 1.9900000000000002
699 88848 1.9900000000000002
700 88950 1.9900000000000002
701 89029 1.9900000000000002
702 89100 1.9900000000000002
703 89165 1.9900000000000002
704 89254 1.9900000000000002
705 89337 1.9900000000000002
706 89430 1.9900000000000002
707 89509 1.9900000000000002
708 89597 1.9900000000000002
709 89685 1.9900000000000002
710 89759 1.9900000000000002
711 89814 1.9900000000000002
712 89905 1.9900000000000002
713 89990 1.9900000000000002
714 90108 1.9900000000000002
715 90176 1.9900000000000002
716 90280 1.9900000000000002
717 90367 1.9900000000000002
718 90448 1.9900000000000002
719 90624 1.9900000000000002
720 90713 1.9900000000000002
721 90800 1.9900000000000002
722 90877 1.9900000000000002
723 91177 1.9900000000000002
724 91327 2.0
725 91417 2.0
726 91498 2.0
727 91558 2.0
728 91635 2.0
729 91709 2.0
730 91783 2.0
731 91849 2.0
732 91937 2.0
733 91999 2.0
734 92070 2.0
735 92136 2.0
736 92208 2.0
737 92271 2.0
738 92343 2.0
739 92446 2.0
740 92517 2.0
741 92615 2.0
742 92669 2.0
743 92780 2.0
744 92837 2.0
745 92905 2.0
746 92990 2.0
747 93088 2.0
748 93164 2.0
749 93261 2.0
750 93355 2.0
751 93413 2.0
752 93486 2.0
753 93600 2.0
754 93737 2.0
755 93884 2.0
756 93955 2.0
757 94033 2.0
758 94118 2.0
759 94193 2.0
760 94317 2.0
761 94467 2.0
762 94520 2.0
763 94608 2.0
764 94710 2.0
765 94811 2.0
766 94876 2.0
767 94945 2.0
768 95014 2.0
769 95122 2.0
770 95180 2.0
771 95324 2.0
772 95433 2.0
773 95511 2.0
774 95580 2.0
775 95647 2.0
776 95731 2.0
777 95837 2.0
778 95917 2.0
779 95992 2.0
780 96081 2.0
781 96198 2.0
782 96279 2.0
783 96350 2.0
784 96422 2.0
785 96491 2.0
786 96669 2.0
787 96814 2.0
788 96880 2.0
789 96964 2.0
790 97038 2.0
791 97114 2.0
792 97179 2.0
793 97266 2.0
794 97346 2.0
795 97467 2.0
796 97562 2.0
797 97633 2.0
798 97739 2.0
799 97817 2.0
800 97931 2.0
801 98030 2.0
802 98099 2.0
803 98199 2.0
804 98266 2.0
805 98332 2.0
806 98402 2.0
807 98503 2.0
808 98604 2.0
809 98745 2.0
810 98825 2.0
811 98899 2.0
812 98968 2.0
813 99081 2.0
814 99171 2.0
815 99234 2.0
816 99301 2.0
817 99402 2.0
818 99467 2.0
819 99545 2.0
820 99631 2.0
821 99703 2.0
822 99786 2.0
823 99868 2.0
824 100019 2.0
825 100080 2.0
826 100151 2.0
827 100216 2.0
828 100305 2.0
829 100380 2.0
830 100450 2.0
831 100529 2.0
832 100597 2.0
833 100699 2.0
834 100810 2.0
835 100891 2.0
836 100952 2.0
837 101021 2.0
838 101107 2.0
839 101169 2.0
840 101266 2.0
841 101380 2.0
842 101459 2.0
843 101573 2.0
844 101655 2.0
845 101785 2.0
846 101856 2.0
847 101921 2.0
848 102027 2.0
849 102131 2.0
850 102222 2.0
851 102310 2.0
852 102400 2.0
853 102515 2.0
854 102589 2.0
855 102678 2.0
856 102733 2.0
857 102869 2.0
858 102966 2.0
859 103034 2.0
860 103148 2.0
861 103214 2.0
862 103298 2.0
863 103374 2.0
864 103447 2.0
865 103504 2.0
866 103609 2.0
867 103677 2.0
868 103820 2.0
869 103902 2.0
870 103995 2.0
871 104064 2.0
872 104120 2.0
873 104203 2.0
874 104301 2.0
875 104369 2.0
876 104458 2.0
877 104548 2.0
878 104641 2.0
879 104724 2.0
880 104823 2.0
881 104898 2.0
882 104965 2.0
883 105071 2.0
884 105140 2.0
885 105222 2.0
886 105281 2.0
887 105376 2.0
888 105448 2.0
889 105526 2.0
890 105593 2.0
891 105654 2.0
892 105727 2.0
893 105792 2.0
894 105871 2.0
895 105951 2.0
896 106086 2.0
897 106151 2.0
898 106222 2.0
899 106291 2.0
900 106395 2.0
901 106477 2.0
902 106580 2.0
903 106656 2.0
904 106764 2.0
905 106831 2.0
906 106937 2.0
907 107055 2.0
908 107138 2.0
909 107241 2.0
910 107309 2.0
911 107472 2.0
912 107548 2.0
913 107629 2.0
914 107704 2.0
915 107795 2.0
916 107889 2.0
917 107968 2.0
918 108031 2.0
919 108109 2.0
920 108174 2.0
921 108263 2.0
922 108331 2.0
923 108436 2.0
924 108514 2.0
925 108588 2.0
926 108702 2.0
927 108792 2.0
928 108879 2.0
929 108965 2.0
930 109066 2.0
931 109127 2.0
932 109214 2.0
933 109347 2.0
934 109511 2.0
935 109665 2.0
936 109752 2.0
937 109908 2.0
938 110010 2.0
939 110099 2.0
940 110210 2.0
941 110309 2.0
942 110412 2.0
943 110512 2.0
944 110628 2.0
945 110682 2.0
946 110830 2.0
947 111009 2.0
948 111089 2.0
949 111161 2.0
950 111224 2.0
951 111355 2.0
952 111492 2.0
953 111583 2.0
954 111763 2.0
955 111859 2.0
956 111932 2.0
957 112012 2.0
958 112097 2.0
959 112168 2.0
960 112249 2.0
961 112329 2.0
962 112417 2.0
963 112490 2.0
964 112578 2.0
965 112672 2.0
966 112756 2.0
967 112836 2.0
968 112928 2.0
969 113035 2.0
970 113134 2.0
971 113208 2.0
972 113280 2.0
973 113365 2.0
974 113434 2.0
975 113500 2.0
976 113605 2.0
977 113710 2.0
978 113789 2.0
979 113853 2.0
980 113937 2.0
981 114059 2.0
982 114125 2.0
983 114186 2.0
984 114370 2.0
985 114454 2.0
986 114527 2.0
987 114611 2.0
988 114682 2.0
989 114786 2.0
990 114866 2.0
991 114961 2.0
992 115056 2.0
993 115133 2.0
994 115203 2.0
995 115266 2.0
996 115348 2.0
997 115451 2.0
998 115519 2.0
999 115602 2.0
1000 115668 2.0
1001 115759 2.0
1002 115824 2.0
1003 115893 2.0
1004 115980 2.0
1005 116066 2.0
1006 116134 2.0
1007 116225 2.0
1008 116339 2.0
1009 116436 2.0
1010 116552 2.0
1011 116621 2.0
1012 116681 2.0
1013 116765 2.0
1014 116821 2.0
1015 116902 2.0
1016 116964 2.0
1017 117035 2.0
1018 117123 2.0
1019 117203 2.0
1020 117275 2.0
1021 117382 2.0
1022 117451 2.0
1023 117524 2.0
1024 117643 2.0
1025 117713 2.0
1026 117778 2.0
1027 117857 2.0
1028 117946 2.0
1029 118038 2.0
1030 118124 2.0
1031 118197 2.0
1032 118295 2.0
1033 118390 2.0
1034 118509 2.0
1035 118591 2.0
1036 118658 2.0
1037 118735 2.0
1038 118821 2.0
1039 118903 2.0
1040 119079 2.0
1041 119133 2.0
1042 119200 2.0
1043 119260 2.0
1044 119326 2.0
1045 119414 2.0
1046 119500 2.0
1047 119573 2.0
1048 119674 2.0
1049 119766 2.0
1050 119844 2.0
1051 119912 2.0
1052 119982 2.0
1053 120058 2.0
1054 120198 2.0
1055 120258 2.0
1056 120454 2.0
1057 120523 2.0
1058 120631 2.0
1059 120809 2.0
1060 120913 2.0
1061 120966 2.0
1062 121052 2.0
1063 121104 2.0
1064 121181 2.0
1065 121242 2.0
1066 121327 2.0
1067 121451 2.0
1068 121531 2.0
1069 121634 2.0
1070 121701 2.0
1071 121763 2.0
1072 121853 2.0
1073 121921 2.0
1074 121989 2.0
1075 122050 2.0
1076 122227 2.0
1077 122293 2.0
1078 122369 2.0
1079 122455 2.0
1080 122536 2.0
1081 122603 2.0
1082 122687 2.0
1083 122793 2.0
1084 122897 2.0
1085 123017 2.0
1086 123082 2.0
1087 123151 2.0
1088 123257 2.0
1089 123317 2.0
1090 123400 2.0
1091 123504 2.0
1092 123597 2.0
1093 123658 2.0
1094 123734 2.0
1095 123804 2.0
1096 123914 2.0
1097 124011 2.0
1098 124141 2.0
1099 124209 2.0
1100 124275 2.0
1101 124356 2.0
1102 124442 2.0
1103 124562 2.0
1104 124637 2.0
1105 124761 2.0
1106 124902 2.0
1107 124962 2.0
1108 125063 2.0
1109 125149 2.0
1110 125248 2.0
1111 125488 2.0
1112 125583 2.0
1113 125640 2.0
1114 125712 2.0
1115 125771 2.0
1116 125859 2.0
1117 125941 2.0
1118 126051 2.0
1119 126135 2.0
1120 126199 2.0
1121 126256 2.0
1122 126337 2.0
1123 126426 2.0
1124 126491 2.0
1125 126560 2.0
1126 126651 2.0
1127 126719 1.9800000000000002
1128 126816 1.9800000000000002
1129 126884 1.9800000000000002
1130 126963 1.9800000000000002
1131 127054 1.9800000000000004
1132 127141 1.9800000000000004
1133 127206 1.9800000000000004
1134 127271 1.9800000000000004
1135 127376 1.9800000000000004
1136 127466 1.9800000000000004
1137 127541 1.9800000000000004
1138 127636 1.9800000000000004
1139 127804 1.9800000000000004
1140 127871 1.9800000000000004
1141 127933 1.9800000000000004
1142 128008 1.9800000000000004
1143 128088 1.9800000000000004
1144 128185 1.9800000000000004
1145 128265 1.9800000000000004
1146 128383 1.9800000000000004
1147 128467 1.9800000000000004
1148 128528 1.9800000000000004
1149 128620 1.9800000000000004
1150 128692 1.9800000000000004
1151 128811 1.9800000000000004
1152 128874 1.9800000000000004
1153 128957 1.9800000000000004
1154 129032 1.9800000000000004
1155 129207 1.9800000000000004
1156 129284 1.9800000000000004
1157 129351 1.9800000000000004
1158 129431 1.9800000000000004
1159 129543 1.9800000000000004
1160 129614 1.9800000000000004
1161 129689 1.9800000000000004
1162 129747 1.9800000000000004
1163 129802 1.9800000000000004
1164 129896 1.9600000000000004
1165 129961 1.9600000000000004
1166 130046 1.9600000000000004
1167 130107 1.9600000000000004
1168 130163 1.9600000000000004
1169 130286 1.9600000000000004
1170 130357 1.9600000000000004
1171 130456 1.9600000000000004
1172 130553 1.9600000000000004
1173 130665 1.9600000000000004
1174 130727 1.9600000000000004
1175 130814 1.9600000000000004
1176 130923 1.9600000000000004
1177 130999 1.9600000000000004
1178 131071 1.9600000000000004
1179 131153 1.9600000000000004
1180 131241 1.9600000000000004
1181 131322 1.9600000000000004
1182 131383 1.9600000000000004
1183 131463 1.9600000000000004
1184 131547 1.9600000000000004
1185 131665 1.9600000000000004
1186 131731 1.9600000000000004
1187 131825 1.9600000000000004
1188 131892 1.9600000000000004
1189 131963 1.9600000000000004
1190 132047 1.9600000000000004
1191 132145 1.9600000000000004
1192 132203 1.9600000000000004
1193 132299 1.9600000000000004
1194 132482 1.9600000000000004
1195 132547 1.9600000000000004
1196 132631 1.9600000000000004
1197 132692 1.9600000000000004
1198 132786 1.9600000000000004
1199 132879 1.9600000000000004
1200 132937 1.9600000000000004
1201 133020 1.9600000000000004
1202 133101 1.9600000000000004
1203 133174 1.9600000000000004
1204 133253 1.9600000000000004
1205 133316 1.9600000000000004
1206 133409 1.9600000000000004
1207 133482 1.9600000000000004
1208 133546 1.9600000000000004
1209 133640 1.9600000000000004
1210 133743 1.9600000000000004
1211 133803 1.9600000000000004
1212 133874 1.9600000000000004
1213 133946 1.9600000000000004
1214 134022 1.9600000000000004
1215 134088 1.9600000000000004
1216 134182 1.9600000000000004
1217 134255 1.9600000000000004
1218 134328 1.9600000000000004
1219 134396 1.9600000000000004
1220 134491 1.9600000000000004
1221 134582 1.9600000000000004
1222 134638 1.9600000000000004
1223 134724 1.9600000000000004
1224 134799 1.9600000000000004
1225 134866 1.9600000000000004
1226 135166 1.9600000000000004
1227 135234 1.9800000000000004
1228 135319 1.9800000000000004
1229 135398 1.9800000000000004
1230 135481 1.9800000000000004
1231 135554 1.9800000000000004
1232 135610 1.9800000000000004
1233 135697 1.9800000000000004
1234 135787 1.9800000000000004
1235 135923 1.9800000000000004
1236 136011 1.9800000000000004
1237 136068 1.9800000000000004
1238 136171 1.9800000000000004
1239 136252 1.9800000000000004
1240 136322 1.9800000000000004
1241 136376 1.9800000000000004
1242 136498 1.9800000000000004
1243 136597 1.9800000000000004
1244 136669 1.9800000000000004
1245 136731 1.9800000000000004
1246 136801 1.9800000000000004
1247 136866 1.9800000000000004
1248 136932 1.9800000000000004
1249 137010 1.9800000000000004
1250 137085 1.9800000000000004
1251 137154 1.9800000000000004
1252 137252 1.9800000000000004
1253 137314 1.9800000000000004
1254 137382 1.9800000000000004
1255 137455 1.9800000000000004
1256 137524 1.9800000000000004
1257 137613 1.9800000000000004
1258 137678 1.9800000000000004
1259 137851 1.9800000000000004
1260 137982 1.9800000000000004
1261 138054 1.9800000000000004
1262 138174 1.9800000000000004
1263 138474 1.9800000000000004
1264 138546 2.0
1265 138617 2.0
1266 138788 2.0
1267 138865 2.0
1268 138935 2.0
1269 139017 2.0
1270 139126 2.0
1271 139200 2.0
1272 139285 2.0
1273 139387 2.0
1274 139464 2.0
1275 139556 2.0
1276 139646 2.0
1277 139713 2.0
1278 139794 2.0
1279 139853 2.0
1280 139942 2.0
1281 140011 2.0
1282 140074 2.0
1283 140183 2.0
1284 140270 2.0
1285 140346 2.0
1286 140425 2.0
1287 140507 2.0
1288 140573 2.0
1289 140627 2.0
1290 140766 2.0
1291 140834 2.0
1292 140902 2.0
1293 140978 2.0
1294 141091 2.0
1295 141164 2.0
1296 141222 2.0
1297 141297 2.0
1298 141379 2.0
1299 141464 2.0
1300 141522 2.0
1301 141652 2.0
1302 141706 2.0
1303 141786 2.0
1304 141852 2.0
1305 141929 2.0
1306 142003 2.0
1307 142090 2.0
1308 142157 2.0
1309 142232 2.0
1310 142307 2.0
1311 142405 2.0
1312 142523 2.0
1313 142603 2.0
1314 142680 2.0
1315 142749 2.0
1316 142846 2.0
1317 142940 2.0
1318 143016 2.0
1319 143081 2.0
1320 143168 2.0
1321 143257 2.0
1322 143363 2.0
1323 143460 2.0
1324 143547 2.0
1325 143633 2.0
1326 143712 2.0
1327 143801 2.0
1328 143879 2.0
1329 143984 2.0
1330 144087 2.0
1331 144158 2.0
1332 144256 2.0
1333 144316 2.0
1334 144397 2.0
1335 144482 2.0
1336 144554 2.0
1337 144646 2.0
1338 144720 2.0
1339 144792 2.0
1340 144869 2.0
1341 144950 2.0
1342 145034 2.0
1343 145107 2.0
1344 145203 2.0
1345 145293 2.0
1346 145357 2.0
1347 145421 2.0
1348 145490 2.0
1349 145564 2.0
1350 145652 2.0
1351 145731 2.0
1352 145806 2.0
1353 145897 2.0
1354 145964 2.0
1355 146124 2.0
1356 146180 2.0
1357 146286 2.0
1358 146346 2.0
1359 146440 2.0
1360 146550 2.0
1361 146623 2.0
1362 146696 2.0
1363 146763 2.0
1364 146821 2.0
1365 146890 2.0
1366 146968 2.0
1367 147106 2.0
1368 147184 2.0
1369 147251 2.0
1370 147327 2.0
1371 147400 2.0
1372 147465 2.0
1373 147534 2.0
1374 147602 2.0
1375 147673 2.0
1376 147738 2.0
1377 147811 2.0
1378 147899 2.0
1379 147987 2.0
1380 148080 2.0
1381 148157 2.0
1382 148247 2.0
1383 148322 2.0
1384 148420 2.0
1385 148511 2.0
1386 148573 2.0
1387 148661 2.0
1388 148825 2.0
1389 148963 2.0
1390 149035 2.0
1391 149125 2.0
1392 149220 2.0
1393 149343 2.0
1394 149428 2.0
1395 149570 2.0
1396 149644 2.0
1397 149715 2.0
1398 149787 2.0
1399 149918 2.0
1400 150002 2.0
1401 150080 2.0
1402 150182 2.0
1403 150238 2.0
1404 150330 2.0
1405 150394 2.0
1406 150463 2.0
1407 150580 2.0
1408 150656 2.0
1409 150783 2.0
1410 150864 2.0
1411 150961 2.0
1412 151059 2.0
1413 151134 2.0
1414 151339 2.0
1415 151534 2.0
1416 151649 2.0
1417 151733 2.0
1418 151998 2.0
1419 152089 2.0
1420 152141 2.0
1421 152204 2.0
1422 152278 2.0
1423 152343 2.0
1424 152416 2.0
1425 152555 2.0
1426 152622 2.0
1427 152706 2.0
1428 152777 2.0
1429 152836 2.0
1430 152927 2.0
1431 153010 2.0
1432 153089 2.0
1433 153153 2.0
1434 153216 2.0
1435 153291 2.0
1436 153415 2.0
1437 153489 2.0
1438 153575 2.0
1439 153636 2.0
1440 153731 2.0
1441 153798 2.0
1442 153898 2.0
1443 154023 2.0
1444 154097 2.0
1445 154189 2.0
1446 154253 2.0
1447 154324 2.0
1448 154415 2.0
1449 154488 2.0
1450 154572 2.0
1451 154649 2.0
1452 154739 2.0
1453 154817 2.0
1454 154925 2.0
1455 154997 2.0
1456 155097 2.0
1457 155165 2.0
1458 155267 2.0
1459 155322 2.0
1460 155388 2.0
1461 155492 2.0
1462 155563 2.0
1463 155637 2.0
1464 155715 2.0
1465 155778 2.0
1466 155865 2.0
1467 155966 2.0
1468 156046 2.0
1469 156118 2.0
1470 156183 2.0
1471 156257 2.0
1472 156330 2.0
1473 156408 2.0
1474 156500 2.0
1475 156566 2.0
1476 156624 2.0
1477 156700 2.0
1478 156762 2.0
1479 156838 2.0
1480 156914 2.0
1481 157037 2.0
1482 157125 2.0
1483 157192 2.0
1484 157273 2.0
1485 157375 2.0
1486 157443 2.0
1487 157520 2.0
1488 157593 2.0
1489 157709 2.0
1490 157801 2.0
1491 157893 2.0
1492 157962 2.0
1493 158035 2.0
1494 158106 2.0
1495 158183 2.0
1496 158250 2.0
1497 158336 2.0
1498 158406 2.0
1499 158467 2.0
1500 158547 2.0
1501 158630 2.0
1502 158699 2.0
1503 158772 2.0
1504 158882 2.0
1505 159012 2.0
1506 159104 2.0
1507 159181 2.0
1508 159248 2.0
1509 159326 2.0
1510 159398 2.0
1511 159484 2.0
1512 159581 2.0
1513 159648 2.0
1514 159717 2.0
1515 159809 2.0
1516 159884 2.0
1517 159965 2.0
1518 160079 2.0
1519 160142 2.0
1520 160221 2.0
1521 160282 2.0
1522 160360 2.0
1523 160448 2.0
1524 160521 2.0
1525 160635 2.0
1526 160721 2.0
1527 160796 2.0
1528 160865 2.0
1529 160932 2.0
1530 161067 2.0
1531 161129 2.0
1532 161200 2.0
1533 161277 2.0
1534 161360 2.0
1535 161448 2.0
1536 161518 2.0
1537 161589 2.0
1538 161658 2.0
1539 161745 2.0
1540 161843 2.0
1541 161898 2.0
1542 162030 2.0
1543 162101 2.0
1544 162175 2.0
1545 162249 2.0
1546 162327 2.0
1547 162409 2.0
1548 162519 2.0
1549 162633 2.0
1550 162754 2.0
1551 162819 2.0
1552 162898 2.0
1553 162972 2.0
1554 163054 2.0
1555 163145 2.0
1556 163221 2.0
1557 163295 2.0
1558 163391 2.0
1559 163469 2.0
1560 163524 2.0
1561 163722 2.0
1562 163796 2.0
1563 163900 2.0
1564 164009 2.0
1565 164095 2.0
1566 164182 2.0
1567 164245 2.0
1568 164321 2.0
1569 164384 2.0
1570 164459 2.0
1571 164558 2.0
1572 164613 2.0
1573 164718 2.0
1574 164784 2.0
1575 164870 2.0
1576 164936 2.0
1577 165006 2.0
1578 165075 2.0
1579 165135 2.0
1580 165228 2.0
1581 165309 2.0
1582 165381 2.0
1583 165488 2.0
1584 165571 2.0
1585 165642 2.0
1586 165726 2.0
1587 165794 2.0
1588 165875 2.0
1589 165955 2.0
1590 166020 2.0
1591 166082 2.0
1592 166150 2.0
1593 166229 2.0
1594 166296 2.0
1595 166449 2.0
1596 166547 2.0
1597 166644 2.0
1598 166714 2.0
1599 166780 2.0
1600 166870 2.0
1601 167001 2.0
1602 167077 2.0
1603 167170 2.0
1604 167250 2.0
1605 167349 2.0
1606 167424 2.0
1607 167498 2.0
1608 167570 2.0
1609 167646 2.0
1610 167725 2.0
1611 167782 2.0
1612 167881 2.0
1613 168035 2.0
1614 168106 2.0
1615 168183 2.0
1616 168291 2.0
1617 168375 2.0
1618 168432 2.0
1619 168544 2.0
1620 168605 2.0
1621 168669 2.0
1622 168741 2.0
1623 168819 2.0
1624 168903 2.0
1625 168981 2.0
1626 169045 2.0
1627 169114 2.0
1628 169212 2.0
1629 169297 2.0
1630 169371 2.0
1631 169455 2.0
1632 169535 2.0
1633 169629 2.0
1634 169708 2.0
1635 169787 2.0
1636 169880 2.0
1637 169944 2.0
1638 170050 2.0
1639 170118 2.0
1640 170203 2.0
1641 170263 2.0
1642 170341 2.0
1643 170431 2.0
1644 170510 2.0
1645 170622 2.0
1646 170698 2.0
1647 170762 2.0
1648 170833 2.0
1649 170892 2.0
1650 170961 2.0
1651 171027 2.0
1652 171107 2.0
1653 171182 2.0
1654 171246 2.0
1655 171314 2.0
1656 171387 2.0
1657 171492 2.0
1658 171565 2.0
1659 171654 2.0
1660 171766 2.0
1661 171863 2.0
1662 171949 2.0
1663 172029 2.0
1664 172102 2.0
1665 172177 2.0
1666 172240 2.0
1667 172312 2.0
1668 172383 2.0
1669 172453 2.0
1670 172516 2.0
1671 172583 2.0
1672 172700 2.0
1673 172773 2.0
1674 172884 2.0
1675 172955 2.0
1676 173034 2.0
1677 173105 2.0
1678 173176 2.0
1679 173259 2.0
1680 173336 2.0
1681 173437 2.0
1682 173649 2.0
1683 173716 2.0
1684 173787 2.0
1685 173875 2.0
1686 174038 2.0
1687 174137 2.0
1688 174201 2.0
1689 174293 2.0
1690 174387 2.0
1691 174455 2.0
1692 174537 2.0
1693 174607 2.0
1694 174687 2.0
1695 174755 2.0
1696 174825 2.0
1697 174893 2.0
1698 174974 2.0
1699 175039 2.0
1700 175128 2.0
1701 175193 2.0
1702 175261 2.0
1703 175336 2.0
1704 175434 2.0
1705 175520 2.0
1706 175607 2.0
1707 175700 2.0
1708 175756 2.0
1709 175832 2.0
1710 175914 2.0
1711 175976 2.0
1712 176052 2.0
1713 176110 2.0
1714 176199 2.0
1715 176266 2.0
1716 176366 2.0
1717 176453 2.0
1718 176555 2.0
1719 176619 2.0
1720 176698 2.0
1721 176779 2.0
1722 176838 2.0
1723 176917 2.0
1724 176983 2.0
1725 177040 2.0
1726 177102 2.0
1727 177171 2.0
1728 177236 2.0
1729 177310 2.0
1730 177390 2.0
1731 177486 2.0
1732 177584 2.0
1733 177651 2.0
1734 177737 2.0
1735 177858 2.0
1736 177918 2.0
1737 178007 2.0
1738 178116 2.0
1739 178274 2.0
1740 178337 2.0
1741 178431 2.0
1742 178497 2.0
1743 178557 2.0
1744 178632 2.0
1745 178720 2.0
1746 178825 2.0
1747 178882 2.0
1748 178961 2.0
1749 179040 2.0
1750 179111 2.0
1751 179189 2.0
1752 179262 2.0
1753 179344 2.0
1754 179405 2.0
1755 179473 2.0
1756 179551 2.0
1757 179654 2.0
1758 179755 2.0
1759 179825 2.0
1760 179900 2.0
1761 179969 2.0
1762 180041 2.0
1763 180112 2.0
1764 180189 2.0
1765 180265 2.0
1766 180369 2.0
1767 180452 2.0
1768 180515 2.0
1769 180584 2.0
1770 180699 2.0
1771 180791 2.0
1772 180854 2.0
1773 180931 2.0
1774 181020 2.0
1775 181104 2.0
1776 181188 2.0
1777 181259 2.0
1778 181338 2.0
1779 181416 2.0
1780 181506 2.0
1781 181571 2.0
1782 181663 2.0
1783 181756 2.0
1784 181842 2.0
1785 181985 2.0
1786 182059 2.0
1787 182135 2.0
1788 182214 2.0
1789 182301 2.0
1790 182377 2.0
1791 182453 2.0
1792 182522 2.0
1793 182589 2.0
1794 182701 2.0
1795 182810 2.0
1796 182878 2.0
1797 182978 2.0
1798 183035 2.0
1799 183121 2.0
1800 183212 2.0
1801 183278 2.0
1802 183347 2.0
1803 183410 2.0
1804 183502 2.0
1805 183576 2.0
1806 183665 2.0
1807 183734 2.0
1808 183818 2.0
1809 183890 2.0
1810 183965 2.0
1811 184070 2.0
1812 184160 2.0
1813 184241 2.0
1814 184331 2.0
1815 184409 2.0
1816 184498 2.0
1817 184581 2.0
1818 184642 2.0
1819 184713 2.0
1820 184780 2.0
1821 184894 2.0
1822 184970 2.0
1823 185038 2.0
1824 185115 2.0
1825 185206 2.0
1826 185280 2.0
1827 185351 2.0
1828 185463 2.0
1829 185532 2.0
1830 185602 2.0
1831 185677 2.0
1832 185732 2.0
1833 185810 2.0
1834 185884 2.0
1835 185952 2.0
1836 186024 2.0
1837 186089 2.0
1838 186165 2.0
1839 186243 2.0
1840 186304 2.0
1841 186380 2.0
1842 186440 2.0
1843 186508 2.0
1844 186584 2.0
1845 186637 2.0
1846 186729 2.0
1847 186814 2.0
1848 186882 2.0
1849 186960 2.0
1850 187029 2.0
1851 187098 2.0
1852 187170 2.0
1853 187248 2.0
1854 187327 2.0
1855 187390 2.0
1856 187462 2.0
1857 187531 2.0
1858 187617 2.0
1859 187683 2.0
1860 187765 2.0
1861 187847 2.0
1862 187917 2.0
1863 187997 2.0
1864 188057 2.0
1865 188133 2.0
1866 188213 2.0
1867 188296 2.0
1868 188390 2.0
1869 188469 2.0
1870 188582 2.0
1871 188657 2.0
1872 188744 2.0
1873 188817 2.0
1874 188950 2.0
1875 189060 2.0
1876 189152 2.0
1877 189224 2.0
1878 189319 2.0
1879 189403 2.0
1880 189486 2.0
1881 189552 2.0
1882 189638 2.0
1883 189701 2.0
1884 189785 2.0
1885 189865 2.0
1886 189934 2.0
1887 190011 2.0
1888 190085 2.0
1889 190202 2.0
1890 190286 2.0
1891 190348 2.0
1892 190427 2.0
1893 190499 2.0
1894 190587 2.0
1895 190665 2.0
1896 190732 2.0
1897 190792 2.0
1898 190917 2.0
1899 191018 2.0
1900 191108 2.0
1901 191182 2.0
1902 191244 2.0
1903 191313 2.0
1904 191433 2.0
1905 191503 2.0
1906 191588 2.0
1907 191674 2.0
1908 191763 2.0
1909 191906 2.0
1910 191974 2.0
1911 192054 2.0
1912 192127 2.0
1913 192221 2.0
1914 192300 2.0
1915 192375 2.0
1916 192445 2.0
1917 192525 2.0
1918 192599 2.0
1919 192663 2.0
1920 192728 2.0
1921 192820 2.0
1922 192882 2.0
1923 193001 2.0
1924 193100 2.0
1925 193164 2.0
1926 193235 2.0
1927 193331 2.0
1928 193420 2.0
1929 193623 2.0
1930 193695 2.0
1931 193801 2.0
1932 193863 2.0
1933 193933 2.0
1934 194025 2.0
1935 194109 2.0
1936 194171 2.0
1937 194276 2.0
1938 194353 2.0
1939 194422 2.0
1940 194482 2.0
1941 194550 2.0
1942 194638 2.0
1943 194845 2.0
1944 194938 2.0
1945 195046 2.0
1946 195125 2.0
1947 195188 2.0
1948 195266 2.0
1949 195352 2.0
1950 195477 2.0
1951 195545 2.0
1952 195649 2.0
1953 195733 2.0
1954 195828 2.0
1955 195895 2.0
1956 195973 2.0
1957 196041 2.0
1958 196100 2.0
1959 196164 2.0
1960 196241 2.0
1961 196313 2.0
1962 196407 2.0
1963 196471 2.0
1964 196607 2.0
1965 196681 2.0
1966 196751 2.0
1967 196817 2.0
1968 196927 2.0
1969 196997 2.0
1970 197063 2.0
1971 197201 2.0
1972 197265 2.0
1973 197336 2.0
1974 197411 2.0
1975 197493 2.0
1976 197564 2.0
1977 197650 2.0
1978 197717 2.0
1979 197805 2.0
1980 197873 2.0
1981 197944 2.0
1982 198022 2.0
1983 198116 2.0
1984 198180 2.0
1985 198300 2.0
1986 198360 2.0
1987 198441 2.0
1988 198517 2.0
1989 198672 2.0
1990 198751 2.0
1991 198818 2.0
1992 198898 2.0
1993 198977 2.0
1994 199084 2.0
1995 199163 2.0
1996 199237 2.0
1997 199340 2.0
1998 199431 2.0
1999 199519 2.0
2000 199590 2.0
2001 199677 2.0
2002 199737 2.0
2003 199866 2.0
2004 199945 2.0
2005 200027 2.0
2006 200091 2.0
2007 200165 2.0
2008 200304 2.0
2009 200383 2.0
2010 200461 2.0
2011 200524 2.0
2012 200587 2.0
2013 200661 2.0
2014 200716 2.0
2015 200790 2.0
2016 200864 2.0
2017 200947 2.0
2018 201035 2.0
2019 201115 2.0
2020 201262 2.0
2021 201338 2.0
2022 201405 2.0
2023 201488 2.0
2024 201554 2.0
2025 201622 2.0
2026 201709 2.0
2027 201818 2.0
2028 201893 2.0
2029 201963 2.0
2030 202101 2.0
2031 202164 2.0
2032 202241 2.0
2033 202327 2.0
2034 202412 2.0
2035 202499 2.0
2036 202582 2.0
2037 202701 2.0
2038 202859 2.0
2039 202970 2.0
2040 203105 2.0
2041 203181 2.0
2042 203264 2.0
2043 203338 2.0
2044 203405 2.0
2045 203475 2.0
2046 203550 2.0
2047 203636 2.0
2048 203728 2.0
2049 203807 2.0
2050 203879 2.0
2051 203956 2.0
2052 204020 2.0
2053 204096 2.0
2054 204165 2.0
2055 204291 2.0
2056 204380 2.0
2057 204472 2.0
2058 204548 2.0
2059 204673 2.0
2060 204745 2.0
2061 204814 2.0
2062 204869 2.0
2063 204954 2.0
2064 205038 2.0
2065 205121 2.0
2066 205207 2.0
2067 205290 2.0
2068 205386 2.0
2069 205453 2.0
2070 205531 2.0
2071 205610 2.0
2072 205731 2.0
2073 205813 2.0
2074 205897 2.0
2075 205977 2.0
2076 206054 2.0
2077 206145 2.0
2078 206222 2.0
2079 206293 2.0
2080 206366 2.0
2081 206432 2.0
2082 206503 2.0
2083 206563 2.0
2084 206734 2.0
2085 206859 2.0
2086 206919 2.0
2087 206978 2.0
2088 207070 2.0
2089 207131 2.0
2090 207206 2.0
2091 207266 2.0
2092 207340 2.0
2093 207455 2.0
2094 207572 2.0
2095 207637 2.0
2096 207714 2.0
2097 207782 2.0
2098 207874 2.0
2099 207934 2.0
2100 208025 2.0
2101 208114 2.0
2102 208184 2.0
2103 208266 2.0
2104 208371 2.0
2105 208461 2.0
2106 208543 2.0
2107 208612 2.0
2108 208691 2.0
2109 208768 2.0
2110 208837 2.0
2111 208897 2.0
2112 208962 2.0
2113 209052 2.0
2114 209140 2.0
2115 209217 2.0
2116 209308 2.0
2117 209381 2.0
2118 209458 2.0
2119 209528 2.0
2120 209605 2.0
2121 209706 2.0
2122 209779 2.0
2123 209855 2.0
2124 209949 2.0
2125 210057 2.0
2126 210126 2.0
2127 210199 2.0
2128 210302 2.0
2129 210361 2.0
2130 210462 2.0
2131 210539 2.0
2132 210626 2.0
2133 210689 2.0
2134 210790 2.0
2135 210858 2.0
2136 210931 2.0
2137 211015 2.0
2138 211116 2.0
2139 211189 2.0
2140 211268 2.0
2141 211331 2.0
2142 211514 2.0
2143 211622 2.0
2144 211685 2.0
2145 211745 2.0
2146 211823 2.0
2147 211905 2.0
2148 212080 2.0
2149 212166 2.0
2150 212235 2.0
2151 212312 2.0
2152 212399 2.0
2153 212480 2.0
2154 212584 2.0
2155 212653 2.0
2156 212744 2.0
2157 212812 2.0
2158 212877 2.0
2159 212951 2.0
2160 213024 2.0
2161 213113 2.0
2162 213254 2.0
2163 213315 2.0
2164 213403 2.0
2165 213481 2.0
2166 213548 2.0
2167 213609 2.0
2168 213735 2.0
2169 213804 2.0
2170 213875 2.0
2171 213972 2.0
2172 214067 2.0
2173 214127 2.0
2174 214208 2.0
2175 214279 2.0
2176 214335 2.0
2177 214409 2.0
2178 214481 2.0
2179 214555 2.0
2180 214641 2.0
2181 214722 2.0
2182 214834 2.0
2183 214904 2.0
2184 214971 2.0
2185 215051 2.0
2186 215133 2.0
2187 215236 2.0
2188 215307 2.0
2189 215374 2.0
2190 215428 2.0
2191 215493 2.0
2192 215573 2.0
2193 215762 2.0
2194 215822 2.0
2195 215901 2.0
2196 215967 2.0
2197 216035 2.0
2198 216102 2.0
2199 216174 2.0
2200 216254 2.0
2201 216326 2.0
2202 216404 2.0
2203 216512 2.0
2204 216585 2.0
2205 216692 2.0
2206 216795 2.0
2207 216871 2.0
2208 216971 2.0
2209 217036 2.0
2210 217114 2.0
2211 217211 2.0
2212 217299 2.0
2213 217365 2.0
2214 217453 2.0
2215 217530 2.0
2216 217622 2.0
2217 217706 2.0
2218 217785 2.0
2219 217847 2.0
2220 217923 2.0
2221 218000 2.0
2222 218126 2.0
2223 218197 2.0
2224 218351 2.0
2225 218437 2.0
2226 218508 2.0
2227 218575 2.0
2228 218650 2.0
2229 218757 2.0
2230 218877 2.0
2231 218931 2.0
2232 218998 2.0
2233 219111 2.0
2234 219196 2.0
2235 219268 2.0
2236 219350 2.0
2237 219415 2.0
2238 219487 2.0
2239 219564 2.0
2240 219661 2.0
2241 219721 2.0
2242 219811 2.0
2243 219876 2.0
2244 219944 2.0
2245 220009 2.0
2246 220094 2.0
2247 220156 2.0
2248 220224 2.0
2249 220294 2.0
2250 220413 2.0
2251 220483 2.0
2252 220553 2.0
2253 220665 2.0
2254 220751 2.0
2255 220813 2.0
2256 220880 2.0
2257 220948 2.0
2258 221036 2.0
2259 221097 2.0
2260 221166 2.0
2261 221239 2.0
2262 221302 2.0
2263 221384 2.0
2264 221445 2.0
2265 221517 2.0
2266 221619 2.0
2267 221701 2.0
2268 221774 2.0
2269 221862 2.0
2270 221995 2.0
2271 222058 2.0
2272 222145 2.0
2273 222235 2.0
2274 222357 2.0
2275 222417 2.0
2276 222475 2.0
2277 222550 2.0
2278 222624 2.0
2279 222694 2.0
2280 222773 2.0
2281 222841 2.0
2282 222906 2.0
2283 222970 2.0
2284 223058 2.0
2285 223130 2.0
2286 223228 2.0
2287 223314 2.0
2288 223390 2.0
2289 223519 2.0
2290 223593 2.0
2291 223658 2.0
2292 223725 2.0
2293 223806 2.0
2294 223886 2.0
2295 223967 2.0
2296 224033 2.0
2297 224097 2.0
2298 224175 2.0
2299 224235 2.0
2300 224341 2.0
2301 224533 2.0
2302 224597 2.0
2303 224675 2.0
2304 224753 2.0
2305 224845 2.0
2306 224912 2.0
2307 225015 2.0
2308 225097 2.0
2309 225270 2.0
2310 225334 2.0
2311 225440 2.0
2312 225506 2.0
2313 225652 2.0
2314 225734 2.0
2315 225813 2.0
2316 225907 2.0
2317 226020 2.0
2318 226098 2.0
2319 226193 2.0
2320 226277 2.0
2321 226369 2.0
2322 226434 2.0
2323 226564 2.0
2324 226751 2.0
2325 226818 2.0
2326 226972 2.0
2327 227067 2.0
2328 227143 2.0
2329 227213 2.0
2330 227285 2.0
2331 227356 2.0
2332 227425 2.0
2333 227485 2.0
2334 227577 2.0
2335 227635 2.0
2336 227698 2.0
2337 227776 2.0
2338 227873 2.0
2339 227959 2.0
2340 228024 2.0
2341 228100 2.0
2342 228165 2.0
2343 228234 2.0
2344 228297 2.0
2345 228363 2.0
2346 228443 2.0
2347 228524 2.0
2348 228586 2.0
2349 228639 2.0
2350 228697 2.0
2351 228779 2.0
2352 228843 2.0
2353 228915 2.0
2354 229094 2.0
2355 229160 2.0
2356 229262 2.0
2357 229345 2.0
2358 229468 2.0
2359 229555 2.0
2360 229637 2.0
2361 229701 2.0
2362 229789 2.0
2363 229848 2.0
2364 229922 2.0
2365 230024 2.0
2366 230089 2.0
2367 230168 2.0
2368 230249 2.0
2369 230366 2.0
2370 230444 2.0
2371 230540 2.0
2372 230610 2.0
2373 230680 2.0
2374 230749 2.0
2375 230838 2.0
2376 230918 2.0
2377 230997 2.0
2378 231088 2.0
2379 231168 2.0
2380 231246 2.0
2381 231329 2.0
2382 231401 2.0
2383 231463 2.0
2384 231518 2.0
2385 231590 2.0
2386 231659 2.0
2387 231724 2.0
2388 231789 2.0
2389 231866 2.0
2390 231936 2.0
2391 232084 2.0
2392 232166 2.0
2393 232228 2.0
2394 232302 2.0
2395 232372 2.0
2396 232458 2.0
2397 232549 2.0
2398 232628 2.0
2399 232749 2.0
2400 232812 2.0
2401 232908 2.0
2402 232990 2.0
2403 233064 2.0
2404 233129 2.0
2405 233205 2.0
2406 233271 2.0
2407 233356 2.0
2408 233421 2.0
2409 233491 2.0
2410 233559 2.0
2411 233621 2.0
2412 233702 2.0
2413 233777 2.0
2414 233856 2.0
2415 233921 2.0
2416 233997 2.0
2417 234070 2.0
2418 234156 2.0
2419 234233 2.0
2420 234319 2.0
2421 234395 2.0
2422 234469 2.0
2423 234543 2.0
2424 234632 2.0
2425 234700 2.0
2426 234809 2.0
2427 234887 2.0
2428 234949 2.0
2429 235026 2.0
2430 235101 2.0
2431 235166 2.0
2432 235257 2.0
2433 235339 2.0
2434 235409 2.0
2435 235473 2.0
2436 235553 2.0
2437 235617 2.0
2438 235708 2.0
2439 235800 2.0
2440 235881 2.0
2441 235950 2.0
2442 236120 2.0
2443 236183 2.0
2444 236232 2.0
2445 236308 2.0
2446 236385 2.0
2447 236467 2.0
2448 236586 2.0
2449 236657 2.0
2450 236782 2.0
2451 236854 2.0
2452 236928 2.0
2453 236999 2.0
2454 237079 2.0
2455 237151 2.0
2456 237234 2.0
2457 237307 2.0
2458 237434 2.0
2459 237529 2.0
2460 237611 2.0
2461 237686 2.0
2462 237762 2.0
2463 237850 2.0
2464 237908 2.0
2465 237986 2.0
2466 238056 2.0
2467 238159 2.0
2468 238230 2.0
2469 238362 2.0
2470 238447 2.0
2471 238515 2.0
2472 238578 2.0
2473 238661 2.0
2474 238743 2.0
2475 238850 2.0
2476 238920 2.0
2477 238994 2.0
2478 239062 2.0
2479 239151 2.0
2480 239228 2.0
2481 239298 2.0
2482 239382 2.0
2483 239452 2.0
2484 239530 2.0
2485 239620 2.0
2486 239712 2.0
2487 239798 2.0
2488 239887 2.0
2489 239969 2.0
2490 240026 2.0
2491 240100 2.0
2492 240193 2.0
2493 240360 2.0
2494 240433 2.0
2495 240616 2.0
2496 240691 2.0
2497 240767 2.0
2498 240825 2.0
2499 240903 2.0
2500 240975 2.0
2501 241058 2.0
2502 241137 2.0
2503 241231 2.0
2504 241296 2.0
2505 241370 2.0
2506 241443 2.0
2507 241522 2.0
2508 241584 2.0
2509 241647 2.0
2510 241712 2.0
2511 241783 2.0
2512 241900 2.0
2513 241976 2.0
2514 242053 2.0
2515 242151 2.0
2516 242228 2.0
2517 242338 2.0
2518 242397 2.0
2519 242461 2.0
2520 242539 2.0
2521 242621 2.0
2522 242696 2.0
2523 242759 2.0
2524 242825 2.0
2525 242906 2.0
2526 242985 2.0
2527 243044 2.0
2528 243123 2.0
2529 243188 2.0
2530 243289 2.0
2531 243357 2.0
2532 243442 2.0
2533 243520 2.0
2534 243600 2.0
2535 243676 2.0
2536 243757 2.0
2537 243843 2.0
2538 243918 2.0
2539 243996 2.0
2540 244080 2.0
2541 244169 2.0
2542 244248 2.0
2543 244343 2.0
2544 244400 2.0
2545 244490 2.0
2546 244557 2.0
2547 244634 2.0
2548 244701 2.0
2549 244759 2.0
2550 244849 2.0
2551 244932 2.0
2552 245026 2.0
2553 245126 2.0
2554 245209 2.0
2555 245297 2.0
2556 245365 2.0
2557 245428 2.0
2558 245511 2.0
2559 245567 2.0
2560 245636 2.0
2561 245712 2.0
2562 245770 2.0
2563 245830 2.0
2564 245902 2.0
2565 245983 2.0
2566 246064 2.0
2567 246137 2.0
2568 246229 2.0
2569 246293 2.0
2570 246368 2.0
2571 246444 2.0
2572 246548 2.0
2573 246613 2.0
2574 246681 2.0
2575 246739 2.0
2576 246855 2.0
2577 246919 2.0
2578 246991 2.0
2579 247074 2.0
2580 247173 2.0
2581 247240 2.0
2582 247311 2.0
2583 247375 2.0
2584 247449 2.0
2585 247542 2.0
2586 247628 2.0
2587 247731 2.0
2588 247797 2.0
2589 247894 2.0
2590 247977 2.0
2591 248075 2.0
2592 248157 2.0
2593 248253 2.0
2594 248337 2.0
2595 248406 2.0
2596 248480 2.0
2597 248541 2.0
2598 248612 2.0
2599 248744 2.0
2600 248827 2.0
2601 248891 2.0
2602 248959 2.0
2603 249028 2.0
2604 249105 2.0
2605 249178 2.0
2606 249245 2.0
2607 249316 2.0
2608 249383 2.0
2609 249466 2.0
2610 249556 2.0
2611 249614 2.0
2612 249693 2.0
2613 249786 2.0
2614 249870 2.0
2615 249938 2.0
2616 250027 2.0
2617 250116 2.0
2618 250213 2.0
2619 250284 2.0
2620 250362 2.0
2621 250433 2.0
2622 250500 2.0
2623 250570 2.0
2624 250630 2.0
2625 250695 2.0
2626 250764 2.0
2627 250848 2.0
2628 250914 2.0
2629 251047 2.0
2630 251125 2.0
2631 251205 2.0
2632 251293 2.0
2633 251404 2.0
2634 251477 2.0
2635 251539 2.0
2636 251629 2.0
2637 251710 2.0
2638 251774 2.0
2639 251895 2.0
2640 251991 2.0
2641 252053 2.0
2642 252120 2.0
2643 252184 2.0
2644 252299 2.0
2645 252376 2.0
2646 252437 2.0
2647 252503 2.0
2648 252562 2.0
2649 252629 2.0
2650 252685 2.0
2651 252773 2.0
2652 252842 2.0
2653 252923 2.0
2654 252992 2.0
2655 253064 2.0
2656 253129 2.0
2657 253204 2.0
2658 253282 2.0
2659 253377 2.0
2660 253472 2.0
2661 253585 2.0
2662 253698 2.0
2663 253768 2.0
2664 253838 2.0
2665 253901 2.0
2666 253973 2.0
2667 254028 2.0
2668 254116 2.0
2669 254188 2.0
2670 254259 2.0
2671 254328 2.0
2672 254385 2.0
2673 254463 2.0
2674 254547 2.0
2675 254621 2.0
2676 254687 2.0
2677 254831 2.0
2678 254909 2.0
2679 254991 2.0
2680 255062 2.0
2681 255144 2.0
2682 255220 2.0
2683 255305 2.0
2684 255382 2.0
2685 255443 2.0
2686 255540 2.0
2687 255607 2.0
2688 255684 2.0
2689 255746 2.0
2690 255817 2.0
2691 255898 2.0
2692 255989 2.0
2693 256067 2.0
2694 256144 2.0
2695 256233 2.0
2696 256313 2.0
2697 256386 2.0
2698 256449 2.0
2699 256528 2.0
2700 256597 2.0
2701 256672 2.0
2702 256774 2.0
2703 256831 2.0
2704 256895 2.0
2705 256969 2.0
2706 257037 2.0
2707 257124 2.0
2708 257193 2.0
2709 257253 2.0
2710 257325 2.0
2711 257410 2.0
2712 257564 2.0
2713 257635 2.0
2714 257694 2.0
2715 257775 2.0
2716 257880 2.0
2717 257987 2.0
2718 258059 2.0
2719 258191 2.0
2720 258255 2.0
2721 258320 2.0
2722 258383 2.0
2723 258459 2.0
2724 258526 2.0
2725 258597 2.0
2726 258660 2.0
2727 258727 2.0
2728 258893 2.0
2729 258960 2.0
2730 259039 2.0
2731 259156 2.0
2732 259281 2.0
2733 259380 2.0
2734 259443 2.0
2735 259507 2.0
2736 259598 2.0
2737 259721 2.0
2738 259777 2.0
2739 259845 2.0
2740 259899 2.0
2741 259965 2.0
2742 260042 2.0
2743 260103 2.0
2744 260221 2.0
2745 260288 2.0
2746 260352 2.0
2747 260424 2.0
2748 260497 2.0
2749 260567 2.0
2750 260639 2.0
2751 260714 2.0
2752 260782 2.0
2753 260876 2.0
2754 260945 2.0
2755 261012 2.0
2756 261088 2.0
2757 261172 2.0
2758 261241 2.0
2759 261315 2.0
2760 261386 2.0
2761 261456 2.0
2762 261530 2.0
2763 261619 2.0
2764 261704 2.0
2765 261799 2.0
2766 261865 2.0
2767 261967 2.0
2768 262040 2.0
2769 262120 2.0
2770 262191 2.0
2771 262270 2.0
2772 262341 2.0
2773 262418 2.0
2774 262563 2.0
2775 262646 2.0
2776 262707 2.0
2777 262779 2.0
2778 262848 2.0
2779 262914 2.0
2780 262994 2.0
2781 263071 2.0
2782 263163 2.0
2783 263236 2.0
2784 263307 2.0
2785 263390 2.0
2786 263471 2.0
2787 263539 2.0
2788 263598 2.0
2789 263777 2.0
2790 263845 2.0
2791 263906 2.0
2792 264025 2.0
2793 264092 2.0
2794 264172 2.0
2795 264253 2.0
2796 264314 2.0
2797 264387 2.0
2798 264474 2.0
2799 264546 2.0
2800 264606 2.0
2801 264691 2.0
2802 264779 2.0
2803 264857 2.0
2804 264935 2.0
2805 265013 2.0
2806 265070 2.0
2807 265129 2.0
2808 265197 2.0
2809 265258 2.0
2810 265318 2.0
2811 265399 2.0
2812 265475 2.0
2813 265551 2.0
2814 265648 2.0
2815 265748 2.0
2816 265814 2.0
2817 265906 2.0
2818 265965 2.0
2819 266044 2.0
2820 266119 2.0
2821 266214 2.0
2822 266300 2.0
2823 266376 2.0
2824 266457 2.0
2825 266525 2.0
2826 266594 2.0
2827 266700 2.0
2828 266794 2.0
2829 266907 2.0
2830 266974 2.0
2831 267039 2.0
2832 267117 2.0
2833 267179 2.0
2834 267242 2.0
2835 267299 2.0
2836 267360 2.0
2837 267430 2.0
2838 267508 2.0
2839 267586 2.0
2840 267656 2.0
2841 267780 2.0
2842 267877 2.0
2843 267947 2.0
2844 268017 2.0
2845 268180 2.0
2846 268272 2.0
2847 268344 2.0
2848 268424 2.0
2849 268510 2.0
2850 268589 2.0
2851 268675 2.0
2852 268748 2.0
2853 268855 2.0
2854 268926 2.0
2855 269000 2.0
2856 269128 2.0
2857 269190 2.0
2858 269273 2.0
2859 269362 2.0
2860 269426 2.0
2861 269504 2.0
2862 269608 2.0
2863 269671 2.0
2864 269740 2.0
2865 269836 2.0
2866 269901 2.0
2867 269996 2.0
2868 270143 2.0
2869 270217 2.0
2870 270299 2.0
2871 270384 2.0
2872 270468 2.0
2873 270543 2.0
2874 270610 2.0
2875 270685 2.0
2876 270751 2.0
2877 270836 2.0
2878 270896 2.0
2879 270972 2.0
2880 271048 2.0
2881 271112 2.0
2882 271196 2.0
2883 271265 2.0
2884 271390 2.0
2885 271483 2.0
2886 271555 2.0
2887 271619 2.0
2888 271681 2.0
2889 271799 2.0
2890 271865 2.0
2891 271928 2.0
2892 272003 2.0
2893 272058 2.0
2894 272343 2.0
2895 272425 2.0
2896 272503 2.0
2897 272653 2.0
2898 272718 2.0
2899 272821 2.0
2900 272888 2.0
2901 272956 2.0
2902 273057 2.0
2903 273129 2.0
2904 273198 2.0
2905 273268 2.0
2906 273348 2.0
2907 273451 2.0
2908 273537 2.0
2909 273598 2.0
2910 273660 2.0
2911 273747 2.0
2912 273807 2.0
2913 273903 2.0
2914 273968 2.0
2915 274034 2.0
2916 274109 2.0
2917 274195 2.0
2918 274322 2.0
2919 274395 2.0
2920 274492 2.0
2921 274558 2.0
2922 274635 2.0
2923 274700 2.0
2924 274766 2.0
2925 274827 2.0
2926 274909 2.0
2927 274968 2.0
2928 275022 2.0
2929 275077 2.0
2930 275130 2.0
2931 275210 2.0
2932 275280 2.0
2933 275372 2.0
2934 275441 2.0
2935 275516 2.0
2936 275602 2.0
2937 275672 2.0
2938 275768 2.0
2939 275848 2.0
2940 275920 2.0
2941 276002 2.0
2942 276072 2.0
2943 276148 2.0
2944 276224 2.0
2945 276306 2.0
2946 276373 2.0
2947 276459 2.0
2948 276532 2.0
2949 276605 2.0
2950 276698 2.0
2951 276778 2.0
2952 276863 2.0
2953 276954 2.0
2954 277026 2.0
2955 277121 2.0
2956 277204 2.0
2957 277270 2.0
2958 277338 2.0
2959 277408 2.0
2960 277472 2.0
2961 277533 2.0
2962 277623 2.0
2963 277691 2.0
2964 277766 2.0
2965 277841 2.0
2966 277929 2.0
2967 277994 2.0
2968 278074 2.0
2969 278153 2.0
2970 278221 2.0
2971 278305 2.0
2972 278367 2.0
2973 278438 2.0
2974 278521 2.0
2975 278590 2.0
2976 278660 2.0
2977 278775 2.0
2978 278863 2.0
2979 278918 2.0
2980 279031 2.0
2981 279105 2.0
2982 279195 2.0
2983 279257 2.0
2984 279337 2.0
2985 279404 2.0
2986 279544 2.0
2987 279622 2.0
2988 279684 2.0
2989 279753 2.0
2990 279826 2.0
2991 279897 2.0
2992 279976 2.0
2993 280037 2.0
2994 280108 2.0
2995 280166 2.0
2996 280224 2.0
2997 280283 2.0
2998 280347 2.0
2999 280409 2.0
3000 280489 2.0
3001 280559 2.0
3002 280629 2.0
3003 280685 2.0
3004 280770 2.0
3005 280844 2.0
3006 280917 2.0
3007 281037 2.0
3008 281087 2.0
3009 281172 2.0
3010 281255 2.0
3011 281381 2.0
3012 281455 2.0
3013 281557 2.0
3014 281630 2.0
3015 281697 2.0
3016 281751 2.0
3017 281875 2.0
3018 281938 2.0
3019 281992 2.0
3020 282119 2.0
3021 282188 2.0
3022 282252 2.0
3023 282318 2.0
3024 282384 2.0
3025 282446 2.0
3026 282519 2.0
3027 282605 2.0
3028 282689 2.0
3029 282743 2.0
3030 282809 2.0
3031 282902 2.0
3032 282976 2.0
3033 283080 2.0
3034 283137 2.0
3035 283197 2.0
3036 283253 2.0
3037 283317 2.0
3038 283397 2.0
3039 283469 2.0
3040 283543 2.0
3041 283619 2.0
3042 283687 2.0
3043 283764 2.0
3044 283849 2.0
3045 283925 2.0
3046 284039 2.0
3047 284155 2.0
3048 284237 2.0
3049 284304 2.0
3050 284370 2.0
3051 284457 2.0
3052 284531 2.0
3053 284594 2.0
3054 284664 2.0
3055 284745 2.0
3056 284818 2.0
3057 284894 2.0
3058 284950 2.0
3059 285022 2.0
3060 285090 2.0
3061 285151 2.0
3062 285231 2.0
3063 285306 2.0
3064 285441 2.0
3065 285601 2.0
3066 285670 2.0
3067 285742 2.0
3068 285811 2.0
3069 285905 2.0
3070 285972 2.0
3071 286056 2.0
3072 286124 2.0
3073 286223 2.0
3074 286280 2.0
3075 286355 2.0
3076 286439 2.0
3077 286517 2.0
3078 286583 2.0
3079 286678 2.0
3080 286751 2.0
3081 286830 2.0
3082 286895 2.0
3083 286998 2.0
3084 287156 2.0
3085 287212 2.0
3086 287284 2.0
3087 287359 2.0
3088 287432 2.0
3089 287509 2.0
3090 287572 2.0
3091 287644 2.0
3092 287706 2.0
3093 287772 2.0
3094 287902 2.0
3095 288043 2.0
3096 288105 2.0
3097 288178 2.0
3098 288325 2.0
3099 288390 2.0
3100 288461 2.0
3101 288591 2.0
3102 288657 2.0
3103 288728 2.0
3104 288799 2.0
3105 288913 2.0
3106 288977 2.0
3107 289059 2.0
3108 289187 2.0
3109 289305 2.0
3110 289378 2.0
3111 289450 2.0
3112 289621 2.0
3113 289705 2.0
3114 289783 2.0
3115 289865 2.0
3116 289930 2.0
3117 289991 2.0
3118 290063 2.0
3119 290129 2.0
3120 290229 2.0
3121 290297 2.0
3122 290366 2.0
3123 290435 2.0
3124 290505 2.0
3125 290595 2.0
3126 290659 2.0
3127 290722 2.0
3128 290807 2.0
3129 290887 2.0
3130 290959 2.0
3131 291035 2.0
3132 291103 2.0
3133 291187 2.0
3134 291246 2.0
3135 291359 2.0
3136 291422 2.0
3137 291507 2.0
3138 291575 2.0
3139 291648 2.0
3140 291722 2.0
3141 291806 2.0
3142 291874 2.0
3143 291932 2.0
3144 292012 2.0
3145 292083 2.0
3146 292176 2.0
3147 292251 2.0
3148 292330 2.0
3149 292556 2.0
3150 292661 2.0
3151 292723 2.0
3152 292779 2.0
3153 292861 2.0
3154 292940 2.0
3155 292995 2.0
3156 293060 2.0
3157 293124 2.0
3158 293192 2.0
3159 293265 2.0
3160 293403 2.0
3161 293471 2.0
3162 293550 2.0
3163 293628 2.0
3164 293737 2.0
3165 293811 2.0
3166 293897 2.0
3167 293958 2.0
3168 294023 2.0
3169 294083 2.0
3170 294166 2.0
3171 294231 2.0
3172 294324 2.0
3173 294405 2.0
3174 294474 2.0
3175 294565 2.0
3176 294629 2.0
3177 294700 2.0
3178 294771 2.0
3179 294875 2.0
3180 294947 2.0
3181 295008 2.0
3182 295090 2.0
3183 295153 2.0
3184 295256 2.0
3185 295349 2.0
3186 295444 2.0
3187 295518 2.0
3188 295584 2.0
3189 295658 2.0
3190 295740 2.0
3191 295823 2.0
3192 295914 2.0
3193 296006 2.0
3194 296075 2.0
3195 296146 2.0
3196 296216 2.0
3197 296296 2.0
3198 296369 2.0
3199 296433 2.0
3200 296518 2.0
3201 296585 2.0
3202 296660 2.0
3203 296732 2.0
3204 296841 2.0
3205 296959 2.0
3206 297024 2.0
3207 297115 2.0
3208 297207 2.0
3209 297284 2.0
3210 297364 2.0
3211 297426 2.0
3212 297494 2.0
3213 297553 2.0
3214 297695 2.0
3215 297760 2.0
3216 297830 2.0
3217 297914 2.0
3218 297980 2.0
3219 298093 2.0
3220 298170 2.0
3221 298263 2.0
3222 298347 2.0
3223 298412 2.0
3224 298478 2.0
3225 298533 2.0
3226 298599 2.0
3227 298669 2.0
3228 298757 2.0
3229 298833 2.0
3230 298898 2.0
3231 298965 2.0
3232 299037 2.0
3233 299100 2.0
3234 299179 2.0
3235 299254 2.0
3236 299321 2.0
3237 299378 2.0
3238 299449 2.0
3239 299527 2.0
3240 299602 2.0
3241 299676 2.0
3242 299744 2.0
3243 299813 2.0
3244 299890 2.0
3245 299965 2.0
3246 300070 2.0
3247 300132 2.0
3248 300211 2.0
3249 300274 2.0
3250 300342 2.0
3251 300417 2.0
3252 300486 2.0
3253 300555 2.0
3254 300620 2.0
3255 300690 2.0
3256 300773 2.0
3257 300833 2.0
3258 300910 2.0
3259 300983 2.0
3260 301062 2.0
3261 301134 2.0
3262 301231 2.0
3263 301305 2.0
3264 301378 2.0
3265 301446 2.0
3266 301529 2.0
3267 301595 2.0
3268 301669 2.0
3269 301740 2.0
3270 301809 2.0
3271 301942 2.0
3272 302010 2.0
3273 302074 2.0
3274 302135 2.0
3275 302220 2.0
3276 302295 2.0
3277 302376 2.0
3278 302463 2.0
3279 302548 2.0
3280 302629 2.0
3281 302694 2.0
3282 302754 2.0
3283 302825 2.0
3284 302916 2.0
3285 302989 2.0
3286 303058 2.0
3287 303127 2.0
3288 303199 2.0
3289 303263 2.0
3290 303343 2.0
3291 303395 2.0
3292 303466 2.0
3293 303532 2.0
3294 303586 2.0
3295 303655 2.0
3296 303726 2.0
3297 303802 2.0
3298 303875 2.0
3299 303945 2.0
3300 304025 2.0
3301 304097 2.0
3302 304179 2.0
3303 304280 2.0
3304 304362 2.0
3305 304446 2.0
3306 304514 2.0
3307 304577 2.0
3308 304653 1.9900000000000002
3309 304727 1.9900000000000002
3310 304814 1.9900000000000002
3311 304884 1.9900000000000002
3312 305043 1.9900000000000002
3313 305119 1.9900000000000002
3314 305184 1.9900000000000002
3315 305254 1.9900000000000002
3316 305327 1.9900000000000002
3317 305413 1.9900000000000002
3318 305471 1.9900000000000002
3319 305528 1.9900000000000002
3320 305584 1.9900000000000002
3321 305667 1.9900000000000002
3322 305747 1.9900000000000002
3323 305814 1.9900000000000002
3324 305892 1.9900000000000002
3325 306009 1.9900000000000002
3326 306089 1.9900000000000002
3327 306157 1.9900000000000002
3328 306228 1.9900000000000002
3329 306301 1.9900000000000002
3330 306366 1.9900000000000002
3331 306445 1.9900000000000002
3332 306516 1.9900000000000002
3333 306607 1.9900000000000002
3334 306671 1.9900000000000002
3335 306778 1.9900000000000002
3336 306840 1.9900000000000002
3337 306938 1.9900000000000002
3338 307039 1.9900000000000002
3339 307114 1.9900000000000002
3340 307179 1.9900000000000002
3341 307285 1.9900000000000002
3342 307350 1.9900000000000002
3343 307421 1.9900000000000002
3344 307494 1.9900000000000002
3345 307595 1.9900000000000002
3346 307734 1.9900000000000002
3347 307802 1.9900000000000002
3348 307870 1.9900000000000002
3349 307934 1.9900000000000002
3350 308055 1.9900000000000002
3351 308140 1.9900000000000002
3352 308222 1.9900000000000002
3353 308425 1.9900000000000002
3354 308495 1.9900000000000002
3355 308581 1.9900000000000002
3356 308673 1.9900000000000002
3357 308755 1.9900000000000002
3358 308821 1.9900000000000002
3359 308891 1.9900000000000002
3360 308962 1.9900000000000002
3361 309031 1.9900000000000002
3362 309132 1.9900000000000002
3363 309205 1.9900000000000002
3364 309293 1.9900000000000002
3365 309370 1.9900000000000002
3366 309435 1.9900000000000002
3367 309510 1.9900000000000002
3368 309576 1.9900000000000002
3369 309661 1.9900000000000002
3370 309720 1.9900000000000002
3371 309803 1.9900000000000002
3372 309873 1.9900000000000002
3373 309934 1.9900000000000002
3374 310007 1.9900000000000002
3375 310070 1.9900000000000002
3376 310152 1.9900000000000002
3377 310224 1.9900000000000002
3378 310298 1.9900000000000002
3379 310357 1.9900000000000002
3380 310433 1.9900000000000002
3381 310504 1.9900000000000002
3382 310587 1.9900000000000002
3383 310695 1.9900000000000002
3384 310762 1.9900000000000002
3385 310960 1.9900000000000002
3386 311042 1.9900000000000002
3387 311100 1.9900000000000002
3388 311160 1.9900000000000002
3389 311224 1.9900000000000002
3390 311290 1.9900000000000002
3391 311386 1.9900000000000002
3392 311457 1.9900000000000002
3393 311532 1.9900000000000002
3394 311590 1.9900000000000002
3395 311686 1.9900000000000002
3396 311761 1.9900000000000002
3397 311815 1.9900000000000002
3398 311880 1.9900000000000002
3399 311965 1.9900000000000002
3400 312029 1.9900000000000002
3401 312105 1.9900000000000002
3402 312179 1.9900000000000002
3403 312252 1.9900000000000002
3404 312328 1.9900000000000002
3405 312446 1.9900000000000002
3406 312517 1.9900000000000002
3407 312817 1.9900000000000002
3408 312892 2.0
3409 312961 2.0
3410 313036 2.0
3411 313108 2.0
3412 313181 2.0
3413 313237 2.0
3414 313318 2.0
3415 313387 2.0
3416 313474 2.0
3417 313577 2.0
3418 313644 2.0
3419 313704 2.0
3420 313768 2.0
3421 313842 2.0
3422 313917 2.0
3423 313997 2.0
3424 314107 2.0
3425 314203 2.0
3426 314278 2.0
3427 314369 2.0
3428 314427 2.0
3429 314487 2.0
3430 314547 2.0
3431 314635 2.0
3432 314720 2.0
3433 314785 2.0
3434 314868 2.0
3435 314944 2.0
3436 315031 2.0
3437 315091 2.0
3438 315147 2.0
3439 315240 2.0
3440 315351 2.0
3441 315490 2.0
3442 315551 2.0
3443 315624 2.0
3444 315701 2.0
3445 315795 2.0
3446 315901 2.0
3447 315991 2.0
3448 316073 2.0
3449 316187 2.0
3450 316256 2.0
3451 316332 2.0
3452 316397 2.0
3453 316492 2.0
3454 316565 2.0
3455 316651 2.0
3456 316716 2.0
3457 316793 2.0
3458 316873 2.0
3459 316956 2.0
3460 317033 2.0
3461 317156 2.0
3462 317253 2.0
3463 317343 2.0
3464 317419 2.0
3465 317489 2.0
3466 317586 2.0
3467 317661 2.0
3468 317752 2.0
3469 317834 2.0
3470 317903 2.0
3471 317980 2.0
3472 318112 2.0
3473 318189 2.0
3474 318317 2.0
3475 318412 2.0
3476 318475 2.0
3477 318545 2.0
3478 318606 2.0
3479 318692 2.0
3480 318776 2.0
3481 318858 2.0
3482 318923 2.0
3483 319018 2.0
3484 319087 2.0
3485 319172 2.0
3486 319245 2.0
3487 319324 2.0
3488 319380 2.0
3489 319452 2.0
3490 319525 2.0
3491 319621 2.0
3492 319713 2.0
3493 319783 2.0
3494 319857 2.0
3495 319918 2.0
3496 319982 2.0
3497 320058 2.0
3498 320121 2.0
3499 320189 2.0
3500 320309 2.0
3501 320382 2.0
3502 320440 2.0
3503 320500 2.0
3504 320572 2.0
3505 320637 2.0
3506 320714 2.0
3507 320781 2.0
3508 320860 2.0
3509 320937 2.0
3510 321008 2.0
3511 321091 2.0
3512 321169 2.0
3513 321232 2.0
3514 321316 2.0
3515 321437 2.0
3516 321508 2.0
3517 321579 2.0
3518 321644 2.0
3519 321732 2.0
3520 321794 2.0
3521 321877 2.0
3522 321957 2.0
3523 322016 2.0
3524 322103 2.0
3525 322168 2.0
3526 322264 2.0
3527 322328 2.0
3528 322402 2.0
3529 322480 2.0
3530 322562 2.0
3531 322677 2.0
3532 322748 2.0
3533 322818 2.0
3534 322908 2.0
3535 322980 2.0
3536 323043 2.0
3537 323117 2.0
3538 323181 2.0
3539 323252 2.0
3540 323339 2.0
3541 323445 2.0
3542 323515 2.0
3543 323585 2.0
3544 323654 2.0
3545 323726 2.0
3546 323787 2.0
3547 323856 2.0
3548 323932 2.0
3549 324000 2.0
3550 324077 2.0
3551 324162 2.0
3552 324224 2.0
3553 324294 2.0
3554 324367 2.0
3555 324441 2.0
3556 324494 2.0
3557 324584 2.0
3558 324669 2.0
3559 324751 2.0
3560 324817 2.0
3561 324881 2.0
3562 324943 2.0
3563 325004 2.0
3564 325081 2.0
3565 325163 2.0
3566 325227 2.0
3567 325305 2.0
3568 325397 2.0
3569 325461 2.0
3570 325524 2.0
3571 325581 2.0
3572 325656 2.0
3573 325727 2.0
3574 325816 2.0
3575 325890 2.0
3576 325975 2.0
3577 326040 2.0
3578 326124 2.0
3579 326215 2.0
3580 326297 2.0
3581 326370 2.0
3582 326432 2.0
3583 326502 2.0
3584 326564 2.0
3585 326654 2.0
3586 326740 2.0
3587 326811 2.0
3588 326880 2.0
3589 326945 2.0
3590 327017 2.0
3591 327084 2.0
3592 327177 2.0
3593 327242 2.0
3594 327304 2.0
3595 327367 2.0
3596 327461 2.0
3597 327575 2.0
3598 327636 2.0
3599 327719 2.0
3600 327787 2.0
3601 327843 2.0
3602 327919 2.0
3603 328003 2.0
3604 328060 2.0
3605 328142 2.0
3606 328203 2.0
3607 328258 2.0
3608 328329 2.0
3609 328411 2.0
3610 328482 2.0
3611 328582 2.0
3612 328634 2.0
3613 328709 2.0
3614 328764 2.0
3615 328837 2.0
3616 328912 2.0
3617 328989 2.0
3618 329091 2.0
3619 329169 2.0
3620 329230 2.0
3621 329326 2.0
3622 329391 2.0
3623 329457 2.0
3624 329521 2.0
3625 329587 2.0
3626 329680 2.0
3627 329764 2.0
3628 329831 2.0
3629 329901 2.0
3630 330030 2.0
3631 330111 2.0
3632 330188 2.0
3633 330264 2.0
3634 330344 2.0
3635 330416 2.0
3636 330513 2.0
3637 330604 2.0
3638 330679 2.0
3639 330823 2.0
3640 330895 2.0
3641 330964 2.0
3642 331050 2.0
3643 331136 2.0
3644 331228 2.0
3645 331319 2.0
3646 331388 2.0
3647 331456 2.0
3648 331538 2.0
3649 331667 2.0
3650 331772 2.0
3651 331840 2.0
3652 331910 2.0
3653 331972 2.0
3654 332057 2.0
3655 332172 2.0
3656 332241 2.0
3657 332322 2.0
3658 332405 1.9800000000000002
3659 332553 1.9800000000000002
3660 332618 1.9800000000000002
3661 332688 1.9800000000000002
3662 332762 1.9800000000000004
3663 332821 1.9800000000000004
3664 332909 1.9800000000000004
3665 333039 1.9800000000000004
3666 333143 1.9800000000000004
3667 333206 1.9800000000000004
3668 333274 1.9800000000000004
3669 333333 1.9800000000000004
3670 333404 1.9800000000000004
3671 333471 1.9800000000000004
3672 333543 1.9800000000000004
3673 333605 1.9800000000000004
3674 333671 1.9800000000000004
3675 333737 1.9800000000000004
3676 333833 1.9800000000000004
3677 333929 1.9800000000000004
3678 334091 1.9800000000000004
3679 334166 1.9800000000000004
3680 334236 1.9800000000000004
3681 334306 1.9800000000000004
3682 334390 1.9800000000000004
3683 334455 1.9800000000000004
3684 334522 1.9800000000000004
3685 334630 1.9800000000000004
3686 334701 1.9800000000000004
3687 334761 1.9800000000000004
3688 334819 1.9800000000000004
3689 334880 1.9800000000000004
3690 334973 1.9800000000000004
3691 335058 1.9800000000000004
3692 335138 1.9800000000000004
3693 335203 1.9800000000000004
3694 335281 1.9800000000000004
3695 335364 1.9800000000000004
3696 335448 1.9800000000000004
3697 335530 1.9800000000000004
3698 335623 1.9800000000000004
3699 335698 1.9800000000000004
3700 335778 1.9800000000000004
3701 335858 1.9800000000000004
3702 335920 1.9800000000000004
3703 335985 1.9800000000000004
3704 336057 1.9800000000000004
3705 336128 1.9800000000000004
3706 336207 1.9800000000000004
3707 336281 1.9800000000000004
3708 336371 1.9800000000000004
3709 336433 1.9800000000000004
3710 336540 1.9800000000000004
3711 336609 1.9800000000000004
3712 336709 1.9800000000000004
3713 336782 1.9800000000000004
3714 336848 1.9800000000000004
3715 336955 1.9800000000000004
3716 337028 1.9800000000000004
3717 337089 1.9800000000000004
3718 337154 1.9800000000000004
3719 337248 1.9800000000000004
3720 337319 1.9800000000000004
3721 337393 1.9800000000000004
3722 337472 1.9800000000000004
3723 337547 1.9800000000000004
3724 337652 1.9800000000000004
3725 337723 1.9800000000000004
3726 337791 1.9800000000000004
3727 337856 1.9800000000000004
3728 337945 1.9800000000000004
3729 338024 1.9800000000000004
3730 338089 1.9800000000000004
3731 338149 1.9800000000000004
3732 338230 1.9800000000000004
3733 338326 1.9800000000000004
3734 338396 1.9800000000000004
3735 338460 1.9800000000000004
3736 338530 1.9800000000000004
3737 338602 1.9800000000000004
3738 338662 1.9800000000000004
3739 338716 1.9800000000000004
3740 338835 1.9800000000000004
3741 338917 1.9800000000000004
3742 338989 1.9800000000000004
3743 339054 1.9800000000000004
3744 339145 1.9800000000000004
3745 339217 1.9800000000000004
3746 339286 1.9800000000000004
3747 339359 1.9800000000000004
3748 339429 1.9800000000000004
3749 339513 1.9800000000000004
3750 339588 1.9800000000000004
3751 339661 1.9800000000000004
3752 339724 1.9800000000000004
3753 339786 1.9800000000000004
3754 339864 1.9800000000000004
3755 339929 1.9800000000000004
3756 340055 1.9800000000000004
3757 340355 1.9800000000000004
3758 340425 2.0
3759 340507 2.0
3760 340585 2.0
3761 340649 2.0
3762 340755 2.0
3763 340860 2.0
3764 340925 2.0
3765 341018 2.0
3766 341085 2.0
3767 341145 2.0
3768 341213 2.0
3769 341283 2.0
3770 341350 2.0
3771 341430 2.0
3772 341492 2.0
3773 341569 2.0
3774 341652 2.0
3775 341716 2.0
3776 341781 2.0
3777 341847 2.0
3778 341906 2.0
3779 341986 2.0
3780 342060 2.0
3781 342132 2.0
3782 342216 2.0
3783 342306 2.0
3784 342402 2.0
3785 342463 2.0
3786 342519 2.0
3787 342574 2.0
3788 342649 2.0
3789 342723 2.0
3790 342807 2.0
3791 342897 2.0
3792 342968 2.0
3793 343038 2.0
3794 343113 2.0
3795 343187 2.0
3796 343261 2.0
3797 343335 2.0
3798 343415 2.0
3799 343474 2.0
3800 343569 2.0
3801 343630 2.0
3802 343715 2.0
3803 343786 2.0
3804 344020 2.0
3805 344098 2.0
3806 344171 2.0
3807 344253 2.0
3808 344330 2.0
3809 344419 2.0
3810 344495 2.0
3811 344563 2.0
3812 344647 2.0
3813 344710 2.0
3814 344766 2.0
3815 344846 2.0
3816 344954 2.0
3817 345018 2.0
3818 345082 2.0
3819 345155 2.0
3820 345220 2.0
3821 345312 2.0
3822 345378 2.0
3823 345458 2.0
3824 345531 2.0
3825 345597 2.0
3826 345677 2.0
3827 345745 2.0
3828 345815 2.0
3829 345894 2.0
3830 346004 2.0
3831 346073 2.0
3832 346149 2.0
3833 346221 2.0
3834 346286 2.0
3835 346369 2.0
3836 346451 2.0
3837 346516 2.0
3838 346583 2.0
3839 346647 2.0
3840 346708 2.0
3841 346781 2.0
3842 346851 2.0
3843 346910 2.0
3844 346969 2.0
3845 347056 2.0
3846 347115 2.0
3847 347185 2.0
3848 347261 2.0
3849 347343 2.0
3850 347407 2.0
3851 347550 2.0
3852 347677 2.0
3853 347757 2.0
3854 347854 2.0
3855 348001 2.0
3856 348073 2.0
3857 348141 2.0
3858 348205 2.0
3859 348294 2.0
3860 348366 2.0
3861 348433 2.0
3862 348505 2.0
3863 348575 2.0
3864 348645 2.0
3865 348743 2.0
3866 348822 2.0
3867 348895 2.0
3868 348952 2.0
3869 349040 2.0
3870 349119 2.0
3871 349184 2.0
3872 349281 2.0
3873 349364 2.0
3874 349434 2.0
3875 349491 2.0
3876 349571 2.0
3877 349669 2.0
3878 349738 2.0
3879 349814 2.0
3880 349890 2.0
3881 349963 2.0
3882 350027 2.0
3883 350096 2.0
3884 350158 2.0
3885 350230 2.0
3886 350293 2.0
3887 350378 2.0
3888 350450 2.0
3889 350513 2.0
3890 350592 2.0
3891 350653 2.0
3892 350741 2.0
3893 350826 2.0
3894 350903 2.0
3895 351054 2.0
3896 351124 2.0
3897 351207 2.0
3898 351263 2.0
3899 351346 2.0
3900 351414 2.0
3901 351493 2.0
3902 351554 2.0
3903 351616 2.0
3904 351680 2.0
3905 351778 2.0
3906 351848 2.0
3907 351943 2.0
3908 352028 2.0
3909 352091 2.0
3910 352158 2.0
3911 352223 2.0
3912 352373 2.0
3913 352443 2.0
3914 352505 2.0
3915 352575 2.0
3916 352640 2.0
3917 352708 2.0
3918 352794 2.0
3919 352863 2.0
3920 352930 2.0
3921 352988 2.0
3922 353063 2.0
3923 353137 2.0
3924 353203 2.0
3925 353275 2.0
3926 353350 2.0
3927 353408 2.0
3928 353463 2.0
3929 353541 2.0
3930 353602 2.0
3931 353666 2.0
3932 353762 2.0
3933 353840 2.0
3934 353910 2.0
3935 353973 2.0
3936 354039 2.0
3937 354110 2.0
3938 354177 2.0
3939 354262 2.0
3940 354346 2.0
3941 354489 2.0
3942 354584 2.0
3943 354665 2.0
3944 354726 2.0
3945 354804 2.0
3946 354883 2.0
3947 354945 2.0
3948 355011 2.0
3949 355121 2.0
3950 355240 2.0
3951 355309 2.0
3952 355376 2.0
3953 355433 2.0
3954 355535 2.0
3955 355609 2.0
3956 355675 2.0
3957 355735 2.0
3958 355823 2.0
3959 355882 2.0
3960 355959 2.0
3961 356109 2.0
3962 356173 2.0
3963 356250 2.0
3964 356310 2.0
3965 356371 2.0
3966 356459 2.0
3967 356538 2.0
3968 356602 2.0
3969 356683 2.0
3970 356758 2.0
3971 356847 2.0
3972 356918 2.0
3973 356985 2.0
3974 357043 2.0
3975 357111 2.0
3976 357179 2.0
3977 357259 2.0
3978 357324 2.0
3979 357414 2.0
3980 357487 2.0
3981 357557 2.0
3982 357616 2.0
3983 357703 2.0
3984 357812 2.0
3985 357904 2.0
3986 358009 2.0
3987 358070 2.0
3988 358173 2.0
3989 358233 2.0
3990 358301 2.0
3991 358377 2.0
3992 358453 2.0
3993 358536 2.0
3994 358609 2.0
3995 358681 2.0
3996 358755 2.0
3997 358829 2.0
3998 358887 2.0
3999 358963 2.0
4000 359024 2.0
4001 359081 2.0
4002 359146 2.0
4003 359220 2.0
4004 359288 2.0
4005 359373 2.0
4006 359453 2.0
4007 359548 2.0
4008 359607 2.0
4009 359685 2.0
4010 359755 2.0
4011 359821 2.0
4012 359913 2.0
4013 359997 2.0
4014 360116 2.0
4015 360216 2.0
4016 360351 2.0
4017 360496 2.0
4018 360575 2.0
4019 360648 2.0
4020 360703 2.0
4021 360769 2.0
4022 360856 2.0
4023 360911 2.0
4024 360985 2.0
4025 361089 2.0
4026 361265 2.0
4027 361372 2.0
4028 361428 2.0
4029 361493 2.0
4030 361575 2.0
4031 361647 2.0
4032 361724 2.0
4033 361794 2.0
4034 361890 2.0
4035 361971 2.0
4036 362048 2.0
4037 362126 2.0
4038 362194 2.0
4039 362283 2.0
4040 362362 2.0
4041 362432 2.0
4042 362506 2.0
4043 362558 2.0
4044 362654 2.0
4045 362802 2.0
4046 362886 2.0
4047 362973 2.0
4048 363037 2.0
4049 363104 2.0
4050 363180 2.0
4051 363266 2.0
4052 363347 2.0
4053 363422 2.0
4054 363488 2.0
4055 363554 2.0
4056 363634 2.0
4057 363715 2.0
4058 363802 2.0
4059 363867 2.0
4060 363966 2.0
4061 364020 2.0
4062 364095 2.0
4063 364159 2.0
4064 364237 2.0
4065 364314 2.0
4066 364397 2.0
4067 364462 2.0
4068 364523 2.0
4069 364595 2.0
4070 364694 2.0
4071 364762 2.0
4072 364850 2.0
4073 364925 2.0
4074 365000 2.0
4075 365063 2.0
4076 365155 2.0
4077 365216 2.0
4078 365285 2.0
4079 365344 2.0
4080 365465 2.0
4081 365523 2.0
4082 365584 2.0
4083 365663 2.0
4084 365773 2.0
4085 365878 2.0
4086 365950 2.0
4087 366018 2.0
4088 366105 2.0
4089 366235 2.0
4090 366331 2.0
4091 366403 2.0
4092 366464 2.0
4093 366546 2.0
4094 366639 2.0
4095 366700 2.0
4096 366781 2.0
4097 366847 2.0
4098 366952 2.0
4099 367025 2.0
4100 367084 2.0
4101 367144 2.0
4102 367210 2.0
4103 367285 2.0
4104 367352 2.0
4105 367496 2.0
4106 367569 2.0
4107 367632 2.0
4108 367703 2.0
4109 367781 2.0
4110 367839 2.0
4111 367906 2.0
4112 367969 2.0
4113 368036 2.0
4114 368119 2.0
4115 368195 2.0
4116 368250 2.0
4117 368341 2.0
4118 368407 2.0
4119 368482 2.0
4120 368550 2.0
4121 368615 2.0
4122 368703 2.0
4123 368777 2.0
4124 368829 2.0
4125 368895 2.0
4126 368983 2.0
4127 369079 2.0
4128 369146 2.0
4129 369208 2.0
4130 369295 2.0
4131 369370 2.0
4132 369465 2.0
4133 369535 2.0
4134 369620 2.0
4135 369706 2.0
4136 369771 2.0
4137 369869 2.0
4138 369933 2.0
4139 369995 2.0
4140 370063 2.0
4141 370117 2.0
4142 370186 2.0
4143 370255 2.0
4144 370325 2.0
4145 370383 2.0
4146 370501 2.0
4147 370589 2.0
4148 370652 2.0
4149 370717 2.0
4150 370856 2.0
4151 370939 2.0
4152 371009 2.0
4153 371089 2.0
4154 371155 2.0
4155 371209 2.0
4156 371285 2.0
4157 371357 2.0
4158 371424 2.0
4159 371500 2.0
4160 371571 2.0
4161 371634 2.0
4162 371709 2.0
4163 371792 2.0
4164 371865 2.0
4165 371940 2.0
4166 372012 2.0
4167 372080 2.0
4168 372137 2.0
4169 372275 2.0
4170 372358 2.0
4171 372448 2.0
4172 372510 2.0
4173 372611 2.0
4174 372726 2.0
4175 372843 2.0
4176 372925 2.0
4177 373009 2.0
4178 373093 2.0
4179 373151 2.0
4180 373222 2.0
4181 373310 2.0
4182 373393 2.0
4183 373461 2.0
4184 373529 2.0
4185 373594 2.0
4186 373701 2.0
4187 373806 2.0
4188 373921 2.0
4189 373986 2.0
4190 374075 2.0
4191 374152 2.0
4192 374233 2.0
4193 374307 2.0
4194 374402 2.0
4195 374569 2.0
4196 374654 2.0
4197 374741 2.0
4198 374838 2.0
4199 374916 2.0
4200 374999 2.0
4201 375101 2.0
4202 375180 2.0
4203 375242 2.0
4204 375312 2.0
4205 375379 2.0
4206 375450 2.0
4207 375520 2.0
4208 375593 2.0
4209 375673 2.0
4210 375747 2.0
4211 375843 2.0
4212 375935 2.0
4213 376005 2.0
4214 376076 2.0
4215 376168 2.0
4216 376252 2.0
4217 376327 2.0
4218 376398 2.0
4219 376460 2.0
4220 376533 2.0
4221 376625 2.0
4222 376695 2.0
4223 376769 2.0
4224 376824 2.0
4225 376883 2.0
4226 377015 2.0
4227 377120 2.0
4228 377202 2.0
4229 377299 2.0
4230 377365 2.0
4231 377424 2.0
4232 377495 2.0
4233 377613 2.0
4234 377690 2.0
4235 377785 2.0
4236 377857 2.0
4237 377951 2.0
4238 378015 2.0
4239 378085 2.0
4240 378149 2.0
4241 378245 2.0
4242 378315 2.0
4243 378387 2.0
4244 378464 2.0
4245 378553 2.0
4246 378630 2.0
4247 378708 2.0
4248 378780 2.0
4249 378848 2.0
4250 378902 2.0
4251 378985 2.0
4252 379058 2.0
4253 379165 2.0
4254 379249 2.0
4255 379311 2.0
4256 379376 2.0
4257 379447 2.0
4258 379516 2.0
4259 379588 2.0
4260 379691 2.0
4261 379762 2.0
4262 379842 2.0
4263 379932 2.0
4264 380012 2.0
4265 380086 2.0
4266 380158 2.0
4267 380263 2.0
4268 380321 2.0
4269 380396 2.0
4270 380457 2.0
4271 380516 2.0
4272 380592 2.0
4273 380673 2.0
4274 380745 2.0
4275 380809 2.0
4276 380864 2.0
4277 380937 2.0
4278 381006 2.0
4279 381070 2.0
4280 381135 2.0
4281 381205 2.0
4282 381269 2.0
4283 381384 2.0
4284 381472 2.0
4285 381566 2.0
4286 381656 2.0
4287 381742 2.0
4288 381799 2.0
4289 381866 2.0
4290 381932 2.0
4291 382022 2.0
4292 382089 2.0
4293 382158 2.0
4294 382234 2.0
4295 382301 2.0
4296 382375 2.0
4297 382453 2.0
4298 382541 2.0
4299 382634 2.0
4300 382707 2.0
4301 382781 2.0
4302 382843 2.0
4303 382922 2.0
4304 382998 2.0
4305 383055 2.0
4306 383135 2.0
4307 383224 2.0
4308 383286 2.0
4309 383371 2.0
4310 383432 2.0
4311 383523 2.0
4312 383641 2.0
4313 383720 2.0
4314 383776 2.0
4315 383831 2.0
4316 383898 2.0
4317 383985 2.0
4318 384056 2.0
4319 384120 2.0
4320 384189 2.0
4321 384277 2.0
4322 384350 2.0
4323 384415 2.0
4324 384494 2.0
4325 384551 2.0
4326 384630 2.0
4327 384701 2.0
4328 384770 2.0
4329 384848 2.0
4330 384910 2.0
4331 384996 2.0
4332 385119 2.0
4333 385185 2.0
4334 385252 2.0
4335 385320 2.0
4336 385451 2.0
4337 385528 2.0
4338 385601 2.0
4339 385661 2.0
4340 385734 2.0
4341 385813 2.0
4342 385866 2.0
4343 385941 2.0
4344 386019 2.0
4345 386099 2.0
4346 386191 2.0
4347 386290 2.0
4348 386350 2.0
4349 386469 2.0
4350 386527 2.0
4351 386612 2.0
4352 386695 2.0
4353 386774 2.0
4354 386864 2.0
4355 386944 2.0
4356 387001 2.0
4357 387068 2.0
4358 387142 2.0
4359 387214 2.0
4360 387332 2.0
4361 387434 2.0
4362 387504 2.0
4363 387569 2.0
4364 387630 2.0
4365 387703 2.0
4366 387760 2.0
4367 387830 2.0
4368 387896 2.0
4369 387984 2.0
4370 388062 2.0
4371 388152 2.0
4372 388215 2.0
4373 388281 2.0
4374 388350 2.0
4375 388425 2.0
4376 388541 2.0
4377 388612 2.0
4378 388709 2.0
4379 388784 2.0
4380 388857 2.0
4381 388914 2.0
4382 388992 2.0
4383 389055 2.0
4384 389194 2.0
4385 389257 2.0
4386 389334 2.0
4387 389409 2.0
4388 389481 2.0
4389 389572 2.0
4390 389675 2.0
4391 389751 2.0
4392 389807 2.0
4393 389877 2.0
4394 389950 2.0
4395 390029 2.0
4396 390102 2.0
4397 390175 2.0
4398 390256 2.0
4399 390326 2.0
4400 390405 2.0
4401 390474 2.0
4402 390552 2.0
4403 390629 2.0
4404 390693 2.0
4405 390758 2.0
4406 390827 2.0
4407 390889 2.0
4408 390968 2.0
4409 391060 2.0
4410 391131 2.0
4411 391224 2.0
4412 391323 2.0
4413 391403 2.0
4414 391473 2.0
4415 391538 2.0
4416 391608 2.0
4417 391695 2.0
4418 391768 2.0
4419 391833 2.0
4420 391903 2.0
4421 391992 2.0
4422 392065 2.0
4423 392131 2.0
4424 392210 2.0
4425 392287 2.0
