1 300 0.9800000000000002
2 600 1.0
3 900 1.02
4 1200 1.04
5 1500 1.06
6 1800 1.08
7 2100 1.1
8 2400 1.12
9 2700 1.1400000000000001
10 3000 1.1600000000000001
11 3300 1.1800000000000002
12 3600 1.2000000000000002
13 3900 1.2200000000000002
14 4200 1.2300000000000002
15 4500 1.2500000000000002
16 4800 1.2700000000000002
17 5100 1.2900000000000003
18 5400 1.31
19 5700 1.33
20 6000 1.35
21 6300 1.37
22 6600 1.3900000000000001
23 6900 1.4100000000000001
24 7200 1.4300000000000002
25 7500 1.4500000000000002
26 7800 1.4700000000000002
27 8100 1.4900000000000002
28 8400 1.5100000000000002
29 8681 1.52
30 8981 1.52
31 9281 1.54
32 9551 1.56
33 9851 1.56
34 10151 1.58
35 10395 1.59
36 10695 1.59
37 10995 1.61
38 11295 1.6300000000000001
39 11595 1.6500000000000001
40 11895 1.6600000000000001
41 12195 1.6800000000000002
42 12495 1.7000000000000002
43 12795 1.7200000000000002
44 13095 1.7300000000000002
45 13395 1.7400000000000002
46 13695 1.7600000000000002
47 13934 1.7700000000000002
48 14234 1.7700000000000002
49 14465 1.7800000000000002
50 14751 1.7800000000000002
51 15051 1.7800000000000002
52 15351 1.7900000000000003
53 15651 1.8100000000000003
54 15833 1.8200000000000003
55 16133 1.8200000000000003
56 16433 1.8300000000000003
57 16733 1.8400000000000003
58 17033 1.8600000000000003
59 17201 1.8700000000000003
60 17475 1.8700000000000003
61 17775 1.8700000000000003
62 18075 1.8800000000000003
63 18280 1.8900000000000003
64 18417 1.8900000000000003
65 18583 1.8900000000000003
66 18854 1.8900000000000003
67 19118 1.8900000000000003
68 19418 1.8900000000000003
69 19673 1.9000000000000004
70 19771 1.9000000000000004
71 20056 1.9000000000000004
72 20281 1.9000000000000004
73 20581 1.9000000000000004
74 20753 1.9100000000000004
75 21010 1.9100000000000004
76 21310 1.9100000000000004
77 21461 1.9200000000000004
78 21761 1.9200000000000004
79 22061 1.9300000000000004
80 22361 1.9400000000000004
81 22493 1.9500000000000004
82 22653 1.9500000000000004
83 22836 1.9500000000000004
84 23121 1.9500000000000004
85 23242 1.9500000000000004
86 23392 1.9500000000000004
87 23692 1.9500000000000004
88 23970 1.9700000000000004
89 24270 1.9700000000000004
90 24462 1.9800000000000004
91 24630 1.9800000000000004
92 24848 1.9800000000000004
93 24961 1.9800000000000004
94 25261 1.9800000000000004
95 25420 1.9900000000000002
96 25557 1.9900000000000002
97 25654 1.9900000000000002
98 25954 1.9900000000000002
99 26094 2.0
100 26245 2.0
101 26368 2.0
102 26538 2.0
103 26620 2.0
104 26705 2.0
105 26802 2.0
106 26967 2.0
107 27098 2.0
108 27255 2.0
109 27394 2.0
110 27508 2.0
111 27714 2.0
112 27892 2.0
113 28027 2.0
114 28178 2.0
115 28405 2.0
116 28547 2.0
117 28681 2.0
118 28890 2.0
119 29067 2.0
120 29234 2.0
121 29436 2.0
122 29571 2.0
123 29692 2.0
124 29770 2.0
125 30021 2.0
126 30254 2.0
127 30428 2.0
128 30598 2.0
129 30723 2.0
130 30808 2.0
131 30894 2.0
132 31005 2.0
133 31109 2.0
134 31264 2.0
135 31417 2.0
136 31543 2.0
137 31692 2.0
138 31875 2.0
139 31949 2.0
140 32059 2.0
141 32197 2.0
142 32339 2.0
143 32546 2.0
144 32632 2.0
145 32740 2.0
146 32884 2.0
147 32984 2.0
148 33194 2.0
149 33299 2.0
150 33481 2.0
151 33665 2.0
152 33836 2.0
153 34024 2.0
154 34130 2.0
155 34327 2.0
156 34449 2.0
157 34535 2.0
158 34663 2.0
159 34796 2.0
160 34926 2.0
161 35044 2.0
162 35145 2.0
163 35282 2.0
164 35492 2.0
165 35641 2.0
166 35764 2.0
167 35928 2.0
168 36042 2.0
169 36138 2.0
170 36254 2.0
171 36337 2.0
172 36409 2.0
173 36525 2.0
174 36603 2.0
175 36678 2.0
176 36854 2.0
177 37091 2.0
178 37181 2.0
179 37327 2.0
180 37413 2.0
181 37584 2.0
182 37662 2.0
183 37734 2.0
184 38005 2.0
185 38109 2.0
186 38280 2.0
187 38433 2.0
188 38649 2.0
189 38791 2.0
190 38886 2.0
191 39002 2.0
192 39089 2.0
193 39217 2.0
194 39345 2.0
195 39511 2.0
196 39608 2.0
197 39713 2.0
198 39802 2.0
199 39912 2.0
200 40032 2.0
201 40130 2.0
202 40245 2.0
203 40342 2.0
204 40434 2.0
205 40599 2.0
206 40693 2.0
207 40851 2.0
208 40963 2.0
209 41220 2.0
210 41315 2.0
211 41398 2.0
212 41556 2.0
213 41670 2.0
214 41812 2.0
215 41995 2.0
216 42099 2.0
217 42297 2.0
218 42433 2.0
219 42521 2.0
220 42594 2.0
221 42673 2.0
222 42844 2.0
223 42985 2.0
224 43069 2.0
225 43229 2.0
226 43392 2.0
227 43462 2.0
228 43546 2.0
229 43726 2.0
230 43883 2.0
231 44011 2.0
232 44105 2.0
233 44191 2.0
234 44279 2.0
235 44437 2.0
236 44545 2.0
237 44654 2.0
238 44747 2.0
239 44874 2.0
240 44953 2.0
241 45029 2.0
242 45137 2.0
243 45276 2.0
244 45391 2.0
245 45506 2.0
246 45613 2.0
247 45749 2.0
248 45841 2.0
249 45958 2.0
250 46054 2.0
251 46156 2.0
252 46237 2.0
253 46335 2.0
254 46415 2.0
255 46490 2.0
256 46577 2.0
257 46647 2.0
258 46729 2.0
259 46803 2.0
260 46885 2.0
261 46987 2.0
262 47105 2.0
263 47284 2.0
264 47377 2.0
265 47497 2.0
266 47616 2.0
267 47694 2.0
268 47787 2.0
269 47882 2.0
270 47946 2.0
271 48108 2.0
272 48245 2.0
273 48400 2.0
274 48499 2.0
275 48638 2.0
276 48721 2.0
277 48798 2.0
278 48899 2.0
279 48977 2.0
280 49118 2.0
281 49248 2.0
282 49326 2.0
283 49411 2.0
284 49489 2.0
285 49565 2.0
286 49637 2.0
287 49725 2.0
288 49835 2.0
289 49908 2.0
290 50061 2.0
291 50138 2.0
292 50264 2.0
293 50398 2.0
294 50472 2.0
295 50539 2.0
296 50646 2.0
297 50772 2.0
298 50905 2.0
299 51018 2.0
300 51098 2.0
301 51201 2.0
302 51273 2.0
303 51367 2.0
304 51477 2.0
305 51577 2.0
306 51672 2.0
307 51778 2.0
308 51952 2.0
309 52072 2.0
310 52162 2.0
311 52251 2.0
312 52385 2.0
313 52491 2.0
314 52555 2.0
315 52668 2.0
316 52742 2.0
317 52813 2.0
318 52921 2.0
319 53015 2.0
320 53086 2.0
321 53222 2.0
322 53303 2.0
323 53399 2.0
324 53477 2.0
325 53558 2.0
326 53684 2.0
327 53757 2.0
328 53823 2.0
329 53898 2.0
330 54010 2.0
331 54092 2.0
332 54211 2.0
333 54277 2.0
334 54360 2.0
335 54438 2.0
336 54506 2.0
337 54601 2.0
338 54711 2.0
339 54800 2.0
340 54873 2.0
341 54987 2.0
342 55069 2.0
343 55203 2.0
344 55402 2.0
345 55474 2.0
346 55588 2.0
347 55672 2.0
348 55741 2.0
349 55843 2.0
350 55938 2.0
351 56030 2.0
352 56154 2.0
353 56234 2.0
354 56315 2.0
355 56411 2.0
356 56517 2.0
357 56588 2.0
358 56682 2.0
359 56778 2.0
360 56857 2.0
361 56984 2.0
362 57046 2.0
363 57134 2.0
364 57252 2.0
365 57320 2.0
366 57397 2.0
367 57547 2.0
368 57609 2.0
369 57786 2.0
370 57889 2.0
371 57960 2.0
372 58073 2.0
373 58157 2.0
374 58253 2.0
375 58366 2.0
376 58445 2.0
377 58508 2.0
378 58636 2.0
379 58708 2.0
380 58795 2.0
381 58874 2.0
382 58949 2.0
383 59017 2.0
384 59090 2.0
385 59229 2.0
386 59317 2.0
387 59381 2.0
388 59505 2.0
389 59617 2.0
390 59731 2.0
391 59806 2.0
392 59922 2.0
393 60100 2.0
394 60206 2.0
395 60375 2.0
396 60471 2.0
397 60566 2.0
398 60635 2.0
399 60713 2.0
400 60784 2.0
401 60856 2.0
402 60963 2.0
403 61039 2.0
404 61151 2.0
405 61240 2.0
406 61354 2.0
407 61514 2.0
408 61608 2.0
409 61742 2.0
410 61891 2.0
411 61952 2.0
412 62068 2.0
413 62162 2.0
414 62232 2.0
415 62352 2.0
416 62429 2.0
417 62517 2.0
418 62601 2.0
419 62678 2.0
420 62809 2.0
421 62894 2.0
422 62970 2.0
423 63056 2.0
424 63133 2.0
425 63204 2.0
426 63281 2.0
427 63376 2.0
428 63489 2.0
429 63573 2.0
430 63655 2.0
431 63754 2.0
432 63831 2.0
433 63902 2.0
434 63988 2.0
435 64098 2.0
436 64190 2.0
437 64273 2.0
438 64354 2.0
439 64465 2.0
440 64546 2.0
441 64639 2.0
442 64722 2.0
443 64797 2.0
444 64889 2.0
445 64972 2.0
446 65061 2.0
447 65185 2.0
448 65266 2.0
449 65345 2.0
450 65439 2.0
451 65571 2.0
452 65648 2.0
453 65770 2.0
454 65842 2.0
455 65957 2.0
456 66180 2.0
457 66263 2.0
458 66348 2.0
459 66443 2.0
460 66551 2.0
461 66621 2.0
462 66707 2.0
463 66816 2.0
464 66899 2.0
465 66995 2.0
466 67132 2.0
467 67218 2.0
468 67276 2.0
469 67371 2.0
470 67472 2.0
471 67618 2.0
472 67717 2.0
473 67849 2.0
474 67972 2.0
475 68257 2.0
476 68403 2.0
477 68496 2.0
478 68592 2.0
479 68676 2.0
480 68746 2.0
481 68900 2.0
482 68956 2.0
483 69026 2.0
484 69142 2.0
485 69233 2.0
486 69333 2.0
487 69408 2.0
488 69539 2.0
489 69661 2.0
490 69744 2.0
491 69816 2.0
492 69903 2.0
493 69982 2.0
494 70084 2.0
495 70185 2.0
496 70301 2.0
497 70381 2.0
498 70497 2.0
499 70563 2.0
500 70652 2.0
501 70744 2.0
502 70913 2.0
503 71018 2.0
504 71101 2.0
505 71177 2.0
506 71253 2.0
507 71313 2.0
508 71440 2.0
509 71519 2.0
510 71611 2.0
511 71715 2.0
512 71803 2.0
513 71868 2.0
514 71947 2.0
515 72106 2.0
516 72183 2.0
517 72271 2.0
518 72353 2.0
519 72420 2.0
520 72522 2.0
521 72583 2.0
522 72655 2.0
523 72755 2.0
524 72857 2.0
525 72948 2.0
526 73040 2.0
527 73129 2.0
528 73209 2.0
529 73292 2.0
530 73351 2.0
531 73420 2.0
532 73493 2.0
533 73570 2.0
534 73639 2.0
535 73747 2.0
536 73818 2.0
537 73897 2.0
538 73960 2.0
539 74045 2.0
540 74118 2.0
541 74182 2.0
542 74310 2.0
543 74426 2.0
544 74501 2.0
545 74634 2.0
546 74792 2.0
547 74892 2.0
548 75007 2.0
549 75119 2.0
550 75203 2.0
551 75302 2.0
552 75419 2.0
553 75518 2.0
554 75597 2.0
555 75689 2.0
556 75750 2.0
557 75847 2.0
558 75933 2.0
559 75995 2.0
560 76096 2.0
561 76167 2.0
562 76265 2.0
563 76376 2.0
564 76465 2.0
565 76545 2.0
566 76612 2.0
567 76693 2.0
568 76767 2.0
569 76846 2.0
570 76963 2.0
571 77044 2.0
572 77137 2.0
573 77204 2.0
574 77293 2.0
575 77405 2.0
576 77486 2.0
577 77553 2.0
578 77639 2.0
579 77733 2.0
580 77809 2.0
581 77930 2.0
582 78088 2.0
583 78158 2.0
584 78250 2.0
585 78304 2.0
586 78355 2.0
587 78465 2.0
588 78558 2.0
589 78642 2.0
590 78743 2.0
591 78850 2.0
592 78917 2.0
593 78996 2.0
594 79066 2.0
595 79128 2.0
596 79210 2.0
597 79324 2.0
598 79411 2.0
599 79540 2.0
600 79738 2.0
601 79809 2.0
602 79877 2.0
603 79959 2.0
604 80026 2.0
605 80102 2.0
606 80187 2.0
607 80368 2.0
608 80446 2.0
609 80524 2.0
610 80668 2.0
611 80777 2.0
612 80849 2.0
613 80937 2.0
614 81056 2.0
615 81118 2.0
616 81203 2.0
617 81271 2.0
618 81361 2.0
619 81431 2.0
620 81499 2.0
621 81608 2.0
622 81722 2.0
623 81807 2.0
624 81879 2.0
625 81980 2.0
626 82093 2.0
627 82167 2.0
628 82251 2.0
629 82335 2.0
630 82403 2.0
631 82550 2.0
632 82618 2.0
633 82684 2.0
634 82767 2.0
635 82852 2.0
636 82949 2.0
637 83034 2.0
638 83159 2.0
639 83244 2.0
640 83361 2.0
641 83437 2.0
642 83510 2.0
643 83610 2.0
644 83712 2.0
645 83785 2.0
646 83881 2.0
647 83934 2.0
648 84008 2.0
649 84135 2.0
650 84243 2.0
651 84372 2.0
652 84479 2.0
653 84535 2.0
654 84592 2.0
655 84684 2.0
656 84763 2.0
657 84857 2.0
658 84951 2.0
659 85090 2.0
660 85150 2.0
661 85227 2.0
662 85319 2.0
663 85446 2.0
664 85512 2.0
665 85579 2.0
666 85655 2.0
667 85765 2.0
668 85835 2.0
669 85901 2.0
670 86001 2.0
671 86088 2.0
672 86169 2.0
673 86322 2.0
674 86503 2.0
675 86629 2.0
676 86708 2.0
677 86768 2.0
678 86848 2.0
679 86917 2.0
680 87009 2.0
681 87085 2.0
682 87162 2.0
683 87290 2.0
684 87371 2.0
685 87461 2.0
686 87539 2.0
687 87640 2.0
688 87710 2.0
689 87781 2.0
690 87861 2.0
691 87940 2.0
692 88040 2.0
693 88110 2.0
694 88224 2.0
695 88307 2.0
696 88381 2.0
697 88473 2.0
698 88534 2.0
699 88608 2.0
700 88715 2.0
701 88809 2.0
702 88867 2.0
703 88941 2.0
704 89010 2.0
705 89082 2.0
706 89181 2.0
707 89266 2.0
708 89347 2.0
709 89481 2.0
710 89615 2.0
711 89708 2.0
712 89784 2.0
713 89855 2.0
714 89953 2.0
715 90019 2.0
716 90092 2.0
717 90164 2.0
718 90230 2.0
719 90290 2.0
720 90366 2.0
721 90424 2.0
722 90516 2.0
723 90589 2.0
724 90688 2.0
725 90781 2.0
726 90893 2.0
727 90966 2.0
728 91174 2.0
729 91233 2.0
730 91291 2.0
731 91376 2.0
732 91456 2.0
733 91517 2.0
734 91612 2.0
735 91727 2.0
736 91804 2.0
737 91909 2.0
738 91979 2.0
739 92041 2.0
740 92124 2.0
741 92246 2.0
742 92374 2.0
743 92471 2.0
744 92540 2.0
745 92684 2.0
746 92765 2.0
747 92826 2.0
748 92895 2.0
749 93061 2.0
750 93141 2.0
751 93249 2.0
752 93330 2.0
753 93403 2.0
754 93476 2.0
755 93558 2.0
756 93689 2.0
757 93763 2.0
758 93830 2.0
759 93906 2.0
760 94006 2.0
761 94060 2.0
762 94147 2.0
763 94230 2.0
764 94350 2.0
765 94461 2.0
766 94523 2.0
767 94613 2.0
768 94692 2.0
769 94779 2.0
770 94859 2.0
771 94969 2.0
772 95071 2.0
773 95151 2.0
774 95236 2.0
775 95316 2.0
776 95430 2.0
777 95507 2.0
778 95590 2.0
779 95673 2.0
780 95745 2.0
781 95871 2.0
782 95972 2.0
783 96103 2.0
784 96220 2.0
785 96303 2.0
786 96383 2.0
787 96504 2.0
788 96574 2.0
789 96675 2.0
790 96772 2.0
791 96879 2.0
792 96957 2.0
793 97027 2.0
794 97129 2.0
795 97196 2.0
796 97291 2.0
797 97397 2.0
798 97469 2.0
799 97616 2.0
800 97709 2.0
801 97789 2.0
802 97899 2.0
803 97996 2.0
804 98097 2.0
805 98227 2.0
806 98298 2.0
807 98423 2.0
808 98492 2.0
809 98561 2.0
810 98647 2.0
811 98732 2.0
812 98855 2.0
813 98930 2.0
814 99051 2.0
815 99118 2.0
816 99285 2.0
817 99379 2.0
818 99439 2.0
819 99520 2.0
820 99608 2.0
821 99705 2.0
822 99839 2.0
823 99923 2.0
824 100005 2.0
825 100065 2.0
826 100153 2.0
827 100245 2.0
828 100314 2.0
829 100418 2.0
830 100529 2.0
831 100653 2.0
832 100732 2.0
833 100795 2.0
834 100856 2.0
835 100945 2.0
836 101024 2.0
837 101159 2.0
838 101235 2.0
839 101326 2.0
840 101397 2.0
841 101515 2.0
842 101609 2.0
843 101681 2.0
844 101764 2.0
845 101844 2.0
846 101945 2.0
847 102070 2.0
848 102165 2.0
849 102232 2.0
850 102298 2.0
851 102413 2.0
852 102498 2.0
853 102585 2.0
854 102654 2.0
855 102757 2.0
856 102870 2.0
857 103022 2.0
858 103132 2.0
859 103289 2.0
860 103373 2.0
861 103445 2.0
862 103521 2.0
863 103606 2.0
864 103673 2.0
865 103770 2.0
866 103853 2.0
867 103911 2.0
868 104008 2.0
869 104134 2.0
870 104230 2.0
871 104289 2.0
872 104365 2.0
873 104450 2.0
874 104534 2.0
875 104610 2.0
876 104671 2.0
877 104749 2.0
878 104803 2.0
879 104885 2.0
880 104943 2.0
881 105038 2.0
882 105118 2.0
883 105184 2.0
884 105292 2.0
885 105367 2.0
886 105447 2.0
887 105511 2.0
888 105623 2.0
889 105681 2.0
890 105749 2.0
891 105827 2.0
892 105927 2.0
893 105997 2.0
894 106078 2.0
895 106170 2.0
896 106272 2.0
897 106344 2.0
898 106428 2.0
899 106492 2.0
900 106577 2.0
901 106657 2.0
902 106720 2.0
903 106785 2.0
904 106890 2.0
905 106958 2.0
906 107031 2.0
907 107134 2.0
908 107280 2.0
909 107364 2.0
910 107442 2.0
911 107541 2.0
912 107613 2.0
913 107684 2.0
914 107788 2.0
915 107876 2.0
916 107945 2.0
917 108025 2.0
918 108113 2.0
919 108209 2.0
920 108271 2.0
921 108353 2.0
922 108466 2.0
923 108523 2.0
924 108607 2.0
925 108711 2.0
926 108793 2.0
927 108856 2.0
928 108925 2.0
929 109016 2.0
930 109120 2.0
931 109191 2.0
932 109259 2.0
933 109401 2.0
934 109470 2.0
935 109550 2.0
936 109667 2.0
937 109747 2.0
938 109839 2.0
939 109933 2.0
940 110012 2.0
941 110140 2.0
942 110222 2.0
943 110326 2.0
944 110414 2.0
945 110492 2.0
946 110576 2.0
947 110658 2.0
948 110731 2.0
949 110847 2.0
950 110914 2.0
951 110989 2.0
952 111072 2.0
953 111135 2.0
954 111190 2.0
955 111308 2.0
956 111389 2.0
957 111472 2.0
958 111542 2.0
959 111626 2.0
960 111706 2.0
961 111816 2.0
962 111884 2.0
963 111940 2.0
964 112004 2.0
965 112087 2.0
966 112198 2.0
967 112280 2.0
968 112358 2.0
969 112475 2.0
970 112574 2.0
971 112675 2.0
972 112755 2.0
973 112847 2.0
974 112930 2.0
975 113013 2.0
976 113089 2.0
977 113172 2.0
978 113232 2.0
979 113304 2.0
980 113387 2.0
981 113484 2.0
982 113592 2.0
983 113681 2.0
984 113779 2.0
985 113978 2.0
986 114061 2.0
987 114165 2.0
988 114235 2.0
989 114314 2.0
990 114396 2.0
991 114477 2.0
992 114561 2.0
993 114631 2.0
994 114681 2.0
995 114752 2.0
996 114835 2.0
997 114944 2.0
998 115020 2.0
999 115083 2.0
1000 115151 2.0
1001 115221 2.0
1002 115297 2.0
1003 115379 2.0
1004 115457 2.0
1005 115535 2.0
1006 115646 2.0
1007 115717 2.0
1008 115789 2.0
1009 115854 2.0
1010 115919 2.0
1011 116009 2.0
1012 116088 2.0
1013 116150 2.0
1014 116219 2.0
1015 116306 2.0
1016 116425 2.0
1017 116532 2.0
1018 116640 2.0
1019 116712 2.0
1020 116813 2.0
1021 116887 2.0
1022 116985 2.0
1023 117046 2.0
1024 117140 2.0
1025 117317 2.0
1026 117397 2.0
1027 117477 2.0
1028 117561 2.0
1029 117663 2.0
1030 117727 2.0
1031 117797 2.0
1032 117875 2.0
1033 117992 2.0
1034 118064 2.0
1035 118132 2.0
1036 118248 2.0
1037 118316 2.0
1038 118411 2.0
1039 118485 2.0
1040 118569 2.0
1041 118690 2.0
1042 118785 2.0
1043 118866 2.0
1044 118945 2.0
1045 119032 2.0
1046 119134 2.0
1047 119230 2.0
1048 119313 2.0
1049 119390 2.0
1050 119514 2.0
1051 119577 2.0
1052 119645 2.0
1053 119695 2.0
1054 119769 2.0
1055 119841 2.0
1056 119973 2.0
1057 120034 2.0
1058 120133 2.0
1059 120195 2.0
1060 120280 2.0
1061 120354 2.0
1062 120427 2.0
1063 120535 2.0
1064 120615 2.0
1065 120674 2.0
1066 120753 2.0
1067 120830 2.0
1068 120901 2.0
1069 120979 2.0
1070 121118 2.0
1071 121230 2.0
1072 121326 2.0
1073 121402 2.0
1074 121472 2.0
1075 121541 2.0
1076 121612 2.0
1077 121700 2.0
1078 121829 2.0
1079 121982 2.0
1080 122059 2.0
1081 122150 2.0
1082 122243 2.0
1083 122371 2.0
1084 122461 2.0
1085 122538 2.0
1086 122621 2.0
1087 122703 2.0
1088 122805 2.0
1089 122928 2.0
1090 122995 2.0
1091 123097 2.0
1092 123169 2.0
1093 123233 2.0
1094 123334 2.0
1095 123419 2.0
1096 123483 2.0
1097 123559 2.0
1098 123637 2.0
1099 123720 2.0
1100 123802 2.0
1101 123862 2.0
1102 123926 2.0
1103 123994 2.0
1104 124077 2.0
1105 124134 2.0
1106 124236 2.0
1107 124333 2.0
1108 124417 2.0
1109 124490 2.0
1110 124553 2.0
1111 124643 2.0
1112 124725 2.0
1113 124802 2.0
1114 124890 2.0
1115 124977 2.0
1116 125044 2.0
1117 125129 2.0
1118 125196 2.0
1119 125276 2.0
1120 125337 2.0
1121 125408 2.0
1122 125496 2.0
1123 125553 2.0
1124 125653 2.0
1125 125735 2.0
1126 125798 2.0
1127 125877 2.0
1128 125948 2.0
1129 126074 2.0
1130 126235 2.0
1131 126317 2.0
1132 126386 2.0
1133 126448 2.0
1134 126592 2.0
1135 126663 2.0
1136 126719 2.0
1137 126821 2.0
1138 126904 2.0
1139 127034 2.0
1140 127163 2.0
1141 127241 2.0
1142 127371 2.0
1143 127442 2.0
1144 127513 2.0
1145 127593 2.0
1146 127662 2.0
1147 127739 2.0
1148 127892 2.0
1149 128053 2.0
1150 128229 2.0
1151 128314 2.0
1152 128413 2.0
1153 128499 2.0
1154 128567 2.0
1155 128670 2.0
1156 128735 2.0
1157 128825 2.0
1158 128900 2.0
1159 128959 2.0
1160 129048 2.0
1161 129117 2.0
1162 129245 2.0
1163 129303 2.0
1164 129449 2.0
1165 129539 2.0
1166 129621 2.0
1167 129687 2.0
1168 129758 2.0
1169 129839 2.0
1170 129914 2.0
1171 129981 2.0
1172 130074 2.0
1173 130152 2.0
1174 130240 2.0
1175 130302 2.0
1176 130380 2.0
1177 130449 2.0
1178 130527 2.0
1179 130606 2.0
1180 130684 2.0
1181 130746 2.0
1182 130887 2.0
1183 131006 2.0
1184 131108 2.0
1185 131197 2.0
1186 131265 2.0
1187 131356 2.0
1188 131472 2.0
1189 131563 2.0
1190 131643 2.0
1191 131705 2.0
1192 131810 2.0
1193 131924 2.0
1194 132023 2.0
1195 132102 2.0
1196 132169 2.0
1197 132235 2.0
1198 132313 2.0
1199 132403 2.0
1200 132470 2.0
1201 132539 2.0
1202 132614 2.0
1203 132722 2.0
1204 132850 2.0
1205 132923 2.0
1206 132991 2.0
1207 133073 2.0
1208 133227 2.0
1209 133295 2.0
1210 133362 2.0
1211 133438 2.0
1212 133513 2.0
1213 133656 2.0
1214 133732 2.0
1215 133802 2.0
1216 133864 2.0
1217 133931 2.0
1218 134002 2.0
1219 134068 2.0
1220 134174 2.0
1221 134267 2.0
1222 134336 2.0
1223 134398 2.0
1224 134462 2.0
1225 134527 2.0
1226 134587 2.0
1227 134748 2.0
1228 134814 2.0
1229 134867 2.0
1230 134952 2.0
1231 135029 2.0
1232 135118 2.0
1233 135224 2.0
1234 135343 2.0
1235 135402 2.0
1236 135467 2.0
1237 135569 2.0
1238 135679 2.0
1239 135756 2.0
1240 135844 2.0
1241 135931 2.0
1242 136015 2.0
1243 136090 2.0
1244 136166 2.0
1245 136250 2.0
1246 136314 2.0
1247 136413 2.0
1248 136503 2.0
1249 136591 2.0
1250 136659 2.0
1251 136731 2.0
1252 136820 2.0
1253 136886 2.0
1254 136953 2.0
1255 137028 2.0
1256 137093 2.0
1257 137178 2.0
1258 137242 2.0
1259 137329 2.0
1260 137413 2.0
1261 137476 2.0
1262 137571 2.0
1263 137656 2.0
1264 137746 2.0
1265 137823 2.0
1266 137922 2.0
1267 138105 2.0
1268 138176 2.0
1269 138266 2.0
1270 138340 2.0
1271 138420 2.0
1272 138521 2.0
1273 138589 2.0
1274 138663 2.0
1275 138749 2.0
1276 138831 2.0
1277 138920 2.0
1278 139005 2.0
1279 139095 2.0
1280 139163 2.0
1281 139270 2.0
1282 139472 2.0
1283 139590 2.0
1284 139662 2.0
1285 139724 2.0
1286 139818 2.0
1287 139888 2.0
1288 139968 2.0
1289 140054 2.0
1290 140137 2.0
1291 140216 2.0
1292 140299 2.0
1293 140431 2.0
1294 140501 2.0
1295 140569 2.0
1296 140651 2.0
1297 140718 2.0
1298 140804 2.0
1299 140894 2.0
1300 140974 2.0
1301 141059 2.0
1302 141162 2.0
1303 141249 2.0
1304 141352 2.0
1305 141444 2.0
1306 141511 2.0
1307 141580 2.0
1308 141652 2.0
1309 141778 2.0
1310 141855 2.0
1311 141924 2.0
1312 142006 2.0
1313 142066 2.0
1314 142146 2.0
1315 142291 2.0
1316 142375 2.0
1317 142441 2.0
1318 142521 2.0
1319 142600 2.0
1320 142676 2.0
1321 142752 2.0
1322 142850 2.0
1323 142936 2.0
1324 143024 2.0
1325 143106 2.0
1326 143179 2.0
1327 143275 2.0
1328 143384 2.0
1329 143483 2.0
1330 143568 2.0
1331 143632 2.0
1332 143729 2.0
1333 143791 2.0
1334 143885 2.0
1335 143960 2.0
1336 144059 2.0
1337 144138 2.0
1338 144224 2.0
1339 144298 2.0
1340 144362 2.0
1341 144453 2.0
1342 144521 2.0
1343 144602 2.0
1344 144679 2.0
1345 144752 2.0
1346 144815 2.0
1347 144884 2.0
1348 144959 2.0
1349 145028 2.0
1350 145099 2.0
1351 145180 2.0
1352 145289 2.0
1353 145408 2.0
1354 145490 2.0
1355 145567 2.0
1356 145639 2.0
1357 145744 2.0
1358 145806 2.0
1359 145863 2.0
1360 145980 2.0
1361 146047 2.0
1362 146172 2.0
1363 146293 2.0
1364 146377 2.0
1365 146436 2.0
1366 146505 2.0
1367 146569 2.0
1368 146640 2.0
1369 146723 2.0
1370 146796 2.0
1371 146862 2.0
1372 146940 2.0
1373 147013 2.0
1374 147091 2.0
1375 147169 2.0
1376 147241 2.0
1377 147335 2.0
1378 147524 2.0
1379 147603 2.0
1380 147665 2.0
1381 147738 2.0
1382 147818 2.0
1383 147893 2.0
1384 148013 2.0
1385 148209 2.0
1386 148279 2.0
1387 148374 2.0
1388 148448 2.0
1389 148547 2.0
1390 148610 2.0
1391 148672 2.0
1392 148767 2.0
1393 148851 2.0
1394 148912 2.0
1395 148972 2.0
1396 149037 2.0
1397 149115 2.0
1398 149184 2.0
1399 149272 2.0
1400 149336 2.0
1401 149405 2.0
1402 149476 2.0
1403 149573 2.0
1404 149643 2.0
1405 149741 2.0
1406 149817 2.0
1407 149905 2.0
1408 150014 2.0
1409 150076 2.0
1410 150146 2.0
1411 150229 2.0
1412 150298 2.0
1413 150372 2.0
1414 150460 2.0
1415 150523 2.0
1416 150697 2.0
1417 150800 2.0
1418 150862 2.0
1419 150925 2.0
1420 150997 2.0
1421 151078 2.0
1422 151154 2.0
1423 151331 2.0
1424 151431 2.0
1425 151501 2.0
1426 151581 2.0
1427 151663 2.0
1428 151748 2.0
1429 151822 2.0
1430 151885 2.0
1431 151981 2.0
1432 152117 2.0
1433 152217 2.0
1434 152324 2.0
1435 152409 2.0
1436 152479 2.0
1437 152554 2.0
1438 152671 2.0
1439 152748 2.0
1440 152814 2.0
1441 152895 2.0
1442 152962 2.0
1443 153095 2.0
1444 153158 2.0
1445 153267 2.0
1446 153346 2.0
1447 153452 2.0
1448 153520 2.0
1449 153589 2.0
1450 153672 2.0
1451 153772 2.0
1452 153851 2.0
1453 153938 2.0
1454 154037 2.0
1455 154108 2.0
1456 154176 2.0
1457 154265 2.0
1458 154344 2.0
1459 154426 2.0
1460 154502 2.0
1461 154597 2.0
1462 154690 2.0
1463 154797 2.0
1464 154873 2.0
1465 154960 2.0
1466 155049 2.0
1467 155119 2.0
1468 155197 2.0
1469 155264 2.0
1470 155333 2.0
1471 155400 2.0
1472 155531 2.0
1473 155607 2.0
1474 155695 2.0
1475 155763 2.0
1476 155843 2.0
1477 155914 2.0
1478 156010 2.0
1479 156133 2.0
1480 156211 2.0
1481 156326 2.0
1482 156391 2.0
1483 156465 2.0
1484 156530 2.0
1485 156609 2.0
1486 156721 2.0
1487 156787 2.0
1488 156872 2.0
1489 156962 2.0
1490 157111 2.0
1491 157188 2.0
1492 157264 2.0
1493 157326 2.0
1494 157400 2.0
1495 157482 2.0
1496 157604 2.0
1497 157714 2.0
1498 157817 2.0
1499 157879 2.0
1500 157951 2.0
1501 158018 2.0
1502 158078 2.0
1503 158158 2.0
1504 158221 2.0
1505 158276 2.0
1506 158345 2.0
1507 158422 2.0
1508 158484 2.0
1509 158587 2.0
1510 158640 2.0
1511 158742 2.0
1512 158807 2.0
1513 158883 2.0
1514 158944 2.0
1515 159018 2.0
1516 159173 2.0
1517 159255 2.0
1518 159368 2.0
1519 159448 2.0
1520 159513 2.0
1521 159577 2.0
1522 159644 2.0
1523 159716 2.0
1524 159816 2.0
1525 159897 2.0
1526 159964 2.0
1527 160035 2.0
1528 160185 2.0
1529 160252 2.0
1530 160339 2.0
1531 160410 2.0
1532 160490 2.0
1533 160565 2.0
1534 160646 2.0
1535 160710 2.0
1536 160772 2.0
1537 160858 2.0
1538 160947 2.0
1539 161016 2.0
1540 161111 2.0
1541 161246 2.0
1542 161333 2.0
1543 161399 2.0
1544 161475 2.0
1545 161561 2.0
1546 161636 2.0
1547 161717 2.0
1548 161789 2.0
1549 161867 2.0
1550 161932 2.0
1551 162015 2.0
1552 162130 2.0
1553 162187 2.0
1554 162277 2.0
1555 162336 2.0
1556 162419 2.0
1557 162499 2.0
1558 162595 2.0
1559 162688 2.0
1560 162772 2.0
1561 162907 2.0
1562 162973 2.0
1563 163065 2.0
1564 163154 2.0
1565 163237 2.0
1566 163316 2.0
1567 163393 2.0
1568 163448 2.0
1569 163546 2.0
1570 163615 2.0
1571 163696 2.0
1572 163762 2.0
1573 163830 2.0
1574 163885 2.0
1575 163962 2.0
1576 164048 2.0
1577 164174 2.0
1578 164235 2.0
1579 164319 2.0
1580 164401 2.0
1581 164521 2.0
1582 164590 2.0
1583 164661 2.0
1584 164740 2.0
1585 164808 2.0
1586 164897 2.0
1587 164970 2.0
1588 165036 2.0
1589 165103 2.0
1590 165163 2.0
1591 165241 2.0
1592 165314 2.0
1593 165401 2.0
1594 165477 2.0
1595 165550 2.0
1596 165638 2.0
1597 165699 2.0
1598 165800 2.0
1599 165881 2.0
1600 165955 2.0
1601 166034 2.0
1602 166113 2.0
1603 166188 2.0
1604 166272 2.0
1605 166351 2.0
1606 166413 2.0
1607 166473 2.0
1608 166525 2.0
1609 166614 2.0
1610 166702 2.0
1611 166777 2.0
1612 166851 2.0
1613 166928 2.0
1614 167007 2.0
1615 167118 2.0
1616 167207 2.0
1617 167285 2.0
1618 167398 2.0
1619 167492 2.0
1620 167577 2.0
1621 167646 2.0
1622 167774 2.0
1623 167844 2.0
1624 167931 2.0
1625 168003 2.0
1626 168072 2.0
1627 168139 2.0
1628 168226 2.0
1629 168296 2.0
1630 168358 2.0
1631 168435 2.0
1632 168506 2.0
1633 168579 2.0
1634 168688 2.0
1635 168771 2.0
1636 168903 2.0
1637 168965 2.0
1638 169037 2.0
1639 169109 2.0
1640 169193 2.0
1641 169269 2.0
1642 169331 2.0
1643 169404 2.0
1644 169497 2.0
1645 169562 2.0
1646 169671 2.0
1647 169748 2.0
1648 169804 2.0
1649 169876 2.0
1650 169950 2.0
1651 170023 2.0
1652 170120 2.0
1653 170178 2.0
1654 170263 2.0
1655 170341 2.0
1656 170418 2.0
1657 170512 2.0
1658 170600 2.0
1659 170671 2.0
1660 170748 2.0
1661 170831 2.0
1662 170920 2.0
1663 170997 2.0
1664 171061 2.0
1665 171119 2.0
1666 171185 2.0
1667 171276 2.0
1668 171357 2.0
1669 171430 2.0
1670 171497 2.0
1671 171614 2.0
1672 171698 2.0
1673 171774 2.0
1674 171852 2.0
1675 171929 2.0
1676 171993 2.0
1677 172063 2.0
1678 172143 2.0
1679 172210 2.0
1680 172270 2.0
1681 172341 2.0
1682 172406 2.0
1683 172473 2.0
1684 172554 2.0
1685 172634 2.0
1686 172743 2.0
1687 172802 2.0
1688 172902 2.0
1689 172969 2.0
1690 173034 2.0
1691 173114 2.0
1692 173177 2.0
1693 173320 2.0
1694 173405 2.0
1695 173472 2.0
1696 173541 2.0
1697 173603 2.0
1698 173684 2.0
1699 173741 2.0
1700 173813 2.0
1701 173911 2.0
1702 174014 2.0
1703 174086 2.0
1704 174169 2.0
1705 174299 2.0
1706 174375 2.0
1707 174436 2.0
1708 174617 2.0
1709 174674 2.0
1710 174862 2.0
1711 174938 2.0
1712 175027 2.0
1713 175093 2.0
1714 175182 2.0
1715 175276 2.0
1716 175344 2.0
1717 175410 2.0
1718 175475 2.0
1719 175560 2.0
1720 175627 2.0
1721 175710 2.0
1722 175766 2.0
1723 175862 2.0
1724 175943 2.0
1725 176019 2.0
1726 176149 2.0
1727 176293 2.0
1728 176368 2.0
1729 176462 2.0
1730 176558 2.0
1731 176645 2.0
1732 176750 2.0
1733 176813 2.0
1734 176883 2.0
1735 176976 2.0
1736 177061 2.0
1737 177155 2.0
1738 177236 2.0
1739 177302 2.0
1740 177399 2.0
1741 177477 2.0
1742 177543 2.0
1743 177619 2.0
1744 177695 2.0
1745 177775 2.0
1746 177862 2.0
1747 177958 2.0
1748 178046 2.0
1749 178119 2.0
1750 178192 2.0
1751 178279 2.0
1752 178346 2.0
1753 178474 2.0
1754 178561 2.0
1755 178649 2.0
1756 178720 2.0
1757 178813 2.0
1758 178871 2.0
1759 178932 2.0
1760 179017 2.0
1761 179137 2.0
1762 179211 2.0
1763 179297 2.0
1764 179372 2.0
1765 179457 2.0
1766 179534 2.0
1767 179615 2.0
1768 179679 2.0
1769 179768 2.0
1770 179848 2.0
1771 179968 2.0
1772 180032 2.0
1773 180104 2.0
1774 180167 2.0
1775 180249 2.0
1776 180339 2.0
1777 180422 2.0
1778 180479 2.0
1779 180562 2.0
1780 180628 2.0
1781 180687 2.0
1782 180775 2.0
1783 180863 2.0
1784 180939 2.0
1785 181043 2.0
1786 181111 2.0
1787 181174 2.0
1788 181239 2.0
1789 181310 2.0
1790 181380 2.0
1791 181453 2.0
1792 181542 2.0
1793 181606 2.0
1794 181697 2.0
1795 181769 2.0
1796 181957 2.0
1797 182046 2.0
1798 182176 2.0
1799 182241 2.0
1800 182313 2.0
1801 182394 2.0
1802 182480 2.0
1803 182565 2.0
1804 182645 2.0
1805 182725 2.0
1806 182806 2.0
1807 182882 2.0
1808 182968 2.0
1809 183046 2.0
1810 183128 2.0
1811 183203 2.0
1812 183286 2.0
1813 183391 2.0
1814 183469 2.0
1815 183559 2.0
1816 183639 2.0
1817 183800 2.0
1818 183882 2.0
1819 183940 2.0
1820 184007 2.0
1821 184085 2.0
1822 184162 2.0
1823 184250 2.0
1824 184326 2.0
1825 184395 2.0
1826 184501 2.0
1827 184615 2.0
1828 184696 2.0
1829 184780 2.0
1830 184845 2.0
1831 184916 2.0
1832 184998 2.0
1833 185083 2.0
1834 185139 2.0
1835 185216 2.0
1836 185311 2.0
1837 185385 2.0
1838 185453 2.0
1839 185519 2.0
1840 185618 2.0
1841 185695 2.0
1842 185777 2.0
1843 185848 2.0
1844 185933 2.0
1845 186072 2.0
1846 186134 2.0
1847 186215 2.0
1848 186293 2.0
1849 186380 2.0
1850 186470 2.0
1851 186535 2.0
1852 186614 2.0
1853 186703 2.0
1854 186774 2.0
1855 186844 2.0
1856 186908 2.0
1857 186978 2.0
1858 187041 2.0
1859 187114 2.0
1860 187180 2.0
1861 187245 2.0
1862 187363 2.0
1863 187452 2.0
1864 187522 2.0
1865 187620 2.0
1866 187686 2.0
1867 187759 2.0
1868 187836 2.0
1869 187916 2.0
1870 187992 2.0
1871 188073 2.0
1872 188153 2.0
1873 188219 2.0
1874 188301 2.0
1875 188369 2.0
1876 188435 2.0
1877 188543 2.0
1878 188632 2.0
1879 188732 2.0
1880 188798 2.0
1881 188870 2.0
1882 188937 2.0
1883 189001 2.0
1884 189080 2.0
1885 189149 2.0
1886 189231 2.0
1887 189314 2.0
1888 189386 2.0
1889 189474 2.0
1890 189546 2.0
1891 189608 2.0
1892 189671 2.0
1893 189747 2.0
1894 189843 2.0
1895 189944 2.0
1896 190008 2.0
1897 190073 2.0
1898 190142 2.0
1899 190244 2.0
1900 190319 2.0
1901 190387 2.0
1902 190463 2.0
1903 190559 2.0
1904 190636 2.0
1905 190690 2.0
1906 190762 2.0
1907 190927 2.0
1908 191014 2.0
1909 191121 2.0
1910 191269 2.0
1911 191373 2.0
1912 191451 2.0
1913 191533 2.0
1914 191622 2.0
1915 191710 2.0
1916 191781 2.0
1917 191854 2.0
1918 191914 2.0
1919 191990 2.0
1920 192083 2.0
1921 192162 2.0
1922 192227 2.0
1923 192315 2.0
1924 192382 2.0
1925 192504 2.0
1926 192559 2.0
1927 192627 2.0
1928 192703 2.0
1929 192771 2.0
1930 192850 2.0
1931 192929 2.0
1932 193023 2.0
1933 193132 2.0
1934 193240 2.0
1935 193349 2.0
1936 193422 2.0
1937 193554 2.0
1938 193666 2.0
1939 193733 2.0
1940 193793 2.0
1941 193854 2.0
1942 193928 2.0
1943 194011 2.0
1944 194074 2.0
1945 194142 2.0
1946 194214 2.0
1947 194300 2.0
1948 194372 2.0
1949 194450 2.0
1950 194512 2.0
1951 194579 2.0
1952 194652 2.0
1953 194805 2.0
1954 194868 2.0
1955 194940 2.0
1956 195001 2.0
1957 195086 2.0
1958 195177 2.0
1959 195241 2.0
1960 195344 2.0
1961 195412 2.0
1962 195499 2.0
1963 195557 2.0
1964 195625 2.0
1965 195711 2.0
1966 195767 2.0
1967 195845 2.0
1968 195938 2.0
1969 196014 2.0
1970 196119 2.0
1971 196207 2.0
1972 196267 2.0
1973 196395 2.0
1974 196589 2.0
1975 196695 2.0
1976 196760 2.0
1977 196836 2.0
1978 196907 2.0
1979 197088 2.0
1980 197186 2.0
1981 197247 2.0
1982 197401 2.0
1983 197468 2.0
1984 197548 2.0
1985 197623 2.0
1986 197689 2.0
1987 197816 2.0
1988 197936 2.0
1989 198007 2.0
1990 198074 2.0
1991 198269 2.0
1992 198334 2.0
1993 198434 2.0
1994 198507 2.0
1995 198600 2.0
1996 198813 2.0
1997 198880 2.0
1998 198944 2.0
1999 199032 2.0
2000 199124 2.0
2001 199199 2.0
2002 199270 2.0
2003 199351 2.0
2004 199425 2.0
2005 199506 2.0
2006 199582 2.0
2007 199639 2.0
2008 199737 2.0
2009 199807 2.0
2010 199877 2.0
2011 199945 2.0
2012 200030 2.0
2013 200120 2.0
2014 200196 2.0
2015 200281 2.0
2016 200353 2.0
2017 200413 2.0
2018 200465 2.0
2019 200549 2.0
2020 200628 2.0
2021 200696 2.0
2022 200768 2.0
2023 200862 2.0
2024 200933 2.0
2025 201003 2.0
2026 201075 2.0
2027 201143 2.0
2028 201231 2.0
2029 201293 2.0
2030 201364 2.0
2031 201431 2.0
2032 201504 2.0
2033 201574 2.0
2034 201662 2.0
2035 201729 2.0
2036 201815 2.0
2037 201893 2.0
2038 202040 2.0
2039 202118 2.0
2040 202201 2.0
2041 202275 2.0
2042 202348 2.0
2043 202421 2.0
2044 202506 2.0
2045 202596 2.0
2046 202669 2.0
2047 202730 2.0
2048 202790 2.0
2049 202850 2.0
2050 202940 2.0
2051 203026 2.0
2052 203095 2.0
2053 203177 2.0
2054 203273 2.0
2055 203354 2.0
2056 203500 2.0
2057 203602 2.0
2058 203665 2.0
2059 203749 2.0
2060 203811 2.0
2061 203879 2.0
2062 203965 2.0
2063 204060 2.0
2064 204144 2.0
2065 204220 2.0
2066 204284 2.0
2067 204347 2.0
2068 204531 2.0
2069 204610 2.0
2070 204688 2.0
2071 204747 2.0
2072 204855 2.0
2073 204930 2.0
2074 205001 2.0
2075 205072 2.0
2076 205140 2.0
2077 205221 2.0
2078 205297 2.0
2079 205375 2.0
2080 205456 2.0
2081 205541 2.0
2082 205662 2.0
2083 205751 2.0
2084 205855 2.0
2085 205918 2.0
2086 205992 2.0
2087 206069 2.0
2088 206148 2.0
2089 206227 2.0
2090 206291 2.0
2091 206367 2.0
2092 206440 2.0
2093 206507 2.0
2094 206611 2.0
2095 206691 2.0
2096 206779 2.0
2097 206871 2.0
2098 206994 2.0
2099 207084 2.0
2100 207179 2.0
2101 207248 2.0
2102 207329 2.0
2103 207406 2.0
2104 207461 2.0
2105 207531 2.0
2106 207614 2.0
2107 207688 2.0
2108 207754 2.0
2109 207812 2.0
2110 207878 2.0
2111 207940 2.0
2112 208012 2.0
2113 208085 2.0
2114 208153 2.0
2115 208239 2.0
2116 208304 2.0
2117 208402 2.0
2118 208481 2.0
2119 208546 2.0
2120 208657 2.0
2121 208730 2.0
2122 208822 2.0
2123 208883 2.0
2124 208942 2.0
2125 209000 2.0
2126 209102 2.0
2127 209165 2.0
2128 209241 2.0
2129 209320 2.0
2130 209395 2.0
2131 209464 2.0
2132 209534 2.0
2133 209677 2.0
2134 209740 2.0
2135 209822 2.0
2136 209879 2.0
2137 209951 2.0
2138 210015 2.0
2139 210085 2.0
2140 210149 2.0
2141 210228 2.0
2142 210289 2.0
2143 210363 2.0
2144 210447 2.0
2145 210534 2.0
2146 210620 2.0
2147 210683 2.0
2148 210777 2.0
2149 210850 2.0
2150 210919 2.0
2151 211015 2.0
2152 211104 2.0
2153 211157 2.0
2154 211229 2.0
2155 211309 2.0
2156 211385 2.0
2157 211468 2.0
2158 211528 2.0
2159 211598 2.0
2160 211676 2.0
2161 211742 2.0
2162 211846 2.0
2163 211910 2.0
2164 212011 2.0
2165 212089 2.0
2166 212157 2.0
2167 212225 2.0
2168 212313 2.0
2169 212381 2.0
2170 212465 2.0
2171 212539 2.0
2172 212612 2.0
2173 212676 2.0
2174 212744 2.0
2175 212822 2.0
2176 212894 2.0
2177 212993 2.0
2178 213056 2.0
2179 213270 2.0
2180 213350 2.0
2181 213418 2.0
2182 213510 2.0
2183 213592 2.0
2184 213662 2.0
2185 213737 2.0
2186 213847 2.0
2187 213924 2.0
2188 214012 2.0
2189 214092 2.0
2190 214159 2.0
2191 214255 2.0
2192 214319 2.0
2193 214402 2.0
2194 214533 2.0
2195 214606 2.0
2196 214689 2.0
2197 214765 2.0
2198 214835 2.0
2199 214959 2.0
2200 215034 2.0
2201 215120 2.0
2202 215181 2.0
2203 215259 2.0
2204 215411 2.0
2205 215519 2.0
2206 215578 2.0
2207 215651 2.0
2208 215705 2.0
2209 215774 2.0
2210 215859 2.0
2211 215932 2.0
2212 216012 2.0
2213 216095 2.0
2214 216171 2.0
2215 216280 2.0
2216 216345 2.0
2217 216445 2.0
2218 216552 2.0
2219 216628 2.0
2220 216689 2.0
2221 216760 2.0
2222 216829 2.0
2223 217005 2.0
2224 217077 2.0
2225 217131 2.0
2226 217214 2.0
2227 217275 2.0
2228 217348 2.0
2229 217418 2.0
2230 217492 2.0
2231 217551 2.0
2232 217668 2.0
2233 217792 2.0
2234 217884 2.0
2235 217951 2.0
2236 218050 2.0
2237 218144 2.0
2238 218204 2.0
2239 218281 2.0
2240 218350 2.0
2241 218420 2.0
2242 218497 2.0
2243 218598 2.0
2244 218684 2.0
2245 218773 2.0
2246 218836 2.0
2247 218925 2.0
2248 218988 2.0
2249 219063 2.0
2250 219144 2.0
2251 219222 2.0
2252 219288 2.0
2253 219348 2.0
2254 219439 2.0
2255 219519 2.0
2256 219591 2.0
2257 219664 2.0
2258 219721 2.0
2259 219801 2.0
2260 219869 2.0
2261 219948 2.0
2262 220035 2.0
2263 220128 2.0
2264 220211 2.0
2265 220277 2.0
2266 220351 2.0
2267 220416 2.0
2268 220507 2.0
2269 220586 2.0
2270 220650 2.0
2271 220734 2.0
2272 220818 2.0
2273 220884 2.0
2274 220959 2.0
2275 221021 2.0
2276 221076 2.0
2277 221142 2.0
2278 221264 2.0
2279 221334 2.0
2280 221401 2.0
2281 221476 2.0
2282 221580 2.0
2283 221657 2.0
2284 221740 2.0
2285 221823 2.0
2286 221906 2.0
2287 222008 2.0
2288 222077 2.0
2289 222154 2.0
2290 222236 2.0
2291 222377 2.0
2292 222435 2.0
2293 222497 2.0
2294 222593 2.0
2295 222657 2.0
2296 222727 2.0
2297 222831 2.0
2298 222904 2.0
2299 222985 2.0
2300 223081 2.0
2301 223164 2.0
2302 223225 2.0
2303 223303 2.0
2304 223474 2.0
2305 223550 2.0
2306 223617 2.0
2307 223704 2.0
2308 223760 2.0
2309 223838 2.0
2310 223920 2.0
2311 224076 2.0
2312 224155 2.0
2313 224224 2.0
2314 224295 2.0
2315 224361 2.0
2316 224456 2.0
2317 224527 2.0
2318 224631 2.0
2319 224702 2.0
2320 224758 2.0
2321 224827 2.0
2322 224909 2.0
2323 224979 2.0
2324 225051 2.0
2325 225113 2.0
2326 225211 2.0
2327 225279 2.0
2328 225342 2.0
2329 225425 2.0
2330 225511 2.0
2331 225584 2.0
2332 225661 2.0
2333 225720 2.0
2334 225780 2.0
2335 225851 2.0
2336 225932 2.0
2337 225994 2.0
2338 226057 2.0
2339 226138 2.0
2340 226213 2.0
2341 226293 2.0
2342 226357 2.0
2343 226426 2.0
2344 226498 2.0
2345 226677 2.0
2346 226752 2.0
2347 226826 2.0
2348 226900 2.0
2349 226977 2.0
2350 227048 2.0
2351 227119 2.0
2352 227191 2.0
2353 227260 2.0
2354 227323 2.0
2355 227381 2.0
2356 227454 2.0
2357 227521 2.0
2358 227607 2.0
2359 227675 2.0
2360 227739 2.0
2361 227819 2.0
2362 227934 2.0
2363 228021 2.0
2364 228095 2.0
2365 228230 2.0
2366 228289 2.0
2367 228361 2.0
2368 228434 2.0
2369 228502 2.0
2370 228578 2.0
2371 228640 2.0
2372 228725 2.0
2373 228838 2.0
2374 228914 2.0
2375 229006 2.0
2376 229086 2.0
2377 229172 2.0
2378 229247 2.0
2379 229343 2.0
2380 229422 2.0
2381 229487 2.0
2382 229620 2.0
2383 229684 2.0
2384 229799 2.0
2385 229858 2.0
2386 229922 2.0
2387 229985 2.0
2388 230042 2.0
2389 230124 2.0
2390 230181 2.0
2391 230251 2.0
2392 230321 2.0
2393 230392 2.0
2394 230480 2.0
2395 230554 2.0
2396 230620 2.0
2397 230735 2.0
2398 230806 2.0
2399 230886 2.0
2400 230960 2.0
2401 231072 2.0
2402 231141 2.0
2403 231221 2.0
2404 231285 2.0
2405 231390 2.0
2406 231465 2.0
2407 231531 2.0
2408 231619 2.0
2409 231700 2.0
2410 231769 2.0
2411 231838 2.0
2412 231915 2.0
2413 231976 2.0
2414 232058 2.0
2415 232125 2.0
2416 232201 2.0
2417 232287 2.0
2418 232360 2.0
2419 232436 2.0
2420 232508 2.0
2421 232600 2.0
2422 232669 2.0
2423 232773 2.0
2424 232846 2.0
2425 232908 2.0
2426 232990 2.0
2427 233068 2.0
2428 233124 2.0
2429 233196 2.0
2430 233282 2.0
2431 233357 2.0
2432 233425 2.0
2433 233495 2.0
2434 233556 2.0
2435 233666 2.0
2436 233726 2.0
2437 233796 2.0
2438 233860 2.0
2439 233927 2.0
2440 233999 2.0
2441 234058 2.0
2442 234137 2.0
2443 234211 2.0
2444 234275 2.0
2445 234361 2.0
2446 234472 2.0
2447 234552 2.0
2448 234631 2.0
2449 234695 2.0
2450 234774 2.0
2451 234876 2.0
2452 234939 2.0
2453 235012 2.0
2454 235145 2.0
2455 235214 2.0
2456 235276 2.0
2457 235348 2.0
2458 235418 2.0
2459 235498 2.0
2460 235570 2.0
2461 235650 2.0
2462 235718 2.0
2463 235812 2.0
2464 235887 2.0
2465 235984 2.0
2466 236054 2.0
2467 236127 2.0
2468 236198 2.0
2469 236273 2.0
2470 236342 2.0
2471 236427 2.0
2472 236534 2.0
2473 236617 2.0
2474 236695 2.0
2475 236778 2.0
2476 236854 2.0
2477 236946 2.0
2478 236998 2.0
2479 237108 2.0
2480 237195 2.0
2481 237268 2.0
2482 237335 2.0
2483 237422 2.0
2484 237543 2.0
2485 237617 2.0
2486 237689 2.0
2487 237751 2.0
2488 237846 2.0
2489 237910 2.0
2490 238012 2.0
2491 238094 2.0
2492 238175 2.0
2493 238242 2.0
2494 238360 2.0
2495 238425 2.0
2496 238494 2.0
2497 238570 2.0
2498 238646 2.0
2499 238711 2.0
2500 238778 2.0
2501 238869 2.0
2502 238942 2.0
2503 239013 2.0
2504 239096 2.0
2505 239157 2.0
2506 239229 2.0
2507 239312 2.0
2508 239410 2.0
2509 239487 2.0
2510 239555 2.0
2511 239635 2.0
2512 239769 2.0
2513 239834 2.0
2514 239899 2.0
2515 239974 2.0
2516 240053 2.0
2517 240121 2.0
2518 240209 2.0
2519 240324 2.0
2520 240399 2.0
2521 240469 2.0
2522 240541 2.0
2523 240616 2.0
2524 240677 2.0
2525 240745 2.0
2526 240810 2.0
2527 240878 2.0
2528 240949 2.0
2529 241058 2.0
2530 241128 2.0
2531 241193 2.0
2532 241267 2.0
2533 241344 2.0
2534 241439 2.0
2535 241525 2.0
2536 241605 2.0
2537 241685 2.0
2538 241793 2.0
2539 241860 2.0
2540 241932 2.0
2541 242001 2.0
2542 242071 2.0
2543 242169 2.0
2544 242226 2.0
2545 242316 2.0
2546 242386 2.0
2547 242466 2.0
2548 242569 2.0
2549 242628 2.0
2550 242698 2.0
2551 242776 2.0
2552 242839 2.0
2553 242909 2.0
2554 242970 2.0
2555 243054 2.0
2556 243161 2.0
2557 243261 2.0
2558 243327 2.0
2559 243413 2.0
2560 243495 2.0
2561 243658 2.0
2562 243746 2.0
2563 243815 2.0
2564 243905 2.0
2565 243968 2.0
2566 244044 2.0
2567 244133 2.0
2568 244216 2.0
2569 244275 2.0
2570 244352 2.0
2571 244426 2.0
2572 244510 2.0
2573 244583 2.0
2574 244652 2.0
2575 244775 2.0
2576 244842 2.0
2577 244939 2.0
2578 245015 2.0
2579 245073 2.0
2580 245141 2.0
2581 245217 2.0
2582 245282 2.0
2583 245385 2.0
2584 245465 2.0
2585 245546 2.0
2586 245605 2.0
2587 245677 2.0
2588 245760 2.0
2589 245885 2.0
2590 245955 2.0
2591 246018 2.0
2592 246090 2.0
2593 246172 2.0
2594 246263 2.0
2595 246318 2.0
2596 246397 2.0
2597 246487 2.0
2598 246552 2.0
2599 246619 2.0
2600 246692 2.0
2601 246765 2.0
2602 246839 2.0
2603 246906 2.0
2604 246964 2.0
2605 247036 2.0
2606 247119 2.0
2607 247202 2.0
2608 247263 2.0
2609 247365 2.0
2610 247452 2.0
2611 247518 2.0
2612 247581 2.0
2613 247645 2.0
2614 247711 2.0
2615 247783 2.0
2616 247864 2.0
2617 247962 2.0
2618 248033 2.0
2619 248095 2.0
2620 248150 2.0
2621 248316 2.0
2622 248387 2.0
2623 248471 2.0
2624 248553 2.0
2625 248625 2.0
2626 248724 2.0
2627 248797 2.0
2628 248866 2.0
2629 248944 2.0
2630 249024 2.0
2631 249127 2.0
2632 249219 2.0
2633 249305 2.0
2634 249399 2.0
2635 249459 2.0
2636 249526 2.0
2637 249614 2.0
2638 249678 2.0
2639 249770 2.0
2640 249847 2.0
2641 249926 2.0
2642 250033 2.0
2643 250102 2.0
2644 250187 2.0
2645 250268 2.0
2646 250329 2.0
2647 250397 2.0
2648 250525 2.0
2649 250604 2.0
2650 250679 2.0
2651 250755 2.0
2652 250835 2.0
2653 250914 2.0
2654 250974 2.0
2655 251130 2.0
2656 251231 2.0
2657 251298 2.0
2658 251365 2.0
2659 251433 2.0
2660 251539 2.0
2661 251609 2.0
2662 251682 2.0
2663 251755 2.0
2664 251826 2.0
2665 251885 2.0
2666 251969 2.0
2667 252036 2.0
2668 252116 2.0
2669 252198 2.0
2670 252276 2.0
2671 252342 2.0
2672 252405 2.0
2673 252458 2.0
2674 252520 2.0
2675 252622 2.0
2676 252738 2.0
2677 252860 2.0
2678 252933 2.0
2679 252997 2.0
2680 253083 2.0
2681 253146 2.0
2682 253222 2.0
2683 253312 2.0
2684 253437 2.0
2685 253499 2.0
2686 253609 2.0
2687 253682 2.0
2688 253798 2.0
2689 253899 2.0
2690 254052 2.0
2691 254133 2.0
2692 254223 2.0
2693 254327 2.0
2694 254402 2.0
2695 254467 2.0
2696 254540 2.0
2697 254628 2.0
2698 254703 2.0
2699 254767 2.0
2700 254894 2.0
2701 255006 2.0
2702 255065 2.0
2703 255151 2.0
2704 255216 2.0
2705 255286 2.0
2706 255426 2.0
2707 255491 2.0
2708 255607 2.0
2709 255677 2.0
2710 255749 2.0
2711 255838 2.0
2712 255948 2.0
2713 256128 2.0
2714 256259 2.0
2715 256385 2.0
2716 256459 2.0
2717 256540 2.0
2718 256624 2.0
2719 256708 2.0
2720 256778 2.0
2721 256835 2.0
2722 256916 2.0
2723 256989 2.0
2724 257064 2.0
2725 257148 2.0
2726 257219 2.0
2727 257274 2.0
2728 257356 2.0
2729 257423 2.0
2730 257528 2.0
2731 257596 2.0
2732 257669 2.0
2733 257754 2.0
2734 257823 2.0
2735 257894 2.0
2736 257980 2.0
2737 258066 2.0
2738 258153 2.0
2739 258219 2.0
2740 258284 2.0
2741 258388 2.0
2742 258482 2.0
2743 258553 2.0
2744 258627 2.0
2745 258717 2.0
2746 258775 2.0
2747 258833 2.0
2748 258903 2.0
2749 258973 2.0
2750 259039 2.0
2751 259150 2.0
2752 259207 2.0
2753 259436 2.0
2754 259516 2.0
2755 259586 2.0
2756 259656 2.0
2757 259746 2.0
2758 259819 2.0
2759 259888 2.0
2760 259961 2.0
2761 260022 2.0
2762 260097 2.0
2763 260162 2.0
2764 260221 2.0
2765 260297 2.0
2766 260371 2.0
2767 260453 2.0
2768 260523 2.0
2769 260594 2.0
2770 260673 2.0
2771 260737 2.0
2772 260804 2.0
2773 260894 2.0
2774 260963 2.0
2775 261054 2.0
2776 261126 2.0
2777 261193 2.0
2778 261258 2.0
2779 261366 2.0
2780 261432 2.0
2781 261518 2.0
2782 261665 2.0
2783 261746 2.0
2784 261818 2.0
2785 261894 2.0
2786 261977 2.0
2787 262054 2.0
2788 262141 2.0
2789 262233 2.0
2790 262299 2.0
2791 262356 2.0
2792 262422 2.0
2793 262485 2.0
2794 262558 2.0
2795 262628 2.0
2796 262745 2.0
2797 262808 2.0
2798 262888 2.0
2799 262964 2.0
2800 263057 2.0
2801 263129 2.0
2802 263197 2.0
2803 263268 2.0
2804 263330 2.0
2805 263415 2.0
2806 263500 2.0
2807 263598 2.0
2808 263685 2.0
2809 263764 2.0
2810 263830 2.0
2811 263912 2.0
2812 263989 2.0
2813 264077 2.0
2814 264181 2.0
2815 264253 2.0
2816 264342 2.0
2817 264436 2.0
2818 264511 2.0
2819 264575 2.0
2820 264655 2.0
2821 264747 2.0
2822 264834 2.0
2823 264908 2.0
2824 264970 2.0
2825 265028 2.0
2826 265154 2.0
2827 265232 2.0
2828 265312 2.0
2829 265394 2.0
2830 265500 2.0
2831 265568 2.0
2832 265626 2.0
2833 265700 2.0
2834 265765 2.0
2835 265832 2.0
2836 265900 2.0
2837 265977 2.0
2838 266037 2.0
2839 266151 2.0
2840 266284 2.0
2841 266385 2.0
2842 266460 2.0
2843 266532 2.0
2844 266624 2.0
2845 266692 2.0
2846 266766 2.0
2847 266829 2.0
2848 266901 2.0
2849 267022 2.0
2850 267098 2.0
2851 267194 2.0
2852 267270 2.0
2853 267352 2.0
2854 267426 2.0
2855 267502 2.0
2856 267581 2.0
2857 267663 2.0
2858 267724 2.0
2859 267796 2.0
2860 267863 2.0
2861 267933 2.0
2862 267996 2.0
2863 268081 2.0
2864 268148 2.0
2865 268213 2.0
2866 268285 2.0
2867 268339 2.0
2868 268407 2.0
2869 268512 2.0
2870 268575 2.0
2871 268639 2.0
2872 268705 2.0
2873 268794 2.0
2874 268864 2.0
2875 268931 2.0
2876 269039 2.0
2877 269110 2.0
2878 269208 2.0
2879 269274 2.0
2880 269346 2.0
2881 269417 2.0
2882 269495 2.0
2883 269567 2.0
2884 269634 2.0
2885 269699 2.0
2886 269767 2.0
2887 269829 2.0
2888 269880 2.0
2889 269962 2.0
2890 270052 2.0
2891 270135 2.0
2892 270246 2.0
2893 270332 2.0
2894 270405 2.0
2895 270474 2.0
2896 270543 2.0
2897 270614 2.0
2898 270685 2.0
2899 270762 2.0
2900 270812 2.0
2901 270886 2.0
2902 270963 2.0
2903 271046 2.0
2904 271126 2.0
2905 271187 2.0
2906 271263 2.0
2907 271325 2.0
2908 271389 2.0
2909 271472 2.0
2910 271558 2.0
2911 271665 2.0
2912 271751 2.0
2913 271831 2.0
2914 271906 2.0
2915 271993 2.0
2916 272066 2.0
2917 272152 2.0
2918 272221 2.0
2919 272297 2.0
2920 272360 2.0
2921 272440 2.0
2922 272515 2.0
2923 272569 2.0
2924 272659 2.0
2925 272725 2.0
2926 272800 2.0
2927 272873 2.0
2928 272969 2.0
2929 273029 2.0
2930 273100 2.0
2931 273165 2.0
2932 273226 2.0
2933 273300 2.0
2934 273395 2.0
2935 273461 2.0
2936 273551 2.0
2937 273617 2.0
2938 273686 2.0
2939 273767 2.0
2940 273839 2.0
2941 273914 2.0
2942 273999 2.0
2943 274058 2.0
2944 274150 2.0
2945 274232 2.0
2946 274304 2.0
2947 274418 2.0
2948 274494 2.0
2949 274574 2.0
2950 274649 2.0
2951 274713 2.0
2952 274770 2.0
2953 274856 2.0
2954 274927 2.0
2955 275011 2.0
2956 275081 2.0
2957 275182 2.0
2958 275298 2.0
2959 275381 2.0
2960 275466 2.0
2961 275581 2.0
2962 275657 2.0
2963 275726 2.0
2964 275789 2.0
2965 275866 2.0
2966 275950 2.0
2967 276005 2.0
2968 276091 2.0
2969 276154 2.0
2970 276227 2.0
2971 276304 2.0
2972 276394 2.0
2973 276453 2.0
2974 276530 2.0
2975 276599 2.0
2976 276681 2.0
2977 276784 2.0
2978 276863 2.0
2979 276946 2.0
2980 277016 2.0
2981 277095 2.0
2982 277158 2.0
2983 277292 2.0
2984 277395 2.0
2985 277458 2.0
2986 277536 2.0
2987 277626 2.0
2988 277704 2.0
2989 277785 2.0
2990 277928 2.0
2991 278005 2.0
2992 278094 2.0
2993 278187 2.0
2994 278292 2.0
2995 278363 2.0
2996 278431 2.0
2997 278519 2.0
2998 278578 2.0
2999 278644 2.0
3000 278716 2.0
3001 278785 2.0
3002 278851 2.0
3003 278916 2.0
3004 279020 2.0
3005 279106 2.0
3006 279176 2.0
3007 279238 2.0
3008 279310 2.0
3009 279423 2.0
3010 279524 2.0
3011 279645 2.0
3012 279722 2.0
3013 279811 2.0
3014 279882 2.0
3015 279966 2.0
3016 280064 2.0
3017 280150 2.0
3018 280224 2.0
3019 280315 2.0
3020 280394 2.0
3021 280465 2.0
3022 280556 2.0
3023 280633 2.0
3024 280709 2.0
3025 280771 2.0
3026 280896 2.0
3027 280952 2.0
3028 281017 2.0
3029 281095 2.0
3030 281167 2.0
3031 281277 2.0
3032 281357 2.0
3033 281478 2.0
3034 281534 2.0
3035 281604 2.0
3036 281696 2.0
3037 281791 2.0
3038 281880 2.0
3039 281940 2.0
3040 282017 2.0
3041 282088 2.0
3042 282208 2.0
3043 282280 2.0
3044 282370 2.0
3045 282457 2.0
3046 282512 2.0
3047 282590 2.0
3048 282667 2.0
3049 282724 2.0
3050 282792 2.0
3051 282858 2.0
3052 282919 2.0
3053 282983 2.0
3054 283039 2.0
3055 283122 2.0
3056 283196 2.0
3057 283266 2.0
3058 283356 2.0
3059 283416 2.0
3060 283485 2.0
3061 283550 2.0
3062 283623 2.0
3063 283698 2.0
3064 283786 2.0
3065 283871 2.0
3066 283941 2.0
3067 284057 2.0
3068 284134 2.0
3069 284239 2.0
3070 284316 2.0
3071 284406 2.0
3072 284510 2.0
3073 284581 2.0
3074 284678 2.0
3075 284743 2.0
3076 284839 2.0
3077 284898 2.0
3078 284973 2.0
3079 285054 2.0
3080 285140 2.0
3081 285208 2.0
3082 285275 2.0
3083 285336 2.0
3084 285422 2.0
3085 285487 2.0
3086 285554 2.0
3087 285605 2.0
3088 285681 2.0
3089 285785 2.0
3090 285864 2.0
3091 285935 2.0
3092 286021 2.0
3093 286100 2.0
3094 286244 2.0
3095 286318 2.0
3096 286385 2.0
3097 286453 2.0
3098 286524 2.0
3099 286598 2.0
3100 286752 2.0
3101 286823 2.0
3102 286891 2.0
3103 286975 2.0
3104 287046 2.0
3105 287120 2.0
3106 287252 2.0
3107 287349 2.0
3108 287419 2.0
3109 287491 2.0
3110 287555 2.0
3111 287617 2.0
3112 287683 2.0
3113 287769 2.0
3114 287846 2.0
3115 287937 2.0
3116 288023 2.0
3117 288097 2.0
3118 288182 2.0
3119 288244 2.0
3120 288341 2.0
3121 288410 2.0
3122 288516 2.0
3123 288582 2.0
3124 288668 2.0
3125 288816 2.0
3126 288889 2.0
3127 288966 2.0
3128 289068 2.0
3129 289144 2.0
3130 289223 2.0
3131 289286 2.0
3132 289364 2.0
3133 289447 2.0
3134 289521 2.0
3135 289584 2.0
3136 289652 2.0
3137 289725 2.0
3138 289801 2.0
3139 289869 2.0
3140 289980 2.0
3141 290061 2.0
3142 290151 2.0
3143 290218 2.0
3144 290288 2.0
3145 290348 2.0
3146 290409 2.0
3147 290479 2.0
3148 290536 2.0
3149 290593 2.0
3150 290660 2.0
3151 290749 2.0
3152 290840 2.0
3153 290924 2.0
3154 290992 2.0
3155 291067 2.0
3156 291157 2.0
3157 291218 2.0
3158 291290 2.0
3159 291373 2.0
3160 291458 2.0
3161 291516 2.0
3162 291594 2.0
3163 291673 2.0
3164 291744 2.0
3165 291802 2.0
3166 291890 2.0
3167 291964 2.0
3168 292027 2.0
3169 292089 2.0
3170 292148 2.0
3171 292227 2.0
3172 292314 2.0
3173 292387 2.0
3174 292461 2.0
3175 292540 2.0
3176 292603 2.0
3177 292688 2.0
3178 292763 2.0
3179 292876 2.0
3180 292938 2.0
3181 293030 2.0
3182 293104 2.0
3183 293177 2.0
3184 293239 2.0
3185 293308 2.0
3186 293387 2.0
3187 293456 2.0
3188 293552 2.0
3189 293629 2.0
3190 293695 2.0
3191 293756 2.0
3192 293834 2.0
3193 293905 2.0
3194 293964 2.0
3195 294048 2.0
3196 294129 2.0
3197 294192 2.0
3198 294267 2.0
3199 294398 2.0
3200 294482 2.0
3201 294545 2.0
3202 294613 2.0
3203 294687 2.0
3204 294769 2.0
3205 294941 2.0
3206 294997 2.0
3207 295091 2.0
3208 295180 2.0
3209 295253 2.0
3210 295332 2.0
3211 295394 2.0
3212 295464 2.0
3213 295524 2.0
3214 295589 2.0
3215 295655 2.0
3216 295809 2.0
3217 295887 2.0
3218 295963 2.0
3219 296034 2.0
3220 296170 2.0
3221 296232 2.0
3222 296299 2.0
3223 296381 2.0
3224 296462 2.0
3225 296629 2.0
3226 296700 2.0
3227 296765 2.0
3228 296835 2.0
3229 296906 2.0
3230 296986 2.0
3231 297055 2.0
3232 297120 2.0
3233 297228 2.0
3234 297309 2.0
3235 297379 2.0
3236 297445 2.0
3237 297507 2.0
3238 297567 2.0
3239 297628 2.0
3240 297732 2.0
3241 297891 2.0
3242 297960 2.0
3243 298030 2.0
3244 298111 2.0
3245 298179 2.0
3246 298236 2.0
3247 298314 2.0
3248 298378 2.0
3249 298460 2.0
3250 298521 2.0
3251 298589 2.0
3252 298655 2.0
3253 298729 2.0
3254 298813 2.0
3255 298891 2.0
3256 298991 2.0
3257 299048 2.0
3258 299134 2.0
3259 299204 2.0
3260 299284 2.0
3261 299351 2.0
3262 299415 2.0
3263 299492 2.0
3264 299545 2.0
3265 299616 2.0
3266 299705 2.0
3267 299807 2.0
3268 299868 2.0
3269 299942 2.0
3270 300053 2.0
3271 300130 2.0
3272 300209 2.0
3273 300290 2.0
3274 300362 2.0
3275 300453 2.0
3276 300520 2.0
3277 300596 2.0
3278 300665 2.0
3279 300739 2.0
3280 300817 2.0
3281 300891 2.0
3282 300961 2.0
3283 301034 2.0
3284 301108 2.0
3285 301266 2.0
3286 301342 2.0
3287 301420 2.0
3288 301485 2.0
3289 301555 2.0
3290 301631 2.0
3291 301699 2.0
3292 301778 2.0
3293 301862 2.0
3294 301938 2.0
3295 302005 2.0
3296 302081 2.0
3297 302167 2.0
3298 302268 2.0
3299 302335 2.0
3300 302406 2.0
3301 302507 2.0
3302 302574 2.0
3303 302643 2.0
3304 302722 2.0
3305 302778 2.0
3306 302891 2.0
3307 302995 2.0
3308 303061 2.0
3309 303137 2.0
3310 303204 2.0
3311 303313 2.0
3312 303379 2.0
3313 303444 2.0
3314 303513 2.0
3315 303586 2.0
3316 303661 2.0
3317 303728 2.0
3318 303819 2.0
3319 303881 2.0
3320 303946 2.0
3321 304014 2.0
3322 304098 2.0
3323 304163 2.0
3324 304239 2.0
3325 304312 2.0
3326 304379 2.0
3327 304476 2.0
3328 304541 2.0
3329 304601 2.0
3330 304674 2.0
3331 304762 2.0
3332 304818 2.0
3333 304902 2.0
3334 304960 2.0
3335 305044 2.0
3336 305150 2.0
3337 305238 2.0
3338 305301 2.0
3339 305394 2.0
3340 305474 2.0
3341 305547 2.0
3342 305616 2.0
3343 305699 2.0
3344 305770 2.0
3345 305857 2.0
3346 305916 2.0
3347 306006 2.0
3348 306087 2.0
3349 306196 2.0
3350 306274 2.0
3351 306339 2.0
3352 306442 2.0
3353 306511 2.0
3354 306580 2.0
3355 306654 2.0
3356 306736 2.0
3357 306831 2.0
3358 306918 2.0
3359 306987 2.0
3360 307074 2.0
3361 307155 2.0
3362 307219 2.0
3363 307323 2.0
3364 307409 2.0
3365 307501 2.0
3366 307574 2.0
3367 307639 2.0
3368 307717 2.0
3369 307777 2.0
3370 307858 2.0
3371 307918 2.0
3372 307980 2.0
3373 308049 2.0
3374 308114 2.0
3375 308187 2.0
3376 308260 2.0
3377 308357 2.0
3378 308421 2.0
3379 308477 2.0
3380 308551 2.0
3381 308621 2.0
3382 308689 2.0
3383 308801 2.0
3384 308867 2.0
3385 308924 2.0
3386 308997 2.0
3387 309091 2.0
3388 309176 2.0
3389 309255 2.0
3390 309322 2.0
3391 309386 2.0
3392 309452 2.0
3393 309521 2.0
3394 309595 2.0
3395 309655 2.0
3396 309739 2.0
3397 309798 2.0
3398 309883 2.0
3399 309960 2.0
3400 310046 2.0
3401 310116 2.0
3402 310187 2.0
3403 310256 2.0
3404 310357 2.0
3405 310427 2.0
3406 310494 2.0
3407 310546 2.0
3408 310607 2.0
3409 310681 2.0
3410 310766 2.0
3411 310879 2.0
3412 310974 2.0
3413 311032 2.0
3414 311103 2.0
3415 311179 2.0
3416 311395 2.0
3417 311463 2.0
3418 311531 2.0
3419 311595 2.0
3420 311666 2.0
3421 311763 2.0
3422 311848 2.0
3423 311950 2.0
3424 312030 2.0
3425 312095 2.0
3426 312209 2.0
3427 312279 2.0
3428 312340 2.0
3429 312422 2.0
3430 312487 2.0
3431 312579 2.0
3432 312640 2.0
3433 312709 2.0
3434 312781 2.0
3435 312857 2.0
3436 312918 2.0
3437 312981 2.0
3438 313049 2.0
3439 313164 2.0
3440 313228 2.0
3441 313307 2.0
3442 313363 2.0
3443 313458 2.0
3444 313551 2.0
3445 313627 2.0
3446 313698 2.0
3447 313761 2.0
3448 313850 2.0
3449 313947 2.0
3450 314007 2.0
3451 314077 2.0
3452 314158 2.0
3453 314213 2.0
3454 314306 2.0
3455 314391 2.0
3456 314467 2.0
3457 314523 2.0
3458 314611 2.0
3459 314680 2.0
3460 314753 2.0
3461 314818 2.0
3462 314895 2.0
3463 314971 2.0
3464 315054 2.0
3465 315111 2.0
3466 315210 2.0
3467 315290 2.0
3468 315378 2.0
3469 315489 2.0
3470 315565 2.0
3471 315631 2.0
3472 315715 2.0
3473 315791 2.0
3474 315861 2.0
3475 315952 2.0
3476 316010 2.0
3477 316075 2.0
3478 316139 2.0
3479 316210 2.0
3480 316268 2.0
3481 316346 2.0
3482 316436 2.0
3483 316498 2.0
3484 316569 2.0
3485 316653 2.0
3486 316805 2.0
3487 316898 2.0
3488 316959 2.0
3489 317063 2.0
3490 317135 2.0
3491 317196 2.0
3492 317292 2.0
3493 317353 2.0
3494 317414 2.0
3495 317496 2.0
3496 317577 2.0
3497 317647 2.0
3498 317732 2.0
3499 317799 2.0
3500 317870 2.0
3501 317950 2.0
3502 318012 2.0
3503 318100 2.0
3504 318191 2.0
3505 318255 2.0
3506 318341 2.0
3507 318419 2.0
3508 318484 2.0
3509 318606 2.0
3510 318677 2.0
3511 318754 2.0
3512 318847 2.0
3513 318928 2.0
3514 318997 2.0
3515 319063 2.0
3516 319134 2.0
3517 319195 2.0
3518 319269 2.0
3519 319356 2.0
3520 319423 2.0
3521 319499 2.0
3522 319583 2.0
3523 319650 2.0
3524 319737 2.0
3525 319839 2.0
3526 319896 2.0
3527 319972 2.0
3528 320078 2.0
3529 320140 2.0
3530 320205 2.0
3531 320287 2.0
3532 320350 2.0
3533 320427 2.0
3534 320496 2.0
3535 320576 2.0
3536 320688 2.0
3537 320751 2.0
3538 320821 2.0
3539 320892 2.0
3540 320988 2.0
3541 321087 2.0
3542 321149 2.0
3543 321222 2.0
3544 321290 2.0
3545 321353 2.0
3546 321422 2.0
3547 321488 2.0
3548 321558 2.0
3549 321630 2.0
3550 321700 2.0
3551 321776 2.0
3552 321852 2.0
3553 321930 2.0
3554 321991 2.0
3555 322060 2.0
3556 322126 2.0
3557 322206 2.0
3558 322273 2.0
3559 322341 2.0
3560 322413 2.0
3561 322495 2.0
3562 322553 2.0
3563 322625 2.0
3564 322702 2.0
3565 322781 2.0
3566 322865 2.0
3567 322940 2.0
3568 323014 2.0
3569 323088 2.0
3570 323162 2.0
3571 323226 2.0
3572 323306 2.0
3573 323417 2.0
3574 323490 2.0
3575 323592 2.0
3576 323679 2.0
3577 323775 2.0
3578 323834 2.0
3579 323904 2.0
3580 324001 2.0
3581 324082 2.0
3582 324165 2.0
3583 324230 2.0
3584 324297 2.0
3585 324360 2.0
3586 324434 2.0
3587 324511 2.0
3588 324581 2.0
3589 324659 2.0
3590 324728 2.0
3591 324807 2.0
3592 324877 2.0
3593 325003 2.0
3594 325089 2.0
3595 325162 2.0
3596 325235 2.0
3597 325313 2.0
3598 325387 2.0
3599 325465 2.0
3600 325521 2.0
3601 325582 2.0
3602 325637 2.0
3603 325707 2.0
3604 325777 2.0
3605 325884 2.0
3606 325957 2.0
3607 326026 2.0
3608 326142 2.0
3609 326221 2.0
3610 326283 2.0
3611 326363 2.0
3612 326448 2.0
3613 326533 2.0
3614 326615 2.0
3615 326681 2.0
3616 326745 2.0
3617 326820 2.0
3618 326885 2.0
3619 326937 2.0
3620 327011 2.0
3621 327078 2.0
3622 327160 2.0
3623 327234 2.0
3624 327302 2.0
3625 327381 2.0
3626 327445 2.0
3627 327516 2.0
3628 327604 2.0
3629 327675 2.0
3630 327769 2.0
3631 327823 2.0
3632 327894 2.0
3633 327952 2.0
3634 328014 2.0
3635 328086 2.0
3636 328189 2.0
3637 328280 2.0
3638 328340 2.0
3639 328410 2.0
3640 328491 2.0
3641 328573 2.0
3642 328647 2.0
3643 328730 2.0
3644 328837 2.0
3645 328908 2.0
3646 328976 2.0
3647 329047 2.0
3648 329131 2.0
3649 329229 2.0
3650 329289 2.0
3651 329362 2.0
3652 329417 2.0
3653 329482 2.0
3654 329545 2.0
3655 329613 2.0
3656 329687 2.0
3657 329777 2.0
3658 329850 2.0
3659 329916 2.0
3660 329997 2.0
3661 330081 2.0
3662 330165 2.0
3663 330234 2.0
3664 330311 2.0
3665 330377 2.0
3666 330431 2.0
3667 330499 2.0
3668 330606 2.0
3669 330680 2.0
3670 330736 2.0
3671 330796 2.0
3672 330861 2.0
3673 330924 2.0
3674 330983 2.0
3675 331056 2.0
3676 331122 2.0
3677 331197 2.0
3678 331251 2.0
3679 331334 2.0
3680 331392 2.0
3681 331502 2.0
3682 331561 2.0
3683 331635 2.0
3684 331714 2.0
3685 331799 2.0
3686 331865 2.0
3687 331938 2.0
3688 332058 2.0
3689 332155 2.0
3690 332235 2.0
3691 332321 2.0
3692 332404 2.0
3693 332470 2.0
3694 332541 2.0
3695 332604 2.0
3696 332662 2.0
3697 332736 2.0
3698 332810 2.0
3699 332875 2.0
3700 332966 2.0
3701 333024 2.0
3702 333091 2.0
3703 333190 2.0
3704 333264 2.0
3705 333337 2.0
3706 333400 2.0
3707 333478 2.0
3708 333550 2.0
3709 333612 2.0
3710 333679 2.0
3711 333736 2.0
3712 333811 2.0
3713 333888 2.0
3714 333981 2.0
3715 334122 2.0
3716 334187 2.0
3717 334262 2.0
3718 334389 2.0
3719 334454 2.0
3720 334520 2.0
3721 334604 2.0
3722 334665 2.0
3723 334761 2.0
3724 334854 2.0
3725 334912 2.0
3726 335019 2.0
3727 335084 2.0
3728 335153 2.0
3729 335246 2.0
3730 335322 2.0
3731 335426 2.0
3732 335510 2.0
3733 335565 2.0
3734 335631 2.0
3735 335725 2.0
3736 335789 2.0
3737 335912 2.0
3738 335982 2.0
3739 336039 2.0
3740 336099 2.0
3741 336167 2.0
3742 336250 2.0
3743 336336 2.0
3744 336410 2.0
3745 336480 2.0
3746 336538 2.0
3747 336609 2.0
3748 336677 2.0
3749 336754 2.0
3750 336824 2.0
3751 336911 2.0
3752 336972 2.0
3753 337039 2.0
3754 337103 2.0
3755 337167 2.0
3756 337222 2.0
3757 337293 2.0
3758 337384 2.0
3759 337452 2.0
3760 337515 2.0
3761 337591 2.0
3762 337699 2.0
3763 337774 2.0
3764 337903 2.0
3765 337976 2.0
3766 338039 2.0
3767 338112 2.0
3768 338197 2.0
3769 338265 2.0
3770 338326 2.0
3771 338398 2.0
3772 338467 2.0
3773 338546 2.0
3774 338666 2.0
3775 338767 2.0
3776 338838 2.0
3777 338906 2.0
3778 338978 2.0
3779 339045 2.0
3780 339116 2.0
3781 339195 2.0
3782 339306 2.0
3783 339380 2.0
3784 339452 2.0
3785 339540 2.0
3786 339612 2.0
3787 339679 2.0
3788 339747 2.0
3789 339843 2.0
3790 339898 2.0
3791 339957 2.0
3792 340053 2.0
3793 340120 2.0
3794 340206 2.0
3795 340284 2.0
3796 340407 2.0
3797 340466 2.0
3798 340541 2.0
3799 340610 2.0
3800 340681 2.0
3801 340752 2.0
3802 340828 2.0
3803 340908 2.0
3804 340984 2.0
3805 341067 2.0
3806 341161 2.0
3807 341245 2.0
3808 341310 2.0
3809 341382 2.0
3810 341518 2.0
3811 341599 2.0
3812 341679 2.0
3813 341736 2.0
3814 341810 2.0
3815 341879 2.0
3816 341938 2.0
3817 342006 2.0
3818 342087 2.0
3819 342174 2.0
3820 342267 2.0
3821 342337 2.0
3822 342413 2.0
3823 342485 2.0
3824 342547 2.0
3825 342654 2.0
3826 342726 2.0
3827 342789 2.0
3828 342863 2.0
3829 342927 2.0
3830 343008 2.0
3831 343097 2.0
3832 343156 2.0
3833 343234 2.0
3834 343297 2.0
3835 343394 2.0
3836 343455 2.0
3837 343537 2.0
3838 343608 2.0
3839 343691 2.0
3840 343765 2.0
3841 343817 2.0
3842 343970 2.0
3843 344041 2.0
3844 344122 2.0
3845 344192 2.0
3846 344261 2.0
3847 344336 2.0
3848 344415 2.0
3849 344482 2.0
3850 344568 2.0
3851 344623 2.0
3852 344695 2.0
3853 344761 2.0
3854 344819 2.0
3855 344891 2.0
3856 344950 2.0
3857 345014 2.0
3858 345116 2.0
3859 345200 2.0
3860 345277 2.0
3861 345350 2.0
3862 345419 2.0
3863 345546 2.0
3864 345622 2.0
3865 345743 2.0
3866 345814 2.0
3867 345870 2.0
3868 345942 2.0
3869 346068 2.0
3870 346135 2.0
3871 346200 2.0
3872 346295 2.0
3873 346379 2.0
3874 346433 2.0
3875 346508 2.0
3876 346580 2.0
3877 346749 2.0
3878 346824 2.0
3879 346965 2.0
3880 347058 2.0
3881 347127 2.0
3882 347239 2.0
3883 347308 2.0
3884 347373 2.0
3885 347452 2.0
3886 347518 2.0
3887 347580 2.0
3888 347650 2.0
3889 347715 2.0
3890 347777 2.0
3891 347834 2.0
3892 347902 2.0
3893 347962 2.0
3894 348052 2.0
3895 348156 2.0
3896 348246 2.0
3897 348329 2.0
3898 348394 2.0
3899 348460 2.0
3900 348545 2.0
3901 348614 2.0
3902 348681 2.0
3903 348763 2.0
3904 348846 2.0
3905 348944 2.0
3906 349012 2.0
3907 349104 2.0
3908 349164 2.0
3909 349254 2.0
3910 349313 2.0
3911 349395 2.0
3912 349461 2.0
3913 349526 2.0
3914 349630 2.0
3915 349758 2.0
3916 349824 2.0
3917 349904 2.0
3918 349976 2.0
3919 350088 2.0
3920 350165 2.0
3921 350240 2.0
3922 350312 2.0
3923 350402 2.0
3924 350468 2.0
3925 350538 2.0
3926 350618 2.0
3927 350679 2.0
3928 350764 2.0
3929 350847 2.0
3930 350922 2.0
3931 350993 2.0
3932 351064 2.0
3933 351136 2.0
3934 351200 2.0
3935 351278 2.0
3936 351365 2.0
3937 351456 2.0
3938 351525 2.0
3939 351611 2.0
3940 351696 2.0
3941 351767 2.0
3942 351841 2.0
3943 351934 2.0
3944 352083 2.0
3945 352173 2.0
3946 352240 2.0
3947 352348 2.0
3948 352407 2.0
3949 352486 2.0
3950 352599 2.0
3951 352678 2.0
3952 352754 2.0
3953 352826 2.0
3954 352890 2.0
3955 352950 2.0
3956 353032 2.0
3957 353125 2.0
3958 353213 2.0
3959 353310 2.0
3960 353370 2.0
3961 353428 2.0
3962 353492 2.0
3963 353548 2.0
3964 353705 2.0
3965 353805 2.0
3966 353870 2.0
3967 353935 2.0
3968 354012 2.0
3969 354071 2.0
3970 354132 2.0
3971 354216 2.0
3972 354364 2.0
3973 354433 2.0
3974 354503 2.0
3975 354564 2.0
3976 354632 2.0
3977 354709 2.0
3978 354773 2.0
3979 354844 2.0
3980 354914 2.0
3981 354982 2.0
3982 355047 2.0
3983 355116 2.0
3984 355177 2.0
3985 355272 2.0
3986 355362 2.0
3987 355440 2.0
3988 355503 2.0
3989 355592 2.0
3990 355687 2.0
3991 355763 2.0
3992 355838 2.0
3993 355914 2.0
3994 355989 2.0
3995 356067 2.0
3996 356155 2.0
3997 356242 2.0
3998 356298 2.0
3999 356396 2.0
4000 356457 2.0
4001 356519 2.0
4002 356598 2.0
4003 356672 2.0
4004 356742 2.0
4005 356820 2.0
4006 356898 2.0
4007 357020 2.0
4008 357085 2.0
4009 357160 2.0
4010 357222 2.0
4011 357289 2.0
4012 357387 2.0
4013 357454 2.0
4014 357538 2.0
4015 357603 2.0
4016 357669 2.0
4017 357810 2.0
4018 357886 2.0
4019 357952 2.0
4020 358018 2.0
4021 358099 2.0
4022 358172 2.0
4023 358241 2.0
4024 358320 2.0
4025 358389 2.0
4026 358459 2.0
4027 358534 2.0
4028 358615 2.0
4029 358693 2.0
4030 358773 2.0
4031 358865 2.0
4032 358953 2.0
4033 359009 2.0
4034 359075 2.0
4035 359154 2.0
4036 359223 2.0
4037 359282 2.0
4038 359347 2.0
4039 359420 2.0
4040 359487 2.0
4041 359542 2.0
4042 359610 2.0
4043 359667 2.0
4044 359722 2.0
4045 359807 2.0
4046 359873 2.0
4047 359955 2.0
4048 360022 2.0
4049 360100 2.0
4050 360189 2.0
4051 360305 2.0
4052 360388 2.0
4053 360453 2.0
4054 360514 2.0
4055 360596 2.0
4056 360650 2.0
4057 360719 2.0
4058 360793 2.0
4059 360860 2.0
4060 360948 2.0
4061 361023 2.0
4062 361085 2.0
4063 361228 2.0
4064 361313 2.0
4065 361406 2.0
4066 361471 2.0
4067 361549 2.0
4068 361662 2.0
4069 361737 2.0
4070 361807 2.0
4071 361884 2.0
4072 361949 2.0
4073 362086 2.0
4074 362144 2.0
4075 362203 2.0
4076 362285 2.0
4077 362362 2.0
4078 362416 2.0
4079 362495 2.0
4080 362558 2.0
4081 362630 2.0
4082 362697 2.0
4083 362777 2.0
4084 362848 2.0
4085 362936 2.0
4086 363003 2.0
4087 363088 2.0
4088 363176 2.0
4089 363249 2.0
4090 363327 2.0
4091 363394 2.0
4092 363462 2.0
4093 363540 2.0
4094 363606 2.0
4095 363675 2.0
4096 363736 2.0
4097 363811 2.0
4098 363880 2.0
4099 363963 2.0
4100 364036 2.0
4101 364088 2.0
4102 364221 2.0
4103 364296 2.0
4104 364380 2.0
4105 364445 2.0
4106 364500 2.0
4107 364584 2.0
4108 364656 2.0
4109 364732 2.0
4110 364810 2.0
4111 364871 2.0
4112 364946 2.0
4113 365007 2.0
4114 365097 2.0
4115 365176 2.0
4116 365249 2.0
4117 365330 2.0
4118 365396 2.0
4119 365482 2.0
4120 365578 2.0
4121 365655 2.0
4122 365720 2.0
4123 365787 2.0
4124 365849 2.0
4125 365920 2.0
4126 365991 2.0
4127 366101 2.0
4128 366165 2.0
4129 366245 2.0
4130 366315 2.0
4131 366433 2.0
4132 366499 2.0
4133 366576 2.0
4134 366645 2.0
4135 366720 2.0
4136 366783 2.0
4137 366847 2.0
4138 366910 2.0
4139 366995 2.0
4140 367083 2.0
4141 367149 2.0
4142 367213 2.0
4143 367285 2.0
4144 367348 2.0
4145 367408 2.0
4146 367476 2.0
4147 367540 2.0
4148 367613 2.0
4149 367675 2.0
4150 367748 2.0
4151 367807 2.0
4152 367885 2.0
4153 367940 2.0
4154 367998 2.0
4155 368066 2.0
4156 368149 2.0
4157 368234 2.0
4158 368313 2.0
4159 368374 2.0
4160 368446 2.0
4161 368524 2.0
4162 368591 2.0
4163 368674 2.0
4164 368746 2.0
4165 368829 2.0
4166 368907 2.0
4167 368969 2.0
4168 369026 2.0
4169 369103 2.0
4170 369173 2.0
4171 369256 2.0
4172 369341 2.0
4173 369408 2.0
4174 369500 2.0
4175 369567 2.0
4176 369660 2.0
4177 369724 2.0
4178 369814 2.0
4179 369889 2.0
4180 369955 2.0
4181 370028 2.0
4182 370095 2.0
4183 370178 2.0
4184 370259 2.0
4185 370325 2.0
4186 370377 2.0
4187 370461 2.0
4188 370529 2.0
4189 370624 2.0
4190 370698 2.0
4191 370822 2.0
4192 370886 2.0
4193 370969 2.0
4194 371041 2.0
4195 371111 2.0
4196 371209 2.0
4197 371287 2.0
4198 371361 2.0
4199 371421 2.0
4200 371491 2.0
4201 371644 2.0
4202 371760 2.0
4203 371846 2.0
4204 371936 2.0
4205 372033 2.0
4206 372130 2.0
4207 372236 2.0
4208 372300 2.0
4209 372376 2.0
4210 372453 2.0
4211 372522 2.0
4212 372607 2.0
4213 372663 2.0
4214 372737 2.0
4215 372806 2.0
4216 372871 2.0
4217 372940 2.0
4218 373031 2.0
4219 373101 2.0
4220 373174 2.0
4221 373254 2.0
4222 373333 2.0
4223 373400 2.0
4224 373483 2.0
4225 373550 2.0
4226 373628 2.0
4227 373702 2.0
4228 373774 2.0
4229 373849 2.0
4230 373921 2.0
4231 373990 2.0
4232 374053 2.0
4233 374150 2.0
4234 374214 2.0
4235 374273 2.0
4236 374368 2.0
4237 374437 2.0
4238 374513 2.0
4239 374574 2.0
4240 374685 2.0
4241 374747 2.0
4242 374813 2.0
4243 374886 2.0
4244 374952 2.0
4245 375012 2.0
4246 375123 2.0
4247 375207 2.0
4248 375302 2.0
4249 375373 2.0
4250 375557 2.0
4251 375628 2.0
4252 375705 2.0
4253 375760 2.0
4254 375834 2.0
4255 375901 2.0
4256 375975 2.0
4257 376045 2.0
4258 376117 2.0
4259 376184 2.0
4260 376253 2.0
4261 376331 2.0
4262 376398 2.0
4263 376467 2.0
4264 376539 2.0
4265 376611 2.0
4266 376668 2.0
4267 376740 2.0
4268 376810 2.0
4269 376884 2.0
4270 376957 2.0
4271 377017 2.0
4272 377073 2.0
4273 377138 2.0
4274 377215 2.0
4275 377287 2.0
4276 377370 2.0
4277 377447 2.0
4278 377509 2.0
4279 377588 2.0
4280 377664 2.0
4281 377738 2.0
4282 377811 2.0
4283 377878 2.0
4284 377934 2.0
4285 378018 2.0
4286 378097 2.0
4287 378168 2.0
4288 378235 2.0
4289 378329 2.0
4290 378388 2.0
4291 378449 2.0
4292 378536 2.0
4293 378641 2.0
4294 378696 2.0
4295 378759 2.0
4296 378854 2.0
4297 378923 2.0
4298 378993 2.0
4299 379057 2.0
4300 379148 2.0
4301 379248 2.0
4302 379321 2.0
4303 379376 2.0
4304 379464 2.0
4305 379541 2.0
4306 379613 2.0
4307 379685 2.0
4308 379768 2.0
4309 379856 2.0
4310 379929 2.0
4311 380087 2.0
4312 380147 2.0
4313 380241 2.0
4314 380361 2.0
4315 380453 2.0
4316 380539 2.0
4317 380599 2.0
4318 380661 2.0
4319 380752 2.0
4320 380819 2.0
4321 380905 2.0
4322 380992 2.0
4323 381065 2.0
4324 381231 2.0
4325 381312 2.0
4326 381382 2.0
4327 381452 2.0
4328 381547 2.0
4329 381615 2.0
4330 381679 2.0
4331 381746 2.0
4332 381811 2.0
4333 381895 2.0
4334 381967 2.0
4335 382036 2.0
4336 382121 2.0
4337 382210 2.0
4338 382273 2.0
4339 382340 2.0
4340 382415 2.0
4341 382484 2.0
4342 382553 2.0
4343 382634 2.0
4344 382699 2.0
4345 382763 2.0
4346 382823 2.0
4347 382897 2.0
4348 383012 2.0
4349 383111 2.0
4350 383169 2.0
4351 383237 2.0
4352 383330 2.0
4353 383397 2.0
4354 383475 2.0
4355 383539 2.0
4356 383611 2.0
4357 383673 2.0
4358 383753 2.0
4359 383829 2.0
4360 383916 2.0
4361 384024 2.0
4362 384092 2.0
4363 384199 2.0
4364 384271 2.0
4365 384335 2.0
4366 384393 2.0
4367 384468 2.0
4368 384540 2.0
4369 384612 2.0
4370 384671 2.0
4371 384773 2.0
4372 384845 2.0
4373 384917 2.0
4374 384996 2.0
4375 385069 2.0
4376 385204 2.0
4377 385271 2.0
4378 385327 2.0
4379 385400 2.0
4380 385481 2.0
4381 385545 2.0
4382 385633 2.0
4383 385693 2.0
4384 385800 2.0
4385 385895 2.0
4386 385957 2.0
4387 386031 2.0
4388 386089 2.0
4389 386167 2.0
4390 386234 2.0
4391 386316 2.0
4392 386393 2.0
4393 386485 2.0
4394 386548 2.0
4395 386647 2.0
4396 386719 2.0
4397 386781 2.0
4398 386849 2.0
4399 386929 2.0
4400 387001 2.0
4401 387067 2.0
4402 387153 2.0
4403 387226 2.0
4404 387318 2.0
4405 387487 2.0
4406 387557 2.0
4407 387630 2.0
4408 387817 2.0
4409 387889 2.0
4410 388021 2.0
4411 388092 2.0
4412 388171 2.0
4413 388263 2.0
4414 388377 2.0
4415 388440 2.0
4416 388508 2.0
4417 388582 2.0
4418 388651 2.0
4419 388717 2.0
4420 388801 2.0
4421 388872 2.0
4422 388945 2.0
4423 389027 2.0
4424 389086 2.0
4425 389146 2.0
4426 389217 2.0
4427 389354 2.0
4428 389434 2.0
4429 389502 2.0
4430 389590 2.0
4431 389663 2.0
4432 389720 2.0
4433 389790 2.0
4434 389868 2.0
4435 389955 2.0
4436 390037 2.0
4437 390100 2.0
4438 390159 2.0
4439 390229 2.0
4440 390305 2.0
4441 390377 2.0
4442 390455 2.0
4443 390525 2.0
4444 390603 2.0
4445 390692 2.0
4446 390770 2.0
4447 390835 2.0
4448 390894 2.0
4449 390970 2.0
4450 391043 2.0
4451 391159 2.0
4452 391225 2.0
4453 391297 2.0
4454 391376 2.0
4455 391467 2.0
4456 391553 2.0
4457 391619 2.0
4458 391686 2.0
4459 391749 2.0
4460 391820 2.0
4461 391898 2.0
4462 392019 2.0
4463 392087 2.0
4464 392163 2.0
4465 392235 2.0
4466 392331 2.0
4467 392416 2.0
4468 392484 2.0
4469 392562 2.0
