1 300 0.9900000000000002
2 600 1.01
3 900 1.03
4 1200 1.05
5 1500 1.07
6 1800 1.09
7 2100 1.11
8 2400 1.1300000000000001
9 2700 1.1500000000000001
10 3000 1.1700000000000002
11 3300 1.1900000000000002
12 3600 1.2100000000000002
13 3900 1.2300000000000002
14 4200 1.2500000000000002
15 4500 1.2700000000000002
16 4800 1.2900000000000003
17 5100 1.3100000000000003
18 5400 1.33
19 5700 1.35
20 6000 1.37
21 6300 1.3900000000000001
22 6600 1.4100000000000001
23 6900 1.4300000000000002
24 7200 1.4500000000000002
25 7500 1.4700000000000002
26 7800 1.4900000000000002
27 8100 1.5100000000000002
28 8400 1.5300000000000002
29 8655 1.54
30 8955 1.54
31 9255 1.56
32 9555 1.5700000000000003
33 9855 1.59
34 10128 1.6
35 10426 1.6
36 10726 1.6
37 11026 1.62
38 11277 1.6400000000000001
39 11577 1.6400000000000001
40 11877 1.6600000000000001
41 12127 1.6800000000000002
42 12427 1.6800000000000002
43 12727 1.7000000000000002
44 13027 1.7200000000000002
45 13295 1.7300000000000002
46 13595 1.7300000000000002
47 13895 1.7500000000000002
48 14195 1.7700000000000002
49 14442 1.7900000000000003
50 14742 1.7900000000000003
51 15042 1.8000000000000003
52 15342 1.8100000000000003
53 15575 1.8100000000000003
54 15764 1.8100000000000003
55 16064 1.8100000000000003
56 16364 1.8300000000000003
57 16664 1.8500000000000003
58 16964 1.8700000000000003
59 17253 1.8800000000000003
60 17553 1.8800000000000003
61 17853 1.9000000000000004
62 18153 1.9100000000000004
63 18453 1.9200000000000004
64 18610 1.9300000000000004
65 18910 1.9300000000000004
66 19159 1.9400000000000004
67 19396 1.9400000000000004
68 19611 1.9400000000000004
69 19844 1.9400000000000004
70 20144 1.9400000000000004
71 20366 1.9500000000000004
72 20618 1.9500000000000004
73 20851 1.9500000000000004
74 21151 1.9500000000000004
75 21451 1.9700000000000002
76 21556 1.9900000000000002
77 21856 1.9900000000000002
78 22149 2.0
79 22313 2.0
80 22598 2.0
81 22810 2.0
82 23074 2.0
83 23199 2.0
84 23405 2.0
85 23543 2.0
86 23786 2.0
87 23879 2.0
88 24095 2.0
89 24290 2.0
90 24454 2.0
91 24661 2.0
92 24804 2.0
93 25005 2.0
94 25177 2.0
95 25311 2.0
96 25493 2.0
97 25621 2.0
98 25827 2.0
99 25991 2.0
100 26126 2.0
101 26244 2.0
102 26382 2.0
103 26513 2.0
104 26729 2.0
105 26914 2.0
106 27007 2.0
107 27139 2.0
108 27256 2.0
109 27349 2.0
110 27462 2.0
111 27596 2.0
112 27732 2.0
113 27900 2.0
114 28018 2.0
115 28173 2.0
116 28409 2.0
117 28510 2.0
118 28664 2.0
119 28799 2.0
120 28981 2.0
121 29073 2.0
122 29167 2.0
123 29293 2.0
124 29385 2.0
125 29555 2.0
126 29632 2.0
127 29741 2.0
128 29912 2.0
129 30019 2.0
130 30093 2.0
131 30220 2.0
132 30323 2.0
133 30447 2.0
134 30666 2.0
135 30881 2.0
136 30992 2.0
137 31067 2.0
138 31180 2.0
139 31269 2.0
140 31351 2.0
141 31456 2.0
142 31563 2.0
143 31671 2.0
144 31784 2.0
145 31899 2.0
146 31999 2.0
147 32091 2.0
148 32178 2.0
149 32246 2.0
150 32394 2.0
151 32504 2.0
152 32665 2.0
153 32777 2.0
154 32933 2.0
155 33126 2.0
156 33257 2.0
157 33326 2.0
158 33451 2.0
159 33571 2.0
160 33678 2.0
161 33820 2.0
162 33949 2.0
163 34131 2.0
164 34215 2.0
165 34309 2.0
166 34430 2.0
167 34522 2.0
168 34645 2.0
169 34749 2.0
170 34860 2.0
171 34988 2.0
172 35097 2.0
173 35209 2.0
174 35360 2.0
175 35428 2.0
176 35512 2.0
177 35656 2.0
178 35775 2.0
179 35849 2.0
180 35907 2.0
181 36000 2.0
182 36133 2.0
183 36218 2.0
184 36372 2.0
185 36440 2.0
186 36583 2.0
187 36659 2.0
188 36794 2.0
189 36899 2.0
190 37038 2.0
191 37149 2.0
192 37246 2.0
193 37415 2.0
194 37497 2.0
195 37608 2.0
196 37739 2.0
197 37865 2.0
198 37976 2.0
199 38106 2.0
200 38205 2.0
201 38322 2.0
202 38469 2.0
203 38557 2.0
204 38639 2.0
205 38739 2.0
206 38858 2.0
207 38981 2.0
208 39051 2.0
209 39196 2.0
210 39280 2.0
211 39466 2.0
212 39583 2.0
213 39708 2.0
214 39852 2.0
215 40038 2.0
216 40149 2.0
217 40398 2.0
218 40521 2.0
219 40643 2.0
220 40716 2.0
221 40826 2.0
222 41024 2.0
223 41102 2.0
224 41259 2.0
225 41359 2.0
226 41447 2.0
227 41537 2.0
228 41653 2.0
229 41754 2.0
230 41879 2.0
231 41977 2.0
232 42068 2.0
233 42174 2.0
234 42370 2.0
235 42464 2.0
236 42552 2.0
237 42635 2.0
238 42735 2.0
239 42872 2.0
240 42949 2.0
241 43033 2.0
242 43104 2.0
243 43173 2.0
244 43305 2.0
245 43408 2.0
246 43482 2.0
247 43590 2.0
248 43761 2.0
249 43862 2.0
250 43936 2.0
251 44058 2.0
252 44126 2.0
253 44213 2.0
254 44289 2.0
255 44410 2.0
256 44523 2.0
257 44615 2.0
258 44731 2.0
259 44823 2.0
260 45021 2.0
261 45122 2.0
262 45197 2.0
263 45276 2.0
264 45351 2.0
265 45452 2.0
266 45514 2.0
267 45610 2.0
268 45720 2.0
269 45814 2.0
270 45940 2.0
271 46167 2.0
272 46281 2.0
273 46403 2.0
274 46536 2.0
275 46644 2.0
276 46753 2.0
277 46904 2.0
278 47009 2.0
279 47124 2.0
280 47206 2.0
281 47332 2.0
282 47409 2.0
283 47516 2.0
284 47574 2.0
285 47657 2.0
286 47745 2.0
287 47845 2.0
288 47946 2.0
289 48045 2.0
290 48170 2.0
291 48227 2.0
292 48464 2.0
293 48639 2.0
294 48724 2.0
295 48836 2.0
296 48898 2.0
297 48992 2.0
298 49114 2.0
299 49284 2.0
300 49485 2.0
301 49617 2.0
302 49768 2.0
303 49874 2.0
304 50004 2.0
305 50134 2.0
306 50241 2.0
307 50311 2.0
308 50439 2.0
309 50499 2.0
310 50575 2.0
311 50675 2.0
312 50743 2.0
313 50822 2.0
314 50957 2.0
315 51045 2.0
316 51185 2.0
317 51256 2.0
318 51420 2.0
319 51566 2.0
320 51708 2.0
321 51852 2.0
322 51943 2.0
323 52062 2.0
324 52139 2.0
325 52208 2.0
326 52297 2.0
327 52382 2.0
328 52465 2.0
329 52561 2.0
330 52652 2.0
331 52769 2.0
332 52831 2.0
333 53005 2.0
334 53078 2.0
335 53173 2.0
336 53286 2.0
337 53394 2.0
338 53482 2.0
339 53577 2.0
340 53663 2.0
341 53758 2.0
342 53835 2.0
343 53927 2.0
344 54003 2.0
345 54092 2.0
346 54174 2.0
347 54239 2.0
348 54318 2.0
349 54428 2.0
350 54530 2.0
351 54613 2.0
352 54759 2.0
353 54828 2.0
354 54896 2.0
355 54974 2.0
356 55043 2.0
357 55124 2.0
358 55205 2.0
359 55330 2.0
360 55405 2.0
361 55523 2.0
362 55622 2.0
363 55731 2.0
364 55843 2.0
365 55937 2.0
366 56011 2.0
367 56229 2.0
368 56391 2.0
369 56474 2.0
370 56590 2.0
371 56737 2.0
372 56808 2.0
373 56922 2.0
374 57023 2.0
375 57137 2.0
376 57216 2.0
377 57320 2.0
378 57453 2.0
379 57518 2.0
380 57607 2.0
381 57696 2.0
382 57773 2.0
383 57859 2.0
384 57920 2.0
385 58052 2.0
386 58136 2.0
387 58233 2.0
388 58339 2.0
389 58404 2.0
390 58521 2.0
391 58716 2.0
392 58777 2.0
393 58867 2.0
394 59007 2.0
395 59093 2.0
396 59208 2.0
397 59311 2.0
398 59397 2.0
399 59491 2.0
400 59574 2.0
401 59629 2.0
402 59853 2.0
403 59916 2.0
404 60021 2.0
405 60152 2.0
406 60249 2.0
407 60352 2.0
408 60420 2.0
409 60553 2.0
410 60651 2.0
411 60730 2.0
412 60790 2.0
413 60908 2.0
414 61006 2.0
415 61084 2.0
416 61180 2.0
417 61267 2.0
418 61337 2.0
419 61465 2.0
420 61585 2.0
421 61687 2.0
422 61836 2.0
423 61941 2.0
424 62024 2.0
425 62168 2.0
426 62229 2.0
427 62308 2.0
428 62391 2.0
429 62490 2.0
430 62614 2.0
431 62731 2.0
432 62834 2.0
433 62892 2.0
434 63011 2.0
435 63125 2.0
436 63217 2.0
437 63293 2.0
438 63379 2.0
439 63479 2.0
440 63618 2.0
441 63699 2.0
442 63773 2.0
443 63839 2.0
444 63972 2.0
445 64061 2.0
446 64139 2.0
447 64244 2.0
448 64355 2.0
449 64448 2.0
450 64553 2.0
451 64669 2.0
452 64769 2.0
453 64919 2.0
454 65070 2.0
455 65124 2.0
456 65185 2.0
457 65261 2.0
458 65328 2.0
459 65421 2.0
460 65484 2.0
461 65560 2.0
462 65632 2.0
463 65776 2.0
464 65858 2.0
465 65928 2.0
466 66027 2.0
467 66097 2.0
468 66185 2.0
469 66266 2.0
470 66385 2.0
471 66546 2.0
472 66649 2.0
473 66745 2.0
474 66880 2.0
475 66976 2.0
476 67048 2.0
477 67129 2.0
478 67201 2.0
479 67274 2.0
480 67370 2.0
481 67515 2.0
482 67595 2.0
483 67718 2.0
484 67811 2.0
485 67884 2.0
486 67971 2.0
487 68044 2.0
488 68131 2.0
489 68230 2.0
490 68314 2.0
491 68389 2.0
492 68468 2.0
493 68564 2.0
494 68657 2.0
495 68722 2.0
496 68827 2.0
497 68908 2.0
498 69014 2.0
499 69217 2.0
500 69298 2.0
501 69369 2.0
502 69524 2.0
503 69609 2.0
504 69691 2.0
505 69776 2.0
506 69897 2.0
507 69966 2.0
508 70042 2.0
509 70136 2.0
510 70220 2.0
511 70309 2.0
512 70440 2.0
513 70518 2.0
514 70610 2.0
515 70713 2.0
516 70818 2.0
517 70966 2.0
518 71038 2.0
519 71161 2.0
520 71268 2.0
521 71356 2.0
522 71462 2.0
523 71537 2.0
524 71621 2.0
525 71696 2.0
526 71774 2.0
527 71847 2.0
528 71949 2.0
529 72027 2.0
530 72098 2.0
531 72160 2.0
532 72242 2.0
533 72346 2.0
534 72461 2.0
535 72545 2.0
536 72702 2.0
537 72793 2.0
538 72924 2.0
539 73010 2.0
540 73090 2.0
541 73182 2.0
542 73260 2.0
543 73489 2.0
544 73573 2.0
545 73716 2.0
546 73809 2.0
547 73875 2.0
548 73957 2.0
549 74085 2.0
550 74199 2.0
551 74304 2.0
552 74395 2.0
553 74475 2.0
554 74560 2.0
555 74647 2.0
556 74728 2.0
557 74807 2.0
558 74870 2.0
559 74944 2.0
560 75018 2.0
561 75097 2.0
562 75228 2.0
563 75301 2.0
564 75379 2.0
565 75481 2.0
566 75569 2.0
567 75739 2.0
568 75828 2.0
569 75895 2.0
570 75962 2.0
571 76049 2.0
572 76128 2.0
573 76195 2.0
574 76279 2.0
575 76376 2.0
576 76459 2.0
577 76557 2.0
578 76674 2.0
579 76753 2.0
580 76829 2.0
581 76919 2.0
582 77054 2.0
583 77129 2.0
584 77221 2.0
585 77384 2.0
586 77499 2.0
587 77592 2.0
588 77657 2.0
589 77762 2.0
590 77845 2.0
591 77924 2.0
592 78062 2.0
593 78134 2.0
594 78236 2.0
595 78364 2.0
596 78430 2.0
597 78543 2.0
598 78628 2.0
599 78694 2.0
600 78785 2.0
601 78956 2.0
602 79058 2.0
603 79164 2.0
604 79257 2.0
605 79351 2.0
606 79456 2.0
607 79544 2.0
608 79609 2.0
609 79688 2.0
610 79794 2.0
611 79859 2.0
612 79962 2.0
613 80054 2.0
614 80164 2.0
615 80237 2.0
616 80331 2.0
617 80408 2.0
618 80489 2.0
619 80559 2.0
620 80633 2.0
621 80730 2.0
622 80806 2.0
623 80882 2.0
624 80979 2.0
625 81052 2.0
626 81144 2.0
627 81237 2.0
628 81314 2.0
629 81410 2.0
630 81525 2.0
631 81589 2.0
632 81682 2.0
633 81743 2.0
634 81826 2.0
635 81902 2.0
636 81987 2.0
637 82062 2.0
638 82132 2.0
639 82284 2.0
640 82440 2.0
641 82599 2.0
642 82697 2.0
643 82829 2.0
644 82922 2.0
645 82990 2.0
646 83136 2.0
647 83215 2.0
648 83305 2.0
649 83480 2.0
650 83559 2.0
651 83700 2.0
652 83783 2.0
653 83888 2.0
654 83967 2.0
655 84040 2.0
656 84147 2.0
657 84235 2.0
658 84323 2.0
659 84417 2.0
660 84520 2.0
661 84611 2.0
662 84706 2.0
663 84797 2.0
664 84885 2.0
665 84989 2.0
666 85058 2.0
667 85126 2.0
668 85214 2.0
669 85320 2.0
670 85389 2.0
671 85451 2.0
672 85540 2.0
673 85622 2.0
674 85752 2.0
675 85865 2.0
676 85943 2.0
677 86006 2.0
678 86081 2.0
679 86174 2.0
680 86309 2.0
681 86370 2.0
682 86443 2.0
683 86533 2.0
684 86620 2.0
685 86700 2.0
686 86861 2.0
687 86936 2.0
688 87002 2.0
689 87077 2.0
690 87152 2.0
691 87322 2.0
692 87415 2.0
693 87488 2.0
694 87554 2.0
695 87641 2.0
696 87773 2.0
697 87853 2.0
698 87929 2.0
699 87981 2.0
700 88059 2.0
701 88171 2.0
702 88308 2.0
703 88380 2.0
704 88555 2.0
705 88632 2.0
706 88722 2.0
707 88832 2.0
708 88954 2.0
709 89042 2.0
710 89164 2.0
711 89225 2.0
712 89296 2.0
713 89385 2.0
714 89461 2.0
715 89545 2.0
716 89632 2.0
717 89721 2.0
718 89898 2.0
719 89964 2.0
720 90066 2.0
721 90139 2.0
722 90246 2.0
723 90321 2.0
724 90434 2.0
725 90520 2.0
726 90597 2.0
727 90676 2.0
728 90747 2.0
729 90813 2.0
730 90887 2.0
731 90959 2.0
732 91030 2.0
733 91118 2.0
734 91270 2.0
735 91423 2.0
736 91509 2.0
737 91585 2.0
738 91672 2.0
739 91750 2.0
740 91969 2.0
741 92035 2.0
742 92130 2.0
743 92232 2.0
744 92343 2.0
745 92405 2.0
746 92480 2.0
747 92593 2.0
748 92675 2.0
749 92756 2.0
750 92852 2.0
751 92942 2.0
752 93076 2.0
753 93164 2.0
754 93240 2.0
755 93334 2.0
756 93397 2.0
757 93564 2.0
758 93644 2.0
759 93720 2.0
760 93798 2.0
761 93919 2.0
762 94028 2.0
763 94134 2.0
764 94201 2.0
765 94285 2.0
766 94361 2.0
767 94496 2.0
768 94590 2.0
769 94700 2.0
770 94770 2.0
771 94872 2.0
772 95026 2.0
773 95127 2.0
774 95196 2.0
775 95273 2.0
776 95374 2.0
777 95461 2.0
778 95557 2.0
779 95630 2.0
780 95730 2.0
781 95800 2.0
782 95880 2.0
783 95955 2.0
784 96025 2.0
785 96108 2.0
786 96206 2.0
787 96286 2.0
788 96373 2.0
789 96444 2.0
790 96529 2.0
791 96625 2.0
792 96711 2.0
793 96803 2.0
794 96902 2.0
795 96997 2.0
796 97052 2.0
797 97133 2.0
798 97207 2.0
799 97291 2.0
800 97422 2.0
801 97492 2.0
802 97593 2.0
803 97733 2.0
804 97817 2.0
805 97914 2.0
806 97978 2.0
807 98079 2.0
808 98159 2.0
809 98258 2.0
810 98338 2.0
811 98452 2.0
812 98517 2.0
813 98583 2.0
814 98681 2.0
815 98748 2.0
816 98824 2.0
817 98903 2.0
818 99000 2.0
819 99062 2.0
820 99133 2.0
821 99190 2.0
822 99384 2.0
823 99468 2.0
824 99536 2.0
825 99606 2.0
826 99682 2.0
827 99763 2.0
828 99827 2.0
829 99923 2.0
830 100003 2.0
831 100076 2.0
832 100134 2.0
833 100222 2.0
834 100319 2.0
835 100382 2.0
836 100447 2.0
837 100534 2.0
838 100627 2.0
839 100699 2.0
840 100776 2.0
841 100847 2.0
842 100918 2.0
843 101021 2.0
844 101104 2.0
845 101186 2.0
846 101293 2.0
847 101372 2.0
848 101490 2.0
849 101563 2.0
850 101668 2.0
851 101747 2.0
852 101852 2.0
853 101953 2.0
854 102070 2.0
855 102145 2.0
856 102243 2.0
857 102321 2.0
858 102419 2.0
859 102494 2.0
860 102576 2.0
861 102667 2.0
862 102829 2.0
863 102936 2.0
864 103012 2.0
865 103112 2.0
866 103180 2.0
867 103243 2.0
868 103319 2.0
869 103394 2.0
870 103488 2.0
871 103565 2.0
872 103759 2.0
873 103821 2.0
874 103898 2.0
875 103963 2.0
876 104052 2.0
877 104160 2.0
878 104246 2.0
879 104322 2.0
880 104402 2.0
881 104464 2.0
882 104538 2.0
883 104654 2.0
884 104751 2.0
885 104879 2.0
886 104988 2.0
887 105088 2.0
888 105188 2.0
889 105282 2.0
890 105359 2.0
891 105442 2.0
892 105578 2.0
893 105656 2.0
894 105728 2.0
895 105788 2.0
896 105854 2.0
897 105943 2.0
898 106022 2.0
899 106127 2.0
900 106187 2.0
901 106248 2.0
902 106326 2.0
903 106403 2.0
904 106471 2.0
905 106528 2.0
906 106602 2.0
907 106710 2.0
908 106881 2.0
909 106974 2.0
910 107060 2.0
911 107175 2.0
912 107250 2.0
913 107320 2.0
914 107385 2.0
915 107495 2.0
916 107565 2.0
917 107656 2.0
918 107751 2.0
919 107820 2.0
920 108008 2.0
921 108127 2.0
922 108198 2.0
923 108325 2.0
924 108401 2.0
925 108518 2.0
926 108633 2.0
927 108806 2.0
928 108917 2.0
929 109072 2.0
930 109152 2.0
931 109245 2.0
932 109328 2.0
933 109395 2.0
934 109499 2.0
935 109604 2.0
936 109697 2.0
937 109783 2.0
938 109884 2.0
939 109942 2.0
940 110001 2.0
941 110073 2.0
942 110154 2.0
943 110299 2.0
944 110396 2.0
945 110497 2.0
946 110622 2.0
947 110689 2.0
948 110772 2.0
949 110845 2.0
950 110918 2.0
951 110979 2.0
952 111067 2.0
953 111153 2.0
954 111241 2.0
955 111338 2.0
956 111422 2.0
957 111504 2.0
958 111574 2.0
959 111651 2.0
960 111726 2.0
961 111783 2.0
962 111949 2.0
963 112052 2.0
964 112123 2.0
965 112195 2.0
966 112343 2.0
967 112416 2.0
968 112481 2.0
969 112544 2.0
970 112606 2.0
971 112679 2.0
972 112772 2.0
973 112849 2.0
974 112935 2.0
975 113010 2.0
976 113109 2.0
977 113189 2.0
978 113270 2.0
979 113358 2.0
980 113431 2.0
981 113543 2.0
982 113630 2.0
983 113711 2.0
984 113788 2.0
985 113858 2.0
986 113969 2.0
987 114060 2.0
988 114130 2.0
989 114194 2.0
990 114264 2.0
991 114354 2.0
992 114410 2.0
993 114525 2.0
994 114629 2.0
995 114684 2.0
996 114787 2.0
997 114848 2.0
998 114927 2.0
999 115011 2.0
1000 115081 2.0
1001 115148 2.0
1002 115216 2.0
1003 115318 2.0
1004 115383 2.0
1005 115448 2.0
1006 115514 2.0
1007 115573 2.0
1008 115637 2.0
1009 115729 2.0
1010 115795 2.0
1011 115865 2.0
1012 115929 2.0
1013 116039 2.0
1014 116114 2.0
1015 116182 2.0
1016 116276 2.0
1017 116343 2.0
1018 116418 2.0
1019 116485 2.0
1020 116544 2.0
1021 116623 2.0
1022 116694 2.0
1023 116777 2.0
1024 116842 2.0
1025 116921 2.0
1026 117023 2.0
1027 117113 2.0
1028 117193 2.0
1029 117288 2.0
1030 117373 2.0
1031 117464 2.0
1032 117539 2.0
1033 117599 2.0
1034 117713 2.0
1035 117809 2.0
1036 117894 2.0
1037 117964 2.0
1038 118036 2.0
1039 118095 2.0
1040 118166 2.0
1041 118250 2.0
1042 118324 2.0
1043 118393 2.0
1044 118472 2.0
1045 118608 2.0
1046 118697 2.0
1047 118782 2.0
1048 118893 2.0
1049 118965 2.0
1050 119085 2.0
1051 119143 2.0
1052 119211 2.0
1053 119305 2.0
1054 119381 2.0
1055 119454 2.0
1056 119537 2.0
1057 119637 2.0
1058 119731 2.0
1059 119904 2.0
1060 119996 2.0
1061 120085 2.0
1062 120162 2.0
1063 120324 2.0
1064 120392 2.0
1065 120456 2.0
1066 120536 2.0
1067 120599 2.0
1068 120673 2.0
1069 120867 2.0
1070 120955 2.0
1071 121032 2.0
1072 121103 2.0
1073 121217 2.0
1074 121270 2.0
1075 121362 2.0
1076 121423 2.0
1077 121544 2.0
1078 121615 2.0
1079 121727 2.0
1080 121861 2.0
1081 121996 2.0
1082 122063 2.0
1083 122138 2.0
1084 122207 2.0
1085 122288 2.0
1086 122353 2.0
1087 122457 2.0
1088 122547 2.0
1089 122722 2.0
1090 122797 2.0
1091 122916 2.0
1092 123048 2.0
1093 123153 2.0
1094 123228 2.0
1095 123304 2.0
1096 123385 2.0
1097 123459 2.0
1098 123593 2.0
1099 123700 2.0
1100 123772 2.0
1101 123885 2.0
1102 123986 2.0
1103 124065 2.0
1104 124176 2.0
1105 124242 2.0
1106 124309 2.0
1107 124382 2.0
1108 124482 2.0
1109 124546 2.0
1110 124610 2.0
1111 124679 2.0
1112 124743 2.0
1113 124943 2.0
1114 125003 2.0
1115 125082 2.0
1116 125155 2.0
1117 125237 2.0
1118 125323 2.0
1119 125416 2.0
1120 125498 2.0
1121 125570 2.0
1122 125692 2.0
1123 125777 2.0
1124 125865 2.0
1125 125947 2.0
1126 126049 2.0
1127 126113 2.0
1128 126217 2.0
1129 126303 2.0
1130 126397 2.0
1131 126465 2.0
1132 126536 2.0
1133 126653 2.0
1134 126722 2.0
1135 126803 2.0
1136 126890 2.0
1137 126961 2.0
1138 127035 2.0
1139 127096 2.0
1140 127170 2.0
1141 127244 2.0
1142 127316 2.0
1143 127511 2.0
1144 127577 2.0
1145 127681 2.0
1146 127754 2.0
1147 127823 2.0
1148 127926 2.0
1149 128014 2.0
1150 128100 2.0
1151 128169 2.0
1152 128244 2.0
1153 128412 2.0
1154 128491 2.0
1155 128578 2.0
1156 128661 2.0
1157 128760 2.0
1158 128861 2.0
1159 128937 2.0
1160 129040 2.0
1161 129101 2.0
1162 129178 2.0
1163 129264 2.0
1164 129346 2.0
1165 129409 2.0
1166 129473 2.0
1167 129637 2.0
1168 129732 2.0
1169 129822 2.0
1170 129923 2.0
1171 130005 2.0
1172 130065 2.0
1173 130142 2.0
1174 130214 2.0
1175 130279 2.0
1176 130335 2.0
1177 130436 2.0
1178 130509 2.0
1179 130599 2.0
1180 130694 2.0
1181 130777 2.0
1182 130886 2.0
1183 130970 2.0
1184 131059 2.0
1185 131142 2.0
1186 131244 2.0
1187 131325 2.0
1188 131419 2.0
1189 131475 2.0
1190 131632 2.0
1191 131731 2.0
1192 131793 2.0
1193 131859 2.0
1194 132002 2.0
1195 132132 2.0
1196 132202 2.0
1197 132269 2.0
1198 132353 2.0
1199 132445 2.0
1200 132537 2.0
1201 132622 2.0
1202 132705 2.0
1203 132775 2.0
1204 132846 2.0
1205 132931 2.0
1206 133151 2.0
1207 133216 2.0
1208 133283 2.0
1209 133376 2.0
1210 133458 2.0
1211 133535 2.0
1212 133594 2.0
1213 133687 2.0
1214 133784 2.0
1215 133901 2.0
1216 133975 2.0
1217 134061 2.0
1218 134136 2.0
1219 134258 2.0
1220 134329 2.0
1221 134393 2.0
1222 134471 2.0
1223 134547 2.0
1224 134628 2.0
1225 134692 2.0
1226 134763 2.0
1227 134844 2.0
1228 134948 2.0
1229 135011 2.0
1230 135077 2.0
1231 135254 2.0
1232 135336 2.0
1233 135400 2.0
1234 135466 2.0
1235 135526 2.0
1236 135606 2.0
1237 135677 2.0
1238 135780 2.0
1239 135845 2.0
1240 135949 2.0
1241 136037 2.0
1242 136104 2.0
1243 136226 2.0
1244 136304 2.0
1245 136378 2.0
1246 136457 2.0
1247 136556 2.0
1248 136640 2.0
1249 136723 2.0
1250 136804 2.0
1251 136906 2.0
1252 137015 2.0
1253 137091 2.0
1254 137170 2.0
1255 137284 2.0
1256 137388 2.0
1257 137454 2.0
1258 137540 2.0
1259 137598 2.0
1260 137675 2.0
1261 137743 2.0
1262 137813 2.0
1263 137934 2.0
1264 138042 2.0
1265 138109 2.0
1266 138221 2.0
1267 138295 2.0
1268 138358 2.0
1269 138423 2.0
1270 138522 2.0
1271 138594 2.0
1272 138714 2.0
1273 138807 2.0
1274 138891 2.0
1275 138956 2.0
1276 139059 2.0
1277 139157 2.0
1278 139238 2.0
1279 139318 2.0
1280 139386 2.0
1281 139481 2.0
1282 139575 2.0
1283 139671 2.0
1284 139751 2.0
1285 139811 2.0
1286 139886 2.0
1287 139963 2.0
1288 140032 2.0
1289 140116 2.0
1290 140168 2.0
1291 140244 2.0
1292 140364 2.0
1293 140472 2.0
1294 140549 2.0
1295 140630 2.0
1296 140721 2.0
1297 140809 2.0
1298 140899 2.0
1299 140979 2.0
1300 141077 2.0
1301 141182 2.0
1302 141263 2.0
1303 141324 2.0
1304 141380 2.0
1305 141454 2.0
1306 141539 2.0
1307 141673 2.0
1308 141735 2.0
1309 141810 2.0
1310 141885 2.0
1311 141968 2.0
1312 142039 2.0
1313 142109 2.0
1314 142187 2.0
1315 142255 2.0
1316 142318 2.0
1317 142387 2.0
1318 142464 2.0
1319 142523 2.0
1320 142597 2.0
1321 142658 2.0
1322 142730 2.0
1323 142803 2.0
1324 142933 2.0
1325 143055 2.0
1326 143140 2.0
1327 143249 2.0
1328 143320 2.0
1329 143387 2.0
1330 143455 2.0
1331 143539 2.0
1332 143606 2.0
1333 143678 2.0
1334 143757 2.0
1335 143841 2.0
1336 143906 2.0
1337 143966 2.0
1338 144029 2.0
1339 144088 2.0
1340 144181 2.0
1341 144271 2.0
1342 144346 2.0
1343 144454 2.0
1344 144574 2.0
1345 144681 2.0
1346 144737 2.0
1347 144796 2.0
1348 144861 2.0
1349 144935 2.0
1350 145006 2.0
1351 145060 2.0
1352 145137 2.0
1353 145242 2.0
1354 145325 2.0
1355 145383 2.0
1356 145520 2.0
1357 145587 2.0
1358 145674 2.0
1359 145745 2.0
1360 145812 2.0
1361 145883 2.0
1362 145979 2.0
1363 146075 2.0
1364 146214 2.0
1365 146291 2.0
1366 146360 2.0
1367 146466 2.0
1368 146522 2.0
1369 146597 2.0
1370 146677 2.0
1371 146758 2.0
1372 146821 2.0
1373 146922 2.0
1374 146997 2.0
1375 147070 2.0
1376 147130 2.0
1377 147198 2.0
1378 147277 2.0
1379 147334 2.0
1380 147427 2.0
1381 147522 2.0
1382 147578 2.0
1383 147660 2.0
1384 147785 2.0
1385 148001 2.0
1386 148104 2.0
1387 148194 2.0
1388 148274 2.0
1389 148354 2.0
1390 148449 2.0
1391 148544 2.0
1392 148607 2.0
1393 148678 2.0
1394 148742 2.0
1395 148834 2.0
1396 148909 2.0
1397 148988 2.0
1398 149091 2.0
1399 149152 2.0
1400 149256 2.0
1401 149383 2.0
1402 149443 2.0
1403 149543 2.0
1404 149635 2.0
1405 149701 2.0
1406 149773 2.0
1407 149868 2.0
1408 149938 2.0
1409 150019 2.0
1410 150127 2.0
1411 150198 2.0
1412 150374 2.0
1413 150463 2.0
1414 150565 2.0
1415 150652 2.0
1416 150737 2.0
1417 150819 2.0
1418 150895 2.0
1419 150983 2.0
1420 151055 2.0
1421 151129 2.0
1422 151200 2.0
1423 151278 2.0
1424 151357 2.0
1425 151461 2.0
1426 151553 2.0
1427 151626 2.0
1428 151726 2.0
1429 151806 2.0
1430 151868 2.0
1431 151938 2.0
1432 152014 2.0
1433 152145 2.0
1434 152217 2.0
1435 152279 2.0
1436 152335 2.0
1437 152413 2.0
1438 152489 2.0
1439 152552 2.0
1440 152701 2.0
1441 152791 2.0
1442 152879 2.0
1443 152964 2.0
1444 153037 2.0
1445 153101 2.0
1446 153176 2.0
1447 153246 2.0
1448 153312 2.0
1449 153395 2.0
1450 153474 2.0
1451 153601 2.0
1452 153708 2.0
1453 153781 2.0
1454 153895 2.0
1455 154037 2.0
1456 154135 2.0
1457 154204 2.0
1458 154283 2.0
1459 154364 2.0
1460 154439 2.0
1461 154525 2.0
1462 154604 2.0
1463 154709 2.0
1464 154782 2.0
1465 154852 2.0
1466 154930 2.0
1467 154998 2.0
1468 155055 2.0
1469 155120 2.0
1470 155258 2.0
1471 155336 2.0
1472 155447 2.0
1473 155530 2.0
1474 155595 2.0
1475 155686 2.0
1476 155758 2.0
1477 155832 2.0
1478 155896 2.0
1479 155994 2.0
1480 156062 2.0
1481 156141 2.0
1482 156203 2.0
1483 156289 2.0
1484 156400 2.0
1485 156478 2.0
1486 156583 2.0
1487 156659 2.0
1488 156760 2.0
1489 156842 2.0
1490 156903 2.0
1491 156969 2.0
1492 157042 2.0
1493 157111 2.0
1494 157181 2.0
1495 157260 2.0
1496 157344 2.0
1497 157430 2.0
1498 157494 2.0
1499 157590 2.0
1500 157655 2.0
1501 157751 2.0
1502 157908 2.0
1503 157994 2.0
1504 158105 2.0
1505 158173 2.0
1506 158256 2.0
1507 158423 2.0
1508 158499 2.0
1509 158572 2.0
1510 158632 2.0
1511 158699 2.0
1512 158816 2.0
1513 158898 2.0
1514 158968 2.0
1515 159030 2.0
1516 159163 2.0
1517 159249 2.0
1518 159322 2.0
1519 159447 2.0
1520 159520 2.0
1521 159580 2.0
1522 159660 2.0
1523 159739 2.0
1524 159854 2.0
1525 159923 2.0
1526 160001 2.0
1527 160094 2.0
1528 160163 2.0
1529 160269 2.0
1530 160401 2.0
1531 160488 2.0
1532 160551 2.0
1533 160627 2.0
1534 160697 2.0
1535 160785 2.0
1536 160853 2.0
1537 160940 2.0
1538 160998 2.0
1539 161065 2.0
1540 161144 2.0
1541 161234 2.0
1542 161302 2.0
1543 161391 2.0
1544 161469 2.0
1545 161550 2.0
1546 161638 2.0
1547 161720 2.0
1548 161818 2.0
1549 161909 2.0
1550 161967 2.0
1551 162031 2.0
1552 162115 2.0
1553 162195 2.0
1554 162274 2.0
1555 162398 2.0
1556 162478 2.0
1557 162550 2.0
1558 162629 2.0
1559 162677 2.0
1560 162808 2.0
1561 162986 2.0
1562 163052 2.0
1563 163125 2.0
1564 163190 2.0
1565 163267 2.0
1566 163347 2.0
1567 163466 2.0
1568 163534 2.0
1569 163620 2.0
1570 163680 2.0
1571 163856 2.0
1572 163916 2.0
1573 163986 2.0
1574 164056 2.0
1575 164167 2.0
1576 164250 2.0
1577 164341 2.0
1578 164402 2.0
1579 164455 2.0
1580 164518 2.0
1581 164578 2.0
1582 164666 2.0
1583 164755 2.0
1584 164834 2.0
1585 164889 2.0
1586 164953 2.0
1587 165018 2.0
1588 165096 2.0
1589 165162 2.0
1590 165230 2.0
1591 165287 2.0
1592 165347 2.0
1593 165429 2.0
1594 165510 2.0
1595 165590 2.0
1596 165690 2.0
1597 165744 2.0
1598 165815 2.0
1599 165941 2.0
1600 166023 2.0
1601 166158 2.0
1602 166239 2.0
1603 166318 2.0
1604 166392 2.0
1605 166482 2.0
1606 166548 2.0
1607 166616 2.0
1608 166695 2.0
1609 166764 2.0
1610 166824 2.0
1611 166896 2.0
1612 166977 2.0
1613 167044 2.0
1614 167135 2.0
1615 167276 2.0
1616 167380 2.0
1617 167455 2.0
1618 167532 2.0
1619 167618 2.0
1620 167683 2.0
1621 167762 2.0
1622 167842 2.0
1623 167921 2.0
1624 168015 2.0
1625 168117 2.0
1626 168179 2.0
1627 168252 2.0
1628 168318 2.0
1629 168396 2.0
1630 168509 2.0
1631 168575 2.0
1632 168646 2.0
1633 168731 2.0
1634 168794 2.0
1635 168859 2.0
1636 168934 2.0
1637 169002 2.0
1638 169064 2.0
1639 169136 2.0
1640 169220 2.0
1641 169295 2.0
1642 169464 2.0
1643 169550 2.0
1644 169654 2.0
1645 169762 2.0
1646 169865 2.0
1647 169934 2.0
1648 169993 2.0
1649 170073 2.0
1650 170149 2.0
1651 170229 2.0
1652 170295 2.0
1653 170371 2.0
1654 170451 2.0
1655 170548 2.0
1656 170613 2.0
1657 170692 2.0
1658 170796 2.0
1659 170962 2.0
1660 171038 2.0
1661 171123 2.0
1662 171209 2.0
1663 171297 2.0
1664 171428 2.0
1665 171518 2.0
1666 171597 2.0
1667 171669 2.0
1668 171757 2.0
1669 171824 2.0
1670 171887 2.0
1671 171943 2.0
1672 172007 2.0
1673 172114 2.0
1674 172177 2.0
1675 172315 2.0
1676 172399 2.0
1677 172481 2.0
1678 172548 2.0
1679 172623 2.0
1680 172696 2.0
1681 172787 2.0
1682 172882 2.0
1683 172961 2.0
1684 173025 2.0
1685 173087 2.0
1686 173197 2.0
1687 173299 2.0
1688 173417 2.0
1689 173502 2.0
1690 173580 2.0
1691 173698 2.0
1692 173790 2.0
1693 173863 2.0
1694 173931 2.0
1695 174012 2.0
1696 174100 2.0
1697 174170 2.0
1698 174361 2.0
1699 174477 2.0
1700 174549 2.0
1701 174642 2.0
1702 174703 2.0
1703 174759 2.0
1704 174849 2.0
1705 174920 2.0
1706 174995 2.0
1707 175060 2.0
1708 175136 2.0
1709 175208 2.0
1710 175326 2.0
1711 175433 2.0
1712 175493 2.0
1713 175547 2.0
1714 175655 2.0
1715 175718 2.0
1716 175781 2.0
1717 175862 2.0
1718 175949 2.0
1719 176033 2.0
1720 176127 2.0
1721 176199 2.0
1722 176278 2.0
1723 176398 2.0
1724 176455 2.0
1725 176524 2.0
1726 176610 2.0
1727 176690 2.0
1728 176773 2.0
1729 176847 2.0
1730 176926 2.0
1731 176993 2.0
1732 177062 2.0
1733 177141 2.0
1734 177221 2.0
1735 177307 2.0
1736 177387 2.0
1737 177477 2.0
1738 177556 2.0
1739 177644 2.0
1740 177718 2.0
1741 177791 2.0
1742 177862 2.0
1743 178012 2.0
1744 178077 2.0
1745 178145 2.0
1746 178204 2.0
1747 178328 2.0
1748 178421 2.0
1749 178536 2.0
1750 178608 2.0
1751 178672 2.0
1752 178744 2.0
1753 178809 2.0
1754 178878 2.0
1755 178941 2.0
1756 179137 2.0
1757 179205 2.0
1758 179274 2.0
1759 179349 2.0
1760 179424 2.0
1761 179492 2.0
1762 179582 2.0
1763 179797 2.0
1764 179862 2.0
1765 179923 2.0
1766 180028 2.0
1767 180093 2.0
1768 180173 2.0
1769 180258 2.0
1770 180341 2.0
1771 180427 2.0
1772 180480 2.0
1773 180556 2.0
1774 180639 2.0
1775 180716 2.0
1776 180797 2.0
1777 180863 2.0
1778 180943 2.0
1779 181023 2.0
1780 181121 2.0
1781 181256 2.0
1782 181467 2.0
1783 181545 2.0
1784 181617 2.0
1785 181727 2.0
1786 181849 2.0
1787 181929 2.0
1788 182018 2.0
1789 182103 2.0
1790 182180 2.0
1791 182251 2.0
1792 182352 2.0
1793 182426 2.0
1794 182502 2.0
1795 182576 2.0
1796 182664 2.0
1797 182733 2.0
1798 182805 2.0
1799 182867 2.0
1800 182935 2.0
1801 183013 2.0
1802 183102 2.0
1803 183162 2.0
1804 183233 2.0
1805 183302 2.0
1806 183375 2.0
1807 183446 2.0
1808 183557 2.0
1809 183622 2.0
1810 183725 2.0
1811 183825 2.0
1812 183897 2.0
1813 183983 2.0
1814 184045 2.0
1815 184141 2.0
1816 184263 2.0
1817 184357 2.0
1818 184420 2.0
1819 184508 2.0
1820 184604 2.0
1821 184672 2.0
1822 184750 2.0
1823 184874 2.0
1824 184954 2.0
1825 185022 2.0
1826 185093 2.0
1827 185184 2.0
1828 185249 2.0
1829 185330 2.0
1830 185405 2.0
1831 185476 2.0
1832 185549 2.0
1833 185619 2.0
1834 185696 2.0
1835 185763 2.0
1836 185890 2.0
1837 185954 2.0
1838 186027 2.0
1839 186087 2.0
1840 186155 2.0
1841 186282 2.0
1842 186382 2.0
1843 186479 2.0
1844 186564 2.0
1845 186678 2.0
1846 186798 2.0
1847 186902 2.0
1848 186959 2.0
1849 187040 2.0
1850 187116 2.0
1851 187190 2.0
1852 187258 2.0
1853 187326 2.0
1854 187396 2.0
1855 187455 2.0
1856 187537 2.0
1857 187617 2.0
1858 187703 2.0
1859 187786 2.0
1860 187855 2.0
1861 187933 2.0
1862 188002 2.0
1863 188091 2.0
1864 188185 2.0
1865 188249 2.0
1866 188360 2.0
1867 188433 2.0
1868 188548 2.0
1869 188636 2.0
1870 188717 2.0
1871 188811 2.0
1872 188879 2.0
1873 188969 2.0
1874 189031 2.0
1875 189100 2.0
1876 189163 2.0
1877 189247 2.0
1878 189328 2.0
1879 189403 2.0
1880 189463 2.0
1881 189542 2.0
1882 189632 2.0
1883 189697 2.0
1884 189769 2.0
1885 189898 2.0
1886 189974 2.0
1887 190040 2.0
1888 190119 2.0
1889 190211 2.0
1890 190278 2.0
1891 190359 2.0
1892 190416 2.0
1893 190528 2.0
1894 190604 2.0
1895 190682 2.0
1896 190764 2.0
1897 190849 2.0
1898 190935 2.0
1899 191009 2.0
1900 191064 2.0
1901 191132 2.0
1902 191203 2.0
1903 191301 2.0
1904 191366 2.0
1905 191431 2.0
1906 191502 2.0
1907 191581 2.0
1908 191651 2.0
1909 191736 2.0
1910 191804 2.0
1911 191867 2.0
1912 191940 2.0
1913 192083 2.0
1914 192147 2.0
1915 192235 2.0
1916 192295 2.0
1917 192378 2.0
1918 192462 2.0
1919 192531 2.0
1920 192643 2.0
1921 192718 2.0
1922 192811 2.0
1923 192948 2.0
1924 193003 2.0
1925 193117 2.0
1926 193227 2.0
1927 193315 2.0
1928 193390 2.0
1929 193466 2.0
1930 193533 2.0
1931 193621 2.0
1932 193691 2.0
1933 193746 2.0
1934 193839 2.0
1935 193902 2.0
1936 193979 2.0
1937 194066 2.0
1938 194167 2.0
1939 194246 2.0
1940 194336 2.0
1941 194417 2.0
1942 194509 2.0
1943 194582 2.0
1944 194673 2.0
1945 194754 2.0
1946 194824 2.0
1947 194910 2.0
1948 194980 2.0
1949 195042 2.0
1950 195136 2.0
1951 195212 2.0
1952 195282 2.0
1953 195360 2.0
1954 195426 2.0
1955 195508 2.0
1956 195594 2.0
1957 195687 2.0
1958 195748 2.0
1959 195831 2.0
1960 195947 2.0
1961 196052 2.0
1962 196109 2.0
1963 196182 2.0
1964 196274 2.0
1965 196368 2.0
1966 196447 2.0
1967 196511 2.0
1968 196666 2.0
1969 196729 2.0
1970 196806 2.0
1971 196941 2.0
1972 197001 2.0
1973 197079 2.0
1974 197161 2.0
1975 197240 2.0
1976 197304 2.0
1977 197395 2.0
1978 197504 2.0
1979 197582 2.0
1980 197656 2.0
1981 197732 2.0
1982 197790 2.0
1983 197851 2.0
1984 197922 2.0
1985 197978 2.0
1986 198037 2.0
1987 198110 2.0
1988 198170 2.0
1989 198233 2.0
1990 198307 2.0
1991 198407 2.0
1992 198486 2.0
1993 198546 2.0
1994 198610 2.0
1995 198682 2.0
1996 198745 2.0
1997 198826 2.0
1998 198897 2.0
1999 198969 2.0
2000 199080 2.0
2001 199144 2.0
2002 199227 2.0
2003 199297 2.0
2004 199370 2.0
2005 199445 2.0
2006 199523 2.0
2007 199613 2.0
2008 199672 2.0
2009 199739 2.0
2010 199813 2.0
2011 199892 2.0
2012 199961 2.0
2013 200046 2.0
2014 200110 2.0
2015 200183 2.0
2016 200258 2.0
2017 200400 2.0
2018 200518 2.0
2019 200596 2.0
2020 200683 2.0
2021 200755 2.0
2022 200842 2.0
2023 200918 2.0
2024 200991 2.0
2025 201065 2.0
2026 201201 2.0
2027 201278 2.0
2028 201345 2.0
2029 201418 2.0
2030 201493 2.0
2031 201583 2.0
2032 201648 2.0
2033 201708 2.0
2034 201786 2.0
2035 201860 2.0
2036 201953 2.0
2037 202064 2.0
2038 202138 2.0
2039 202208 2.0
2040 202278 2.0
2041 202359 2.0
2042 202432 2.0
2043 202500 2.0
2044 202565 2.0
2045 202643 2.0
2046 202721 2.0
2047 202778 2.0
2048 202875 2.0
2049 202949 2.0
2050 203010 2.0
2051 203087 2.0
2052 203157 2.0
2053 203239 2.0
2054 203315 2.0
2055 203372 2.0
2056 203449 2.0
2057 203531 2.0
2058 203604 2.0
2059 203716 2.0
2060 203802 2.0
2061 203894 2.0
2062 203974 2.0
2063 204065 2.0
2064 204131 2.0
2065 204210 2.0
2066 204267 2.0
2067 204337 2.0
2068 204416 2.0
2069 204483 2.0
2070 204573 2.0
2071 204639 2.0
2072 204708 2.0
2073 204796 2.0
2074 204896 2.0
2075 204968 2.0
2076 205040 2.0
2077 205106 2.0
2078 205202 2.0
2079 205288 2.0
2080 205400 2.0
2081 205451 2.0
2082 205517 2.0
2083 205602 2.0
2084 205666 2.0
2085 205737 2.0
2086 205817 2.0
2087 205904 2.0
2088 206037 2.0
2089 206118 2.0
2090 206183 2.0
2091 206257 2.0
2092 206326 2.0
2093 206400 2.0
2094 206479 2.0
2095 206568 2.0
2096 206683 2.0
2097 206768 2.0
2098 206840 2.0
2099 206909 2.0
2100 207014 2.0
2101 207084 2.0
2102 207151 2.0
2103 207219 2.0
2104 207286 2.0
2105 207378 2.0
2106 207438 2.0
2107 207510 2.0
2108 207623 2.0
2109 207711 2.0
2110 207779 2.0
2111 207844 2.0
2112 207916 2.0
2113 207985 2.0
2114 208055 2.0
2115 208125 2.0
2116 208201 2.0
2117 208386 2.0
2118 208469 2.0
2119 208545 2.0
2120 208622 2.0
2121 208706 2.0
2122 208772 2.0
2123 208843 2.0
2124 208920 2.0
2125 208987 2.0
2126 209052 2.0
2127 209153 2.0
2128 209218 2.0
2129 209312 2.0
2130 209379 2.0
2131 209458 2.0
2132 209518 2.0
2133 209586 2.0
2134 209728 2.0
2135 209851 2.0
2136 209941 2.0
2137 210030 2.0
2138 210097 2.0
2139 210208 2.0
2140 210282 2.0
2141 210367 2.0
2142 210490 2.0
2143 210546 2.0
2144 210629 2.0
2145 210697 2.0
2146 210800 2.0
2147 210898 2.0
2148 210971 2.0
2149 211039 2.0
2150 211100 2.0
2151 211169 2.0
2152 211319 2.0
2153 211396 2.0
2154 211471 2.0
2155 211565 2.0
2156 211691 2.0
2157 211762 2.0
2158 211837 2.0
2159 211913 2.0
2160 211970 2.0
2161 212069 2.0
2162 212175 2.0
2163 212257 2.0
2164 212359 2.0
2165 212535 2.0
2166 212618 2.0
2167 212724 2.0
2168 212789 2.0
2169 212861 2.0
2170 212925 2.0
2171 212987 2.0
2172 213094 2.0
2173 213158 2.0
2174 213234 2.0
2175 213311 2.0
2176 213468 2.0
2177 213546 2.0
2178 213614 2.0
2179 213694 2.0
2180 213759 2.0
2181 213856 2.0
2182 213930 2.0
2183 214012 2.0
2184 214102 2.0
2185 214161 2.0
2186 214226 2.0
2187 214306 2.0
2188 214380 2.0
2189 214482 2.0
2190 214574 2.0
2191 214639 2.0
2192 214716 2.0
2193 214788 2.0
2194 214860 2.0
2195 214952 2.0
2196 215037 2.0
2197 215107 2.0
2198 215197 2.0
2199 215282 2.0
2200 215354 2.0
2201 215448 2.0
2202 215509 2.0
2203 215580 2.0
2204 215639 2.0
2205 215740 2.0
2206 215819 2.0
2207 215892 2.0
2208 215960 2.0
2209 216040 2.0
2210 216117 2.0
2211 216192 2.0
2212 216288 2.0
2213 216401 2.0
2214 216483 2.0
2215 216546 2.0
2216 216619 2.0
2217 216694 2.0
2218 216755 2.0
2219 216811 2.0
2220 216892 2.0
2221 216962 2.0
2222 217056 2.0
2223 217141 2.0
2224 217223 2.0
2225 217306 2.0
2226 217374 2.0
2227 217446 2.0
2228 217626 2.0
2229 217766 2.0
2230 217848 2.0
2231 217929 2.0
2232 218003 2.0
2233 218072 2.0
2234 218164 2.0
2235 218235 2.0
2236 218354 2.0
2237 218440 2.0
2238 218526 2.0
2239 218596 2.0
2240 218653 2.0
2241 218743 2.0
2242 218795 2.0
2243 218853 2.0
2244 218927 2.0
2245 218988 2.0
2246 219072 2.0
2247 219139 2.0
2248 219209 2.0
2249 219280 2.0
2250 219345 2.0
2251 219403 2.0
2252 219484 2.0
2253 219575 2.0
2254 219678 2.0
2255 219768 2.0
2256 219924 2.0
2257 219989 2.0
2258 220068 2.0
2259 220135 2.0
2260 220234 2.0
2261 220311 2.0
2262 220387 2.0
2263 220461 2.0
2264 220524 2.0
2265 220597 2.0
2266 220654 2.0
2267 220737 2.0
2268 220832 2.0
2269 220896 2.0
2270 220983 2.0
2271 221041 2.0
2272 221118 2.0
2273 221188 2.0
2274 221254 2.0
2275 221402 2.0
2276 221489 2.0
2277 221568 2.0
2278 221654 2.0
2279 221744 2.0
2280 221809 2.0
2281 221865 2.0
2282 221948 2.0
2283 222017 2.0
2284 222091 2.0
2285 222168 2.0
2286 222229 2.0
2287 222294 2.0
2288 222367 2.0
2289 222461 2.0
2290 222564 2.0
2291 222625 2.0
2292 222699 2.0
2293 222773 2.0
2294 222859 2.0
2295 222943 2.0
2296 223009 2.0
2297 223088 2.0
2298 223175 2.0
2299 223255 2.0
2300 223315 2.0
2301 223413 2.0
2302 223469 2.0
2303 223521 2.0
2304 223588 2.0
2305 223699 2.0
2306 223777 2.0
2307 223850 2.0
2308 223953 2.0
2309 224053 2.0
2310 224133 2.0
2311 224240 2.0
2312 224313 2.0
2313 224373 2.0
2314 224449 2.0
2315 224542 2.0
2316 224659 2.0
2317 224788 2.0
2318 224861 2.0
2319 224933 2.0
2320 225010 2.0
2321 225087 2.0
2322 225168 2.0
2323 225244 2.0
2324 225313 2.0
2325 225371 2.0
2326 225430 2.0
2327 225516 2.0
2328 225582 2.0
2329 225683 2.0
2330 225829 2.0
2331 225905 2.0
2332 225971 2.0
2333 226110 2.0
2334 226200 2.0
2335 226256 2.0
2336 226314 2.0
2337 226398 2.0
2338 226458 2.0
2339 226543 2.0
2340 226639 2.0
2341 226697 2.0
2342 226777 2.0
2343 226864 2.0
2344 226932 2.0
2345 227004 2.0
2346 227097 2.0
2347 227171 2.0
2348 227230 2.0
2349 227306 2.0
2350 227366 2.0
2351 227447 2.0
2352 227570 2.0
2353 227641 2.0
2354 227746 2.0
2355 227924 2.0
2356 228004 2.0
2357 228111 2.0
2358 228185 2.0
2359 228262 2.0
2360 228339 2.0
2361 228401 2.0
2362 228497 2.0
2363 228565 2.0
2364 228632 2.0
2365 228729 2.0
2366 228792 2.0
2367 228856 2.0
2368 228919 2.0
2369 229041 2.0
2370 229103 2.0
2371 229175 2.0
2372 229276 2.0
2373 229341 2.0
2374 229405 2.0
2375 229471 2.0
2376 229542 2.0
2377 229624 2.0
2378 229752 2.0
2379 229835 2.0
2380 229907 2.0
2381 229999 2.0
2382 230073 2.0
2383 230146 2.0
2384 230245 2.0
2385 230304 2.0
2386 230368 2.0
2387 230463 2.0
2388 230534 2.0
2389 230593 2.0
2390 230688 2.0
2391 230775 2.0
2392 230843 2.0
2393 230903 2.0
2394 230984 2.0
2395 231053 2.0
2396 231121 2.0
2397 231181 2.0
2398 231238 2.0
2399 231316 2.0
2400 231400 2.0
2401 231483 2.0
2402 231584 2.0
2403 231685 2.0
2404 231788 2.0
2405 231865 2.0
2406 231947 2.0
2407 232022 2.0
2408 232106 2.0
2409 232192 2.0
2410 232284 2.0
2411 232354 2.0
2412 232416 2.0
2413 232500 2.0
2414 232576 2.0
2415 232669 2.0
2416 232738 2.0
2417 232813 2.0
2418 232869 2.0
2419 232954 2.0
2420 233011 2.0
2421 233083 2.0
2422 233160 2.0
2423 233232 2.0
2424 233311 2.0
2425 233457 2.0
2426 233544 2.0
2427 233615 2.0
2428 233738 2.0
2429 233825 2.0
2430 233893 2.0
2431 233956 2.0
2432 234040 2.0
2433 234109 2.0
2434 234191 2.0
2435 234267 2.0
2436 234339 2.0
2437 234408 2.0
2438 234483 2.0
2439 234554 2.0
2440 234641 2.0
2441 234730 2.0
2442 234809 2.0
2443 234894 2.0
2444 234952 2.0
2445 235020 2.0
2446 235079 2.0
2447 235141 2.0
2448 235209 2.0
2449 235266 2.0
2450 235339 2.0
2451 235411 2.0
2452 235484 2.0
2453 235568 2.0
2454 235663 2.0
2455 235728 2.0
2456 235792 2.0
2457 235870 2.0
2458 235956 2.0
2459 236015 2.0
2460 236109 2.0
2461 236216 2.0
2462 236298 2.0
2463 236401 2.0
2464 236503 2.0
2465 236569 2.0
2466 236750 2.0
2467 236825 2.0
2468 237022 2.0
2469 237089 2.0
2470 237147 2.0
2471 237303 2.0
2472 237370 2.0
2473 237448 2.0
2474 237511 2.0
2475 237615 2.0
2476 237692 2.0
2477 237752 2.0
2478 237834 2.0
2479 237936 2.0
2480 238012 2.0
2481 238124 2.0
2482 238185 2.0
2483 238252 2.0
2484 238330 2.0
2485 238405 2.0
2486 238477 2.0
2487 238535 2.0
2488 238607 2.0
2489 238687 2.0
2490 238764 2.0
2491 238829 2.0
2492 238929 2.0
2493 239010 2.0
2494 239082 2.0
2495 239156 2.0
2496 239287 2.0
2497 239355 2.0
2498 239437 2.0
2499 239518 2.0
2500 239605 2.0
2501 239668 2.0
2502 239736 2.0
2503 239802 2.0
2504 239872 2.0
2505 239932 2.0
2506 240004 2.0
2507 240065 2.0
2508 240130 2.0
2509 240191 2.0
2510 240252 2.0
2511 240325 2.0
2512 240399 2.0
2513 240465 2.0
2514 240534 2.0
2515 240609 2.0
2516 240674 2.0
2517 240740 2.0
2518 240817 2.0
2519 240885 2.0
2520 240965 2.0
2521 241026 2.0
2522 241131 2.0
2523 241200 2.0
2524 241288 2.0
2525 241415 2.0
2526 241505 2.0
2527 241578 2.0
2528 241670 2.0
2529 241749 2.0
2530 241834 2.0
2531 241956 2.0
2532 242029 2.0
2533 242104 2.0
2534 242190 2.0
2535 242266 2.0
2536 242329 2.0
2537 242388 2.0
2538 242488 2.0
2539 242564 2.0
2540 242622 2.0
2541 242732 2.0
2542 242805 2.0
2543 242897 2.0
2544 242972 2.0
2545 243036 2.0
2546 243093 2.0
2547 243176 2.0
2548 243246 2.0
2549 243335 2.0
2550 243394 2.0
2551 243490 2.0
2552 243555 2.0
2553 243654 2.0
2554 243731 2.0
2555 243795 2.0
2556 243857 2.0
2557 244001 2.0
2558 244082 2.0
2559 244164 2.0
2560 244230 2.0
2561 244317 2.0
2562 244421 2.0
2563 244486 2.0
2564 244559 2.0
2565 244671 2.0
2566 244745 2.0
2567 244808 2.0
2568 244898 2.0
2569 244964 2.0
2570 245045 2.0
2571 245111 2.0
2572 245204 2.0
2573 245276 2.0
2574 245362 2.0
2575 245423 2.0
2576 245492 2.0
2577 245571 2.0
2578 245654 2.0
2579 245728 2.0
2580 245805 2.0
2581 245875 2.0
2582 245928 2.0
2583 245999 2.0
2584 246084 2.0
2585 246149 2.0
2586 246235 2.0
2587 246310 2.0
2588 246376 2.0
2589 246482 2.0
2590 246566 2.0
2591 246651 2.0
2592 246737 2.0
2593 246830 2.0
2594 246920 2.0
2595 246991 2.0
2596 247077 2.0
2597 247143 2.0
2598 247302 2.0
2599 247373 2.0
2600 247440 2.0
2601 247575 2.0
2602 247649 2.0
2603 247725 2.0
2604 247797 2.0
2605 247866 2.0
2606 247937 2.0
2607 248018 2.0
2608 248102 2.0
2609 248158 2.0
2610 248227 2.0
2611 248332 2.0
2612 248411 2.0
2613 248540 2.0
2614 248622 2.0
2615 248710 2.0
2616 248804 2.0
2617 248920 2.0
2618 248990 2.0
2619 249051 2.0
2620 249139 2.0
2621 249211 2.0
2622 249290 2.0
2623 249373 2.0
2624 249436 2.0
2625 249524 2.0
2626 249594 2.0
2627 249671 2.0
2628 249751 2.0
2629 249813 2.0
2630 249915 2.0
2631 249991 2.0
2632 250059 2.0
2633 250135 2.0
2634 250203 2.0
2635 250282 2.0
2636 250357 2.0
2637 250421 2.0
2638 250483 2.0
2639 250562 2.0
2640 250625 2.0
2641 250755 2.0
2642 250830 2.0
2643 250903 2.0
2644 251016 2.0
2645 251077 2.0
2646 251147 2.0
2647 251219 2.0
2648 251324 2.0
2649 251391 2.0
2650 251444 2.0
2651 251513 2.0
2652 251576 2.0
2653 251655 2.0
2654 251733 2.0
2655 251835 2.0
2656 251903 2.0
2657 251968 2.0
2658 252030 2.0
2659 252105 2.0
2660 252179 2.0
2661 252257 2.0
2662 252321 2.0
2663 252396 2.0
2664 252468 2.0
2665 252528 2.0
2666 252593 2.0
2667 252654 2.0
2668 252733 2.0
2669 252798 2.0
2670 252865 2.0
2671 252923 2.0
2672 252993 2.0
2673 253094 2.0
2674 253257 2.0
2675 253338 2.0
2676 253413 2.0
2677 253500 2.0
2678 253553 2.0
2679 253692 2.0
2680 253764 2.0
2681 253884 2.0
2682 254028 2.0
2683 254089 2.0
2684 254163 2.0
2685 254230 2.0
2686 254326 2.0
2687 254395 2.0
2688 254470 2.0
2689 254535 2.0
2690 254610 2.0
2691 254676 2.0
2692 254757 2.0
2693 254893 2.0
2694 254969 2.0
2695 255066 2.0
2696 255134 2.0
2697 255210 2.0
2698 255281 2.0
2699 255389 2.0
2700 255487 2.0
2701 255564 2.0
2702 255622 2.0
2703 255763 2.0
2704 255824 2.0
2705 255919 2.0
2706 256004 2.0
2707 256070 2.0
2708 256133 2.0
2709 256204 2.0
2710 256276 2.0
2711 256347 2.0
2712 256494 2.0
2713 256564 2.0
2714 256643 2.0
2715 256710 2.0
2716 256772 2.0
2717 256839 2.0
2718 256940 2.0
2719 257011 2.0
2720 257072 2.0
2721 257154 2.0
2722 257220 2.0
2723 257300 2.0
2724 257382 2.0
2725 257469 2.0
2726 257570 2.0
2727 257653 2.0
2728 257713 2.0
2729 257856 2.0
2730 257953 2.0
2731 258017 2.0
2732 258090 2.0
2733 258162 2.0
2734 258225 2.0
2735 258301 2.0
2736 258397 2.0
2737 258459 2.0
2738 258553 2.0
2739 258624 2.0
2740 258694 2.0
2741 258763 2.0
2742 258825 2.0
2743 258898 2.0
2744 258964 2.0
2745 259023 2.0
2746 259117 2.0
2747 259209 2.0
2748 259315 2.0
2749 259382 2.0
2750 259487 2.0
2751 259590 2.0
2752 259669 2.0
2753 259733 2.0
2754 259818 2.0
2755 259878 2.0
2756 259952 2.0
2757 260062 2.0
2758 260131 2.0
2759 260212 2.0
2760 260313 2.0
2761 260419 2.0
2762 260516 2.0
2763 260593 2.0
2764 260672 2.0
2765 260752 2.0
2766 260819 2.0
2767 260935 2.0
2768 261001 2.0
2769 261068 2.0
2770 261135 2.0
2771 261198 2.0
2772 261294 2.0
2773 261378 2.0
2774 261454 2.0
2775 261516 2.0
2776 261583 2.0
2777 261639 2.0
2778 261725 2.0
2779 261842 2.0
2780 261921 2.0
2781 262006 2.0
2782 262083 2.0
2783 262146 2.0
2784 262211 2.0
2785 262293 2.0
2786 262386 2.0
2787 262464 2.0
2788 262546 2.0
2789 262633 2.0
2790 262694 2.0
2791 262759 2.0
2792 262835 2.0
2793 262920 2.0
2794 262987 2.0
2795 263082 2.0
2796 263163 2.0
2797 263240 2.0
2798 263373 2.0
2799 263446 2.0
2800 263538 2.0
2801 263612 2.0
2802 263695 2.0
2803 263774 2.0
2804 263860 2.0
2805 263932 2.0
2806 264013 2.0
2807 264116 2.0
2808 264182 2.0
2809 264272 2.0
2810 264350 2.0
2811 264411 2.0
2812 264473 2.0
2813 264543 2.0
2814 264612 2.0
2815 264676 2.0
2816 264727 2.0
2817 264787 2.0
2818 264861 2.0
2819 264975 2.0
2820 265047 2.0
2821 265120 2.0
2822 265196 2.0
2823 265271 2.0
2824 265343 2.0
2825 265408 2.0
2826 265476 2.0
2827 265555 2.0
2828 265625 2.0
2829 265696 2.0
2830 265763 2.0
2831 265833 2.0
2832 265897 2.0
2833 265962 2.0
2834 266012 2.0
2835 266085 2.0
2836 266151 2.0
2837 266246 2.0
2838 266325 2.0
2839 266396 2.0
2840 266466 2.0
2841 266525 2.0
2842 266590 2.0
2843 266666 2.0
2844 266763 2.0
2845 266830 2.0
2846 266898 2.0
2847 266970 2.0
2848 267040 2.0
2849 267129 2.0
2850 267192 2.0
2851 267279 2.0
2852 267391 2.0
2853 267459 2.0
2854 267537 2.0
2855 267604 2.0
2856 267684 2.0
2857 267743 2.0
2858 267870 2.0
2859 267938 2.0
2860 268026 2.0
2861 268157 2.0
2862 268226 2.0
2863 268337 2.0
2864 268445 2.0
2865 268542 2.0
2866 268633 2.0
2867 268688 2.0
2868 268776 2.0
2869 268861 2.0
2870 268932 2.0
2871 269005 2.0
2872 269083 2.0
2873 269165 2.0
2874 269310 2.0
2875 269390 2.0
2876 269465 2.0
2877 269546 2.0
2878 269615 2.0
2879 269687 2.0
2880 269753 2.0
2881 269828 2.0
2882 269966 2.0
2883 270017 2.0
2884 270102 2.0
2885 270172 2.0
2886 270230 2.0
2887 270306 2.0
2888 270361 2.0
2889 270428 2.0
2890 270502 2.0
2891 270575 2.0
2892 270651 2.0
2893 270725 2.0
2894 270782 2.0
2895 270870 2.0
2896 270938 2.0
2897 271008 2.0
2898 271123 2.0
2899 271197 2.0
2900 271274 2.0
2901 271350 2.0
2902 271418 2.0
2903 271496 2.0
2904 271570 2.0
2905 271651 2.0
2906 271707 2.0
2907 271839 2.0
2908 271915 2.0
2909 271981 2.0
2910 272064 2.0
2911 272137 2.0
2912 272214 2.0
2913 272289 2.0
2914 272357 2.0
2915 272441 2.0
2916 272543 2.0
2917 272626 2.0
2918 272720 2.0
2919 272803 2.0
2920 272854 2.0
2921 272914 2.0
2922 272976 2.0
2923 273034 2.0
2924 273104 2.0
2925 273195 2.0
2926 273281 2.0
2927 273403 2.0
2928 273463 2.0
2929 273568 2.0
2930 273632 2.0
2931 273702 2.0
2932 273776 2.0
2933 273850 2.0
2934 273932 2.0
2935 274019 2.0
2936 274092 2.0
2937 274161 2.0
2938 274235 2.0
2939 274337 2.0
2940 274415 2.0
2941 274479 2.0
2942 274541 2.0
2943 274686 2.0
2944 274752 2.0
2945 274870 2.0
2946 274940 2.0
2947 275013 2.0
2948 275083 2.0
2949 275147 2.0
2950 275213 2.0
2951 275282 2.0
2952 275347 2.0
2953 275419 2.0
2954 275491 2.0
2955 275591 2.0
2956 275669 2.0
2957 275772 2.0
2958 275823 2.0
2959 275895 2.0
2960 275966 2.0
2961 276023 2.0
2962 276090 2.0
2963 276150 2.0
2964 276217 2.0
2965 276294 2.0
2966 276358 2.0
2967 276428 2.0
2968 276503 2.0
2969 276609 2.0
2970 276690 2.0
2971 276761 2.0
2972 276845 2.0
2973 276963 2.0
2974 277047 2.0
2975 277106 2.0
2976 277182 2.0
2977 277250 2.0
2978 277334 2.0
2979 277418 2.0
2980 277467 2.0
2981 277524 2.0
2982 277590 2.0
2983 277671 2.0
2984 277774 2.0
2985 277856 2.0
2986 277953 2.0
2987 278011 2.0
2988 278144 2.0
2989 278233 2.0
2990 278294 2.0
2991 278390 2.0
2992 278479 2.0
2993 278549 2.0
2994 278625 2.0
2995 278705 2.0
2996 278798 2.0
2997 278865 2.0
2998 278932 2.0
2999 279002 2.0
3000 279074 2.0
3001 279145 2.0
3002 279216 2.0
3003 279297 2.0
3004 279358 2.0
3005 279426 2.0
3006 279490 2.0
3007 279582 2.0
3008 279652 2.0
3009 279724 2.0
3010 279782 2.0
3011 279862 2.0
3012 279930 2.0
3013 279997 2.0
3014 280073 2.0
3015 280159 2.0
3016 280245 2.0
3017 280321 2.0
3018 280382 2.0
3019 280462 2.0
3020 280530 2.0
3021 280627 2.0
3022 280681 2.0
3023 280809 2.0
3024 280875 2.0
3025 281006 2.0
3026 281070 2.0
3027 281143 2.0
3028 281220 2.0
3029 281319 2.0
3030 281390 2.0
3031 281460 2.0
3032 281557 2.0
3033 281631 2.0
3034 281710 2.0
3035 281777 2.0
3036 281835 2.0
3037 281910 2.0
3038 281979 2.0
3039 282056 2.0
3040 282139 2.0
3041 282236 2.0
3042 282301 2.0
3043 282470 2.0
3044 282535 2.0
3045 282600 2.0
3046 282656 2.0
3047 282739 2.0
3048 282804 2.0
3049 282864 2.0
3050 282934 2.0
3051 283022 2.0
3052 283106 2.0
3053 283271 2.0
3054 283343 2.0
3055 283415 2.0
3056 283482 2.0
3057 283558 2.0
3058 283616 2.0
3059 283668 2.0
3060 283730 2.0
3061 283794 2.0
3062 283892 2.0
3063 283977 2.0
3064 284054 2.0
3065 284113 2.0
3066 284202 2.0
3067 284287 2.0
3068 284405 2.0
3069 284468 2.0
3070 284535 2.0
3071 284611 2.0
3072 284670 2.0
3073 284743 2.0
3074 284831 2.0
3075 284903 2.0
3076 284978 2.0
3077 285045 2.0
3078 285155 2.0
3079 285219 2.0
3080 285311 2.0
3081 285439 2.0
3082 285524 2.0
3083 285602 2.0
3084 285665 2.0
3085 285739 2.0
3086 285804 2.0
3087 285891 2.0
3088 285957 2.0
3089 286041 2.0
3090 286112 2.0
3091 286180 2.0
3092 286261 2.0
3093 286352 2.0
3094 286431 2.0
3095 286554 2.0
3096 286623 2.0
3097 286693 2.0
3098 286755 2.0
3099 286837 2.0
3100 286911 2.0
3101 287001 2.0
3102 287105 2.0
3103 287176 2.0
3104 287242 2.0
3105 287312 2.0
3106 287372 2.0
3107 287446 2.0
3108 287570 2.0
3109 287629 2.0
3110 287704 2.0
3111 287785 2.0
3112 287854 2.0
3113 287929 2.0
3114 287985 2.0
3115 288048 2.0
3116 288221 2.0
3117 288290 2.0
3118 288370 2.0
3119 288440 2.0
3120 288522 2.0
3121 288615 2.0
3122 288681 2.0
3123 288736 2.0
3124 288805 2.0
3125 288870 2.0
3126 288951 2.0
3127 289016 2.0
3128 289095 2.0
3129 289231 2.0
3130 289322 2.0
3131 289387 2.0
3132 289478 2.0
3133 289542 2.0
3134 289616 2.0
3135 289676 2.0
3136 289765 2.0
3137 289844 2.0
3138 289919 2.0
3139 289988 2.0
3140 290065 2.0
3141 290148 2.0
3142 290238 2.0
3143 290309 2.0
3144 290375 2.0
3145 290453 2.0
3146 290521 2.0
3147 290607 2.0
3148 290675 2.0
3149 290781 2.0
3150 290845 2.0
3151 290922 2.0
3152 290987 2.0
3153 291065 2.0
3154 291131 2.0
3155 291229 2.0
3156 291338 2.0
3157 291408 2.0
3158 291484 2.0
3159 291550 2.0
3160 291606 2.0
3161 291690 2.0
3162 291759 2.0
3163 291825 2.0
3164 291908 2.0
3165 291978 2.0
3166 292052 2.0
3167 292197 2.0
3168 292281 2.0
3169 292358 2.0
3170 292417 2.0
3171 292478 2.0
3172 292555 2.0
3173 292630 2.0
3174 292693 2.0
3175 292774 2.0
3176 292856 2.0
3177 292927 2.0
3178 293014 2.0
3179 293090 2.0
3180 293174 2.0
3181 293259 2.0
3182 293358 2.0
3183 293429 2.0
3184 293502 2.0
3185 293572 2.0
3186 293654 2.0
3187 293727 2.0
3188 293825 2.0
3189 293891 2.0
3190 293996 2.0
3191 294060 2.0
3192 294145 2.0
3193 294270 2.0
3194 294327 2.0
3195 294431 2.0
3196 294506 2.0
3197 294564 2.0
3198 294635 2.0
3199 294706 2.0
3200 294779 2.0
3201 294951 2.0
3202 295023 2.0
3203 295085 2.0
3204 295178 2.0
3205 295249 2.0
3206 295320 2.0
3207 295437 2.0
3208 295517 2.0
3209 295582 2.0
3210 295650 2.0
3211 295727 2.0
3212 295802 2.0
3213 295863 2.0
3214 295944 2.0
3215 296016 2.0
3216 296084 2.0
3217 296164 2.0
3218 296228 2.0
3219 296302 2.0
3220 296374 2.0
3221 296465 2.0
3222 296543 2.0
3223 296657 2.0
3224 296732 2.0
3225 296808 2.0
3226 296872 2.0
3227 296933 2.0
3228 297011 2.0
3229 297094 2.0
3230 297157 2.0
3231 297225 2.0
3232 297293 2.0
3233 297377 2.0
3234 297431 2.0
3235 297511 2.0
3236 297595 2.0
3237 297671 2.0
3238 297790 2.0
3239 297870 2.0
3240 297960 2.0
3241 298035 2.0
3242 298194 2.0
3243 298281 2.0
3244 298359 2.0
3245 298420 2.0
3246 298509 2.0
3247 298590 2.0
3248 298759 2.0
3249 298825 2.0
3250 298935 2.0
3251 299011 2.0
3252 299083 2.0
3253 299147 2.0
3254 299225 2.0
3255 299326 2.0
3256 299399 2.0
3257 299467 2.0
3258 299539 2.0
3259 299690 2.0
3260 299752 2.0
3261 299823 2.0
3262 299912 2.0
3263 299975 2.0
3264 300053 2.0
3265 300155 2.0
3266 300220 2.0
3267 300289 2.0
3268 300422 2.0
3269 300500 2.0
3270 300572 2.0
3271 300631 2.0
3272 300709 2.0
3273 300796 2.0
3274 300896 2.0
3275 300959 2.0
3276 301019 2.0
3277 301094 2.0
3278 301169 2.0
3279 301226 2.0
3280 301299 2.0
3281 301367 2.0
3282 301460 2.0
3283 301541 2.0
3284 301606 2.0
3285 301674 2.0
3286 301762 2.0
3287 301816 2.0
3288 301903 2.0
3289 301984 2.0
3290 302047 2.0
3291 302133 2.0
3292 302283 2.0
3293 302355 2.0
3294 302413 2.0
3295 302506 2.0
3296 302564 2.0
3297 302631 2.0
3298 302703 2.0
3299 302772 2.0
3300 302839 2.0
3301 302906 2.0
3302 302964 2.0
3303 303031 2.0
3304 303105 2.0
3305 303263 2.0
3306 303353 2.0
3307 303417 2.0
3308 303482 2.0
3309 303545 2.0
3310 303615 2.0
3311 303692 2.0
3312 303774 2.0
3313 303844 2.0
3314 303901 2.0
3315 303960 2.0
3316 304021 2.0
3317 304098 2.0
3318 304206 2.0
3319 304275 2.0
3320 304344 2.0
3321 304403 2.0
3322 304481 2.0
3323 304564 2.0
3324 304657 2.0
3325 304739 2.0
3326 304808 2.0
3327 304872 2.0
3328 305016 2.0
3329 305097 2.0
3330 305165 2.0
3331 305242 2.0
3332 305350 2.0
3333 305443 2.0
3334 305523 2.0
3335 305595 2.0
3336 305671 2.0
3337 305746 2.0
3338 305815 2.0
3339 305901 2.0
3340 305990 2.0
3341 306059 2.0
3342 306118 2.0
3343 306234 2.0
3344 306303 2.0
3345 306373 2.0
3346 306450 2.0
3347 306584 2.0
3348 306657 2.0
3349 306739 2.0
3350 306813 2.0
3351 306898 2.0
3352 306965 2.0
3353 307043 2.0
3354 307115 2.0
3355 307187 2.0
3356 307250 2.0
3357 307327 2.0
3358 307404 2.0
3359 307490 2.0
3360 307567 2.0
3361 307621 2.0
3362 307685 2.0
3363 307772 2.0
3364 307839 2.0
3365 307958 2.0
3366 308019 2.0
3367 308083 2.0
3368 308166 2.0
3369 308223 2.0
3370 308296 2.0
3371 308413 2.0
3372 308519 2.0
3373 308587 2.0
3374 308643 2.0
3375 308714 2.0
3376 308784 2.0
3377 308850 2.0
3378 308923 2.0
3379 308981 2.0
3380 309049 2.0
3381 309121 2.0
3382 309203 2.0
3383 309305 2.0
3384 309371 2.0
3385 309454 2.0
3386 309526 2.0
3387 309596 2.0
3388 309658 2.0
3389 309734 2.0
3390 309845 2.0
3391 309933 2.0
3392 310004 2.0
3393 310090 2.0
3394 310173 2.0
3395 310239 2.0
3396 310339 2.0
3397 310409 2.0
3398 310509 2.0
3399 310586 2.0
3400 310651 2.0
3401 310720 2.0
3402 310795 2.0
3403 310877 2.0
3404 310944 2.0
3405 311072 2.0
3406 311137 2.0
3407 311219 2.0
3408 311284 2.0
3409 311349 2.0
3410 311417 2.0
3411 311521 2.0
3412 311618 2.0
3413 311685 2.0
3414 311763 2.0
3415 311842 2.0
3416 311917 2.0
3417 312090 2.0
3418 312165 2.0
3419 312222 2.0
3420 312323 2.0
3421 312393 2.0
3422 312477 2.0
3423 312570 2.0
3424 312652 2.0
3425 312728 2.0
3426 312792 2.0
3427 312869 2.0
3428 312932 2.0
3429 313002 2.0
3430 313062 2.0
3431 313250 2.0
3432 313311 2.0
3433 313399 2.0
3434 313481 2.0
3435 313548 2.0
3436 313623 2.0
3437 313710 2.0
3438 313782 2.0
3439 313861 2.0
3440 313964 2.0
3441 314036 2.0
3442 314096 2.0
3443 314174 2.0
3444 314242 2.0
3445 314317 2.0
3446 314408 2.0
3447 314470 2.0
3448 314534 2.0
3449 314602 2.0
3450 314675 2.0
3451 314757 2.0
3452 314813 2.0
3453 314897 2.0
3454 315029 2.0
3455 315116 2.0
3456 315196 2.0
3457 315276 2.0
3458 315338 2.0
3459 315405 2.0
3460 315483 2.0
3461 315551 2.0
3462 315642 2.0
3463 315725 2.0
3464 315815 2.0
3465 315883 2.0
3466 315948 2.0
3467 316031 2.0
3468 316100 2.0
3469 316175 2.0
3470 316264 2.0
3471 316325 2.0
3472 316465 2.0
3473 316545 2.0
3474 316620 2.0
3475 316700 2.0
3476 316799 2.0
3477 316869 2.0
3478 316933 2.0
3479 317017 2.0
3480 317105 2.0
3481 317184 2.0
3482 317251 2.0
3483 317317 2.0
3484 317384 2.0
3485 317474 2.0
3486 317549 2.0
3487 317680 2.0
3488 317755 2.0
3489 317828 2.0
3490 317906 2.0
3491 317976 2.0
3492 318067 2.0
3493 318132 2.0
3494 318198 2.0
3495 318290 2.0
3496 318364 2.0
3497 318431 2.0
3498 318516 2.0
3499 318591 2.0
3500 318644 2.0
3501 318708 2.0
3502 318773 2.0
3503 318929 2.0
3504 318991 2.0
3505 319047 2.0
3506 319146 2.0
3507 319208 2.0
3508 319279 2.0
3509 319347 2.0
3510 319417 2.0
3511 319484 2.0
3512 319547 2.0
3513 319687 2.0
3514 319752 2.0
3515 319828 2.0
3516 319917 2.0
3517 320028 2.0
3518 320094 2.0
3519 320161 2.0
3520 320232 2.0
3521 320318 2.0
3522 320408 2.0
3523 320479 2.0
3524 320581 2.0
3525 320673 2.0
3526 320732 2.0
3527 320805 2.0
3528 320867 2.0
3529 320942 2.0
3530 321011 2.0
3531 321093 2.0
3532 321174 2.0
3533 321228 2.0
3534 321303 2.0
3535 321393 2.0
3536 321463 2.0
3537 321518 2.0
3538 321598 2.0
3539 321685 2.0
3540 321755 2.0
3541 321838 2.0
3542 321926 2.0
3543 321987 2.0
3544 322058 2.0
3545 322132 2.0
3546 322253 2.0
3547 322321 2.0
3548 322384 2.0
3549 322503 2.0
3550 322587 2.0
3551 322664 2.0
3552 322729 2.0
3553 322819 2.0
3554 322877 2.0
3555 322956 2.0
3556 323041 2.0
3557 323105 2.0
3558 323181 2.0
3559 323250 2.0
3560 323367 2.0
3561 323470 2.0
3562 323535 2.0
3563 323618 2.0
3564 323696 2.0
3565 323762 2.0
3566 323843 2.0
3567 323927 2.0
3568 323984 2.0
3569 324053 2.0
3570 324128 2.0
3571 324218 2.0
3572 324292 2.0
3573 324398 2.0
3574 324460 2.0
3575 324525 2.0
3576 324614 2.0
3577 324670 2.0
3578 324751 2.0
3579 324831 2.0
3580 324900 2.0
3581 324997 2.0
3582 325057 2.0
3583 325124 2.0
3584 325185 2.0
3585 325242 2.0
3586 325313 2.0
3587 325394 2.0
3588 325485 2.0
3589 325546 2.0
3590 325612 2.0
3591 325683 2.0
3592 325741 2.0
3593 325830 2.0
3594 325896 2.0
3595 325978 2.0
3596 326041 2.0
3597 326110 2.0
3598 326176 2.0
3599 326259 2.0
3600 326329 2.0
3601 326398 2.0
3602 326475 2.0
3603 326545 2.0
3604 326629 2.0
3605 326700 2.0
3606 326770 2.0
3607 326850 2.0
3608 326953 2.0
3609 327016 2.0
3610 327107 2.0
3611 327176 2.0
3612 327245 2.0
3613 327334 2.0
3614 327397 2.0
3615 327469 2.0
3616 327546 2.0
3617 327626 2.0
3618 327723 2.0
3619 327795 2.0
3620 327878 2.0
3621 328053 2.0
3622 328130 2.0
3623 328198 2.0
3624 328271 2.0
3625 328334 2.0
3626 328425 2.0
3627 328521 2.0
3628 328575 2.0
3629 328646 2.0
3630 328712 2.0
3631 328798 2.0
3632 328880 2.0
3633 328942 2.0
3634 329002 2.0
3635 329095 2.0
3636 329187 2.0
3637 329253 2.0
3638 329318 2.0
3639 329395 2.0
3640 329474 2.0
3641 329577 2.0
3642 329646 2.0
3643 329720 2.0
3644 329809 2.0
3645 329879 2.0
3646 329952 2.0
3647 330033 2.0
3648 330095 2.0
3649 330175 2.0
3650 330264 2.0
3651 330330 2.0
3652 330436 2.0
3653 330502 2.0
3654 330582 2.0
3655 330719 2.0
3656 330794 2.0
3657 330858 2.0
3658 330945 2.0
3659 331013 2.0
3660 331078 2.0
3661 331154 2.0
3662 331204 2.0
3663 331264 2.0
3664 331415 2.0
3665 331475 2.0
3666 331532 2.0
3667 331638 2.0
3668 331708 2.0
3669 331775 2.0
3670 331849 2.0
3671 331950 2.0
3672 332015 2.0
3673 332100 2.0
3674 332187 2.0
3675 332276 2.0
3676 332349 2.0
3677 332408 2.0
3678 332478 2.0
3679 332538 2.0
3680 332624 2.0
3681 332694 2.0
3682 332762 2.0
3683 332820 2.0
3684 332935 2.0
3685 333007 2.0
3686 333070 2.0
3687 333136 2.0
3688 333213 2.0
3689 333274 2.0
3690 333350 2.0
3691 333443 2.0
3692 333529 2.0
3693 333587 2.0
3694 333663 2.0
3695 333750 2.0
3696 333835 2.0
3697 333902 2.0
3698 333966 2.0
3699 334036 2.0
3700 334113 2.0
3701 334194 2.0
3702 334271 2.0
3703 334339 2.0
3704 334414 2.0
3705 334485 2.0
3706 334555 2.0
3707 334628 2.0
3708 334704 2.0
3709 334776 2.0
3710 334861 2.0
3711 334916 2.0
3712 334994 2.0
3713 335106 2.0
3714 335178 2.0
3715 335259 2.0
3716 335330 2.0
3717 335407 2.0
3718 335511 2.0
3719 335603 2.0
3720 335681 2.0
3721 335745 2.0
3722 335821 2.0
3723 335899 2.0
3724 335963 2.0
3725 336031 2.0
3726 336118 2.0
3727 336210 2.0
3728 336291 2.0
3729 336372 2.0
3730 336433 2.0
3731 336486 2.0
3732 336552 2.0
3733 336622 2.0
3734 336694 2.0
3735 336757 2.0
3736 336855 2.0
3737 336930 2.0
3738 336998 2.0
3739 337067 2.0
3740 337153 2.0
3741 337216 2.0
3742 337280 2.0
3743 337340 2.0
3744 337439 2.0
3745 337534 2.0
3746 337614 2.0
3747 337671 2.0
3748 337744 2.0
3749 337810 2.0
3750 337877 2.0
3751 337950 2.0
3752 338024 2.0
3753 338086 2.0
3754 338153 2.0
3755 338218 2.0
3756 338301 2.0
3757 338388 2.0
3758 338456 2.0
3759 338526 2.0
3760 338601 2.0
3761 338674 2.0
3762 338771 2.0
3763 338838 2.0
3764 338901 2.0
3765 338976 2.0
3766 339047 2.0
3767 339111 2.0
3768 339181 2.0
3769 339293 2.0
3770 339358 2.0
3771 339463 2.0
3772 339540 2.0
3773 339602 2.0
3774 339688 2.0
3775 339765 2.0
3776 339824 2.0
3777 339896 2.0
3778 339961 2.0
3779 340032 2.0
3780 340115 2.0
3781 340177 2.0
3782 340244 2.0
3783 340309 2.0
3784 340407 2.0
3785 340481 2.0
3786 340538 2.0
3787 340638 2.0
3788 340711 2.0
3789 340778 2.0
3790 340852 2.0
3791 340924 2.0
3792 340981 2.0
3793 341087 2.0
3794 341178 2.0
3795 341259 2.0
3796 341335 2.0
3797 341419 2.0
3798 341503 2.0
3799 341560 2.0
3800 341619 2.0
3801 341696 2.0
3802 341773 2.0
3803 341839 2.0
3804 341921 2.0
3805 342112 2.0
3806 342185 2.0
3807 342242 2.0
3808 342299 2.0
3809 342366 2.0
3810 342446 2.0
3811 342514 2.0
3812 342568 2.0
3813 342638 2.0
3814 342739 2.0
3815 342828 2.0
3816 342910 2.0
3817 342966 2.0
3818 343039 2.0
3819 343216 2.0
3820 343278 2.0
3821 343359 2.0
3822 343420 2.0
3823 343481 2.0
3824 343548 2.0
3825 343623 2.0
3826 343696 2.0
3827 343813 2.0
3828 343867 2.0
3829 343928 2.0
3830 344020 2.0
3831 344085 2.0
3832 344153 2.0
3833 344228 2.0
3834 344301 2.0
3835 344372 2.0
3836 344446 2.0
3837 344503 2.0
3838 344569 2.0
3839 344658 2.0
3840 344744 2.0
3841 344803 2.0
3842 344888 2.0
3843 344971 2.0
3844 345043 2.0
3845 345099 2.0
3846 345168 2.0
3847 345250 2.0
3848 345342 2.0
3849 345415 2.0
3850 345489 2.0
3851 345569 2.0
3852 345696 2.0
3853 345769 2.0
3854 345848 2.0
3855 345921 2.0
3856 345985 2.0
3857 346084 2.0
3858 346168 2.0
3859 346235 2.0
3860 346293 2.0
3861 346389 2.0
3862 346458 2.0
3863 346543 2.0
3864 346631 2.0
3865 346701 2.0
3866 346766 2.0
3867 346841 2.0
3868 346900 2.0
3869 346969 2.0
3870 347044 2.0
3871 347105 2.0
3872 347175 2.0
3873 347257 2.0
3874 347348 2.0
3875 347415 2.0
3876 347500 2.0
3877 347572 2.0
3878 347654 2.0
3879 347750 2.0
3880 347873 2.0
3881 347965 2.0
3882 348026 2.0
3883 348096 2.0
3884 348174 2.0
3885 348236 2.0
3886 348296 2.0
3887 348351 2.0
3888 348424 2.0
3889 348548 2.0
3890 348617 2.0
3891 348687 2.0
3892 348748 2.0
3893 348855 2.0
3894 348924 2.0
3895 349011 2.0
3896 349064 2.0
3897 349149 2.0
3898 349222 2.0
3899 349292 2.0
3900 349369 2.0
3901 349556 2.0
3902 349624 2.0
3903 349700 2.0
3904 349782 2.0
3905 349848 2.0
3906 349920 2.0
3907 350001 2.0
3908 350061 2.0
3909 350131 2.0
3910 350198 2.0
3911 350263 2.0
3912 350433 2.0
3913 350496 2.0
3914 350575 2.0
3915 350647 2.0
3916 350726 2.0
3917 350815 2.0
3918 350889 2.0
3919 350952 2.0
3920 351029 2.0
3921 351109 2.0
3922 351191 2.0
3923 351271 2.0
3924 351363 2.0
3925 351423 2.0
3926 351508 2.0
3927 351584 2.0
3928 351660 2.0
3929 351744 2.0
3930 351810 2.0
3931 351875 2.0
3932 351947 2.0
3933 352016 2.0
3934 352082 2.0
3935 352151 2.0
3936 352233 2.0
3937 352317 2.0
3938 352379 2.0
3939 352455 2.0
3940 352529 2.0
3941 352592 2.0
3942 352661 2.0
3943 352740 2.0
3944 352807 2.0
3945 352892 2.0
3946 352982 2.0
3947 353164 2.0
3948 353229 2.0
3949 353294 2.0
3950 353361 2.0
3951 353450 2.0
3952 353517 2.0
3953 353586 2.0
3954 353657 2.0
3955 353735 2.0
3956 353800 2.0
3957 353858 2.0
3958 353928 2.0
3959 353990 2.0
3960 354075 2.0
3961 354137 2.0
3962 354201 2.0
3963 354287 2.0
3964 354364 2.0
3965 354432 2.0
3966 354508 2.0
3967 354591 2.0
3968 354684 2.0
3969 354754 2.0
3970 354821 2.0
3971 354882 2.0
3972 354955 2.0
3973 355024 2.0
3974 355097 2.0
3975 355164 2.0
3976 355232 2.0
3977 355305 2.0
3978 355380 2.0
3979 355473 2.0
3980 355546 2.0
3981 355612 2.0
3982 355726 2.0
3983 355815 2.0
3984 355880 2.0
3985 355937 2.0
3986 356036 2.0
3987 356107 2.0
3988 356172 2.0
3989 356230 2.0
3990 356294 2.0
3991 356373 2.0
3992 356450 2.0
3993 356526 2.0
3994 356610 2.0
3995 356688 2.0
3996 356769 2.0
3997 356842 2.0
3998 356902 2.0
3999 357006 2.0
4000 357065 2.0
4001 357179 2.0
4002 357235 2.0
4003 357297 2.0
4004 357514 2.0
4005 357584 2.0
4006 357675 2.0
4007 357751 2.0
4008 357837 2.0
4009 357911 2.0
4010 358017 2.0
4011 358086 2.0
4012 358150 2.0
4013 358226 2.0
4014 358298 2.0
4015 358362 2.0
4016 358434 2.0
4017 358510 2.0
4018 358584 2.0
4019 358665 2.0
4020 358734 2.0
4021 358791 2.0
4022 358913 2.0
4023 358990 2.0
4024 359092 2.0
4025 359167 2.0
4026 359240 2.0
4027 359481 2.0
4028 359566 2.0
4029 359635 2.0
4030 359712 2.0
4031 359788 2.0
4032 359999 2.0
4033 360091 2.0
4034 360153 2.0
4035 360258 2.0
4036 360325 2.0
4037 360424 2.0
4038 360494 2.0
4039 360550 2.0
4040 360644 2.0
4041 360712 2.0
4042 360773 2.0
4043 360838 2.0
4044 360919 2.0
4045 360995 2.0
4046 361060 2.0
4047 361123 2.0
4048 361204 2.0
4049 361282 2.0
4050 361368 2.0
4051 361431 2.0
4052 361522 2.0
4053 361587 2.0
4054 361666 2.0
4055 361749 2.0
4056 361866 2.0
4057 361941 2.0
4058 362023 2.0
4059 362101 2.0
4060 362163 2.0
4061 362234 2.0
4062 362303 2.0
4063 362375 2.0
4064 362520 2.0
4065 362586 2.0
4066 362655 2.0
4067 362723 2.0
4068 362813 2.0
4069 362916 2.0
4070 362978 2.0
4071 363036 2.0
4072 363113 2.0
4073 363197 2.0
4074 363267 2.0
4075 363341 2.0
4076 363410 2.0
4077 363481 2.0
4078 363540 2.0
4079 363651 2.0
4080 363718 2.0
4081 363797 2.0
4082 363887 2.0
4083 363938 2.0
4084 364037 2.0
4085 364095 2.0
4086 364151 2.0
4087 364234 2.0
4088 364346 2.0
4089 364436 2.0
4090 364510 2.0
4091 364586 2.0
4092 364641 2.0
4093 364719 2.0
4094 364778 2.0
4095 364842 2.0
4096 364941 2.0
4097 365014 2.0
4098 365097 2.0
4099 365185 2.0
4100 365258 2.0
4101 365362 2.0
4102 365456 2.0
4103 365528 2.0
4104 365671 2.0
4105 365742 2.0
4106 365924 2.0
4107 366022 2.0
4108 366081 2.0
4109 366164 2.0
4110 366233 2.0
4111 366300 2.0
4112 366372 2.0
4113 366443 2.0
4114 366513 2.0
4115 366579 2.0
4116 366661 2.0
4117 366729 2.0
4118 366797 2.0
4119 366864 2.0
4120 366954 2.0
4121 367021 2.0
4122 367091 2.0
4123 367163 2.0
4124 367228 2.0
4125 367350 2.0
4126 367429 2.0
4127 367495 2.0
4128 367569 2.0
4129 367642 2.0
4130 367723 2.0
4131 367793 2.0
4132 367867 2.0
4133 367943 2.0
4134 368013 2.0
4135 368071 2.0
4136 368130 2.0
4137 368202 2.0
4138 368269 2.0
4139 368355 2.0
4140 368411 2.0
4141 368474 2.0
4142 368540 2.0
4143 368603 2.0
4144 368690 2.0
4145 368760 2.0
4146 368890 2.0
4147 368967 2.0
4148 369069 2.0
4149 369135 2.0
4150 369213 2.0
4151 369305 2.0
4152 369412 2.0
4153 369476 2.0
4154 369562 2.0
4155 369641 2.0
4156 369694 2.0
4157 369757 2.0
4158 369848 2.0
4159 369953 2.0
4160 370026 2.0
4161 370078 2.0
4162 370153 2.0
4163 370202 2.0
4164 370278 2.0
4165 370355 2.0
4166 370428 2.0
4167 370498 2.0
4168 370562 2.0
4169 370622 2.0
4170 370699 2.0
4171 370787 2.0
4172 370886 2.0
4173 370957 2.0
4174 371025 2.0
4175 371103 2.0
4176 371196 2.0
4177 371287 2.0
4178 371380 2.0
4179 371454 2.0
4180 371533 2.0
4181 371599 2.0
4182 371731 2.0
4183 371805 2.0
4184 371890 2.0
4185 371960 2.0
4186 372065 2.0
4187 372122 2.0
4188 372248 2.0
4189 372318 2.0
4190 372445 2.0
4191 372525 2.0
4192 372585 2.0
4193 372670 2.0
4194 372783 2.0
4195 372900 2.0
4196 372985 2.0
4197 373053 2.0
4198 373125 2.0
4199 373184 2.0
4200 373262 2.0
4201 373316 2.0
4202 373387 2.0
4203 373480 2.0
4204 373553 2.0
4205 373639 2.0
4206 373699 2.0
4207 373762 2.0
4208 373848 2.0
4209 373928 2.0
4210 373999 2.0
4211 374055 2.0
4212 374133 2.0
4213 374216 2.0
4214 374290 2.0
4215 374349 2.0
4216 374431 2.0
4217 374496 2.0
4218 374573 2.0
4219 374651 2.0
4220 374731 2.0
4221 374834 2.0
4222 374914 2.0
4223 374994 2.0
4224 375072 2.0
4225 375140 2.0
4226 375223 2.0
4227 375304 2.0
4228 375384 2.0
4229 375467 2.0
4230 375530 2.0
4231 375590 2.0
4232 375663 2.0
4233 375720 2.0
4234 375792 2.0
4235 375866 2.0
4236 375930 2.0
4237 376050 2.0
4238 376129 2.0
4239 376206 2.0
4240 376271 2.0
4241 376369 2.0
4242 376456 2.0
4243 376523 2.0
4244 376629 2.0
4245 376696 2.0
4246 376764 2.0
4247 376967 2.0
4248 377045 2.0
4249 377114 2.0
4250 377215 2.0
4251 377281 2.0
4252 377361 2.0
4253 377428 2.0
4254 377508 2.0
4255 377572 2.0
4256 377653 2.0
4257 377740 2.0
4258 377796 2.0
4259 377866 2.0
4260 378024 2.0
4261 378123 2.0
4262 378210 2.0
4263 378289 2.0
4264 378363 2.0
4265 378456 2.0
4266 378521 2.0
4267 378593 2.0
4268 378654 2.0
4269 378731 2.0
4270 378801 2.0
4271 378916 2.0
4272 378981 2.0
4273 379040 2.0
4274 379107 2.0
4275 379181 2.0
4276 379263 2.0
4277 379340 2.0
4278 379426 2.0
4279 379518 2.0
4280 379587 2.0
4281 379656 2.0
4282 379717 2.0
4283 379785 2.0
4284 379929 2.0
4285 379988 2.0
4286 380065 2.0
4287 380142 2.0
4288 380205 2.0
4289 380277 2.0
4290 380339 2.0
4291 380399 2.0
4292 380476 2.0
4293 380549 2.0
4294 380616 2.0
4295 380707 2.0
4296 380789 2.0
4297 380866 2.0
4298 380927 2.0
4299 381011 2.0
4300 381096 2.0
4301 381173 2.0
4302 381254 2.0
4303 381373 2.0
4304 381448 2.0
4305 381530 2.0
4306 381587 2.0
4307 381652 2.0
4308 381712 2.0
4309 381788 2.0
4310 381882 2.0
4311 381949 2.0
4312 382030 2.0
4313 382110 2.0
4314 382192 2.0
4315 382286 2.0
4316 382358 2.0
4317 382441 2.0
4318 382518 2.0
4319 382592 2.0
4320 382647 2.0
4321 382724 2.0
4322 382797 2.0
4323 382875 2.0
4324 382938 2.0
4325 383050 2.0
4326 383111 2.0
4327 383192 2.0
4328 383262 2.0
4329 383332 2.0
4330 383401 2.0
4331 383458 2.0
4332 383528 2.0
4333 383626 2.0
4334 383697 2.0
4335 383783 2.0
4336 383847 2.0
4337 383920 2.0
4338 384026 2.0
4339 384095 2.0
4340 384240 2.0
4341 384303 2.0
4342 384372 2.0
4343 384442 2.0
4344 384496 2.0
4345 384577 2.0
4346 384651 2.0
4347 384713 2.0
4348 384773 2.0
4349 384867 2.0
4350 384938 2.0
4351 385023 2.0
4352 385168 2.0
4353 385239 2.0
4354 385304 2.0
4355 385391 2.0
4356 385453 2.0
4357 385523 2.0
4358 385585 2.0
4359 385647 2.0
4360 385725 2.0
4361 385824 2.0
4362 385910 2.0
4363 385977 2.0
4364 386113 2.0
4365 386187 2.0
4366 386300 2.0
4367 386357 2.0
4368 386421 2.0
4369 386488 2.0
4370 386553 2.0
4371 386628 2.0
4372 386695 2.0
4373 386804 2.0
4374 386862 2.0
4375 386946 2.0
4376 387028 2.0
4377 387083 2.0
4378 387165 2.0
4379 387235 2.0
4380 387324 2.0
4381 387408 2.0
4382 387483 2.0
4383 387563 2.0
4384 387623 2.0
4385 387690 2.0
4386 387753 2.0
4387 387817 2.0
4388 388089 2.0
4389 388161 2.0
4390 388231 2.0
4391 388299 2.0
4392 388367 2.0
4393 388434 2.0
4394 388501 2.0
4395 388563 2.0
4396 388629 2.0
4397 388718 2.0
4398 388796 2.0
4399 388858 2.0
4400 388936 2.0
4401 389006 2.0
4402 389114 2.0
4403 389175 2.0
4404 389244 2.0
4405 389307 2.0
4406 389365 2.0
4407 389432 2.0
4408 389524 2.0
4409 389595 2.0
4410 389673 2.0
4411 389741 2.0
4412 389823 2.0
4413 389889 2.0
4414 389966 2.0
4415 390034 2.0
4416 390094 2.0
4417 390169 2.0
4418 390240 2.0
4419 390334 2.0
4420 390445 2.0
4421 390507 2.0
4422 390580 2.0
4423 390652 2.0
4424 390816 2.0
4425 390893 2.0
4426 390967 2.0
4427 391039 2.0
4428 391098 2.0
4429 391159 2.0
4430 391260 2.0
4431 391317 2.0
4432 391384 2.0
4433 391449 2.0
4434 391531 2.0
4435 391635 2.0
4436 391696 2.0
4437 391778 2.0
4438 391840 2.0
4439 391927 2.0
