1 300 0.19
2 600 0.2
3 900 0.21000000000000002
4 1200 0.22000000000000003
5 1500 0.22000000000000003
6 1800 0.22000000000000003
7 2100 0.23
8 2400 0.24000000000000002
9 2700 0.25
10 3000 0.25
11 3300 0.26
12 3600 0.27
13 3900 0.28
14 4200 0.29000000000000004
15 4500 0.30000000000000004
16 4800 0.31000000000000005
17 5100 0.31000000000000005
18 5400 0.32000000000000006
19 5700 0.33000000000000007
20 6000 0.34
21 6300 0.35000000000000003
22 6600 0.36000000000000004
23 6900 0.37000000000000005
24 7200 0.38000000000000006
25 7500 0.39
26 7800 0.4
27 8100 0.41000000000000003
28 8400 0.42000000000000004
29 8700 0.43000000000000005
30 9000 0.44000000000000006
31 9300 0.45000000000000007
32 9550 0.4600000000000001
33 9850 0.4600000000000001
34 10150 0.47000000000000003
35 10450 0.48000000000000004
36 10694 0.49000000000000005
37 10994 0.49000000000000005
38 11294 0.5
39 11594 0.51
40 11860 0.52
41 12160 0.52
42 12460 0.53
43 12760 0.54
44 13060 0.55
45 13360 0.56
46 13660 0.5700000000000001
47 13960 0.5800000000000001
48 14260 0.5900000000000001
49 14560 0.6000000000000001
50 14860 0.6100000000000001
51 15160 0.6200000000000001
52 15460 0.63
53 15760 0.64
54 16060 0.65
55 16360 0.66
56 16660 0.67
57 16960 0.68
58 17260 0.6900000000000001
59 17560 0.7000000000000001
60 17860 0.7100000000000001
61 18160 0.7200000000000001
62 18460 0.7300000000000001
63 18760 0.74
64 19060 0.75
65 19262 0.76
66 19562 0.76
67 19862 0.77
68 20162 0.78
69 20326 0.79
70 20626 0.79
71 20926 0.8
72 21226 0.81
73 21440 0.8200000000000001
74 21599 0.8200000000000001
75 21743 0.8200000000000001
76 22043 0.8200000000000001
77 22343 0.8300000000000001
78 22643 0.8400000000000001
79 22943 0.8500000000000001
80 23243 0.8600000000000001
81 23543 0.8700000000000001
82 23843 0.8800000000000001
83 24107 0.8900000000000001
84 24262 0.8900000000000001
85 24562 0.8900000000000001
86 24862 0.9000000000000001
87 25080 0.9100000000000001
88 25380 0.9100000000000001
89 25526 0.9200000000000002
90 25826 0.9200000000000002
91 25956 0.9300000000000002
92 26107 0.9300000000000002
93 26360 0.9300000000000002
94 26598 0.9300000000000002
95 26898 0.9300000000000002
96 27027 0.9400000000000002
97 27187 0.9400000000000002
98 27487 0.9400000000000002
99 27693 0.9500000000000002
100 27993 0.9500000000000002
101 28145 0.9600000000000002
102 28311 0.9600000000000002
103 28476 0.9600000000000002
104 28776 0.9600000000000002
105 29076 0.9700000000000002
106 29264 0.9800000000000002
107 29379 0.9800000000000002
108 29548 0.9800000000000002
109 29848 0.9800000000000002
110 29912 0.9900000000000002
111 30133 0.9900000000000002
112 30215 0.9900000000000002
113 30345 0.9900000000000002
114 30459 0.9900000000000002
115 30604 0.9900000000000002
116 30904 0.9900000000000002
117 31030 1.0
118 31145 1.0
119 31263 1.0
120 31377 1.0
121 31626 1.0
122 31757 1.0
123 31841 1.0
124 31983 1.0
125 32142 1.0
126 32221 1.0
127 32393 1.0
128 32519 1.0
129 32628 1.0
130 32720 1.0
131 32806 1.0
132 32936 1.0
133 33141 1.0
134 33237 1.0
135 33403 1.0
136 33494 1.0
137 33561 1.0
138 33665 1.0
139 33809 1.0
140 33946 1.0
141 34093 1.0
142 34169 1.0
143 34389 1.0
144 34645 1.0
145 34735 1.0
146 34915 1.0
147 34978 1.0
148 35171 1.0
149 35308 1.0
150 35471 1.0
151 35683 1.0
152 35779 1.0
153 35905 1.0
154 35982 1.0
155 36113 1.0
156 36201 1.0
157 36330 1.0
158 36419 1.0
159 36516 1.0
160 36634 1.0
161 36769 1.0
162 36837 1.0
163 36923 1.0
164 37033 1.0
165 37107 1.0
166 37257 1.0
167 37360 1.0
168 37551 1.0
169 37707 1.0
170 37806 1.0
171 37926 1.0
172 38004 1.0
173 38079 1.0
174 38181 1.0
175 38268 1.0
176 38395 1.0
177 38488 1.0
178 38643 1.0
179 38809 1.0
180 38927 1.0
181 39050 1.0
182 39183 1.0
183 39306 1.0
184 39465 1.0
185 39633 1.0
186 39720 1.0
187 39804 1.0
188 39922 1.0
189 40064 1.0
190 40221 1.0
191 40287 1.0
192 40441 1.0
193 40596 1.0
194 40742 1.0
195 40806 1.0
196 40872 1.0
197 40976 1.0
198 41074 1.0
199 41158 1.0
200 41233 1.0
201 41299 1.0
202 41403 1.0
203 41504 1.0
204 41613 1.0
205 41678 1.0
206 41753 1.0
207 41877 1.0
208 41996 1.0
209 42059 1.0
210 42175 1.0
211 42245 1.0
212 42308 1.0
213 42428 1.0
214 42530 1.0
215 42620 1.0
216 42771 1.0
217 42855 1.0
218 42949 1.0
219 43098 1.0
220 43182 1.0
221 43272 1.0
222 43374 1.0
223 43463 1.0
224 43590 1.0
225 43664 1.0
226 43774 1.0
227 43868 1.0
228 43933 1.0
229 44020 1.0
230 44095 1.0
231 44164 1.0
232 44301 1.0
233 44362 1.0
234 44561 1.0
235 44659 1.0
236 44728 1.0
237 44852 1.0
238 44950 1.0
239 45061 1.0
240 45161 1.0
241 45241 1.0
242 45363 1.0
243 45417 1.0
244 45498 1.0
245 45564 1.0
246 45671 1.0
247 45767 1.0
248 45925 1.0
249 45998 1.0
250 46124 1.0
251 46199 1.0
252 46283 1.0
253 46367 1.0
254 46564 1.0
255 46638 1.0
256 46719 1.0
257 46831 1.0
258 46979 1.0
259 47054 1.0
260 47127 1.0
261 47202 1.0
262 47273 1.0
263 47387 1.0
264 47482 1.0
265 47571 1.0
266 47688 1.0
267 47756 1.0
268 47864 1.0
269 47975 1.0
270 48070 1.0
271 48124 1.0
272 48174 1.0
273 48253 1.0
274 48321 1.0
275 48420 1.0
276 48485 1.0
277 48551 1.0
278 48691 1.0
279 48778 1.0
280 48842 1.0
281 48933 1.0
282 49020 1.0
283 49090 1.0
284 49171 1.0
285 49287 1.0
286 49435 1.0
287 49552 1.0
288 49639 1.0
289 49740 1.0
290 49899 1.0
291 49985 1.0
292 50051 1.0
293 50162 1.0
294 50241 1.0
295 50392 1.0
296 50498 1.0
297 50562 1.0
298 50758 1.0
299 50832 1.0
300 50913 1.0
301 51011 1.0
302 51090 1.0
303 51165 1.0
304 51251 1.0
305 51330 1.0
306 51445 1.0
307 51553 1.0
308 51606 1.0
309 51661 1.0
310 51731 1.0
311 51820 1.0
312 51902 1.0
313 51988 1.0
314 52059 1.0
315 52142 1.0
316 52236 1.0
317 52346 1.0
318 52422 1.0
319 52485 1.0
320 52559 1.0
321 52641 1.0
322 52724 1.0
323 52790 1.0
324 52876 1.0
325 52949 1.0
326 53052 1.0
327 53125 1.0
328 53203 1.0
329 53283 1.0
330 53368 1.0
331 53465 1.0
332 53528 1.0
333 53591 1.0
334 53695 1.0
335 53795 1.0
336 53862 1.0
337 53955 1.0
338 54033 1.0
339 54133 1.0
340 54234 1.0
341 54299 1.0
342 54362 1.0
343 54448 1.0
344 54546 1.0
345 54629 1.0
346 54703 1.0
347 54765 1.0
348 54814 1.0
349 54892 1.0
350 54979 1.0
351 55067 1.0
352 55137 1.0
353 55203 1.0
354 55250 1.0
355 55352 1.0
356 55479 1.0
357 55541 1.0
358 55587 1.0
359 55668 1.0
360 55824 1.0
361 55891 1.0
362 55971 1.0
363 56035 1.0
364 56113 1.0
365 56281 1.0
366 56373 1.0
367 56443 1.0
368 56540 1.0
369 56622 1.0
370 56677 1.0
371 56752 1.0
372 56815 1.0
373 56887 1.0
374 56938 1.0
375 57031 1.0
376 57090 1.0
377 57172 1.0
378 57243 1.0
379 57310 1.0
380 57381 1.0
381 57459 1.0
382 57556 1.0
383 57644 1.0
384 57785 1.0
385 57848 1.0
386 57911 1.0
387 57990 1.0
388 58049 1.0
389 58171 1.0
390 58262 1.0
391 58325 1.0
392 58397 1.0
393 58462 1.0
394 58529 1.0
395 58624 1.0
396 58699 1.0
397 58771 1.0
398 58835 1.0
399 58935 1.0
400 59002 1.0
401 59072 1.0
402 59129 1.0
403 59197 1.0
404 59264 1.0
405 59359 1.0
406 59445 1.0
407 59537 1.0
408 59620 1.0
409 59748 1.0
410 59827 1.0
411 59949 1.0
412 60016 1.0
413 60082 1.0
414 60151 1.0
415 60227 1.0
416 60296 1.0
417 60352 1.0
418 60424 1.0
419 60470 1.0
420 60552 1.0
421 60609 1.0
422 60682 1.0
423 60751 1.0
424 60805 1.0
425 60897 1.0
426 60976 1.0
427 61078 1.0
428 61165 1.0
429 61244 1.0
430 61325 1.0
431 61431 1.0
432 61495 1.0
433 61541 1.0
434 61620 1.0
435 61694 1.0
436 61761 1.0
437 61895 1.0
438 61956 1.0
439 62017 1.0
440 62071 1.0
441 62181 1.0
442 62260 1.0
443 62322 1.0
444 62406 1.0
445 62471 1.0
446 62556 1.0
447 62631 1.0
448 62726 1.0
449 62811 1.0
450 62870 1.0
451 62927 1.0
452 62985 1.0
453 63047 1.0
454 63162 1.0
455 63242 1.0
456 63384 1.0
457 63499 1.0
458 63630 1.0
459 63708 1.0
460 63769 1.0
461 63893 1.0
462 63956 1.0
463 64034 1.0
464 64110 1.0
465 64223 1.0
466 64286 1.0
467 64357 1.0
468 64410 1.0
469 64487 1.0
470 64574 1.0
471 64690 1.0
472 64779 1.0
473 64847 1.0
474 64941 1.0
475 65021 1.0
476 65074 1.0
477 65173 1.0
478 65254 1.0
479 65320 1.0
480 65381 1.0
481 65468 1.0
482 65534 1.0
483 65613 1.0
484 65678 1.0
485 65746 1.0
486 65814 1.0
487 65879 1.0
488 65956 1.0
489 66005 1.0
490 66087 1.0
491 66155 1.0
492 66207 1.0
493 66278 1.0
494 66350 1.0
495 66484 1.0
496 66553 1.0
497 66619 1.0
498 66676 1.0
499 66855 1.0
500 66932 1.0
501 67000 1.0
502 67090 1.0
503 67176 1.0
504 67244 1.0
505 67310 1.0
506 67380 1.0
507 67469 1.0
508 67577 1.0
509 67692 1.0
510 67781 1.0
511 67844 1.0
512 67921 1.0
513 67981 1.0
514 68049 1.0
515 68109 1.0
516 68233 1.0
517 68332 1.0
518 68425 1.0
519 68504 1.0
520 68603 1.0
521 68674 1.0
522 68806 1.0
523 68901 1.0
524 68967 1.0
525 69047 1.0
526 69133 1.0
527 69185 1.0
528 69251 1.0
529 69311 1.0
530 69388 1.0
531 69448 1.0
532 69507 1.0
533 69598 1.0
534 69677 1.0
535 69756 1.0
536 69815 1.0
537 69914 1.0
538 69990 1.0
539 70084 1.0
540 70165 1.0
541 70271 1.0
542 70342 1.0
543 70421 1.0
544 70498 1.0
545 70599 1.0
546 70689 1.0
547 70755 1.0
548 70820 1.0
549 70903 1.0
550 70972 1.0
551 71042 1.0
552 71119 1.0
553 71215 1.0
554 71300 1.0
555 71360 1.0
556 71427 1.0
557 71525 1.0
558 71589 1.0
559 71666 1.0
560 71757 1.0
561 71804 1.0
562 71925 1.0
563 72006 1.0
564 72104 1.0
565 72181 1.0
566 72314 1.0
567 72377 1.0
568 72455 1.0
569 72531 1.0
570 72627 1.0
571 72694 1.0
572 72757 1.0
573 72816 1.0
574 72899 1.0
575 72969 1.0
576 73036 1.0
577 73122 1.0
578 73186 1.0
579 73262 1.0
580 73369 1.0
581 73455 1.0
582 73523 1.0
583 73600 1.0
584 73677 1.0
585 73762 1.0
586 73934 1.0
587 74029 1.0
588 74090 1.0
589 74183 1.0
590 74274 1.0
591 74405 1.0
592 74462 1.0
593 74520 1.0
594 74629 1.0
595 74702 1.0
596 74766 1.0
597 74828 1.0
598 74874 1.0
599 74961 1.0
600 75015 1.0
601 75083 1.0
602 75169 1.0
603 75242 1.0
604 75325 1.0
605 75404 1.0
606 75459 1.0
607 75546 1.0
608 75651 1.0
609 75758 1.0
610 75827 1.0
611 75921 1.0
612 76023 1.0
613 76101 1.0
614 76205 1.0
615 76297 1.0
616 76346 1.0
617 76406 1.0
618 76469 1.0
619 76530 1.0
620 76607 1.0
621 76716 1.0
622 76816 1.0
623 76902 1.0
624 76973 1.0
625 77041 1.0
626 77095 1.0
627 77160 1.0
628 77217 1.0
629 77293 1.0
630 77365 1.0
631 77446 1.0
632 77499 1.0
633 77578 1.0
634 77722 1.0
635 77793 1.0
636 77850 1.0
637 77918 1.0
638 77983 1.0
639 78055 1.0
640 78114 1.0
641 78208 1.0
642 78258 1.0
643 78339 1.0
644 78431 1.0
645 78505 1.0
646 78584 1.0
647 78664 1.0
648 78733 1.0
649 78789 1.0
650 78865 1.0
651 78949 1.0
652 79023 1.0
653 79095 1.0
654 79158 1.0
655 79224 1.0
656 79295 1.0
657 79373 1.0
658 79426 1.0
659 79496 1.0
660 79560 1.0
661 79637 1.0
662 79732 1.0
663 79779 1.0
664 79883 1.0
665 79967 1.0
666 80055 1.0
667 80129 1.0
668 80227 1.0
669 80312 1.0
670 80381 1.0
671 80453 1.0
672 80519 1.0
673 80607 1.0
674 80689 1.0
675 80773 1.0
676 80837 1.0
677 80911 1.0
678 81004 1.0
679 81060 1.0
680 81134 1.0
681 81206 1.0
682 81272 1.0
683 81339 1.0
684 81422 1.0
685 81487 1.0
686 81538 1.0
687 81651 1.0
688 81748 1.0
689 81825 1.0
690 81892 1.0
691 81985 1.0
692 82119 1.0
693 82178 1.0
694 82248 1.0
695 82321 1.0
696 82396 1.0
697 82488 1.0
698 82590 1.0
699 82672 1.0
700 82751 1.0
701 82838 1.0
702 82897 1.0
703 82965 1.0
704 83049 1.0
705 83116 1.0
706 83221 1.0
707 83291 1.0
708 83373 1.0
709 83433 1.0
710 83489 1.0
711 83583 1.0
712 83658 1.0
713 83771 1.0
714 83826 1.0
715 83895 1.0
716 83972 1.0
717 84034 1.0
718 84086 1.0
719 84164 1.0
720 84253 1.0
721 84327 1.0
722 84417 1.0
723 84493 1.0
724 84589 1.0
725 84648 1.0
726 84729 1.0
727 84783 1.0
728 84846 1.0
729 84915 1.0
730 84997 1.0
731 85050 1.0
732 85110 1.0
733 85166 1.0
734 85235 1.0
735 85296 1.0
736 85383 1.0
737 85464 1.0
738 85527 1.0
739 85611 1.0
740 85691 1.0
741 85762 1.0
742 85836 1.0
743 85886 1.0
744 86001 1.0
745 86072 1.0
746 86126 1.0
747 86237 1.0
748 86328 1.0
749 86396 1.0
750 86477 1.0
751 86563 1.0
752 86637 1.0
753 86693 1.0
754 86768 1.0
755 86813 1.0
756 86898 1.0
757 86959 1.0
758 87017 1.0
759 87068 1.0
760 87127 1.0
761 87200 1.0
762 87277 1.0
763 87349 1.0
764 87414 1.0
765 87474 1.0
766 87565 1.0
767 87627 1.0
768 87688 1.0
769 87755 1.0
770 87809 1.0
771 87877 1.0
772 87937 1.0
773 87988 1.0
774 88062 1.0
775 88124 1.0
776 88192 1.0
777 88249 1.0
778 88320 1.0
779 88391 1.0
780 88469 1.0
781 88528 1.0
782 88594 1.0
783 88679 1.0
784 88724 1.0
785 88798 1.0
786 88859 1.0
787 88925 1.0
788 88998 1.0
789 89048 1.0
790 89135 1.0
791 89214 1.0
792 89297 1.0
793 89351 1.0
794 89446 1.0
795 89517 1.0
796 89568 1.0
797 89644 1.0
798 89726 1.0
799 89784 1.0
800 89855 1.0
801 89947 1.0
802 90037 1.0
803 90124 1.0
804 90195 1.0
805 90254 1.0
806 90303 1.0
807 90396 1.0
808 90482 1.0
809 90538 1.0
810 90605 1.0
811 90691 1.0
812 90754 1.0
813 90827 1.0
814 90900 1.0
815 90961 1.0
816 91028 1.0
817 91127 1.0
818 91183 1.0
819 91257 1.0
820 91340 1.0
821 91403 1.0
822 91451 1.0
823 91496 1.0
824 91548 1.0
825 91628 1.0
826 91702 1.0
827 91766 1.0
828 91875 1.0
829 91957 1.0
830 92024 1.0
831 92086 1.0
832 92144 1.0
833 92225 1.0
834 92288 1.0
835 92345 1.0
836 92407 1.0
837 92463 1.0
838 92528 1.0
839 92626 1.0
840 92697 1.0
841 92761 1.0
842 92835 1.0
843 92913 1.0
844 92976 1.0
845 93056 1.0
846 93124 1.0
847 93183 1.0
848 93248 1.0
849 93323 1.0
850 93381 1.0
851 93458 1.0
852 93530 1.0
853 93589 1.0
854 93653 1.0
855 93718 1.0
856 93792 1.0
857 93868 1.0
858 93962 1.0
859 94032 1.0
860 94117 1.0
861 94172 1.0
862 94238 1.0
863 94297 1.0
864 94369 1.0
865 94434 1.0
866 94499 1.0
867 94562 1.0
868 94621 1.0
869 94701 1.0
870 94772 1.0
871 94856 1.0
872 94902 1.0
873 94981 1.0
874 95046 1.0
875 95158 1.0
876 95214 1.0
877 95273 1.0
878 95342 1.0
879 95393 1.0
880 95462 1.0
881 95519 1.0
882 95570 1.0
883 95633 1.0
884 95712 1.0
885 95826 1.0
886 95927 1.0
887 96029 1.0
888 96095 1.0
889 96170 1.0
890 96242 1.0
891 96318 1.0
892 96375 1.0
893 96448 1.0
894 96528 1.0
895 96592 1.0
896 96654 1.0
897 96706 1.0
898 96767 1.0
899 96823 1.0
900 96911 1.0
901 96971 1.0
902 97047 1.0
903 97128 1.0
904 97187 1.0
905 97255 1.0
906 97314 1.0
907 97376 1.0
908 97439 1.0
909 97513 1.0
910 97570 1.0
911 97647 1.0
912 97719 1.0
913 97788 1.0
914 97855 1.0
915 97977 1.0
916 98038 1.0
917 98103 1.0
918 98169 1.0
919 98230 1.0
920 98296 1.0
921 98358 1.0
922 98410 1.0
923 98474 1.0
924 98577 1.0
925 98660 1.0
926 98725 1.0
927 98799 1.0
928 98904 1.0
929 98961 1.0
930 99017 1.0
931 99072 1.0
932 99120 1.0
933 99187 1.0
934 99256 1.0
935 99351 1.0
936 99416 1.0
937 99477 1.0
938 99556 1.0
939 99627 1.0
940 99699 1.0
941 99768 1.0
942 99833 1.0
943 99884 1.0
944 99952 1.0
945 100035 1.0
946 100116 1.0
947 100172 1.0
948 100229 1.0
949 100279 1.0
950 100335 1.0
951 100432 1.0
952 100513 1.0
953 100601 1.0
954 100663 1.0
955 100727 1.0
956 100786 1.0
957 100853 1.0
958 100922 1.0
959 101002 1.0
960 101085 1.0
961 101157 1.0
962 101216 1.0
963 101286 1.0
964 101353 1.0
965 101418 1.0
966 101513 1.0
967 101568 1.0
968 101630 1.0
969 101693 1.0
970 101761 1.0
971 101837 1.0
972 101904 1.0
973 101969 1.0
974 102120 1.0
975 102179 1.0
976 102233 1.0
977 102316 1.0
978 102386 1.0
979 102455 1.0
980 102531 1.0
981 102628 1.0
982 102704 1.0
983 102763 1.0
984 102813 1.0
985 102874 1.0
986 102935 1.0
987 103008 1.0
988 103071 1.0
989 103145 1.0
990 103205 1.0
991 103280 1.0
992 103338 1.0
993 103411 1.0
994 103464 1.0
995 103531 1.0
996 103586 1.0
997 103669 1.0
998 103726 1.0
999 103800 1.0
1000 103875 1.0
1001 103962 1.0
1002 104020 1.0
1003 104107 1.0
1004 104208 1.0
1005 104264 1.0
1006 104333 1.0
1007 104388 1.0
1008 104462 1.0
1009 104528 1.0
1010 104635 1.0
1011 104694 1.0
1012 104760 1.0
1013 104806 1.0
1014 104889 1.0
1015 104940 1.0
1016 105009 1.0
1017 105102 1.0
1018 105165 1.0
1019 105219 1.0
1020 105286 1.0
1021 105364 1.0
1022 105419 1.0
1023 105481 1.0
1024 105531 1.0
1025 105574 1.0
1026 105650 1.0
1027 105710 1.0
1028 105772 1.0
1029 105856 1.0
1030 105917 1.0
1031 106026 1.0
1032 106102 1.0
1033 106181 1.0
1034 106257 1.0
1035 106312 1.0
1036 106368 1.0
1037 106447 1.0
1038 106522 1.0
1039 106603 1.0
1040 106658 1.0
1041 106736 1.0
1042 106814 1.0
1043 106903 1.0
1044 106969 1.0
1045 107022 1.0
1046 107077 1.0
1047 107145 1.0
1048 107214 1.0
1049 107282 1.0
1050 107364 1.0
1051 107428 1.0
1052 107499 1.0
1053 107558 1.0
1054 107619 1.0
1055 107707 1.0
1056 107775 1.0
1057 107849 1.0
1058 107939 1.0
1059 108002 1.0
1060 108071 1.0
1061 108136 1.0
1062 108208 1.0
1063 108285 1.0
1064 108347 1.0
1065 108485 1.0
1066 108535 1.0
1067 108614 1.0
1068 108667 1.0
1069 108765 1.0
1070 108837 1.0
1071 108939 1.0
1072 109018 1.0
1073 109081 1.0
1074 109142 1.0
1075 109202 1.0
1076 109274 1.0
1077 109336 1.0
1078 109393 1.0
1079 109479 1.0
1080 109527 1.0
1081 109597 1.0
1082 109682 1.0
1083 109750 1.0
1084 109799 1.0
1085 109884 1.0
1086 109938 1.0
1087 109994 1.0
1088 110057 1.0
1089 110110 1.0
1090 110173 1.0
1091 110244 1.0
1092 110312 1.0
1093 110376 1.0
1094 110440 1.0
1095 110507 1.0
1096 110586 1.0
1097 110642 1.0
1098 110710 1.0
1099 110758 1.0
1100 110824 1.0
1101 110932 1.0
1102 110988 1.0
1103 111072 1.0
1104 111132 1.0
1105 111188 1.0
1106 111239 1.0
1107 111294 1.0
1108 111356 1.0
1109 111451 1.0
1110 111507 1.0
1111 111587 1.0
1112 111656 1.0
1113 111712 1.0
1114 111770 1.0
1115 111825 1.0
1116 111891 1.0
1117 111972 1.0
1118 112029 1.0
1119 112094 1.0
1120 112173 1.0
1121 112234 1.0
1122 112296 1.0
1123 112358 1.0
1124 112403 1.0
1125 112497 1.0
1126 112627 1.0
1127 112688 1.0
1128 112758 1.0
1129 112837 1.0
1130 112901 1.0
1131 112962 1.0
1132 113020 1.0
1133 113078 1.0
1134 113155 1.0
1135 113230 1.0
1136 113302 1.0
1137 113384 1.0
1138 113460 1.0
1139 113514 1.0
1140 113596 1.0
1141 113661 1.0
1142 113731 1.0
1143 113807 1.0
1144 113858 1.0
1145 113974 1.0
1146 114043 1.0
1147 114107 1.0
1148 114167 1.0
1149 114238 1.0
1150 114318 1.0
1151 114361 1.0
1152 114423 1.0
1153 114511 1.0
1154 114604 1.0
1155 114684 1.0
1156 114752 1.0
1157 114854 1.0
1158 114916 1.0
1159 114981 1.0
1160 115082 1.0
1161 115143 1.0
1162 115206 1.0
1163 115287 1.0
1164 115335 1.0
1165 115421 1.0
1166 115471 1.0
1167 115531 1.0
1168 115636 1.0
1169 115710 1.0
1170 115763 1.0
1171 115861 1.0
1172 115932 1.0
1173 115994 1.0
1174 116091 1.0
1175 116159 1.0
1176 116238 1.0
1177 116309 1.0
1178 116369 1.0
1179 116416 1.0
1180 116479 1.0
1181 116559 1.0
1182 116605 1.0
1183 116704 1.0
1184 116808 1.0
1185 116874 1.0
1186 116938 1.0
1187 116989 1.0
1188 117060 1.0
1189 117133 1.0
1190 117198 1.0
1191 117251 1.0
1192 117346 1.0
1193 117415 1.0
1194 117483 1.0
1195 117566 1.0
1196 117613 1.0
1197 117665 1.0
1198 117736 1.0
1199 117788 1.0
1200 117881 1.0
1201 117984 1.0
1202 118048 1.0
1203 118103 1.0
1204 118160 1.0
1205 118231 1.0
1206 118307 1.0
1207 118370 1.0
1208 118437 1.0
1209 118505 1.0
1210 118560 1.0
1211 118660 1.0
1212 118721 1.0
1213 118773 1.0
1214 118822 1.0
1215 118908 1.0
1216 118976 1.0
1217 119060 1.0
1218 119133 1.0
1219 119196 1.0
1220 119266 1.0
1221 119353 1.0
1222 119428 1.0
1223 119472 1.0
1224 119570 1.0
1225 119635 1.0
1226 119683 1.0
1227 119741 1.0
1228 119813 1.0
1229 119909 1.0
1230 119960 1.0
1231 120014 1.0
1232 120084 1.0
1233 120145 1.0
1234 120198 1.0
1235 120255 1.0
1236 120335 1.0
1237 120404 1.0
1238 120477 1.0
1239 120542 1.0
1240 120618 1.0
1241 120680 1.0
1242 120737 1.0
1243 120800 1.0
1244 120895 1.0
1245 120945 1.0
1246 121009 1.0
1247 121097 1.0
1248 121155 1.0
1249 121214 1.0
1250 121282 1.0
1251 121368 1.0
1252 121418 1.0
1253 121475 1.0
1254 121529 1.0
1255 121589 1.0
1256 121662 1.0
1257 121732 1.0
1258 121810 1.0
1259 121864 1.0
1260 121945 1.0
1261 122025 1.0
1262 122108 1.0
1263 122173 1.0
1264 122257 1.0
1265 122321 1.0
1266 122375 1.0
1267 122478 1.0
1268 122555 1.0
1269 122634 1.0
1270 122703 1.0
1271 122773 1.0
1272 122832 1.0
1273 122902 1.0
1274 123006 1.0
1275 123061 1.0
1276 123115 1.0
1277 123174 1.0
1278 123239 1.0
1279 123299 1.0
1280 123372 1.0
1281 123440 1.0
1282 123517 1.0
1283 123576 1.0
1284 123677 1.0
1285 123760 1.0
1286 123821 1.0
1287 123883 1.0
1288 123952 1.0
1289 124028 1.0
1290 124084 1.0
1291 124139 1.0
1292 124205 1.0
1293 124267 1.0
1294 124318 1.0
1295 124392 1.0
1296 124495 1.0
1297 124567 1.0
1298 124623 1.0
1299 124676 1.0
1300 124726 1.0
1301 124777 1.0
1302 124832 1.0
1303 124889 1.0
1304 124959 1.0
1305 125065 1.0
1306 125144 1.0
1307 125214 1.0
1308 125266 1.0
1309 125313 1.0
1310 125407 1.0
1311 125459 1.0
1312 125561 1.0
1313 125633 1.0
1314 125702 1.0
1315 125771 1.0
1316 125838 1.0
1317 125892 1.0
1318 125966 1.0
1319 126040 1.0
1320 126107 1.0
1321 126170 1.0
1322 126225 1.0
1323 126303 1.0
1324 126357 1.0
1325 126411 1.0
1326 126472 1.0
1327 126554 1.0
1328 126612 1.0
1329 126655 1.0
1330 126707 1.0
1331 126768 1.0
1332 126817 1.0
1333 126870 1.0
1334 126928 1.0
1335 126993 1.0
1336 127059 1.0
1337 127107 1.0
1338 127176 1.0
1339 127253 1.0
1340 127313 1.0
1341 127375 1.0
1342 127458 1.0
1343 127517 1.0
1344 127578 1.0
1345 127635 1.0
1346 127748 1.0
1347 127825 1.0
1348 127881 1.0
1349 127942 1.0
1350 128001 1.0
1351 128060 1.0
1352 128111 1.0
1353 128174 1.0
1354 128239 1.0
1355 128313 1.0
1356 128391 1.0
1357 128454 1.0
1358 128541 1.0
1359 128598 1.0
1360 128690 1.0
1361 128748 1.0
1362 128810 1.0
1363 128865 1.0
1364 128919 1.0
1365 128985 1.0
1366 129049 1.0
1367 129124 1.0
1368 129195 1.0
1369 129258 1.0
1370 129302 1.0
1371 129383 1.0
1372 129443 1.0
1373 129500 1.0
1374 129560 1.0
1375 129658 1.0
1376 129765 1.0
1377 129820 1.0
1378 129934 1.0
1379 129991 1.0
1380 130058 1.0
1381 130140 1.0
1382 130186 1.0
1383 130234 1.0
1384 130293 1.0
1385 130367 1.0
1386 130480 1.0
1387 130537 1.0
1388 130592 1.0
1389 130661 1.0
1390 130724 1.0
1391 130785 1.0
1392 130889 1.0
1393 130952 1.0
1394 131036 1.0
1395 131116 1.0
1396 131230 1.0
1397 131290 1.0
1398 131342 1.0
1399 131403 1.0
1400 131451 1.0
1401 131540 1.0
1402 131593 1.0
1403 131652 1.0
1404 131695 1.0
1405 131757 1.0
1406 131825 1.0
1407 131873 1.0
1408 131945 1.0
1409 132016 1.0
1410 132081 1.0
1411 132145 1.0
1412 132214 1.0
1413 132275 1.0
1414 132339 1.0
1415 132417 1.0
1416 132475 1.0
1417 132520 1.0
1418 132581 1.0
1419 132645 1.0
1420 132719 1.0
1421 132844 1.0
1422 132898 1.0
1423 132960 1.0
1424 133018 1.0
1425 133084 1.0
1426 133133 1.0
1427 133180 1.0
1428 133240 1.0
1429 133308 1.0
1430 133363 1.0
1431 133414 1.0
1432 133466 1.0
1433 133520 1.0
1434 133587 1.0
1435 133646 1.0
1436 133712 1.0
1437 133779 1.0
1438 133857 1.0
1439 133937 1.0
1440 133994 1.0
1441 134100 1.0
1442 134167 1.0
1443 134232 1.0
1444 134294 1.0
1445 134368 1.0
1446 134439 1.0
1447 134496 1.0
1448 134550 1.0
1449 134632 1.0
1450 134689 1.0
1451 134761 1.0
1452 134828 1.0
1453 134884 1.0
1454 134952 1.0
1455 135015 1.0
1456 135066 1.0
1457 135136 1.0
1458 135204 1.0
1459 135259 1.0
1460 135342 1.0
1461 135392 1.0
1462 135469 1.0
1463 135523 1.0
1464 135586 1.0
1465 135650 1.0
1466 135721 1.0
1467 135798 1.0
1468 135858 1.0
1469 135907 1.0
1470 135957 1.0
1471 136009 1.0
1472 136066 1.0
1473 136128 1.0
1474 136205 1.0
1475 136271 1.0
1476 136338 1.0
1477 136392 1.0
1478 136478 1.0
1479 136543 1.0
1480 136592 1.0
1481 136658 1.0
1482 136711 1.0
1483 136780 1.0
1484 136836 1.0
1485 136912 1.0
1486 136990 1.0
1487 137072 1.0
1488 137141 1.0
1489 137202 1.0
1490 137258 1.0
1491 137313 1.0
1492 137386 1.0
1493 137479 1.0
1494 137539 1.0
1495 137593 1.0
1496 137639 1.0
1497 137690 1.0
1498 137745 1.0
1499 137807 1.0
1500 137864 1.0
1501 137914 1.0
1502 137969 1.0
1503 138027 1.0
1504 138125 1.0
1505 138195 1.0
1506 138249 1.0
1507 138338 1.0
1508 138396 1.0
1509 138483 1.0
1510 138540 1.0
1511 138601 1.0
1512 138668 1.0
1513 138722 1.0
1514 138790 1.0
1515 138858 1.0
1516 138904 1.0
1517 138955 1.0
1518 139021 1.0
1519 139064 1.0
1520 139130 1.0
1521 139204 1.0
1522 139274 1.0
1523 139326 1.0
1524 139390 1.0
1525 139476 1.0
1526 139584 1.0
1527 139644 1.0
1528 139709 1.0
1529 139793 1.0
1530 139870 1.0
1531 139965 1.0
1532 140102 1.0
1533 140195 1.0
1534 140260 1.0
1535 140314 1.0
1536 140386 1.0
1537 140457 1.0
1538 140518 1.0
1539 140571 1.0
1540 140616 1.0
1541 140707 1.0
1542 140768 1.0
1543 140867 1.0
1544 140922 1.0
1545 140983 1.0
1546 141047 1.0
1547 141126 1.0
1548 141186 1.0
1549 141255 1.0
1550 141322 1.0
1551 141403 1.0
1552 141455 1.0
1553 141502 1.0
1554 141587 1.0
1555 141639 1.0
1556 141709 1.0
1557 141782 1.0
1558 141848 1.0
1559 141904 1.0
1560 141958 1.0
1561 142014 1.0
1562 142077 1.0
1563 142167 1.0
1564 142231 1.0
1565 142326 1.0
1566 142384 1.0
1567 142435 1.0
1568 142508 1.0
1569 142593 1.0
1570 142645 1.0
1571 142711 1.0
1572 142771 1.0
1573 142837 1.0
1574 142898 1.0
1575 142960 1.0
1576 143053 1.0
1577 143117 1.0
1578 143182 1.0
1579 143265 1.0
1580 143344 1.0
1581 143394 1.0
1582 143472 1.0
1583 143523 1.0
1584 143591 1.0
1585 143646 1.0
1586 143703 1.0
1587 143790 1.0
1588 143858 1.0
1589 143918 1.0
1590 144002 1.0
1591 144064 1.0
1592 144129 1.0
1593 144180 1.0
1594 144233 1.0
1595 144289 1.0
1596 144337 1.0
1597 144388 1.0
1598 144446 1.0
1599 144561 1.0
1600 144616 1.0
1601 144708 1.0
1602 144790 1.0
1603 144851 1.0
1604 144944 1.0
1605 145001 1.0
1606 145063 1.0
1607 145123 1.0
1608 145184 1.0
1609 145255 1.0
1610 145333 1.0
1611 145372 1.0
1612 145432 1.0
1613 145517 1.0
1614 145572 1.0
1615 145636 1.0
1616 145721 1.0
1617 145775 1.0
1618 145822 1.0
1619 145873 1.0
1620 145936 1.0
1621 145995 1.0
1622 146035 1.0
1623 146124 1.0
1624 146178 1.0
1625 146234 1.0
1626 146291 1.0
1627 146344 1.0
1628 146400 1.0
1629 146490 1.0
1630 146538 1.0
1631 146588 1.0
1632 146668 1.0
1633 146730 1.0
1634 146789 1.0
1635 146846 1.0
1636 146901 1.0
1637 146974 1.0
1638 147040 1.0
1639 147107 1.0
1640 147184 1.0
1641 147245 1.0
1642 147301 1.0
1643 147350 1.0
1644 147410 1.0
1645 147454 1.0
1646 147498 1.0
1647 147551 1.0
1648 147618 1.0
1649 147673 1.0
1650 147727 1.0
1651 147785 1.0
1652 147841 1.0
1653 147911 1.0
1654 147959 1.0
1655 148021 1.0
1656 148078 1.0
1657 148143 1.0
1658 148193 1.0
1659 148263 1.0
1660 148348 1.0
1661 148436 1.0
1662 148515 1.0
1663 148620 1.0
1664 148682 1.0
1665 148755 1.0
1666 148804 1.0
1667 148853 1.0
1668 148918 1.0
1669 148967 1.0
1670 149040 1.0
1671 149099 1.0
1672 149219 1.0
1673 149290 1.0
1674 149339 1.0
1675 149392 1.0
1676 149455 1.0
1677 149508 1.0
1678 149560 1.0
1679 149652 1.0
1680 149709 1.0
1681 149778 1.0
1682 149855 1.0
1683 149908 1.0
1684 149973 1.0
1685 150015 1.0
1686 150072 1.0
1687 150126 1.0
1688 150192 1.0
1689 150259 1.0
1690 150318 1.0
1691 150380 1.0
1692 150446 1.0
1693 150524 1.0
1694 150597 1.0
1695 150667 1.0
1696 150723 1.0
1697 150778 1.0
1698 150833 1.0
1699 150885 1.0
1700 150946 1.0
1701 151006 1.0
1702 151058 1.0
1703 151116 1.0
1704 151177 1.0
1705 151249 1.0
1706 151297 1.0
1707 151347 1.0
1708 151432 1.0
1709 151489 1.0
1710 151544 1.0
1711 151610 1.0
1712 151687 1.0
1713 151744 1.0
1714 151802 1.0
1715 151853 1.0
1716 151922 1.0
1717 152004 1.0
1718 152065 1.0
1719 152133 1.0
1720 152190 1.0
1721 152331 1.0
1722 152430 1.0
1723 152481 1.0
1724 152563 1.0
1725 152610 1.0
1726 152673 1.0
1727 152740 1.0
1728 152837 1.0
1729 152895 1.0
1730 152962 1.0
1731 153036 1.0
1732 153101 1.0
1733 153177 1.0
1734 153224 1.0
1735 153278 1.0
1736 153328 1.0
1737 153439 1.0
1738 153508 1.0
1739 153579 1.0
1740 153623 1.0
1741 153676 1.0
1742 153750 1.0
1743 153807 1.0
1744 153898 1.0
1745 153965 1.0
1746 154037 1.0
1747 154105 1.0
1748 154160 1.0
1749 154223 1.0
1750 154292 1.0
1751 154343 1.0
1752 154426 1.0
1753 154495 1.0
1754 154567 1.0
1755 154642 1.0
1756 154781 1.0
1757 154830 1.0
1758 154888 1.0
1759 154940 1.0
1760 155003 1.0
1761 155096 1.0
1762 155154 1.0
1763 155211 1.0
1764 155299 1.0
1765 155367 1.0
1766 155426 1.0
1767 155487 1.0
1768 155549 1.0
1769 155593 1.0
1770 155664 1.0
1771 155725 1.0
1772 155797 1.0
1773 155850 1.0
1774 155955 1.0
1775 156030 1.0
1776 156095 1.0
1777 156170 1.0
1778 156219 1.0
1779 156288 1.0
1780 156345 1.0
1781 156397 1.0
1782 156495 1.0
1783 156550 1.0
1784 156616 1.0
1785 156680 1.0
1786 156742 1.0
1787 156819 1.0
1788 156872 1.0
1789 156965 1.0
1790 157012 1.0
1791 157083 1.0
1792 157149 1.0
1793 157200 1.0
1794 157280 1.0
1795 157342 1.0
1796 157397 1.0
1797 157445 1.0
1798 157503 1.0
1799 157558 1.0
1800 157611 1.0
1801 157682 1.0
1802 157762 1.0
1803 157816 1.0
1804 157871 1.0
1805 157942 1.0
1806 157996 1.0
1807 158062 1.0
1808 158113 1.0
1809 158182 1.0
1810 158261 1.0
1811 158353 1.0
1812 158413 1.0
1813 158497 1.0
1814 158559 1.0
1815 158617 1.0
1816 158664 1.0
1817 158714 1.0
1818 158767 1.0
1819 158846 1.0
1820 158920 1.0
1821 158985 1.0
1822 159044 1.0
1823 159107 1.0
1824 159168 1.0
1825 159217 1.0
1826 159274 1.0
1827 159336 1.0
1828 159392 1.0
1829 159474 1.0
1830 159531 1.0
1831 159597 1.0
1832 159692 1.0
1833 159749 1.0
1834 159821 1.0
1835 159878 1.0
1836 159942 1.0
1837 159991 1.0
1838 160057 1.0
1839 160119 1.0
1840 160168 1.0
1841 160259 1.0
1842 160337 1.0
1843 160388 1.0
1844 160454 1.0
1845 160503 1.0
1846 160545 1.0
1847 160596 1.0
1848 160643 1.0
1849 160716 1.0
1850 160786 1.0
1851 160853 1.0
1852 160902 1.0
1853 160981 1.0
1854 161048 1.0
1855 161091 1.0
1856 161169 1.0
1857 161226 1.0
1858 161291 1.0
1859 161373 1.0
1860 161438 1.0
1861 161495 1.0
1862 161553 1.0
1863 161623 1.0
1864 161678 1.0
1865 161729 1.0
1866 161785 1.0
1867 161914 1.0
1868 161965 1.0
1869 162052 1.0
1870 162126 1.0
1871 162183 1.0
1872 162223 1.0
1873 162273 1.0
1874 162324 1.0
1875 162388 1.0
1876 162448 1.0
1877 162514 1.0
1878 162562 1.0
1879 162651 1.0
1880 162706 1.0
1881 162761 1.0
1882 162814 1.0
1883 162889 1.0
1884 162969 1.0
1885 163043 1.0
1886 163089 1.0
1887 163153 1.0
1888 163217 1.0
1889 163283 1.0
1890 163337 1.0
1891 163395 1.0
1892 163449 1.0
1893 163508 1.0
1894 163575 1.0
1895 163632 1.0
1896 163683 1.0
1897 163732 1.0
1898 163795 1.0
1899 163870 1.0
1900 163922 1.0
1901 163982 1.0
1902 164066 1.0
1903 164112 1.0
1904 164213 1.0
1905 164255 1.0
1906 164313 1.0
1907 164396 1.0
1908 164452 1.0
1909 164519 1.0
1910 164595 1.0
1911 164664 1.0
1912 164729 1.0
1913 164789 1.0
1914 164838 1.0
1915 164888 1.0
1916 164983 1.0
1917 165074 1.0
1918 165132 1.0
1919 165200 1.0
1920 165289 1.0
1921 165362 1.0
1922 165427 1.0
1923 165509 1.0
1924 165550 1.0
1925 165636 1.0
1926 165687 1.0
1927 165733 1.0
1928 165799 1.0
1929 165862 1.0
1930 165922 1.0
1931 165979 1.0
1932 166041 1.0
1933 166098 1.0
1934 166159 1.0
1935 166212 1.0
1936 166270 1.0
1937 166332 1.0
1938 166396 1.0
1939 166456 1.0
1940 166550 1.0
1941 166606 1.0
1942 166653 1.0
1943 166709 1.0
1944 166763 1.0
1945 166845 1.0
1946 166898 1.0
1947 166972 1.0
1948 167025 1.0
1949 167094 1.0
1950 167142 1.0
1951 167210 1.0
1952 167261 1.0
1953 167319 1.0
1954 167376 1.0
1955 167431 1.0
1956 167488 1.0
1957 167541 1.0
1958 167609 1.0
1959 167691 1.0
1960 167750 1.0
1961 167815 1.0
1962 167876 1.0
1963 167936 1.0
1964 167994 1.0
1965 168048 1.0
1966 168121 1.0
1967 168184 1.0
1968 168255 1.0
1969 168313 1.0
1970 168396 1.0
1971 168445 1.0
1972 168518 1.0
1973 168570 1.0
1974 168615 1.0
1975 168676 1.0
1976 168761 1.0
1977 168822 1.0
1978 168873 1.0
1979 168950 1.0
1980 169016 1.0
1981 169082 1.0
1982 169135 1.0
1983 169200 1.0
1984 169273 1.0
1985 169347 1.0
1986 169424 1.0
1987 169511 1.0
1988 169576 1.0
1989 169657 1.0
1990 169761 1.0
1991 169820 1.0
1992 169873 1.0
1993 169923 1.0
1994 169990 1.0
1995 170043 1.0
1996 170136 1.0
1997 170221 1.0
1998 170279 1.0
1999 170353 1.0
2000 170407 1.0
2001 170469 1.0
2002 170525 1.0
2003 170578 1.0
2004 170636 1.0
2005 170695 1.0
2006 170756 1.0
2007 170807 1.0
2008 170859 1.0
2009 170915 1.0
2010 170975 1.0
2011 171025 1.0
2012 171091 1.0
2013 171137 1.0
2014 171186 1.0
2015 171237 1.0
2016 171282 1.0
2017 171346 1.0
2018 171400 1.0
2019 171459 1.0
2020 171528 1.0
2021 171575 1.0
2022 171633 1.0
2023 171692 1.0
2024 171762 1.0
2025 171812 1.0
2026 171878 1.0
2027 171951 1.0
2028 172004 1.0
2029 172056 1.0
2030 172111 1.0
2031 172193 1.0
2032 172266 1.0
2033 172325 1.0
2034 172385 1.0
2035 172447 1.0
2036 172509 1.0
2037 172572 1.0
2038 172622 1.0
2039 172673 1.0
2040 172721 1.0
2041 172777 1.0
2042 172851 1.0
2043 172897 1.0
2044 172962 1.0
2045 173034 1.0
2046 173113 1.0
2047 173180 1.0
2048 173244 1.0
2049 173342 1.0
2050 173383 1.0
2051 173440 1.0
2052 173494 1.0
2053 173579 1.0
2054 173646 1.0
2055 173696 1.0
2056 173752 1.0
2057 173807 1.0
2058 173882 1.0
2059 173935 1.0
2060 174001 1.0
2061 174065 1.0
2062 174137 1.0
2063 174196 1.0
2064 174259 1.0
2065 174331 1.0
2066 174414 1.0
2067 174480 1.0
2068 174549 1.0
2069 174636 1.0
2070 174690 1.0
2071 174753 1.0
2072 174839 1.0
2073 174924 1.0
2074 174976 1.0
2075 175028 1.0
2076 175097 1.0
2077 175190 1.0
2078 175259 1.0
2079 175327 1.0
2080 175376 1.0
2081 175428 1.0
2082 175484 1.0
2083 175536 1.0
2084 175600 1.0
2085 175660 1.0
2086 175737 1.0
2087 175803 1.0
2088 175874 1.0
2089 175928 1.0
2090 175983 1.0
2091 176073 1.0
2092 176122 1.0
2093 176175 1.0
2094 176261 1.0
2095 176336 1.0
2096 176414 1.0
2097 176494 1.0
2098 176572 1.0
2099 176635 1.0
2100 176699 1.0
2101 176758 1.0
2102 176845 1.0
2103 176902 1.0
2104 176952 1.0
2105 177038 1.0
2106 177096 1.0
2107 177168 1.0
2108 177231 1.0
2109 177276 1.0
2110 177339 1.0
2111 177398 1.0
2112 177449 1.0
2113 177514 1.0
2114 177564 1.0
2115 177623 1.0
2116 177721 1.0
2117 177786 1.0
2118 177841 1.0
2119 177889 1.0
2120 177966 1.0
2121 178012 1.0
2122 178112 1.0
2123 178175 1.0
2124 178269 1.0
2125 178318 1.0
2126 178369 1.0
2127 178415 1.0
2128 178493 1.0
2129 178559 1.0
2130 178637 1.0
2131 178702 1.0
2132 178763 1.0
2133 178862 1.0
2134 178922 1.0
2135 178985 1.0
2136 179042 1.0
2137 179103 1.0
2138 179199 1.0
2139 179253 1.0
2140 179327 1.0
2141 179391 1.0
2142 179454 1.0
2143 179521 1.0
2144 179591 1.0
2145 179665 1.0
2146 179721 1.0
2147 179766 1.0
2148 179821 1.0
2149 179885 1.0
2150 179964 1.0
2151 180017 1.0
2152 180062 1.0
2153 180141 1.0
2154 180241 1.0
2155 180302 1.0
2156 180354 1.0
2157 180401 1.0
2158 180476 1.0
2159 180532 1.0
2160 180589 1.0
2161 180647 1.0
2162 180711 1.0
2163 180770 1.0
2164 180838 1.0
2165 180912 1.0
2166 180976 1.0
2167 181053 1.0
2168 181110 1.0
2169 181159 1.0
2170 181209 1.0
2171 181288 1.0
2172 181330 1.0
2173 181383 1.0
2174 181431 1.0
2175 181505 1.0
2176 181563 1.0
2177 181630 1.0
2178 181690 1.0
2179 181742 1.0
2180 181803 1.0
2181 181859 1.0
2182 181914 1.0
2183 181980 1.0
2184 182038 1.0
2185 182131 1.0
2186 182198 1.0
2187 182263 1.0
2188 182349 1.0
2189 182435 1.0
2190 182487 1.0
2191 182542 1.0
2192 182584 1.0
2193 182638 1.0
2194 182695 1.0
2195 182745 1.0
2196 182803 1.0
2197 182858 1.0
2198 182955 1.0
2199 183005 1.0
2200 183067 1.0
2201 183120 1.0
2202 183167 1.0
2203 183222 1.0
2204 183288 1.0
2205 183352 1.0
2206 183410 1.0
2207 183454 1.0
2208 183544 1.0
2209 183629 1.0
2210 183682 1.0
2211 183765 1.0
2212 183812 1.0
2213 183884 1.0
2214 183934 1.0
2215 184030 1.0
2216 184095 1.0
2217 184158 1.0
2218 184229 1.0
2219 184296 1.0
2220 184355 1.0
2221 184422 1.0
2222 184474 1.0
2223 184544 1.0
2224 184596 1.0
2225 184652 1.0
2226 184713 1.0
2227 184762 1.0
2228 184821 1.0
2229 184878 1.0
2230 184953 1.0
2231 185004 1.0
2232 185092 1.0
2233 185140 1.0
2234 185196 1.0
2235 185272 1.0
2236 185352 1.0
2237 185408 1.0
2238 185504 1.0
2239 185564 1.0
2240 185645 1.0
2241 185711 1.0
2242 185768 1.0
2243 185809 1.0
2244 185864 1.0
2245 185915 1.0
2246 185983 1.0
2247 186055 1.0
2248 186121 1.0
2249 186181 1.0
2250 186274 1.0
2251 186345 1.0
2252 186412 1.0
2253 186469 1.0
2254 186526 1.0
2255 186588 1.0
2256 186647 1.0
2257 186737 1.0
2258 186779 1.0
2259 186833 1.0
2260 186884 1.0
2261 186927 1.0
2262 186975 1.0
2263 187035 1.0
2264 187110 1.0
2265 187152 1.0
2266 187221 1.0
2267 187271 1.0
2268 187345 1.0
2269 187400 1.0
2270 187455 1.0
2271 187509 1.0
2272 187570 1.0
2273 187629 1.0
2274 187686 1.0
2275 187761 1.0
2276 187817 1.0
2277 187884 1.0
2278 187952 1.0
2279 188014 1.0
2280 188086 1.0
2281 188156 1.0
2282 188216 1.0
2283 188277 1.0
2284 188350 1.0
2285 188420 1.0
2286 188475 1.0
2287 188525 1.0
2288 188591 1.0
2289 188651 1.0
2290 188723 1.0
2291 188796 1.0
2292 188845 1.0
2293 188900 1.0
2294 188954 1.0
2295 189048 1.0
2296 189100 1.0
2297 189179 1.0
2298 189240 1.0
2299 189307 1.0
2300 189364 1.0
2301 189421 1.0
2302 189480 1.0
2303 189547 1.0
2304 189600 1.0
2305 189660 1.0
2306 189729 1.0
2307 189788 1.0
2308 189848 1.0
2309 189921 1.0
2310 189982 1.0
2311 190045 1.0
2312 190096 1.0
2313 190189 1.0
2314 190244 1.0
2315 190309 1.0
2316 190391 1.0
2317 190467 1.0
2318 190531 1.0
2319 190606 1.0
2320 190647 1.0
2321 190704 1.0
2322 190773 1.0
2323 190819 1.0
2324 190880 1.0
2325 190937 1.0
2326 190995 1.0
2327 191050 1.0
2328 191105 1.0
2329 191164 1.0
2330 191224 1.0
2331 191273 1.0
2332 191331 1.0
2333 191411 1.0
2334 191500 1.0
2335 191563 1.0
2336 191632 1.0
2337 191695 1.0
2338 191745 1.0
2339 191811 1.0
2340 191867 1.0
2341 191919 1.0
2342 191978 1.0
2343 192039 1.0
2344 192100 1.0
2345 192161 1.0
2346 192235 1.0
2347 192289 1.0
2348 192341 1.0
2349 192395 1.0
2350 192452 1.0
2351 192500 1.0
2352 192556 1.0
2353 192621 1.0
2354 192687 1.0
2355 192745 1.0
2356 192788 1.0
2357 192843 1.0
2358 192893 1.0
2359 192969 1.0
2360 193018 1.0
2361 193070 1.0
2362 193138 1.0
2363 193202 1.0
2364 193262 1.0
2365 193327 1.0
2366 193381 1.0
2367 193452 1.0
2368 193511 1.0
2369 193576 1.0
2370 193652 1.0
2371 193733 1.0
2372 193813 1.0
2373 193882 1.0
2374 193944 1.0
2375 194035 1.0
2376 194098 1.0
2377 194157 1.0
2378 194207 1.0
2379 194259 1.0
2380 194311 1.0
2381 194363 1.0
2382 194423 1.0
2383 194513 1.0
2384 194565 1.0
2385 194611 1.0
2386 194702 1.0
2387 194752 1.0
2388 194821 1.0
2389 194874 1.0
2390 194941 1.0
2391 194996 1.0
2392 195099 1.0
2393 195165 1.0
2394 195229 1.0
2395 195298 1.0
2396 195359 1.0
2397 195406 1.0
2398 195460 1.0
2399 195545 1.0
2400 195616 1.0
2401 195682 1.0
2402 195751 1.0
2403 195798 1.0
2404 195858 1.0
2405 195933 1.0
2406 196023 1.0
2407 196082 1.0
2408 196127 1.0
2409 196196 1.0
2410 196267 1.0
2411 196325 1.0
2412 196390 1.0
2413 196448 1.0
2414 196505 1.0
2415 196553 1.0
2416 196630 1.0
2417 196692 1.0
2418 196759 1.0
2419 196832 1.0
2420 196893 1.0
2421 196962 1.0
2422 197010 1.0
2423 197059 1.0
2424 197098 1.0
2425 197148 1.0
2426 197201 1.0
2427 197256 1.0
2428 197312 1.0
2429 197385 1.0
2430 197441 1.0
2431 197497 1.0
2432 197569 1.0
2433 197635 1.0
2434 197713 1.0
2435 197777 1.0
2436 197833 1.0
2437 197897 1.0
2438 197941 1.0
2439 197987 1.0
2440 198057 1.0
2441 198108 1.0
2442 198168 1.0
2443 198237 1.0
2444 198314 1.0
2445 198366 1.0
2446 198414 1.0
2447 198468 1.0
2448 198568 1.0
2449 198643 1.0
2450 198696 1.0
2451 198767 1.0
2452 198819 1.0
2453 198894 1.0
2454 198963 1.0
2455 199041 1.0
2456 199106 1.0
2457 199174 1.0
2458 199240 1.0
2459 199316 1.0
2460 199364 1.0
2461 199475 1.0
2462 199532 1.0
2463 199594 1.0
2464 199644 1.0
2465 199692 1.0
2466 199771 1.0
2467 199860 1.0
2468 199917 1.0
2469 199981 1.0
2470 200037 1.0
2471 200090 1.0
2472 200151 1.0
2473 200213 1.0
2474 200285 1.0
2475 200344 1.0
2476 200390 1.0
2477 200439 1.0
2478 200488 1.0
2479 200551 1.0
2480 200611 1.0
2481 200662 1.0
2482 200711 1.0
2483 200782 1.0
2484 200843 1.0
2485 200911 1.0
2486 200979 1.0
2487 201031 1.0
2488 201096 1.0
2489 201160 1.0
2490 201224 1.0
2491 201270 1.0
2492 201333 1.0
2493 201414 1.0
2494 201476 1.0
2495 201523 1.0
2496 201578 1.0
2497 201629 1.0
2498 201681 1.0
2499 201724 1.0
2500 201769 1.0
2501 201827 1.0
2502 201891 1.0
2503 201948 1.0
2504 202000 1.0
2505 202065 1.0
2506 202117 1.0
2507 202165 1.0
2508 202280 1.0
2509 202354 1.0
2510 202400 1.0
2511 202461 1.0
2512 202543 1.0
2513 202620 1.0
2514 202687 1.0
2515 202750 1.0
2516 202806 1.0
2517 202860 1.0
2518 202970 1.0
2519 203042 1.0
2520 203126 1.0
2521 203189 1.0
2522 203238 1.0
2523 203313 1.0
2524 203361 1.0
2525 203423 1.0
2526 203479 1.0
2527 203528 1.0
2528 203594 1.0
2529 203635 1.0
2530 203702 1.0
2531 203760 1.0
2532 203836 1.0
2533 203913 1.0
2534 203980 1.0
2535 204080 1.0
2536 204160 1.0
2537 204217 1.0
2538 204287 1.0
2539 204341 1.0
2540 204401 1.0
2541 204458 1.0
2542 204517 1.0
2543 204563 1.0
2544 204616 1.0
2545 204669 1.0
2546 204718 1.0
2547 204785 1.0
2548 204870 1.0
2549 204915 1.0
2550 204969 1.0
2551 205030 1.0
2552 205101 1.0
2553 205158 1.0
2554 205216 1.0
2555 205272 1.0
2556 205317 1.0
2557 205398 1.0
2558 205460 1.0
2559 205521 1.0
2560 205572 1.0
2561 205639 1.0
2562 205696 1.0
2563 205748 1.0
2564 205795 1.0
2565 205868 1.0
2566 205914 1.0
2567 205978 1.0
2568 206026 1.0
2569 206082 1.0
2570 206136 1.0
2571 206201 1.0
2572 206283 1.0
2573 206344 1.0
2574 206412 1.0
2575 206467 1.0
2576 206522 1.0
2577 206578 1.0
2578 206652 1.0
2579 206716 1.0
2580 206780 1.0
2581 206836 1.0
2582 206889 1.0
2583 206954 1.0
2584 207014 1.0
2585 207061 1.0
2586 207112 1.0
2587 207159 1.0
2588 207226 1.0
2589 207290 1.0
2590 207368 1.0
2591 207429 1.0
2592 207488 1.0
2593 207564 1.0
2594 207623 1.0
2595 207700 1.0
2596 207759 1.0
2597 207813 1.0
2598 207880 1.0
2599 207947 1.0
2600 208003 1.0
2601 208091 1.0
2602 208189 1.0
2603 208256 1.0
2604 208312 1.0
2605 208355 1.0
2606 208425 1.0
2607 208472 1.0
2608 208524 1.0
2609 208591 1.0
2610 208642 1.0
2611 208692 1.0
2612 208758 1.0
2613 208848 1.0
2614 208910 1.0
2615 208965 1.0
2616 209034 1.0
2617 209108 1.0
2618 209177 1.0
2619 209234 1.0
2620 209300 1.0
2621 209382 1.0
2622 209445 1.0
2623 209489 1.0
2624 209545 1.0
2625 209601 1.0
2626 209669 1.0
2627 209761 1.0
2628 209820 1.0
2629 209875 1.0
2630 209921 1.0
2631 209979 1.0
2632 210034 1.0
2633 210089 1.0
2634 210174 1.0
2635 210237 1.0
2636 210299 1.0
2637 210389 1.0
2638 210439 1.0
2639 210526 1.0
2640 210578 1.0
2641 210632 1.0
2642 210705 1.0
2643 210761 1.0
2644 210809 1.0
2645 210866 1.0
2646 210950 1.0
2647 211006 1.0
2648 211064 1.0
2649 211129 1.0
2650 211179 1.0
2651 211243 1.0
2652 211295 1.0
2653 211376 1.0
2654 211441 1.0
2655 211488 1.0
2656 211550 1.0
2657 211607 1.0
2658 211663 1.0
2659 211718 1.0
2660 211767 1.0
2661 211836 1.0
2662 211886 1.0
2663 211953 1.0
2664 212000 1.0
2665 212049 1.0
2666 212128 1.0
2667 212179 0.9900000000000001
2668 212245 0.9900000000000001
2669 212322 0.9900000000000001
2670 212369 0.9900000000000001
2671 212424 0.9900000000000002
2672 212476 0.9900000000000002
2673 212531 0.9900000000000002
2674 212578 0.9900000000000002
2675 212638 0.9900000000000002
2676 212726 0.9900000000000002
2677 212780 0.9900000000000002
2678 212843 0.9900000000000002
2679 212922 0.9900000000000002
2680 212972 0.9900000000000002
2681 213036 0.9900000000000002
2682 213091 0.9900000000000002
2683 213141 0.9900000000000002
2684 213205 0.9900000000000002
2685 213264 0.9900000000000002
2686 213321 0.9900000000000002
2687 213396 0.9900000000000002
2688 213451 0.9900000000000002
2689 213505 0.9900000000000002
2690 213562 0.9900000000000002
2691 213608 0.9900000000000002
2692 213665 0.9900000000000002
2693 213724 0.9900000000000002
2694 213804 0.9900000000000002
2695 213863 0.9900000000000002
2696 213919 0.9900000000000002
2697 213984 0.9900000000000002
2698 214036 0.9900000000000002
2699 214111 0.9900000000000002
2700 214167 0.9900000000000002
2701 214232 0.9900000000000002
2702 214288 0.9900000000000002
2703 214335 0.9900000000000002
2704 214413 0.9900000000000002
2705 214458 0.9900000000000002
2706 214529 0.9900000000000002
2707 214583 0.9900000000000002
2708 214636 0.9900000000000002
2709 214706 0.9900000000000002
2710 214774 0.9900000000000002
2711 214825 0.9900000000000002
2712 214896 0.9900000000000002
2713 214957 0.9900000000000002
2714 215004 0.9900000000000002
2715 215070 0.9900000000000002
2716 215138 0.9900000000000002
2717 215197 0.9900000000000002
2718 215266 0.9900000000000002
2719 215324 0.9900000000000002
2720 215389 0.9900000000000002
2721 215441 0.9900000000000002
2722 215484 0.9900000000000002
2723 215543 0.9900000000000002
2724 215596 0.9900000000000002
2725 215653 0.9900000000000002
2726 215729 0.9900000000000002
2727 215816 0.9900000000000002
2728 215869 0.9900000000000002
2729 215923 0.9900000000000002
2730 215972 0.9900000000000002
2731 216045 0.9900000000000002
2732 216093 0.9900000000000002
2733 216154 0.9900000000000002
2734 216211 0.9900000000000002
2735 216274 0.9900000000000002
2736 216339 0.9900000000000002
2737 216404 0.9900000000000002
2738 216449 0.9900000000000002
2739 216516 0.9900000000000002
2740 216582 0.9900000000000002
2741 216647 0.9900000000000002
2742 216697 0.9900000000000002
2743 216770 0.9900000000000002
2744 216834 0.9900000000000002
2745 216885 0.9900000000000002
2746 216945 0.9900000000000002
2747 217008 0.9900000000000002
2748 217057 0.9900000000000002
2749 217109 0.9900000000000002
2750 217162 0.9900000000000002
2751 217213 0.9900000000000002
2752 217279 0.9900000000000002
2753 217322 0.9900000000000002
2754 217369 0.9900000000000002
2755 217424 0.9900000000000002
2756 217473 0.9900000000000002
2757 217525 0.9900000000000002
2758 217602 0.9900000000000002
2759 217649 0.9900000000000002
2760 217726 0.9900000000000002
2761 217795 0.9900000000000002
2762 217842 0.9900000000000002
2763 217907 0.9900000000000002
2764 217979 0.9900000000000002
2765 218029 0.9900000000000002
2766 218329 0.9900000000000002
2767 218393 1.0
2768 218453 1.0
2769 218516 1.0
2770 218575 1.0
2771 218640 1.0
2772 218687 1.0
2773 218739 1.0
2774 218808 1.0
2775 218856 1.0
2776 218910 1.0
2777 218976 1.0
2778 219024 1.0
2779 219077 1.0
2780 219160 1.0
2781 219210 1.0
2782 219268 1.0
2783 219319 1.0
2784 219378 1.0
2785 219437 1.0
2786 219496 1.0
2787 219550 1.0
2788 219606 1.0
2789 219650 1.0
2790 219722 1.0
2791 219796 1.0
2792 219844 1.0
2793 219904 1.0
2794 219962 1.0
2795 220026 1.0
2796 220088 1.0
2797 220135 1.0
2798 220229 1.0
2799 220314 1.0
2800 220367 1.0
2801 220438 1.0
2802 220502 1.0
2803 220557 1.0
2804 220611 1.0
2805 220666 1.0
2806 220722 1.0
2807 220769 1.0
2808 220822 1.0
2809 220897 1.0
2810 220953 1.0
2811 221031 1.0
2812 221091 1.0
2813 221144 1.0
2814 221222 1.0
2815 221276 1.0
2816 221335 1.0
2817 221429 1.0
2818 221495 1.0
2819 221561 1.0
2820 221621 1.0
2821 221686 1.0
2822 221737 1.0
2823 221787 1.0
2824 221840 1.0
2825 221892 1.0
2826 221949 1.0
2827 222027 1.0
2828 222091 1.0
2829 222137 1.0
2830 222190 1.0
2831 222284 1.0
2832 222352 1.0
2833 222404 1.0
2834 222454 1.0
2835 222514 1.0
2836 222568 1.0
2837 222629 1.0
2838 222682 1.0
2839 222739 1.0
2840 222802 1.0
2841 222885 1.0
2842 222943 1.0
2843 223008 1.0
2844 223061 1.0
2845 223113 1.0
2846 223166 1.0
2847 223230 1.0
2848 223297 1.0
2849 223369 1.0
2850 223418 1.0
2851 223478 1.0
2852 223541 1.0
2853 223603 1.0
2854 223660 1.0
2855 223715 1.0
2856 223775 1.0
2857 223833 1.0
2858 223887 1.0
2859 223941 1.0
2860 223995 1.0
2861 224051 1.0
2862 224102 1.0
2863 224160 1.0
2864 224218 1.0
2865 224280 1.0
2866 224336 1.0
2867 224388 1.0
2868 224440 1.0
2869 224496 1.0
2870 224549 1.0
2871 224612 1.0
2872 224676 1.0
2873 224723 1.0
2874 224776 1.0
2875 224828 1.0
2876 224928 1.0
2877 224983 1.0
2878 225061 1.0
2879 225107 1.0
2880 225175 1.0
2881 225263 1.0
2882 225314 1.0
2883 225374 1.0
2884 225440 1.0
2885 225518 1.0
2886 225589 1.0
2887 225641 1.0
2888 225700 1.0
2889 225747 1.0
2890 225820 1.0
2891 225900 1.0
2892 225965 1.0
2893 226014 1.0
2894 226098 1.0
2895 226143 1.0
2896 226191 1.0
2897 226237 1.0
2898 226297 1.0
2899 226350 1.0
2900 226446 1.0
2901 226526 1.0
2902 226577 1.0
2903 226635 1.0
2904 226693 1.0
2905 226749 1.0
2906 226813 1.0
2907 226872 1.0
2908 226930 1.0
2909 226991 1.0
2910 227069 1.0
2911 227132 1.0
2912 227222 1.0
2913 227279 1.0
2914 227336 1.0
2915 227409 1.0
2916 227469 1.0
2917 227532 1.0
2918 227584 1.0
2919 227645 1.0
2920 227695 1.0
2921 227747 1.0
2922 227810 1.0
2923 227875 1.0
2924 227974 1.0
2925 228021 1.0
2926 228112 1.0
2927 228162 1.0
2928 228234 1.0
2929 228292 1.0
2930 228351 1.0
2931 228398 1.0
2932 228460 1.0
2933 228515 1.0
2934 228579 1.0
2935 228640 1.0
2936 228720 1.0
2937 228795 1.0
2938 228848 1.0
2939 228924 1.0
2940 228980 1.0
2941 229041 1.0
2942 229092 1.0
2943 229147 1.0
2944 229203 1.0
2945 229254 1.0
2946 229316 1.0
2947 229393 1.0
2948 229447 1.0
2949 229502 1.0
2950 229554 1.0
2951 229615 1.0
2952 229688 1.0
2953 229741 1.0
2954 229808 1.0
2955 229867 1.0
2956 229925 1.0
2957 229974 1.0
2958 230020 1.0
2959 230082 1.0
2960 230163 1.0
2961 230216 1.0
2962 230307 1.0
2963 230369 1.0
2964 230426 1.0
2965 230481 1.0
2966 230532 1.0
2967 230584 1.0
2968 230652 1.0
2969 230703 1.0
2970 230750 1.0
2971 230811 1.0
2972 230869 1.0
2973 230988 1.0
2974 231038 1.0
2975 231120 1.0
2976 231178 1.0
2977 231239 1.0
2978 231292 1.0
2979 231342 1.0
2980 231409 1.0
2981 231482 1.0
2982 231544 1.0
2983 231621 1.0
2984 231676 1.0
2985 231741 1.0
2986 231795 1.0
2987 231839 1.0
2988 231898 1.0
2989 231959 1.0
2990 232013 1.0
2991 232093 1.0
2992 232161 1.0
2993 232212 1.0
2994 232279 1.0
2995 232334 1.0
2996 232411 1.0
2997 232485 1.0
2998 232543 1.0
2999 232604 1.0
3000 232682 1.0
3001 232725 1.0
3002 232799 1.0
3003 232857 1.0
3004 232912 1.0
3005 232969 1.0
3006 233015 1.0
3007 233077 1.0
3008 233138 1.0
3009 233196 1.0
3010 233252 1.0
3011 233322 1.0
3012 233380 1.0
3013 233463 1.0
3014 233529 1.0
3015 233596 1.0
3016 233670 1.0
3017 233738 1.0
3018 233795 1.0
3019 233861 1.0
3020 233915 1.0
3021 233965 1.0
3022 234017 1.0
3023 234112 1.0
3024 234197 1.0
3025 234267 1.0
3026 234320 1.0
3027 234376 1.0
3028 234455 1.0
3029 234519 1.0
3030 234580 1.0
3031 234630 1.0
3032 234699 1.0
3033 234753 1.0
3034 234811 1.0
3035 234880 1.0
3036 234928 1.0
3037 234999 1.0
3038 235051 1.0
3039 235140 1.0
3040 235211 1.0
3041 235271 1.0
3042 235337 1.0
3043 235389 1.0
3044 235461 1.0
3045 235523 1.0
3046 235575 1.0
3047 235629 1.0
3048 235694 1.0
3049 235741 1.0
3050 235797 1.0
3051 235869 1.0
3052 235929 1.0
3053 235979 1.0
3054 236055 1.0
3055 236115 1.0
3056 236173 1.0
3057 236226 1.0
3058 236278 1.0
3059 236333 1.0
3060 236392 1.0
3061 236455 1.0
3062 236506 1.0
3063 236555 1.0
3064 236623 1.0
3065 236677 1.0
3066 236722 1.0
3067 236769 1.0
3068 236830 1.0
3069 236885 1.0
3070 236954 1.0
3071 237010 1.0
3072 237064 1.0
3073 237128 1.0
3074 237220 1.0
3075 237289 1.0
3076 237340 1.0
3077 237412 1.0
3078 237486 1.0
3079 237544 1.0
3080 237600 1.0
3081 237653 1.0
3082 237704 1.0
3083 237747 1.0
3084 237792 1.0
3085 237842 1.0
3086 237899 1.0
3087 237963 1.0
3088 238039 1.0
3089 238114 1.0
3090 238176 1.0
3091 238222 1.0
3092 238284 1.0
3093 238338 1.0
3094 238408 1.0
3095 238462 1.0
3096 238527 1.0
3097 238590 1.0
3098 238639 1.0
3099 238695 1.0
3100 238801 1.0
3101 238925 1.0
3102 238981 1.0
3103 239036 1.0
3104 239100 1.0
3105 239149 1.0
3106 239204 1.0
3107 239250 1.0
3108 239308 1.0
3109 239354 1.0
3110 239423 1.0
3111 239489 1.0
3112 239577 1.0
3113 239643 1.0
3114 239726 1.0
3115 239777 1.0
3116 239842 1.0
3117 239890 1.0
3118 239975 1.0
3119 240030 1.0
3120 240080 1.0
3121 240156 1.0
3122 240229 1.0
3123 240278 1.0
3124 240329 1.0
3125 240382 1.0
3126 240432 1.0
3127 240500 1.0
3128 240569 1.0
3129 240613 1.0
3130 240669 1.0
3131 240742 1.0
3132 240827 1.0
3133 240885 1.0
3134 240982 1.0
3135 241029 1.0
3136 241116 1.0
3137 241174 1.0
3138 241245 1.0
3139 241308 1.0
3140 241374 1.0
3141 241433 1.0
3142 241497 1.0
3143 241550 1.0
3144 241600 1.0
3145 241662 1.0
3146 241717 1.0
3147 241785 1.0
3148 241842 1.0
3149 241901 1.0
3150 241954 1.0
3151 242006 1.0
3152 242059 1.0
3153 242117 1.0
3154 242188 1.0
3155 242239 1.0
3156 242295 1.0
3157 242353 1.0
3158 242399 1.0
3159 242471 1.0
3160 242527 1.0
3161 242574 1.0
3162 242640 1.0
3163 242705 1.0
3164 242767 1.0
3165 242810 1.0
3166 242865 1.0
3167 242909 1.0
3168 242976 1.0
3169 243040 1.0
3170 243096 1.0
3171 243151 1.0
3172 243206 1.0
3173 243257 1.0
3174 243355 1.0
3175 243419 1.0
3176 243479 1.0
3177 243529 1.0
3178 243576 1.0
3179 243636 1.0
3180 243683 1.0
3181 243727 1.0
3182 243784 1.0
3183 243842 1.0
3184 243905 1.0
3185 243956 1.0
3186 244023 1.0
3187 244095 1.0
3188 244170 1.0
3189 244232 1.0
3190 244282 1.0
3191 244339 1.0
3192 244387 1.0
3193 244442 1.0
3194 244495 1.0
3195 244544 1.0
3196 244600 1.0
3197 244640 1.0
3198 244694 1.0
3199 244749 1.0
3200 244816 1.0
3201 244865 1.0
3202 244907 1.0
3203 244986 1.0
3204 245044 1.0
3205 245114 1.0
3206 245166 1.0
3207 245225 1.0
3208 245279 1.0
3209 245334 1.0
3210 245392 1.0
3211 245453 1.0
3212 245532 1.0
3213 245591 1.0
3214 245655 1.0
3215 245715 1.0
3216 245765 1.0
3217 245824 1.0
3218 245887 1.0
3219 245950 1.0
3220 245999 1.0
3221 246055 1.0
3222 246107 1.0
3223 246174 1.0
3224 246229 1.0
3225 246275 1.0
3226 246353 1.0
3227 246404 1.0
3228 246448 1.0
3229 246525 1.0
3230 246581 1.0
3231 246648 1.0
3232 246704 1.0
3233 246770 1.0
3234 246827 1.0
3235 246879 1.0
3236 246932 1.0
3237 246995 1.0
3238 247039 1.0
3239 247095 1.0
3240 247159 1.0
3241 247227 1.0
3242 247273 1.0
3243 247335 1.0
3244 247392 1.0
3245 247460 1.0
3246 247520 1.0
3247 247596 1.0
3248 247671 1.0
3249 247732 1.0
3250 247809 1.0
3251 247865 1.0
3252 247949 1.0
3253 248004 1.0
3254 248099 1.0
3255 248158 1.0
3256 248215 1.0
3257 248261 1.0
3258 248324 1.0
3259 248386 1.0
3260 248432 1.0
3261 248485 1.0
3262 248550 1.0
3263 248611 1.0
3264 248668 1.0
3265 248726 1.0
3266 248784 1.0
3267 248835 1.0
3268 248905 1.0
3269 248958 1.0
3270 249016 1.0
3271 249071 1.0
3272 249125 1.0
3273 249193 1.0
3274 249256 1.0
3275 249305 1.0
3276 249361 1.0
3277 249424 1.0
3278 249475 1.0
3279 249540 1.0
3280 249612 1.0
3281 249673 1.0
3282 249727 1.0
3283 249776 1.0
3284 249824 1.0
3285 249876 1.0
3286 249931 1.0
3287 249984 1.0
3288 250040 1.0
3289 250116 1.0
3290 250179 1.0
3291 250243 1.0
3292 250297 1.0
3293 250352 1.0
3294 250402 1.0
3295 250445 1.0
3296 250507 1.0
3297 250574 1.0
3298 250626 1.0
3299 250672 1.0
3300 250720 1.0
3301 250784 1.0
3302 250834 1.0
3303 250885 1.0
3304 250944 1.0
3305 250997 1.0
3306 251041 1.0
3307 251099 1.0
3308 251154 1.0
3309 251205 1.0
3310 251275 1.0
3311 251332 1.0
3312 251422 1.0
3313 251483 1.0
3314 251535 1.0
3315 251586 1.0
3316 251663 1.0
3317 251712 1.0
3318 251778 1.0
3319 251840 1.0
3320 251898 1.0
3321 251960 1.0
3322 252049 1.0
3323 252101 1.0
3324 252161 1.0
3325 252217 1.0
3326 252285 1.0
3327 252342 1.0
3328 252397 1.0
3329 252463 1.0
3330 252516 1.0
3331 252585 1.0
3332 252655 1.0
3333 252707 1.0
3334 252763 1.0
3335 252817 1.0
3336 252880 1.0
3337 252956 1.0
3338 253022 1.0
3339 253075 1.0
3340 253150 1.0
3341 253198 1.0
3342 253284 1.0
3343 253333 1.0
3344 253384 1.0
3345 253435 1.0
3346 253509 1.0
3347 253557 1.0
3348 253610 1.0
3349 253668 1.0
3350 253738 1.0
3351 253790 1.0
3352 253855 1.0
3353 253899 1.0
3354 253971 1.0
3355 254034 1.0
3356 254099 1.0
3357 254180 1.0
3358 254223 1.0
3359 254290 1.0
3360 254351 1.0
3361 254419 1.0
3362 254475 1.0
3363 254537 1.0
3364 254583 1.0
3365 254670 1.0
3366 254726 1.0
3367 254779 1.0
3368 254832 1.0
3369 254883 1.0
3370 254940 1.0
3371 254998 1.0
3372 255052 1.0
3373 255111 1.0
3374 255185 1.0
3375 255249 1.0
3376 255297 1.0
3377 255354 1.0
3378 255407 1.0
3379 255453 1.0
3380 255524 1.0
3381 255576 1.0
3382 255625 1.0
3383 255698 1.0
3384 255755 1.0
3385 255813 1.0
3386 255858 1.0
3387 255921 1.0
3388 255962 1.0
3389 256025 1.0
3390 256090 1.0
3391 256160 1.0
3392 256223 1.0
3393 256274 1.0
3394 256317 1.0
3395 256378 1.0
3396 256425 1.0
3397 256469 1.0
3398 256524 1.0
3399 256576 1.0
3400 256626 1.0
3401 256699 1.0
3402 256761 1.0
3403 256848 1.0
3404 256914 1.0
3405 256969 1.0
3406 257020 1.0
3407 257084 1.0
3408 257131 1.0
3409 257178 1.0
3410 257230 1.0
3411 257283 1.0
3412 257353 1.0
3413 257405 1.0
3414 257508 1.0
3415 257562 1.0
3416 257626 1.0
3417 257688 1.0
3418 257734 1.0
3419 257792 1.0
3420 257851 1.0
3421 257903 1.0
3422 257959 1.0
3423 258039 1.0
3424 258101 1.0
3425 258153 1.0
3426 258214 1.0
3427 258260 1.0
3428 258329 1.0
3429 258376 1.0
3430 258432 1.0
3431 258494 1.0
3432 258552 1.0
3433 258603 1.0
3434 258662 1.0
3435 258736 1.0
3436 258800 1.0
3437 258844 1.0
3438 258909 1.0
3439 258965 1.0
3440 259028 1.0
3441 259091 1.0
3442 259144 1.0
3443 259204 1.0
3444 259260 1.0
3445 259313 1.0
3446 259376 1.0
3447 259431 1.0
3448 259485 1.0
3449 259546 1.0
3450 259598 1.0
3451 259657 1.0
3452 259719 1.0
3453 259783 1.0
3454 259837 1.0
3455 259889 1.0
3456 259932 1.0
3457 259980 1.0
3458 260041 1.0
3459 260094 1.0
3460 260159 1.0
3461 260215 1.0
3462 260284 1.0
3463 260340 1.0
3464 260399 1.0
3465 260471 1.0
3466 260532 1.0
3467 260594 1.0
3468 260668 1.0
3469 260736 1.0
3470 260821 1.0
3471 260890 1.0
3472 260969 1.0
3473 261029 1.0
3474 261081 1.0
3475 261132 1.0
3476 261236 1.0
3477 261300 1.0
3478 261362 1.0
3479 261415 1.0
3480 261474 1.0
3481 261534 1.0
3482 261593 1.0
3483 261645 1.0
3484 261720 1.0
3485 261806 1.0
3486 261874 1.0
3487 261924 1.0
3488 261986 1.0
3489 262040 1.0
3490 262086 1.0
3491 262142 1.0
3492 262201 1.0
3493 262253 1.0
3494 262302 1.0
3495 262355 1.0
3496 262413 1.0
3497 262471 1.0
3498 262511 1.0
3499 262557 1.0
3500 262625 1.0
3501 262687 1.0
3502 262745 1.0
3503 262799 1.0
3504 262860 1.0
3505 262936 1.0
3506 262996 1.0
3507 263063 1.0
3508 263126 1.0
3509 263201 1.0
3510 263268 1.0
3511 263328 1.0
3512 263376 1.0
3513 263419 1.0
3514 263493 1.0
3515 263555 1.0
3516 263611 1.0
3517 263665 1.0
3518 263719 1.0
3519 263792 1.0
3520 263855 1.0
3521 263904 1.0
3522 264018 1.0
3523 264098 1.0
3524 264164 1.0
3525 264217 1.0
3526 264264 1.0
3527 264360 1.0
3528 264429 1.0
3529 264489 1.0
3530 264543 1.0
3531 264593 1.0
3532 264674 1.0
3533 264722 1.0
3534 264781 1.0
3535 264830 1.0
3536 264892 1.0
3537 264946 1.0
3538 265005 1.0
3539 265069 1.0
3540 265134 1.0
3541 265201 1.0
3542 265260 1.0
3543 265313 1.0
3544 265364 1.0
3545 265432 1.0
3546 265490 1.0
3547 265544 1.0
3548 265600 1.0
3549 265652 1.0
3550 265707 1.0
3551 265756 1.0
3552 265822 1.0
3553 265889 1.0
3554 265946 1.0
3555 265994 1.0
3556 266064 1.0
3557 266116 1.0
3558 266166 1.0
3559 266218 1.0
3560 266305 1.0
3561 266355 1.0
3562 266406 1.0
3563 266454 1.0
3564 266546 1.0
3565 266605 1.0
3566 266656 1.0
3567 266740 1.0
3568 266800 1.0
3569 266868 1.0
3570 266922 1.0
3571 266974 1.0
3572 267024 1.0
3573 267077 1.0
3574 267126 1.0
3575 267209 1.0
3576 267261 1.0
3577 267341 1.0
3578 267394 1.0
3579 267450 1.0
3580 267496 1.0
3581 267559 1.0
3582 267620 1.0
3583 267670 1.0
3584 267741 1.0
3585 267810 1.0
3586 267864 1.0
3587 267920 1.0
3588 268006 1.0
3589 268068 1.0
3590 268116 1.0
3591 268187 1.0
3592 268260 1.0
3593 268316 1.0
3594 268367 1.0
3595 268424 1.0
3596 268485 1.0
3597 268544 1.0
3598 268594 1.0
3599 268666 1.0
3600 268732 1.0
3601 268784 1.0
3602 268838 1.0
3603 268889 1.0
3604 268966 1.0
3605 269015 1.0
3606 269070 1.0
3607 269128 1.0
3608 269173 1.0
3609 269229 1.0
3610 269277 1.0
3611 269327 1.0
3612 269383 1.0
3613 269450 1.0
3614 269511 1.0
3615 269580 1.0
3616 269646 1.0
3617 269709 1.0
3618 269767 1.0
3619 269818 1.0
3620 269873 1.0
3621 269935 1.0
3622 269995 1.0
3623 270042 1.0
3624 270109 1.0
3625 270177 1.0
3626 270242 1.0
3627 270289 1.0
3628 270357 1.0
3629 270412 1.0
3630 270484 1.0
3631 270535 1.0
3632 270582 1.0
3633 270645 1.0
3634 270717 1.0
3635 270784 1.0
3636 270849 1.0
3637 270904 1.0
3638 270954 1.0
3639 271006 1.0
3640 271058 1.0
3641 271111 1.0
3642 271167 1.0
3643 271210 1.0
3644 271284 1.0
3645 271351 1.0
3646 271399 1.0
3647 271448 1.0
3648 271511 1.0
3649 271570 1.0
3650 271616 1.0
3651 271670 1.0
3652 271728 1.0
3653 271789 1.0
3654 271834 1.0
3655 271901 1.0
3656 271951 1.0
3657 272018 1.0
3658 272064 1.0
3659 272117 1.0
3660 272178 1.0
3661 272247 1.0
3662 272292 1.0
3663 272336 1.0
3664 272400 1.0
3665 272459 1.0
3666 272528 1.0
3667 272595 1.0
3668 272666 1.0
3669 272723 1.0
3670 272776 1.0
3671 272842 1.0
3672 272895 1.0
3673 272949 1.0
3674 273029 1.0
3675 273106 1.0
3676 273162 1.0
3677 273208 1.0
3678 273282 1.0
3679 273339 1.0
3680 273395 1.0
3681 273471 1.0
3682 273523 1.0
3683 273589 1.0
3684 273654 1.0
3685 273714 1.0
3686 273756 1.0
3687 273804 1.0
3688 273858 1.0
3689 273923 1.0
3690 274006 1.0
3691 274053 1.0
3692 274098 1.0
3693 274195 1.0
3694 274266 1.0
3695 274340 1.0
3696 274409 1.0
3697 274468 1.0
3698 274519 1.0
3699 274579 1.0
3700 274624 1.0
3701 274680 1.0
3702 274738 1.0
3703 274808 1.0
3704 274893 1.0
3705 274952 1.0
3706 275010 1.0
3707 275065 1.0
3708 275116 1.0
3709 275164 1.0
3710 275214 1.0
3711 275260 1.0
3712 275304 1.0
3713 275380 1.0
3714 275438 1.0
3715 275514 1.0
3716 275558 1.0
3717 275628 1.0
3718 275704 1.0
3719 275772 1.0
3720 275814 1.0
3721 275866 1.0
3722 275908 1.0
3723 275969 1.0
3724 276024 1.0
3725 276083 1.0
3726 276145 1.0
3727 276199 1.0
3728 276250 1.0
3729 276313 1.0
3730 276386 1.0
3731 276439 1.0
3732 276486 1.0
3733 276536 1.0
3734 276586 1.0
3735 276648 1.0
3736 276699 1.0
3737 276749 1.0
3738 276799 1.0
3739 276839 1.0
3740 276896 1.0
3741 276957 1.0
3742 277011 1.0
3743 277072 1.0
3744 277127 1.0
3745 277188 1.0
3746 277265 1.0
3747 277325 1.0
3748 277372 1.0
3749 277444 1.0
3750 277511 1.0
3751 277565 1.0
3752 277622 1.0
3753 277675 1.0
3754 277727 1.0
3755 277810 1.0
3756 277868 1.0
3757 277927 1.0
3758 277973 1.0
3759 278020 1.0
3760 278067 1.0
3761 278119 1.0
3762 278183 1.0
3763 278236 1.0
3764 278291 1.0
3765 278362 1.0
3766 278426 1.0
3767 278541 1.0
3768 278589 1.0
3769 278635 1.0
3770 278684 1.0
3771 278740 1.0
3772 278789 1.0
3773 278851 1.0
3774 278899 1.0
3775 278953 1.0
3776 278996 1.0
3777 279061 1.0
3778 279111 1.0
3779 279170 1.0
3780 279213 1.0
3781 279257 1.0
3782 279310 1.0
3783 279375 1.0
3784 279454 1.0
3785 279500 1.0
3786 279549 1.0
3787 279659 1.0
3788 279716 1.0
3789 279759 1.0
3790 279805 1.0
3791 279861 1.0
3792 279922 1.0
3793 279974 1.0
3794 280029 1.0
3795 280087 1.0
3796 280128 1.0
3797 280180 1.0
3798 280251 1.0
3799 280299 1.0
3800 280365 1.0
3801 280412 1.0
3802 280471 1.0
3803 280523 1.0
3804 280579 1.0
3805 280639 1.0
3806 280705 1.0
3807 280750 1.0
3808 280813 1.0
3809 280859 1.0
3810 280942 1.0
3811 280996 1.0
3812 281049 1.0
3813 281100 1.0
3814 281177 1.0
3815 281242 1.0
3816 281297 1.0
3817 281349 1.0
3818 281412 1.0
3819 281473 1.0
3820 281526 1.0
3821 281612 1.0
3822 281683 1.0
3823 281723 1.0
3824 281770 1.0
3825 281817 1.0
3826 281865 1.0
3827 281925 1.0
3828 281993 1.0
3829 282048 1.0
3830 282106 1.0
3831 282173 1.0
3832 282242 1.0
3833 282290 1.0
3834 282371 1.0
3835 282430 1.0
3836 282500 1.0
3837 282542 1.0
3838 282587 1.0
3839 282644 1.0
3840 282705 1.0
3841 282756 1.0
3842 282804 1.0
3843 282867 1.0
3844 282926 1.0
3845 283009 1.0
3846 283072 1.0
3847 283140 1.0
3848 283197 1.0
3849 283256 1.0
3850 283313 1.0
3851 283360 1.0
3852 283407 1.0
3853 283464 1.0
3854 283525 1.0
3855 283582 1.0
3856 283632 1.0
3857 283718 1.0
3858 283762 1.0
3859 283840 1.0
3860 283894 1.0
3861 283948 1.0
3862 284034 1.0
3863 284095 1.0
3864 284154 1.0
3865 284201 1.0
3866 284254 1.0
3867 284325 1.0
3868 284380 1.0
3869 284448 1.0
3870 284507 1.0
3871 284561 1.0
3872 284633 1.0
3873 284679 1.0
3874 284721 1.0
3875 284782 1.0
3876 284832 1.0
3877 284888 1.0
3878 284944 1.0
3879 284991 1.0
3880 285045 1.0
3881 285093 1.0
3882 285145 1.0
3883 285196 1.0
3884 285267 1.0
3885 285332 1.0
3886 285378 1.0
3887 285440 1.0
3888 285507 1.0
3889 285580 1.0
3890 285626 1.0
3891 285734 1.0
3892 285794 1.0
3893 285910 1.0
3894 285966 1.0
3895 286014 1.0
3896 286085 1.0
3897 286139 1.0
3898 286185 1.0
3899 286250 1.0
3900 286297 1.0
3901 286344 1.0
3902 286393 1.0
3903 286452 1.0
3904 286516 1.0
3905 286559 1.0
3906 286631 1.0
3907 286689 1.0
3908 286739 1.0
3909 286792 1.0
3910 286849 1.0
3911 286904 1.0
3912 286959 1.0
3913 287019 1.0
3914 287070 1.0
3915 287164 1.0
3916 287232 1.0
3917 287284 1.0
3918 287340 1.0
3919 287391 1.0
3920 287441 1.0
3921 287495 1.0
3922 287563 1.0
3923 287644 1.0
3924 287694 1.0
3925 287744 1.0
3926 287797 1.0
3927 287844 1.0
3928 287900 1.0
3929 287955 1.0
3930 288022 1.0
3931 288080 1.0
3932 288180 1.0
3933 288243 1.0
3934 288300 1.0
3935 288379 1.0
3936 288438 1.0
3937 288491 1.0
3938 288536 1.0
3939 288581 1.0
3940 288698 1.0
3941 288747 1.0
3942 288809 1.0
3943 288859 1.0
3944 288923 1.0
3945 288982 1.0
3946 289040 1.0
3947 289110 1.0
3948 289159 1.0
3949 289217 1.0
3950 289266 1.0
3951 289333 1.0
3952 289406 1.0
3953 289464 1.0
3954 289515 1.0
3955 289564 1.0
3956 289620 1.0
3957 289668 1.0
3958 289720 1.0
3959 289784 1.0
3960 289829 1.0
3961 289891 1.0
3962 289946 1.0
3963 290019 1.0
3964 290085 1.0
3965 290149 1.0
3966 290198 1.0
3967 290256 1.0
3968 290309 1.0
3969 290369 1.0
3970 290425 1.0
3971 290472 1.0
3972 290546 1.0
3973 290599 1.0
3974 290649 1.0
3975 290700 1.0
3976 290745 1.0
3977 290790 1.0
3978 290851 1.0
3979 290902 1.0
3980 290960 1.0
3981 291015 1.0
3982 291078 1.0
3983 291134 1.0
3984 291195 1.0
3985 291305 1.0
3986 291374 1.0
3987 291441 1.0
3988 291500 1.0
3989 291546 1.0
3990 291598 1.0
3991 291648 1.0
3992 291720 1.0
3993 291784 1.0
3994 291829 1.0
3995 291890 1.0
3996 291952 1.0
3997 291996 1.0
3998 292048 1.0
3999 292094 1.0
4000 292153 1.0
4001 292226 1.0
4002 292309 1.0
4003 292357 1.0
4004 292409 1.0
4005 292497 1.0
4006 292550 1.0
4007 292604 1.0
4008 292659 1.0
4009 292710 1.0
4010 292775 1.0
4011 292824 1.0
4012 292897 1.0
4013 292956 1.0
4014 293025 1.0
4015 293104 1.0
4016 293155 1.0
4017 293202 1.0
4018 293260 1.0
4019 293308 1.0
4020 293356 1.0
4021 293414 1.0
4022 293459 1.0
4023 293501 1.0
4024 293553 1.0
4025 293630 1.0
4026 293682 1.0
4027 293746 1.0
4028 293824 1.0
4029 293867 1.0
4030 293935 1.0
4031 293987 1.0
4032 294049 1.0
4033 294123 1.0
4034 294188 1.0
4035 294242 1.0
4036 294297 1.0
4037 294345 1.0
4038 294393 1.0
4039 294454 1.0
4040 294525 1.0
4041 294591 1.0
4042 294654 1.0
4043 294700 1.0
4044 294754 1.0
4045 294819 1.0
4046 294872 1.0
4047 294935 1.0
4048 295002 1.0
4049 295083 1.0
4050 295131 1.0
4051 295199 1.0
4052 295260 1.0
4053 295343 1.0
4054 295423 1.0
4055 295470 1.0
4056 295548 1.0
4057 295608 1.0
4058 295662 1.0
4059 295728 1.0
4060 295790 1.0
4061 295857 1.0
4062 295914 1.0
4063 295962 1.0
4064 296022 1.0
4065 296080 1.0
4066 296144 1.0
4067 296192 1.0
4068 296245 1.0
4069 296292 1.0
4070 296354 1.0
4071 296398 1.0
4072 296459 1.0
4073 296500 1.0
4074 296567 1.0
4075 296631 1.0
4076 296708 1.0
4077 296778 1.0
4078 296844 1.0
4079 296897 1.0
4080 296944 1.0
4081 297008 1.0
4082 297081 1.0
4083 297146 1.0
4084 297202 1.0
4085 297250 1.0
4086 297298 1.0
4087 297374 1.0
4088 297428 1.0
4089 297492 1.0
4090 297552 1.0
4091 297605 1.0
4092 297671 1.0
4093 297738 1.0
4094 297805 1.0
4095 297857 1.0
4096 297918 1.0
4097 297983 1.0
4098 298052 1.0
4099 298106 1.0
4100 298164 1.0
4101 298219 1.0
4102 298263 1.0
4103 298309 1.0
4104 298355 1.0
4105 298420 1.0
4106 298477 1.0
4107 298523 1.0
4108 298617 1.0
4109 298668 1.0
4110 298760 1.0
4111 298805 1.0
4112 298855 1.0
4113 298903 1.0
4114 298967 1.0
4115 299025 1.0
4116 299091 1.0
4117 299143 1.0
4118 299211 1.0
4119 299286 1.0
4120 299341 1.0
4121 299390 1.0
4122 299449 1.0
4123 299521 1.0
4124 299590 1.0
4125 299662 1.0
4126 299723 1.0
4127 299771 1.0
4128 299852 1.0
4129 299916 1.0
4130 299974 1.0
4131 300047 1.0
4132 300100 1.0
4133 300157 1.0
4134 300225 1.0
4135 300310 1.0
4136 300358 1.0
4137 300409 1.0
4138 300469 1.0
4139 300522 1.0
4140 300572 1.0
4141 300630 1.0
4142 300687 1.0
4143 300746 1.0
4144 300820 1.0
4145 300874 1.0
4146 300927 1.0
4147 300978 1.0
4148 301024 1.0
4149 301085 1.0
4150 301130 1.0
4151 301178 1.0
4152 301229 1.0
4153 301291 1.0
4154 301342 1.0
4155 301402 1.0
4156 301461 1.0
4157 301519 1.0
4158 301576 1.0
4159 301627 1.0
4160 301676 1.0
4161 301729 1.0
4162 301775 1.0
4163 301840 1.0
4164 301898 1.0
4165 301961 1.0
4166 302013 1.0
4167 302067 1.0
4168 302124 1.0
4169 302186 1.0
4170 302289 1.0
4171 302342 1.0
4172 302393 1.0
4173 302446 1.0
4174 302496 1.0
4175 302559 1.0
4176 302618 1.0
4177 302680 1.0
4178 302722 1.0
4179 302786 1.0
4180 302840 1.0
4181 302900 1.0
4182 302945 1.0
4183 302994 1.0
4184 303047 1.0
4185 303092 1.0
4186 303155 1.0
4187 303206 1.0
4188 303260 1.0
4189 303314 1.0
4190 303365 1.0
4191 303406 1.0
4192 303476 1.0
4193 303530 1.0
4194 303582 1.0
4195 303634 1.0
4196 303682 1.0
4197 303739 1.0
4198 303821 1.0
4199 303875 1.0
4200 303924 1.0
4201 303984 1.0
4202 304038 1.0
4203 304085 1.0
4204 304160 1.0
4205 304204 1.0
4206 304255 1.0
4207 304319 1.0
4208 304369 1.0
4209 304423 1.0
4210 304481 1.0
4211 304536 1.0
4212 304606 1.0
4213 304677 1.0
4214 304723 1.0
4215 304778 1.0
4216 304833 1.0
4217 304884 1.0
4218 304938 1.0
4219 304995 1.0
4220 305045 1.0
4221 305098 1.0
4222 305152 1.0
4223 305247 1.0
4224 305293 1.0
4225 305356 1.0
4226 305417 1.0
4227 305474 1.0
4228 305529 1.0
4229 305589 1.0
4230 305652 1.0
4231 305771 1.0
4232 305846 1.0
4233 305909 1.0
4234 305980 1.0
4235 306034 1.0
4236 306087 1.0
4237 306139 1.0
4238 306188 1.0
4239 306245 1.0
4240 306298 1.0
4241 306360 1.0
4242 306434 1.0
4243 306476 1.0
4244 306538 1.0
4245 306605 1.0
4246 306661 1.0
4247 306701 1.0
4248 306777 1.0
4249 306837 1.0
4250 306892 1.0
4251 306953 1.0
4252 307015 1.0
4253 307067 1.0
4254 307118 1.0
4255 307180 1.0
4256 307224 1.0
4257 307276 1.0
4258 307334 1.0
4259 307399 1.0
4260 307480 1.0
4261 307538 1.0
4262 307597 1.0
4263 307646 1.0
4264 307710 1.0
4265 307760 1.0
4266 307810 1.0
4267 307866 1.0
4268 307936 1.0
4269 307995 1.0
4270 308051 1.0
4271 308128 1.0
4272 308218 1.0
4273 308289 1.0
4274 308350 1.0
4275 308418 1.0
4276 308464 1.0
4277 308519 1.0
4278 308569 1.0
4279 308634 1.0
4280 308692 1.0
4281 308773 1.0
4282 308832 1.0
4283 308886 1.0
4284 308938 1.0
4285 308990 1.0
4286 309052 1.0
4287 309118 1.0
4288 309178 1.0
4289 309229 1.0
4290 309286 1.0
4291 309343 1.0
4292 309402 1.0
4293 309467 1.0
4294 309525 1.0
4295 309578 1.0
4296 309630 1.0
4297 309692 1.0
4298 309743 1.0
4299 309798 1.0
4300 309864 1.0
4301 309915 1.0
4302 309960 1.0
4303 310010 1.0
4304 310109 1.0
4305 310169 1.0
4306 310230 1.0
4307 310280 1.0
4308 310342 1.0
4309 310386 1.0
4310 310449 1.0
4311 310513 1.0
4312 310568 1.0
4313 310640 1.0
4314 310699 1.0
4315 310764 1.0
4316 310813 1.0
4317 310864 1.0
4318 310915 1.0
4319 310973 1.0
4320 311019 1.0
4321 311076 1.0
4322 311128 1.0
4323 311179 1.0
4324 311240 1.0
4325 311316 1.0
4326 311381 1.0
4327 311422 1.0
4328 311465 1.0
4329 311509 1.0
4330 311556 1.0
4331 311626 1.0
4332 311670 1.0
4333 311717 1.0
4334 311763 1.0
4335 311832 1.0
4336 311882 1.0
4337 311938 1.0
4338 311977 1.0
4339 312033 1.0
4340 312095 1.0
4341 312151 1.0
4342 312208 1.0
4343 312264 1.0
4344 312327 1.0
4345 312392 1.0
4346 312454 1.0
4347 312508 1.0
4348 312558 1.0
4349 312613 1.0
4350 312673 1.0
4351 312727 1.0
4352 312791 1.0
4353 312841 1.0
4354 312892 1.0
4355 312932 1.0
4356 312979 1.0
4357 313032 1.0
4358 313103 1.0
4359 313176 1.0
4360 313235 1.0
4361 313298 1.0
4362 313363 1.0
4363 313434 1.0
4364 313475 1.0
4365 313529 1.0
4366 313585 1.0
4367 313636 1.0
4368 313689 1.0
4369 313761 1.0
4370 313821 1.0
4371 313884 1.0
4372 313957 1.0
4373 314005 1.0
4374 314073 1.0
4375 314130 1.0
4376 314187 1.0
4377 314236 1.0
4378 314285 1.0
4379 314351 1.0
4380 314405 1.0
4381 314448 1.0
4382 314499 1.0
4383 314577 1.0
4384 314627 1.0
4385 314677 1.0
4386 314734 1.0
4387 314793 1.0
4388 314868 1.0
4389 314954 1.0
4390 315013 1.0
4391 315077 1.0
4392 315134 1.0
4393 315211 1.0
4394 315301 1.0
4395 315356 1.0
4396 315409 1.0
4397 315455 1.0
4398 315512 1.0
4399 315565 1.0
4400 315614 1.0
4401 315663 1.0
4402 315722 1.0
4403 315773 1.0
4404 315816 1.0
4405 315881 1.0
4406 315947 1.0
4407 315987 1.0
4408 316074 1.0
4409 316147 1.0
4410 316220 1.0
4411 316273 1.0
4412 316320 1.0
4413 316370 1.0
4414 316422 1.0
4415 316473 1.0
4416 316528 1.0
4417 316583 1.0
4418 316653 1.0
4419 316704 1.0
4420 316750 1.0
4421 316793 1.0
4422 316851 1.0
4423 316909 1.0
4424 316963 1.0
4425 317007 1.0
4426 317056 1.0
4427 317111 1.0
4428 317160 1.0
4429 317219 1.0
4430 317268 1.0
4431 317341 1.0
4432 317411 1.0
4433 317459 1.0
4434 317501 1.0
4435 317567 1.0
4436 317620 1.0
4437 317698 1.0
4438 317746 1.0
4439 317811 1.0
4440 317864 1.0
4441 317914 1.0
4442 317968 1.0
4443 318016 1.0
4444 318063 1.0
4445 318116 1.0
4446 318177 1.0
4447 318228 1.0
4448 318283 1.0
4449 318330 1.0
4450 318383 1.0
4451 318442 1.0
4452 318498 1.0
4453 318555 1.0
4454 318615 1.0
4455 318688 1.0
4456 318758 1.0
4457 318804 1.0
4458 318862 1.0
4459 318913 1.0
4460 318975 1.0
4461 319021 1.0
4462 319079 1.0
4463 319147 1.0
4464 319219 1.0
4465 319279 1.0
4466 319338 1.0
4467 319395 1.0
4468 319447 1.0
4469 319525 1.0
4470 319567 1.0
4471 319665 1.0
4472 319714 1.0
4473 319787 1.0
4474 319833 1.0
4475 319887 1.0
4476 319948 1.0
4477 320010 1.0
4478 320065 1.0
4479 320121 1.0
4480 320176 1.0
4481 320226 1.0
4482 320268 1.0
4483 320321 1.0
4484 320394 1.0
4485 320465 1.0
4486 320516 1.0
4487 320563 1.0
4488 320647 1.0
4489 320695 1.0
4490 320759 1.0
4491 320808 1.0
4492 320870 1.0
4493 320930 1.0
4494 320971 1.0
4495 321013 1.0
4496 321109 1.0
4497 321160 1.0
4498 321229 1.0
4499 321286 1.0
4500 321335 1.0
4501 321378 1.0
4502 321452 1.0
4503 321495 1.0
4504 321585 1.0
4505 321645 1.0
4506 321698 1.0
4507 321753 1.0
4508 321822 1.0
4509 321892 1.0
4510 321940 1.0
4511 322003 1.0
4512 322054 1.0
4513 322118 1.0
4514 322172 1.0
4515 322251 1.0
4516 322306 1.0
4517 322408 1.0
4518 322465 1.0
4519 322521 1.0
4520 322575 1.0
4521 322638 1.0
4522 322694 1.0
4523 322769 1.0
4524 322830 1.0
4525 322892 1.0
4526 322944 1.0
4527 323013 1.0
4528 323075 1.0
4529 323172 1.0
4530 323228 1.0
4531 323302 1.0
4532 323392 1.0
4533 323447 1.0
4534 323501 1.0
4535 323548 1.0
4536 323610 1.0
4537 323678 1.0
4538 323744 1.0
4539 323802 1.0
4540 323871 1.0
4541 323928 1.0
4542 323987 1.0
4543 324036 1.0
4544 324096 1.0
4545 324144 1.0
4546 324215 1.0
4547 324294 1.0
4548 324363 1.0
4549 324409 1.0
4550 324458 1.0
4551 324503 1.0
4552 324551 1.0
4553 324607 1.0
4554 324672 1.0
4555 324718 1.0
4556 324778 1.0
4557 324870 1.0
4558 324914 1.0
4559 324961 1.0
4560 325006 1.0
4561 325052 1.0
4562 325100 1.0
4563 325145 1.0
4564 325200 1.0
4565 325251 1.0
4566 325296 1.0
4567 325349 1.0
4568 325398 1.0
4569 325467 1.0
4570 325525 1.0
4571 325577 1.0
4572 325620 1.0
4573 325697 1.0
4574 325760 1.0
4575 325825 1.0
4576 325868 1.0
4577 325926 1.0
4578 325977 1.0
4579 326034 1.0
4580 326092 1.0
4581 326160 1.0
4582 326210 1.0
4583 326262 1.0
4584 326316 1.0
4585 326367 1.0
4586 326420 1.0
4587 326463 1.0
4588 326518 1.0
4589 326576 1.0
4590 326651 1.0
4591 326703 1.0
4592 326777 1.0
4593 326832 1.0
4594 326882 1.0
4595 326930 1.0
4596 326984 1.0
4597 327042 1.0
4598 327085 1.0
4599 327140 1.0
4600 327193 1.0
4601 327264 1.0
4602 327311 1.0
4603 327361 1.0
4604 327425 1.0
4605 327488 1.0
4606 327532 1.0
4607 327597 1.0
4608 327649 1.0
4609 327722 1.0
4610 327772 1.0
4611 327823 1.0
4612 327887 1.0
4613 327949 1.0
4614 327993 1.0
4615 328055 1.0
4616 328110 1.0
4617 328160 1.0
4618 328228 1.0
4619 328282 1.0
4620 328334 1.0
4621 328407 1.0
4622 328469 1.0
4623 328530 1.0
4624 328607 1.0
4625 328685 1.0
4626 328740 1.0
4627 328791 1.0
4628 328848 1.0
4629 328904 1.0
4630 328958 1.0
4631 329016 1.0
4632 329085 1.0
4633 329163 1.0
4634 329215 1.0
4635 329272 1.0
4636 329319 1.0
4637 329370 1.0
4638 329421 1.0
4639 329491 1.0
4640 329573 1.0
4641 329624 1.0
4642 329690 1.0
4643 329737 1.0
4644 329780 1.0
4645 329827 1.0
4646 329873 1.0
4647 329948 1.0
4648 330015 1.0
4649 330082 1.0
4650 330130 1.0
4651 330173 1.0
4652 330227 1.0
4653 330281 1.0
4654 330327 1.0
4655 330375 1.0
4656 330428 1.0
4657 330497 1.0
4658 330569 1.0
4659 330626 1.0
4660 330673 1.0
4661 330725 1.0
4662 330794 1.0
4663 330850 1.0
4664 330914 1.0
4665 330977 1.0
4666 331040 1.0
4667 331088 1.0
4668 331140 1.0
4669 331214 1.0
4670 331271 1.0
4671 331338 1.0
4672 331384 1.0
4673 331439 1.0
4674 331501 1.0
4675 331549 1.0
4676 331606 1.0
4677 331674 1.0
4678 331738 1.0
4679 331794 1.0
4680 331849 1.0
4681 331902 1.0
4682 331970 1.0
4683 332016 1.0
4684 332080 1.0
4685 332136 1.0
4686 332195 1.0
4687 332249 1.0
4688 332304 1.0
4689 332359 1.0
4690 332408 1.0
4691 332464 1.0
4692 332528 1.0
4693 332579 1.0
4694 332643 1.0
4695 332694 1.0
4696 332747 1.0
4697 332828 1.0
4698 332888 1.0
4699 332944 1.0
4700 332994 1.0
4701 333048 1.0
4702 333102 1.0
4703 333151 1.0
4704 333195 1.0
4705 333273 1.0
4706 333332 1.0
4707 333383 1.0
4708 333434 1.0
4709 333482 1.0
4710 333556 1.0
4711 333617 1.0
4712 333676 1.0
4713 333723 1.0
4714 333782 1.0
4715 333837 1.0
4716 333897 1.0
4717 333970 1.0
4718 334019 1.0
4719 334075 1.0
4720 334136 1.0
4721 334206 1.0
4722 334260 1.0
4723 334326 1.0
4724 334371 1.0
4725 334431 1.0
4726 334495 1.0
4727 334543 1.0
4728 334612 1.0
4729 334677 1.0
4730 334729 1.0
4731 334782 1.0
4732 334833 1.0
4733 334876 1.0
4734 334946 1.0
4735 335021 1.0
4736 335068 1.0
4737 335123 1.0
4738 335180 1.0
4739 335243 1.0
4740 335300 1.0
4741 335346 1.0
4742 335404 1.0
4743 335460 1.0
4744 335542 1.0
4745 335595 1.0
4746 335656 1.0
4747 335717 1.0
4748 335766 1.0
4749 335838 1.0
4750 335897 1.0
4751 335950 1.0
4752 336004 1.0
4753 336083 1.0
4754 336139 1.0
4755 336209 1.0
4756 336263 1.0
4757 336317 1.0
4758 336373 1.0
4759 336441 1.0
4760 336506 1.0
4761 336551 1.0
4762 336602 1.0
4763 336659 1.0
4764 336737 1.0
4765 336810 1.0
4766 336869 1.0
4767 336937 1.0
4768 336992 1.0
4769 337043 1.0
4770 337091 1.0
4771 337152 1.0
4772 337205 1.0
4773 337269 1.0
4774 337326 1.0
4775 337380 1.0
4776 337444 1.0
4777 337502 1.0
4778 337578 1.0
4779 337633 1.0
4780 337699 1.0
4781 337752 1.0
4782 337799 1.0
4783 337870 1.0
4784 337918 1.0
4785 337975 1.0
4786 338025 1.0
4787 338078 1.0
4788 338136 1.0
4789 338188 1.0
4790 338249 1.0
4791 338322 1.0
4792 338378 1.0
4793 338431 1.0
4794 338489 1.0
4795 338539 1.0
4796 338587 1.0
4797 338650 1.0
4798 338698 1.0
4799 338748 1.0
4800 338803 1.0
4801 338849 1.0
4802 338900 1.0
4803 338948 1.0
4804 338987 1.0
4805 339044 1.0
4806 339116 1.0
4807 339183 1.0
4808 339251 1.0
4809 339313 1.0
4810 339384 1.0
4811 339451 1.0
4812 339497 1.0
4813 339569 1.0
4814 339615 1.0
4815 339665 1.0
4816 339723 1.0
4817 339782 1.0
4818 339851 1.0
4819 339911 1.0
4820 339962 1.0
4821 340016 1.0
4822 340091 1.0
4823 340145 1.0
4824 340203 1.0
4825 340282 1.0
4826 340344 1.0
4827 340392 1.0
4828 340446 1.0
4829 340494 1.0
4830 340546 1.0
4831 340596 1.0
4832 340653 1.0
4833 340711 1.0
4834 340768 1.0
4835 340825 1.0
4836 340877 1.0
4837 340948 1.0
4838 341014 1.0
4839 341106 1.0
4840 341160 1.0
4841 341233 1.0
4842 341294 1.0
4843 341365 1.0
4844 341423 1.0
4845 341480 1.0
4846 341542 1.0
4847 341605 1.0
4848 341654 1.0
4849 341712 1.0
4850 341775 1.0
4851 341826 1.0
4852 341886 1.0
4853 341926 1.0
4854 341976 1.0
4855 342023 1.0
4856 342076 1.0
4857 342188 1.0
4858 342241 1.0
4859 342294 1.0
4860 342361 1.0
4861 342429 1.0
4862 342480 1.0
4863 342522 1.0
4864 342571 1.0
4865 342622 1.0
4866 342672 1.0
4867 342720 1.0
4868 342770 1.0
4869 342823 1.0
4870 342913 1.0
4871 342978 1.0
4872 343049 1.0
4873 343096 1.0
4874 343161 1.0
4875 343217 1.0
4876 343268 1.0
4877 343321 1.0
4878 343381 1.0
4879 343433 1.0
4880 343483 1.0
4881 343535 1.0
4882 343608 1.0
4883 343650 1.0
4884 343750 1.0
4885 343816 1.0
4886 343863 1.0
4887 343917 1.0
4888 343968 1.0
4889 344011 1.0
4890 344073 1.0
4891 344134 1.0
4892 344194 1.0
4893 344305 1.0
4894 344356 1.0
4895 344418 1.0
4896 344468 1.0
4897 344513 1.0
4898 344559 1.0
4899 344629 1.0
4900 344700 1.0
4901 344749 1.0
4902 344815 1.0
4903 344876 1.0
4904 344927 1.0
4905 344990 1.0
4906 345050 1.0
4907 345099 1.0
4908 345151 1.0
4909 345215 1.0
4910 345272 1.0
4911 345318 1.0
4912 345367 1.0
4913 345425 1.0
4914 345471 1.0
4915 345521 1.0
4916 345572 1.0
4917 345629 1.0
4918 345693 1.0
4919 345736 1.0
4920 345796 1.0
4921 345859 1.0
4922 345912 1.0
4923 345956 1.0
4924 346024 1.0
4925 346074 1.0
4926 346169 1.0
4927 346227 1.0
4928 346280 1.0
4929 346340 1.0
4930 346394 1.0
4931 346447 1.0
4932 346498 1.0
4933 346564 1.0
4934 346614 1.0
4935 346663 1.0
4936 346706 1.0
4937 346758 1.0
4938 346805 1.0
4939 346888 1.0
4940 346960 1.0
4941 347007 1.0
4942 347063 1.0
4943 347129 1.0
4944 347191 1.0
4945 347269 1.0
4946 347323 1.0
4947 347374 1.0
4948 347421 1.0
4949 347484 1.0
4950 347550 1.0
4951 347591 1.0
4952 347643 1.0
4953 347691 1.0
4954 347754 1.0
4955 347803 1.0
4956 347905 1.0
4957 347952 1.0
4958 348001 1.0
4959 348061 1.0
4960 348106 1.0
4961 348157 1.0
4962 348218 1.0
4963 348266 1.0
4964 348317 1.0
4965 348385 1.0
4966 348440 1.0
4967 348492 1.0
4968 348546 1.0
4969 348621 1.0
4970 348673 1.0
4971 348717 1.0
4972 348785 1.0
4973 348845 1.0
4974 348899 1.0
4975 348962 1.0
4976 349013 1.0
4977 349084 1.0
4978 349148 1.0
4979 349208 1.0
4980 349268 1.0
4981 349341 1.0
4982 349404 1.0
4983 349456 1.0
4984 349529 1.0
4985 349581 1.0
4986 349651 1.0
4987 349705 1.0
4988 349755 1.0
4989 349813 1.0
4990 349869 1.0
4991 349922 1.0
4992 349980 1.0
4993 350066 1.0
4994 350120 1.0
4995 350175 1.0
4996 350232 1.0
4997 350306 1.0
4998 350371 1.0
4999 350423 1.0
5000 350470 1.0
5001 350529 1.0
5002 350578 1.0
5003 350627 1.0
5004 350682 1.0
5005 350739 1.0
5006 350786 1.0
5007 350838 1.0
5008 350891 1.0
5009 350949 1.0
5010 351053 1.0
5011 351108 1.0
5012 351159 1.0
5013 351214 1.0
5014 351270 1.0
5015 351322 1.0
5016 351377 1.0
5017 351418 1.0
5018 351468 1.0
5019 351508 1.0
5020 351552 1.0
5021 351610 1.0
5022 351661 1.0
5023 351710 1.0
5024 351759 1.0
5025 351821 1.0
5026 351881 1.0
5027 351928 1.0
5028 351983 1.0
5029 352028 1.0
5030 352083 1.0
5031 352142 1.0
5032 352199 1.0
5033 352255 1.0
5034 352305 1.0
5035 352371 1.0
5036 352416 1.0
5037 352469 1.0
5038 352520 1.0
5039 352581 1.0
5040 352627 1.0
5041 352675 1.0
5042 352727 1.0
5043 352796 1.0
5044 352860 1.0
5045 352916 1.0
5046 352961 1.0
5047 353012 1.0
5048 353056 1.0
5049 353108 1.0
5050 353175 1.0
5051 353221 1.0
5052 353265 1.0
5053 353347 1.0
5054 353404 1.0
5055 353447 1.0
5056 353500 1.0
5057 353543 1.0
5058 353593 1.0
5059 353662 1.0
5060 353713 1.0
5061 353792 1.0
5062 353846 1.0
5063 353908 1.0
5064 353964 1.0
5065 354032 1.0
5066 354079 1.0
5067 354137 1.0
5068 354190 1.0
5069 354236 1.0
5070 354282 1.0
5071 354352 1.0
5072 354412 1.0
5073 354470 1.0
5074 354540 1.0
5075 354596 1.0
5076 354648 1.0
5077 354701 1.0
5078 354776 1.0
5079 354845 1.0
5080 354902 1.0
5081 354952 1.0
5082 355008 1.0
5083 355063 1.0
5084 355112 1.0
5085 355168 1.0
5086 355228 1.0
5087 355285 1.0
5088 355344 1.0
5089 355406 1.0
5090 355457 1.0
5091 355508 1.0
5092 355559 1.0
5093 355606 1.0
5094 355671 1.0
5095 355717 1.0
5096 355776 1.0
5097 355820 1.0
5098 355885 1.0
5099 355929 1.0
5100 355976 1.0
5101 356042 1.0
5102 356105 1.0
5103 356152 1.0
5104 356198 1.0
5105 356249 1.0
5106 356315 1.0
5107 356372 1.0
5108 356433 1.0
5109 356481 1.0
5110 356530 1.0
5111 356585 1.0
5112 356649 1.0
5113 356703 1.0
5114 356746 1.0
5115 356841 1.0
5116 356896 1.0
5117 356965 1.0
5118 357037 1.0
5119 357100 1.0
5120 357157 1.0
5121 357200 1.0
5122 357269 1.0
5123 357330 1.0
5124 357374 1.0
5125 357430 1.0
5126 357493 1.0
5127 357574 1.0
5128 357626 1.0
5129 357699 1.0
5130 357745 1.0
5131 357793 1.0
5132 357849 1.0
5133 357903 1.0
5134 357978 1.0
5135 358031 1.0
5136 358084 1.0
5137 358129 1.0
5138 358173 1.0
5139 358242 1.0
5140 358301 1.0
5141 358349 1.0
5142 358399 1.0
5143 358455 1.0
5144 358500 1.0
5145 358548 1.0
5146 358617 1.0
5147 358671 1.0
5148 358723 1.0
5149 358791 1.0
5150 358849 1.0
5151 358914 1.0
5152 358964 1.0
5153 359028 1.0
5154 359070 1.0
5155 359137 1.0
5156 359193 1.0
5157 359253 1.0
5158 359303 1.0
5159 359371 1.0
5160 359433 1.0
5161 359505 1.0
5162 359564 1.0
5163 359620 1.0
5164 359670 1.0
5165 359732 1.0
5166 359811 1.0
5167 359862 1.0
5168 359931 1.0
5169 360004 1.0
5170 360090 1.0
5171 360151 1.0
5172 360204 1.0
5173 360265 1.0
5174 360321 1.0
5175 360368 1.0
5176 360426 1.0
5177 360482 1.0
5178 360528 1.0
5179 360604 1.0
5180 360651 1.0
5181 360694 1.0
5182 360746 1.0
5183 360809 1.0
5184 360876 1.0
5185 360948 1.0
5186 360994 1.0
5187 361069 1.0
5188 361128 1.0
5189 361196 1.0
5190 361247 1.0
5191 361307 1.0
5192 361376 1.0
5193 361443 1.0
5194 361492 1.0
5195 361552 1.0
5196 361594 1.0
5197 361652 1.0
5198 361730 1.0
5199 361795 1.0
5200 361839 1.0
5201 361878 1.0
5202 361921 1.0
5203 361976 1.0
5204 362051 1.0
5205 362104 1.0
5206 362153 1.0
5207 362204 1.0
5208 362248 1.0
5209 362336 1.0
5210 362394 1.0
5211 362450 1.0
5212 362503 1.0
5213 362553 1.0
5214 362605 1.0
5215 362703 1.0
5216 362755 1.0
5217 362807 1.0
5218 362858 1.0
5219 362909 1.0
5220 362975 1.0
5221 363034 1.0
5222 363084 1.0
5223 363135 1.0
5224 363195 1.0
5225 363256 1.0
5226 363315 1.0
5227 363388 1.0
5228 363443 1.0
5229 363490 1.0
5230 363551 1.0
5231 363603 1.0
5232 363664 1.0
5233 363732 1.0
5234 363788 1.0
5235 363853 1.0
5236 363966 1.0
5237 364017 1.0
5238 364069 1.0
5239 364120 1.0
5240 364170 1.0
5241 364245 1.0
5242 364287 1.0
5243 364342 1.0
5244 364392 1.0
5245 364472 1.0
5246 364526 1.0
5247 364576 1.0
5248 364645 1.0
5249 364700 1.0
5250 364754 1.0
5251 364805 1.0
5252 364868 1.0
5253 364940 1.0
5254 364993 1.0
5255 365038 1.0
5256 365102 1.0
5257 365178 1.0
5258 365242 1.0
5259 365301 1.0
5260 365347 1.0
5261 365395 1.0
5262 365442 1.0
5263 365492 1.0
5264 365545 1.0
5265 365598 1.0
5266 365654 1.0
5267 365721 1.0
5268 365778 1.0
5269 365830 1.0
5270 365890 1.0
5271 365937 1.0
5272 365997 1.0
5273 366054 1.0
5274 366110 1.0
5275 366158 1.0
5276 366225 1.0
5277 366289 1.0
5278 366342 1.0
5279 366392 1.0
5280 366444 1.0
5281 366489 1.0
5282 366542 1.0
5283 366590 1.0
5284 366652 1.0
5285 366717 1.0
5286 366780 1.0
5287 366834 1.0
5288 366883 1.0
5289 366936 1.0
5290 367004 1.0
5291 367057 1.0
5292 367114 1.0
5293 367167 1.0
5294 367208 1.0
5295 367266 1.0
5296 367327 1.0
5297 367376 1.0
5298 367434 1.0
5299 367494 1.0
5300 367550 1.0
5301 367598 1.0
5302 367641 1.0
5303 367702 1.0
5304 367757 1.0
5305 367843 1.0
5306 367894 1.0
5307 367947 1.0
5308 367988 1.0
5309 368058 1.0
5310 368119 1.0
5311 368167 1.0
5312 368225 1.0
5313 368266 1.0
5314 368327 1.0
5315 368385 1.0
5316 368442 1.0
5317 368494 1.0
5318 368577 1.0
5319 368638 1.0
5320 368693 1.0
5321 368749 1.0
5322 368810 1.0
5323 368868 1.0
5324 368916 1.0
5325 368991 1.0
5326 369050 1.0
5327 369106 1.0
5328 369182 1.0
5329 369249 1.0
5330 369314 1.0
5331 369366 1.0
5332 369426 1.0
5333 369492 1.0
5334 369564 1.0
5335 369631 1.0
5336 369682 1.0
5337 369722 1.0
5338 369780 1.0
5339 369831 1.0
5340 369896 1.0
5341 369941 1.0
5342 369992 1.0
5343 370040 1.0
5344 370091 1.0
5345 370151 1.0
5346 370206 1.0
5347 370254 1.0
5348 370311 1.0
5349 370366 1.0
5350 370420 1.0
5351 370475 1.0
5352 370529 1.0
5353 370585 1.0
5354 370637 1.0
5355 370704 1.0
5356 370748 1.0
5357 370818 1.0
5358 370867 1.0
5359 370923 1.0
5360 370978 1.0
5361 371046 1.0
5362 371106 1.0
5363 371163 1.0
5364 371214 1.0
5365 371265 1.0
5366 371329 1.0
5367 371391 1.0
5368 371437 1.0
5369 371490 1.0
5370 371544 1.0
5371 371599 1.0
5372 371655 1.0
5373 371705 1.0
5374 371770 1.0
5375 371816 1.0
5376 371872 1.0
5377 371937 1.0
5378 371977 1.0
5379 372029 1.0
5380 372110 1.0
5381 372160 1.0
5382 372213 1.0
5383 372268 1.0
5384 372321 1.0
5385 372385 1.0
5386 372440 1.0
5387 372491 1.0
5388 372542 1.0
5389 372616 1.0
5390 372668 1.0
5391 372740 1.0
5392 372782 1.0
5393 372838 1.0
5394 372912 1.0
5395 372980 1.0
5396 373030 1.0
5397 373078 1.0
5398 373141 1.0
5399 373195 1.0
5400 373244 1.0
5401 373295 1.0
5402 373361 1.0
5403 373424 1.0
5404 373500 1.0
5405 373563 1.0
5406 373609 1.0
5407 373672 1.0
5408 373721 1.0
5409 373779 1.0
5410 373862 1.0
5411 373911 1.0
5412 373972 1.0
5413 374028 1.0
5414 374253 1.0
5415 374301 1.0
5416 374364 1.0
5417 374422 1.0
5418 374466 1.0
5419 374510 1.0
5420 374556 1.0
5421 374619 1.0
5422 374668 1.0
5423 374726 1.0
5424 374785 1.0
5425 374864 1.0
5426 374977 1.0
5427 375040 1.0
5428 375088 1.0
5429 375137 1.0
5430 375180 1.0
5431 375250 1.0
5432 375295 1.0
5433 375348 1.0
5434 375409 1.0
5435 375475 1.0
5436 375543 1.0
5437 375597 1.0
5438 375646 1.0
5439 375705 1.0
5440 375778 1.0
5441 375838 1.0
5442 375903 1.0
5443 375956 1.0
5444 376013 1.0
5445 376082 1.0
5446 376138 1.0
5447 376178 1.0
5448 376228 1.0
5449 376275 1.0
5450 376346 1.0
5451 376396 1.0
5452 376449 1.0
5453 376507 1.0
5454 376584 1.0
5455 376643 1.0
5456 376697 1.0
5457 376760 1.0
5458 376816 1.0
5459 376867 1.0
5460 376926 1.0
5461 376975 1.0
5462 377043 1.0
5463 377087 1.0
5464 377142 1.0
5465 377193 1.0
5466 377247 1.0
5467 377315 1.0
5468 377386 1.0
5469 377457 1.0
5470 377507 1.0
5471 377568 1.0
5472 377617 1.0
5473 377665 1.0
5474 377708 1.0
5475 377767 1.0
5476 377826 1.0
5477 377890 1.0
5478 377943 1.0
5479 378017 1.0
5480 378065 1.0
5481 378122 1.0
5482 378168 1.0
5483 378225 1.0
5484 378299 1.0
5485 378360 1.0
5486 378411 1.0
5487 378491 1.0
5488 378549 1.0
5489 378610 1.0
5490 378683 1.0
5491 378739 1.0
5492 378800 1.0
5493 378850 1.0
5494 378916 1.0
5495 378973 1.0
5496 379044 1.0
5497 379096 1.0
5498 379170 1.0
5499 379224 1.0
5500 379289 1.0
5501 379335 1.0
5502 379381 1.0
5503 379419 1.0
5504 379474 1.0
5505 379531 1.0
5506 379591 1.0
5507 379646 1.0
5508 379707 1.0
5509 379761 1.0
5510 379825 1.0
5511 379875 1.0
5512 379928 1.0
5513 379998 1.0
5514 380046 1.0
5515 380104 1.0
5516 380152 1.0
5517 380207 1.0
5518 380264 1.0
5519 380310 1.0
5520 380355 1.0
5521 380407 1.0
5522 380467 1.0
5523 380514 1.0
5524 380601 1.0
5525 380650 1.0
5526 380705 1.0
5527 380760 1.0
5528 380823 1.0
5529 380897 1.0
5530 380949 1.0
5531 381002 1.0
5532 381069 1.0
5533 381119 1.0
5534 381185 1.0
5535 381258 1.0
5536 381310 1.0
5537 381366 1.0
5538 381416 1.0
5539 381495 1.0
5540 381551 1.0
5541 381598 1.0
5542 381655 1.0
5543 381715 1.0
5544 381771 1.0
5545 381836 1.0
5546 381903 1.0
5547 381959 1.0
5548 382003 1.0
5549 382067 1.0
5550 382132 1.0
5551 382190 1.0
5552 382236 1.0
5553 382287 1.0
5554 382338 1.0
5555 382404 1.0
5556 382451 1.0
5557 382500 1.0
5558 382554 1.0
5559 382607 1.0
5560 382676 1.0
5561 382730 1.0
5562 382776 1.0
5563 382824 1.0
5564 382882 1.0
5565 382947 1.0
5566 383011 1.0
5567 383058 1.0
5568 383098 1.0
5569 383149 1.0
5570 383227 1.0
5571 383291 1.0
5572 383338 1.0
5573 383385 1.0
5574 383428 1.0
5575 383482 1.0
5576 383573 1.0
5577 383637 1.0
5578 383681 1.0
5579 383738 1.0
5580 383798 1.0
5581 383864 1.0
5582 383926 1.0
5583 383992 1.0
5584 384040 1.0
5585 384094 1.0
5586 384146 1.0
5587 384193 1.0
5588 384245 1.0
5589 384292 1.0
5590 384361 1.0
5591 384411 1.0
5592 384488 1.0
5593 384538 1.0
5594 384599 1.0
5595 384643 1.0
5596 384719 1.0
5597 384778 1.0
5598 384828 1.0
5599 384876 1.0
5600 384915 1.0
5601 384959 1.0
5602 385030 1.0
5603 385077 1.0
5604 385145 1.0
5605 385219 1.0
5606 385279 1.0
5607 385331 1.0
5608 385382 1.0
5609 385427 1.0
5610 385473 1.0
5611 385526 1.0
5612 385585 1.0
5613 385637 1.0
5614 385684 1.0
5615 385736 1.0
5616 385787 1.0
5617 385843 1.0
5618 385888 1.0
5619 385947 1.0
5620 386008 1.0
5621 386051 1.0
5622 386131 1.0
5623 386168 1.0
5624 386217 1.0
5625 386276 1.0
5626 386340 1.0
5627 386400 1.0
5628 386511 1.0
5629 386565 1.0
5630 386626 1.0
5631 386686 1.0
5632 386731 1.0
5633 386779 1.0
5634 386825 1.0
5635 386872 1.0
5636 386943 1.0
5637 387010 1.0
5638 387059 1.0
5639 387119 1.0
5640 387166 1.0
5641 387218 1.0
5642 387259 1.0
5643 387317 1.0
5644 387369 1.0
5645 387416 1.0
5646 387479 1.0
5647 387531 1.0
5648 387591 1.0
5649 387640 1.0
5650 387696 1.0
5651 387741 1.0
5652 387789 1.0
5653 387869 1.0
5654 387916 1.0
5655 387967 1.0
5656 388016 1.0
5657 388060 1.0
5658 388114 1.0
5659 388177 1.0
5660 388234 1.0
5661 388279 1.0
5662 388337 1.0
5663 388397 1.0
5664 388451 1.0
5665 388514 1.0
5666 388561 1.0
5667 388642 1.0
5668 388695 1.0
5669 388765 1.0
5670 388819 1.0
5671 388878 1.0
5672 388930 1.0
5673 388994 1.0
5674 389049 1.0
5675 389102 1.0
5676 389147 1.0
5677 389230 1.0
5678 389285 1.0
5679 389350 1.0
5680 389402 1.0
5681 389449 1.0
5682 389503 1.0
5683 389550 1.0
5684 389596 1.0
5685 389644 1.0
5686 389690 1.0
5687 389732 1.0
5688 389782 1.0
5689 389833 1.0
5690 389895 1.0
5691 389960 1.0
5692 390026 1.0
5693 390080 1.0
5694 390131 1.0
5695 390204 1.0
5696 390259 1.0
5697 390313 1.0
5698 390364 1.0
5699 390415 1.0
5700 390468 1.0
5701 390522 1.0
5702 390574 1.0
5703 390632 1.0
5704 390685 1.0
5705 390736 1.0
5706 390820 1.0
5707 390889 1.0
5708 390949 1.0
5709 391008 1.0
5710 391061 1.0
5711 391105 1.0
5712 391158 1.0
5713 391212 1.0
5714 391260 1.0
5715 391313 1.0
5716 391360 1.0
5717 391407 1.0
5718 391454 1.0
5719 391528 1.0
5720 391601 1.0
5721 391651 1.0
5722 391710 1.0
5723 391758 1.0
5724 391823 1.0
5725 391873 1.0
5726 391919 1.0
5727 391987 1.0
5728 392081 1.0
5729 392138 1.0
5730 392199 1.0
5731 392249 1.0
5732 392290 1.0
5733 392338 1.0
5734 392382 1.0
5735 392432 1.0
5736 392486 1.0
5737 392555 1.0
5738 392606 1.0
5739 392665 1.0
5740 392761 1.0
5741 392805 1.0
5742 392852 1.0
5743 392907 1.0
5744 392969 1.0
5745 393024 1.0
5746 393083 1.0
5747 393130 1.0
5748 393172 1.0
5749 393219 1.0
5750 393262 1.0
5751 393302 1.0
5752 393344 1.0
5753 393433 1.0
5754 393491 1.0
5755 393552 1.0
5756 393601 1.0
5757 393647 1.0
5758 393703 1.0
5759 393763 1.0
5760 393821 1.0
5761 393910 1.0
5762 393951 1.0
5763 394008 1.0
5764 394058 1.0
5765 394110 1.0
5766 394155 1.0
5767 394203 1.0
5768 394255 1.0
5769 394305 1.0
5770 394379 1.0
5771 394426 1.0
5772 394474 1.0
