1 300 0.6500000000000001
2 600 0.65
3 900 0.65
4 1200 0.6500000000000001
5 1500 0.6500000000000001
6 1800 0.65
7 2100 0.65
8 2400 0.66
9 2700 0.67
10 3000 0.66
11 3300 0.66
12 3600 0.6600000000000001
13 3900 0.6600000000000001
14 4200 0.65
15 4500 0.64
16 4800 0.64
17 5100 0.63
18 5400 0.6400000000000001
19 5700 0.6300000000000001
20 6000 0.6400000000000001
21 6300 0.6400000000000001
22 6600 0.64
23 6900 0.65
24 7200 0.64
25 7500 0.64
26 7800 0.6400000000000001
27 8100 0.6500000000000001
28 8400 0.6600000000000001
29 8700 0.6700000000000002
30 9000 0.66
31 9300 0.66
32 9600 0.67
33 9900 0.66
34 10200 0.67
35 10500 0.68
36 10800 0.68
37 11100 0.68
38 11400 0.67
39 11700 0.67
40 12000 0.67
41 12300 0.67
42 12600 0.67
43 12900 0.66
44 13200 0.66
45 13500 0.67
46 13800 0.67
47 14100 0.67
48 14400 0.66
49 14700 0.66
50 15000 0.66
51 15300 0.66
52 15600 0.6500000000000001
53 15900 0.6600000000000001
54 16200 0.66
55 16500 0.66
56 16800 0.66
57 17100 0.6699999999999999
58 17400 0.6699999999999999
59 17700 0.67
60 18000 0.6700000000000002
61 18300 0.6800000000000002
62 18600 0.68
63 18900 0.68
64 19200 0.68
65 19500 0.6799999999999999
66 19800 0.6799999999999999
67 20100 0.6799999999999999
68 20400 0.67
69 20700 0.68
70 21000 0.6799999999999999
71 21300 0.6900000000000001
72 21600 0.6900000000000002
73 21900 0.7000000000000001
74 22200 0.7
75 22500 0.7
76 22800 0.7
77 23100 0.71
78 23400 0.72
79 23700 0.72
80 24000 0.71
81 24300 0.7100000000000001
82 24600 0.7
83 24900 0.69
84 25200 0.6799999999999999
85 25500 0.6799999999999999
86 25800 0.6799999999999999
87 26100 0.68
88 26400 0.68
89 26700 0.68
90 27000 0.67
91 27300 0.67
92 27600 0.66
93 27900 0.6699999999999999
94 28200 0.67
95 28500 0.6800000000000002
96 28800 0.6900000000000001
97 29100 0.6900000000000001
98 29400 0.6900000000000001
99 29700 0.6900000000000001
100 30000 0.6900000000000001
101 30300 0.7
102 30600 0.7100000000000001
103 30900 0.7200000000000001
104 31200 0.72
105 31500 0.72
106 31800 0.72
107 32100 0.71
108 32400 0.71
109 32700 0.71
110 33000 0.72
111 33300 0.7200000000000001
112 33600 0.7200000000000001
113 33900 0.72
114 34200 0.73
115 34500 0.73
116 34800 0.74
117 35100 0.75
118 35400 0.75
119 35700 0.75
120 36000 0.75
121 36300 0.75
122 36600 0.75
123 36900 0.74
124 37200 0.74
125 37500 0.74
126 37800 0.73
127 38100 0.72
128 38400 0.7200000000000001
129 38700 0.72
130 39000 0.73
131 39300 0.73
132 39600 0.73
133 39900 0.74
134 40200 0.73
135 40500 0.73
136 40800 0.7200000000000001
137 41100 0.71
138 41400 0.71
139 41700 0.71
140 42000 0.7
141 42300 0.7
142 42600 0.7
143 42900 0.7100000000000001
144 43200 0.7000000000000002
145 43500 0.6900000000000001
146 43800 0.68
147 44100 0.6700000000000002
148 44400 0.6700000000000002
149 44700 0.67
150 45000 0.67
151 45300 0.6700000000000002
152 45600 0.6700000000000002
153 45900 0.67
154 46200 0.66
155 46500 0.6500000000000001
156 46800 0.6500000000000001
157 47100 0.6500000000000001
158 47400 0.6500000000000001
159 47700 0.6400000000000001
160 48000 0.6400000000000001
161 48300 0.6400000000000001
162 48600 0.6300000000000001
163 48900 0.6300000000000001
164 49200 0.6200000000000001
165 49500 0.6100000000000001
166 49800 0.6000000000000001
167 50100 0.6000000000000001
168 50400 0.6100000000000001
169 50700 0.6000000000000001
170 51000 0.5900000000000001
171 51300 0.5900000000000001
172 51600 0.5900000000000001
173 51900 0.5800000000000001
174 52200 0.5800000000000001
175 52500 0.5900000000000001
176 52800 0.5900000000000001
177 53100 0.5900000000000001
178 53400 0.5900000000000001
179 53700 0.5900000000000001
180 54000 0.6000000000000001
181 54300 0.6000000000000001
182 54600 0.6100000000000001
183 54900 0.6100000000000001
184 55200 0.6200000000000001
185 55500 0.6200000000000001
186 55800 0.6100000000000001
187 56100 0.6100000000000001
188 56400 0.6100000000000001
189 56700 0.6200000000000001
190 57000 0.6200000000000001
191 57300 0.6200000000000001
192 57600 0.6300000000000001
193 57900 0.6300000000000001
194 58200 0.6300000000000001
195 58500 0.6300000000000001
196 58800 0.6300000000000001
197 59100 0.6300000000000001
198 59400 0.6400000000000001
199 59700 0.6400000000000001
200 60000 0.6400000000000001
201 60300 0.6400000000000001
202 60600 0.6300000000000001
203 60900 0.6200000000000001
204 61200 0.6200000000000001
205 61500 0.62
206 61800 0.62
207 62100 0.6300000000000001
208 62400 0.6300000000000001
209 62700 0.6300000000000001
210 63000 0.6300000000000001
211 63300 0.6300000000000001
212 63600 0.6300000000000001
213 63900 0.6300000000000001
214 64200 0.6300000000000001
215 64500 0.6400000000000001
216 64800 0.6400000000000001
217 65100 0.6300000000000001
218 65400 0.6300000000000001
219 65700 0.6300000000000001
220 66000 0.6300000000000001
221 66300 0.6400000000000001
222 66600 0.6400000000000001
223 66900 0.65
224 67200 0.66
225 67500 0.6600000000000001
226 67800 0.6700000000000002
227 68100 0.68
228 68400 0.68
229 68700 0.6800000000000002
230 69000 0.68
231 69300 0.6799999999999999
232 69600 0.68
233 69900 0.6700000000000002
234 70200 0.67
235 70500 0.6599999999999999
236 70800 0.67
237 71100 0.6800000000000002
238 71400 0.6799999999999999
239 71700 0.6799999999999999
240 72000 0.68
241 72300 0.67
242 72600 0.6699999999999999
243 72900 0.6599999999999999
244 73200 0.66
245 73500 0.66
246 73800 0.6699999999999999
247 74100 0.6699999999999999
248 74400 0.6799999999999999
249 74700 0.6799999999999999
250 75000 0.6799999999999999
251 75300 0.68
252 75600 0.6900000000000001
253 75900 0.69
254 76200 0.7
255 76500 0.7
256 76800 0.69
257 77100 0.6799999999999999
258 77400 0.6799999999999999
259 77700 0.69
260 78000 0.68
261 78300 0.67
262 78600 0.6799999999999999
263 78900 0.6699999999999999
264 79200 0.6799999999999999
265 79500 0.69
266 79800 0.7
267 80100 0.71
268 80400 0.7000000000000001
269 80700 0.7100000000000001
270 81000 0.72
271 81300 0.71
272 81600 0.71
273 81900 0.72
274 82200 0.72
275 82500 0.72
276 82800 0.7200000000000001
277 83100 0.7200000000000001
278 83400 0.72
279 83700 0.72
280 84000 0.72
281 84300 0.71
282 84600 0.71
283 84900 0.71
284 85200 0.7
285 85500 0.7000000000000001
286 85800 0.7
287 86100 0.7
288 86400 0.7
289 86700 0.7
290 87000 0.71
291 87300 0.71
292 87600 0.7000000000000001
293 87900 0.7000000000000002
294 88200 0.7100000000000001
295 88500 0.71
296 88800 0.71
297 89100 0.7
298 89400 0.7
299 89700 0.7
300 90000 0.7000000000000001
301 90300 0.7000000000000002
302 90600 0.7100000000000001
303 90900 0.72
304 91200 0.73
305 91500 0.73
306 91800 0.73
307 92100 0.73
308 92400 0.72
309 92700 0.72
310 93000 0.71
311 93300 0.71
312 93600 0.71
313 93900 0.71
314 94200 0.71
315 94500 0.7000000000000001
316 94800 0.7000000000000001
317 95100 0.71
318 95400 0.71
319 95700 0.72
320 96000 0.72
321 96300 0.72
322 96600 0.72
323 96900 0.72
324 97200 0.72
325 97500 0.72
326 97800 0.71
327 98100 0.71
328 98400 0.71
329 98700 0.71
330 99000 0.71
331 99300 0.71
332 99600 0.71
333 99900 0.71
334 100200 0.72
335 100500 0.73
336 100800 0.73
337 101100 0.72
338 101400 0.72
339 101700 0.72
340 102000 0.73
341 102300 0.74
342 102600 0.74
343 102900 0.75
344 103200 0.75
345 103500 0.76
346 103800 0.75
347 104100 0.76
348 104400 0.76
349 104700 0.76
350 105000 0.76
351 105300 0.75
352 105600 0.75
353 105900 0.74
354 106200 0.74
355 106500 0.75
356 106800 0.76
357 107100 0.77
358 107400 0.76
359 107700 0.75
360 108000 0.76
361 108300 0.77
362 108600 0.76
363 108900 0.77
364 109200 0.77
365 109500 0.76
366 109800 0.76
367 110100 0.75
368 110400 0.76
369 110700 0.76
370 111000 0.75
371 111300 0.75
372 111600 0.75
373 111900 0.74
374 112200 0.73
375 112500 0.72
376 112800 0.71
377 113100 0.71
378 113400 0.7
379 113700 0.7
380 114000 0.7
381 114300 0.7000000000000001
382 114600 0.7000000000000001
383 114900 0.7
384 115200 0.71
385 115500 0.71
386 115800 0.72
387 116100 0.72
388 116400 0.71
389 116700 0.7100000000000001
390 117000 0.7100000000000001
391 117300 0.7100000000000001
392 117600 0.72
393 117900 0.72
394 118200 0.71
395 118500 0.71
396 118800 0.71
397 119100 0.7200000000000001
398 119400 0.7200000000000001
399 119700 0.7200000000000001
400 120000 0.7200000000000001
401 120300 0.72
402 120600 0.72
403 120900 0.72
404 121200 0.72
405 121500 0.7300000000000001
406 121800 0.7300000000000001
407 122100 0.73
408 122400 0.74
409 122700 0.74
410 123000 0.74
411 123300 0.74
412 123600 0.74
413 123900 0.74
414 124200 0.7300000000000001
415 124500 0.74
416 124800 0.74
417 125100 0.74
418 125400 0.74
419 125700 0.74
420 126000 0.74
421 126300 0.74
422 126600 0.73
423 126900 0.73
424 127200 0.73
425 127500 0.73
426 127800 0.74
427 128100 0.73
428 128400 0.73
429 128700 0.72
430 129000 0.72
431 129300 0.72
432 129600 0.71
433 129900 0.71
434 130200 0.71
435 130500 0.71
436 130800 0.71
437 131100 0.7200000000000001
438 131400 0.7300000000000001
439 131700 0.73
440 132000 0.73
441 132300 0.73
442 132600 0.72
443 132900 0.72
444 133200 0.73
445 133500 0.72
446 133800 0.7300000000000001
447 134100 0.73
448 134400 0.73
449 134700 0.7200000000000001
450 135000 0.71
451 135300 0.72
452 135600 0.71
453 135900 0.71
454 136200 0.7100000000000001
455 136500 0.7
456 136800 0.7
457 137100 0.7
458 137400 0.71
459 137700 0.71
460 138000 0.71
461 138300 0.71
462 138600 0.7100000000000001
463 138900 0.71
464 139200 0.71
465 139500 0.72
466 139800 0.71
467 140100 0.72
468 140400 0.72
469 140700 0.72
470 141000 0.73
471 141300 0.74
472 141600 0.74
473 141900 0.75
474 142200 0.76
475 142500 0.77
476 142800 0.78
477 143100 0.77
478 143400 0.78
479 143700 0.77
480 144000 0.77
481 144300 0.78
482 144600 0.78
483 144900 0.79
484 145200 0.79
485 145500 0.79
486 145800 0.78
487 146100 0.78
488 146400 0.79
489 146700 0.79
490 147000 0.79
491 147300 0.79
492 147600 0.79
493 147900 0.79
494 148200 0.8
495 148500 0.8
496 148800 0.79
497 149100 0.79
498 149400 0.78
499 149700 0.78
500 150000 0.78
501 150300 0.78
502 150600 0.78
503 150900 0.77
504 151200 0.77
505 151500 0.77
506 151800 0.77
507 152100 0.76
508 152400 0.76
509 152700 0.76
510 153000 0.77
511 153300 0.76
512 153600 0.76
513 153900 0.75
514 154200 0.76
515 154500 0.76
516 154800 0.75
517 155100 0.75
518 155400 0.75
519 155700 0.75
520 156000 0.75
521 156300 0.74
522 156600 0.74
523 156900 0.74
524 157200 0.74
525 157500 0.74
526 157800 0.73
527 158100 0.74
528 158400 0.74
529 158700 0.75
530 159000 0.75
531 159300 0.75
532 159600 0.75
533 159900 0.76
534 160200 0.75
535 160500 0.74
536 160800 0.74
537 161100 0.74
538 161400 0.73
539 161700 0.73
540 162000 0.73
541 162300 0.73
542 162600 0.74
543 162900 0.74
544 163200 0.74
545 163500 0.75
546 163800 0.75
547 164100 0.75
548 164400 0.75
549 164700 0.76
550 165000 0.77
551 165300 0.77
552 165600 0.78
553 165900 0.79
554 166200 0.79
555 166500 0.8
556 166800 0.79
557 167100 0.79
558 167400 0.79
559 167700 0.8
560 168000 0.8
561 168300 0.8
562 168600 0.81
563 168900 0.81
564 169200 0.81
565 169500 0.81
566 169800 0.8200000000000001
567 170100 0.8200000000000001
568 170400 0.8200000000000001
569 170700 0.81
570 171000 0.81
571 171300 0.8
572 171600 0.8
573 171900 0.8
574 172200 0.8
575 172500 0.8
576 172800 0.8
577 173100 0.81
578 173400 0.8
579 173700 0.8
580 174000 0.8
581 174300 0.8
582 174600 0.8
583 174900 0.79
584 175200 0.79
585 175500 0.79
586 175800 0.8
587 176100 0.8
588 176400 0.8
589 176700 0.8
590 177000 0.8
591 177300 0.8
592 177600 0.8
593 177900 0.8
594 178200 0.79
595 178500 0.79
596 178800 0.8
597 179100 0.8
598 179400 0.81
599 179700 0.81
600 180000 0.81
601 180300 0.81
602 180600 0.81
603 180900 0.81
604 181200 0.81
605 181500 0.81
606 181800 0.81
607 182100 0.8200000000000001
608 182400 0.81
609 182700 0.8
610 183000 0.79
611 183300 0.8
612 183600 0.79
613 183900 0.8
614 184200 0.8
615 184500 0.8
616 184800 0.81
617 185100 0.81
618 185400 0.81
619 185700 0.81
620 186000 0.81
621 186300 0.8200000000000001
622 186600 0.8200000000000001
623 186900 0.81
624 187200 0.81
625 187500 0.81
626 187800 0.8200000000000001
627 188100 0.8200000000000001
628 188400 0.8200000000000001
629 188700 0.8200000000000001
630 189000 0.8200000000000001
631 189300 0.8200000000000001
632 189600 0.8300000000000001
633 189900 0.8200000000000001
634 190200 0.8300000000000001
635 190500 0.8400000000000001
636 190800 0.8400000000000001
637 191100 0.8400000000000001
638 191400 0.8500000000000001
639 191700 0.8500000000000001
640 192000 0.8500000000000001
641 192300 0.8500000000000001
642 192600 0.8500000000000001
643 192900 0.8400000000000001
644 193200 0.8400000000000001
645 193500 0.8300000000000001
646 193800 0.8300000000000001
647 194100 0.8200000000000001
648 194400 0.8200000000000001
649 194700 0.8200000000000001
650 195000 0.8200000000000001
651 195300 0.8200000000000001
652 195600 0.8200000000000001
653 195900 0.8200000000000001
654 196200 0.8200000000000001
655 196500 0.81
656 196800 0.8200000000000001
657 197100 0.8200000000000001
658 197400 0.81
659 197700 0.81
660 198000 0.81
661 198300 0.81
662 198600 0.81
663 198900 0.81
664 199200 0.81
665 199500 0.81
666 199800 0.81
667 200100 0.81
668 200400 0.81
669 200700 0.8200000000000001
670 201000 0.8200000000000001
671 201300 0.8300000000000001
672 201600 0.8200000000000001
673 201900 0.81
674 202200 0.81
675 202500 0.8
676 202800 0.8
677 203100 0.8
678 203400 0.81
679 203700 0.8200000000000001
680 204000 0.81
681 204300 0.81
682 204600 0.81
683 204900 0.8200000000000001
684 205200 0.8200000000000001
685 205500 0.81
686 205800 0.81
687 206100 0.81
688 206400 0.81
689 206700 0.81
690 207000 0.81
691 207300 0.81
692 207600 0.81
693 207900 0.81
694 208200 0.81
695 208500 0.81
696 208800 0.81
697 209100 0.81
698 209400 0.81
699 209700 0.81
700 210000 0.8
701 210300 0.8
702 210600 0.8
703 210900 0.81
704 211200 0.81
705 211500 0.8
706 211800 0.8
707 212100 0.8
708 212400 0.81
709 212700 0.8200000000000001
710 213000 0.8300000000000001
711 213300 0.8300000000000001
712 213600 0.8300000000000001
713 213900 0.8200000000000001
714 214200 0.8200000000000001
715 214500 0.81
716 214800 0.81
717 215100 0.81
718 215400 0.81
719 215700 0.81
720 216000 0.81
721 216300 0.8
722 216600 0.81
723 216900 0.8200000000000001
724 217200 0.8200000000000001
725 217500 0.8200000000000001
726 217800 0.8200000000000001
727 218100 0.81
728 218400 0.81
729 218700 0.81
730 219000 0.81
731 219300 0.81
732 219600 0.81
733 219900 0.8200000000000001
734 220200 0.8200000000000001
735 220500 0.8200000000000001
736 220800 0.8200000000000001
737 221100 0.8200000000000001
738 221400 0.8200000000000001
739 221700 0.8200000000000001
740 222000 0.8200000000000001
741 222300 0.8200000000000001
742 222600 0.8200000000000001
743 222900 0.8300000000000001
744 223200 0.8300000000000001
745 223500 0.8400000000000001
746 223800 0.8400000000000001
747 224100 0.8500000000000001
748 224400 0.8400000000000001
749 224700 0.8400000000000001
750 225000 0.8300000000000001
751 225300 0.8300000000000001
752 225600 0.8300000000000001
753 225900 0.8300000000000001
754 226200 0.8300000000000001
755 226500 0.8400000000000001
756 226800 0.8400000000000001
757 227100 0.8400000000000001
758 227400 0.8500000000000001
759 227700 0.8500000000000001
760 228000 0.8400000000000001
761 228300 0.8400000000000001
762 228600 0.8300000000000001
763 228900 0.8200000000000001
764 229200 0.8200000000000001
765 229500 0.8200000000000001
766 229800 0.81
767 230100 0.8
768 230400 0.8
769 230700 0.8
770 231000 0.8
771 231300 0.8
772 231600 0.81
773 231900 0.81
774 232200 0.81
775 232500 0.8200000000000001
776 232800 0.81
777 233100 0.81
778 233400 0.81
779 233700 0.81
780 234000 0.8200000000000001
781 234300 0.8200000000000001
782 234600 0.8200000000000001
783 234900 0.8200000000000001
784 235200 0.8200000000000001
785 235500 0.8200000000000001
786 235800 0.8200000000000001
787 236100 0.8200000000000001
788 236400 0.8200000000000001
789 236700 0.8200000000000001
790 237000 0.8200000000000001
791 237300 0.8200000000000001
792 237600 0.8200000000000001
793 237900 0.8200000000000001
794 238200 0.8300000000000001
795 238500 0.8300000000000001
796 238800 0.8200000000000001
797 239100 0.81
798 239400 0.81
799 239700 0.81
800 240000 0.8200000000000001
801 240300 0.8200000000000001
802 240600 0.81
803 240900 0.81
804 241200 0.81
805 241500 0.81
806 241800 0.8
807 242100 0.8
808 242400 0.8
809 242700 0.8
810 243000 0.8
811 243300 0.8
812 243600 0.81
813 243900 0.8200000000000001
814 244200 0.8200000000000001
815 244500 0.8300000000000001
816 244800 0.8300000000000001
817 245100 0.8300000000000001
818 245400 0.8300000000000001
819 245700 0.8300000000000001
820 246000 0.8200000000000001
821 246300 0.8300000000000001
822 246600 0.8300000000000001
823 246900 0.8300000000000001
824 247200 0.8300000000000001
825 247500 0.8300000000000001
826 247800 0.8300000000000001
827 248100 0.8400000000000001
828 248400 0.8300000000000001
829 248700 0.8300000000000001
830 249000 0.8300000000000001
831 249300 0.8300000000000001
832 249600 0.8300000000000001
833 249900 0.8200000000000001
834 250200 0.8200000000000001
835 250500 0.8200000000000001
836 250800 0.8200000000000001
837 251100 0.8200000000000001
838 251400 0.8200000000000001
839 251700 0.8200000000000001
840 252000 0.8200000000000001
841 252300 0.8200000000000001
842 252600 0.8200000000000001
843 252900 0.8200000000000001
844 253200 0.8200000000000001
845 253500 0.8200000000000001
846 253800 0.8200000000000001
847 254100 0.8200000000000001
848 254400 0.8200000000000001
849 254700 0.8200000000000001
850 255000 0.8300000000000001
851 255300 0.8300000000000001
852 255600 0.8300000000000001
853 255900 0.8300000000000001
854 256200 0.8300000000000001
855 256500 0.8300000000000001
856 256800 0.8300000000000001
857 257100 0.8300000000000001
858 257400 0.8300000000000001
859 257700 0.8300000000000001
860 258000 0.8400000000000001
861 258300 0.8400000000000001
862 258600 0.8400000000000001
863 258900 0.8400000000000001
864 259200 0.8400000000000001
865 259500 0.8400000000000001
866 259800 0.8400000000000001
867 260100 0.8500000000000001
868 260400 0.8500000000000001
869 260700 0.8500000000000001
870 261000 0.8500000000000001
871 261300 0.8500000000000001
872 261600 0.8500000000000001
873 261900 0.8600000000000001
874 262200 0.8600000000000001
875 262500 0.8600000000000001
876 262800 0.8700000000000001
877 263100 0.8700000000000001
878 263400 0.8700000000000001
879 263700 0.8700000000000001
880 264000 0.8700000000000001
881 264300 0.8700000000000001
882 264600 0.8600000000000001
883 264900 0.8500000000000001
884 265200 0.8500000000000001
885 265500 0.8600000000000001
886 265800 0.8600000000000001
887 266100 0.8600000000000001
888 266400 0.8500000000000001
889 266700 0.8400000000000001
890 267000 0.8400000000000001
891 267300 0.8400000000000001
892 267600 0.8400000000000001
893 267900 0.8400000000000001
894 268200 0.8400000000000001
895 268500 0.8400000000000001
896 268800 0.8500000000000001
897 269100 0.8600000000000001
898 269400 0.8600000000000001
899 269700 0.8600000000000001
900 270000 0.8600000000000001
901 270300 0.8600000000000001
902 270600 0.8700000000000001
903 270900 0.8700000000000001
904 271200 0.8700000000000001
905 271500 0.8800000000000001
906 271800 0.8900000000000001
907 272100 0.8900000000000001
908 272400 0.8900000000000001
909 272700 0.8900000000000001
910 273000 0.8900000000000001
911 273300 0.8900000000000001
912 273600 0.8900000000000001
913 273900 0.8900000000000001
914 274200 0.8900000000000001
915 274500 0.8900000000000001
916 274800 0.8900000000000001
917 275100 0.8900000000000001
918 275400 0.8900000000000001
919 275700 0.8900000000000001
920 276000 0.9000000000000001
921 276300 0.9000000000000001
922 276600 0.9000000000000001
923 276900 0.9000000000000001
924 277200 0.8900000000000001
925 277500 0.8900000000000001
926 277800 0.8900000000000001
927 278100 0.8800000000000001
928 278400 0.8900000000000001
929 278700 0.8900000000000001
930 279000 0.8900000000000001
931 279300 0.8900000000000001
932 279600 0.8900000000000001
933 279900 0.9000000000000001
934 280200 0.9000000000000001
935 280500 0.9000000000000001
936 280800 0.9000000000000001
937 281100 0.9000000000000001
938 281400 0.9000000000000001
939 281700 0.9000000000000001
940 282000 0.9000000000000001
941 282300 0.9000000000000001
942 282600 0.9000000000000001
943 282900 0.8900000000000001
944 283200 0.8900000000000001
945 283500 0.8900000000000001
946 283800 0.8900000000000001
947 284100 0.8900000000000001
948 284400 0.9000000000000001
949 284700 0.9000000000000001
950 285000 0.9000000000000001
951 285300 0.9000000000000001
952 285600 0.9000000000000001
953 285900 0.9000000000000001
954 286200 0.9000000000000001
955 286500 0.9000000000000001
956 286800 0.9000000000000001
957 287100 0.9000000000000001
958 287400 0.9000000000000001
959 287700 0.9000000000000001
960 288000 0.9000000000000001
961 288300 0.9000000000000001
962 288600 0.9100000000000001
963 288900 0.9200000000000002
964 289200 0.9200000000000002
965 289500 0.9200000000000002
966 289800 0.9300000000000002
967 290100 0.9300000000000002
968 290400 0.9300000000000002
969 290700 0.9300000000000002
970 291000 0.9300000000000002
971 291300 0.9300000000000002
972 291600 0.9300000000000002
973 291900 0.9300000000000002
974 292200 0.9300000000000002
975 292500 0.9300000000000002
976 292800 0.9300000000000002
977 293100 0.9300000000000002
978 293400 0.9300000000000002
979 293700 0.9300000000000002
980 294000 0.9200000000000002
981 294300 0.9100000000000001
982 294600 0.9200000000000002
983 294900 0.9300000000000002
984 295200 0.9300000000000002
985 295500 0.9300000000000002
986 295800 0.9300000000000002
987 296100 0.9300000000000002
988 296400 0.9400000000000002
989 296700 0.9500000000000002
990 297000 0.9500000000000002
991 297300 0.9500000000000002
992 297600 0.9500000000000002
993 297900 0.9500000000000002
994 298200 0.9500000000000002
995 298500 0.9500000000000002
996 298800 0.9400000000000002
997 299100 0.9400000000000002
998 299400 0.9400000000000002
999 299700 0.9400000000000002
1000 300000 0.9400000000000002
1001 300300 0.9400000000000002
1002 300600 0.9400000000000002
1003 300900 0.9400000000000002
1004 301200 0.9400000000000002
1005 301500 0.9400000000000002
1006 301800 0.9400000000000002
1007 302100 0.9400000000000002
1008 302400 0.9300000000000002
1009 302700 0.9300000000000002
1010 303000 0.9300000000000002
1011 303300 0.9300000000000002
1012 303600 0.9300000000000002
1013 303900 0.9300000000000002
1014 304200 0.9300000000000002
1015 304500 0.9300000000000002
1016 304800 0.9300000000000002
1017 305100 0.9300000000000002
1018 305400 0.9300000000000002
1019 305700 0.9300000000000002
1020 306000 0.9300000000000002
1021 306300 0.9300000000000002
1022 306600 0.9300000000000002
1023 306900 0.9300000000000002
1024 307200 0.9400000000000002
1025 307500 0.9400000000000002
1026 307800 0.9400000000000002
1027 308100 0.9500000000000002
1028 308400 0.9500000000000002
1029 308700 0.9500000000000002
1030 309000 0.9500000000000002
1031 309300 0.9500000000000002
1032 309600 0.9500000000000002
1033 309900 0.9500000000000002
1034 310200 0.9500000000000002
1035 310500 0.9500000000000002
1036 310800 0.9500000000000002
1037 311100 0.9500000000000002
1038 311400 0.9500000000000002
1039 311700 0.9500000000000002
1040 312000 0.9500000000000002
1041 312300 0.9500000000000002
1042 312600 0.9400000000000002
1043 312900 0.9500000000000002
1044 313200 0.9400000000000002
1045 313500 0.9400000000000002
1046 313800 0.9400000000000002
1047 314100 0.9400000000000002
1048 314400 0.9400000000000002
1049 314700 0.9400000000000002
1050 315000 0.9400000000000002
1051 315300 0.9400000000000002
1052 315600 0.9400000000000002
1053 315900 0.9400000000000002
1054 316200 0.9400000000000002
1055 316500 0.9400000000000002
1056 316800 0.9400000000000002
1057 317100 0.9400000000000002
1058 317400 0.9400000000000002
1059 317700 0.9300000000000002
1060 318000 0.9300000000000002
1061 318300 0.9300000000000002
1062 318600 0.9300000000000002
1063 318900 0.9200000000000002
1064 319200 0.9200000000000002
1065 319500 0.9200000000000002
1066 319800 0.9200000000000002
1067 320100 0.9200000000000002
1068 320400 0.9100000000000001
1069 320700 0.9100000000000001
1070 321000 0.9100000000000001
1071 321300 0.9100000000000001
1072 321600 0.9100000000000001
1073 321900 0.9100000000000001
1074 322200 0.9100000000000001
1075 322500 0.9100000000000001
1076 322800 0.9100000000000001
1077 323100 0.9100000000000001
1078 323400 0.9000000000000001
1079 323700 0.9000000000000001
1080 324000 0.9100000000000001
1081 324300 0.9200000000000002
1082 324600 0.9200000000000002
1083 324900 0.9200000000000002
1084 325200 0.9200000000000002
1085 325500 0.9200000000000002
1086 325800 0.9200000000000002
1087 326100 0.9200000000000002
1088 326400 0.9200000000000002
1089 326700 0.9100000000000001
1090 327000 0.9100000000000001
1091 327300 0.9100000000000001
1092 327600 0.9100000000000001
1093 327900 0.9100000000000001
1094 328200 0.9100000000000001
1095 328500 0.9100000000000001
1096 328800 0.9200000000000002
1097 329100 0.9200000000000002
1098 329400 0.9200000000000002
1099 329700 0.9200000000000002
1100 330000 0.9100000000000001
1101 330300 0.9100000000000001
1102 330600 0.9100000000000001
1103 330900 0.9100000000000001
1104 331200 0.9100000000000001
1105 331500 0.9100000000000001
1106 331800 0.9100000000000001
1107 332100 0.9100000000000001
1108 332400 0.9200000000000002
1109 332700 0.9200000000000002
1110 333000 0.9200000000000002
1111 333300 0.9200000000000002
1112 333600 0.9200000000000002
1113 333900 0.9200000000000002
1114 334200 0.9200000000000002
1115 334500 0.9200000000000002
1116 334800 0.9200000000000002
1117 335100 0.9100000000000001
1118 335400 0.9100000000000001
1119 335700 0.9100000000000001
1120 336000 0.9100000000000001
1121 336300 0.9000000000000001
1122 336600 0.9000000000000001
1123 336900 0.9000000000000001
1124 337200 0.9000000000000001
1125 337500 0.9000000000000001
1126 337800 0.9000000000000001
1127 338100 0.9000000000000001
1128 338400 0.9000000000000001
1129 338700 0.9000000000000001
1130 339000 0.9000000000000001
1131 339300 0.9000000000000001
1132 339600 0.8900000000000001
1133 339900 0.8900000000000001
1134 340200 0.8900000000000001
1135 340500 0.8900000000000001
1136 340800 0.8900000000000001
1137 341100 0.8800000000000001
1138 341400 0.8800000000000001
1139 341700 0.8800000000000001
1140 342000 0.8800000000000001
1141 342300 0.8800000000000001
1142 342600 0.8800000000000001
1143 342900 0.8800000000000001
1144 343200 0.8800000000000001
1145 343500 0.8700000000000001
1146 343800 0.8700000000000001
1147 344100 0.8700000000000001
1148 344400 0.8600000000000001
1149 344700 0.8500000000000001
1150 345000 0.8500000000000001
1151 345300 0.8500000000000001
1152 345600 0.8500000000000001
1153 345900 0.8500000000000001
1154 346200 0.8500000000000001
1155 346500 0.8500000000000001
1156 346800 0.8500000000000001
1157 347100 0.8500000000000001
1158 347400 0.8500000000000001
1159 347700 0.8600000000000001
1160 348000 0.8500000000000001
1161 348300 0.8500000000000001
1162 348600 0.8500000000000001
1163 348900 0.8600000000000001
1164 349200 0.8600000000000001
1165 349500 0.8600000000000001
1166 349800 0.8600000000000001
1167 350100 0.8600000000000001
1168 350400 0.8700000000000001
1169 350700 0.8700000000000001
1170 351000 0.8700000000000001
1171 351300 0.8700000000000001
1172 351600 0.8700000000000001
1173 351900 0.8700000000000001
1174 352200 0.8700000000000001
1175 352500 0.8700000000000001
1176 352800 0.8600000000000001
1177 353100 0.8600000000000001
1178 353400 0.8700000000000001
1179 353700 0.8700000000000001
1180 354000 0.8700000000000001
1181 354300 0.8700000000000001
1182 354600 0.8700000000000001
1183 354900 0.8700000000000001
1184 355200 0.8700000000000001
1185 355500 0.8700000000000001
1186 355800 0.8700000000000001
1187 356100 0.8600000000000001
1188 356400 0.8600000000000001
1189 356700 0.8700000000000001
1190 357000 0.8600000000000001
1191 357300 0.8600000000000001
1192 357600 0.8600000000000001
1193 357900 0.8600000000000001
1194 358200 0.8600000000000001
1195 358500 0.8600000000000001
1196 358800 0.8600000000000001
1197 359100 0.8500000000000001
1198 359400 0.8500000000000001
1199 359700 0.8500000000000001
1200 360000 0.8600000000000001
1201 360300 0.8600000000000001
1202 360600 0.8600000000000001
1203 360900 0.8600000000000001
1204 361200 0.8600000000000001
1205 361500 0.8600000000000001
1206 361800 0.8600000000000001
1207 362100 0.8600000000000001
1208 362400 0.8600000000000001
1209 362700 0.8600000000000001
1210 363000 0.8600000000000001
1211 363300 0.8600000000000001
1212 363600 0.8600000000000001
1213 363900 0.8600000000000001
1214 364200 0.8600000000000001
1215 364500 0.8600000000000001
1216 364800 0.8600000000000001
1217 365100 0.8700000000000001
1218 365400 0.8700000000000001
1219 365700 0.8700000000000001
1220 366000 0.8700000000000001
1221 366300 0.8800000000000001
1222 366600 0.8800000000000001
1223 366900 0.8800000000000001
1224 367200 0.8800000000000001
1225 367500 0.8800000000000001
1226 367800 0.8800000000000001
1227 368100 0.8800000000000001
1228 368400 0.8800000000000001
1229 368700 0.8800000000000001
1230 369000 0.8800000000000001
1231 369300 0.8800000000000001
1232 369600 0.8900000000000001
1233 369900 0.8900000000000001
1234 370200 0.8900000000000001
1235 370500 0.8900000000000001
