1 300 0.8600000000000001
2 600 0.8600000000000001
3 900 0.8700000000000001
4 1200 0.8700000000000001
5 1500 0.8700000000000001
6 1800 0.8700000000000001
7 2100 0.8700000000000001
8 2400 0.8800000000000001
9 2700 0.8800000000000001
10 3000 0.8800000000000001
11 3300 0.8800000000000001
12 3600 0.8800000000000001
13 3900 0.8800000000000001
14 4200 0.8800000000000001
15 4500 0.8800000000000001
16 4800 0.8800000000000001
17 5100 0.8800000000000001
18 5400 0.8800000000000001
19 5700 0.8800000000000001
20 6000 0.8700000000000001
21 6300 0.8700000000000001
22 6600 0.8700000000000001
23 6900 0.8700000000000001
24 7200 0.8700000000000001
25 7500 0.8700000000000001
26 7800 0.8700000000000001
27 8100 0.8700000000000001
28 8400 0.8600000000000001
29 8700 0.8600000000000001
30 9000 0.8700000000000001
31 9300 0.8700000000000001
32 9600 0.8700000000000001
33 9900 0.8700000000000001
34 10200 0.8700000000000001
35 10500 0.8700000000000001
36 10800 0.8700000000000001
37 11100 0.8600000000000001
38 11400 0.8500000000000001
39 11700 0.8500000000000001
40 12000 0.8600000000000001
41 12300 0.8600000000000001
42 12600 0.8600000000000001
43 12900 0.8600000000000001
44 13200 0.8600000000000001
45 13500 0.8600000000000001
46 13800 0.8600000000000001
47 14100 0.8700000000000001
48 14400 0.8600000000000001
49 14700 0.8600000000000001
50 15000 0.8600000000000001
51 15300 0.8500000000000001
52 15600 0.8500000000000001
53 15900 0.8400000000000001
54 16200 0.8400000000000001
55 16500 0.8400000000000001
56 16800 0.8400000000000001
57 17100 0.8300000000000001
58 17400 0.8300000000000001
59 17700 0.8300000000000001
60 18000 0.8300000000000001
61 18300 0.8300000000000001
62 18600 0.8300000000000001
63 18900 0.8300000000000001
64 19200 0.8400000000000001
65 19500 0.8400000000000001
66 19800 0.8400000000000001
67 20100 0.8400000000000001
68 20400 0.8400000000000001
69 20700 0.8400000000000001
70 21000 0.8400000000000001
71 21300 0.8400000000000001
72 21600 0.8500000000000001
73 21900 0.8600000000000001
74 22200 0.8700000000000001
75 22500 0.8700000000000001
76 22800 0.8700000000000001
77 23100 0.8700000000000001
78 23400 0.8700000000000001
79 23700 0.8700000000000001
80 24000 0.8700000000000001
81 24300 0.8700000000000001
82 24600 0.8700000000000001
83 24900 0.8800000000000001
84 25200 0.8800000000000001
85 25500 0.8800000000000001
86 25800 0.8900000000000001
87 26100 0.8900000000000001
88 26400 0.8900000000000001
89 26700 0.8900000000000001
90 27000 0.8900000000000001
91 27300 0.8900000000000001
92 27600 0.8900000000000001
93 27900 0.8800000000000001
94 28200 0.8800000000000001
95 28500 0.8800000000000001
96 28800 0.8800000000000001
97 29100 0.8700000000000001
98 29400 0.8700000000000001
99 29700 0.8700000000000001
100 30000 0.8700000000000001
101 30300 0.8700000000000001
102 30600 0.8700000000000001
103 30900 0.8700000000000001
104 31200 0.8700000000000001
105 31500 0.8700000000000001
106 31800 0.8700000000000001
107 32100 0.8700000000000001
108 32400 0.8600000000000001
109 32700 0.8600000000000001
110 33000 0.8600000000000001
111 33300 0.8600000000000001
112 33600 0.8600000000000001
113 33900 0.8700000000000001
114 34200 0.8700000000000001
115 34500 0.8700000000000001
116 34800 0.8700000000000001
117 35100 0.8700000000000001
118 35400 0.8700000000000001
119 35700 0.8700000000000001
120 36000 0.8700000000000001
121 36300 0.8700000000000001
122 36600 0.8700000000000001
123 36900 0.8700000000000001
124 37200 0.8700000000000001
125 37500 0.8700000000000001
126 37800 0.8700000000000001
127 38100 0.8700000000000001
128 38400 0.8800000000000001
129 38700 0.8800000000000001
130 39000 0.8800000000000001
131 39300 0.8800000000000001
132 39600 0.8800000000000001
133 39900 0.8800000000000001
134 40200 0.8700000000000001
135 40500 0.8700000000000001
136 40800 0.8700000000000001
137 41100 0.8800000000000001
138 41400 0.8800000000000001
139 41700 0.8800000000000001
140 42000 0.8700000000000001
141 42300 0.8700000000000001
142 42600 0.8700000000000001
143 42900 0.8800000000000001
144 43200 0.8800000000000001
145 43500 0.8800000000000001
146 43800 0.8800000000000001
147 44100 0.8700000000000001
148 44400 0.8800000000000001
149 44700 0.8800000000000001
150 45000 0.8800000000000001
151 45300 0.8900000000000001
152 45600 0.8900000000000001
153 45900 0.9000000000000001
154 46200 0.8900000000000001
155 46500 0.8900000000000001
156 46800 0.8900000000000001
157 47100 0.8900000000000001
158 47400 0.8800000000000001
159 47700 0.8800000000000001
160 48000 0.8800000000000001
161 48300 0.8800000000000001
162 48600 0.8700000000000001
163 48900 0.8600000000000001
164 49200 0.8600000000000001
165 49500 0.8500000000000001
166 49800 0.8500000000000001
167 50100 0.8500000000000001
168 50400 0.8500000000000001
169 50700 0.8500000000000001
170 51000 0.8500000000000001
171 51300 0.8500000000000001
172 51600 0.8500000000000001
173 51900 0.8500000000000001
174 52200 0.8500000000000001
175 52500 0.8500000000000001
176 52800 0.8400000000000001
177 53100 0.8300000000000001
178 53400 0.8200000000000001
179 53700 0.8200000000000001
180 54000 0.8200000000000001
181 54300 0.8200000000000001
182 54600 0.8200000000000001
183 54900 0.81
184 55200 0.81
185 55500 0.81
186 55800 0.8
187 56100 0.8
188 56400 0.8
189 56700 0.8
190 57000 0.8
191 57300 0.8
192 57600 0.8
193 57900 0.81
194 58200 0.81
195 58500 0.81
196 58800 0.81
197 59100 0.81
198 59400 0.8200000000000001
199 59700 0.81
200 60000 0.81
201 60300 0.81
202 60600 0.81
203 60900 0.81
204 61200 0.81
205 61500 0.81
206 61800 0.8
207 62100 0.79
208 62400 0.8
209 62700 0.79
210 63000 0.79
211 63300 0.79
212 63600 0.79
213 63900 0.78
214 64200 0.77
215 64500 0.77
216 64800 0.76
217 65100 0.76
218 65400 0.76
219 65700 0.76
220 66000 0.77
221 66300 0.77
222 66600 0.77
223 66900 0.77
224 67200 0.77
225 67500 0.77
226 67800 0.77
227 68100 0.77
228 68400 0.76
229 68700 0.76
230 69000 0.76
231 69300 0.76
232 69600 0.76
233 69900 0.75
234 70200 0.76
235 70500 0.76
236 70800 0.75
237 71100 0.74
238 71400 0.74
239 71700 0.74
240 72000 0.75
241 72300 0.75
242 72600 0.75
243 72900 0.75
244 73200 0.74
245 73500 0.74
246 73800 0.74
247 74100 0.74
248 74400 0.74
249 74700 0.73
250 75000 0.73
251 75300 0.73
252 75600 0.73
253 75900 0.73
254 76200 0.74
255 76500 0.74
256 76800 0.74
257 77100 0.75
258 77400 0.76
259 77700 0.76
260 78000 0.76
261 78300 0.75
262 78600 0.76
263 78900 0.77
264 79200 0.77
265 79500 0.77
266 79800 0.77
267 80100 0.77
268 80400 0.77
269 80700 0.77
270 81000 0.77
271 81300 0.77
272 81600 0.77
273 81900 0.77
274 82200 0.77
275 82500 0.77
276 82800 0.78
277 83100 0.79
278 83400 0.8
279 83700 0.8
280 84000 0.81
281 84300 0.81
282 84600 0.81
283 84900 0.8200000000000001
284 85200 0.81
285 85500 0.8
286 85800 0.81
287 86100 0.8
288 86400 0.79
289 86700 0.79
290 87000 0.79
291 87300 0.78
292 87600 0.77
293 87900 0.76
294 88200 0.75
295 88500 0.75
296 88800 0.75
297 89100 0.76
298 89400 0.76
299 89700 0.77
300 90000 0.77
301 90300 0.77
302 90600 0.77
303 90900 0.77
304 91200 0.77
305 91500 0.77
306 91800 0.78
307 92100 0.79
308 92400 0.79
309 92700 0.8
310 93000 0.8
311 93300 0.8
312 93600 0.8
313 93900 0.81
314 94200 0.8200000000000001
315 94500 0.8200000000000001
316 94800 0.8300000000000001
317 95100 0.8300000000000001
318 95400 0.8300000000000001
319 95700 0.8300000000000001
320 96000 0.8300000000000001
321 96300 0.8300000000000001
322 96600 0.8300000000000001
323 96900 0.8300000000000001
324 97200 0.8300000000000001
325 97500 0.8300000000000001
326 97800 0.8300000000000001
327 98100 0.8300000000000001
328 98400 0.8400000000000001
329 98700 0.8400000000000001
330 99000 0.8300000000000001
331 99300 0.8300000000000001
332 99600 0.8300000000000001
333 99900 0.8400000000000001
334 100200 0.8400000000000001
335 100500 0.8400000000000001
336 100800 0.8500000000000001
337 101100 0.8600000000000001
338 101400 0.8600000000000001
339 101700 0.8600000000000001
340 102000 0.8600000000000001
341 102300 0.8600000000000001
342 102600 0.8600000000000001
343 102900 0.8600000000000001
344 103200 0.8700000000000001
345 103500 0.8700000000000001
346 103800 0.8700000000000001
347 104100 0.8700000000000001
348 104400 0.8700000000000001
349 104700 0.8800000000000001
350 105000 0.8800000000000001
351 105300 0.8700000000000001
352 105600 0.8700000000000001
353 105900 0.8700000000000001
354 106200 0.8700000000000001
355 106500 0.8700000000000001
356 106800 0.8700000000000001
357 107100 0.8700000000000001
358 107400 0.8700000000000001
359 107700 0.8700000000000001
360 108000 0.8800000000000001
361 108300 0.8900000000000001
362 108600 0.8800000000000001
363 108900 0.8700000000000001
364 109200 0.8700000000000001
365 109500 0.8800000000000001
366 109800 0.8800000000000001
367 110100 0.8800000000000001
368 110400 0.8800000000000001
369 110700 0.8700000000000001
370 111000 0.8700000000000001
371 111300 0.8700000000000001
372 111600 0.8700000000000001
373 111900 0.8700000000000001
374 112200 0.8700000000000001
375 112500 0.8700000000000001
376 112800 0.8700000000000001
377 113100 0.8700000000000001
378 113400 0.8700000000000001
379 113700 0.8700000000000001
380 114000 0.8700000000000001
381 114300 0.8700000000000001
382 114600 0.8700000000000001
383 114900 0.8700000000000001
384 115200 0.8800000000000001
385 115500 0.8900000000000001
386 115800 0.8900000000000001
387 116100 0.9000000000000001
388 116400 0.9100000000000001
389 116700 0.9100000000000001
390 117000 0.9100000000000001
391 117300 0.9200000000000002
392 117600 0.9300000000000002
393 117900 0.9400000000000002
394 118200 0.9500000000000001
395 118500 0.9500000000000001
396 118800 0.9500000000000002
397 119100 0.9500000000000002
398 119400 0.9500000000000002
399 119700 0.9500000000000002
400 120000 0.9500000000000002
401 120300 0.9500000000000002
402 120600 0.9500000000000002
403 120900 0.9400000000000002
404 121200 0.9400000000000002
405 121500 0.9400000000000002
406 121800 0.9400000000000002
407 122100 0.9300000000000002
408 122400 0.9200000000000002
409 122700 0.9200000000000002
410 123000 0.9200000000000002
411 123300 0.9200000000000002
412 123600 0.9200000000000002
413 123900 0.9200000000000002
414 124200 0.9200000000000002
415 124500 0.9200000000000002
416 124800 0.9200000000000002
417 125100 0.9200000000000002
418 125400 0.9200000000000002
419 125700 0.9200000000000002
420 126000 0.9200000000000002
421 126300 0.9200000000000002
422 126600 0.9200000000000002
423 126900 0.9100000000000001
424 127200 0.9100000000000001
425 127500 0.9300000000000002
426 127800 0.9300000000000002
427 128100 0.9300000000000002
428 128400 0.9300000000000002
429 128700 0.9300000000000002
430 129000 0.9400000000000002
431 129300 0.9400000000000002
432 129600 0.9400000000000002
433 129900 0.9400000000000002
434 130200 0.9300000000000002
435 130500 0.9300000000000002
436 130800 0.9300000000000002
437 131100 0.9300000000000002
438 131400 0.9300000000000002
439 131700 0.9300000000000002
440 132000 0.9300000000000002
441 132300 0.9300000000000002
442 132600 0.9300000000000002
443 132900 0.9300000000000002
444 133200 0.9300000000000002
445 133500 0.9300000000000002
446 133800 0.9300000000000002
447 134100 0.9400000000000002
448 134400 0.9400000000000002
449 134700 0.9400000000000002
450 135000 0.9400000000000002
451 135300 0.9500000000000002
452 135600 0.9500000000000002
453 135900 0.9500000000000002
454 136200 0.9500000000000002
455 136500 0.9500000000000002
456 136800 0.9500000000000002
457 137100 0.9700000000000002
458 137400 0.9700000000000002
459 137700 0.9700000000000002
460 138000 0.9600000000000002
461 138300 0.9600000000000002
462 138600 0.9600000000000002
463 138900 0.9700000000000002
464 139200 0.9700000000000002
465 139500 0.9700000000000002
466 139800 0.9700000000000002
467 140100 0.9700000000000002
468 140400 0.9700000000000002
469 140700 0.9800000000000001
470 141000 0.9800000000000001
471 141300 0.9700000000000002
472 141600 0.9700000000000002
473 141900 0.9700000000000002
474 142200 0.9600000000000002
475 142500 0.9600000000000002
476 142800 0.9600000000000002
477 143100 0.9600000000000002
478 143400 0.9600000000000002
479 143700 0.9500000000000002
480 144000 0.9500000000000002
481 144300 0.9500000000000002
482 144600 0.9500000000000002
483 144900 0.9500000000000002
484 145200 0.9500000000000002
485 145500 0.9400000000000002
486 145800 0.9400000000000002
487 146100 0.9400000000000002
488 146400 0.9400000000000002
489 146700 0.9400000000000002
490 147000 0.9400000000000002
491 147300 0.9400000000000002
492 147600 0.9400000000000002
493 147900 0.9400000000000002
494 148200 0.9400000000000002
495 148500 0.9400000000000002
496 148800 0.9400000000000002
497 149100 0.9400000000000002
498 149400 0.9400000000000002
499 149700 0.9300000000000002
500 150000 0.9300000000000002
501 150300 0.9300000000000002
502 150600 0.9300000000000002
503 150900 0.9400000000000002
504 151200 0.9400000000000002
505 151500 0.9400000000000002
506 151800 0.9400000000000002
507 152100 0.9400000000000002
508 152400 0.9500000000000002
509 152700 0.9500000000000002
510 153000 0.9500000000000002
511 153300 0.9500000000000002
512 153600 0.9400000000000002
513 153900 0.9400000000000002
514 154200 0.9400000000000002
515 154500 0.9400000000000002
516 154800 0.9400000000000002
517 155100 0.9400000000000002
518 155400 0.9400000000000002
519 155700 0.9400000000000002
520 156000 0.9300000000000002
521 156300 0.9300000000000002
522 156600 0.9300000000000002
523 156900 0.9400000000000002
524 157166 0.9400000000000002
525 157466 0.9200000000000002
526 157766 0.9200000000000002
527 158066 0.9200000000000002
528 158366 0.9200000000000002
529 158666 0.9200000000000002
530 158966 0.9200000000000002
531 159266 0.9300000000000002
532 159566 0.9300000000000002
533 159866 0.9300000000000002
534 160166 0.9400000000000002
535 160466 0.9400000000000002
536 160766 0.9400000000000002
537 161066 0.9400000000000002
538 161366 0.9400000000000002
539 161666 0.9400000000000002
540 161966 0.9400000000000002
541 162266 0.9400000000000002
542 162566 0.9300000000000002
543 162866 0.9300000000000002
544 163166 0.9300000000000002
545 163466 0.9300000000000002
546 163766 0.9300000000000002
547 164066 0.9300000000000002
548 164366 0.9300000000000002
549 164666 0.9300000000000002
550 164966 0.9300000000000002
551 165266 0.9300000000000002
552 165566 0.9300000000000002
553 165866 0.9300000000000002
554 166166 0.9300000000000002
555 166466 0.9300000000000002
556 166744 0.9300000000000002
557 167044 0.9100000000000001
558 167344 0.9100000000000001
559 167644 0.9100000000000001
560 167944 0.9000000000000001
561 168244 0.8900000000000001
562 168544 0.9000000000000001
563 168844 0.9000000000000001
564 169144 0.9000000000000001
565 169444 0.9000000000000001
566 169744 0.9000000000000001
567 170044 0.9000000000000001
568 170344 0.9000000000000001
569 170644 0.9000000000000001
570 170944 0.9000000000000001
571 171244 0.9100000000000001
572 171544 0.9100000000000001
573 171844 0.9100000000000001
574 172144 0.9200000000000002
575 172444 0.9200000000000002
576 172744 0.9200000000000002
577 173044 0.9200000000000002
578 173344 0.9200000000000002
579 173644 0.9300000000000002
580 173944 0.9300000000000002
581 174244 0.9300000000000002
582 174544 0.9300000000000002
583 174844 0.9300000000000002
584 175144 0.9300000000000002
585 175444 0.9400000000000002
586 175744 0.9400000000000002
587 176044 0.9400000000000002
588 176344 0.9400000000000002
589 176644 0.9400000000000002
590 176944 0.9400000000000002
591 177244 0.9400000000000002
592 177544 0.9400000000000002
593 177844 0.9300000000000002
594 178144 0.9300000000000002
595 178444 0.9300000000000002
596 178744 0.9300000000000002
597 179044 0.9300000000000002
598 179344 0.9300000000000002
599 179644 0.9400000000000002
600 179944 0.9400000000000002
601 180244 0.9400000000000002
602 180544 0.9400000000000002
603 180844 0.9400000000000002
604 181144 0.9400000000000002
605 181444 0.9400000000000002
606 181744 0.9400000000000002
607 182044 0.9500000000000002
608 182344 0.9500000000000002
609 182644 0.9500000000000002
610 182944 0.9500000000000002
611 183244 0.9500000000000002
612 183544 0.9600000000000002
613 183844 0.9600000000000002
614 184144 0.9600000000000002
615 184444 0.9600000000000002
616 184744 0.9600000000000002
617 185044 0.9600000000000002
618 185344 0.9600000000000002
619 185644 0.9500000000000002
620 185944 0.9600000000000002
621 186244 0.9600000000000002
622 186544 0.9600000000000002
623 186844 0.9500000000000002
624 187144 0.9500000000000002
625 187444 0.9500000000000002
626 187744 0.9500000000000002
627 188044 0.9500000000000002
628 188344 0.9500000000000002
629 188644 0.9500000000000002
630 188944 0.9500000000000002
631 189244 0.9400000000000002
632 189544 0.9400000000000002
633 189844 0.9400000000000002
634 190144 0.9400000000000002
635 190444 0.9400000000000002
636 190744 0.9400000000000002
637 191044 0.9400000000000002
638 191344 0.9400000000000002
639 191644 0.9400000000000002
640 191944 0.9400000000000002
641 192244 0.9400000000000002
642 192544 0.9500000000000002
643 192844 0.9500000000000002
644 193144 0.9500000000000002
645 193444 0.9500000000000002
646 193744 0.9500000000000002
647 194044 0.9500000000000002
648 194344 0.9500000000000002
649 194644 0.9500000000000002
650 194944 0.9500000000000002
651 195244 0.9500000000000002
652 195544 0.9500000000000002
653 195844 0.9500000000000002
654 196144 0.9500000000000002
655 196444 0.9500000000000002
656 196744 0.9500000000000002
657 197044 0.9500000000000002
658 197344 0.9500000000000002
659 197644 0.9500000000000002
660 197944 0.9500000000000002
661 198244 0.9600000000000002
662 198544 0.9600000000000002
663 198844 0.9600000000000002
664 199144 0.9600000000000002
665 199444 0.9600000000000002
666 199744 0.9600000000000002
667 200044 0.9600000000000002
668 200344 0.9600000000000002
669 200644 0.9600000000000002
670 200944 0.9600000000000002
671 201244 0.9600000000000002
672 201544 0.9600000000000002
673 201844 0.9600000000000002
674 202144 0.9600000000000002
675 202444 0.9600000000000002
676 202744 0.9600000000000002
677 203044 0.9600000000000002
678 203344 0.9600000000000002
679 203644 0.9600000000000002
680 203944 0.9600000000000002
681 204244 0.9600000000000002
682 204544 0.9600000000000002
683 204844 0.9600000000000002
684 205144 0.9600000000000002
685 205444 0.9600000000000002
686 205744 0.9600000000000002
687 206044 0.9700000000000002
688 206344 0.9700000000000002
689 206644 0.9700000000000002
690 206944 0.9700000000000002
691 207244 0.9700000000000002
692 207544 0.9700000000000002
693 207844 0.9800000000000002
694 208144 0.9800000000000002
695 208444 0.9800000000000002
696 208744 0.9800000000000002
697 209044 0.9800000000000002
698 209344 0.9800000000000002
699 209644 0.9800000000000002
700 209944 0.9800000000000002
701 210244 0.9800000000000002
702 210544 0.9800000000000002
703 210844 0.9800000000000002
704 211144 0.9800000000000002
705 211444 0.9800000000000002
706 211744 0.9800000000000002
707 212044 0.9800000000000002
708 212344 0.9800000000000002
709 212644 0.9800000000000002
710 212944 0.9800000000000002
711 213244 0.9800000000000002
712 213544 0.9900000000000002
713 213844 0.9900000000000002
714 214144 0.9900000000000002
715 214444 0.9900000000000002
716 214744 0.9900000000000002
717 215044 0.9900000000000002
718 215344 0.9900000000000002
719 215644 1.0
720 215944 1.0
721 216244 1.0
722 216544 1.0
723 216844 1.03
724 217144 1.03
725 217444 1.03
726 217744 1.03
727 218044 1.03
728 218344 1.03
729 218644 1.03
730 218944 1.03
731 219244 1.03
732 219544 1.03
733 219844 1.03
734 220144 1.03
735 220444 1.03
736 220744 1.03
737 221044 1.03
738 221344 1.03
739 221644 1.03
740 221944 1.03
741 222244 1.03
742 222544 1.03
743 222844 1.03
744 223144 1.05
745 223444 1.05
746 223744 1.05
747 224044 1.06
748 224344 1.06
749 224644 1.06
750 224944 1.06
751 225244 1.06
752 225544 1.06
753 225844 1.06
754 226144 1.06
755 226444 1.06
756 226744 1.06
757 227044 1.06
758 227344 1.06
759 227644 1.06
760 227944 1.07
761 228244 1.07
762 228544 1.06
763 228844 1.06
764 229144 1.06
765 229444 1.06
766 229744 1.06
767 230044 1.06
768 230344 1.06
769 230644 1.06
770 230944 1.06
771 231244 1.06
772 231544 1.06
773 231844 1.06
774 232144 1.06
775 232444 1.08
776 232744 1.08
777 233044 1.08
778 233344 1.08
779 233644 1.08
780 233944 1.08
781 234244 1.08
782 234544 1.1
783 234844 1.1
784 235144 1.1
785 235444 1.1
786 235744 1.1
787 236044 1.09
788 236344 1.09
789 236644 1.09
790 236944 1.11
791 237244 1.11
792 237544 1.11
793 237844 1.11
794 238144 1.11
795 238444 1.11
796 238744 1.11
797 239044 1.11
798 239344 1.11
799 239644 1.1300000000000001
800 239944 1.1300000000000001
801 240244 1.1300000000000001
802 240544 1.1300000000000001
803 240844 1.1300000000000001
804 241144 1.1300000000000001
805 241444 1.1300000000000001
806 241744 1.1300000000000001
807 242044 1.1300000000000001
808 242344 1.1300000000000001
809 242644 1.1300000000000001
810 242944 1.1300000000000001
811 243244 1.12
812 243544 1.11
813 243844 1.11
814 244144 1.11
815 244444 1.11
816 244744 1.11
817 245044 1.11
818 245344 1.11
819 245644 1.11
820 245944 1.11
821 246244 1.11
822 246396 1.11
823 246696 1.09
824 246996 1.09
825 247296 1.08
826 247596 1.09
827 247896 1.09
828 248196 1.09
829 248496 1.1
830 248796 1.1
831 249096 1.12
832 249396 1.12
833 249696 1.12
834 249996 1.12
835 250296 1.12
836 250596 1.12
837 250896 1.12
838 251196 1.12
839 251496 1.12
840 251796 1.1300000000000001
841 252096 1.1300000000000001
842 252396 1.1300000000000001
843 252590 1.1300000000000001
844 252890 1.1300000000000001
845 253190 1.1300000000000001
846 253490 1.1300000000000001
847 253790 1.12
848 254090 1.12
849 254390 1.12
850 254690 1.12
851 254990 1.12
852 255290 1.1400000000000001
853 255590 1.1400000000000001
854 255890 1.1400000000000001
855 256190 1.1400000000000001
856 256490 1.1400000000000001
857 256790 1.1400000000000001
858 257090 1.1400000000000001
859 257390 1.1400000000000001
860 257690 1.1400000000000001
861 257990 1.1400000000000001
862 258290 1.1500000000000001
863 258590 1.1500000000000001
864 258890 1.1500000000000001
865 259190 1.1500000000000001
866 259490 1.1400000000000001
867 259790 1.1400000000000001
868 260090 1.1400000000000001
869 260390 1.1400000000000001
870 260690 1.1400000000000001
871 260990 1.1400000000000001
872 261290 1.1400000000000001
873 261590 1.1400000000000001
874 261830 1.1400000000000001
875 262130 1.12
876 262430 1.12
877 262730 1.12
878 263030 1.12
879 263330 1.12
880 263630 1.12
881 263849 1.12
882 264149 1.1
883 264449 1.1
884 264749 1.1
885 265049 1.1
886 265349 1.1
887 265649 1.1
888 265949 1.1
889 266231 1.1
890 266531 1.08
891 266831 1.08
892 267131 1.08
893 267431 1.08
894 267731 1.08
895 268031 1.08
896 268331 1.08
897 268631 1.1
898 268886 1.1
899 269186 1.08
900 269486 1.08
901 269786 1.08
902 270086 1.08
903 270386 1.07
904 270686 1.07
905 270986 1.07
906 271286 1.07
907 271586 1.07
908 271886 1.07
909 272186 1.07
910 272486 1.07
911 272786 1.08
912 273086 1.08
913 273386 1.08
914 273686 1.08
915 273986 1.08
916 274286 1.08
917 274586 1.08
918 274886 1.07
919 275186 1.07
920 275486 1.07
921 275786 1.07
922 276086 1.07
923 276386 1.07
924 276686 1.08
925 276986 1.09
926 277286 1.08
927 277586 1.08
928 277886 1.1
929 278186 1.09
930 278486 1.09
931 278786 1.07
932 279086 1.07
933 279386 1.07
934 279686 1.07
935 279986 1.06
936 280286 1.06
937 280586 1.06
938 280886 1.06
939 281186 1.06
940 281486 1.05
941 281786 1.05
942 282086 1.05
943 282292 1.05
944 282592 1.03
945 282892 1.03
946 283192 1.03
947 283492 1.03
948 283792 1.05
949 284092 1.05
950 284392 1.05
951 284668 1.05
952 284968 1.03
953 285268 1.03
954 285568 1.05
955 285868 1.05
956 286168 1.05
957 286468 1.05
958 286768 1.05
959 287068 1.05
960 287368 1.05
961 287668 1.07
962 287968 1.07
963 288268 1.07
964 288568 1.07
965 288868 1.07
966 289168 1.08
967 289468 1.08
968 289768 1.08
969 290068 1.08
970 290368 1.08
971 290668 1.08
972 290968 1.08
973 291268 1.08
974 291568 1.08
975 291868 1.08
976 292168 1.08
977 292468 1.08
978 292768 1.08
979 293068 1.08
980 293368 1.08
981 293668 1.08
982 293968 1.08
983 294268 1.08
984 294568 1.08
985 294868 1.08
986 295168 1.08
987 295468 1.08
988 295768 1.08
989 296068 1.08
990 296368 1.09
991 296668 1.09
992 296968 1.09
993 297268 1.09
994 297568 1.09
995 297868 1.09
996 298115 1.09
997 298415 1.07
998 298715 1.07
999 299015 1.07
1000 299315 1.07
1001 299615 1.09
1002 299915 1.09
1003 300215 1.1
1004 300515 1.1
1005 300815 1.1
1006 301115 1.1
1007 301415 1.1
1008 301715 1.12
1009 302015 1.11
1010 302315 1.11
1011 302615 1.11
1012 302915 1.11
1013 303215 1.11
1014 303515 1.11
1015 303815 1.1
1016 304115 1.1
1017 304415 1.1
1018 304715 1.11
1019 305015 1.11
1020 305315 1.1300000000000001
1021 305615 1.1300000000000001
1022 305915 1.1300000000000001
1023 306215 1.1300000000000001
1024 306515 1.12
1025 306815 1.12
1026 307115 1.12
1027 307340 1.12
1028 307640 1.1
1029 307940 1.1
1030 308240 1.1
1031 308540 1.12
1032 308840 1.12
1033 309140 1.1400000000000001
1034 309440 1.1400000000000001
1035 309740 1.1500000000000001
1036 310040 1.1500000000000001
1037 310340 1.1500000000000001
1038 310640 1.1500000000000001
1039 310940 1.1500000000000001
1040 311240 1.1500000000000001
1041 311540 1.1500000000000001
1042 311840 1.1500000000000001
1043 312140 1.1500000000000001
1044 312440 1.1500000000000001
1045 312740 1.1500000000000001
1046 313040 1.1500000000000001
1047 313236 1.1500000000000001
1048 313536 1.1300000000000001
1049 313836 1.1300000000000001
1050 314136 1.12
1051 314436 1.12
1052 314736 1.12
1053 314999 1.1400000000000001
1054 315299 1.12
1055 315599 1.12
1056 315899 1.12
1057 316199 1.12
1058 316499 1.12
1059 316799 1.12
1060 317076 1.12
1061 317376 1.1
1062 317676 1.1
1063 317976 1.1
1064 318276 1.12
1065 318576 1.1300000000000001
1066 318876 1.1300000000000001
1067 319176 1.12
1068 319476 1.12
1069 319776 1.12
1070 320076 1.11
1071 320376 1.11
1072 320676 1.11
1073 320976 1.12
1074 321276 1.12
1075 321576 1.12
1076 321876 1.11
1077 322176 1.11
1078 322476 1.11
1079 322776 1.11
1080 323076 1.11
1081 323376 1.11
1082 323676 1.11
1083 323976 1.11
1084 324276 1.1300000000000001
1085 324576 1.1300000000000001
1086 324876 1.12
1087 325176 1.12
1088 325476 1.12
1089 325776 1.11
1090 326076 1.1
1091 326376 1.09
1092 326676 1.09
1093 326976 1.1
1094 327276 1.1
1095 327576 1.1
1096 327876 1.1
1097 328176 1.1
1098 328476 1.12
1099 328776 1.12
1100 328890 1.11
1101 329190 1.09
1102 329490 1.09
1103 329790 1.09
1104 330090 1.09
1105 330390 1.09
1106 330690 1.09
1107 330981 1.09
1108 331281 1.06
1109 331581 1.09
1110 331881 1.09
1111 332181 1.09
1112 332481 1.09
1113 332781 1.09
1114 333081 1.09
1115 333381 1.1
1116 333681 1.1
1117 333981 1.1
1118 334281 1.1
1119 334457 1.1
1120 334757 1.1
1121 335057 1.11
1122 335357 1.11
1123 335657 1.11
1124 335957 1.11
1125 336257 1.11
1126 336557 1.11
1127 336857 1.1099999999999999
1128 337157 1.1099999999999999
1129 337457 1.11
1130 337743 1.11
1131 338043 1.09
1132 338316 1.09
1133 338616 1.09
1134 338916 1.09
1135 339216 1.09
1136 339516 1.09
1137 339816 1.09
1138 340116 1.09
1139 340416 1.09
1140 340716 1.09
1141 341016 1.09
1142 341316 1.09
1143 341616 1.09
1144 341916 1.09
1145 342216 1.11
1146 342516 1.11
1147 342816 1.1
1148 343116 1.1
1149 343416 1.12
1150 343716 1.1500000000000001
1151 344016 1.1400000000000001
1152 344257 1.1400000000000001
1153 344557 1.12
1154 344857 1.12
1155 345157 1.12
1156 345457 1.12
1157 345757 1.1300000000000001
1158 346057 1.1300000000000001
1159 346357 1.1300000000000001
1160 346657 1.1300000000000001
1161 346957 1.1300000000000001
1162 347257 1.1300000000000001
1163 347526 1.12
1164 347826 1.1
1165 348126 1.11
1166 348426 1.11
1167 348726 1.12
1168 349026 1.12
1169 349326 1.12
1170 349626 1.1500000000000001
1171 349926 1.1500000000000001
1172 350226 1.1500000000000001
1173 350526 1.1400000000000001
1174 350826 1.1400000000000001
1175 351126 1.1500000000000001
1176 351426 1.1700000000000002
1177 351726 1.1700000000000002
1178 352026 1.1700000000000002
1179 352326 1.1700000000000002
1180 352626 1.1700000000000002
1181 352926 1.1700000000000002
1182 353226 1.1700000000000002
1183 353524 1.1700000000000002
1184 353824 1.1500000000000001
1185 354124 1.1500000000000001
1186 354424 1.1600000000000001
1187 354724 1.1700000000000002
1188 355024 1.1700000000000002
1189 355324 1.2000000000000002
1190 355624 1.2000000000000002
1191 355924 1.2100000000000002
1192 356224 1.2100000000000002
1193 356524 1.2100000000000002
1194 356824 1.2100000000000002
1195 357124 1.2100000000000002
1196 357424 1.2100000000000002
1197 357707 1.21
1198 358007 1.21
1199 358307 1.21
1200 358607 1.2200000000000002
1201 358907 1.2200000000000002
1202 359207 1.2200000000000002
1203 359507 1.2400000000000002
1204 359807 1.2400000000000002
1205 360107 1.2400000000000002
1206 360407 1.24
1207 360707 1.2399999999999998
1208 360932 1.25
1209 361232 1.23
1210 361532 1.23
1211 361832 1.23
1212 362132 1.23
1213 362432 1.25
1214 362732 1.25
1215 363032 1.27
1216 363332 1.27
1217 363632 1.27
1218 363932 1.27
1219 364216 1.27
1220 364516 1.25
1221 364816 1.24
1222 365116 1.24
1223 365416 1.2400000000000002
1224 365716 1.2400000000000002
1225 366016 1.24
1226 366316 1.24
1227 366616 1.24
1228 366916 1.24
1229 367216 1.24
1230 367516 1.24
1231 367816 1.2400000000000002
1232 368089 1.2400000000000002
1233 368389 1.22
1234 368689 1.22
1235 368989 1.22
1236 369289 1.22
1237 369589 1.22
1238 369889 1.22
1239 370189 1.2200000000000002
1240 370489 1.2200000000000002
1241 370789 1.22
1242 371089 1.22
