1 300 1.1800000000000002
2 600 1.1800000000000002
3 879 1.2000000000000002
4 1179 1.2000000000000002
5 1479 1.2000000000000002
6 1779 1.2000000000000002
7 2079 1.2000000000000002
8 2302 1.2200000000000002
9 2602 1.1900000000000002
10 2902 1.1900000000000002
11 3202 1.2100000000000002
12 3502 1.2100000000000002
13 3802 1.21
14 4102 1.21
15 4402 1.21
16 4702 1.2100000000000002
17 5002 1.2100000000000002
18 5302 1.23
19 5602 1.23
20 5902 1.25
21 6202 1.25
22 6502 1.27
23 6644 1.29
24 6944 1.27
25 7244 1.27
26 7544 1.27
27 7844 1.29
28 8144 1.31
29 8444 1.31
30 8744 1.31
31 9044 1.31
32 9344 1.31
33 9644 1.31
34 9944 1.31
35 10244 1.31
36 10544 1.31
37 10844 1.3
38 11144 1.3
39 11444 1.3
40 11744 1.3
41 11995 1.3
42 12295 1.28
43 12478 1.2799999999999998
44 12778 1.2599999999999998
45 13078 1.26
46 13378 1.28
47 13678 1.2799999999999998
48 13978 1.2999999999999998
49 14278 1.32
50 14578 1.32
51 14878 1.3399999999999999
52 15084 1.3399999999999999
53 15384 1.32
54 15684 1.32
55 15984 1.3199999999999998
56 16284 1.3199999999999998
57 16584 1.32
58 16884 1.33
59 17184 1.3499999999999999
60 17484 1.3499999999999999
61 17784 1.35
62 18084 1.35
63 18384 1.36
64 18684 1.3800000000000001
65 18984 1.3800000000000001
66 19284 1.3800000000000001
67 19584 1.4
68 19884 1.4
69 20184 1.4000000000000001
70 20484 1.4000000000000001
71 20784 1.4
72 21084 1.4
73 21384 1.4
74 21684 1.4
75 21984 1.4
76 22284 1.4
77 22584 1.4000000000000001
78 22884 1.4200000000000002
79 23184 1.42
80 23484 1.44
81 23784 1.4400000000000002
82 24084 1.4600000000000002
83 24384 1.46
84 24684 1.46
85 24984 1.46
86 25284 1.46
87 25584 1.46
88 25884 1.46
89 26184 1.46
90 26484 1.46
91 26784 1.46
92 27012 1.46
93 27174 1.44
94 27474 1.44
95 27774 1.44
96 28074 1.44
97 28308 1.44
98 28608 1.44
99 28908 1.46
100 29208 1.48
101 29508 1.48
102 29716 1.48
103 29993 1.46
104 30293 1.44
105 30593 1.44
106 30893 1.44
107 31171 1.44
108 31471 1.42
109 31771 1.4300000000000002
110 32048 1.4300000000000002
111 32348 1.4100000000000001
112 32648 1.4100000000000001
113 32948 1.4100000000000001
114 33248 1.4300000000000002
115 33548 1.4300000000000002
116 33848 1.4300000000000002
117 34087 1.4300000000000002
118 34387 1.4100000000000001
119 34613 1.4300000000000002
120 34913 1.4100000000000001
121 35181 1.4100000000000001
122 35446 1.3900000000000001
123 35746 1.37
124 36046 1.37
125 36346 1.37
126 36623 1.37
127 36774 1.37
128 37074 1.35
129 37374 1.35
130 37674 1.35
131 37974 1.37
132 38274 1.37
133 38574 1.3900000000000001
134 38874 1.3900000000000001
135 39174 1.3900000000000001
136 39474 1.3900000000000001
137 39774 1.41
138 40074 1.41
139 40374 1.43
140 40674 1.45
141 40974 1.4500000000000002
142 41274 1.4600000000000002
143 41574 1.46
144 41874 1.46
145 42142 1.4600000000000002
146 42442 1.44
147 42633 1.44
148 42765 1.42
149 43065 1.4
150 43251 1.4
151 43551 1.4
152 43851 1.42
153 44151 1.42
154 44451 1.42
155 44751 1.42
156 45051 1.42
157 45351 1.44
158 45593 1.43
159 45893 1.43
160 46193 1.45
161 46493 1.45
162 46793 1.45
163 46965 1.44
164 47265 1.42
165 47565 1.42
166 47702 1.42
167 48002 1.4
168 48302 1.41
169 48602 1.41
170 48902 1.41
171 49202 1.41
172 49502 1.41
173 49802 1.41
174 50102 1.41
175 50402 1.43
176 50702 1.43
177 50889 1.43
178 51189 1.41
179 51373 1.41
180 51673 1.39
181 51816 1.41
182 52116 1.3900000000000001
183 52416 1.3900000000000001
184 52716 1.3900000000000001
185 53016 1.3900000000000001
186 53316 1.3900000000000001
187 53616 1.3900000000000001
188 53916 1.39
189 54216 1.39
190 54516 1.3900000000000001
191 54816 1.3900000000000001
192 55116 1.3900000000000001
193 55355 1.3900000000000001
194 55655 1.3900000000000001
195 55955 1.3900000000000001
196 56255 1.3900000000000001
197 56555 1.3900000000000001
198 56754 1.37
199 56998 1.36
200 57298 1.36
201 57598 1.3800000000000001
202 57898 1.3800000000000001
203 58198 1.4000000000000001
204 58498 1.4000000000000001
205 58798 1.4000000000000001
206 59098 1.4000000000000001
207 59398 1.4000000000000001
208 59698 1.4000000000000001
209 59998 1.4000000000000001
210 60298 1.4200000000000002
211 60598 1.4400000000000002
212 60898 1.4400000000000002
213 61082 1.4600000000000002
214 61382 1.4600000000000002
215 61682 1.4600000000000002
216 61982 1.4600000000000002
217 62282 1.4600000000000002
218 62464 1.4600000000000002
219 62764 1.4600000000000002
220 63064 1.48
221 63364 1.5
222 63664 1.5
223 63964 1.5
224 64264 1.5
225 64564 1.5
226 64698 1.5
227 64998 1.48
228 65298 1.5
229 65598 1.5
230 65810 1.52
231 66110 1.52
232 66340 1.54
233 66640 1.52
234 66940 1.53
235 67240 1.53
236 67540 1.53
237 67840 1.5200000000000002
238 68114 1.51
239 68288 1.49
240 68588 1.49
241 68888 1.49
242 69188 1.48
243 69488 1.48
244 69788 1.48
245 70088 1.48
246 70388 1.48
247 70688 1.48
248 70988 1.49
249 71288 1.51
250 71542 1.53
251 71812 1.53
252 72112 1.51
253 72412 1.51
254 72712 1.51
255 73012 1.53
256 73257 1.53
257 73557 1.53
258 73769 1.53
259 73977 1.51
260 74277 1.49
261 74577 1.49
262 74877 1.49
263 75177 1.51
264 75477 1.52
265 75777 1.52
266 76077 1.54
267 76377 1.54
268 76677 1.55
269 76977 1.55
270 77277 1.55
271 77577 1.57
272 77877 1.57
273 78177 1.57
274 78297 1.59
275 78597 1.59
276 78897 1.59
277 79197 1.59
278 79497 1.59
279 79797 1.59
280 80056 1.61
281 80356 1.6
282 80656 1.6
283 80956 1.6
284 81256 1.6
285 81556 1.6
286 81856 1.6
287 82156 1.6
288 82456 1.6
289 82756 1.6
290 83056 1.6
291 83356 1.6
292 83656 1.6
293 83872 1.6
294 84172 1.58
295 84472 1.58
296 84772 1.58
297 85072 1.6
298 85372 1.6
299 85651 1.59
300 85875 1.57
301 86175 1.55
302 86407 1.55
303 86707 1.55
304 87007 1.55
305 87307 1.55
306 87607 1.57
307 87907 1.59
308 88207 1.61
309 88338 1.61
310 88605 1.61
311 88905 1.59
312 89198 1.59
313 89433 1.59
314 89733 1.57
315 90033 1.57
316 90333 1.57
317 90633 1.57
318 90842 1.59
319 90990 1.59
320 91191 1.57
321 91491 1.55
322 91791 1.55
323 92091 1.57
324 92391 1.59
325 92691 1.59
326 92991 1.59
327 93132 1.61
328 93432 1.59
329 93600 1.61
330 93831 1.59
331 94026 1.59
332 94326 1.59
333 94626 1.61
334 94926 1.61
335 95226 1.61
336 95526 1.61
337 95826 1.61
338 96126 1.62
339 96414 1.62
340 96714 1.62
341 97014 1.62
342 97314 1.6300000000000001
343 97614 1.6300000000000001
344 97914 1.6400000000000001
345 98214 1.6400000000000001
346 98514 1.6400000000000001
347 98814 1.6400000000000001
348 98927 1.6300000000000001
349 99177 1.61
350 99338 1.59
351 99638 1.57
352 99938 1.57
353 100238 1.57
354 100414 1.59
355 100714 1.59
356 100909 1.59
357 101209 1.57
358 101509 1.58
359 101809 1.6
360 102109 1.6
361 102409 1.6
362 102690 1.6
363 102990 1.58
364 103290 1.57
365 103556 1.57
366 103856 1.57
367 104136 1.57
368 104436 1.55
369 104736 1.55
370 104970 1.57
371 105270 1.55
372 105570 1.55
373 105786 1.55
374 105991 1.53
375 106291 1.51
376 106591 1.51
377 106891 1.51
378 107191 1.51
379 107394 1.52
380 107694 1.5
381 107994 1.49
382 108294 1.49
383 108594 1.49
384 108894 1.4900000000000002
385 109194 1.4900000000000002
386 109494 1.51
387 109794 1.52
388 110094 1.52
389 110394 1.54
390 110694 1.54
391 110994 1.56
392 111294 1.58
393 111594 1.6
394 111894 1.6
395 112194 1.6
396 112300 1.6
397 112600 1.59
398 112900 1.59
399 113200 1.59
400 113500 1.59
401 113800 1.5899999999999999
402 113985 1.6099999999999999
403 114285 1.61
404 114585 1.61
405 114777 1.61
406 114961 1.61
407 115116 1.61
408 115416 1.61
409 115638 1.61
410 115938 1.59
411 116238 1.59
412 116367 1.59
413 116667 1.57
414 116967 1.57
415 117267 1.59
416 117567 1.59
417 117773 1.59
418 117953 1.59
419 118253 1.57
420 118553 1.57
421 118853 1.57
422 119147 1.57
423 119421 1.56
424 119721 1.55
425 120021 1.55
426 120287 1.57
427 120587 1.57
428 120885 1.57
429 121185 1.55
430 121360 1.57
431 121487 1.55
432 121624 1.53
433 121924 1.51
434 122224 1.5
435 122524 1.5
436 122824 1.52
437 123124 1.52
438 123424 1.52
439 123680 1.54
440 123980 1.52
441 124280 1.54
442 124580 1.53
443 124880 1.55
444 125180 1.56
445 125480 1.56
446 125780 1.56
447 126080 1.58
448 126380 1.6
449 126680 1.62
450 126980 1.62
451 127280 1.62
452 127580 1.62
453 127710 1.62
454 127873 1.6
455 128173 1.58
456 128473 1.58
457 128773 1.6
458 128895 1.59
459 129195 1.57
460 129495 1.59
461 129795 1.59
462 130095 1.61
463 130395 1.61
464 130695 1.61
465 130890 1.61
466 131190 1.59
467 131490 1.59
468 131790 1.59
469 131937 1.59
470 132237 1.59
471 132537 1.61
472 132837 1.61
473 133137 1.61
474 133437 1.6300000000000001
475 133737 1.6500000000000001
476 134037 1.65
477 134337 1.65
478 134637 1.6500000000000001
479 134937 1.6600000000000001
480 135237 1.6600000000000001
481 135537 1.6600000000000001
482 135837 1.6600000000000001
483 136137 1.6600000000000001
484 136437 1.66
485 136605 1.6600000000000001
486 136905 1.6400000000000001
487 137205 1.63
488 137466 1.63
489 137766 1.6300000000000001
490 137912 1.6500000000000001
491 138055 1.6500000000000001
492 138239 1.6300000000000001
493 138539 1.6300000000000001
494 138839 1.62
495 139139 1.62
496 139439 1.6400000000000001
497 139739 1.6300000000000001
498 140039 1.6500000000000001
499 140339 1.6500000000000001
500 140639 1.6700000000000002
501 140859 1.6700000000000002
502 141113 1.6500000000000001
503 141413 1.6300000000000001
504 141713 1.6500000000000001
505 141908 1.6500000000000001
506 142063 1.6300000000000001
507 142196 1.61
508 142496 1.59
509 142796 1.59
510 143096 1.61
511 143396 1.61
512 143696 1.61
513 143996 1.61
514 144279 1.62
515 144579 1.6
516 144879 1.6
517 145120 1.62
518 145420 1.6
519 145720 1.62
520 146020 1.62
521 146320 1.62
522 146620 1.62
523 146920 1.6300000000000001
524 147220 1.62
525 147406 1.62
526 147637 1.6
527 147937 1.58
528 148237 1.58
529 148421 1.6
530 148721 1.58
531 149021 1.58
532 149321 1.6
533 149621 1.62
534 149921 1.6400000000000001
535 150059 1.6400000000000001
536 150359 1.6400000000000001
537 150659 1.6400000000000001
538 150816 1.6400000000000001
539 151116 1.6400000000000001
540 151316 1.6400000000000001
541 151616 1.6400000000000001
542 151759 1.6600000000000001
543 151940 1.6400000000000001
544 152240 1.6400000000000001
545 152540 1.6600000000000001
546 152743 1.6600000000000001
547 153007 1.6500000000000001
548 153167 1.6300000000000001
549 153467 1.61
550 153767 1.6300000000000001
551 154067 1.6500000000000001
552 154367 1.6700000000000002
553 154667 1.6700000000000002
554 154967 1.6700000000000002
555 155267 1.6900000000000002
556 155520 1.7000000000000002
557 155820 1.7000000000000002
558 156120 1.7000000000000002
559 156366 1.7
560 156666 1.7000000000000002
561 156796 1.7000000000000002
562 157096 1.6800000000000002
563 157396 1.6800000000000002
564 157696 1.6800000000000002
565 157996 1.7000000000000002
566 158296 1.7200000000000002
567 158596 1.7200000000000002
568 158896 1.7200000000000002
569 159142 1.7400000000000002
570 159344 1.7400000000000002
571 159644 1.7200000000000002
572 159944 1.7200000000000002
573 160134 1.7200000000000002
574 160296 1.7000000000000002
575 160596 1.6800000000000002
576 160896 1.6800000000000002
577 161196 1.6800000000000002
578 161457 1.6800000000000002
579 161757 1.6800000000000002
580 162057 1.6800000000000002
581 162357 1.7000000000000002
582 162657 1.7000000000000002
583 162957 1.7100000000000002
584 163257 1.7300000000000002
585 163557 1.7300000000000002
586 163857 1.7500000000000002
587 164157 1.77
588 164322 1.7700000000000002
589 164561 1.7500000000000002
590 164735 1.73
591 165035 1.71
592 165172 1.7100000000000002
593 165472 1.7100000000000002
594 165772 1.7400000000000002
595 165899 1.7400000000000002
596 166199 1.7200000000000002
597 166459 1.7400000000000002
598 166759 1.7400000000000002
599 166985 1.7600000000000002
600 167285 1.7400000000000002
601 167585 1.7600000000000002
602 167885 1.7600000000000002
603 168107 1.7600000000000002
604 168407 1.7600000000000002
605 168707 1.76
606 169007 1.76
607 169307 1.7800000000000002
608 169607 1.7800000000000002
609 169796 1.8
610 170096 1.78
611 170396 1.8
612 170696 1.82
613 170996 1.82
614 171296 1.81
615 171596 1.81
616 171754 1.83
617 172054 1.81
618 172244 1.81
619 172544 1.81
620 172844 1.83
621 173144 1.85
622 173267 1.85
623 173567 1.83
624 173867 1.83
625 174167 1.85
626 174467 1.87
627 174767 1.87
628 174981 1.87
629 175281 1.85
630 175581 1.8499999999999999
631 175679 1.8499999999999999
632 175801 1.85
633 175945 1.83
634 176245 1.8099999999999998
635 176412 1.8099999999999998
636 176712 1.81
637 177012 1.82
638 177129 1.8199999999999998
639 177429 1.8199999999999998
640 177695 1.82
641 177980 1.8199999999999998
642 178280 1.8199999999999998
643 178476 1.8399999999999999
644 178717 1.84
645 179017 1.82
646 179317 1.8199999999999998
647 179617 1.83
648 179917 1.83
649 180098 1.85
650 180355 1.83
651 180643 1.83
652 180943 1.81
653 181243 1.82
654 181430 1.82
655 181730 1.8
656 181925 1.8099999999999998
657 182225 1.81
658 182525 1.81
659 182733 1.81
660 183033 1.8
661 183333 1.8
662 183633 1.82
663 183933 1.82
664 184042 1.8199999999999998
665 184314 1.8199999999999998
666 184614 1.8
667 184914 1.8
668 185135 1.8
669 185386 1.8
670 185686 1.78
671 185986 1.8
672 186286 1.82
673 186586 1.82
674 186886 1.84
675 187186 1.85
676 187486 1.85
677 187786 1.85
678 188022 1.85
679 188322 1.85
680 188556 1.87
681 188856 1.85
682 189156 1.87
683 189425 1.8800000000000001
684 189725 1.8599999999999999
685 189922 1.88
686 190152 1.86
687 190452 1.86
688 190752 1.8800000000000001
689 191052 1.9000000000000001
690 191352 1.9200000000000002
691 191652 1.9400000000000002
692 191884 1.94
693 192129 1.92
694 192429 1.9200000000000002
695 192729 1.9400000000000002
696 192939 1.94
697 193145 1.93
698 193327 1.93
699 193627 1.9300000000000002
700 193797 1.9300000000000002
701 194097 1.9300000000000002
702 194397 1.9300000000000002
703 194596 1.93
704 194896 1.93
705 195196 1.93
706 195434 1.95
707 195734 1.93
708 195839 1.9300000000000002
709 196139 1.9300000000000002
710 196310 1.9500000000000002
711 196472 1.9500000000000002
712 196772 1.9500000000000002
713 197072 1.95
714 197372 1.97
715 197583 1.99
716 197883 1.9900000000000002
717 198183 2.0100000000000002
718 198472 2.01
719 198732 1.99
720 198870 1.99
721 199170 1.99
722 199470 2.0100000000000002
723 199770 2.03
724 200058 2.03
725 200177 2.03
726 200477 2.03
727 200777 2.03
728 201077 2.0499999999999994
729 201377 2.0499999999999994
730 201677 2.0699999999999994
731 201804 2.0699999999999994
732 202104 2.0699999999999994
733 202404 2.0899999999999994
734 202704 2.089999999999999
735 202871 2.109999999999999
736 203171 2.109999999999999
737 203471 2.119999999999999
738 203689 2.1299999999999994
739 203989 2.1299999999999994
740 204085 2.1399999999999997
741 204237 2.13
742 204354 2.13
743 204529 2.13
744 204829 2.1299999999999994
745 205129 2.1299999999999994
746 205355 2.129999999999999
747 205655 2.109999999999999
748 205879 2.1099999999999994
749 206179 2.089999999999999
750 206378 2.109999999999999
751 206678 2.1099999999999994
752 206978 2.1299999999999994
753 207278 2.1299999999999994
754 207578 2.1299999999999994
755 207748 2.1299999999999994
756 208029 2.1299999999999994
757 208329 2.109999999999999
758 208629 2.129999999999999
759 208929 2.1399999999999992
760 209229 2.1499999999999995
761 209352 2.1499999999999995
762 209652 2.1499999999999995
763 209952 2.1499999999999995
764 210161 2.169999999999999
765 210461 2.1699999999999995
766 210761 2.1799999999999993
767 211061 2.1899999999999995
768 211322 2.21
769 211622 2.21
770 211869 2.2299999999999995
771 211969 2.209999999999999
772 212269 2.1899999999999995
773 212429 2.189999999999999
774 212729 2.169999999999999
775 213029 2.1799999999999993
776 213329 2.1799999999999993
777 213629 2.1799999999999993
778 213815 2.1999999999999993
779 214004 2.1799999999999993
780 214304 2.1699999999999995
781 214542 2.1899999999999995
782 214722 2.1899999999999995
783 215022 2.1899999999999995
784 215282 2.189999999999999
785 215582 2.189999999999999
786 215686 2.1999999999999997
787 215868 2.1999999999999997
788 216119 2.1999999999999993
789 216221 2.1999999999999993
790 216349 2.1999999999999993
791 216649 2.1999999999999993
792 216949 2.2199999999999993
793 217215 2.2399999999999993
794 217315 2.2399999999999993
795 217615 2.2399999999999993
796 217915 2.2599999999999993
797 218194 2.2499999999999996
798 218398 2.2499999999999996
799 218698 2.2499999999999996
800 218927 2.269999999999999
801 219227 2.2599999999999993
802 219527 2.2599999999999993
803 219760 2.26
804 220060 2.25
805 220229 2.2699999999999996
806 220529 2.2699999999999996
807 220829 2.2899999999999996
808 220950 2.2899999999999996
809 221105 2.28
810 221259 2.28
811 221558 2.28
812 221858 2.2599999999999993
813 222028 2.2799999999999994
814 222279 2.2699999999999996
815 222490 2.2499999999999996
816 222631 2.2499999999999996
817 222931 2.2499999999999996
818 223231 2.269999999999999
819 223516 2.289999999999999
820 223705 2.289999999999999
821 223965 2.289999999999999
822 224227 2.289999999999999
823 224527 2.289999999999999
824 224645 2.3099999999999996
825 224895 2.2899999999999996
826 225195 2.2899999999999996
827 225356 2.309999999999999
828 225656 2.309999999999999
829 225948 2.309999999999999
830 226248 2.289999999999999
831 226471 2.3099999999999996
832 226688 2.3099999999999996
833 226988 2.289999999999999
834 227272 2.289999999999999
835 227548 2.289999999999999
836 227694 2.269999999999999
837 227994 2.2699999999999996
838 228268 2.2599999999999993
839 228568 2.2399999999999993
840 228868 2.249999999999999
841 229079 2.2399999999999993
842 229308 2.2399999999999993
843 229441 2.2199999999999993
844 229741 2.2199999999999993
845 230041 2.2199999999999993
846 230341 2.2399999999999993
847 230641 2.2399999999999993
848 230941 2.259999999999999
849 231200 2.259999999999999
850 231391 2.2599999999999993
851 231536 2.2599999999999993
852 231836 2.2599999999999993
853 232136 2.269999999999999
854 232436 2.289999999999999
855 232607 2.2899999999999996
856 232907 2.289999999999999
857 233005 2.289999999999999
858 233305 2.289999999999999
859 233404 2.2999999999999994
860 233704 2.2999999999999994
861 233816 2.2999999999999994
862 234116 2.2799999999999994
863 234314 2.2799999999999994
864 234578 2.2799999999999994
865 234878 2.2799999999999994
866 235178 2.2899999999999996
867 235346 2.2899999999999996
868 235459 2.2899999999999996
869 235568 2.2899999999999996
870 235868 2.2899999999999996
871 236168 2.3099999999999996
872 236468 2.329999999999999
873 236768 2.349999999999999
874 237039 2.369999999999999
875 237339 2.349999999999999
876 237639 2.369999999999999
877 237849 2.369999999999999
878 238149 2.369999999999999
879 238449 2.3899999999999992
880 238568 2.379999999999999
881 238722 2.3699999999999997
882 238877 2.3499999999999996
883 239177 2.3499999999999996
884 239432 2.3699999999999997
885 239732 2.369999999999999
886 239892 2.379999999999999
887 240150 2.379999999999999
888 240294 2.379999999999999
889 240419 2.379999999999999
890 240604 2.3799999999999994
891 240821 2.3599999999999994
892 240987 2.3599999999999994
893 241277 2.3399999999999994
894 241563 2.3399999999999994
895 241790 2.3199999999999994
896 242090 2.3199999999999994
897 242310 2.3399999999999994
898 242498 2.3399999999999994
899 242710 2.3399999999999994
900 243010 2.3399999999999994
901 243310 2.3499999999999996
902 243610 2.349999999999999
903 243910 2.3699999999999997
904 244149 2.3699999999999997
905 244252 2.369999999999999
906 244362 2.369999999999999
907 244662 2.369999999999999
908 244962 2.3899999999999997
909 245138 2.3999999999999995
910 245253 2.3999999999999995
911 245553 2.3999999999999995
912 245679 2.419999999999999
913 245979 2.419999999999999
914 246279 2.4099999999999993
915 246472 2.4299999999999993
916 246669 2.4099999999999993
917 246854 2.3899999999999992
918 247047 2.3899999999999992
919 247296 2.3899999999999992
920 247500 2.3899999999999992
921 247604 2.3899999999999992
922 247902 2.369999999999999
923 248031 2.349999999999999
924 248331 2.349999999999999
925 248455 2.369999999999999
926 248578 2.369999999999999
927 248699 2.369999999999999
928 248999 2.369999999999999
929 249299 2.3899999999999992
930 249511 2.4099999999999993
931 249673 2.4099999999999993
932 249973 2.3899999999999992
933 250273 2.4099999999999993
934 250424 2.4099999999999993
935 250724 2.4099999999999993
936 251020 2.4199999999999995
937 251320 2.4199999999999995
938 251620 2.4399999999999995
939 251861 2.4399999999999995
940 252161 2.439999999999999
941 252304 2.4599999999999995
942 252604 2.4399999999999995
943 252799 2.4599999999999995
944 253099 2.4599999999999995
945 253211 2.4799999999999995
946 253511 2.4799999999999995
947 253668 2.4999999999999996
948 253968 2.4999999999999996
949 254138 2.5199999999999996
950 254198 2.5199999999999996
951 254497 2.5199999999999996
952 254627 2.5199999999999996
953 254759 2.4999999999999996
954 255059 2.4799999999999995
955 255248 2.479999999999999
956 255548 2.479999999999999
957 255807 2.499999999999999
958 255920 2.4999999999999996
959 256134 2.4999999999999996
960 256434 2.4999999999999996
961 256734 2.5199999999999996
962 257034 2.5399999999999996
963 257142 2.5599999999999996
964 257390 2.5599999999999996
965 257639 2.5599999999999996
966 257939 2.5399999999999996
967 258139 2.5499999999999994
968 258300 2.5499999999999994
969 258579 2.5499999999999994
970 258875 2.5299999999999994
971 258972 2.5199999999999996
972 259132 2.5199999999999996
973 259372 2.5199999999999996
974 259672 2.5199999999999996
975 259776 2.539999999999999
976 260076 2.539999999999999
977 260232 2.559999999999999
978 260502 2.5599999999999987
979 260802 2.559999999999999
980 261102 2.579999999999999
981 261402 2.569999999999999
982 261540 2.5899999999999994
983 261675 2.5899999999999994
984 261917 2.5899999999999994
985 262097 2.5899999999999994
986 262232 2.589999999999999
987 262514 2.589999999999999
988 262675 2.589999999999999
989 262816 2.589999999999999
990 263116 2.589999999999999
991 263246 2.6099999999999994
992 263546 2.5899999999999994
993 263783 2.609999999999999
994 264083 2.609999999999999
995 264300 2.6099999999999994
996 264462 2.5899999999999994
997 264562 2.589999999999999
998 264661 2.589999999999999
999 264764 2.5899999999999994
1000 264961 2.5899999999999994
1001 265261 2.5899999999999994
1002 265442 2.6099999999999994
1003 265742 2.6099999999999994
1004 265898 2.619999999999999
1005 266141 2.619999999999999
1006 266258 2.599999999999999
1007 266456 2.599999999999999
1008 266650 2.599999999999999
1009 266817 2.599999999999999
1010 267028 2.5999999999999996
1011 267182 2.5799999999999996
1012 267286 2.5799999999999996
1013 267586 2.5799999999999996
1014 267834 2.599999999999999
1015 268134 2.579999999999999
1016 268434 2.579999999999999
1017 268509 2.5999999999999996
1018 268618 2.579999999999999
1019 268708 2.579999999999999
1020 268914 2.5799999999999996
1021 269214 2.5799999999999996
1022 269514 2.599999999999999
1023 269711 2.619999999999999
1024 269969 2.619999999999999
1025 270100 2.619999999999999
1026 270313 2.619999999999999
1027 270499 2.619999999999999
1028 270695 2.619999999999999
1029 270839 2.619999999999999
1030 270975 2.619999999999999
1031 271275 2.599999999999999
1032 271513 2.619999999999999
1033 271813 2.619999999999999
1034 271907 2.6399999999999992
1035 272207 2.6399999999999992
1036 272393 2.6299999999999994
1037 272494 2.6299999999999994
1038 272794 2.6299999999999994
1039 272945 2.649999999999999
1040 273048 2.6499999999999995
1041 273348 2.6499999999999995
1042 273536 2.669999999999999
1043 273667 2.669999999999999
1044 273855 2.669999999999999
1045 274039 2.669999999999999
1046 274234 2.669999999999999
1047 274360 2.649999999999999
1048 274459 2.649999999999999
1049 274600 2.649999999999999
1050 274740 2.649999999999999
1051 274908 2.649999999999999
1052 275208 2.629999999999999
1053 275508 2.649999999999999
1054 275808 2.6499999999999995
1055 275949 2.669999999999999
1056 276193 2.669999999999999
1057 276429 2.669999999999999
1058 276557 2.669999999999999
1059 276762 2.669999999999999
1060 276856 2.6599999999999993
1061 277093 2.6599999999999993
1062 277241 2.6599999999999997
1063 277389 2.6599999999999993
1064 277543 2.6599999999999993
1065 277843 2.6599999999999993
1066 277996 2.6799999999999993
1067 278077 2.6799999999999993
1068 278201 2.6799999999999993
1069 278501 2.6799999999999993
1070 278801 2.6799999999999993
1071 278956 2.689999999999999
1072 279126 2.689999999999999
1073 279233 2.689999999999999
1074 279500 2.689999999999999
1075 279687 2.689999999999999
1076 279873 2.689999999999999
1077 280162 2.6899999999999995
1078 280374 2.6899999999999995
1079 280617 2.689999999999999
1080 280917 2.689999999999999
1081 281111 2.709999999999999
1082 281312 2.709999999999999
1083 281544 2.6999999999999993
1084 281660 2.6999999999999993
1085 281830 2.6799999999999993
1086 281966 2.6799999999999993
1087 282163 2.6799999999999993
1088 282271 2.6599999999999993
1089 282365 2.659999999999999
1090 282531 2.659999999999999
1091 282831 2.6599999999999993
1092 283092 2.6799999999999993
1093 283324 2.6799999999999993
1094 283624 2.6599999999999993
1095 283924 2.6799999999999993
1096 284082 2.679999999999999
1097 284327 2.679999999999999
1098 284446 2.6599999999999993
1099 284584 2.6599999999999993
1100 284853 2.659999999999999
1101 285109 2.659999999999999
1102 285207 2.6599999999999993
1103 285316 2.6599999999999993
1104 285524 2.6599999999999993
1105 285824 2.6599999999999993
1106 285995 2.659999999999999
1107 286120 2.639999999999999
1108 286298 2.639999999999999
1109 286499 2.629999999999999
1110 286799 2.6299999999999994
1111 287087 2.6499999999999995
1112 287270 2.6299999999999994
1113 287391 2.609999999999999
1114 287691 2.609999999999999
1115 287991 2.609999999999999
1116 288189 2.629999999999999
1117 288489 2.6299999999999994
1118 288712 2.649999999999999
1119 288874 2.6499999999999995
1120 289009 2.6499999999999995
1121 289172 2.6499999999999995
1122 289321 2.6499999999999995
1123 289424 2.649999999999999
1124 289718 2.6499999999999995
1125 289960 2.6499999999999995
1126 290046 2.6499999999999995
1127 290207 2.6499999999999995
1128 290364 2.6499999999999995
1129 290465 2.6499999999999995
1130 290765 2.6499999999999995
1131 290963 2.669999999999999
1132 291191 2.669999999999999
1133 291351 2.669999999999999
1134 291620 2.669999999999999
1135 291920 2.669999999999999
1136 292006 2.669999999999999
1137 292226 2.669999999999999
1138 292370 2.669999999999999
1139 292654 2.669999999999999
1140 292785 2.669999999999999
1141 293010 2.669999999999999
1142 293243 2.669999999999999
1143 293447 2.669999999999999
1144 293610 2.669999999999999
1145 293885 2.669999999999999
1146 294185 2.669999999999999
1147 294290 2.6899999999999995
1148 294439 2.6799999999999993
1149 294667 2.6799999999999993
1150 294781 2.6799999999999993
1151 295081 2.6799999999999993
1152 295252 2.6999999999999993
1153 295552 2.6799999999999993
1154 295665 2.699999999999999
1155 295795 2.699999999999999
1156 296019 2.699999999999999
1157 296183 2.6999999999999993
1158 296422 2.6999999999999993
1159 296722 2.6999999999999993
1160 296861 2.709999999999999
1161 297156 2.6999999999999993
1162 297290 2.6999999999999993
1163 297406 2.6999999999999993
1164 297610 2.6999999999999993
1165 297744 2.6999999999999993
1166 298043 2.6999999999999993
1167 298203 2.6999999999999993
1168 298352 2.6999999999999993
1169 298652 2.6999999999999993
1170 298872 2.7199999999999993
1171 298984 2.7199999999999993
1172 299237 2.7199999999999993
1173 299430 2.7199999999999993
1174 299712 2.7199999999999993
1175 299926 2.7199999999999993
1176 300171 2.6999999999999993
1177 300340 2.6999999999999993
1178 300578 2.6899999999999995
1179 300718 2.6899999999999995
1180 300829 2.6899999999999995
1181 300943 2.6899999999999995
1182 301243 2.6899999999999995
1183 301407 2.6999999999999993
1184 301707 2.6999999999999993
1185 301825 2.719999999999999
1186 301923 2.699999999999999
1187 302223 2.699999999999999
1188 302459 2.719999999999999
1189 302567 2.719999999999999
1190 302831 2.719999999999999
1191 303082 2.719999999999999
1192 303271 2.719999999999999
1193 303571 2.719999999999999
1194 303805 2.7399999999999993
1195 304105 2.7399999999999993
1196 304364 2.759999999999999
1197 304664 2.759999999999999
1198 304749 2.779999999999999
1199 304895 2.779999999999999
1200 305092 2.779999999999999
1201 305317 2.779999999999999
1202 305424 2.779999999999999
1203 305619 2.779999999999999
1204 305738 2.779999999999999
1205 306038 2.779999999999999
1206 306338 2.799999999999999
1207 306439 2.819999999999999
1208 306739 2.819999999999999
1209 306891 2.829999999999999
1210 307058 2.829999999999999
1211 307358 2.829999999999999
1212 307658 2.829999999999999
1213 307871 2.849999999999999
1214 308171 2.849999999999999
1215 308258 2.8699999999999988
1216 308533 2.869999999999999
1217 308686 2.869999999999999
1218 308891 2.869999999999999
1219 309024 2.869999999999999
1220 309164 2.869999999999999
1221 309289 2.869999999999999
1222 309383 2.869999999999999
1223 309488 2.869999999999999
1224 309666 2.869999999999999
1225 309753 2.849999999999999
1226 310011 2.849999999999999
1227 310151 2.849999999999999
1228 310292 2.849999999999999
1229 310419 2.8499999999999988
1230 310494 2.8499999999999988
1231 310596 2.8499999999999988
1232 310814 2.8499999999999988
1233 311009 2.8499999999999988
1234 311181 2.8499999999999988
1235 311481 2.8499999999999988
1236 311578 2.8599999999999994
1237 311690 2.8499999999999996
1238 311804 2.8499999999999996
1239 311893 2.8499999999999996
1240 312030 2.849999999999999
1241 312160 2.8499999999999988
1242 312265 2.8499999999999988
1243 312531 2.8299999999999987
1244 312646 2.8299999999999987
1245 312895 2.8299999999999987
1246 313028 2.8299999999999987
1247 313328 2.829999999999999
1248 313482 2.839999999999999
1249 313573 2.839999999999999
1250 313673 2.819999999999999
1251 313794 2.799999999999999
1252 314094 2.799999999999999
1253 314195 2.819999999999999
1254 314355 2.819999999999999
1255 314439 2.819999999999999
1256 314523 2.799999999999999
1257 314610 2.799999999999999
1258 314902 2.799999999999999
1259 315060 2.799999999999999
1260 315360 2.799999999999999
1261 315555 2.8099999999999987
1262 315768 2.8099999999999987
1263 315929 2.8099999999999987
1264 316056 2.8099999999999987
1265 316160 2.8099999999999987
1266 316308 2.8099999999999987
1267 316388 2.8099999999999987
1268 316470 2.8099999999999987
1269 316625 2.7899999999999987
1270 316746 2.7699999999999987
1271 316961 2.7699999999999987
1272 317155 2.769999999999999
1273 317310 2.769999999999999
1274 317456 2.7699999999999996
1275 317756 2.769999999999999
1276 317879 2.7799999999999994
1277 318179 2.7799999999999994
1278 318277 2.789999999999999
1279 318446 2.769999999999999
1280 318596 2.769999999999999
1281 318752 2.769999999999999
1282 318849 2.769999999999999
1283 318946 2.7699999999999987
1284 319027 2.769999999999999
1285 319327 2.7699999999999996
1286 319423 2.789999999999999
1287 319534 2.789999999999999
1288 319655 2.789999999999999
1289 319828 2.789999999999999
1290 320013 2.789999999999999
1291 320095 2.789999999999999
1292 320240 2.789999999999999
1293 320367 2.7799999999999994
1294 320482 2.7799999999999994
1295 320606 2.7799999999999994
1296 320669 2.7799999999999994
1297 320756 2.759999999999999
1298 320905 2.759999999999999
1299 321176 2.759999999999999
1300 321344 2.739999999999999
1301 321471 2.739999999999999
1302 321589 2.739999999999999
1303 321822 2.739999999999999
1304 321920 2.7399999999999993
1305 322127 2.7199999999999993
1306 322248 2.719999999999999
1307 322359 2.719999999999999
1308 322463 2.7199999999999993
1309 322575 2.719999999999999
1310 322713 2.719999999999999
1311 323013 2.719999999999999
1312 323105 2.739999999999999
1313 323284 2.719999999999999
1314 323389 2.719999999999999
1315 323591 2.719999999999999
1316 323683 2.7199999999999993
1317 323785 2.7199999999999993
1318 323902 2.719999999999999
1319 324042 2.719999999999999
1320 324120 2.699999999999999
1321 324415 2.699999999999999
1322 324528 2.679999999999999
1323 324702 2.6699999999999995
1324 325002 2.6699999999999995
1325 325091 2.6899999999999995
1326 325196 2.6899999999999995
1327 325326 2.6799999999999997
1328 325510 2.6799999999999997
1329 325646 2.6799999999999997
1330 325751 2.6799999999999993
1331 325849 2.6799999999999993
1332 325953 2.67
1333 326141 2.6699999999999995
1334 326254 2.6699999999999995
1335 326554 2.6699999999999995
1336 326854 2.6799999999999993
1337 327097 2.6899999999999995
1338 327241 2.669999999999999
1339 327382 2.669999999999999
1340 327582 2.6499999999999995
1341 327765 2.6499999999999995
1342 328065 2.649999999999999
1343 328181 2.6699999999999995
1344 328264 2.6599999999999993
1345 328363 2.6599999999999993
1346 328585 2.6599999999999993
1347 328882 2.6599999999999993
1348 328974 2.6599999999999993
1349 329274 2.6599999999999993
1350 329574 2.6799999999999993
1351 329739 2.6999999999999993
1352 329846 2.6799999999999993
1353 329989 2.6799999999999993
1354 330091 2.6799999999999993
1355 330391 2.6799999999999993
1356 330592 2.6999999999999993
1357 330703 2.6999999999999993
1358 330944 2.6999999999999993
1359 331081 2.6999999999999993
1360 331327 2.6799999999999993
1361 331454 2.6799999999999993
1362 331586 2.6799999999999993
1363 331787 2.6799999999999993
1364 332038 2.6799999999999993
1365 332141 2.6799999999999993
1366 332289 2.6799999999999993
1367 332406 2.6799999999999993
1368 332706 2.6799999999999993
1369 333006 2.6799999999999993
1370 333230 2.6999999999999993
1371 333347 2.6999999999999993
1372 333587 2.679999999999999
1373 333704 2.6799999999999993
1374 333813 2.6799999999999993
1375 334113 2.6799999999999993
1376 334266 2.689999999999999
1377 334347 2.669999999999999
1378 334647 2.669999999999999
1379 334862 2.689999999999999
1380 335063 2.689999999999999
1381 335226 2.669999999999999
1382 335434 2.669999999999999
1383 335548 2.649999999999999
1384 335687 2.649999999999999
1385 335948 2.629999999999999
1386 336040 2.629999999999999
1387 336174 2.629999999999999
1388 336292 2.629999999999999
1389 336451 2.629999999999999
1390 336716 2.629999999999999
1391 336806 2.629999999999999
1392 337106 2.629999999999999
1393 337168 2.6399999999999992
1394 337341 2.639999999999999
1395 337460 2.6199999999999988
1396 337760 2.5999999999999988
1397 337926 2.619999999999999
1398 338016 2.599999999999999
1399 338316 2.599999999999999
1400 338394 2.6199999999999997
1401 338460 2.6199999999999997
1402 338633 2.6099999999999994
1403 338744 2.6099999999999994
1404 339044 2.61
1405 339219 2.63
1406 339294 2.629999999999999
1407 339379 2.609999999999999
1408 339513 2.609999999999999
1409 339665 2.609999999999999
1410 339774 2.609999999999999
1411 339950 2.6099999999999994
1412 340250 2.6099999999999994
1413 340370 2.6299999999999994
1414 340466 2.629999999999999
1415 340599 2.629999999999999
1416 340820 2.629999999999999
1417 340940 2.629999999999999
1418 341049 2.629999999999999
1419 341349 2.629999999999999
1420 341453 2.6499999999999995
1421 341753 2.6499999999999995
1422 342053 2.669999999999999
1423 342265 2.6799999999999993
1424 342440 2.6799999999999993
1425 342579 2.6799999999999993
1426 342879 2.6799999999999993
1427 342969 2.689999999999999
1428 343144 2.669999999999999
1429 343312 2.669999999999999
1430 343428 2.669999999999999
1431 343728 2.669999999999999
1432 343862 2.679999999999999
1433 343994 2.679999999999999
1434 344139 2.6799999999999993
1435 344242 2.6799999999999993
1436 344345 2.679999999999999
1437 344645 2.6799999999999993
1438 344745 2.6899999999999995
1439 345045 2.6899999999999995
1440 345311 2.709999999999999
1441 345419 2.709999999999999
1442 345518 2.709999999999999
1443 345818 2.689999999999999
1444 345966 2.699999999999999
1445 346053 2.699999999999999
1446 346299 2.6999999999999993
1447 346564 2.6999999999999993
1448 346675 2.6999999999999993
1449 346884 2.6999999999999993
1450 347142 2.6999999999999993
1451 347442 2.6999999999999993
1452 347546 2.719999999999999
1453 347815 2.719999999999999
1454 348034 2.719999999999999
1455 348182 2.719999999999999
1456 348306 2.719999999999999
1457 348603 2.7199999999999993
1458 348731 2.7199999999999993
1459 349031 2.719999999999999
1460 349195 2.7399999999999993
1461 349449 2.7199999999999993
1462 349532 2.7199999999999993
1463 349667 2.7199999999999993
1464 349737 2.7199999999999993
1465 349898 2.7199999999999993
1466 350096 2.7199999999999993
1467 350188 2.719999999999999
1468 350488 2.719999999999999
1469 350602 2.7299999999999995
1470 350809 2.7299999999999995
1471 351109 2.7299999999999995
1472 351216 2.749999999999999
1473 351425 2.749999999999999
1474 351584 2.749999999999999
1475 351686 2.749999999999999
1476 351986 2.749999999999999
1477 352172 2.769999999999999
1478 352378 2.769999999999999
1479 352479 2.769999999999999
1480 352779 2.769999999999999
1481 352911 2.789999999999999
1482 353211 2.789999999999999
1483 353497 2.8099999999999987
1484 353797 2.8099999999999987
1485 353897 2.829999999999999
1486 354030 2.829999999999999
1487 354213 2.829999999999999
1488 354334 2.829999999999999
1489 354549 2.829999999999999
1490 354693 2.829999999999999
1491 354802 2.829999999999999
1492 354948 2.829999999999999
1493 355215 2.829999999999999
1494 355515 2.829999999999999
1495 355815 2.8499999999999988
1496 355890 2.869999999999999
1497 356190 2.869999999999999
1498 356398 2.889999999999999
1499 356627 2.889999999999999
1500 356787 2.889999999999999
1501 357087 2.889999999999999
1502 357350 2.879999999999999
1503 357449 2.879999999999999
1504 357630 2.879999999999999
1505 357850 2.879999999999999
1506 358150 2.879999999999999
1507 358449 2.899999999999999
1508 358664 2.899999999999999
1509 358788 2.899999999999999
1510 358858 2.899999999999999
1511 358953 2.899999999999999
1512 359064 2.899999999999999
1513 359257 2.899999999999999
1514 359554 2.899999999999999
1515 359736 2.899999999999999
1516 359855 2.899999999999999
1517 360052 2.899999999999999
1518 360309 2.879999999999999
1519 360408 2.879999999999999
1520 360633 2.879999999999999
1521 360752 2.879999999999999
1522 360859 2.879999999999999
1523 361082 2.879999999999999
1524 361215 2.879999999999999
1525 361323 2.879999999999999
1526 361431 2.879999999999999
1527 361731 2.879999999999999
1528 361879 2.899999999999999
1529 361977 2.899999999999999
1530 362275 2.899999999999999
1531 362397 2.899999999999999
1532 362557 2.899999999999999
1533 362653 2.899999999999999
1534 362774 2.899999999999999
1535 362906 2.899999999999999
1536 363195 2.899999999999999
1537 363495 2.899999999999999
1538 363604 2.9099999999999993
1539 363716 2.9099999999999993
1540 363791 2.9099999999999993
1541 364014 2.9099999999999993
1542 364314 2.9099999999999993
1543 364416 2.929999999999999
1544 364613 2.929999999999999
1545 364832 2.929999999999999
1546 365006 2.929999999999999
1547 365149 2.929999999999999
1548 365226 2.929999999999999
1549 365374 2.929999999999999
1550 365461 2.929999999999999
1551 365612 2.929999999999999
1552 365698 2.929999999999999
1553 365852 2.929999999999999
1554 365971 2.929999999999999
1555 366141 2.929999999999999
1556 366227 2.929999999999999
1557 366337 2.929999999999999
1558 366416 2.929999999999999
1559 366611 2.929999999999999
1560 366911 2.929999999999999
1561 367122 2.9499999999999993
1562 367281 2.9499999999999993
1563 367456 2.9499999999999993
1564 367532 2.9499999999999993
1565 367747 2.9499999999999993
1566 367926 2.9499999999999993
1567 368140 2.9499999999999993
1568 368440 2.9499999999999993
1569 368578 2.959999999999999
1570 368705 2.939999999999999
1571 368789 2.919999999999999
1572 369008 2.899999999999999
1573 369186 2.899999999999999
1574 369298 2.899999999999999
1575 369366 2.899999999999999
1576 369430 2.899999999999999
1577 369699 2.899999999999999
1578 369820 2.899999999999999
1579 369934 2.899999999999999
1580 370056 2.899999999999999
1581 370156 2.899999999999999
1582 370404 2.899999999999999
1583 370609 2.8899999999999992
1584 370687 2.8899999999999992
1585 370895 2.8899999999999992
1586 371070 2.8899999999999992
1587 371175 2.889999999999999
1588 371284 2.889999999999999
1589 371385 2.889999999999999
1590 371681 2.889999999999999
1591 371803 2.889999999999999
1592 371915 2.889999999999999
1593 372101 2.879999999999999
1594 372220 2.879999999999999
1595 372378 2.879999999999999
1596 372573 2.879999999999999
1597 372688 2.879999999999999
1598 372771 2.879999999999999
1599 373031 2.879999999999999
1600 373188 2.879999999999999
1601 373488 2.879999999999999
1602 373594 2.899999999999999
1603 373810 2.899999999999999
1604 374001 2.899999999999999
1605 374138 2.899999999999999
1606 374232 2.899999999999999
1607 374350 2.899999999999999
1608 374426 2.899999999999999
1609 374526 2.899999999999999
1610 374674 2.899999999999999
1611 374929 2.899999999999999
1612 375078 2.899999999999999
1613 375165 2.899999999999999
1614 375261 2.899999999999999
1615 375366 2.899999999999999
1616 375558 2.899999999999999
1617 375858 2.899999999999999
1618 375941 2.919999999999999
1619 376075 2.919999999999999
1620 376201 2.919999999999999
1621 376300 2.919999999999999
1622 376440 2.919999999999999
1623 376534 2.919999999999999
1624 376690 2.919999999999999
1625 376943 2.919999999999999
1626 377027 2.919999999999999
1627 377180 2.919999999999999
1628 377306 2.919999999999999
1629 377428 2.919999999999999
1630 377557 2.919999999999999
1631 377648 2.919999999999999
1632 377743 2.919999999999999
1633 377849 2.919999999999999
1634 378102 2.919999999999999
1635 378320 2.919999999999999
1636 378396 2.919999999999999
1637 378474 2.899999999999999
1638 378763 2.899999999999999
1639 378863 2.899999999999999
1640 379144 2.899999999999999
1641 379284 2.899999999999999
1642 379475 2.899999999999999
1643 379614 2.879999999999999
1644 379851 2.879999999999999
1645 380142 2.879999999999999
1646 380340 2.879999999999999
1647 380515 2.879999999999999
1648 380719 2.879999999999999
1649 380804 2.879999999999999
1650 380995 2.879999999999999
1651 381212 2.879999999999999
1652 381366 2.879999999999999
1653 381465 2.879999999999999
1654 381605 2.879999999999999
1655 381762 2.879999999999999
1656 381825 2.879999999999999
1657 381920 2.879999999999999
1658 382027 2.879999999999999
1659 382166 2.879999999999999
1660 382324 2.879999999999999
1661 382419 2.879999999999999
1662 382509 2.879999999999999
1663 382592 2.879999999999999
1664 382700 2.879999999999999
1665 382775 2.879999999999999
1666 382951 2.879999999999999
1667 383133 2.879999999999999
1668 383263 2.879999999999999
1669 383563 2.879999999999999
1670 383863 2.899999999999999
1671 384163 2.919999999999999
1672 384332 2.939999999999999
1673 384423 2.939999999999999
1674 384496 2.939999999999999
1675 384573 2.939999999999999
1676 384739 2.939999999999999
1677 384953 2.939999999999999
1678 385033 2.939999999999999
1679 385115 2.939999999999999
1680 385266 2.939999999999999
1681 385368 2.939999999999999
1682 385668 2.939999999999999
1683 385786 2.9399999999999995
1684 385975 2.9399999999999995
