1 200 1.05
2 400 1.08
3 600 1.11
4 800 1.1300000000000001
5 1000 1.1600000000000001
6 1200 1.1800000000000002
7 1400 1.1900000000000002
8 1600 1.1900000000000002
9 1800 1.1900000000000002
10 2000 1.2200000000000002
11 2200 1.25
12 2400 1.25
13 2600 1.2500000000000002
14 2800 1.2500000000000002
15 3000 1.28
16 3200 1.3
17 3400 1.3300000000000003
18 3600 1.3600000000000003
19 3800 1.36
20 4000 1.3900000000000001
21 4200 1.37
22 4400 1.4000000000000001
23 4600 1.43
24 4800 1.4600000000000002
25 5000 1.4700000000000002
26 5200 1.4500000000000002
27 5400 1.4500000000000002
28 5600 1.48
29 5800 1.51
30 6000 1.54
31 6200 1.57
32 6400 1.6
33 6600 1.61
34 6800 1.62
35 7000 1.62
36 7200 1.6400000000000001
37 7400 1.6700000000000002
38 7600 1.7000000000000002
39 7800 1.7300000000000002
40 8000 1.7200000000000002
41 8200 1.7000000000000002
42 8400 1.71
43 8600 1.7200000000000002
44 8800 1.7500000000000002
45 9000 1.7600000000000002
46 9200 1.7600000000000002
47 9400 1.7800000000000002
48 9600 1.7900000000000003
49 9800 1.8000000000000003
50 10000 1.8100000000000003
51 10200 1.8300000000000003
52 10400 1.85
53 10600 1.85
54 10800 1.8800000000000001
55 11000 1.9000000000000004
56 11200 1.9100000000000001
57 11400 1.9000000000000004
58 11558 1.9300000000000004
59 11758 1.9300000000000002
60 11958 1.9300000000000002
61 12158 1.9400000000000002
62 12358 1.9400000000000002
63 12558 1.95
64 12686 1.9600000000000002
65 12845 1.9600000000000002
66 13045 1.9600000000000002
67 13245 1.9700000000000002
68 13445 1.98
69 13645 1.9600000000000002
70 13756 1.97
71 13880 1.97
72 14080 1.96
73 14245 1.97
74 14445 1.97
75 14645 1.9800000000000002
76 14769 1.9900000000000002
77 14900 1.9800000000000002
78 15041 1.9800000000000002
79 15241 1.9800000000000002
80 15441 2.0
81 15558 2.01
82 15758 2.0
83 15958 2.03
84 16075 2.0399999999999996
85 16232 2.0399999999999996
86 16347 2.0399999999999996
87 16462 2.0399999999999996
88 16662 2.0399999999999996
89 16859 2.0599999999999996
90 17059 2.0599999999999996
91 17259 2.0899999999999994
92 17459 2.119999999999999
93 17659 2.1499999999999995
94 17859 2.1799999999999993
95 18059 2.209999999999999
96 18219 2.2199999999999993
97 18419 2.2199999999999993
98 18619 2.2399999999999993
99 18819 2.2699999999999996
100 19019 2.2999999999999994
101 19158 2.3099999999999996
102 19265 2.3099999999999996
103 19465 2.309999999999999
104 19589 2.319999999999999
105 19789 2.3199999999999994
106 19989 2.329999999999999
107 20189 2.349999999999999
108 20389 2.379999999999999
109 20494 2.4099999999999993
110 20690 2.4099999999999993
111 20890 2.4099999999999993
112 21090 2.4399999999999995
113 21290 2.4399999999999995
114 21382 2.4399999999999995
115 21582 2.4399999999999995
116 21668 2.4399999999999995
117 21798 2.4399999999999995
118 21998 2.4299999999999997
119 22103 2.4399999999999995
120 22303 2.4399999999999995
121 22497 2.4699999999999993
122 22692 2.4699999999999993
123 22891 2.4599999999999995
124 23091 2.46
125 23291 2.4799999999999995
126 23491 2.5
127 23624 2.53
128 23730 2.53
129 23890 2.5299999999999994
130 24032 2.5299999999999994
131 24182 2.4999999999999996
132 24262 2.4999999999999996
133 24378 2.4999999999999996
134 24578 2.4999999999999996
135 24668 2.4999999999999996
136 24803 2.4999999999999996
137 24973 2.4999999999999996
138 25084 2.4699999999999998
139 25284 2.4699999999999993
140 25484 2.4999999999999996
141 25684 2.53
142 25798 2.549999999999999
143 25899 2.549999999999999
144 25973 2.549999999999999
145 26173 2.549999999999999
146 26280 2.5699999999999994
147 26438 2.5599999999999996
148 26550 2.5599999999999996
149 26678 2.5599999999999996
150 26878 2.5599999999999996
151 27078 2.569999999999999
152 27278 2.579999999999999
153 27387 2.6099999999999994
154 27474 2.6099999999999994
155 27557 2.6099999999999994
156 27757 2.5799999999999996
157 27883 2.59
158 27970 2.59
159 28170 2.58
160 28287 2.5999999999999996
161 28487 2.599999999999999
162 28632 2.6299999999999994
163 28785 2.6299999999999994
164 28930 2.6299999999999994
165 29077 2.6299999999999994
166 29191 2.6299999999999994
167 29325 2.6299999999999994
168 29525 2.6299999999999994
169 29689 2.6599999999999993
170 29844 2.6299999999999994
171 30044 2.6299999999999994
172 30166 2.619999999999999
173 30290 2.619999999999999
174 30476 2.5899999999999994
175 30643 2.5899999999999994
176 30843 2.5899999999999994
177 30935 2.579999999999999
178 31064 2.579999999999999
179 31264 2.57
180 31412 2.5799999999999996
181 31612 2.55
182 31761 2.5599999999999996
183 31961 2.559999999999999
184 32084 2.5699999999999994
185 32233 2.5699999999999994
186 32334 2.5499999999999994
187 32438 2.5499999999999994
188 32559 2.5499999999999994
189 32646 2.5499999999999994
190 32828 2.5499999999999994
191 33010 2.5499999999999994
192 33104 2.5499999999999994
193 33171 2.5499999999999994
194 33299 2.5499999999999994
195 33414 2.5499999999999994
196 33527 2.5499999999999994
197 33630 2.55
198 33714 2.53
199 33880 2.5299999999999994
200 33987 2.5299999999999994
201 34150 2.5299999999999994
202 34242 2.4999999999999996
203 34352 2.4999999999999996
204 34456 2.4699999999999998
205 34594 2.4699999999999998
206 34696 2.4699999999999998
207 34809 2.4699999999999993
208 34967 2.4699999999999993
209 35101 2.4699999999999993
210 35201 2.4699999999999993
211 35276 2.4699999999999993
212 35476 2.4699999999999993
213 35676 2.4999999999999996
214 35767 2.5299999999999994
215 35967 2.5299999999999994
216 36141 2.539999999999999
217 36341 2.539999999999999
218 36541 2.5199999999999996
219 36666 2.5399999999999996
220 36767 2.51
221 36890 2.51
222 37090 2.5099999999999993
223 37249 2.5199999999999996
224 37381 2.519999999999999
225 37581 2.519999999999999
226 37689 2.5299999999999994
227 37851 2.4999999999999996
228 37944 2.4999999999999996
229 38054 2.4999999999999996
230 38254 2.4999999999999996
231 38357 2.4999999999999996
232 38466 2.4999999999999996
233 38597 2.4999999999999996
234 38797 2.4699999999999998
235 38889 2.4999999999999996
236 39003 2.4999999999999996
237 39203 2.4999999999999996
238 39345 2.5299999999999994
239 39477 2.4999999999999996
240 39611 2.4699999999999998
241 39711 2.4699999999999998
242 39783 2.4699999999999998
243 39896 2.4699999999999998
244 39995 2.4399999999999995
245 40195 2.439999999999999
246 40395 2.4499999999999997
247 40495 2.4399999999999995
248 40636 2.4299999999999993
249 40784 2.4299999999999993
250 40837 2.4299999999999993
251 40959 2.4299999999999993
252 41127 2.4299999999999993
253 41274 2.4299999999999993
254 41382 2.4299999999999993
255 41582 2.3999999999999995
256 41782 2.4199999999999995
257 41930 2.3999999999999995
258 42130 2.3999999999999995
259 42266 2.4099999999999997
260 42427 2.4099999999999993
261 42543 2.4099999999999993
262 42669 2.4099999999999993
263 42775 2.4099999999999993
264 42900 2.3799999999999994
265 42984 2.3799999999999994
266 43123 2.3799999999999994
267 43264 2.3799999999999994
268 43363 2.379999999999999
269 43563 2.379999999999999
270 43677 2.4099999999999993
271 43877 2.4099999999999993
272 44001 2.399999999999999
273 44201 2.399999999999999
274 44360 2.4299999999999993
275 44500 2.4299999999999993
276 44700 2.4299999999999993
277 44794 2.4499999999999993
278 44994 2.4499999999999993
279 45142 2.459999999999999
280 45342 2.459999999999999
281 45451 2.4899999999999993
282 45641 2.4899999999999993
283 45841 2.4899999999999993
284 45939 2.499999999999999
285 46139 2.4899999999999993
286 46304 2.4799999999999995
287 46389 2.4799999999999995
288 46523 2.4799999999999995
289 46705 2.479999999999999
290 46838 2.479999999999999
291 46920 2.479999999999999
292 47066 2.479999999999999
293 47147 2.479999999999999
294 47226 2.479999999999999
295 47334 2.479999999999999
296 47417 2.479999999999999
297 47617 2.479999999999999
298 47746 2.499999999999999
299 47943 2.499999999999999
300 48096 2.499999999999999
301 48296 2.499999999999999
302 48434 2.529999999999999
303 48634 2.529999999999999
304 48769 2.559999999999999
305 48861 2.559999999999999
306 48992 2.5599999999999987
307 49125 2.549999999999999
308 49251 2.549999999999999
309 49346 2.549999999999999
310 49450 2.549999999999999
311 49546 2.549999999999999
312 49623 2.5499999999999994
313 49739 2.5499999999999994
314 49835 2.549999999999999
315 49982 2.549999999999999
316 50163 2.549999999999999
317 50363 2.549999999999999
318 50510 2.579999999999999
319 50710 2.579999999999999
320 50849 2.609999999999999
321 50929 2.609999999999999
322 51027 2.609999999999999
323 51114 2.609999999999999
324 51230 2.609999999999999
325 51320 2.609999999999999
326 51520 2.609999999999999
327 51652 2.639999999999999
328 51811 2.639999999999999
329 51945 2.639999999999999
330 52145 2.639999999999999
331 52266 2.669999999999999
332 52348 2.669999999999999
333 52548 2.669999999999999
334 52614 2.6999999999999993
335 52793 2.6999999999999993
336 52884 2.6999999999999993
337 52963 2.6999999999999993
338 53163 2.6999999999999993
339 53363 2.7299999999999986
340 53508 2.759999999999999
341 53634 2.729999999999999
342 53782 2.729999999999999
343 53982 2.729999999999999
344 54115 2.7599999999999993
345 54295 2.7599999999999993
346 54495 2.759999999999999
347 54695 2.769999999999999
348 54864 2.7799999999999994
349 55040 2.7799999999999994
350 55231 2.7499999999999996
351 55374 2.749999999999999
352 55516 2.749999999999999
353 55596 2.749999999999999
354 55796 2.7199999999999993
355 55996 2.749999999999999
356 56196 2.7599999999999993
357 56306 2.789999999999999
358 56435 2.7599999999999993
359 56508 2.7599999999999993
360 56707 2.7599999999999993
361 56786 2.7499999999999996
362 56882 2.749999999999999
363 57082 2.7399999999999993
364 57190 2.7699999999999996
365 57263 2.7699999999999996
366 57338 2.7699999999999996
367 57427 2.769999999999999
368 57502 2.769999999999999
369 57585 2.769999999999999
370 57692 2.7699999999999987
371 57892 2.7699999999999987
372 58070 2.799999999999999
373 58148 2.799999999999999
374 58248 2.799999999999999
375 58328 2.799999999999999
376 58462 2.799999999999999
377 58607 2.799999999999999
378 58718 2.799999999999999
379 58799 2.799999999999999
380 58893 2.799999999999999
381 59053 2.799999999999999
382 59239 2.769999999999999
383 59323 2.769999999999999
384 59523 2.769999999999999
385 59723 2.779999999999999
386 59911 2.8099999999999987
387 60016 2.8099999999999987
388 60123 2.8099999999999987
389 60202 2.8099999999999987
390 60281 2.779999999999999
391 60362 2.779999999999999
392 60508 2.779999999999999
393 60662 2.779999999999999
394 60777 2.779999999999999
395 60853 2.779999999999999
396 60942 2.749999999999999
397 61042 2.749999999999999
398 61176 2.749999999999999
399 61344 2.749999999999999
400 61483 2.749999999999999
401 61588 2.749999999999999
402 61694 2.749999999999999
403 61829 2.7199999999999993
404 62009 2.7199999999999993
405 62125 2.7199999999999993
406 62325 2.7199999999999993
407 62427 2.699999999999999
408 62594 2.699999999999999
409 62691 2.699999999999999
410 62771 2.699999999999999
411 62853 2.699999999999999
412 62943 2.669999999999999
413 63069 2.669999999999999
414 63182 2.669999999999999
415 63276 2.6399999999999992
416 63338 2.6399999999999992
417 63450 2.6099999999999994
418 63545 2.6099999999999994
419 63620 2.609999999999999
420 63719 2.609999999999999
421 63846 2.609999999999999
422 63930 2.609999999999999
423 64015 2.609999999999999
424 64106 2.609999999999999
425 64247 2.589999999999999
426 64363 2.589999999999999
427 64503 2.559999999999999
428 64611 2.559999999999999
429 64704 2.559999999999999
430 64852 2.559999999999999
431 64996 2.5299999999999994
432 65123 2.5299999999999994
433 65220 2.5299999999999994
434 65407 2.5299999999999994
435 65506 2.5299999999999994
436 65600 2.5299999999999994
437 65702 2.5299999999999994
438 65787 2.5299999999999994
439 65875 2.5299999999999994
440 66075 2.5299999999999994
441 66185 2.559999999999999
442 66303 2.5299999999999994
443 66392 2.5299999999999994
444 66486 2.4999999999999996
445 66554 2.4999999999999996
446 66754 2.499999999999999
447 66849 2.5099999999999993
448 66932 2.509999999999999
449 67132 2.479999999999999
450 67231 2.5099999999999993
451 67387 2.5099999999999993
452 67578 2.5099999999999993
453 67778 2.509999999999999
454 67863 2.539999999999999
455 67941 2.539999999999999
456 68009 2.539999999999999
457 68209 2.539999999999999
458 68394 2.569999999999999
459 68510 2.569999999999999
460 68710 2.569999999999999
461 68840 2.579999999999999
462 69040 2.579999999999999
463 69134 2.589999999999999
464 69231 2.589999999999999
465 69324 2.589999999999999
466 69425 2.589999999999999
467 69543 2.589999999999999
468 69676 2.589999999999999
469 69819 2.589999999999999
470 69891 2.589999999999999
471 69983 2.589999999999999
472 70101 2.569999999999999
473 70279 2.569999999999999
474 70344 2.569999999999999
475 70542 2.569999999999999
476 70633 2.569999999999999
477 70825 2.569999999999999
478 70944 2.569999999999999
479 71096 2.569999999999999
480 71173 2.5699999999999994
481 71373 2.5699999999999994
482 71510 2.599999999999999
483 71618 2.599999999999999
484 71736 2.599999999999999
485 71834 2.599999999999999
486 72005 2.599999999999999
487 72130 2.599999999999999
488 72271 2.599999999999999
489 72471 2.5699999999999994
490 72595 2.599999999999999
491 72788 2.599999999999999
492 72863 2.599999999999999
493 72965 2.5999999999999988
494 73069 2.5999999999999988
495 73269 2.5699999999999994
496 73365 2.5999999999999996
497 73521 2.599999999999999
498 73628 2.599999999999999
499 73704 2.599999999999999
500 73820 2.599999999999999
501 73907 2.599999999999999
502 74107 2.5999999999999988
503 74300 2.629999999999999
504 74476 2.6299999999999994
505 74601 2.629999999999999
506 74801 2.629999999999999
507 74882 2.6599999999999993
508 74996 2.6599999999999993
509 75088 2.6599999999999993
510 75206 2.6599999999999993
511 75406 2.6599999999999993
512 75522 2.689999999999999
513 75646 2.689999999999999
514 75846 2.689999999999999
515 76039 2.719999999999999
516 76239 2.719999999999999
517 76393 2.749999999999999
518 76550 2.749999999999999
519 76639 2.749999999999999
520 76736 2.749999999999999
521 76827 2.749999999999999
522 76942 2.749999999999999
523 77096 2.749999999999999
524 77296 2.749999999999999
525 77483 2.769999999999999
526 77683 2.769999999999999
527 77764 2.799999999999999
528 77828 2.799999999999999
529 77953 2.799999999999999
530 78153 2.799999999999999
531 78299 2.829999999999999
532 78449 2.829999999999999
533 78524 2.829999999999999
534 78620 2.829999999999999
535 78785 2.829999999999999
536 78959 2.829999999999999
537 79056 2.829999999999999
538 79185 2.829999999999999
539 79283 2.829999999999999
540 79375 2.829999999999999
541 79575 2.829999999999999
542 79705 2.859999999999999
543 79905 2.859999999999999
544 80047 2.889999999999999
545 80123 2.889999999999999
546 80235 2.889999999999999
547 80375 2.889999999999999
548 80575 2.889999999999999
549 80658 2.919999999999999
550 80776 2.919999999999999
551 80897 2.919999999999999
552 80980 2.919999999999999
553 81111 2.919999999999999
554 81210 2.919999999999999
555 81319 2.919999999999999
556 81423 2.919999999999999
557 81505 2.919999999999999
558 81603 2.919999999999999
559 81765 2.919999999999999
560 81855 2.919999999999999
561 81937 2.919999999999999
562 82038 2.919999999999999
563 82133 2.919999999999999
564 82253 2.919999999999999
565 82344 2.8899999999999992
566 82441 2.8899999999999992
567 82520 2.8899999999999992
568 82709 2.8899999999999992
569 82867 2.889999999999999
570 82952 2.889999999999999
571 83152 2.889999999999999
572 83267 2.9099999999999993
573 83403 2.9099999999999993
574 83525 2.9099999999999993
575 83680 2.9099999999999993
576 83763 2.9099999999999993
577 83890 2.9099999999999993
578 84009 2.9099999999999993
579 84105 2.9099999999999993
580 84185 2.9099999999999993
581 84264 2.9099999999999993
582 84347 2.9099999999999993
583 84451 2.9099999999999993
584 84572 2.9099999999999993
585 84768 2.9099999999999993
586 84940 2.9099999999999993
587 85100 2.9099999999999993
588 85300 2.9099999999999993
589 85384 2.939999999999999
590 85525 2.939999999999999
591 85601 2.939999999999999
592 85687 2.939999999999999
593 85778 2.939999999999999
594 85978 2.939999999999999
595 86096 2.969999999999999
596 86180 2.959999999999999
597 86339 2.959999999999999
598 86451 2.959999999999999
599 86532 2.959999999999999
600 86611 2.959999999999999
601 86700 2.959999999999999
602 86776 2.959999999999999
603 86845 2.959999999999999
604 86962 2.9299999999999993
605 87128 2.9299999999999993
606 87254 2.9299999999999993
607 87332 2.9299999999999993
608 87479 2.929999999999999
609 87538 2.929999999999999
610 87619 2.929999999999999
611 87678 2.929999999999999
612 87765 2.929999999999999
613 87825 2.899999999999999
614 87885 2.899999999999999
615 87969 2.899999999999999
616 88042 2.899999999999999
617 88116 2.899999999999999
618 88185 2.899999999999999
619 88269 2.899999999999999
620 88365 2.899999999999999
621 88433 2.899999999999999
622 88524 2.899999999999999
623 88615 2.899999999999999
624 88678 2.899999999999999
625 88799 2.899999999999999
626 88983 2.899999999999999
627 89047 2.899999999999999
628 89145 2.899999999999999
629 89208 2.899999999999999
630 89324 2.899999999999999
631 89411 2.899999999999999
632 89476 2.899999999999999
633 89570 2.899999999999999
634 89681 2.899999999999999
635 89773 2.899999999999999
636 89836 2.899999999999999
637 89923 2.899999999999999
638 89989 2.899999999999999
639 90087 2.899999999999999
640 90220 2.899999999999999
641 90302 2.869999999999999
642 90405 2.869999999999999
643 90546 2.869999999999999
644 90627 2.869999999999999
645 90754 2.869999999999999
646 90865 2.869999999999999
647 90931 2.869999999999999
648 91046 2.869999999999999
649 91129 2.869999999999999
650 91226 2.869999999999999
651 91380 2.869999999999999
652 91516 2.869999999999999
653 91631 2.869999999999999
654 91708 2.869999999999999
655 91811 2.869999999999999
656 91972 2.8599999999999994
657 92032 2.8599999999999994
658 92138 2.8599999999999994
659 92295 2.8599999999999994
660 92389 2.829999999999999
661 92499 2.829999999999999
662 92633 2.829999999999999
663 92728 2.829999999999999
664 92928 2.829999999999999
665 93047 2.859999999999999
666 93129 2.859999999999999
667 93184 2.859999999999999
668 93243 2.859999999999999
669 93336 2.859999999999999
670 93416 2.859999999999999
671 93512 2.859999999999999
672 93605 2.859999999999999
673 93682 2.859999999999999
674 93799 2.859999999999999
675 93893 2.859999999999999
676 93963 2.829999999999999
677 94055 2.829999999999999
678 94130 2.829999999999999
679 94240 2.829999999999999
680 94338 2.829999999999999
681 94437 2.829999999999999
682 94525 2.829999999999999
683 94681 2.829999999999999
684 94837 2.829999999999999
685 94933 2.829999999999999
686 95024 2.829999999999999
687 95161 2.829999999999999
688 95244 2.829999999999999
689 95329 2.829999999999999
690 95469 2.829999999999999
691 95537 2.829999999999999
692 95601 2.829999999999999
693 95693 2.829999999999999
694 95821 2.829999999999999
695 96021 2.829999999999999
696 96141 2.839999999999999
697 96226 2.839999999999999
698 96349 2.839999999999999
699 96473 2.839999999999999
700 96530 2.839999999999999
701 96639 2.839999999999999
702 96737 2.839999999999999
703 96937 2.839999999999999
704 97025 2.869999999999999
705 97074 2.869999999999999
706 97196 2.869999999999999
707 97258 2.869999999999999
708 97344 2.869999999999999
709 97434 2.869999999999999
710 97518 2.869999999999999
711 97595 2.869999999999999
712 97795 2.869999999999999
713 97973 2.899999999999999
714 98052 2.899999999999999
715 98175 2.899999999999999
716 98261 2.899999999999999
717 98340 2.899999999999999
718 98430 2.899999999999999
719 98503 2.899999999999999
720 98644 2.899999999999999
721 98715 2.899999999999999
722 98815 2.899999999999999
723 98892 2.899999999999999
724 98973 2.899999999999999
725 99031 2.899999999999999
726 99164 2.899999999999999
727 99224 2.899999999999999
728 99373 2.899999999999999
729 99462 2.899999999999999
730 99565 2.899999999999999
731 99692 2.899999999999999
732 99775 2.899999999999999
733 99851 2.899999999999999
734 99909 2.899999999999999
735 99996 2.899999999999999
736 100104 2.899999999999999
737 100270 2.899999999999999
738 100358 2.899999999999999
739 100495 2.899999999999999
740 100695 2.899999999999999
741 100778 2.929999999999999
742 100858 2.929999999999999
743 100938 2.929999999999999
744 101027 2.929999999999999
745 101108 2.929999999999999
746 101225 2.929999999999999
747 101388 2.929999999999999
748 101467 2.929999999999999
749 101575 2.929999999999999
750 101684 2.929999999999999
751 101768 2.929999999999999
752 101907 2.929999999999999
753 102029 2.929999999999999
754 102105 2.929999999999999
755 102305 2.929999999999999
756 102411 2.939999999999999
757 102507 2.939999999999999
758 102642 2.939999999999999
759 102842 2.939999999999999
760 103014 2.969999999999999
761 103122 2.969999999999999
762 103199 2.969999999999999
763 103357 2.969999999999999
764 103443 2.969999999999999
765 103517 2.969999999999999
766 103625 2.969999999999999
767 103701 2.969999999999999
768 103834 2.969999999999999
769 103924 2.969999999999999
770 104041 2.969999999999999
771 104181 2.969999999999999
772 104294 2.969999999999999
773 104388 2.969999999999999
774 104545 2.969999999999999
775 104745 2.969999999999999
776 104829 2.999999999999999
777 104974 2.999999999999999
778 105064 2.999999999999999
779 105144 2.999999999999999
780 105255 2.999999999999999
781 105335 2.999999999999999
782 105429 2.999999999999999
783 105498 2.999999999999999
784 105626 2.999999999999999
785 105706 2.999999999999999
786 105788 2.999999999999999
787 105876 2.999999999999999
788 105969 2.999999999999999
789 106036 2.999999999999999
790 106134 2.999999999999999
791 106319 2.999999999999999
792 106398 2.999999999999999
793 106526 2.999999999999999
794 106606 2.999999999999999
795 106708 2.999999999999999
796 106816 2.999999999999999
797 106918 2.999999999999999
798 107049 2.999999999999999
799 107165 2.999999999999999
800 107317 2.999999999999999
801 107395 2.999999999999999
802 107489 2.999999999999999
803 107548 2.999999999999999
804 107633 2.999999999999999
805 107755 2.999999999999999
806 107852 2.999999999999999
807 107937 2.9899999999999993
808 108046 2.9899999999999993
809 108194 2.9899999999999993
810 108254 2.9899999999999993
811 108344 2.9899999999999993
812 108449 2.9899999999999993
813 108513 2.9899999999999993
814 108595 2.9899999999999993
815 108693 2.9599999999999995
816 108774 2.9599999999999995
817 108930 2.9599999999999995
818 109014 2.9599999999999995
819 109079 2.959999999999999
820 109250 2.959999999999999
821 109334 2.959999999999999
822 109419 2.959999999999999
823 109559 2.959999999999999
824 109632 2.959999999999999
825 109751 2.959999999999999
826 109813 2.959999999999999
827 109892 2.959999999999999
828 109981 2.959999999999999
829 110081 2.959999999999999
830 110185 2.959999999999999
831 110273 2.959999999999999
832 110414 2.959999999999999
833 110582 2.959999999999999
834 110781 2.959999999999999
835 110900 2.959999999999999
836 111001 2.959999999999999
837 111081 2.959999999999999
838 111218 2.9299999999999993
839 111298 2.9299999999999993
840 111365 2.9299999999999993
841 111446 2.9299999999999993
842 111525 2.929999999999999
843 111627 2.929999999999999
844 111700 2.899999999999999
845 111783 2.899999999999999
846 111867 2.899999999999999
847 111981 2.899999999999999
848 112142 2.899999999999999
849 112214 2.899999999999999
850 112287 2.899999999999999
851 112366 2.899999999999999
852 112487 2.899999999999999
853 112571 2.899999999999999
854 112643 2.899999999999999
855 112712 2.899999999999999
856 112796 2.899999999999999
857 112994 2.899999999999999
858 113051 2.899999999999999
859 113160 2.899999999999999
860 113292 2.899999999999999
861 113391 2.899999999999999
862 113501 2.899999999999999
863 113587 2.869999999999999
864 113695 2.869999999999999
865 113770 2.869999999999999
866 113847 2.869999999999999
867 113949 2.869999999999999
868 114031 2.869999999999999
869 114134 2.869999999999999
870 114232 2.869999999999999
871 114373 2.869999999999999
872 114471 2.869999999999999
873 114576 2.869999999999999
874 114674 2.869999999999999
875 114807 2.869999999999999
876 114900 2.869999999999999
877 114987 2.869999999999999
878 115092 2.869999999999999
879 115151 2.869999999999999
880 115215 2.869999999999999
881 115305 2.869999999999999
882 115421 2.869999999999999
883 115496 2.869999999999999
884 115607 2.869999999999999
885 115701 2.869999999999999
886 115769 2.869999999999999
887 115873 2.869999999999999
888 115924 2.869999999999999
889 115994 2.869999999999999
890 116082 2.869999999999999
891 116165 2.869999999999999
892 116270 2.869999999999999
893 116342 2.869999999999999
894 116435 2.869999999999999
895 116505 2.869999999999999
896 116576 2.869999999999999
897 116647 2.869999999999999
898 116711 2.869999999999999
899 116792 2.869999999999999
900 116916 2.869999999999999
901 116981 2.869999999999999
902 117113 2.869999999999999
903 117180 2.869999999999999
904 117233 2.869999999999999
905 117301 2.869999999999999
906 117501 2.869999999999999
907 117687 2.879999999999999
908 117779 2.879999999999999
909 117873 2.879999999999999
910 118001 2.879999999999999
911 118075 2.879999999999999
912 118159 2.879999999999999
913 118269 2.879999999999999
914 118469 2.879999999999999
915 118547 2.9099999999999993
916 118672 2.9099999999999993
917 118766 2.9099999999999993
918 118874 2.9099999999999993
919 118977 2.9099999999999993
920 119098 2.9099999999999993
921 119170 2.9099999999999993
922 119253 2.9099999999999993
923 119318 2.9099999999999993
924 119462 2.9099999999999993
925 119556 2.9099999999999993
926 119745 2.9099999999999993
927 119875 2.9099999999999993
928 119998 2.9099999999999993
929 120111 2.9099999999999993
930 120207 2.9099999999999993
931 120305 2.8799999999999994
932 120494 2.8799999999999994
933 120622 2.8799999999999994
934 120717 2.8799999999999994
935 120892 2.879999999999999
936 121061 2.879999999999999
937 121261 2.879999999999999
938 121318 2.9099999999999993
939 121396 2.9099999999999993
940 121528 2.9099999999999993
941 121585 2.9099999999999993
942 121698 2.9099999999999993
943 121898 2.9099999999999993
944 121987 2.939999999999999
945 122114 2.939999999999999
946 122283 2.939999999999999
947 122410 2.939999999999999
948 122508 2.939999999999999
949 122589 2.939999999999999
950 122669 2.939999999999999
951 122753 2.939999999999999
952 122879 2.939999999999999
953 122992 2.939999999999999
954 123096 2.939999999999999
955 123190 2.939999999999999
956 123282 2.939999999999999
957 123395 2.939999999999999
958 123478 2.939999999999999
959 123554 2.939999999999999
960 123623 2.939999999999999
961 123725 2.9299999999999993
962 123925 2.9299999999999993
963 124049 2.959999999999999
964 124123 2.959999999999999
965 124213 2.959999999999999
966 124343 2.959999999999999
967 124424 2.959999999999999
968 124477 2.959999999999999
969 124579 2.959999999999999
970 124668 2.959999999999999
971 124795 2.959999999999999
972 124928 2.959999999999999
973 125038 2.9299999999999993
974 125105 2.9299999999999993
975 125183 2.9299999999999993
976 125270 2.9299999999999993
977 125367 2.929999999999999
978 125441 2.929999999999999
979 125566 2.929999999999999
980 125633 2.929999999999999
981 125712 2.929999999999999
982 125847 2.929999999999999
983 125964 2.929999999999999
984 126104 2.929999999999999
985 126219 2.929999999999999
986 126351 2.929999999999999
987 126418 2.929999999999999
988 126483 2.929999999999999
989 126596 2.929999999999999
990 126667 2.929999999999999
991 126753 2.929999999999999
992 126826 2.929999999999999
993 126899 2.929999999999999
994 127004 2.929999999999999
995 127067 2.929999999999999
996 127155 2.929999999999999
997 127236 2.929999999999999
998 127329 2.929999999999999
999 127409 2.929999999999999
1000 127524 2.929999999999999
1001 127629 2.929999999999999
1002 127692 2.929999999999999
1003 127749 2.929999999999999
1004 127825 2.929999999999999
1005 127940 2.929999999999999
1006 128019 2.929999999999999
1007 128111 2.929999999999999
1008 128174 2.929999999999999
1009 128337 2.929999999999999
1010 128521 2.929999999999999
1011 128579 2.929999999999999
1012 128662 2.929999999999999
1013 128733 2.929999999999999
1014 128876 2.929999999999999
1015 128950 2.929999999999999
1016 129026 2.929999999999999
1017 129148 2.929999999999999
1018 129249 2.929999999999999
1019 129354 2.929999999999999
1020 129418 2.929999999999999
1021 129531 2.929999999999999
1022 129620 2.929999999999999
1023 129707 2.929999999999999
1024 129899 2.899999999999999
1025 129983 2.899999999999999
1026 130053 2.899999999999999
1027 130222 2.879999999999999
1028 130317 2.879999999999999
1029 130495 2.879999999999999
1030 130695 2.879999999999999
1031 130776 2.9099999999999993
1032 130870 2.9099999999999993
1033 130948 2.9099999999999993
1034 131047 2.9099999999999993
1035 131140 2.9099999999999993
1036 131253 2.9099999999999993
1037 131338 2.9099999999999993
1038 131395 2.9099999999999993
1039 131492 2.9099999999999993
1040 131552 2.9099999999999993
1041 131696 2.9099999999999993
1042 131759 2.9099999999999993
1043 131837 2.9099999999999993
1044 131904 2.9099999999999993
1045 131967 2.8799999999999994
1046 132054 2.8799999999999994
1047 132112 2.8799999999999994
1048 132198 2.8499999999999996
1049 132277 2.849999999999999
1050 132378 2.849999999999999
1051 132474 2.849999999999999
1052 132585 2.8499999999999988
1053 132674 2.8499999999999988
1054 132761 2.8499999999999988
1055 132817 2.8499999999999988
1056 132904 2.8499999999999988
1057 133045 2.8499999999999988
1058 133108 2.8499999999999988
1059 133165 2.8499999999999988
1060 133365 2.8499999999999988
1061 133450 2.859999999999999
1062 133524 2.859999999999999
1063 133588 2.859999999999999
1064 133664 2.859999999999999
1065 133744 2.859999999999999
1066 133817 2.859999999999999
1067 133963 2.859999999999999
1068 134013 2.859999999999999
1069 134114 2.859999999999999
1070 134206 2.859999999999999
1071 134368 2.859999999999999
1072 134568 2.859999999999999
1073 134690 2.889999999999999
1074 134845 2.889999999999999
1075 134934 2.889999999999999
1076 135028 2.889999999999999
1077 135183 2.889999999999999
1078 135254 2.889999999999999
1079 135322 2.889999999999999
1080 135414 2.889999999999999
1081 135500 2.889999999999999
1082 135593 2.889999999999999
1083 135672 2.889999999999999
1084 135751 2.889999999999999
1085 135825 2.889999999999999
1086 135915 2.889999999999999
1087 135997 2.889999999999999
1088 136104 2.889999999999999
1089 136175 2.889999999999999
1090 136257 2.889999999999999
1091 136369 2.889999999999999
1092 136443 2.889999999999999
1093 136558 2.879999999999999
1094 136676 2.879999999999999
1095 136735 2.879999999999999
1096 136818 2.879999999999999
1097 136875 2.879999999999999
1098 136955 2.879999999999999
1099 137011 2.879999999999999
1100 137104 2.879999999999999
1101 137210 2.879999999999999
1102 137361 2.879999999999999
1103 137430 2.879999999999999
1104 137525 2.879999999999999
1105 137628 2.879999999999999
1106 137719 2.879999999999999
1107 137814 2.879999999999999
1108 137876 2.879999999999999
1109 137939 2.869999999999999
1110 138013 2.869999999999999
1111 138083 2.869999999999999
1112 138158 2.869999999999999
1113 138232 2.849999999999999
1114 138318 2.849999999999999
1115 138377 2.849999999999999
1116 138445 2.849999999999999
1117 138517 2.849999999999999
1118 138609 2.849999999999999
1119 138661 2.8499999999999988
1120 138772 2.8499999999999988
1121 138870 2.849999999999999
1122 138983 2.849999999999999
1123 139183 2.8499999999999988
1124 139281 2.879999999999999
1125 139344 2.879999999999999
1126 139544 2.879999999999999
1127 139670 2.899999999999999
1128 139754 2.899999999999999
1129 139838 2.899999999999999
1130 139937 2.899999999999999
1131 140047 2.899999999999999
1132 140176 2.899999999999999
1133 140242 2.899999999999999
1134 140328 2.899999999999999
1135 140409 2.899999999999999
1136 140473 2.899999999999999
1137 140540 2.899999999999999
1138 140622 2.899999999999999
1139 140704 2.899999999999999
1140 140835 2.899999999999999
1141 140932 2.899999999999999
1142 141016 2.899999999999999
1143 141073 2.899999999999999
1144 141273 2.899999999999999
1145 141409 2.929999999999999
1146 141482 2.929999999999999
1147 141682 2.929999999999999
1148 141814 2.959999999999999
1149 141907 2.9299999999999993
1150 141984 2.9299999999999993
1151 142044 2.9299999999999993
1152 142124 2.9299999999999993
1153 142215 2.929999999999999
1154 142281 2.929999999999999
1155 142402 2.929999999999999
1156 142471 2.929999999999999
1157 142521 2.929999999999999
1158 142585 2.929999999999999
1159 142668 2.929999999999999
1160 142801 2.929999999999999
1161 142873 2.929999999999999
1162 142956 2.929999999999999
1163 143081 2.929999999999999
1164 143176 2.929999999999999
1165 143242 2.929999999999999
1166 143312 2.929999999999999
1167 143365 2.929999999999999
1168 143428 2.929999999999999
1169 143554 2.929999999999999
1170 143624 2.929999999999999
1171 143762 2.929999999999999
1172 143866 2.929999999999999
1173 143953 2.929999999999999
1174 144014 2.929999999999999
1175 144066 2.929999999999999
1176 144179 2.899999999999999
1177 144272 2.899999999999999
1178 144324 2.899999999999999
1179 144402 2.899999999999999
1180 144473 2.899999999999999
1181 144555 2.899999999999999
1182 144638 2.899999999999999
1183 144707 2.899999999999999
1184 144797 2.899999999999999
1185 144943 2.899999999999999
1186 145034 2.899999999999999
1187 145101 2.899999999999999
1188 145205 2.899999999999999
1189 145256 2.899999999999999
1190 145341 2.899999999999999
1191 145427 2.899999999999999
1192 145627 2.899999999999999
1193 145705 2.9099999999999993
1194 145836 2.9099999999999993
1195 145967 2.9099999999999993
1196 146047 2.9099999999999993
1197 146138 2.9099999999999993
1198 146225 2.9099999999999993
1199 146287 2.9099999999999993
1200 146351 2.8999999999999995
1201 146427 2.8999999999999995
1202 146513 2.8999999999999995
1203 146620 2.8999999999999995
1204 146683 2.899999999999999
1205 146758 2.899999999999999
1206 146853 2.899999999999999
1207 146947 2.899999999999999
1208 147147 2.899999999999999
1209 147228 2.9099999999999993
1210 147296 2.9099999999999993
1211 147348 2.9099999999999993
1212 147548 2.9099999999999993
1213 147636 2.929999999999999
1214 147714 2.929999999999999
1215 147802 2.929999999999999
1216 147864 2.929999999999999
1217 147965 2.929999999999999
1218 148034 2.929999999999999
1219 148176 2.929999999999999
1220 148237 2.929999999999999
1221 148333 2.929999999999999
1222 148424 2.929999999999999
1223 148495 2.929999999999999
1224 148583 2.929999999999999
1225 148642 2.929999999999999
1226 148737 2.929999999999999
1227 148806 2.929999999999999
1228 148913 2.929999999999999
1229 148980 2.929999999999999
1230 149063 2.929999999999999
1231 149177 2.929999999999999
1232 149236 2.929999999999999
1233 149302 2.929999999999999
1234 149390 2.929999999999999
1235 149477 2.929999999999999
1236 149575 2.929999999999999
1237 149723 2.929999999999999
1238 149773 2.929999999999999
1239 149835 2.929999999999999
1240 149897 2.929999999999999
1241 149966 2.929999999999999
1242 150092 2.929999999999999
1243 150181 2.929999999999999
1244 150274 2.929999999999999
1245 150319 2.929999999999999
1246 150457 2.929999999999999
1247 150526 2.929999999999999
1248 150726 2.929999999999999
1249 150924 2.959999999999999
1250 150980 2.959999999999999
1251 151041 2.959999999999999
1252 151153 2.959999999999999
1253 151224 2.959999999999999
1254 151307 2.959999999999999
1255 151358 2.959999999999999
1256 151415 2.959999999999999
1257 151495 2.959999999999999
1258 151566 2.959999999999999
1259 151625 2.959999999999999
1260 151678 2.959999999999999
1261 151732 2.959999999999999
1262 151799 2.959999999999999
1263 151870 2.959999999999999
1264 151944 2.959999999999999
1265 152012 2.959999999999999
1266 152080 2.959999999999999
1267 152164 2.9299999999999993
1268 152305 2.9299999999999993
1269 152471 2.9299999999999993
1270 152554 2.9299999999999993
1271 152621 2.929999999999999
1272 152715 2.929999999999999
1273 152812 2.929999999999999
1274 152884 2.929999999999999
1275 153084 2.929999999999999
1276 153172 2.959999999999999
1277 153309 2.959999999999999
1278 153396 2.959999999999999
1279 153484 2.959999999999999
1280 153542 2.959999999999999
1281 153621 2.959999999999999
1282 153703 2.959999999999999
1283 153792 2.959999999999999
1284 153911 2.959999999999999
1285 153994 2.959999999999999
1286 154058 2.959999999999999
1287 154107 2.959999999999999
1288 154203 2.959999999999999
1289 154256 2.959999999999999
1290 154334 2.959999999999999
1291 154462 2.959999999999999
1292 154524 2.959999999999999
1293 154623 2.959999999999999
1294 154756 2.959999999999999
1295 154811 2.959999999999999
1296 154912 2.959999999999999
1297 154986 2.959999999999999
1298 155063 2.959999999999999
1299 155263 2.959999999999999
1300 155349 2.969999999999999
1301 155440 2.969999999999999
1302 155551 2.969999999999999
1303 155635 2.969999999999999
1304 155771 2.969999999999999
1305 155846 2.969999999999999
1306 155928 2.969999999999999
1307 156010 2.969999999999999
1308 156089 2.969999999999999
1309 156171 2.969999999999999
1310 156249 2.969999999999999
1311 156373 2.969999999999999
1312 156441 2.969999999999999
1313 156536 2.969999999999999
1314 156695 2.969999999999999
1315 156818 2.969999999999999
1316 156880 2.969999999999999
1317 156956 2.969999999999999
1318 157029 2.969999999999999
1319 157113 2.969999999999999
1320 157202 2.969999999999999
1321 157297 2.969999999999999
1322 157403 2.969999999999999
1323 157455 2.969999999999999
1324 157545 2.969999999999999
1325 157618 2.969999999999999
1326 157716 2.969999999999999
1327 157807 2.969999999999999
1328 157878 2.969999999999999
1329 157932 2.969999999999999
1330 158017 2.969999999999999
1331 158088 2.969999999999999
1332 158147 2.969999999999999
1333 158230 2.969999999999999
1334 158325 2.969999999999999
1335 158389 2.969999999999999
1336 158459 2.969999999999999
1337 158531 2.969999999999999
1338 158588 2.969999999999999
1339 158729 2.969999999999999
1340 158896 2.969999999999999
1341 158970 2.969999999999999
1342 159062 2.969999999999999
1343 159127 2.969999999999999
1344 159184 2.969999999999999
1345 159284 2.969999999999999
1346 159483 2.969999999999999
1347 159550 2.969999999999999
1348 159614 2.969999999999999
1349 159726 2.969999999999999
1350 159811 2.969999999999999
1351 159872 2.969999999999999
1352 159942 2.969999999999999
1353 160014 2.969999999999999
1354 160118 2.969999999999999
1355 160217 2.969999999999999
1356 160309 2.969999999999999
1357 160391 2.969999999999999
1358 160580 2.969999999999999
1359 160654 2.969999999999999
1360 160753 2.969999999999999
1361 160908 2.969999999999999
1362 161005 2.969999999999999
1363 161095 2.969999999999999
1364 161163 2.969999999999999
1365 161220 2.969999999999999
1366 161420 2.969999999999999
1367 161483 2.999999999999999
1368 161561 2.999999999999999
1369 161617 2.999999999999999
1370 161683 2.979999999999999
1371 161747 2.979999999999999
1372 161841 2.979999999999999
1373 161919 2.979999999999999
1374 162004 2.979999999999999
1375 162096 2.979999999999999
1376 162194 2.979999999999999
1377 162250 2.979999999999999
1378 162348 2.979999999999999
1379 162473 2.979999999999999
1380 162618 2.979999999999999
1381 162676 2.979999999999999
1382 162747 2.979999999999999
1383 162819 2.979999999999999
1384 162897 2.979999999999999
1385 162974 2.979999999999999
1386 163052 2.979999999999999
1387 163134 2.979999999999999
1388 163234 2.979999999999999
1389 163322 2.979999999999999
1390 163406 2.979999999999999
1391 163476 2.979999999999999
1392 163524 2.979999999999999
1393 163627 2.979999999999999
1394 163689 2.979999999999999
1395 163772 2.979999999999999
1396 163834 2.979999999999999
1397 163891 2.979999999999999
1398 163965 2.979999999999999
1399 164048 2.979999999999999
1400 164139 2.979999999999999
1401 164244 2.979999999999999
1402 164291 2.979999999999999
1403 164358 2.979999999999999
1404 164421 2.979999999999999
1405 164491 2.979999999999999
1406 164586 2.979999999999999
1407 164641 2.979999999999999
1408 164694 2.979999999999999
1409 164771 2.979999999999999
1410 164837 2.979999999999999
1411 164953 2.979999999999999
1412 165073 2.979999999999999
1413 165216 2.979999999999999
1414 165329 2.979999999999999
1415 165402 2.979999999999999
1416 165470 2.979999999999999
1417 165554 2.979999999999999
1418 165648 2.979999999999999
1419 165753 2.979999999999999
1420 165830 2.979999999999999
1421 165901 2.979999999999999
1422 165977 2.979999999999999
1423 166050 2.979999999999999
1424 166118 2.979999999999999
1425 166262 2.979999999999999
1426 166342 2.979999999999999
1427 166411 2.979999999999999
1428 166465 2.979999999999999
1429 166541 2.979999999999999
1430 166662 2.979999999999999
1431 166725 2.959999999999999
1432 166871 2.959999999999999
1433 166958 2.959999999999999
1434 167024 2.959999999999999
1435 167096 2.959999999999999
1436 167218 2.959999999999999
1437 167306 2.959999999999999
1438 167388 2.959999999999999
1439 167475 2.959999999999999
1440 167554 2.959999999999999
1441 167643 2.959999999999999
1442 167700 2.959999999999999
1443 167793 2.959999999999999
1444 167876 2.959999999999999
1445 167963 2.959999999999999
1446 168048 2.959999999999999
1447 168100 2.959999999999999
1448 168177 2.959999999999999
1449 168238 2.959999999999999
1450 168300 2.959999999999999
1451 168406 2.959999999999999
1452 168466 2.959999999999999
1453 168522 2.959999999999999
1454 168609 2.959999999999999
1455 168675 2.959999999999999
1456 168762 2.959999999999999
1457 168819 2.959999999999999
1458 168887 2.959999999999999
1459 168981 2.959999999999999
1460 169073 2.959999999999999
1461 169167 2.959999999999999
1462 169260 2.959999999999999
1463 169320 2.959999999999999
1464 169383 2.959999999999999
1465 169464 2.959999999999999
1466 169519 2.959999999999999
1467 169590 2.959999999999999
1468 169675 2.959999999999999
1469 169875 2.959999999999999
1470 169961 2.979999999999999
1471 170143 2.979999999999999
1472 170224 2.979999999999999
1473 170337 2.979999999999999
1474 170414 2.979999999999999
1475 170477 2.979999999999999
1476 170559 2.979999999999999
1477 170614 2.979999999999999
1478 170679 2.979999999999999
1479 170793 2.979999999999999
1480 170843 2.979999999999999
1481 170912 2.979999999999999
1482 170990 2.979999999999999
1483 171052 2.979999999999999
1484 171143 2.979999999999999
1485 171219 2.979999999999999
1486 171285 2.979999999999999
1487 171335 2.979999999999999
1488 171395 2.979999999999999
1489 171494 2.979999999999999
1490 171563 2.979999999999999
1491 171649 2.979999999999999
1492 171748 2.979999999999999
1493 171807 2.979999999999999
1494 171881 2.979999999999999
1495 171986 2.979999999999999
1496 172114 2.979999999999999
1497 172205 2.979999999999999
1498 172265 2.979999999999999
1499 172330 2.979999999999999
1500 172448 2.979999999999999
1501 172531 2.979999999999999
1502 172596 2.979999999999999
1503 172663 2.979999999999999
1504 172791 2.979999999999999
1505 172881 2.979999999999999
1506 172949 2.979999999999999
1507 173032 2.979999999999999
1508 173095 2.979999999999999
1509 173170 2.979999999999999
1510 173309 2.979999999999999
1511 173406 2.979999999999999
1512 173468 2.979999999999999
1513 173549 2.979999999999999
1514 173629 2.979999999999999
1515 173698 2.979999999999999
1516 173782 2.979999999999999
1517 173862 2.979999999999999
1518 173954 2.979999999999999
1519 174014 2.979999999999999
1520 174072 2.979999999999999
1521 174142 2.979999999999999
1522 174199 2.979999999999999
1523 174257 2.979999999999999
1524 174346 2.979999999999999
1525 174408 2.9699999999999993
1526 174488 2.9699999999999993
1527 174593 2.9699999999999993
1528 174709 2.9699999999999993
1529 174856 2.969999999999999
1530 175056 2.969999999999999
1531 175134 2.9899999999999993
1532 175231 2.9899999999999993
1533 175332 2.9899999999999993
1534 175396 2.9899999999999993
1535 175467 2.9899999999999993
1536 175534 2.9899999999999993
1537 175597 2.9899999999999993
1538 175663 2.9899999999999993
1539 175744 2.9899999999999993
1540 175811 2.9899999999999993
1541 175917 2.9899999999999993
1542 175984 2.9899999999999993
1543 176044 2.9899999999999993
1544 176097 2.9899999999999993
1545 176155 2.9899999999999993
1546 176226 2.9899999999999993
1547 176296 2.9899999999999993
1548 176359 2.9899999999999993
1549 176477 2.9899999999999993
1550 176531 2.9899999999999993
1551 176724 2.9899999999999993
1552 176801 2.9899999999999993
1553 176871 2.9899999999999993
1554 176958 2.9899999999999993
1555 177047 2.9899999999999993
1556 177125 2.9899999999999993
1557 177192 2.9899999999999993
1558 177251 2.9899999999999993
1559 177322 2.9899999999999993
1560 177392 2.9899999999999993
1561 177524 2.9899999999999993
1562 177649 2.9899999999999993
1563 177749 2.9899999999999993
1564 177852 2.9899999999999993
1565 177933 2.9899999999999993
1566 178001 2.9899999999999993
1567 178156 2.9899999999999993
1568 178340 2.9899999999999993
1569 178413 2.9899999999999993
1570 178458 2.9899999999999993
1571 178527 2.9899999999999993
1572 178584 2.9899999999999993
1573 178643 2.9899999999999993
1574 178700 2.9899999999999993
1575 178786 2.9899999999999993
1576 178903 2.9899999999999993
1577 178988 2.9899999999999993
1578 179041 2.9899999999999993
1579 179104 2.9899999999999993
1580 179174 2.9899999999999993
1581 179257 2.9899999999999993
1582 179335 2.9899999999999993
1583 179392 2.9899999999999993
1584 179473 2.9899999999999993
1585 179624 2.9899999999999993
1586 179712 2.9899999999999993
1587 179796 2.9899999999999993
1588 179881 2.9899999999999993
1589 179933 2.9899999999999993
1590 180037 2.9899999999999993
1591 180133 2.9899999999999993
1592 180272 2.9899999999999993
1593 180406 2.9899999999999993
1594 180462 2.9899999999999993
1595 180537 2.9899999999999993
1596 180616 2.9899999999999993
1597 180706 2.9899999999999993
1598 180779 2.9899999999999993
1599 180953 2.9899999999999993
1600 181089 2.9899999999999993
1601 181174 2.9899999999999993
1602 181241 2.9899999999999993
1603 181296 2.9899999999999993
1604 181384 2.9899999999999993
1605 181453 2.9899999999999993
1606 181518 2.9899999999999993
1607 181593 2.9899999999999993
1608 181674 2.9899999999999993
1609 181722 2.9899999999999993
1610 181803 2.9899999999999993
1611 181879 2.9899999999999993
1612 181949 2.9899999999999993
1613 182033 2.9899999999999993
1614 182097 2.9899999999999993
1615 182188 2.9899999999999993
1616 182276 2.9899999999999993
1617 182345 2.9899999999999993
1618 182440 2.9899999999999993
1619 182511 2.9899999999999993
1620 182631 2.9899999999999993
1621 182724 2.9899999999999993
1622 182806 2.9899999999999993
1623 182888 2.9899999999999993
1624 183088 2.9899999999999993
1625 183153 2.999999999999999
1626 183225 2.999999999999999
1627 183301 2.999999999999999
1628 183395 2.999999999999999
1629 183466 2.999999999999999
1630 183572 2.999999999999999
1631 183704 2.999999999999999
1632 183784 2.999999999999999
1633 183860 2.999999999999999
1634 183919 2.999999999999999
1635 183993 2.999999999999999
1636 184067 2.999999999999999
1637 184129 2.999999999999999
1638 184203 2.999999999999999
1639 184262 2.999999999999999
1640 184349 2.999999999999999
1641 184413 2.999999999999999
1642 184468 2.999999999999999
1643 184535 2.999999999999999
1644 184604 2.999999999999999
1645 184659 2.999999999999999
1646 184721 2.999999999999999
1647 184783 2.999999999999999
1648 184866 2.999999999999999
1649 184993 2.999999999999999
1650 185095 2.999999999999999
1651 185169 2.999999999999999
1652 185266 2.999999999999999
1653 185345 2.999999999999999
1654 185413 2.999999999999999
1655 185539 2.999999999999999
1656 185654 2.999999999999999
1657 185780 2.999999999999999
1658 185852 2.999999999999999
1659 185908 2.999999999999999
1660 185995 2.999999999999999
1661 186079 2.999999999999999
1662 186149 2.999999999999999
1663 186203 2.999999999999999
1664 186276 2.999999999999999
1665 186333 2.999999999999999
1666 186413 2.999999999999999
1667 186485 2.999999999999999
1668 186545 2.999999999999999
1669 186601 2.999999999999999
1670 186662 2.999999999999999
1671 186796 2.999999999999999
1672 186883 2.999999999999999
1673 186943 2.999999999999999
1674 187061 2.999999999999999
1675 187132 2.999999999999999
1676 187203 2.999999999999999
1677 187273 2.999999999999999
1678 187429 2.999999999999999
1679 187566 2.999999999999999
1680 187619 2.999999999999999
1681 187699 2.999999999999999
1682 187776 2.999999999999999
1683 187836 2.999999999999999
1684 187899 2.999999999999999
1685 187962 2.999999999999999
1686 188026 2.999999999999999
1687 188101 2.999999999999999
1688 188170 2.999999999999999
1689 188237 2.999999999999999
1690 188304 2.999999999999999
1691 188371 2.999999999999999
1692 188441 2.999999999999999
1693 188513 2.999999999999999
1694 188575 2.999999999999999
1695 188666 2.999999999999999
1696 188773 2.999999999999999
1697 188849 2.999999999999999
1698 188941 2.999999999999999
1699 189013 2.999999999999999
1700 189090 2.999999999999999
1701 189154 2.999999999999999
1702 189214 2.999999999999999
1703 189281 2.999999999999999
1704 189355 2.999999999999999
1705 189416 2.999999999999999
1706 189493 2.999999999999999
1707 189543 2.999999999999999
1708 189604 2.999999999999999
1709 189677 2.999999999999999
1710 189753 2.999999999999999
1711 189803 2.999999999999999
1712 189877 2.999999999999999
1713 189954 2.999999999999999
1714 190011 2.999999999999999
1715 190064 2.999999999999999
1716 190119 2.999999999999999
1717 190185 2.999999999999999
1718 190236 2.999999999999999
1719 190302 2.999999999999999
1720 190358 2.999999999999999
1721 190455 2.999999999999999
1722 190543 2.999999999999999
1723 190594 2.999999999999999
1724 190656 2.999999999999999
1725 190732 2.999999999999999
1726 190786 2.999999999999999
1727 190857 2.999999999999999
1728 190916 2.999999999999999
1729 191034 2.999999999999999
1730 191087 2.999999999999999
1731 191150 2.999999999999999
1732 191224 2.999999999999999
1733 191293 2.999999999999999
1734 191361 2.999999999999999
1735 191420 2.999999999999999
1736 191536 2.999999999999999
1737 191597 2.999999999999999
1738 191693 2.999999999999999
1739 191749 2.999999999999999
1740 191806 2.999999999999999
1741 191902 2.999999999999999
1742 191980 2.999999999999999
1743 192054 2.999999999999999
1744 192114 2.999999999999999
1745 192168 2.999999999999999
1746 192241 2.999999999999999
1747 192309 2.999999999999999
1748 192411 2.999999999999999
1749 192487 2.999999999999999
1750 192604 2.999999999999999
1751 192693 2.999999999999999
1752 192766 2.999999999999999
1753 192816 2.999999999999999
