1 300 0.0 0.0
2 600 0.0 0.0
3 900 0.0 0.0
4 1200 0.0 0.0
5 1500 0.0 0.0
6 1800 0.0 0.0
7 2100 1.0 0.01
8 2400 0.0 0.01
9 2700 0.0 0.01
10 3000 0.0 0.01
11 3300 0.0 0.01
12 3600 0.0 0.01
13 3900 0.0 0.01
14 4200 0.0 0.01
15 4500 1.0 0.02
16 4800 1.0 0.03
17 5100 0.0 0.03
18 5400 0.0 0.03
19 5700 0.0 0.03
20 6000 1.0 0.04
21 6300 1.0 0.05
22 6600 1.0 0.06
23 6900 1.0 0.07
24 7200 1.0 0.08
25 7500 1.0 0.09
26 7800 1.0 0.1
27 8100 1.0 0.11
28 8400 1.0 0.12
29 8700 1.0 0.13
30 9000 1.0 0.14
31 9300 1.0 0.15
32 9600 1.0 0.16
33 9900 1.0 0.17
34 10200 1.0 0.18
35 10500 1.0 0.19
36 10800 1.0 0.2
37 11100 1.0 0.21
38 11400 1.0 0.22
39 11700 1.0 0.23
40 12000 1.0 0.24
41 12300 1.0 0.25
42 12600 1.0 0.26
43 12900 1.0 0.27
44 13200 1.0 0.28
45 13500 1.0 0.29
46 13800 1.0 0.3
47 14100 1.0 0.31
48 14400 1.0 0.32
49 14700 1.0 0.33
50 15000 1.0 0.34
51 15300 1.0 0.35
52 15600 1.0 0.36
53 15900 1.0 0.37
54 16200 1.0 0.38
55 16500 1.0 0.39
56 16800 1.0 0.4
57 17100 1.0 0.41
58 17400 1.0 0.42
59 17700 1.0 0.43
60 18000 1.0 0.44
61 18300 1.0 0.45
62 18600 1.0 0.46
63 18900 1.0 0.47
64 19200 1.0 0.48
65 19500 1.0 0.49
66 19800 1.0 0.5
67 20100 1.0 0.51
68 20400 1.0 0.52
69 20700 1.0 0.53
70 21000 1.0 0.54
71 21300 1.0 0.55
72 21600 1.0 0.56
73 21900 1.0 0.57
74 22200 1.0 0.58
75 22500 1.0 0.59
76 22800 1.0 0.6
77 23100 1.0 0.61
78 23400 1.0 0.62
79 23700 1.0 0.63
80 24000 1.0 0.64
81 24300 1.0 0.65
82 24600 1.0 0.66
83 24900 1.0 0.67
84 25200 1.0 0.68
85 25500 1.0 0.69
86 25800 1.0 0.7
87 26100 1.0 0.71
88 26400 1.0 0.72
89 26700 1.0 0.73
90 27000 1.0 0.74
91 27300 1.0 0.75
92 27600 1.0 0.76
93 27900 1.0 0.77
94 28200 1.0 0.78
95 28500 1.0 0.79
96 28800 1.0 0.8
97 29100 1.0 0.81
98 29400 1.0 0.82
99 29700 1.0 0.83
100 30000 1.0 0.84
101 30300 1.0 0.85
102 30600 1.0 0.86
103 30900 1.0 0.87
104 31200 1.0 0.88
105 31500 1.0 0.89
106 31800 1.0 0.9
107 32100 1.0 0.9
108 32400 1.0 0.91
109 32700 1.0 0.92
110 33000 1.0 0.93
111 33300 1.0 0.94
112 33600 1.0 0.95
113 33900 1.0 0.96
114 34200 1.0 0.97
115 34500 1.0 0.97
116 34800 1.0 0.97
117 35100 1.0 0.98
118 35400 1.0 0.99
119 35700 1.0 1.0
120 36000 1.0 1.0
121 36300 1.0 1.0
122 36600 1.0 1.0
123 36900 1.0 1.0
124 37200 1.0 1.0
125 37500 1.0 1.0
126 37800 1.0 1.0
127 38100 1.0 1.0
128 38400 1.0 1.0
129 38700 1.0 1.0
130 39000 1.0 1.0
131 39300 1.0 1.0
132 39600 1.0 1.0
133 39900 1.0 1.0
134 40200 1.0 1.0
135 40500 1.0 1.0
136 40800 1.0 1.0
137 41100 1.0 1.0
138 41400 1.0 1.0
139 41700 1.0 1.0
140 42000 1.0 1.0
141 42300 1.0 1.0
142 42600 1.0 1.0
143 42900 1.0 1.0
144 43200 1.0 1.0
145 43500 1.0 1.0
146 43800 1.0 1.0
147 44100 1.0 1.0
148 44400 1.0 1.0
149 44700 1.0 1.0
150 45000 1.0 1.0
151 45300 1.0 1.0
152 45600 1.0 1.0
153 45900 1.0 1.0
154 46200 1.0 1.0
155 46500 1.0 1.0
156 46800 1.0 1.0
157 47100 1.0 1.0
158 47400 1.0 1.0
159 47700 1.0 1.0
160 48000 1.0 1.0
161 48300 1.0 1.0
162 48600 1.0 1.0
163 48900 1.0 1.0
164 49200 1.0 1.0
165 49500 1.0 1.0
166 49800 1.0 1.0
167 50100 1.0 1.0
168 50400 1.0 1.0
169 50700 1.0 1.0
170 51000 1.0 1.0
171 51300 1.0 1.0
172 51600 1.0 1.0
173 51900 1.0 1.0
174 52200 1.0 1.0
175 52500 1.0 1.0
176 52800 1.0 1.0
177 53100 1.0 1.0
178 53400 1.0 1.0
179 53700 1.0 1.0
180 54000 1.0 1.0
181 54300 1.0 1.0
182 54600 1.0 1.0
183 54900 1.0 1.0
184 55200 1.0 1.0
185 55500 1.0 1.0
186 55800 1.0 1.0
187 56100 1.0 1.0
188 56400 1.0 1.0
189 56700 1.0 1.0
190 57000 1.0 1.0
191 57300 1.0 1.0
192 57600 1.0 1.0
193 57900 1.0 1.0
194 58200 1.0 1.0
195 58500 1.0 1.0
196 58800 1.0 1.0
197 59100 1.0 1.0
198 59400 1.0 1.0
199 59700 1.0 1.0
200 60000 1.0 1.0
201 60300 1.0 1.0
202 60600 1.0 1.0
203 60900 1.0 1.0
204 61200 1.0 1.0
205 61500 1.0 1.0
206 61800 1.0 1.0
207 62100 1.0 1.0
208 62400 1.0 1.0
209 62700 1.0 1.0
210 63000 1.0 1.0
211 63300 1.0 1.0
212 63600 1.0 1.0
213 63900 1.0 1.0
214 64200 1.0 1.0
215 64500 1.0 1.0
216 64800 1.0 1.0
217 65100 1.0 1.0
218 65400 1.0 1.0
219 65700 1.0 1.0
220 66000 1.0 1.0
221 66300 1.0 1.0
222 66600 1.0 1.0
223 66900 1.0 1.0
224 67200 1.0 1.0
225 67500 1.0 1.0
226 67800 1.0 1.0
227 68100 1.0 1.0
228 68400 1.0 1.0
229 68700 1.0 1.0
230 69000 1.0 1.0
231 69300 1.0 1.0
232 69600 1.0 1.0
233 69900 1.0 1.0
234 70200 1.0 1.0
235 70500 1.0 1.0
236 70800 1.0 1.0
237 71100 1.0 1.0
238 71400 1.0 1.0
239 71700 1.0 1.0
240 72000 1.0 1.0
241 72300 1.0 1.0
242 72600 1.0 1.0
243 72900 1.0 1.0
244 73200 1.0 1.0
245 73500 1.0 1.0
246 73800 1.0 1.0
247 74100 1.0 1.0
248 74400 1.0 1.0
249 74700 1.0 1.0
250 75000 1.0 1.0
251 75300 1.0 1.0
252 75600 1.0 1.0
253 75900 1.0 1.0
254 76200 1.0 1.0
255 76500 1.0 1.0
256 76800 1.0 1.0
257 77100 1.0 1.0
258 77400 1.0 1.0
259 77700 1.0 1.0
260 78000 1.0 1.0
261 78300 1.0 1.0
262 78600 1.0 1.0
263 78900 1.0 1.0
264 79200 1.0 1.0
265 79500 1.0 1.0
266 79800 1.0 1.0
267 80100 1.0 1.0
268 80400 1.0 1.0
269 80700 1.0 1.0
270 81000 1.0 1.0
271 81300 1.0 1.0
272 81600 1.0 1.0
273 81900 1.0 1.0
274 82200 1.0 1.0
275 82500 1.0 1.0
276 82800 1.0 1.0
277 83100 1.0 1.0
278 83400 1.0 1.0
279 83700 1.0 1.0
280 84000 2.0 1.01
281 84300 2.0 1.02
282 84600 1.0 1.02
283 84900 2.0 1.03
284 85200 2.0 1.04
285 85500 1.0 1.04
286 85800 1.0 1.04
287 86100 2.0 1.05
288 86400 2.0 1.06
289 86700 2.0 1.07
290 87000 2.0 1.08
291 87300 2.0 1.09
292 87600 2.0 1.1
293 87900 2.0 1.11
294 88200 2.0 1.12
295 88500 1.0 1.12
296 88800 2.0 1.13
297 89100 2.0 1.14
298 89400 2.0 1.15
299 89700 2.0 1.16
300 90000 2.0 1.17
301 90300 2.0 1.18
302 90600 2.0 1.19
303 90900 2.0 1.2
304 91200 2.0 1.21
305 91500 2.0 1.22
306 91800 2.0 1.23
307 92100 2.0 1.24
308 92400 2.0 1.25
309 92700 2.0 1.26
310 93000 2.0 1.27
311 93300 2.0 1.28
312 93600 2.0 1.29
313 93900 2.0 1.3
314 94200 2.0 1.31
315 94500 2.0 1.32
316 94800 2.0 1.33
317 95100 2.0 1.34
318 95400 2.0 1.35
319 95700 2.0 1.36
320 96000 2.0 1.37
321 96300 2.0 1.38
322 96600 2.0 1.39
323 96900 2.0 1.4
324 97200 2.0 1.41
325 97500 2.0 1.42
326 97800 2.0 1.43
327 98100 2.0 1.44
328 98400 2.0 1.45
329 98700 2.0 1.46
330 99000 2.0 1.47
331 99300 2.0 1.48
332 99600 2.0 1.49
333 99900 2.0 1.5
334 100200 2.0 1.51
335 100500 2.0 1.52
336 100800 2.0 1.53
337 101100 2.0 1.54
338 101400 2.0 1.55
339 101700 2.0 1.56
340 102000 2.0 1.57
341 102300 2.0 1.58
342 102600 2.0 1.59
343 102900 2.0 1.6
344 103200 2.0 1.61
345 103500 2.0 1.62
346 103800 2.0 1.63
347 104100 2.0 1.64
348 104400 2.0 1.65
349 104700 2.0 1.66
350 105000 2.0 1.67
351 105300 2.0 1.68
352 105600 2.0 1.69
353 105900 2.0 1.7
354 106200 2.0 1.71
355 106500 2.0 1.72
356 106800 2.0 1.73
357 107100 2.0 1.74
358 107400 2.0 1.75
359 107700 2.0 1.76
360 108000 2.0 1.77
361 108300 2.0 1.78
362 108600 2.0 1.79
363 108900 2.0 1.8
364 109200 2.0 1.81
365 109500 2.0 1.82
366 109800 2.0 1.83
367 110100 2.0 1.84
368 110400 2.0 1.85
369 110700 2.0 1.86
370 111000 2.0 1.87
371 111300 2.0 1.88
372 111600 2.0 1.89
373 111900 2.0 1.9
374 112200 2.0 1.91
375 112500 2.0 1.92
376 112800 2.0 1.93
377 113100 2.0 1.94
378 113400 2.0 1.95
379 113700 2.0 1.96
380 114000 2.0 1.96
381 114300 2.0 1.96
382 114600 2.0 1.97
383 114900 2.0 1.97
384 115200 2.0 1.97
385 115500 2.0 1.98
386 115800 2.0 1.99
387 116100 2.0 1.99
388 116400 2.0 1.99
389 116700 2.0 1.99
390 117000 2.0 1.99
391 117300 2.0 1.99
392 117600 2.0 1.99
393 117900 2.0 1.99
394 118200 2.0 1.99
395 118500 2.0 2.0
396 118800 2.0 2.0
397 119100 2.0 2.0
398 119400 2.0 2.0
399 119700 2.0 2.0
400 120000 2.0 2.0
401 120300 2.0 2.0
402 120600 2.0 2.0
403 120900 2.0 2.0
404 121200 2.0 2.0
405 121500 2.0 2.0
406 121800 2.0 2.0
407 122100 2.0 2.0
408 122400 2.0 2.0
409 122700 2.0 2.0
410 123000 2.0 2.0
411 123300 2.0 2.0
412 123600 2.0 2.0
413 123900 2.0 2.0
414 124200 2.0 2.0
415 124500 2.0 2.0
416 124800 2.0 2.0
417 125100 2.0 2.0
418 125400 2.0 2.0
419 125700 2.0 2.0
420 126000 1.0 1.99
421 126300 2.0 1.99
422 126600 2.0 1.99
423 126900 2.0 1.99
424 127200 2.0 1.99
425 127500 2.0 1.99
426 127800 2.0 1.99
427 128100 2.0 1.99
428 128400 2.0 1.99
429 128700 2.0 1.99
430 129000 2.0 1.99
431 129300 2.0 1.99
432 129600 2.0 1.99
433 129900 2.0 1.99
434 130200 2.0 1.99
435 130500 2.0 1.99
436 130800 2.0 1.99
437 131100 2.0 1.99
438 131400 2.0 1.99
439 131700 2.0 1.99
440 132000 2.0 1.99
441 132300 2.0 1.99
442 132600 2.0 1.99
443 132900 2.0 1.99
444 133200 2.0 1.99
445 133500 2.0 1.99
446 133800 2.0 1.99
447 134100 2.0 1.99
448 134400 2.0 1.99
449 134700 2.0 1.99
450 135000 2.0 1.99
451 135300 2.0 1.99
452 135600 2.0 1.99
453 135900 2.0 1.99
454 136200 2.0 1.99
455 136500 2.0 1.99
456 136800 2.0 1.99
457 137100 2.0 1.99
458 137400 2.0 1.99
459 137700 2.0 1.99
460 138000 2.0 1.99
461 138300 2.0 1.99
462 138600 2.0 1.99
463 138900 2.0 1.99
464 139200 2.0 1.99
465 139500 2.0 1.99
466 139800 2.0 1.99
467 140100 2.0 1.99
468 140400 2.0 1.99
469 140700 2.0 1.99
470 141000 2.0 1.99
471 141300 2.0 1.99
472 141600 2.0 1.99
473 141900 2.0 1.99
474 142200 2.0 1.99
475 142500 2.0 1.99
476 142800 2.0 1.99
477 143100 2.0 1.99
478 143400 2.0 1.99
479 143700 2.0 1.99
480 144000 2.0 1.99
481 144300 2.0 1.99
482 144600 2.0 1.99
483 144900 2.0 1.99
484 145200 2.0 1.99
485 145500 2.0 1.99
486 145800 2.0 1.99
487 146100 2.0 1.99
488 146400 2.0 1.99
489 146700 2.0 1.99
490 147000 2.0 1.99
491 147300 2.0 1.99
492 147600 2.0 1.99
493 147900 2.0 1.99
494 148200 2.0 1.99
495 148500 2.0 1.99
496 148800 2.0 1.99
497 149100 2.0 1.99
498 149400 2.0 1.99
499 149700 2.0 1.99
500 150000 2.0 1.99
501 150300 2.0 1.99
502 150600 2.0 1.99
503 150900 2.0 1.99
504 151200 2.0 1.99
505 151500 2.0 1.99
506 151800 2.0 1.99
507 152100 2.0 1.99
508 152400 2.0 1.99
509 152700 2.0 1.99
510 153000 2.0 1.99
511 153300 2.0 1.99
512 153600 2.0 1.99
513 153900 2.0 1.99
514 154200 2.0 1.99
515 154500 2.0 1.99
516 154800 2.0 1.99
517 155100 2.0 1.99
518 155400 2.0 1.99
519 155700 2.0 1.99
520 156000 2.0 2.0
521 156300 2.0 2.0
522 156600 2.0 2.0
523 156900 2.0 2.0
524 157200 2.0 2.0
525 157500 2.0 2.0
526 157800 2.0 2.0
527 158100 2.0 2.0
528 158400 2.0 2.0
529 158700 2.0 2.0
530 159000 2.0 2.0
531 159300 2.0 2.0
532 159600 2.0 2.0
533 159900 2.0 2.0
534 160200 2.0 2.0
535 160500 2.0 2.0
536 160800 2.0 2.0
537 161100 2.0 2.0
538 161400 2.0 2.0
539 161700 2.0 2.0
540 162000 2.0 2.0
541 162300 2.0 2.0
542 162600 2.0 2.0
543 162900 2.0 2.0
544 163200 2.0 2.0
545 163500 2.0 2.0
546 163800 2.0 2.0
547 164100 2.0 2.0
548 164400 2.0 2.0
549 164700 2.0 2.0
550 165000 2.0 2.0
551 165300 2.0 2.0
552 165600 2.0 2.0
553 165900 2.0 2.0
554 166200 2.0 2.0
555 166500 2.0 2.0
556 166800 2.0 2.0
557 167100 2.0 2.0
558 167400 2.0 2.0
559 167700 2.0 2.0
560 168000 2.0 2.0
561 168300 2.0 2.0
562 168600 2.0 2.0
563 168900 2.0 2.0
564 169200 2.0 2.0
565 169500 2.0 2.0
566 169800 2.0 2.0
567 170100 2.0 2.0
568 170400 2.0 2.0
569 170700 2.0 2.0
570 171000 2.0 2.0
571 171300 2.0 2.0
572 171600 2.0 2.0
573 171900 2.0 2.0
574 172200 2.0 2.0
575 172500 2.0 2.0
576 172800 2.0 2.0
577 173100 2.0 2.0
578 173400 2.0 2.0
579 173700 2.0 2.0
580 174000 2.0 2.0
581 174300 2.0 2.0
582 174600 2.0 2.0
583 174900 2.0 2.0
584 175200 2.0 2.0
585 175500 2.0 2.0
586 175800 2.0 2.0
587 176100 2.0 2.0
588 176400 2.0 2.0
589 176700 2.0 2.0
590 177000 2.0 2.0
591 177300 2.0 2.0
592 177600 2.0 2.0
593 177900 2.0 2.0
594 178200 2.0 2.0
595 178500 2.0 2.0
596 178800 2.0 2.0
597 179100 2.0 2.0
598 179400 2.0 2.0
599 179700 2.0 2.0
600 180000 2.0 2.0
601 180300 2.0 2.0
602 180600 2.0 2.0
603 180900 2.0 2.0
604 181200 2.0 2.0
605 181500 2.0 2.0
606 181800 2.0 2.0
607 182100 2.0 2.0
608 182400 2.0 2.0
609 182700 2.0 2.0
610 183000 2.0 2.0
611 183300 2.0 2.0
612 183600 2.0 2.0
613 183900 2.0 2.0
614 184200 2.0 2.0
615 184500 2.0 2.0
616 184800 2.0 2.0
617 185100 2.0 2.0
618 185400 2.0 2.0
619 185700 2.0 2.0
620 186000 2.0 2.0
621 186300 2.0 2.0
622 186600 2.0 2.0
623 186900 2.0 2.0
624 187200 2.0 2.0
625 187500 2.0 2.0
626 187800 2.0 2.0
627 188100 2.0 2.0
628 188400 2.0 2.0
629 188700 2.0 2.0
630 189000 2.0 2.0
631 189300 2.0 2.0
632 189600 2.0 2.0
633 189900 2.0 2.0
634 190200 2.0 2.0
635 190500 2.0 2.0
636 190800 2.0 2.0
637 191100 2.0 2.0
638 191400 2.0 2.0
639 191700 2.0 2.0
640 192000 2.0 2.0
641 192300 2.0 2.0
642 192600 2.0 2.0
643 192900 2.0 2.0
644 193200 2.0 2.0
645 193500 2.0 2.0
646 193800 2.0 2.0
647 194100 2.0 2.0
648 194400 2.0 2.0
649 194700 2.0 2.0
650 195000 2.0 2.0
651 195300 2.0 2.0
652 195600 2.0 2.0
653 195900 2.0 2.0
654 196200 2.0 2.0
655 196500 2.0 2.0
656 196800 2.0 2.0
657 197100 2.0 2.0
658 197400 2.0 2.0
659 197700 2.0 2.0
660 198000 2.0 2.0
661 198300 2.0 2.0
662 198600 2.0 2.0
663 198900 2.0 2.0
664 199200 2.0 2.0
665 199500 2.0 2.0
666 199800 2.0 2.0
667 200100 2.0 2.0
668 200400 2.0 2.0
669 200700 2.0 2.0
670 201000 2.0 2.0
671 201300 2.0 2.0
672 201600 2.0 2.0
673 201900 2.0 2.0
674 202200 2.0 2.0
675 202500 2.0 2.0
676 202800 2.0 2.0
677 203100 2.0 2.0
678 203400 2.0 2.0
679 203700 2.0 2.0
680 204000 2.0 2.0
681 204300 2.0 2.0
682 204600 2.0 2.0
683 204900 2.0 2.0
684 205200 2.0 2.0
685 205500 2.0 2.0
686 205800 2.0 2.0
687 206100 2.0 2.0
688 206400 2.0 2.0
689 206700 2.0 2.0
690 207000 2.0 2.0
691 207300 2.0 2.0
692 207600 2.0 2.0
693 207900 2.0 2.0
694 208200 2.0 2.0
695 208500 2.0 2.0
696 208800 2.0 2.0
697 209100 2.0 2.0
698 209400 2.0 2.0
699 209700 2.0 2.0
700 210000 2.0 2.0
701 210300 2.0 2.0
702 210600 2.0 2.0
703 210900 2.0 2.0
704 211200 2.0 2.0
705 211500 2.0 2.0
706 211800 2.0 2.0
707 212100 2.0 2.0
708 212400 2.0 2.0
709 212700 2.0 2.0
710 213000 2.0 2.0
711 213300 2.0 2.0
712 213600 2.0 2.0
713 213900 2.0 2.0
714 214200 2.0 2.0
715 214500 2.0 2.0
716 214800 2.0 2.0
717 215100 2.0 2.0
718 215400 2.0 2.0
719 215700 2.0 2.0
720 216000 2.0 2.0
721 216300 2.0 2.0
722 216600 2.0 2.0
723 216900 2.0 2.0
724 217200 2.0 2.0
725 217500 2.0 2.0
726 217800 2.0 2.0
727 218100 2.0 2.0
728 218400 2.0 2.0
729 218700 2.0 2.0
730 219000 2.0 2.0
731 219300 2.0 2.0
732 219600 2.0 2.0
733 219900 2.0 2.0
734 220200 2.0 2.0
735 220500 2.0 2.0
736 220800 2.0 2.0
737 221100 2.0 2.0
738 221400 2.0 2.0
739 221700 2.0 2.0
740 222000 2.0 2.0
741 222300 2.0 2.0
742 222600 2.0 2.0
743 222900 2.0 2.0
744 223200 2.0 2.0
745 223500 2.0 2.0
746 223800 2.0 2.0
747 224100 2.0 2.0
748 224400 2.0 2.0
749 224700 2.0 2.0
750 225000 2.0 2.0
751 225300 2.0 2.0
752 225600 2.0 2.0
753 225900 2.0 2.0
754 226200 2.0 2.0
755 226500 2.0 2.0
756 226800 2.0 2.0
757 227100 2.0 2.0
758 227400 2.0 2.0
759 227700 2.0 2.0
760 228000 2.0 2.0
761 228300 2.0 2.0
762 228600 2.0 2.0
763 228900 2.0 2.0
764 229200 2.0 2.0
765 229500 2.0 2.0
766 229800 2.0 2.0
767 230100 2.0 2.0
768 230400 2.0 2.0
769 230700 2.0 2.0
770 231000 2.0 2.0
771 231300 2.0 2.0
772 231600 2.0 2.0
773 231900 2.0 2.0
774 232200 2.0 2.0
775 232500 2.0 2.0
776 232800 2.0 2.0
777 233100 2.0 2.0
778 233400 2.0 2.0
779 233700 2.0 2.0
780 234000 2.0 2.0
781 234300 2.0 2.0
782 234600 2.0 2.0
783 234900 2.0 2.0
784 235200 2.0 2.0
785 235500 2.0 2.0
786 235800 2.0 2.0
787 236100 2.0 2.0
788 236400 2.0 2.0
789 236700 2.0 2.0
790 237000 2.0 2.0
791 237300 2.0 2.0
792 237600 2.0 2.0
793 237900 2.0 2.0
794 238200 2.0 2.0
795 238500 2.0 2.0
796 238800 2.0 2.0
797 239100 2.0 2.0
798 239400 2.0 2.0
799 239700 2.0 2.0
800 240000 2.0 2.0
801 240300 2.0 2.0
802 240600 2.0 2.0
803 240900 2.0 2.0
804 241200 2.0 2.0
805 241500 2.0 2.0
806 241800 2.0 2.0
807 242100 2.0 2.0
808 242400 2.0 2.0
809 242700 2.0 2.0
810 243000 2.0 2.0
811 243300 2.0 2.0
812 243600 2.0 2.0
813 243900 2.0 2.0
814 244200 2.0 2.0
815 244500 2.0 2.0
816 244800 2.0 2.0
817 245100 2.0 2.0
818 245400 2.0 2.0
819 245700 2.0 2.0
820 246000 2.0 2.0
821 246300 2.0 2.0
822 246600 2.0 2.0
823 246900 2.0 2.0
824 247200 2.0 2.0
825 247500 2.0 2.0
826 247800 2.0 2.0
827 248100 2.0 2.0
828 248400 2.0 2.0
829 248700 2.0 2.0
830 249000 2.0 2.0
831 249300 2.0 2.0
832 249600 2.0 2.0
833 249900 2.0 2.0
834 250200 2.0 2.0
835 250500 2.0 2.0
836 250800 2.0 2.0
837 251100 2.0 2.0
838 251400 2.0 2.0
839 251700 2.0 2.0
840 252000 2.0 2.0
841 252300 2.0 2.0
842 252600 2.0 2.0
843 252900 2.0 2.0
844 253200 2.0 2.0
845 253500 2.0 2.0
846 253800 2.0 2.0
847 254100 2.0 2.0
848 254400 2.0 2.0
849 254700 2.0 2.0
850 255000 2.0 2.0
851 255300 2.0 2.0
852 255600 2.0 2.0
853 255900 2.0 2.0
854 256200 2.0 2.0
855 256500 2.0 2.0
856 256800 2.0 2.0
857 257100 2.0 2.0
858 257400 2.0 2.0
859 257700 2.0 2.0
860 258000 2.0 2.0
861 258300 2.0 2.0
862 258600 2.0 2.0
863 258900 2.0 2.0
864 259200 2.0 2.0
865 259500 2.0 2.0
866 259800 2.0 2.0
867 260100 2.0 2.0
868 260400 2.0 2.0
869 260700 2.0 2.0
870 261000 2.0 2.0
871 261300 2.0 2.0
872 261600 2.0 2.0
873 261900 2.0 2.0
874 262200 2.0 2.0
875 262500 2.0 2.0
876 262800 2.0 2.0
877 263100 2.0 2.0
878 263400 2.0 2.0
879 263700 2.0 2.0
880 264000 2.0 2.0
881 264300 2.0 2.0
882 264600 2.0 2.0
883 264900 2.0 2.0
884 265200 2.0 2.0
885 265500 2.0 2.0
886 265800 2.0 2.0
887 266100 2.0 2.0
888 266400 2.0 2.0
889 266700 2.0 2.0
890 267000 2.0 2.0
891 267300 2.0 2.0
892 267600 2.0 2.0
893 267900 2.0 2.0
894 268200 2.0 2.0
895 268500 2.0 2.0
896 268800 2.0 2.0
897 269100 2.0 2.0
898 269400 2.0 2.0
899 269700 2.0 2.0
900 270000 2.0 2.0
901 270300 2.0 2.0
902 270600 2.0 2.0
903 270900 2.0 2.0
904 271200 2.0 2.0
905 271500 2.0 2.0
906 271800 2.0 2.0
907 272100 2.0 2.0
908 272400 2.0 2.0
909 272700 2.0 2.0
910 273000 2.0 2.0
911 273300 2.0 2.0
912 273600 2.0 2.0
913 273900 2.0 2.0
914 274200 2.0 2.0
915 274500 2.0 2.0
916 274800 2.0 2.0
917 275100 2.0 2.0
918 275400 2.0 2.0
919 275700 2.0 2.0
920 276000 2.0 2.0
921 276300 2.0 2.0
922 276600 2.0 2.0
923 276900 2.0 2.0
924 277200 2.0 2.0
925 277500 2.0 2.0
926 277800 2.0 2.0
927 278100 2.0 2.0
928 278400 2.0 2.0
929 278700 2.0 2.0
930 279000 2.0 2.0
931 279300 2.0 2.0
932 279600 2.0 2.0
933 279900 2.0 2.0
934 280200 2.0 2.0
935 280500 2.0 2.0
936 280800 2.0 2.0
937 281100 2.0 2.0
938 281400 2.0 2.0
939 281700 2.0 2.0
940 282000 2.0 2.0
941 282300 2.0 2.0
942 282600 2.0 2.0
943 282900 2.0 2.0
944 283200 2.0 2.0
945 283500 2.0 2.0
946 283800 2.0 2.0
947 284100 2.0 2.0
948 284400 2.0 2.0
949 284700 2.0 2.0
950 285000 2.0 2.0
951 285300 2.0 2.0
952 285600 2.0 2.0
953 285900 2.0 2.0
954 286200 2.0 2.0
955 286500 2.0 2.0
956 286800 2.0 2.0
957 287100 2.0 2.0
958 287400 2.0 2.0
959 287700 2.0 2.0
960 288000 2.0 2.0
961 288300 2.0 2.0
962 288600 2.0 2.0
963 288900 2.0 2.0
964 289200 2.0 2.0
965 289500 2.0 2.0
966 289800 2.0 2.0
967 290100 2.0 2.0
968 290400 2.0 2.0
969 290700 2.0 2.0
970 291000 2.0 2.0
971 291300 2.0 2.0
972 291600 2.0 2.0
973 291900 2.0 2.0
974 292200 2.0 2.0
975 292500 2.0 2.0
976 292800 2.0 2.0
977 293100 2.0 2.0
978 293400 2.0 2.0
979 293700 2.0 2.0
980 294000 2.0 2.0
981 294300 2.0 2.0
982 294600 2.0 2.0
983 294900 2.0 2.0
984 295200 2.0 2.0
985 295500 2.0 2.0
986 295800 2.0 2.0
987 296100 2.0 2.0
988 296400 2.0 2.0
989 296700 2.0 2.0
990 297000 2.0 2.0
991 297300 2.0 2.0
992 297600 2.0 2.0
993 297900 2.0 2.0
994 298200 2.0 2.0
995 298500 2.0 2.0
996 298800 2.0 2.0
997 299100 2.0 2.0
998 299400 2.0 2.0
999 299700 2.0 2.0
1000 300000 2.0 2.0
1001 300300 2.0 2.0
1002 300600 2.0 2.0
1003 300900 2.0 2.0
1004 301200 2.0 2.0
1005 301500 2.0 2.0
1006 301800 2.0 2.0
1007 302100 2.0 2.0
1008 302400 2.0 2.0
1009 302700 2.0 2.0
1010 303000 2.0 2.0
1011 303300 2.0 2.0
1012 303600 2.0 2.0
1013 303900 2.0 2.0
1014 304200 2.0 2.0
1015 304500 2.0 2.0
1016 304800 2.0 2.0
1017 305100 2.0 2.0
1018 305400 2.0 2.0
1019 305700 2.0 2.0
1020 306000 2.0 2.0
1021 306300 2.0 2.0
1022 306600 2.0 2.0
1023 306900 2.0 2.0
1024 307200 2.0 2.0
1025 307500 2.0 2.0
1026 307800 2.0 2.0
1027 308100 2.0 2.0
1028 308400 2.0 2.0
1029 308700 2.0 2.0
1030 309000 2.0 2.0
1031 309300 2.0 2.0
1032 309600 2.0 2.0
1033 309900 2.0 2.0
1034 310200 2.0 2.0
1035 310500 2.0 2.0
1036 310800 2.0 2.0
1037 311100 2.0 2.0
1038 311400 2.0 2.0
1039 311700 2.0 2.0
1040 312000 2.0 2.0
1041 312300 2.0 2.0
1042 312600 2.0 2.0
1043 312900 2.0 2.0
1044 313200 2.0 2.0
1045 313500 2.0 2.0
1046 313800 2.0 2.0
1047 314100 2.0 2.0
1048 314400 2.0 2.0
1049 314700 2.0 2.0
1050 315000 2.0 2.0
1051 315300 2.0 2.0
1052 315600 2.0 2.0
1053 315900 2.0 2.0
1054 316200 2.0 2.0
1055 316500 2.0 2.0
1056 316800 2.0 2.0
1057 317100 2.0 2.0
1058 317400 2.0 2.0
1059 317700 2.0 2.0
1060 318000 2.0 2.0
1061 318300 2.0 2.0
1062 318600 2.0 2.0
1063 318900 2.0 2.0
1064 319200 2.0 2.0
1065 319500 2.0 2.0
1066 319800 2.0 2.0
1067 320100 2.0 2.0
1068 320400 2.0 2.0
1069 320700 2.0 2.0
1070 321000 2.0 2.0
1071 321300 2.0 2.0
1072 321600 2.0 2.0
1073 321900 2.0 2.0
1074 322200 2.0 2.0
1075 322500 2.0 2.0
1076 322800 2.0 2.0
1077 323100 2.0 2.0
1078 323400 2.0 2.0
1079 323700 2.0 2.0
1080 324000 2.0 2.0
1081 324300 2.0 2.0
1082 324600 2.0 2.0
1083 324900 2.0 2.0
1084 325200 2.0 2.0
1085 325500 2.0 2.0
1086 325800 2.0 2.0
1087 326100 2.0 2.0
1088 326400 2.0 2.0
1089 326700 2.0 2.0
1090 327000 2.0 2.0
1091 327300 2.0 2.0
1092 327600 2.0 2.0
1093 327900 2.0 2.0
1094 328200 2.0 2.0
1095 328500 2.0 2.0
1096 328800 2.0 2.0
1097 329100 2.0 2.0
1098 329400 2.0 2.0
1099 329700 2.0 2.0
1100 330000 2.0 2.0
1101 330300 2.0 2.0
1102 330600 2.0 2.0
1103 330900 2.0 2.0
1104 331200 2.0 2.0
1105 331500 2.0 2.0
1106 331800 2.0 2.0
1107 332100 2.0 2.0
1108 332400 2.0 2.0
1109 332700 2.0 2.0
1110 333000 2.0 2.0
1111 333300 2.0 2.0
1112 333600 2.0 2.0
1113 333900 2.0 2.0
1114 334200 2.0 2.0
1115 334500 2.0 2.0
1116 334800 2.0 2.0
1117 335100 2.0 2.0
1118 335400 2.0 2.0
1119 335700 2.0 2.0
1120 336000 2.0 2.0
1121 336300 2.0 2.0
1122 336600 2.0 2.0
1123 336900 2.0 2.0
1124 337200 2.0 2.0
1125 337500 2.0 2.0
1126 337800 2.0 2.0
1127 338100 2.0 2.0
1128 338400 2.0 2.0
1129 338700 2.0 2.0
1130 339000 2.0 2.0
1131 339300 2.0 2.0
1132 339600 2.0 2.0
1133 339900 2.0 2.0
1134 340200 2.0 2.0
1135 340500 2.0 2.0
1136 340800 2.0 2.0
1137 341100 2.0 2.0
1138 341400 2.0 2.0
1139 341700 2.0 2.0
1140 342000 2.0 2.0
1141 342300 2.0 2.0
1142 342600 2.0 2.0
1143 342900 2.0 2.0
1144 343200 2.0 2.0
1145 343500 2.0 2.0
1146 343800 2.0 2.0
1147 344100 2.0 2.0
1148 344400 2.0 2.0
1149 344700 2.0 2.0
1150 345000 2.0 2.0
1151 345300 2.0 2.0
1152 345600 2.0 2.0
1153 345900 2.0 2.0
1154 346200 2.0 2.0
1155 346500 2.0 2.0
1156 346800 2.0 2.0
1157 347100 2.0 2.0
1158 347400 2.0 2.0
1159 347700 2.0 2.0
1160 348000 2.0 2.0
1161 348300 2.0 2.0
1162 348600 2.0 2.0
1163 348900 2.0 2.0
1164 349200 2.0 2.0
1165 349500 2.0 2.0
1166 349800 2.0 2.0
1167 350100 2.0 2.0
1168 350400 2.0 2.0
1169 350700 2.0 2.0
1170 351000 2.0 2.0
1171 351300 2.0 2.0
1172 351600 2.0 2.0
1173 351900 2.0 2.0
1174 352200 2.0 2.0
1175 352500 2.0 2.0
1176 352800 2.0 2.0
1177 353100 2.0 2.0
1178 353400 2.0 2.0
1179 353700 2.0 2.0
1180 354000 2.0 2.0
1181 354300 2.0 2.0
1182 354600 2.0 2.0
1183 354900 2.0 2.0
1184 355200 2.0 2.0
1185 355500 2.0 2.0
1186 355800 2.0 2.0
1187 356100 2.0 2.0
1188 356400 2.0 2.0
1189 356700 2.0 2.0
1190 357000 2.0 2.0
1191 357300 2.0 2.0
1192 357600 2.0 2.0
1193 357900 2.0 2.0
1194 358200 2.0 2.0
1195 358500 2.0 2.0
1196 358800 2.0 2.0
1197 359100 2.0 2.0
1198 359400 2.0 2.0
1199 359700 2.0 2.0
1200 360000 2.0 2.0
1201 360300 2.0 2.0
1202 360600 2.0 2.0
1203 360900 2.0 2.0
1204 361200 2.0 2.0
1205 361500 2.0 2.0
1206 361800 2.0 2.0
1207 362100 2.0 2.0
1208 362400 2.0 2.0
1209 362700 2.0 2.0
1210 363000 2.0 2.0
1211 363300 2.0 2.0
1212 363600 2.0 2.0
1213 363900 2.0 2.0
1214 364200 2.0 2.0
1215 364500 2.0 2.0
1216 364800 2.0 2.0
1217 365100 2.0 2.0
1218 365400 2.0 2.0
1219 365700 2.0 2.0
1220 366000 2.0 2.0
1221 366300 2.0 2.0
1222 366600 2.0 2.0
1223 366900 2.0 2.0
1224 367200 2.0 2.0
1225 367500 2.0 2.0
1226 367800 2.0 2.0
1227 368100 2.0 2.0
1228 368400 2.0 2.0
1229 368700 2.0 2.0
1230 369000 2.0 2.0
1231 369300 2.0 2.0
1232 369600 2.0 2.0
1233 369900 2.0 2.0
1234 370200 2.0 2.0
1235 370500 2.0 2.0
1236 370800 2.0 2.0
1237 371100 2.0 2.0
1238 371400 2.0 2.0
1239 371700 2.0 2.0
1240 372000 2.0 2.0
1241 372300 2.0 2.0
1242 372600 2.0 2.0
1243 372900 2.0 2.0
1244 373200 2.0 2.0
1245 373500 2.0 2.0
1246 373800 2.0 2.0
1247 374100 2.0 2.0
1248 374400 2.0 2.0
1249 374700 2.0 2.0
1250 375000 2.0 2.0
1251 375300 2.0 2.0
1252 375600 2.0 2.0
1253 375900 2.0 2.0
1254 376200 2.0 2.0
1255 376500 2.0 2.0
1256 376800 2.0 2.0
1257 377100 2.0 2.0
1258 377400 2.0 2.0
1259 377700 2.0 2.0
1260 378000 2.0 2.0
1261 378300 2.0 2.0
1262 378600 2.0 2.0
1263 378900 2.0 2.0
1264 379200 2.0 2.0
1265 379500 2.0 2.0
1266 379800 2.0 2.0
1267 380100 2.0 2.0
1268 380400 2.0 2.0
1269 380700 2.0 2.0
1270 381000 2.0 2.0
1271 381300 2.0 2.0
1272 381600 2.0 2.0
1273 381900 2.0 2.0
1274 382200 2.0 2.0
1275 382500 2.0 2.0
1276 382800 2.0 2.0
1277 383100 2.0 2.0
1278 383400 2.0 2.0
1279 383700 2.0 2.0
1280 384000 2.0 2.0
1281 384300 2.0 2.0
1282 384600 2.0 2.0
1283 384900 2.0 2.0
1284 385200 2.0 2.0
1285 385500 2.0 2.0
1286 385800 2.0 2.0
1287 386100 2.0 2.0
1288 386400 2.0 2.0
1289 386700 2.0 2.0
1290 387000 2.0 2.0
1291 387300 2.0 2.0
1292 387600 2.0 2.0
1293 387900 2.0 2.0
1294 388200 2.0 2.0
1295 388500 2.0 2.0
1296 388800 2.0 2.0
1297 389100 2.0 2.0
1298 389400 2.0 2.0
1299 389700 2.0 2.0
1300 390000 2.0 2.0
1301 390300 2.0 2.0
1302 390600 2.0 2.0
1303 390900 2.0 2.0
1304 391200 2.0 2.0
1305 391500 2.0 2.0
1306 391800 2.0 2.0
1307 392100 2.0 2.0
1308 392400 2.0 2.0
1309 392700 2.0 2.0
1310 393000 2.0 2.0
1311 393300 2.0 2.0
1312 393600 2.0 2.0
1313 393900 2.0 2.0
1314 394200 2.0 2.0
1315 394500 2.0 2.0
1316 394800 2.0 2.0
1317 395100 2.0 2.0
1318 395400 2.0 2.0
1319 395700 2.0 2.0
1320 396000 2.0 2.0
1321 396300 2.0 2.0
1322 396600 2.0 2.0
1323 396900 2.0 2.0
1324 397200 2.0 2.0
1325 397500 2.0 2.0
1326 397800 2.0 2.0
1327 398100 2.0 2.0
1328 398400 2.0 2.0
1329 398700 2.0 2.0
1330 399000 2.0 2.0
1331 399300 2.0 2.0
1332 399600 2.0 2.0
1333 399900 2.0 2.0
1334 400200 2.0 2.0
