1 200 0.0
2 400 0.0
3 600 0.0
4 800 0.0
5 1000 0.0
6 1200 0.0
7 1400 0.0
8 1600 0.0
9 1800 0.0
10 2000 0.0
11 2200 0.0
12 2400 0.0
13 2600 0.0
14 2800 0.0
15 3000 0.0
16 3200 0.0
17 3400 0.0
18 3600 0.0
19 3800 0.0
20 4000 0.0
21 4200 0.0
22 4400 0.0
23 4600 0.0
24 4800 0.0
25 5000 0.0
26 5200 0.0
27 5400 0.0
28 5600 0.0
29 5800 0.0
30 6000 0.0
31 6200 0.0
32 6400 0.0
33 6600 0.0
34 6800 0.0
35 7000 0.0
36 7200 0.0
37 7400 0.0
38 7600 0.0
39 7800 0.0
40 8000 0.0
41 8200 0.0
42 8400 0.0
43 8600 0.0
44 8800 0.0
45 9000 0.0
46 9200 0.0
47 9400 0.0
48 9600 0.0
49 9800 0.0
50 10000 0.0
51 10200 0.0
52 10400 0.0
53 10600 0.0
54 10800 0.0
55 11000 0.0
56 11200 0.0
57 11400 0.0
58 11600 0.0
59 11800 0.0
60 12000 0.0
61 12200 0.0
62 12400 0.0
63 12600 0.0
64 12800 0.0
65 13000 0.0
66 13200 0.0
67 13400 0.0
68 13600 0.0
69 13800 0.0
70 14000 0.0
71 14200 0.0
72 14400 0.0
73 14600 0.0
74 14800 0.0
75 15000 0.0
76 15200 0.0
77 15400 0.0
78 15600 0.0
79 15800 0.0
80 16000 0.0
81 16200 0.0
82 16400 0.0
83 16600 0.0
84 16800 0.0
85 17000 0.0
86 17200 0.0
87 17400 0.0
88 17600 0.0
89 17800 0.0
90 18000 0.0
91 18200 0.0
92 18400 0.0
93 18600 0.0
94 18800 0.0
95 19000 0.0
96 19200 0.0
97 19400 0.0
98 19600 0.0
99 19800 0.0
100 20000 0.0
101 20200 0.0
102 20400 0.0
103 20600 0.0
104 20800 0.0
105 21000 0.0
106 21200 0.0
107 21400 0.0
108 21600 0.0
109 21800 0.0
110 22000 0.0
111 22200 0.0
112 22400 0.0
113 22600 0.0
114 22800 0.0
115 23000 0.0
116 23200 0.0
117 23400 0.0
118 23600 0.0
119 23800 0.0
120 24000 0.0
121 24200 0.0
122 24400 0.0
123 24600 0.0
124 24800 0.0
125 25000 0.0
126 25200 0.0
127 25400 0.0
128 25600 0.0
129 25800 0.0
130 26000 0.0
131 26200 0.0
132 26400 0.0
133 26600 0.0
134 26800 0.0
135 27000 0.0
136 27200 0.0
137 27400 0.0
138 27600 0.0
139 27800 0.0
140 28000 0.0
141 28200 0.0
142 28400 0.0
143 28600 0.0
144 28800 0.0
145 29000 0.0
146 29200 0.0
147 29400 0.0
148 29600 0.0
149 29800 0.0
150 30000 0.0
151 30200 0.0
152 30400 0.0
153 30600 0.0
154 30800 0.0
155 31000 0.0
156 31200 0.0
157 31400 0.0
158 31600 0.0
159 31800 0.0
160 32000 0.0
161 32200 0.0
162 32400 0.0
163 32600 0.0
164 32800 0.0
165 33000 0.0
166 33200 0.0
167 33400 0.0
168 33600 0.0
169 33800 0.0
170 34000 0.0
171 34200 0.0
172 34400 0.0
173 34600 0.0
174 34800 0.0
175 35000 0.0
176 35200 0.0
177 35400 0.0
178 35600 0.0
179 35800 0.0
180 36000 0.0
181 36200 0.0
182 36400 0.0
183 36600 0.0
184 36800 0.0
185 37000 0.0
186 37200 0.0
187 37400 0.0
188 37600 0.0
189 37800 0.0
190 38000 0.0
191 38200 0.0
192 38400 0.0
193 38600 0.0
194 38800 0.0
195 39000 0.0
196 39200 0.0
197 39400 0.0
198 39600 0.0
199 39800 0.0
200 40000 0.0
201 40200 0.0
202 40400 0.0
203 40600 0.0
204 40800 0.0
205 41000 0.0
206 41200 0.0
207 41400 0.0
208 41600 0.0
209 41800 0.0
210 42000 0.0
211 42200 0.0
212 42400 0.0
213 42600 0.0
214 42800 0.0
215 43000 0.0
216 43200 0.0
217 43400 0.0
218 43600 0.0
219 43800 0.0
220 44000 0.0
221 44200 0.0
222 44400 0.0
223 44600 0.0
224 44800 0.0
225 45000 0.0
226 45200 0.0
227 45400 0.0
228 45600 0.0
229 45800 0.0
230 46000 0.0
231 46200 0.0
232 46400 0.0
233 46600 0.0
234 46800 0.0
235 47000 0.0
236 47200 0.0
237 47400 0.0
238 47600 0.0
239 47800 0.0
240 48000 0.0
241 48200 0.0
242 48400 0.0
243 48600 0.0
244 48800 0.0
245 49000 0.0
246 49200 0.0
247 49400 0.0
248 49600 0.0
249 49800 0.0
250 50000 0.0
251 50200 0.0
252 50400 0.0
253 50600 0.0
254 50800 0.0
255 51000 0.0
256 51200 0.0
257 51400 0.0
258 51600 0.0
259 51800 0.0
260 52000 0.0
261 52200 0.0
262 52400 0.0
263 52600 0.0
264 52800 0.0
265 53000 0.0
266 53200 0.01
267 53400 0.01
268 53600 0.01
269 53800 0.01
270 54000 0.01
271 54200 0.01
272 54400 0.01
273 54600 0.01
274 54800 0.01
275 55000 0.01
276 55200 0.01
277 55400 0.01
278 55600 0.01
279 55800 0.01
280 56000 0.01
281 56200 0.01
282 56400 0.01
283 56600 0.01
284 56800 0.01
285 57000 0.01
286 57200 0.01
287 57400 0.01
288 57600 0.01
289 57800 0.01
290 58000 0.01
291 58200 0.01
292 58400 0.01
293 58600 0.01
294 58800 0.01
295 59000 0.01
296 59200 0.01
297 59400 0.01
298 59600 0.01
299 59800 0.01
300 60000 0.01
301 60200 0.01
302 60400 0.01
303 60600 0.01
304 60800 0.01
305 61000 0.01
306 61200 0.01
307 61400 0.01
308 61600 0.01
309 61800 0.01
310 62000 0.01
311 62200 0.01
312 62400 0.01
313 62600 0.01
314 62800 0.01
315 63000 0.01
316 63200 0.01
317 63400 0.01
318 63600 0.01
319 63800 0.01
320 64000 0.01
321 64200 0.01
322 64400 0.01
323 64600 0.01
324 64800 0.01
325 65000 0.01
326 65200 0.01
327 65400 0.01
328 65600 0.01
329 65800 0.01
330 66000 0.01
331 66200 0.01
332 66400 0.01
333 66600 0.01
334 66800 0.01
335 67000 0.01
336 67200 0.01
337 67400 0.01
338 67600 0.01
339 67800 0.01
340 68000 0.01
341 68200 0.01
342 68400 0.01
343 68600 0.01
344 68800 0.01
345 69000 0.01
346 69200 0.01
347 69400 0.01
348 69600 0.01
349 69800 0.01
350 70000 0.01
351 70200 0.01
352 70400 0.01
353 70600 0.01
354 70800 0.01
355 71000 0.01
356 71200 0.01
357 71400 0.01
358 71600 0.01
359 71800 0.01
360 72000 0.01
361 72200 0.01
362 72400 0.01
363 72600 0.01
364 72800 0.01
365 72988 0.01
366 73188 0.0
367 73388 0.0
368 73588 0.0
369 73788 0.0
370 73988 0.0
371 74188 0.0
372 74388 0.0
373 74588 0.0
374 74788 0.0
375 74988 0.0
376 75188 0.0
377 75388 0.0
378 75588 0.0
379 75788 0.0
380 75988 0.0
381 76188 0.0
382 76388 0.0
383 76588 0.0
384 76788 0.0
385 76988 0.0
386 77188 0.0
387 77388 0.0
388 77588 0.0
389 77788 0.0
390 77988 0.0
391 78188 0.0
392 78388 0.0
393 78588 0.0
394 78788 0.0
395 78988 0.0
396 79188 0.0
397 79388 0.0
398 79588 0.0
399 79788 0.0
400 79988 0.0
401 80188 0.0
402 80388 0.0
403 80588 0.0
404 80788 0.0
405 80988 0.0
406 81188 0.0
407 81388 0.0
408 81588 0.0
409 81788 0.0
410 81988 0.0
411 82188 0.0
412 82388 0.0
413 82588 0.0
414 82788 0.0
415 82988 0.0
416 83188 0.0
417 83388 0.0
418 83588 0.0
419 83788 0.0
420 83988 0.0
421 84188 0.0
422 84388 0.0
423 84588 0.0
424 84788 0.0
425 84988 0.0
426 85188 0.0
427 85388 0.0
428 85588 0.0
429 85788 0.0
430 85988 0.0
431 86188 0.0
432 86388 0.0
433 86588 0.0
434 86788 0.0
435 86988 0.0
436 87188 0.0
437 87388 0.0
438 87588 0.0
439 87788 0.0
440 87988 0.0
441 88188 0.0
442 88388 0.0
443 88588 0.0
444 88788 0.0
445 88988 0.0
446 89188 0.0
447 89388 0.0
448 89588 0.0
449 89788 0.0
450 89988 0.0
451 90188 0.0
452 90388 0.0
453 90588 0.0
454 90788 0.0
455 90988 0.0
456 91188 0.0
457 91388 0.0
458 91588 0.0
459 91788 0.0
460 91988 0.0
461 92188 0.0
462 92388 0.0
463 92588 0.0
464 92788 0.0
465 92988 0.0
466 93188 0.0
467 93388 0.0
468 93588 0.0
469 93788 0.0
470 93988 0.0
471 94188 0.0
472 94388 0.0
473 94588 0.0
474 94788 0.0
475 94988 0.0
476 95188 0.0
477 95388 0.0
478 95588 0.0
479 95788 0.0
480 95988 0.0
481 96188 0.0
482 96388 0.0
483 96588 0.0
484 96788 0.0
485 96988 0.0
486 97188 0.0
487 97388 0.0
488 97588 0.0
489 97788 0.0
490 97988 0.0
491 98188 0.0
492 98388 0.0
493 98588 0.0
494 98788 0.0
495 98988 0.0
496 99188 0.01
497 99388 0.01
498 99588 0.01
499 99788 0.02
500 99988 0.02
501 100188 0.02
502 100388 0.02
503 100588 0.02
504 100788 0.02
505 100988 0.02
506 101188 0.02
507 101388 0.02
508 101588 0.02
509 101788 0.02
510 101988 0.02
511 102188 0.02
512 102388 0.02
513 102588 0.02
514 102788 0.02
515 102988 0.02
516 103188 0.02
517 103388 0.02
518 103588 0.02
519 103788 0.02
520 103988 0.02
521 104188 0.02
522 104388 0.02
523 104588 0.02
524 104788 0.02
525 104988 0.02
526 105188 0.02
527 105388 0.02
528 105588 0.02
529 105788 0.02
530 105988 0.02
531 106188 0.02
532 106388 0.02
533 106588 0.02
534 106788 0.02
535 106988 0.02
536 107188 0.02
537 107388 0.02
538 107588 0.02
539 107788 0.02
540 107988 0.02
541 108188 0.02
542 108388 0.02
543 108588 0.02
544 108788 0.02
545 108988 0.02
546 109188 0.02
547 109388 0.02
548 109588 0.02
549 109788 0.02
550 109988 0.02
551 110188 0.02
552 110388 0.02
553 110588 0.02
554 110788 0.02
555 110988 0.02
556 111188 0.02
557 111388 0.02
558 111588 0.02
559 111788 0.02
560 111988 0.02
561 112188 0.02
562 112388 0.02
563 112588 0.02
564 112788 0.02
565 112988 0.03
566 113188 0.03
567 113388 0.04
568 113588 0.04
569 113788 0.04
570 113988 0.04
571 114188 0.04
572 114388 0.04
573 114588 0.04
574 114788 0.04
575 114988 0.04
576 115188 0.04
577 115388 0.04
578 115588 0.04
579 115788 0.04
580 115988 0.04
581 116188 0.04
582 116388 0.04
583 116588 0.04
584 116788 0.04
585 116988 0.04
586 117188 0.04
587 117388 0.04
588 117588 0.04
589 117788 0.05
590 117988 0.05
591 118188 0.05
592 118388 0.05
593 118588 0.05
594 118788 0.05
595 118987 0.05
596 119187 0.04
597 119387 0.04
598 119579 0.04
599 119779 0.03
600 119979 0.03
601 120179 0.03
602 120379 0.04
603 120579 0.04
604 120779 0.04
605 120979 0.04
606 121179 0.04
607 121379 0.04
608 121579 0.04
609 121779 0.04
610 121979 0.04
611 122179 0.04
612 122379 0.04
613 122579 0.04
614 122779 0.04
615 122979 0.04
616 123179 0.04
617 123379 0.04
618 123579 0.04
619 123779 0.04
620 123979 0.04
621 124179 0.04
622 124379 0.05
623 124579 0.05
624 124779 0.05
625 124979 0.05
626 125179 0.05
627 125379 0.05
628 125579 0.05
629 125779 0.05
630 125979 0.05
631 126179 0.05
632 126379 0.05
633 126579 0.05
634 126779 0.05
635 126979 0.05
636 127179 0.05
637 127379 0.05
638 127579 0.05
639 127779 0.05
640 127979 0.05
641 128179 0.05
642 128379 0.05
643 128579 0.05
644 128779 0.05
645 128979 0.05
646 129179 0.05
647 129379 0.05
648 129579 0.05
649 129779 0.05
650 129979 0.05
651 130179 0.05
652 130379 0.060000000000000005
653 130579 0.060000000000000005
654 130779 0.060000000000000005
655 130979 0.060000000000000005
656 131179 0.06
657 131379 0.06
658 131579 0.06
659 131779 0.06
660 131979 0.06
661 132179 0.06
662 132379 0.06
663 132579 0.06
664 132776 0.06
665 132976 0.05
666 133135 0.05
667 133335 0.05
668 133535 0.05
669 133735 0.05
670 133935 0.05
671 134135 0.05
672 134335 0.05
673 134535 0.05
674 134735 0.05
675 134935 0.05
676 135135 0.05
677 135335 0.05
678 135535 0.05
679 135735 0.05
680 135935 0.05
681 136135 0.05
682 136335 0.05
683 136535 0.05
684 136735 0.05
685 136935 0.05
686 137135 0.05
687 137335 0.05
688 137519 0.05
689 137719 0.04
690 137919 0.04
691 138119 0.04
692 138319 0.04
693 138519 0.04
694 138719 0.04
695 138919 0.04
696 139119 0.04
697 139319 0.04
698 139519 0.05
699 139719 0.05
700 139919 0.05
701 140026 0.05
702 140226 0.04
703 140426 0.04
704 140626 0.04
705 140826 0.04
706 141026 0.04
707 141226 0.04
708 141426 0.04
709 141626 0.04
710 141826 0.04
711 142026 0.04
712 142226 0.04
713 142426 0.04
714 142626 0.04
715 142826 0.04
716 143026 0.04
717 143226 0.04
718 143426 0.04
719 143626 0.04
720 143826 0.04
721 143986 0.04
722 144186 0.03
723 144386 0.03
724 144586 0.03
725 144786 0.03
726 144986 0.03
727 145186 0.03
728 145386 0.03
729 145586 0.03
730 145786 0.03
731 145986 0.03
732 146186 0.03
733 146386 0.03
734 146586 0.03
735 146786 0.03
736 146986 0.03
737 147186 0.03
738 147386 0.03
739 147586 0.03
740 147786 0.03
741 147986 0.03
742 148186 0.03
743 148386 0.03
744 148586 0.03
745 148786 0.03
746 148986 0.03
747 149186 0.03
748 149386 0.03
749 149586 0.03
750 149786 0.03
751 149919 0.03
752 150119 0.03
753 150319 0.03
754 150519 0.03
755 150719 0.03
756 150919 0.04
757 151119 0.05
758 151319 0.05
759 151519 0.05
760 151719 0.05
761 151919 0.05
762 152119 0.05
763 152319 0.05
764 152519 0.05
765 152719 0.05
766 152823 0.060000000000000005
767 153023 0.060000000000000005
768 153223 0.060000000000000005
769 153423 0.07
770 153623 0.07
771 153823 0.06999999999999999
772 154023 0.06999999999999999
773 154223 0.07
774 154423 0.07
775 154623 0.07
776 154823 0.07
777 155023 0.07
778 155223 0.07
779 155423 0.07
780 155623 0.07
781 155823 0.07
782 156023 0.07
783 156223 0.07
784 156423 0.07
785 156623 0.07
786 156823 0.07
787 157023 0.07
788 157223 0.07
789 157423 0.07
790 157623 0.07
791 157823 0.07
792 158023 0.07
793 158223 0.07
794 158423 0.07
795 158623 0.07
796 158823 0.07
797 158996 0.07
798 159196 0.06
799 159396 0.06
800 159596 0.06
801 159796 0.06
802 159996 0.06
803 160196 0.06
804 160396 0.06
805 160596 0.06
806 160796 0.06
807 160996 0.06
808 161196 0.06
809 161396 0.06
810 161596 0.06
811 161796 0.06
812 161996 0.06
813 162196 0.06
814 162396 0.06
815 162596 0.06
816 162796 0.06
817 162996 0.06
818 163196 0.06
819 163396 0.06
820 163596 0.06
821 163796 0.06
822 163996 0.06
823 164196 0.06
824 164396 0.06999999999999999
825 164596 0.06999999999999999
826 164796 0.06999999999999999
827 164996 0.06999999999999999
828 165196 0.07
829 165396 0.07
830 165596 0.07
831 165796 0.07
832 165996 0.07
833 166196 0.07
834 166396 0.07
835 166596 0.07
836 166796 0.07
837 166996 0.07
838 167196 0.07
839 167396 0.07
840 167596 0.07
841 167796 0.07
842 167996 0.07
843 168196 0.07
844 168396 0.07
845 168596 0.07
846 168796 0.07
847 168996 0.07
848 169196 0.07
849 169396 0.07
850 169596 0.07
851 169723 0.07
852 169923 0.06
853 170123 0.06
854 170323 0.06
855 170463 0.06
856 170606 0.05
857 170806 0.04
858 171006 0.04
859 171206 0.04
860 171406 0.05
861 171606 0.05
862 171806 0.05
863 172006 0.05
864 172206 0.05
865 172367 0.05
866 172555 0.04
867 172755 0.03
868 172908 0.03
869 173108 0.02
870 173308 0.02
871 173508 0.02
872 173708 0.02
873 173908 0.02
874 174108 0.02
875 174308 0.02
876 174508 0.02
877 174708 0.02
878 174908 0.03
879 175108 0.03
880 175308 0.03
881 175508 0.03
882 175708 0.03
883 175908 0.03
884 176108 0.03
885 176308 0.03
886 176508 0.03
887 176708 0.03
888 176908 0.03
889 177108 0.03
890 177308 0.04
891 177508 0.04
892 177708 0.04
893 177908 0.04
894 178108 0.04
895 178308 0.04
896 178508 0.04
897 178708 0.04
898 178908 0.04
899 179108 0.04
900 179308 0.04
901 179508 0.04
902 179708 0.04
903 179908 0.05
904 180108 0.060000000000000005
905 180308 0.060000000000000005
