1 278 0.0
2 578 0.0
3 878 0.0
4 1099 0.0
5 1249 0.0
6 1549 0.0
7 1849 0.0
8 2149 0.0
9 2449 0.0
10 2749 0.0
11 3049 0.0
12 3349 0.0
13 3649 0.0
14 3949 0.0
15 4249 0.0
16 4549 0.0
17 4849 0.0
18 5149 0.0
19 5449 0.0
20 5749 0.0
21 6049 0.0
22 6349 0.0
23 6649 0.0
24 6949 0.0
25 7249 0.0
26 7549 0.0
27 7849 0.0
28 8149 0.0
29 8449 0.0
30 8749 0.0
31 9049 0.0
32 9349 0.0
33 9649 0.0
34 9869 0.0
35 10059 0.0
36 10359 0.0
37 10659 0.0
38 10959 0.0
39 11259 0.0
40 11559 0.0
41 11859 0.0
42 12159 0.0
43 12459 0.0
44 12759 0.0
45 13059 0.0
46 13359 0.0
47 13659 0.0
48 13959 0.0
49 14259 0.0
50 14559 0.0
51 14841 0.0
52 15141 0.0
53 15441 0.0
54 15741 0.0
55 16041 0.0
56 16341 0.0
57 16581 0.0
58 16881 0.0
59 17181 0.0
60 17481 0.0
61 17781 0.0
62 17886 0.0
63 18186 0.0
64 18486 0.0
65 18786 0.0
66 19086 0.0
67 19386 0.0
68 19686 0.0
69 19986 0.0
70 20286 0.0
71 20586 0.0
72 20886 0.0
73 21186 0.0
74 21486 0.0
75 21786 0.0
76 22086 0.0
77 22386 0.0
78 22686 0.0
79 22986 0.0
80 23286 0.0
81 23586 0.0
82 23886 0.0
83 24186 0.0
84 24486 0.0
85 24786 0.0
86 25086 0.0
87 25386 0.0
88 25686 0.0
89 25986 0.0
90 26286 0.0
91 26586 0.0
92 26886 0.0
93 27186 0.0
94 27486 0.0
95 27786 0.0
96 28086 0.0
97 28386 0.0
98 28686 0.0
99 28986 0.0
100 29286 0.0
101 29586 0.0
102 29886 0.0
103 30186 0.0
104 30486 0.0
105 30786 0.0
106 31086 0.0
107 31386 0.0
108 31686 0.0
109 31986 0.0
110 32286 0.0
111 32586 0.0
112 32886 0.0
113 33186 0.0
114 33486 0.0
115 33786 0.0
116 34086 0.0
117 34386 0.0
118 34686 0.0
119 34986 0.0
120 35286 0.0
121 35586 0.0
122 35886 0.0
123 36186 0.0
124 36486 0.0
125 36786 0.0
126 37086 0.0
127 37290 0.0
128 37590 0.0
129 37890 0.0
130 38176 0.0
131 38476 0.0
132 38776 0.0
133 39076 0.0
134 39376 0.0
135 39676 0.0
136 39976 0.0
137 40276 0.0
138 40576 0.0
139 40876 0.0
140 41176 0.0
141 41476 0.0
142 41776 0.0
143 42076 0.0
144 42376 0.0
145 42676 0.0
146 42976 0.0
147 43276 0.0
148 43576 0.0
149 43876 0.0
150 44176 0.0
151 44476 0.0
152 44776 0.0
153 45076 0.0
154 45376 0.0
155 45676 0.0
156 45976 0.0
157 46276 0.0
158 46576 0.0
159 46876 0.0
160 47176 0.0
161 47476 0.0
162 47776 0.0
163 48076 0.0
164 48376 0.0
165 48676 0.0
166 48976 0.0
167 49276 0.0
168 49576 0.0
169 49876 0.0
170 50176 0.0
171 50476 0.0
172 50776 0.0
173 51076 0.0
174 51376 0.0
175 51676 0.0
176 51976 0.0
177 52276 0.0
178 52576 0.0
179 52876 0.0
180 53176 0.0
181 53476 0.0
182 53776 0.0
183 54076 0.0
184 54376 0.0
185 54676 0.0
186 54976 0.0
187 55276 0.0
188 55576 0.0
189 55876 0.0
190 56176 0.0
191 56476 0.0
192 56776 0.0
193 57076 0.0
194 57376 0.0
195 57676 0.0
196 57976 0.0
197 58276 0.0
198 58576 0.0
199 58876 0.0
200 59176 0.0
201 59476 0.0
202 59776 0.0
203 60076 0.0
204 60376 0.0
205 60676 0.0
206 60976 0.0
207 61276 0.0
208 61576 0.0
209 61876 0.0
210 62176 0.0
211 62476 0.0
212 62776 0.0
213 63076 0.0
214 63376 0.0
215 63676 0.0
216 63976 0.0
217 64276 0.0
218 64576 0.0
219 64876 0.0
220 65176 0.0
221 65476 0.0
222 65776 0.0
223 66076 0.0
224 66376 0.0
225 66676 0.0
226 66976 0.0
227 67247 0.0
228 67547 0.0
229 67847 0.0
230 68147 0.0
231 68447 0.0
232 68747 0.0
233 69047 0.0
234 69347 0.0
235 69647 0.0
236 69947 0.0
237 70247 0.0
238 70547 0.0
239 70847 0.0
240 71147 0.0
241 71447 0.0
242 71747 0.0
243 72047 0.0
244 72347 0.0
245 72647 0.0
246 72947 0.0
247 73247 0.0
248 73547 0.0
249 73847 0.0
250 74147 0.0
251 74447 0.0
252 74747 0.0
253 75047 0.0
254 75347 0.0
255 75647 0.0
256 75947 0.0
257 76247 0.0
258 76547 0.0
259 76847 0.0
260 77147 0.0
261 77447 0.0
262 77747 0.0
263 78047 0.0
264 78347 0.0
265 78647 0.0
266 78947 0.0
267 79247 0.0
268 79547 0.0
269 79847 0.0
270 80147 0.0
271 80447 0.0
272 80747 0.0
273 81047 0.0
274 81347 0.0
275 81647 0.0
276 81927 0.0
277 82227 0.0
278 82527 0.0
279 82827 0.0
280 83127 0.0
281 83427 0.0
282 83727 0.0
283 84027 0.0
284 84327 0.0
285 84627 0.0
286 84927 0.0
287 85227 0.0
288 85527 0.0
289 85827 0.0
290 86127 0.0
291 86427 0.0
292 86727 0.0
293 87027 0.0
294 87327 0.0
295 87627 0.0
296 87927 0.0
297 88227 0.0
298 88527 0.0
299 88827 0.0
300 89127 0.0
301 89427 0.0
302 89727 0.0
303 90027 0.0
304 90327 0.0
305 90627 0.0
306 90927 0.0
307 91227 0.0
308 91527 0.0
309 91827 0.0
310 92127 0.0
311 92427 0.0
312 92727 0.0
313 93027 0.0
314 93327 0.0
315 93627 0.0
316 93927 0.0
317 94227 0.0
318 94527 0.0
319 94827 0.0
320 95127 0.0
321 95427 0.0
322 95727 0.0
323 96027 0.0
324 96327 0.0
325 96627 0.0
326 96927 0.0
327 97227 0.0
328 97527 0.0
329 97827 0.0
330 98127 0.0
331 98427 0.0
332 98727 0.0
333 99027 0.0
334 99327 0.0
335 99627 0.0
336 99927 0.0
337 100227 0.0
338 100527 0.0
339 100827 0.0
340 101127 0.0
341 101427 0.0
342 101727 0.0
343 102027 0.0
344 102327 0.0
345 102627 0.0
346 102927 0.0
347 103227 0.0
348 103527 0.0
349 103827 0.0
350 104127 0.0
351 104427 0.0
352 104727 0.0
353 105027 0.0
354 105327 0.0
355 105627 0.0
356 105927 0.0
357 106227 0.0
358 106527 0.0
359 106827 0.0
360 107127 0.0
361 107427 0.0
362 107727 0.0
363 108027 0.0
364 108327 0.0
365 108627 0.0
366 108927 0.0
367 109227 0.0
368 109527 0.0
369 109827 0.0
370 110127 0.0
371 110427 0.0
372 110727 0.0
373 111027 0.0
374 111327 0.0
375 111627 0.0
376 111927 0.0
377 112227 0.0
378 112527 0.0
379 112827 0.0
380 113127 0.0
381 113427 0.0
382 113727 0.0
383 114027 0.0
384 114327 0.0
385 114627 0.0
386 114927 0.0
387 115227 0.0
388 115527 0.0
389 115827 0.0
390 116127 0.0
391 116427 0.0
392 116727 0.0
393 117027 0.0
394 117327 0.0
395 117627 0.0
396 117927 0.0
397 118227 0.0
398 118527 0.0
399 118827 0.0
400 119127 0.0
401 119427 0.0
402 119727 0.0
403 120027 0.0
404 120327 0.0
405 120627 0.0
406 120927 0.0
407 121227 0.0
408 121527 0.0
409 121827 0.0
410 122127 0.0
411 122427 0.0
412 122727 0.0
413 122940 0.0
414 123240 0.0
415 123540 0.0
416 123840 0.0
417 124140 0.0
418 124440 0.0
419 124740 0.0
420 125040 0.0
421 125340 0.0
422 125640 0.0
423 125940 0.0
424 126240 0.0
425 126540 0.0
426 126840 0.0
427 127140 0.0
428 127440 0.0
429 127740 0.0
430 128040 0.0
431 128340 0.0
432 128640 0.0
433 128940 0.0
434 129240 0.0
435 129540 0.0
436 129840 0.0
437 130140 0.0
438 130440 0.0
439 130740 0.0
440 131040 0.0
441 131340 0.0
442 131640 0.0
443 131940 0.0
444 132240 0.0
445 132540 0.0
446 132840 0.0
447 133140 0.0
448 133440 0.0
449 133740 0.0
450 134040 0.0
451 134340 0.0
452 134640 0.0
453 134940 0.0
454 135240 0.0
455 135540 0.0
456 135840 0.0
457 136140 0.0
458 136440 0.0
459 136740 0.0
460 137040 0.0
461 137340 0.0
462 137640 0.0
463 137940 0.0
464 138240 0.0
465 138540 0.0
466 138840 0.0
467 139140 0.0
468 139440 0.0
469 139740 0.0
470 140040 0.0
471 140340 0.0
472 140640 0.0
473 140940 0.0
474 141240 0.0
475 141540 0.0
476 141840 0.0
477 142140 0.0
478 142440 0.0
479 142740 0.0
480 143040 0.0
481 143340 0.0
482 143640 0.0
483 143940 0.0
484 144240 0.0
485 144540 0.0
486 144840 0.0
487 145140 0.0
488 145440 0.0
489 145740 0.0
490 146040 0.0
491 146340 0.0
492 146640 0.0
493 146940 0.0
494 147240 0.0
495 147540 0.0
496 147840 0.0
497 148140 0.0
498 148440 0.0
499 148683 0.0
500 148983 0.0
501 149283 0.0
502 149583 0.0
503 149883 0.0
504 150183 0.0
505 150483 0.0
506 150783 0.0
507 151083 0.0
508 151383 0.0
509 151683 0.0
510 151983 0.0
511 152283 0.0
512 152583 0.0
513 152883 0.0
514 153183 0.0
515 153483 0.0
516 153783 0.0
517 154083 0.0
518 154383 0.0
519 154683 0.0
520 154983 0.0
521 155283 0.0
522 155583 0.0
523 155883 0.0
524 156183 0.0
525 156483 0.0
526 156636 0.0
527 156936 0.0
528 157204 0.0
529 157504 0.0
530 157804 0.0
531 158104 0.0
532 158404 0.0
533 158704 0.0
534 159004 0.0
535 159304 0.0
536 159604 0.0
537 159904 0.0
538 160204 0.0
539 160504 0.0
540 160804 0.0
541 161104 0.0
542 161404 0.0
543 161704 0.0
544 162004 0.0
545 162304 0.0
546 162604 0.0
547 162904 0.0
548 163204 0.0
549 163504 0.0
550 163804 0.0
551 164104 0.0
552 164404 0.0
553 164704 0.0
554 165004 0.0
555 165304 0.0
556 165604 0.0
557 165904 0.0
558 166204 0.0
559 166504 0.0
560 166804 0.0
561 167104 0.0
562 167404 0.0
563 167704 0.0
564 168004 0.0
565 168304 0.0
566 168604 0.0
567 168904 0.0
568 169081 0.0
569 169381 0.0
570 169681 0.0
571 169981 0.0
572 170281 0.0
573 170581 0.0
574 170881 0.0
575 171181 0.0
576 171481 0.0
577 171781 0.0
578 172081 0.0
579 172381 0.0
580 172502 0.0
581 172802 0.0
582 173102 0.0
583 173402 0.0
584 173702 0.0
585 174002 0.0
586 174302 0.0
587 174602 0.0
588 174902 0.0
589 175202 0.0
590 175502 0.0
591 175802 0.0
592 176102 0.0
593 176402 0.0
594 176702 0.0
595 177002 0.0
596 177302 0.0
597 177602 0.0
598 177902 0.0
599 178202 0.0
600 178502 0.0
601 178802 0.0
602 179102 0.0
603 179402 0.0
604 179702 0.0
605 180002 0.0
606 180302 0.0
607 180602 0.0
608 180902 0.0
609 181202 0.0
610 181502 0.0
611 181802 0.0
612 182102 0.0
613 182402 0.0
614 182702 0.0
615 183002 0.0
616 183302 0.0
617 183602 0.0
618 183902 0.0
619 184202 0.0
620 184502 0.0
621 184802 0.0
622 185102 0.0
623 185402 0.0
624 185702 0.0
625 186002 0.0
626 186302 0.0
627 186602 0.0
628 186902 0.0
629 187202 0.0
630 187502 0.0
631 187802 0.0
632 188102 0.0
633 188402 0.0
634 188702 0.0
635 189002 0.0
636 189302 0.0
637 189602 0.0
638 189902 0.0
639 190202 0.0
640 190502 0.0
641 190802 0.0
642 191102 0.0
643 191402 0.0
644 191702 0.0
645 192002 0.0
646 192302 0.0
647 192602 0.0
648 192902 0.0
649 193202 0.0
650 193502 0.0
651 193802 0.0
652 194102 0.0
653 194402 0.0
654 194702 0.0
655 195002 0.0
656 195302 0.0
657 195602 0.0
658 195902 0.0
659 196202 0.0
660 196502 0.0
661 196802 0.0
662 197102 0.0
663 197402 0.0
664 197702 0.0
665 198002 0.0
666 198302 0.0
667 198602 0.0
668 198902 0.0
669 199202 0.0
670 199502 0.0
671 199802 0.0
672 200102 0.0
673 200402 0.0
674 200702 0.0
675 201002 0.0
676 201302 0.0
677 201602 0.0
678 201902 0.0
679 202202 0.0
680 202502 0.0
681 202802 0.0
682 203102 0.0
683 203402 0.0
684 203702 0.0
685 204002 0.0
686 204302 0.0
687 204602 0.0
688 204902 0.0
689 205202 0.0
690 205502 0.0
691 205802 0.0
692 206102 0.0
693 206402 0.0
694 206702 0.0
695 207002 0.0
696 207302 0.0
697 207602 0.0
698 207902 0.0
699 208202 0.0
700 208502 0.0
701 208802 0.0
702 209102 0.0
703 209402 0.0
704 209702 0.0
705 210002 0.0
706 210302 0.0
707 210602 0.0
708 210902 0.0
709 211202 0.0
710 211502 0.0
711 211802 0.0
712 212102 0.0
713 212402 0.0
714 212702 0.0
715 213002 0.0
716 213302 0.0
717 213602 0.0
718 213902 0.0
719 214202 0.0
720 214502 0.0
721 214802 0.0
722 215102 0.0
723 215402 0.0
724 215702 0.0
725 216002 0.0
726 216302 0.0
727 216602 0.0
728 216902 0.0
729 217202 0.0
730 217502 0.0
731 217802 0.0
732 218102 0.0
733 218402 0.0
734 218702 0.0
735 219002 0.0
736 219302 0.0
737 219602 0.0
738 219902 0.0
739 220202 0.0
740 220502 0.0
741 220802 0.0
742 221102 0.0
743 221402 0.0
744 221702 0.0
745 222002 0.0
746 222302 0.0
747 222602 0.0
748 222902 0.0
749 223202 0.0
750 223502 0.0
751 223802 0.0
752 224102 0.0
753 224402 0.0
754 224702 0.0
755 225002 0.0
756 225302 0.0
757 225602 0.0
758 225902 0.0
759 226202 0.0
760 226502 0.0
761 226802 0.0
762 227102 0.0
763 227402 0.0
764 227702 0.0
765 228002 0.0
766 228302 0.0
767 228602 0.0
768 228902 0.0
769 229202 0.0
770 229502 0.0
771 229802 0.0
772 230102 0.0
773 230402 0.0
774 230702 0.0
775 231002 0.0
776 231302 0.0
777 231602 0.0
778 231902 0.0
779 232202 0.0
780 232502 0.0
781 232802 0.0
782 233102 0.0
783 233402 0.0
784 233702 0.0
785 234002 0.0
786 234302 0.0
787 234602 0.0
788 234902 0.0
789 235202 0.0
790 235502 0.0
791 235802 0.0
792 236102 0.0
793 236402 0.0
794 236702 0.0
795 237002 0.0
796 237302 0.0
797 237602 0.0
798 237902 0.0
799 238202 0.0
800 238502 0.0
801 238802 0.0
802 238986 0.0
803 239286 0.0
804 239586 0.0
805 239886 0.0
806 240186 0.0
807 240486 0.0
808 240786 0.0
809 241086 0.0
810 241386 0.0
811 241686 0.0
812 241986 0.0
813 242286 0.0
814 242586 0.0
815 242886 0.0
816 243186 0.0
817 243486 0.0
818 243786 0.0
819 244086 0.0
820 244386 0.0
821 244686 0.0
822 244986 0.0
823 245286 0.0
824 245586 0.0
825 245886 0.0
826 246186 0.0
827 246486 0.0
828 246786 0.0
829 247086 0.0
830 247386 0.0
831 247686 0.0
832 247986 0.0
833 248286 0.0
834 248586 0.0
835 248886 0.0
836 249186 0.0
837 249486 0.0
838 249786 0.0
839 250086 0.0
840 250386 0.0
841 250686 0.0
842 250986 0.0
843 251286 0.0
844 251586 0.0
845 251886 0.0
846 252186 0.0
847 252486 0.0
848 252786 0.0
849 253086 0.0
850 253386 0.0
851 253686 0.0
852 253986 0.0
853 254286 0.0
854 254586 0.0
855 254886 0.0
856 255186 0.0
857 255486 0.0
858 255786 0.0
859 256086 0.0
860 256386 0.0
861 256686 0.0
862 256986 0.0
863 257286 0.0
864 257586 0.0
865 257886 0.0
866 258186 0.0
867 258486 0.0
868 258786 0.0
869 259086 0.0
870 259386 0.0
871 259686 0.0
872 259986 0.0
873 260286 0.0
874 260586 0.0
875 260886 0.0
876 261186 0.0
877 261486 0.0
878 261786 0.0
879 262086 0.0
880 262386 0.0
881 262686 0.0
882 262986 0.0
883 263286 0.0
884 263586 0.0
885 263886 0.0
886 264186 0.0
887 264486 0.0
888 264786 0.0
889 265086 0.0
890 265386 0.0
891 265679 0.0
892 265979 0.0
893 266279 0.0
894 266579 0.0
895 266879 0.0
896 267179 0.0
897 267479 0.0
898 267779 0.0
899 268079 0.0
900 268379 0.0
901 268679 0.0
902 268979 0.0
903 269279 0.0
904 269579 0.0
905 269879 0.0
906 270179 0.0
907 270479 0.0
908 270779 0.0
909 271079 0.0
910 271379 0.0
911 271679 0.0
912 271979 0.0
913 272279 0.0
914 272579 0.0
915 272809 0.0
916 273109 0.0
917 273409 0.0
918 273709 0.0
919 274009 0.0
920 274309 0.0
921 274609 0.0
922 274909 0.0
923 275209 0.0
924 275509 0.0
925 275809 0.0
926 276109 0.0
927 276409 0.0
928 276709 0.0
929 277009 0.0
930 277309 0.0
931 277609 0.0
932 277909 0.0
933 278209 0.0
934 278509 0.0
935 278809 0.0
936 279109 0.0
937 279409 0.0
938 279709 0.0
939 280009 0.0
940 280309 0.0
941 280609 0.0
942 280909 0.0
943 281209 0.0
944 281509 0.0
945 281809 0.0
946 282109 0.0
947 282409 0.0
948 282709 0.0
949 283009 0.0
950 283309 0.0
951 283609 0.0
952 283909 0.0
953 284209 0.0
954 284509 0.0
955 284809 0.0
956 285109 0.0
957 285409 0.0
958 285709 0.0
959 286009 0.0
960 286309 0.0
961 286609 0.0
962 286909 0.0
963 287209 0.0
964 287509 0.0
965 287809 0.0
966 288109 0.0
967 288409 0.0
968 288709 0.0
969 289009 0.0
970 289309 0.0
971 289609 0.0
972 289909 0.0
973 290209 0.0
974 290509 0.0
975 290809 0.0
976 291109 0.0
977 291409 0.0
978 291709 0.0
979 292009 0.0
980 292309 0.0
981 292609 0.0
982 292909 0.0
983 293209 0.0
984 293509 0.0
985 293809 0.0
986 294109 0.0
987 294409 0.0
988 294709 0.0
989 295009 0.0
990 295309 0.0
991 295609 0.0
992 295909 0.0
993 296209 0.0
994 296509 0.0
995 296809 0.0
996 297109 0.0
997 297409 0.0
998 297709 0.0
999 298009 0.0
1000 298247 0.0
1001 298547 0.0
1002 298847 0.0
1003 299147 0.0
1004 299447 0.0
1005 299747 0.0
1006 300047 0.0
1007 300347 0.0
1008 300647 0.0
1009 300947 0.0
1010 301247 0.0
1011 301547 0.0
1012 301847 0.0
1013 302147 0.0
1014 302447 0.0
1015 302747 0.0
1016 303047 0.0
1017 303347 0.0
1018 303647 0.0
1019 303947 0.0
1020 304247 0.0
1021 304547 0.0
1022 304847 0.0
1023 305147 0.0
1024 305447 0.0
1025 305747 0.0
1026 306047 0.0
1027 306347 0.0
1028 306647 0.0
1029 306947 0.0
1030 307247 0.0
1031 307547 0.0
1032 307847 0.0
1033 308147 0.0
1034 308447 0.0
1035 308747 0.0
1036 309047 0.0
1037 309347 0.0
1038 309647 0.0
1039 309947 0.0
1040 310247 0.0
1041 310547 0.0
1042 310847 0.0
1043 311147 0.0
1044 311439 0.0
1045 311739 0.0
1046 312039 0.0
1047 312339 0.0
1048 312639 0.0
1049 312939 0.0
1050 313239 0.0
1051 313539 0.0
1052 313839 0.0
1053 314139 0.0
1054 314430 0.0
1055 314730 0.0
1056 315030 0.0
1057 315330 0.0
1058 315630 0.0
1059 315930 0.0
1060 316230 0.0
1061 316530 0.0
1062 316830 0.0
1063 317130 0.0
1064 317430 0.0
1065 317730 0.0
1066 318030 0.0
1067 318330 0.0
1068 318630 0.0
1069 318930 0.0
1070 319230 0.0
1071 319530 0.0
1072 319830 0.0
1073 320130 0.0
1074 320430 0.0
1075 320730 0.0
1076 321030 0.0
1077 321330 0.0
1078 321630 0.0
1079 321930 0.0
1080 322230 0.0
1081 322530 0.0
1082 322830 0.0
1083 323130 0.0
1084 323430 0.0
1085 323730 0.0
1086 324030 0.0
1087 324330 0.0
1088 324630 0.0
1089 324930 0.0
1090 325230 0.0
1091 325530 0.0
1092 325823 0.0
1093 326123 0.0
1094 326423 0.0
1095 326723 0.0
1096 327023 0.0
1097 327323 0.0
1098 327623 0.0
1099 327923 0.0
1100 328223 0.0
1101 328523 0.0
1102 328823 0.0
1103 329123 0.0
1104 329423 0.0
1105 329723 0.0
1106 330023 0.0
1107 330323 0.0
1108 330623 0.0
1109 330923 0.0
1110 331223 0.0
1111 331523 0.0
1112 331823 0.0
1113 332123 0.0
1114 332423 0.0
1115 332723 0.0
1116 333023 0.0
1117 333323 0.0
1118 333623 0.0
1119 333923 0.0
1120 334223 0.0
1121 334523 0.0
1122 334823 0.0
1123 335123 0.0
1124 335423 0.0
1125 335723 0.0
1126 336023 0.0
1127 336323 0.0
1128 336623 0.0
1129 336923 0.0
1130 337223 0.0
1131 337523 0.0
1132 337823 0.0
1133 338123 0.0
1134 338423 0.0
1135 338723 0.0
1136 339023 0.0
1137 339323 0.0
1138 339623 0.0
1139 339923 0.0
1140 340100 0.0
1141 340400 0.0
1142 340700 0.0
1143 341000 0.0
1144 341300 0.0
1145 341600 0.0
1146 341900 0.0
1147 342200 0.0
1148 342500 0.0
1149 342800 0.0
1150 343100 0.0
1151 343400 0.0
1152 343700 0.0
1153 344000 0.0
1154 344300 0.0
1155 344600 0.0
1156 344900 0.0
1157 345200 0.0
1158 345500 0.0
1159 345800 0.0
1160 346100 0.0
1161 346400 0.0
1162 346700 0.0
1163 347000 0.0
1164 347300 0.0
1165 347600 0.0
1166 347900 0.0
1167 348200 0.0
1168 348500 0.0
1169 348800 0.0
1170 349100 0.0
1171 349400 0.0
1172 349700 0.0
1173 350000 0.0
1174 350300 0.0
1175 350600 0.0
1176 350900 0.0
1177 351200 0.0
1178 351500 0.0
1179 351800 0.0
1180 352100 0.0
1181 352400 0.0
1182 352700 0.0
1183 353000 0.0
1184 353300 0.0
1185 353600 0.0
1186 353900 0.0
1187 354200 0.0
1188 354500 0.0
1189 354800 0.0
1190 355100 0.0
1191 355400 0.0
1192 355700 0.0
1193 356000 0.0
1194 356258 0.0
1195 356558 0.0
1196 356858 0.0
1197 357158 0.0
1198 357458 0.0
1199 357758 0.0
1200 358058 0.0
1201 358358 0.0
1202 358658 0.0
1203 358958 0.0
1204 359258 0.0
1205 359558 0.0
1206 359858 0.0
1207 360158 0.0
1208 360458 0.0
1209 360758 0.0
1210 361058 0.0
1211 361358 0.0
1212 361658 0.0
1213 361958 0.0
1214 362258 0.0
1215 362558 0.0
1216 362858 0.0
1217 363158 0.0
1218 363458 0.0
1219 363758 0.0
1220 364058 0.0
1221 364358 0.0
1222 364658 0.0
1223 364958 0.0
1224 365258 0.0
1225 365558 0.0
1226 365858 0.0
1227 366158 0.0
1228 366458 0.0
1229 366758 0.0
1230 367058 0.0
1231 367358 0.0
1232 367658 0.0
1233 367958 0.0
1234 368258 0.0
1235 368499 0.0
1236 368799 0.0
1237 369099 0.0
1238 369399 0.0
1239 369699 0.0
1240 369999 0.0
1241 370299 0.0
1242 370599 0.0
