1 300 0.0
2 600 0.0
3 900 0.0
4 1200 0.0
5 1500 0.0
6 1800 0.0
7 2100 0.0
8 2400 0.0
9 2700 0.0
10 3000 0.0
11 3168 0.0
12 3468 0.0
13 3768 0.0
14 4068 0.0
15 4368 0.0
16 4668 0.0
17 4968 0.0
18 5268 0.0
19 5568 0.0
20 5868 0.0
21 6168 0.0
22 6468 0.0
23 6768 0.0
24 7068 0.0
25 7368 0.0
26 7668 0.0
27 7968 0.0
28 8268 0.0
29 8568 0.0
30 8868 0.0
31 9168 0.0
32 9367 0.0
33 9563 0.0
34 9863 0.0
35 10163 0.0
36 10463 0.0
37 10763 0.0
38 11063 0.0
39 11343 0.0
40 11643 0.0
41 11943 0.0
42 12215 0.0
43 12467 0.0
44 12767 0.0
45 13067 0.0
46 13367 0.0
47 13667 0.0
48 13967 0.0
49 14267 0.0
50 14567 0.0
51 14867 0.0
52 15167 0.0
53 15467 0.0
54 15767 0.0
55 16067 0.0
56 16367 0.0
57 16667 0.0
58 16967 0.0
59 17267 0.0
60 17567 0.0
61 17867 0.0
62 18167 0.0
63 18467 0.0
64 18767 0.0
65 19067 0.0
66 19350 0.0
67 19650 0.0
68 19950 0.0
69 20250 0.0
70 20484 0.0
71 20784 0.0
72 21084 0.0
73 21384 0.0
74 21684 0.0
75 21984 0.0
76 22284 0.0
77 22584 0.0
78 22730 0.0
79 23030 0.0
80 23330 0.0
81 23512 0.0
82 23812 0.0
83 23972 0.0
84 24272 0.0
85 24572 0.0
86 24872 0.0
87 25087 0.0
88 25387 0.0
89 25687 0.0
90 25987 0.0
91 26287 0.0
92 26587 0.0
93 26887 0.0
94 27187 0.0
95 27487 0.0
96 27787 0.0
97 28087 0.0
98 28387 0.0
99 28687 0.0
100 28987 0.0
101 29287 0.0
102 29587 0.0
103 29887 0.0
104 30187 0.0
105 30487 0.0
106 30787 0.0
107 31083 0.0
108 31383 0.0
109 31683 0.0
110 31983 0.0
111 32283 0.0
112 32583 0.0
113 32883 0.0
114 33183 0.0
115 33483 0.0
116 33783 0.0
117 34083 0.0
118 34383 0.0
119 34683 0.0
120 34983 0.0
121 35283 0.0
122 35583 0.0
123 35883 0.0
124 36183 0.0
125 36483 0.0
126 36783 0.0
127 37083 0.0
128 37383 0.0
129 37683 0.0
130 37983 0.0
131 38283 0.0
132 38583 0.0
133 38883 0.0
134 39183 0.0
135 39483 0.0
136 39783 0.0
137 40083 0.0
138 40383 0.0
139 40571 0.0
140 40774 0.0
141 41062 0.0
142 41362 0.0
143 41662 0.0
144 41962 0.0
145 42262 0.0
146 42562 0.0
147 42862 0.0
148 43039 0.0
149 43339 0.0
150 43639 0.0
151 43939 0.0
152 44239 0.0
153 44539 0.0
154 44839 0.0
155 45139 0.0
156 45439 0.0
157 45739 0.0
158 46039 0.0
159 46192 0.0
160 46492 0.0
161 46792 0.0
162 47092 0.0
163 47392 0.0
164 47692 0.0
165 47992 0.0
166 48292 0.0
167 48592 0.0
168 48892 0.0
169 49192 0.0
170 49492 0.0
171 49792 0.0
172 50092 0.0
173 50392 0.0
174 50692 0.0
175 50992 0.0
176 51292 0.0
177 51592 0.0
178 51892 0.0
179 52192 0.0
180 52492 0.0
181 52792 0.0
182 53092 0.0
183 53392 0.0
184 53692 0.0
185 53992 0.0
186 54292 0.0
187 54592 0.0
188 54892 0.0
189 55192 0.0
190 55492 0.0
191 55792 0.0
192 56092 0.0
193 56392 0.0
194 56692 0.0
195 56992 0.0
196 57292 0.0
197 57592 0.0
198 57892 0.0
199 58192 0.0
200 58492 0.0
201 58792 0.0
202 59092 0.0
203 59392 0.0
204 59692 0.0
205 59992 0.0
206 60292 0.0
207 60418 0.0
208 60718 0.0
209 61018 0.0
210 61318 0.0
211 61618 0.0
212 61918 0.0
213 62218 0.0
214 62518 0.0
215 62818 0.0
216 63118 0.0
217 63418 0.0
218 63718 0.0
219 64018 0.0
220 64318 0.0
221 64618 0.0
222 64918 0.0
223 65218 0.0
224 65518 0.0
225 65818 0.0
226 66118 0.0
227 66418 0.0
228 66718 0.0
229 67018 0.0
230 67318 0.0
231 67618 0.0
232 67918 0.0
233 68218 0.0
234 68438 0.0
235 68738 0.0
236 69038 0.0
237 69338 0.0
238 69638 0.0
239 69938 0.0
240 70238 0.0
241 70538 0.0
242 70838 0.0
243 71138 0.0
244 71438 0.0
245 71738 0.0
246 71976 0.0
247 72276 0.0
248 72576 0.0
249 72876 0.0
250 73176 0.0
251 73476 0.0
252 73776 0.0
253 74076 0.0
254 74376 0.0
255 74676 0.0
256 74976 0.0
257 75276 0.0
258 75576 0.0
259 75876 0.0
260 76176 0.0
261 76476 0.0
262 76776 0.0
263 77076 0.0
264 77376 0.0
265 77676 0.0
266 77976 0.0
267 78276 0.0
268 78576 0.0
269 78876 0.0
270 79176 0.0
271 79476 0.0
272 79776 0.0
273 80076 0.0
274 80376 0.0
275 80676 0.0
276 80976 0.0
277 81155 0.0
278 81455 0.0
279 81755 0.0
280 82055 0.0
281 82355 0.0
282 82655 0.0
283 82955 0.0
284 83255 0.0
285 83555 0.0
286 83855 0.0
287 84155 0.0
288 84455 0.0
289 84755 0.0
290 85055 0.0
291 85355 0.0
292 85655 0.0
293 85955 0.0
294 86255 0.0
295 86555 0.0
296 86855 0.0
297 87155 0.0
298 87455 0.0
299 87755 0.0
300 88055 0.0
301 88355 0.0
302 88655 0.0
303 88955 0.0
304 89255 0.0
305 89555 0.0
306 89855 0.0
307 90155 0.0
308 90455 0.0
309 90755 0.0
310 91055 0.0
311 91355 0.0
312 91655 0.0
313 91955 0.0
314 92255 0.0
315 92555 0.0
316 92855 0.0
317 93155 0.0
318 93455 0.0
319 93755 0.0
320 94055 0.0
321 94355 0.0
322 94655 0.0
323 94955 0.0
324 95255 0.0
325 95555 0.0
326 95855 0.0
327 96155 0.0
328 96455 0.0
329 96755 0.0
330 97055 0.0
331 97355 0.0
332 97655 0.0
333 97955 0.0
334 98255 0.0
335 98555 0.0
336 98855 0.0
337 99155 0.0
338 99455 0.0
339 99755 0.0
340 100055 0.0
341 100355 0.0
342 100655 0.0
343 100955 0.0
344 101255 0.0
345 101555 0.0
346 101855 0.0
347 102155 0.0
348 102455 0.0
349 102755 0.0
350 103055 0.0
351 103355 0.0
352 103655 0.0
353 103955 0.0
354 104255 0.0
355 104555 0.0
356 104855 0.0
357 105155 0.0
358 105455 0.0
359 105755 0.0
360 106055 0.0
361 106355 0.0
362 106655 0.0
363 106955 0.0
364 107255 0.0
365 107555 0.0
366 107855 0.0
367 108155 0.0
368 108455 0.0
369 108755 0.0
370 109055 0.0
371 109355 0.0
372 109655 0.0
373 109955 0.0
374 110255 0.0
375 110555 0.0
376 110855 0.0
377 111155 0.0
378 111455 0.0
379 111755 0.0
380 112055 0.0
381 112355 0.0
382 112655 0.0
383 112955 0.0
384 113255 0.0
385 113555 0.0
386 113855 0.0
387 114155 0.0
388 114455 0.0
389 114755 0.0
390 115055 0.0
391 115355 0.0
392 115655 0.0
393 115955 0.0
394 116255 0.0
395 116555 0.0
396 116855 0.0
397 117155 0.0
398 117455 0.0
399 117755 0.0
400 118055 0.0
401 118355 0.0
402 118655 0.0
403 118955 0.0
404 119255 0.0
405 119555 0.0
406 119855 0.0
407 120155 0.0
408 120455 0.0
409 120755 0.0
410 121055 0.0
411 121355 0.0
412 121655 0.0
413 121955 0.0
414 122255 0.0
415 122555 0.0
416 122855 0.0
417 123155 0.0
418 123455 0.0
419 123755 0.0
420 124055 0.0
421 124355 0.0
422 124655 0.0
423 124955 0.0
424 125255 0.0
425 125555 0.0
426 125855 0.0
427 126155 0.0
428 126455 0.0
429 126755 0.0
430 127055 0.0
431 127355 0.0
432 127655 0.0
433 127955 0.0
434 128255 0.0
435 128555 0.0
436 128855 0.0
437 129155 0.0
438 129455 0.0
439 129755 0.0
440 130055 0.0
441 130355 0.0
442 130655 0.0
443 130955 0.0
444 131255 0.0
445 131555 0.0
446 131855 0.0
447 132155 0.0
448 132455 0.0
449 132755 0.0
450 133055 0.0
451 133355 0.0
452 133655 0.0
453 133955 0.0
454 134255 0.0
455 134555 0.0
456 134855 0.0
457 135155 0.0
458 135455 0.0
459 135755 0.0
460 136055 0.0
461 136355 0.0
462 136655 0.0
463 136955 0.0
464 137255 0.0
465 137555 0.0
466 137855 0.0
467 138155 0.0
468 138455 0.0
469 138755 0.0
470 139055 0.0
471 139355 0.0
472 139655 0.0
473 139955 0.0
474 140255 0.0
475 140555 0.0
476 140855 0.0
477 141155 0.0
478 141455 0.0
479 141755 0.0
480 142055 0.0
481 142355 0.0
482 142655 0.0
483 142955 0.0
484 143255 0.0
485 143555 0.0
486 143855 0.0
487 144155 0.0
488 144455 0.0
489 144755 0.0
490 145055 0.0
491 145355 0.0
492 145655 0.0
493 145955 0.0
494 146255 0.0
495 146555 0.0
496 146855 0.0
497 147155 0.0
498 147455 0.0
499 147755 0.0
500 148055 0.0
501 148355 0.0
502 148655 0.0
503 148955 0.0
504 149255 0.0
505 149555 0.0
506 149855 0.0
507 150155 0.0
508 150455 0.0
509 150755 0.0
510 151055 0.0
511 151355 0.0
512 151655 0.0
513 151955 0.0
514 152255 0.0
515 152555 0.0
516 152855 0.0
517 153155 0.0
518 153455 0.0
519 153755 0.0
520 154055 0.0
521 154355 0.0
522 154655 0.0
523 154955 0.0
524 155255 0.0
525 155555 0.0
526 155855 0.0
527 156155 0.0
528 156455 0.0
529 156755 0.0
530 157055 0.0
531 157355 0.0
532 157655 0.0
533 157955 0.0
534 158255 0.0
535 158555 0.0
536 158855 0.0
537 159155 0.0
538 159455 0.0
539 159755 0.0
540 160055 0.0
541 160355 0.0
542 160655 0.0
543 160955 0.0
544 161255 0.0
545 161555 0.0
546 161855 0.0
547 162155 0.0
548 162455 0.0
549 162755 0.0
550 163055 0.0
551 163355 0.0
552 163655 0.0
553 163955 0.0
554 164255 0.0
555 164555 0.0
556 164855 0.0
557 165155 0.0
558 165455 0.0
559 165755 0.0
560 166055 0.0
561 166355 0.0
562 166655 0.0
563 166955 0.0
564 167255 0.0
565 167555 0.0
566 167855 0.0
567 168155 0.0
568 168455 0.0
569 168755 0.0
570 169055 0.0
571 169355 0.0
572 169655 0.0
573 169955 0.0
574 170255 0.0
575 170555 0.0
576 170855 0.0
577 171155 0.0
578 171455 0.0
579 171755 0.0
580 172055 0.0
581 172355 0.0
582 172655 0.0
583 172955 0.0
584 173255 0.0
585 173555 0.0
586 173855 0.0
587 174155 0.0
588 174455 0.0
589 174755 0.0
590 175055 0.0
591 175355 0.0
592 175655 0.0
593 175955 0.0
594 176255 0.0
595 176555 0.0
596 176855 0.0
597 177155 0.0
598 177455 0.0
599 177755 0.0
600 178055 0.0
601 178355 0.0
602 178655 0.0
603 178955 0.0
604 179255 0.0
605 179555 0.0
606 179855 0.0
607 180155 0.0
608 180455 0.0
609 180755 0.0
610 181055 0.0
611 181355 0.0
612 181655 0.0
613 181955 0.0
614 182255 0.0
615 182555 0.0
616 182855 0.0
617 183155 0.0
618 183455 0.0
619 183755 0.0
620 184055 0.0
621 184355 0.0
622 184655 0.0
623 184955 0.0
624 185255 0.0
625 185555 0.0
626 185855 0.0
627 186155 0.0
628 186455 0.0
629 186755 0.0
630 187055 0.0
631 187355 0.0
632 187655 0.0
633 187955 0.0
634 188255 0.0
635 188555 0.0
636 188855 0.0
637 189155 0.0
638 189455 0.0
639 189755 0.0
640 190055 0.0
641 190355 0.0
642 190655 0.0
643 190955 0.0
644 191255 0.0
645 191555 0.0
646 191855 0.0
647 192155 0.0
648 192455 0.0
649 192755 0.0
650 193055 0.0
651 193355 0.0
652 193655 0.0
653 193955 0.0
654 194255 0.0
655 194555 0.0
656 194855 0.0
657 195155 0.0
658 195455 0.0
659 195755 0.0
660 196055 0.0
661 196355 0.0
662 196655 0.0
663 196955 0.0
664 197255 0.0
665 197555 0.0
666 197855 0.0
667 198155 0.0
668 198455 0.0
669 198755 0.0
670 199055 0.0
671 199355 0.0
672 199655 0.0
673 199955 0.0
674 200255 0.0
675 200555 0.0
676 200855 0.0
677 201155 0.0
678 201455 0.0
679 201755 0.0
680 201958 0.0
681 202258 0.0
682 202558 0.0
683 202858 0.0
684 203158 0.0
685 203458 0.0
686 203758 0.0
687 204058 0.0
688 204358 0.0
689 204658 0.0
690 204958 0.0
691 205258 0.0
692 205558 0.0
693 205858 0.0
694 206158 0.0
695 206458 0.0
696 206758 0.0
697 207058 0.0
698 207358 0.0
699 207658 0.0
700 207958 0.0
701 208258 0.0
702 208558 0.0
703 208858 0.0
704 209158 0.0
705 209458 0.0
706 209758 0.0
707 210058 0.0
708 210271 0.0
709 210571 0.0
710 210871 0.0
711 211171 0.0
712 211471 0.0
713 211771 0.0
714 212071 0.0
715 212371 0.0
716 212671 0.0
717 212971 0.0
718 213271 0.0
719 213571 0.0
720 213871 0.0
721 214171 0.0
722 214471 0.0
723 214771 0.0
724 215071 0.0
725 215371 0.0
726 215671 0.0
727 215971 0.0
728 216271 0.0
729 216571 0.0
730 216871 0.0
731 217171 0.0
732 217471 0.0
733 217771 0.0
734 218071 0.0
735 218371 0.0
736 218671 0.0
737 218971 0.0
738 219271 0.0
739 219571 0.0
740 219871 0.0
741 220171 0.0
742 220471 0.0
743 220771 0.0
744 221071 0.0
745 221235 0.0
746 221535 0.0
747 221835 0.0
748 222135 0.0
749 222435 0.0
750 222735 0.0
751 223035 0.0
752 223335 0.0
753 223635 0.0
754 223935 0.0
755 224235 0.0
756 224535 0.0
757 224835 0.0
758 225135 0.0
759 225435 0.0
760 225735 0.0
761 226035 0.0
762 226335 0.0
763 226635 0.0
764 226935 0.0
765 227235 0.0
766 227535 0.0
767 227835 0.0
768 228135 0.0
769 228435 0.0
770 228735 0.0
771 229035 0.0
772 229335 0.0
773 229635 0.0
774 229935 0.0
775 230235 0.0
776 230535 0.0
777 230835 0.0
778 231135 0.0
779 231435 0.0
780 231735 0.0
781 232035 0.0
782 232335 0.0
783 232635 0.0
784 232935 0.0
785 233235 0.0
786 233535 0.0
787 233835 0.0
788 234135 0.0
789 234435 0.0
790 234735 0.0
791 235035 0.0
792 235335 0.0
793 235635 0.0
794 235935 0.0
795 236235 0.0
796 236535 0.0
797 236835 0.0
798 237135 0.0
799 237435 0.0
800 237735 0.0
801 238035 0.0
802 238335 0.0
803 238635 0.0
804 238935 0.0
805 239235 0.0
806 239535 0.0
807 239835 0.0
808 240135 0.0
809 240435 0.0
810 240735 0.0
811 241035 0.0
812 241335 0.0
813 241635 0.0
814 241935 0.0
815 242235 0.0
816 242535 0.0
817 242835 0.0
818 243135 0.0
819 243435 0.0
820 243735 0.0
821 244035 0.0
822 244335 0.0
823 244635 0.0
824 244935 0.0
825 245235 0.0
826 245535 0.0
827 245835 0.0
828 246135 0.0
829 246435 0.0
830 246735 0.0
831 247035 0.0
832 247335 0.0
833 247635 0.0
834 247935 0.0
835 248235 0.0
836 248535 0.0
837 248835 0.0
838 249135 0.0
839 249435 0.0
840 249735 0.0
841 250035 0.0
842 250335 0.0
843 250635 0.0
844 250935 0.0
845 251235 0.0
846 251535 0.0
847 251835 0.0
848 252135 0.0
849 252435 0.0
850 252735 0.0
851 253035 0.0
852 253335 0.0
853 253635 0.0
854 253935 0.0
855 254235 0.0
856 254535 0.0
857 254835 0.0
858 255135 0.0
859 255435 0.0
860 255735 0.0
861 256035 0.0
862 256335 0.0
863 256635 0.0
864 256935 0.0
865 257235 0.0
866 257535 0.0
867 257835 0.0
868 258135 0.0
869 258435 0.0
870 258735 0.0
871 259035 0.0
872 259335 0.0
873 259635 0.0
874 259935 0.0
875 260235 0.0
876 260535 0.0
877 260835 0.0
878 261135 0.0
879 261435 0.0
880 261735 0.0
881 262035 0.0
882 262335 0.0
883 262635 0.0
884 262935 0.0
885 263235 0.0
886 263535 0.0
887 263835 0.0
888 264135 0.0
889 264435 0.0
890 264735 0.0
891 265035 0.0
892 265335 0.0
893 265635 0.0
894 265935 0.0
895 266235 0.0
896 266535 0.0
897 266835 0.0
898 267135 0.0
899 267435 0.0
900 267735 0.0
901 268035 0.0
902 268335 0.0
903 268635 0.0
904 268935 0.0
905 269235 0.0
906 269535 0.0
907 269835 0.0
908 270135 0.0
909 270435 0.0
910 270735 0.0
911 271035 0.0
912 271335 0.0
913 271635 0.0
914 271935 0.0
915 272235 0.0
916 272535 0.0
917 272835 0.0
918 273135 0.0
919 273435 0.0
920 273735 0.0
921 274035 0.0
922 274335 0.0
923 274635 0.0
924 274935 0.0
925 275235 0.0
926 275535 0.0
927 275835 0.0
928 276135 0.0
929 276435 0.0
930 276735 0.0
931 277035 0.0
932 277335 0.0
933 277635 0.0
934 277935 0.0
935 278235 0.0
936 278535 0.0
937 278835 0.0
938 279135 0.0
939 279435 0.0
940 279735 0.0
941 279978 0.0
942 280278 0.0
943 280578 0.0
944 280878 0.0
945 281178 0.0
946 281356 0.0
947 281656 0.0
948 281956 0.0
949 282256 0.0
950 282556 0.0
951 282856 0.0
952 283156 0.0
953 283456 0.0
954 283756 0.0
955 284056 0.0
956 284356 0.0
957 284656 0.0
958 284956 0.0
959 285256 0.0
960 285556 0.0
961 285856 0.0
962 286156 0.0
963 286456 0.0
964 286756 0.0
965 287056 0.0
966 287356 0.0
967 287656 0.0
968 287956 0.0
969 288256 0.0
970 288556 0.0
971 288856 0.0
972 289156 0.0
973 289456 0.0
974 289756 0.0
975 290056 0.0
976 290356 0.0
977 290656 0.0
978 290956 0.0
979 291256 0.0
980 291556 0.0
981 291856 0.0
982 292156 0.0
983 292456 0.0
984 292756 0.0
985 293056 0.0
986 293356 0.0
987 293656 0.0
988 293956 0.0
989 294256 0.0
990 294556 0.0
991 294824 0.0
992 295124 0.0
993 295424 0.0
994 295724 0.0
995 296024 0.0
996 296324 0.0
997 296624 0.0
998 296924 0.0
999 297224 0.0
1000 297524 0.0
1001 297824 0.0
1002 298124 0.0
1003 298424 0.0
1004 298724 0.0
1005 299024 0.0
1006 299324 0.0
1007 299624 0.0
1008 299924 0.0
1009 300224 0.0
1010 300524 0.0
1011 300824 0.0
1012 301124 0.0
1013 301424 0.0
1014 301724 0.0
1015 302024 0.0
1016 302324 0.0
1017 302624 0.0
1018 302924 0.0
1019 303224 0.0
1020 303524 0.0
1021 303824 0.0
1022 304124 0.0
1023 304424 0.0
1024 304724 0.0
1025 305024 0.0
1026 305324 0.0
1027 305624 0.0
1028 305924 0.0
1029 306224 0.0
1030 306524 0.0
1031 306824 0.0
1032 307124 0.0
1033 307424 0.0
1034 307724 0.0
1035 308024 0.0
1036 308324 0.0
1037 308624 0.0
1038 308924 0.0
1039 309224 0.0
1040 309524 0.0
1041 309824 0.0
1042 310124 0.0
1043 310424 0.0
1044 310724 0.0
1045 311024 0.0
1046 311324 0.0
1047 311624 0.0
1048 311924 0.0
1049 312224 0.0
1050 312524 0.0
1051 312824 0.0
1052 313124 0.0
1053 313424 0.0
1054 313724 0.0
1055 314024 0.0
1056 314324 0.0
1057 314624 0.0
1058 314810 0.0
1059 315110 0.0
1060 315320 0.0
1061 315620 0.0
1062 315920 0.0
1063 316220 0.0
1064 316520 0.0
1065 316820 0.0
1066 317120 0.0
1067 317420 0.0
1068 317720 0.0
1069 318020 0.0
1070 318320 0.0
1071 318620 0.0
1072 318920 0.0
1073 319220 0.0
1074 319520 0.0
1075 319820 0.0
1076 320120 0.0
1077 320420 0.0
1078 320720 0.0
1079 320951 0.0
1080 321251 0.0
1081 321551 0.0
1082 321851 0.0
1083 322151 0.0
1084 322451 0.0
1085 322751 0.0
1086 323051 0.0
1087 323351 0.0
1088 323651 0.0
1089 323951 0.0
1090 324251 0.0
1091 324551 0.0
1092 324851 0.0
1093 325151 0.0
1094 325451 0.0
1095 325751 0.0
1096 326051 0.0
1097 326351 0.0
1098 326651 0.0
1099 326951 0.0
1100 327251 0.0
1101 327551 0.0
1102 327851 0.0
1103 328151 0.0
1104 328451 0.0
1105 328751 0.0
1106 329051 0.0
1107 329351 0.0
1108 329651 0.0
1109 329951 0.0
1110 330251 0.0
1111 330551 0.0
1112 330851 0.0
1113 331151 0.0
1114 331451 0.0
1115 331751 0.0
1116 332051 0.0
1117 332351 0.0
1118 332651 0.0
1119 332951 0.0
1120 333251 0.0
1121 333551 0.0
1122 333851 0.0
1123 334151 0.0
1124 334451 0.0
1125 334751 0.0
1126 335051 0.0
1127 335351 0.0
1128 335651 0.0
1129 335951 0.0
1130 336251 0.0
1131 336551 0.0
1132 336851 0.0
1133 337151 0.0
1134 337377 0.0
1135 337677 0.0
1136 337977 0.0
1137 338277 0.0
1138 338577 0.0
1139 338877 0.0
1140 339177 0.0
1141 339477 0.0
1142 339777 0.0
1143 340077 0.0
1144 340377 0.0
1145 340677 0.0
1146 340977 0.0
1147 341277 0.0
1148 341577 0.0
1149 341877 0.0
1150 342177 0.0
1151 342477 0.0
1152 342777 0.0
1153 343077 0.0
1154 343377 0.0
1155 343677 0.0
1156 343977 0.0
1157 344277 0.0
1158 344577 0.0
1159 344877 0.0
1160 345177 0.0
1161 345477 0.0
1162 345777 0.0
1163 346077 0.0
1164 346377 0.0
1165 346677 0.0
1166 346977 0.0
1167 347277 0.0
1168 347577 0.0
1169 347877 0.0
1170 348177 0.0
1171 348477 0.0
1172 348777 0.0
1173 349077 0.0
1174 349377 0.0
1175 349677 0.0
1176 349977 0.0
1177 350277 0.0
1178 350577 0.0
1179 350877 0.0
1180 351177 0.0
1181 351477 0.0
1182 351777 0.0
1183 352077 0.0
1184 352377 0.0
1185 352677 0.0
1186 352977 0.0
1187 353277 0.0
1188 353577 0.0
1189 353877 0.0
1190 354177 0.0
1191 354477 0.0
1192 354777 0.0
1193 355077 0.0
1194 355377 0.0
1195 355677 0.0
1196 355977 0.0
1197 356277 0.0
1198 356577 0.0
1199 356877 0.0
1200 357177 0.0
1201 357477 0.0
1202 357777 0.0
1203 358077 0.0
1204 358377 0.0
1205 358677 0.0
1206 358977 0.0
1207 359277 0.0
1208 359577 0.0
1209 359877 0.0
1210 360177 0.0
1211 360477 0.0
1212 360777 0.0
1213 361077 0.0
1214 361377 0.0
1215 361677 0.0
1216 361977 0.0
1217 362277 0.0
1218 362577 0.0
1219 362877 0.0
1220 363177 0.0
1221 363477 0.0
1222 363777 0.0
1223 364077 0.0
1224 364377 0.0
1225 364677 0.0
1226 364977 0.0
1227 365277 0.0
1228 365577 0.0
1229 365877 0.0
1230 366177 0.0
1231 366477 0.0
1232 366777 0.0
1233 367077 0.0
1234 367377 0.0
1235 367677 0.0
1236 367977 0.0
1237 368277 0.0
1238 368577 0.0
1239 368877 0.0
1240 369177 0.0
1241 369477 0.0
1242 369777 0.0
1243 370077 0.0
1244 370255 0.0
1245 370555 0.0
