1 300 0.0
2 600 0.0
3 900 0.0
4 1200 0.0
5 1500 0.0
6 1800 0.0
7 2100 0.0
8 2400 0.0
9 2700 0.0
10 3000 0.0
11 3300 0.0
12 3600 0.0
13 3900 0.0
14 4200 0.0
15 4500 0.0
16 4800 0.0
17 5100 0.0
18 5400 0.0
19 5700 0.0
20 6000 0.0
21 6300 0.0
22 6600 0.0
23 6900 0.0
24 7200 0.0
25 7500 0.0
26 7800 0.0
27 8100 0.0
28 8400 0.0
29 8700 0.0
30 9000 0.0
31 9300 0.0
32 9600 0.0
33 9900 0.0
34 10200 0.0
35 10500 0.0
36 10800 0.0
37 11100 0.0
38 11400 0.0
39 11700 0.0
40 12000 0.0
41 12300 0.0
42 12551 0.0
43 12851 0.0
44 13151 0.0
45 13451 0.0
46 13751 0.0
47 14051 0.0
48 14351 0.0
49 14651 0.0
50 14951 0.0
51 15251 0.0
52 15551 0.0
53 15851 0.0
54 16151 0.0
55 16451 0.0
56 16751 0.0
57 17051 0.0
58 17351 0.0
59 17651 0.0
60 17951 0.0
61 18251 0.0
62 18551 0.0
63 18851 0.0
64 19151 0.0
65 19451 0.0
66 19751 0.0
67 20051 0.0
68 20351 0.0
69 20651 0.0
70 20951 0.0
71 21251 0.0
72 21551 0.0
73 21851 0.0
74 22151 0.0
75 22451 0.0
76 22751 0.0
77 23051 0.0
78 23351 0.0
79 23651 0.0
80 23951 0.0
81 24251 0.0
82 24551 0.0
83 24851 0.0
84 25151 0.0
85 25451 0.0
86 25751 0.0
87 26051 0.0
88 26351 0.0
89 26651 0.0
90 26951 0.0
91 27251 0.0
92 27551 0.0
93 27851 0.0
94 28151 0.0
95 28451 0.0
96 28751 0.0
97 29051 0.0
98 29351 0.0
99 29651 0.0
100 29951 0.0
101 30251 0.0
102 30551 0.0
103 30851 0.0
104 31015 0.0
105 31315 0.0
106 31615 0.0
107 31915 0.0
108 32215 0.0
109 32515 0.0
110 32815 0.0
111 33115 0.0
112 33415 0.0
113 33715 0.0
114 34015 0.0
115 34315 0.0
116 34615 0.0
117 34915 0.0
118 35215 0.0
119 35515 0.0
120 35815 0.0
121 36115 0.0
122 36415 0.0
123 36715 0.0
124 37015 0.0
125 37315 0.0
126 37615 0.0
127 37915 0.0
128 38215 0.0
129 38515 0.0
130 38815 0.0
131 39115 0.0
132 39415 0.0
133 39715 0.0
134 40015 0.0
135 40315 0.0
136 40615 0.0
137 40915 0.0
138 41215 0.0
139 41515 0.0
140 41815 0.0
141 42115 0.0
142 42415 0.0
143 42715 0.0
144 43015 0.0
145 43315 0.0
146 43615 0.0
147 43915 0.0
148 44215 0.0
149 44515 0.0
150 44815 0.0
151 45115 0.0
152 45415 0.0
153 45715 0.0
154 46015 0.0
155 46315 0.0
156 46615 0.0
157 46915 0.0
158 47215 0.0
159 47515 0.0
160 47815 0.0
161 48115 0.0
162 48410 0.0
163 48710 0.0
164 49010 0.0
165 49310 0.0
166 49610 0.0
167 49910 0.0
168 50210 0.0
169 50510 0.0
170 50810 0.0
171 51110 0.0
172 51410 0.0
173 51710 0.0
174 52010 0.0
175 52310 0.0
176 52610 0.0
177 52910 0.0
178 53210 0.0
179 53510 0.0
180 53810 0.0
181 54110 0.0
182 54410 0.0
183 54710 0.0
184 55010 0.0
185 55310 0.0
186 55610 0.0
187 55910 0.0
188 56210 0.0
189 56510 0.0
190 56810 0.0
191 57110 0.0
192 57410 0.0
193 57710 0.0
194 58010 0.0
195 58310 0.0
196 58610 0.0
197 58910 0.0
198 59210 0.0
199 59510 0.0
200 59810 0.0
201 60110 0.0
202 60410 0.0
203 60710 0.0
204 61010 0.0
205 61310 0.0
206 61610 0.0
207 61910 0.0
208 62210 0.0
209 62510 0.0
210 62810 0.0
211 63110 0.0
212 63410 0.0
213 63710 0.0
214 64010 0.0
215 64310 0.0
216 64610 0.0
217 64910 0.0
218 65210 0.0
219 65510 0.0
220 65810 0.0
221 66110 0.0
222 66410 0.0
223 66710 0.0
224 67010 0.0
225 67310 0.0
226 67610 0.0
227 67910 0.0
228 68210 0.0
229 68510 0.0
230 68810 0.0
231 69110 0.0
232 69410 0.0
233 69710 0.0
234 70010 0.0
235 70310 0.0
236 70610 0.0
237 70910 0.0
238 71210 0.0
239 71510 0.0
240 71810 0.0
241 72110 0.0
242 72410 0.0
243 72710 0.0
244 73010 0.0
245 73310 0.0
246 73610 0.0
247 73910 0.0
248 74210 0.0
249 74510 0.0
250 74810 0.0
251 75110 0.0
252 75410 0.0
253 75710 0.0
254 76010 0.0
255 76310 0.0
256 76610 0.0
257 76910 0.0
258 77210 0.0
259 77510 0.0
260 77810 0.0
261 78110 0.0
262 78410 0.0
263 78710 0.0
264 79010 0.0
265 79310 0.0
266 79610 0.0
267 79910 0.0
268 80210 0.0
269 80510 0.0
270 80810 0.0
271 81110 0.0
272 81410 0.0
273 81710 0.0
274 82010 0.0
275 82310 0.0
276 82610 0.0
277 82910 0.0
278 83210 0.0
279 83510 0.0
280 83810 0.0
281 84110 0.0
282 84410 0.0
283 84710 0.0
284 85010 0.0
285 85310 0.0
286 85610 0.0
287 85910 0.0
288 86210 0.0
289 86510 0.0
290 86810 0.0
291 87110 0.0
292 87410 0.0
293 87710 0.0
294 88010 0.0
295 88310 0.0
296 88610 0.0
297 88910 0.0
298 89210 0.0
299 89510 0.0
300 89810 0.0
301 90110 0.0
302 90410 0.0
303 90710 0.0
304 90819 0.0
305 91119 0.0
306 91419 0.0
307 91719 0.0
308 92019 0.0
309 92319 0.0
310 92619 0.0
311 92919 0.0
312 93219 0.0
313 93519 0.0
314 93819 0.0
315 94119 0.0
316 94419 0.0
317 94719 0.0
318 95019 0.0
319 95319 0.0
320 95619 0.0
321 95919 0.0
322 96219 0.0
323 96519 0.0
324 96819 0.0
325 97119 0.0
326 97419 0.0
327 97719 0.0
328 98019 0.0
329 98319 0.0
330 98619 0.0
331 98919 0.0
332 99219 0.0
333 99519 0.0
334 99819 0.0
335 100119 0.0
336 100419 0.0
337 100719 0.0
338 101019 0.0
339 101319 0.0
340 101619 0.0
341 101919 0.0
342 102219 0.0
343 102519 0.0
344 102819 0.0
345 103119 0.0
346 103419 0.0
347 103719 0.0
348 104019 0.0
349 104319 0.0
350 104619 0.0
351 104919 0.0
352 105219 0.0
353 105519 0.0
354 105819 0.0
355 106119 0.0
356 106419 0.0
357 106719 0.0
358 107019 0.0
359 107319 0.0
360 107619 0.0
361 107919 0.0
362 108219 0.0
363 108519 0.0
364 108819 0.0
365 109119 0.0
366 109419 0.0
367 109719 0.0
368 110019 0.0
369 110319 0.0
370 110619 0.0
371 110919 0.0
372 111219 0.0
373 111519 0.0
374 111819 0.0
375 112119 0.0
376 112419 0.0
377 112719 0.0
378 113019 0.0
379 113319 0.0
380 113619 0.0
381 113919 0.0
382 114219 0.0
383 114519 0.0
384 114819 0.0
385 115119 0.0
386 115419 0.0
387 115719 0.0
388 116019 0.0
389 116319 0.0
390 116619 0.0
391 116919 0.0
392 117219 0.0
393 117519 0.0
394 117819 0.0
395 118119 0.0
396 118419 0.0
397 118719 0.0
398 119019 0.0
399 119319 0.0
400 119578 0.0
401 119878 0.0
402 120178 0.0
403 120478 0.0
404 120778 0.0
405 121078 0.0
406 121378 0.0
407 121678 0.0
408 121978 0.0
409 122278 0.0
410 122578 0.0
411 122878 0.0
412 123178 0.0
413 123478 0.0
414 123778 0.0
415 124078 0.0
416 124378 0.0
417 124678 0.0
418 124978 0.0
419 125278 0.0
420 125578 0.0
421 125878 0.0
422 126178 0.0
423 126478 0.0
424 126778 0.0
425 127078 0.0
426 127378 0.0
427 127678 0.0
428 127978 0.0
429 128278 0.0
430 128578 0.0
431 128878 0.0
432 129178 0.0
433 129478 0.0
434 129778 0.0
435 130078 0.0
436 130378 0.0
437 130678 0.0
438 130978 0.0
439 131278 0.0
440 131578 0.0
441 131878 0.0
442 132178 0.0
443 132478 0.0
444 132778 0.0
445 133078 0.0
446 133378 0.0
447 133678 0.0
448 133978 0.0
449 134278 0.0
450 134578 0.0
451 134878 0.0
452 135178 0.0
453 135478 0.0
454 135778 0.0
455 136078 0.0
456 136378 0.0
457 136678 0.0
458 136978 0.0
459 137278 0.0
460 137578 0.0
461 137878 0.0
462 138178 0.0
463 138478 0.0
464 138778 0.0
465 139078 0.0
466 139378 0.0
467 139678 0.0
468 139978 0.0
469 140278 0.0
470 140578 0.0
471 140878 0.0
472 141178 0.0
473 141478 0.0
474 141778 0.0
475 142078 0.0
476 142378 0.0
477 142678 0.0
478 142978 0.0
479 143278 0.0
480 143578 0.0
481 143878 0.0
482 144178 0.0
483 144478 0.0
484 144778 0.0
485 145078 0.0
486 145378 0.0
487 145678 0.0
488 145978 0.0
489 146278 0.0
490 146578 0.0
491 146878 0.0
492 147178 0.0
493 147478 0.0
494 147778 0.0
495 148078 0.0
496 148378 0.0
497 148678 0.0
498 148978 0.0
499 149278 0.0
500 149578 0.0
501 149878 0.0
502 150178 0.0
503 150478 0.0
504 150778 0.0
505 151078 0.0
506 151378 0.0
507 151646 0.0
508 151946 0.0
509 152246 0.0
510 152546 0.0
511 152846 0.0
512 153146 0.0
513 153446 0.0
514 153746 0.0
515 154046 0.0
516 154346 0.0
517 154646 0.0
518 154946 0.0
519 155246 0.0
520 155546 0.0
521 155846 0.0
522 156146 0.0
523 156446 0.0
524 156746 0.0
525 157046 0.0
526 157346 0.0
527 157507 0.0
528 157807 0.0
529 158107 0.0
530 158407 0.0
531 158684 0.0
532 158984 0.0
533 159284 0.0
534 159584 0.0
535 159884 0.0
536 160184 0.0
537 160484 0.0
538 160784 0.0
539 161084 0.0
540 161384 0.0
541 161684 0.0
542 161984 0.0
543 162284 0.0
544 162584 0.0
545 162884 0.0
546 163184 0.0
547 163484 0.0
548 163784 0.0
549 164084 0.0
550 164384 0.0
551 164684 0.0
552 164984 0.0
553 165284 0.0
554 165584 0.0
555 165884 0.0
556 166184 0.0
557 166484 0.0
558 166784 0.0
559 167084 0.0
560 167384 0.0
561 167684 0.0
562 167984 0.0
563 168284 0.0
564 168584 0.0
565 168884 0.0
566 169184 0.0
567 169484 0.0
568 169784 0.0
569 170084 0.0
570 170384 0.0
571 170684 0.0
572 170984 0.0
573 171280 0.0
574 171580 0.0
575 171880 0.0
576 172180 0.0
577 172480 0.0
578 172780 0.0
579 173080 0.0
580 173380 0.0
581 173680 0.0
582 173980 0.0
583 174280 0.0
584 174580 0.0
585 174880 0.0
586 175180 0.0
587 175480 0.0
588 175780 0.0
589 176080 0.0
590 176380 0.0
591 176680 0.0
592 176980 0.0
593 177280 0.0
594 177469 0.0
595 177769 0.0
596 178069 0.0
597 178369 0.0
598 178669 0.0
599 178969 0.0
600 179269 0.0
601 179569 0.0
602 179869 0.0
603 180169 0.0
604 180469 0.0
605 180769 0.0
606 181069 0.0
607 181369 0.0
608 181669 0.0
609 181969 0.0
610 182269 0.0
611 182569 0.0
612 182869 0.0
613 183169 0.0
614 183469 0.0
615 183769 0.0
616 184069 0.0
617 184369 0.0
618 184669 0.0
619 184969 0.0
620 185269 0.0
621 185569 0.0
622 185869 0.0
623 186169 0.0
624 186469 0.0
625 186769 0.0
626 187069 0.0
627 187369 0.0
628 187669 0.0
629 187969 0.0
630 188269 0.0
631 188569 0.0
632 188869 0.0
633 189169 0.0
634 189469 0.0
635 189769 0.0
636 190069 0.0
637 190369 0.0
638 190669 0.0
639 190969 0.0
640 191269 0.0
641 191569 0.0
642 191869 0.0
643 192169 0.0
644 192469 0.0
645 192769 0.0
646 193069 0.0
647 193369 0.0
648 193669 0.0
649 193969 0.0
650 194269 0.0
651 194569 0.0
652 194869 0.0
653 195169 0.0
654 195469 0.0
655 195769 0.0
656 196069 0.0
657 196369 0.0
658 196669 0.0
659 196969 0.0
660 197269 0.0
661 197539 0.0
662 197839 0.0
663 198139 0.0
664 198439 0.0
665 198739 0.0
666 199039 0.0
667 199339 0.0
668 199639 0.0
669 199939 0.0
670 200239 0.0
671 200539 0.0
672 200839 0.0
673 201139 0.0
674 201439 0.0
675 201739 0.0
676 202039 0.0
677 202339 0.0
678 202639 0.0
679 202939 0.0
680 203239 0.0
681 203539 0.0
682 203839 0.0
683 204139 0.0
684 204439 0.0
685 204739 0.0
686 205039 0.0
687 205339 0.0
688 205639 0.0
689 205939 0.0
690 206239 0.0
691 206539 0.0
692 206839 0.0
693 207139 0.0
694 207379 0.0
695 207679 0.0
696 207979 0.0
697 208279 0.0
698 208579 0.0
699 208879 0.0
700 209179 0.0
701 209479 0.0
702 209779 0.0
703 210079 0.0
704 210379 0.0
705 210679 0.0
706 210979 0.0
707 211279 0.0
708 211579 0.0
709 211879 0.0
710 212179 0.0
711 212479 0.0
712 212779 0.0
713 213079 0.0
714 213379 0.0
715 213615 0.0
716 213915 0.0
717 214215 0.0
718 214515 0.0
719 214815 0.0
720 215115 0.0
721 215415 0.0
722 215715 0.0
723 216015 0.0
724 216315 0.0
725 216615 0.0
726 216915 0.0
727 217215 0.0
728 217515 0.0
729 217815 0.0
730 218115 0.0
731 218415 0.0
732 218715 0.0
733 219015 0.0
734 219315 0.0
735 219615 0.0
736 219915 0.0
737 220215 0.0
738 220515 0.0
739 220815 0.0
740 221115 0.0
741 221415 0.0
742 221715 0.0
743 222015 0.0
744 222315 0.0
745 222615 0.0
746 222915 0.0
747 223215 0.0
748 223515 0.0
749 223815 0.0
750 224115 0.0
751 224415 0.0
752 224715 0.0
753 225015 0.0
754 225315 0.0
755 225615 0.0
756 225915 0.0
757 226215 0.0
758 226515 0.0
759 226815 0.0
760 227115 0.0
761 227415 0.0
762 227715 0.0
763 228015 0.0
764 228315 0.0
765 228615 0.0
766 228915 0.0
767 229215 0.0
768 229515 0.0
769 229815 0.0
770 230115 0.0
771 230415 0.0
772 230715 0.0
773 231015 0.0
774 231315 0.0
775 231615 0.0
776 231915 0.0
777 232173 0.0
778 232473 0.0
779 232773 0.0
780 233073 0.0
781 233373 0.0
782 233673 0.0
783 233973 0.0
784 234273 0.0
785 234573 0.0
786 234873 0.0
787 235173 0.0
788 235473 0.0
789 235773 0.0
790 236073 0.0
791 236373 0.0
792 236673 0.0
793 236973 0.0
794 237273 0.0
795 237573 0.0
796 237873 0.0
797 238173 0.0
798 238473 0.0
799 238773 0.0
800 239073 0.0
801 239373 0.0
802 239673 0.0
803 239973 0.0
804 240273 0.0
805 240573 0.0
806 240873 0.0
807 241173 0.0
808 241473 0.0
809 241773 0.0
810 242073 0.0
811 242373 0.0
812 242673 0.0
813 242973 0.0
814 243273 0.0
815 243573 0.0
816 243873 0.0
817 244173 0.0
818 244473 0.0
819 244773 0.0
820 245073 0.0
821 245373 0.0
822 245673 0.0
823 245973 0.0
824 246273 0.0
825 246573 0.0
826 246873 0.0
827 247173 0.0
828 247473 0.0
829 247773 0.0
830 248030 0.0
831 248330 0.0
832 248630 0.0
833 248930 0.0
834 249230 0.0
835 249530 0.0
836 249829 0.0
837 250129 0.0
838 250429 0.0
839 250729 0.0
840 251029 0.0
841 251329 0.0
842 251629 0.0
843 251929 0.0
844 252229 0.0
845 252529 0.0
846 252829 0.0
847 253129 0.0
848 253429 0.0
849 253729 0.0
850 254029 0.0
851 254329 0.0
852 254629 0.0
853 254929 0.0
854 255229 0.0
855 255529 0.0
856 255829 0.0
857 256129 0.0
858 256429 0.0
859 256729 0.0
860 257029 0.0
861 257329 0.0
862 257629 0.0
863 257929 0.0
864 258229 0.0
865 258529 0.0
866 258829 0.0
867 259129 0.0
868 259429 0.0
869 259729 0.0
870 260029 0.0
871 260329 0.0
872 260629 0.0
873 260929 0.0
874 261229 0.0
875 261529 0.0
876 261829 0.0
877 262129 0.0
878 262429 0.0
879 262729 0.0
880 263029 0.0
881 263329 0.0
882 263629 0.0
883 263929 0.0
884 264229 0.0
885 264529 0.0
886 264829 0.0
887 265129 0.0
888 265429 0.0
889 265729 0.0
890 266029 0.0
891 266329 0.0
892 266542 0.0
893 266842 0.0
894 267142 0.0
895 267442 0.0
896 267742 0.0
897 268042 0.0
898 268342 0.0
899 268642 0.0
900 268942 0.0
901 269242 0.0
902 269542 0.0
903 269842 0.0
904 270142 0.0
905 270442 0.0
906 270742 0.0
907 271042 0.0
908 271342 0.0
909 271642 0.0
910 271942 0.0
911 272242 0.0
912 272542 0.0
913 272842 0.0
914 273142 0.0
915 273442 0.0
916 273742 0.0
917 274042 0.0
918 274342 0.0
919 274642 0.0
920 274942 0.0
921 275242 0.0
922 275542 0.0
923 275842 0.0
924 276142 0.0
925 276442 0.0
926 276742 0.0
927 277042 0.0
928 277342 0.0
929 277642 0.0
930 277942 0.0
931 278242 0.0
932 278495 0.0
933 278795 0.0
934 279095 0.0
935 279395 0.0
936 279695 0.0
937 279995 0.0
938 280295 0.0
939 280595 0.0
940 280895 0.0
941 281195 0.0
942 281495 0.0
943 281795 0.0
944 282095 0.0
945 282395 0.0
946 282695 0.0
947 282995 0.0
948 283295 0.0
949 283595 0.0
950 283895 0.0
951 284195 0.0
952 284495 0.0
953 284795 0.0
954 285095 0.0
955 285395 0.0
956 285695 0.0
957 285995 0.0
958 286295 0.0
959 286595 0.0
960 286895 0.0
961 287195 0.0
962 287495 0.0
963 287795 0.0
964 288095 0.0
965 288395 0.0
966 288695 0.0
967 288995 0.0
968 289295 0.0
969 289595 0.0
970 289895 0.0
971 290195 0.0
972 290495 0.0
973 290795 0.0
974 291095 0.0
975 291395 0.0
976 291695 0.0
977 291995 0.0
978 292295 0.0
979 292595 0.0
980 292895 0.0
981 293195 0.0
982 293495 0.0
983 293795 0.0
984 294095 0.0
985 294395 0.0
986 294695 0.0
987 294995 0.0
988 295295 0.0
989 295595 0.0
990 295895 0.0
991 296195 0.0
992 296495 0.0
993 296795 0.0
994 297095 0.0
995 297395 0.0
996 297695 0.0
997 297995 0.0
998 298295 0.0
999 298595 0.0
1000 298895 0.0
1001 299195 0.0
1002 299495 0.0
1003 299795 0.0
1004 300095 0.0
1005 300395 0.0
1006 300695 0.0
1007 300995 0.0
1008 301295 0.0
1009 301595 0.0
1010 301895 0.0
1011 302195 0.0
1012 302495 0.0
1013 302795 0.0
1014 303095 0.0
1015 303395 0.0
1016 303695 0.0
1017 303995 0.0
1018 304295 0.0
1019 304595 0.0
1020 304895 0.0
1021 305195 0.0
1022 305495 0.0
1023 305795 0.0
1024 306095 0.0
1025 306395 0.0
1026 306695 0.0
1027 306995 0.0
1028 307295 0.0
1029 307595 0.0
1030 307895 0.0
1031 308195 0.0
1032 308495 0.0
1033 308795 0.0
1034 309095 0.0
1035 309395 0.0
1036 309695 0.0
1037 309995 0.0
1038 310295 0.0
1039 310595 0.0
1040 310895 0.0
1041 311195 0.0
1042 311495 0.0
1043 311795 0.0
1044 312095 0.0
1045 312395 0.0
1046 312695 0.0
1047 312995 0.0
1048 313295 0.0
1049 313595 0.0
1050 313895 0.0
1051 314195 0.0
1052 314495 0.0
1053 314795 0.0
1054 315095 0.0
1055 315395 0.0
1056 315695 0.0
1057 315995 0.0
1058 316295 0.0
1059 316595 0.0
1060 316895 0.0
1061 317195 0.0
1062 317495 0.0
1063 317795 0.0
1064 318095 0.0
1065 318395 0.0
1066 318695 0.0
1067 318995 0.0
1068 319295 0.0
1069 319595 0.0
1070 319737 0.0
1071 320037 0.0
1072 320337 0.0
1073 320637 0.0
1074 320937 0.0
1075 321237 0.0
1076 321537 0.0
1077 321837 0.0
1078 322137 0.0
1079 322437 0.0
1080 322737 0.0
1081 323037 0.0
1082 323337 0.0
1083 323637 0.0
1084 323937 0.0
1085 324237 0.0
1086 324537 0.0
1087 324837 0.0
1088 325137 0.0
1089 325437 0.0
1090 325737 0.0
1091 326037 0.0
1092 326337 0.0
1093 326637 0.0
1094 326937 0.0
1095 327237 0.0
1096 327537 0.0
1097 327837 0.0
1098 328137 0.0
1099 328437 0.0
1100 328737 0.0
1101 329037 0.0
1102 329337 0.0
1103 329637 0.0
1104 329937 0.0
1105 330237 0.0
1106 330537 0.0
1107 330837 0.0
1108 331137 0.0
1109 331437 0.0
1110 331737 0.0
1111 332037 0.0
1112 332337 0.0
1113 332637 0.0
1114 332937 0.0
1115 333237 0.0
1116 333537 0.0
1117 333837 0.0
1118 334137 0.0
1119 334437 0.0
1120 334737 0.0
1121 335037 0.0
1122 335337 0.0
1123 335637 0.0
1124 335937 0.0
1125 336237 0.0
1126 336537 0.0
1127 336837 0.0
1128 337137 0.0
1129 337437 0.0
1130 337737 0.0
1131 338037 0.0
1132 338337 0.0
1133 338637 0.0
1134 338937 0.0
1135 339237 0.0
1136 339537 0.0
1137 339837 0.0
1138 340137 0.0
1139 340437 0.0
1140 340737 0.0
1141 341037 0.0
1142 341337 0.0
1143 341637 0.0
1144 341937 0.0
1145 342237 0.0
1146 342537 0.0
1147 342837 0.0
1148 343137 0.0
1149 343437 0.0
1150 343737 0.0
1151 344037 0.0
1152 344337 0.0
1153 344637 0.0
1154 344937 0.0
1155 345237 0.0
1156 345537 0.0
1157 345837 0.0
1158 346137 0.0
1159 346437 0.0
1160 346737 0.0
1161 347037 0.0
1162 347337 0.0
1163 347637 0.0
1164 347937 0.0
1165 348237 0.0
1166 348537 0.0
1167 348837 0.0
1168 349137 0.0
1169 349437 0.0
1170 349737 0.0
1171 350037 0.0
1172 350337 0.0
1173 350637 0.0
1174 350937 0.0
1175 351237 0.0
1176 351537 0.0
1177 351837 0.0
1178 352137 0.0
1179 352365 0.0
1180 352665 0.0
1181 352965 0.0
1182 353265 0.0
1183 353565 0.0
1184 353865 0.0
1185 354165 0.0
1186 354465 0.0
1187 354765 0.0
1188 355065 0.0
1189 355365 0.0
1190 355665 0.0
1191 355965 0.0
1192 356265 0.0
1193 356565 0.0
1194 356865 0.0
1195 357165 0.0
1196 357465 0.0
1197 357765 0.0
1198 358065 0.0
1199 358365 0.0
1200 358665 0.0
1201 358965 0.0
1202 359265 0.0
1203 359565 0.0
1204 359865 0.0
1205 360165 0.0
1206 360465 0.0
1207 360765 0.0
1208 361065 0.0
1209 361365 0.0
1210 361665 0.0
1211 361965 0.0
1212 362265 0.0
1213 362565 0.0
1214 362865 0.0
1215 363165 0.0
1216 363465 0.0
1217 363765 0.0
1218 364065 0.0
1219 364365 0.0
1220 364665 0.0
1221 364965 0.0
1222 365265 0.0
1223 365565 0.0
1224 365865 0.0
1225 366165 0.0
1226 366465 0.0
1227 366765 0.0
1228 367065 0.0
1229 367365 0.0
1230 367665 0.0
1231 367965 0.0
1232 368265 0.0
1233 368565 0.0
1234 368865 0.0
1235 369165 0.0
1236 369465 0.0
1237 369765 0.0
1238 370065 0.0
1239 370365 0.0
1240 370665 0.0
