1 200 0.22000000000000003
2 400 0.23000000000000004
3 600 0.24000000000000005
4 800 0.25000000000000006
5 1000 0.26000000000000006
6 1200 0.27
7 1400 0.28
8 1600 0.29000000000000004
9 1800 0.30000000000000004
10 2000 0.31000000000000005
11 2200 0.32000000000000006
12 2400 0.33000000000000007
13 2600 0.3400000000000001
14 2800 0.3500000000000001
15 3000 0.36000000000000004
16 3200 0.37
17 3400 0.38
18 3600 0.4
19 3800 0.41000000000000003
20 4000 0.41000000000000003
21 4200 0.42000000000000004
22 4400 0.44000000000000006
23 4600 0.4600000000000001
24 4800 0.4700000000000001
25 5000 0.4900000000000001
26 5200 0.5100000000000001
27 5400 0.52
28 5600 0.54
29 5800 0.55
30 6000 0.56
31 6200 0.5800000000000001
32 6400 0.5900000000000001
33 6600 0.6000000000000001
34 6800 0.6100000000000001
35 7000 0.6200000000000001
36 7200 0.6400000000000001
37 7400 0.6600000000000001
38 7600 0.67
39 7800 0.6900000000000002
40 8000 0.7100000000000001
41 8200 0.73
42 8400 0.75
43 8600 0.76
44 8800 0.77
45 9000 0.79
46 9200 0.81
47 9400 0.8300000000000001
48 9600 0.8500000000000001
49 9800 0.8600000000000001
50 10000 0.8800000000000001
51 10200 0.9000000000000001
52 10400 0.9200000000000002
53 10600 0.9400000000000002
54 10800 0.9600000000000002
55 11000 0.9700000000000002
56 11200 0.9800000000000002
57 11400 1.0
58 11600 1.02
59 11800 1.03
60 12000 1.05
61 12200 1.07
62 12400 1.09
63 12600 1.11
64 12800 1.1300000000000001
65 13000 1.1500000000000001
66 13200 1.1700000000000002
67 13400 1.1800000000000002
68 13600 1.2000000000000002
69 13800 1.2100000000000002
70 14000 1.2300000000000002
71 14200 1.2500000000000002
72 14400 1.2600000000000002
73 14600 1.2800000000000002
74 14800 1.3000000000000003
75 15000 1.3200000000000003
76 15200 1.3400000000000003
77 15400 1.3600000000000003
78 15551 1.3800000000000003
79 15751 1.37
80 15951 1.3900000000000001
81 16151 1.4000000000000004
82 16351 1.4100000000000001
83 16551 1.43
84 16751 1.45
85 16951 1.46
86 17151 1.4700000000000002
87 17351 1.49
88 17551 1.51
89 17751 1.53
90 17951 1.54
91 18151 1.55
92 18351 1.55
93 18504 1.56
94 18704 1.56
95 18904 1.57
96 19104 1.58
97 19304 1.59
98 19504 1.6
99 19704 1.61
100 19904 1.61
101 20104 1.62
102 20304 1.6300000000000001
103 20504 1.6400000000000001
104 20704 1.6500000000000001
105 20904 1.6600000000000001
106 21104 1.6700000000000002
107 21304 1.6800000000000002
108 21504 1.6900000000000002
109 21704 1.7000000000000002
110 21904 1.7100000000000002
111 22104 1.7200000000000002
112 22304 1.7300000000000002
113 22504 1.7400000000000002
114 22704 1.7500000000000002
115 22904 1.7600000000000002
116 23104 1.7700000000000002
117 23281 1.7800000000000002
118 23481 1.7700000000000002
119 23681 1.7800000000000002
120 23881 1.7900000000000003
121 23974 1.8000000000000003
122 24131 1.8000000000000003
123 24331 1.8000000000000003
124 24455 1.8100000000000003
125 24580 1.8100000000000003
126 24780 1.8100000000000003
127 24956 1.8200000000000003
128 25156 1.8200000000000003
129 25356 1.8300000000000003
130 25521 1.8400000000000003
131 25721 1.8400000000000003
132 25921 1.8500000000000003
133 26121 1.8600000000000003
134 26321 1.8700000000000003
135 26521 1.8800000000000003
136 26613 1.8800000000000003
137 26813 1.8800000000000003
138 26977 1.8900000000000003
139 27083 1.8900000000000003
140 27264 1.8900000000000003
141 27458 1.8900000000000003
142 27658 1.8900000000000003
143 27858 1.9000000000000004
144 27965 1.9100000000000004
145 28111 1.9100000000000004
146 28229 1.9100000000000004
147 28402 1.9100000000000004
148 28602 1.9100000000000004
149 28738 1.9200000000000004
150 28866 1.9200000000000004
151 28939 1.9200000000000004
152 29041 1.9200000000000004
153 29240 1.9200000000000004
154 29440 1.9200000000000004
155 29555 1.9300000000000004
156 29681 1.9300000000000004
157 29766 1.9300000000000004
158 29966 1.9300000000000004
159 30093 1.9400000000000004
160 30293 1.9400000000000004
161 30481 1.9400000000000004
162 30610 1.9400000000000004
163 30760 1.9400000000000004
164 30870 1.9400000000000004
165 30992 1.9400000000000004
166 31079 1.9400000000000004
167 31175 1.9400000000000004
168 31375 1.9400000000000004
169 31575 1.9500000000000004
170 31706 1.9500000000000004
171 31777 1.9500000000000004
172 31861 1.9500000000000004
173 31972 1.9500000000000004
174 32050 1.9500000000000004
175 32161 1.9500000000000004
176 32281 1.9500000000000004
177 32403 1.9500000000000004
178 32603 1.9500000000000004
179 32693 1.9600000000000004
180 32893 1.9600000000000004
181 32980 1.9700000000000002
182 33137 1.9700000000000002
183 33222 1.9700000000000002
184 33379 1.9700000000000002
185 33441 1.9700000000000002
186 33517 1.9700000000000002
187 33682 1.9700000000000002
188 33742 1.9700000000000002
189 33859 1.9700000000000002
190 33960 1.9700000000000002
191 34160 1.9700000000000002
192 34310 1.9800000000000004
193 34458 1.9800000000000004
194 34540 1.9800000000000004
195 34650 1.9800000000000004
196 34756 1.9800000000000004
197 34838 1.9800000000000004
198 34932 1.9800000000000004
199 35132 1.9800000000000004
200 35231 1.9900000000000002
201 35383 1.9900000000000002
202 35482 1.9900000000000002
203 35602 1.9900000000000002
204 35711 1.9900000000000002
205 35857 1.9900000000000002
206 35911 1.9900000000000002
207 36010 1.9900000000000002
208 36156 1.9900000000000002
209 36237 1.9900000000000002
210 36415 1.9900000000000002
211 36474 1.9900000000000002
212 36540 1.9900000000000002
213 36659 1.9900000000000002
214 36743 1.9900000000000002
215 36788 1.9900000000000002
216 36878 1.9900000000000002
217 37078 1.9900000000000002
218 37197 2.0
219 37328 2.0
220 37448 2.0
221 37512 2.0
222 37592 2.0
223 37648 2.0
224 37726 2.0
225 37805 2.0
226 37897 2.0
227 37971 2.0
228 38123 2.0
229 38223 2.0
230 38300 2.0
231 38382 2.0
232 38458 2.0
233 38550 2.0
234 38668 2.0
235 38755 2.0
236 38873 2.0
237 38989 2.0
238 39053 2.0
239 39155 2.0
240 39218 2.0
241 39299 2.0
242 39361 2.0
243 39443 2.0
244 39542 2.0
245 39636 2.0
246 39708 2.0
247 39800 2.0
248 39987 2.0
249 40068 2.0
250 40157 2.0
251 40244 2.0
252 40320 2.0
253 40381 2.0
254 40448 2.0
255 40612 2.0
256 40697 2.0
257 40808 2.0
258 40917 2.0
259 41009 2.0
260 41109 2.0
261 41183 2.0
262 41246 2.0
263 41334 1.9900000000000002
264 41439 1.9900000000000002
265 41516 1.9900000000000002
266 41598 1.9900000000000002
267 41676 1.9900000000000002
268 41843 1.9900000000000002
269 41940 1.9900000000000002
270 42022 1.9900000000000002
271 42135 1.9900000000000002
272 42222 1.9900000000000002
273 42310 1.9900000000000002
274 42368 1.9900000000000002
275 42476 1.9900000000000002
276 42543 1.9900000000000002
277 42610 1.9900000000000002
278 42704 1.9900000000000002
279 42763 1.9900000000000002
280 42831 1.9900000000000002
281 42900 1.9900000000000002
282 43005 1.9900000000000002
283 43174 1.9900000000000002
284 43257 1.9900000000000002
285 43363 1.9900000000000002
286 43413 1.9900000000000002
287 43535 1.9900000000000002
288 43655 1.9900000000000002
289 43715 1.9900000000000002
290 43785 1.9900000000000002
291 43866 1.9900000000000002
292 43929 1.9900000000000002
293 43990 1.9900000000000002
294 44064 1.9900000000000002
295 44119 1.9900000000000002
296 44196 1.9900000000000002
297 44305 1.9900000000000002
298 44414 1.9900000000000002
299 44488 1.9900000000000002
300 44610 1.9900000000000002
301 44672 1.9900000000000002
302 44748 1.9900000000000002
303 44812 1.9900000000000002
304 44937 1.9900000000000002
305 45011 1.9900000000000002
306 45160 1.9900000000000002
307 45258 1.9900000000000002
308 45331 1.9900000000000002
309 45396 1.9900000000000002
310 45465 1.9900000000000002
311 45536 1.9900000000000002
312 45626 1.9900000000000002
313 45715 1.9900000000000002
314 45816 1.9900000000000002
315 45892 1.9900000000000002
316 45954 1.9900000000000002
317 46023 1.9900000000000002
318 46087 1.9900000000000002
319 46233 1.9900000000000002
320 46329 1.9900000000000002
321 46420 1.9900000000000002
322 46473 1.9900000000000002
323 46534 1.9900000000000002
324 46632 1.9900000000000002
325 46709 1.9900000000000002
326 46792 1.9900000000000002
327 46880 1.9900000000000002
328 46932 1.9900000000000002
329 47098 1.9900000000000002
330 47163 1.9900000000000002
331 47307 1.9900000000000002
332 47383 1.9900000000000002
333 47478 1.9900000000000002
334 47597 1.9900000000000002
335 47676 1.9900000000000002
336 47747 1.9900000000000002
337 47857 1.9900000000000002
338 47984 1.9900000000000002
339 48046 1.9900000000000002
340 48119 1.9900000000000002
341 48201 1.9900000000000002
342 48306 1.9900000000000002
343 48396 1.9900000000000002
344 48497 1.9900000000000002
345 48586 1.9900000000000002
346 48646 1.9900000000000002
347 48737 1.9900000000000002
348 48835 1.9900000000000002
349 48935 1.9900000000000002
350 49010 1.9900000000000002
351 49071 1.9900000000000002
352 49170 1.9900000000000002
353 49258 1.9900000000000002
354 49340 1.9900000000000002
355 49403 1.9900000000000002
356 49465 1.9900000000000002
357 49551 1.9900000000000002
358 49631 1.9900000000000002
359 49706 1.9900000000000002
360 49813 1.9900000000000002
361 49892 1.9900000000000002
362 50092 1.9900000000000002
363 50168 2.0
364 50228 2.0
365 50284 2.0
366 50342 2.0
367 50417 2.0
368 50503 2.0
369 50590 2.0
370 50680 2.0
371 50764 2.0
372 50843 2.0
373 50916 2.0
374 50968 2.0
375 51026 2.0
376 51084 2.0
377 51139 2.0
378 51205 2.0
379 51263 2.0
380 51352 2.0
381 51431 2.0
382 51494 2.0
383 51594 2.0
384 51659 2.0
385 51825 2.0
386 51918 2.0
387 51980 2.0
388 52058 2.0
389 52143 2.0
390 52225 2.0
391 52277 2.0
392 52321 2.0
393 52381 2.0
394 52450 2.0
395 52515 2.0
396 52569 2.0
397 52734 2.0
398 52811 2.0
399 52883 2.0
400 52944 2.0
401 53033 2.0
402 53145 2.0
403 53222 2.0
404 53279 2.0
405 53352 2.0
406 53439 2.0
407 53506 2.0
408 53581 2.0
409 53641 2.0
410 53710 2.0
411 53789 2.0
412 53865 2.0
413 53928 2.0
414 53997 2.0
415 54063 2.0
416 54125 2.0
417 54216 2.0
418 54274 2.0
419 54320 2.0
420 54383 2.0
421 54448 2.0
422 54494 2.0
423 54572 2.0
424 54645 2.0
425 54751 2.0
426 54817 2.0
427 54903 2.0
428 54953 2.0
429 55040 2.0
430 55091 2.0
431 55188 2.0
432 55235 2.0
433 55309 2.0
434 55376 2.0
435 55439 2.0
436 55518 2.0
437 55604 2.0
438 55706 2.0
439 55761 2.0
440 55808 2.0
441 55872 2.0
442 55962 2.0
443 56028 2.0
444 56088 2.0
445 56166 2.0
446 56250 2.0
447 56304 2.0
448 56416 2.0
449 56529 2.0
450 56595 2.0
451 56665 2.0
452 56739 2.0
453 56799 2.0
454 56847 2.0
455 56951 2.0
456 57017 2.0
457 57123 2.0
458 57194 2.0
459 57294 2.0
460 57361 2.0
461 57446 2.0
462 57507 2.0
463 57626 2.0
464 57690 2.0
465 57762 2.0
466 57812 2.0
467 57889 2.0
468 57944 2.0
469 58029 2.0
470 58122 2.0
471 58209 2.0
472 58252 2.0
473 58317 2.0
474 58382 2.0
475 58451 2.0
476 58535 2.0
477 58596 2.0
478 58654 2.0
479 58722 2.0
480 58788 2.0
481 58868 2.0
482 58935 2.0
483 59007 2.0
484 59068 2.0
485 59182 2.0
486 59274 2.0
487 59325 2.0
488 59390 2.0
489 59451 2.0
490 59566 2.0
491 59642 2.0
492 59718 2.0
493 59784 2.0
494 59867 2.0
495 59920 2.0
496 59998 2.0
497 60091 2.0
498 60162 2.0
499 60227 2.0
500 60293 2.0
501 60374 2.0
502 60442 2.0
503 60538 2.0
504 60599 2.0
505 60653 2.0
506 60716 2.0
507 60801 2.0
508 60867 2.0
509 60944 2.0
510 61032 2.0
511 61096 2.0
512 61190 2.0
513 61234 2.0
514 61288 2.0
515 61384 2.0
516 61451 2.0
517 61507 2.0
518 61573 2.0
519 61638 2.0
520 61705 2.0
521 61789 2.0
522 61843 2.0
523 61889 2.0
524 61945 2.0
525 61998 2.0
526 62063 2.0
527 62108 2.0
528 62177 2.0
529 62250 2.0
530 62337 2.0
531 62401 2.0
532 62457 2.0
533 62519 2.0
534 62598 2.0
535 62646 2.0
536 62714 2.0
537 62770 2.0
538 62843 2.0
539 62924 2.0
540 63037 2.0
541 63106 2.0
542 63170 2.0
543 63263 2.0
544 63330 2.0
545 63380 2.0
546 63494 2.0
547 63567 2.0
548 63657 2.0
549 63721 2.0
550 63784 2.0
551 63865 2.0
552 63954 2.0
553 64013 2.0
554 64077 2.0
555 64149 2.0
556 64235 2.0
557 64284 2.0
558 64341 2.0
559 64392 2.0
560 64448 2.0
561 64536 2.0
562 64589 2.0
563 64687 2.0
564 64728 2.0
565 64800 2.0
566 64859 2.0
567 64912 2.0
568 64979 2.0
569 65051 2.0
570 65136 2.0
571 65217 2.0
572 65278 2.0
573 65341 2.0
574 65419 2.0
575 65500 2.0
576 65555 2.0
577 65619 2.0
578 65683 2.0
579 65740 2.0
580 65798 2.0
581 65853 2.0
582 65892 2.0
583 65953 2.0
584 66027 2.0
585 66086 2.0
586 66155 2.0
587 66213 2.0
588 66262 2.0
589 66345 2.0
590 66417 2.0
591 66476 2.0
592 66558 2.0
593 66673 2.0
594 66741 2.0
595 66794 2.0
596 66845 2.0
597 66929 2.0
598 66995 2.0
599 67055 2.0
600 67119 2.0
601 67177 2.0
602 67229 2.0
603 67327 2.0
604 67382 2.0
605 67451 2.0
606 67511 2.0
607 67584 2.0
608 67640 2.0
609 67696 2.0
610 67755 2.0
611 67816 2.0
612 67882 2.0
613 67957 2.0
614 68040 2.0
615 68097 2.0
616 68177 2.0
617 68269 2.0
618 68325 2.0
619 68388 2.0
620 68440 2.0
621 68498 2.0
622 68552 2.0
623 68627 2.0
624 68691 2.0
625 68760 2.0
626 68818 2.0
627 68867 2.0
628 68922 2.0
629 68990 2.0
630 69059 2.0
631 69135 2.0
632 69181 2.0
633 69229 2.0
634 69278 2.0
635 69346 2.0
636 69415 2.0
637 69480 2.0
638 69580 2.0
639 69674 2.0
640 69744 2.0
641 69839 2.0
642 69921 2.0
643 69975 2.0
644 70052 2.0
645 70131 2.0
646 70185 2.0
647 70239 2.0
648 70289 2.0
649 70347 2.0
650 70426 2.0
651 70495 2.0
652 70579 2.0
653 70630 2.0
654 70683 2.0
655 70756 2.0
656 70808 2.0
657 70862 2.0
658 70934 2.0
659 71007 2.0
660 71117 2.0
661 71175 2.0
662 71237 2.0
663 71326 2.0
664 71377 2.0
665 71447 2.0
666 71515 2.0
667 71574 2.0
668 71635 2.0
669 71699 2.0
670 71792 2.0
671 71848 2.0
672 71898 2.0
673 71956 2.0
674 72021 2.0
675 72092 2.0
676 72136 2.0
677 72191 2.0
678 72273 2.0
679 72353 2.0
680 72419 2.0
681 72469 2.0
682 72567 2.0
683 72627 2.0
684 72713 2.0
685 72794 2.0
686 72852 2.0
687 72905 2.0
688 72961 2.0
689 73017 2.0
690 73094 2.0
691 73170 2.0
692 73263 2.0
693 73337 2.0
694 73396 2.0
695 73443 2.0
696 73509 2.0
697 73563 2.0
698 73638 2.0
699 73694 2.0
700 73762 2.0
701 73851 2.0
702 73940 2.0
703 73991 2.0
704 74056 2.0
705 74141 2.0
706 74186 2.0
707 74275 2.0
708 74339 2.0
709 74434 2.0
710 74531 2.0
711 74610 2.0
712 74724 2.0
713 74799 2.0
714 74887 2.0
715 74928 2.0
716 75001 2.0
717 75065 2.0
718 75125 2.0
719 75176 2.0
720 75230 2.0
721 75297 2.0
722 75371 2.0
723 75439 2.0
724 75491 2.0
725 75543 2.0
726 75586 2.0
727 75778 2.0
728 75844 2.0
729 75897 2.0
730 75972 2.0
731 76042 2.0
732 76108 2.0
733 76168 2.0
734 76248 2.0
735 76316 2.0
736 76370 2.0
737 76433 2.0
738 76496 2.0
739 76593 2.0
740 76653 2.0
741 76702 2.0
742 76762 2.0
743 76826 2.0
744 76895 2.0
745 76985 2.0
746 77044 2.0
747 77117 2.0
748 77172 2.0
749 77247 2.0
750 77322 2.0
751 77385 2.0
752 77444 2.0
753 77513 2.0
754 77578 2.0
755 77642 2.0
756 77701 2.0
757 77755 2.0
758 77812 2.0
759 77861 2.0
760 77906 2.0
761 77970 2.0
762 78017 2.0
763 78075 2.0
764 78136 2.0
765 78218 2.0
766 78268 2.0
767 78353 2.0
768 78401 2.0
769 78464 2.0
770 78521 2.0
771 78585 2.0
772 78642 2.0
773 78721 2.0
774 78780 2.0
775 78850 2.0
776 78924 2.0
777 78985 2.0
778 79035 2.0
779 79095 2.0
780 79171 2.0
781 79236 2.0
782 79334 2.0
783 79426 2.0
784 79492 2.0
785 79558 2.0
786 79642 2.0
787 79700 2.0
788 79762 2.0
789 79818 2.0
790 79877 2.0
791 79938 2.0
792 80009 2.0
793 80082 2.0
794 80152 2.0
795 80210 2.0
796 80289 2.0
797 80356 2.0
798 80411 2.0
799 80471 2.0
800 80527 2.0
801 80614 2.0
802 80695 2.0
803 80759 2.0
804 80826 2.0
805 80894 2.0
806 80941 2.0
807 80990 2.0
808 81065 2.0
809 81128 2.0
810 81182 2.0
811 81253 2.0
812 81317 2.0
813 81374 2.0
814 81427 2.0
815 81516 2.0
816 81568 2.0
817 81649 2.0
818 81709 2.0
819 81776 2.0
820 81847 2.0
821 81929 2.0
822 82006 2.0
823 82051 2.0
824 82144 2.0
825 82194 2.0
826 82289 2.0
827 82357 2.0
828 82428 2.0
829 82479 2.0
830 82528 2.0
831 82575 2.0
832 82644 2.0
833 82692 2.0
834 82758 2.0
835 82833 2.0
836 82904 2.0
837 82962 2.0
838 83021 2.0
839 83114 2.0
840 83164 2.0
841 83218 2.0
842 83301 2.0
843 83366 2.0
844 83430 2.0
845 83499 2.0
846 83580 2.0
847 83655 2.0
848 83734 2.0
849 83810 2.0
850 83865 2.0
851 83920 2.0
852 84009 2.0
853 84064 2.0
854 84116 2.0
855 84172 2.0
856 84237 2.0
857 84286 2.0
858 84352 2.0
859 84408 2.0
860 84480 2.0
861 84544 2.0
862 84602 2.0
863 84673 2.0
864 84731 2.0
865 84816 2.0
866 84872 2.0
867 84929 2.0
868 84985 2.0
869 85028 2.0
870 85086 2.0
871 85164 2.0
872 85239 2.0
873 85318 2.0
874 85368 2.0
875 85440 2.0
876 85524 2.0
877 85590 2.0
878 85657 2.0
879 85700 2.0
880 85763 2.0
881 85837 2.0
882 85909 2.0
883 85984 2.0
884 86033 2.0
885 86083 2.0
886 86147 2.0
887 86195 2.0
888 86249 2.0
889 86313 2.0
890 86373 2.0
891 86431 2.0
892 86502 2.0
893 86554 2.0
894 86628 2.0
895 86684 2.0
896 86763 2.0
897 86833 2.0
898 86900 2.0
899 86950 2.0
900 87041 2.0
901 87086 2.0
902 87151 2.0
903 87224 2.0
904 87290 2.0
905 87382 2.0
906 87441 2.0
907 87486 2.0
908 87546 2.0
909 87597 2.0
910 87648 2.0
911 87713 2.0
912 87811 2.0
913 87864 2.0
914 87943 2.0
915 88021 2.0
916 88080 2.0
917 88153 2.0
918 88227 2.0
919 88267 2.0
920 88312 2.0
921 88373 2.0
922 88443 2.0
923 88505 2.0
924 88563 2.0
925 88635 2.0
926 88703 2.0
927 88792 2.0
928 88852 2.0
929 88903 2.0
930 88969 2.0
931 89035 2.0
932 89088 2.0
933 89151 2.0
934 89211 2.0
935 89258 2.0
936 89304 2.0
937 89363 2.0
938 89422 2.0
939 89477 2.0
940 89530 2.0
941 89586 2.0
942 89634 2.0
943 89709 2.0
944 89758 2.0
945 89804 2.0
946 89862 2.0
947 89925 2.0
948 89989 2.0
949 90042 2.0
950 90129 2.0
951 90199 2.0
952 90253 2.0
953 90312 2.0
954 90375 2.0
955 90436 2.0
956 90515 2.0
957 90567 2.0
958 90638 2.0
959 90726 2.0
960 90795 2.0
961 90869 2.0
962 90923 2.0
963 90987 2.0
964 91039 2.0
965 91112 2.0
966 91195 2.0
967 91270 2.0
968 91323 2.0
969 91380 2.0
970 91435 2.0
971 91502 2.0
972 91581 2.0
973 91641 2.0
974 91693 2.0
975 91748 2.0
976 91812 2.0
977 91894 2.0
978 91954 2.0
979 92022 2.0
980 92075 2.0
981 92139 2.0
982 92191 2.0
983 92257 2.0
984 92306 2.0
985 92378 2.0
986 92432 2.0
987 92493 2.0
988 92539 2.0
989 92596 2.0
990 92668 2.0
991 92767 2.0
992 92834 2.0
993 92911 2.0
994 92974 2.0
995 93029 2.0
996 93080 2.0
997 93131 2.0
998 93197 2.0
999 93241 2.0
1000 93283 2.0
1001 93350 2.0
1002 93411 2.0
1003 93469 2.0
1004 93518 2.0
1005 93578 2.0
1006 93625 2.0
1007 93690 2.0
1008 93773 2.0
1009 93823 2.0
1010 93899 2.0
1011 93960 2.0
1012 93998 2.0
1013 94048 2.0
1014 94117 2.0
1015 94178 2.0
1016 94250 2.0
1017 94311 2.0
1018 94355 2.0
1019 94407 2.0
1020 94488 2.0
1021 94546 2.0
1022 94587 2.0
1023 94689 2.0
1024 94756 2.0
1025 94810 2.0
1026 94858 2.0
1027 94928 2.0
1028 95010 2.0
1029 95087 2.0
1030 95151 2.0
1031 95192 2.0
1032 95242 2.0
1033 95305 2.0
1034 95360 2.0
1035 95403 2.0
1036 95449 2.0
1037 95524 2.0
1038 95577 2.0
1039 95618 2.0
1040 95666 2.0
1041 95729 2.0
1042 95795 2.0
1043 95848 2.0
1044 95910 2.0
1045 95976 2.0
1046 96040 2.0
1047 96091 2.0
1048 96181 2.0
1049 96230 2.0
1050 96302 2.0
1051 96359 2.0
1052 96425 2.0
1053 96472 2.0
1054 96534 2.0
1055 96610 2.0
1056 96668 2.0
1057 96725 2.0
1058 96792 2.0
1059 96847 2.0
1060 96912 2.0
1061 96976 2.0
1062 97027 2.0
1063 97099 2.0
1064 97154 2.0
1065 97220 2.0
1066 97296 2.0
1067 97357 2.0
1068 97420 2.0
1069 97482 2.0
1070 97540 2.0
1071 97623 2.0
1072 97692 2.0
1073 97756 2.0
1074 97817 2.0
1075 97892 2.0
1076 97972 2.0
1077 98047 2.0
1078 98102 2.0
1079 98148 2.0
1080 98196 2.0
1081 98248 2.0
1082 98321 2.0
1083 98382 2.0
1084 98440 2.0
1085 98498 2.0
1086 98582 2.0
1087 98652 2.0
1088 98710 2.0
1089 98759 2.0
1090 98818 2.0
1091 98886 2.0
1092 98947 2.0
1093 99010 2.0
1094 99068 2.0
1095 99128 2.0
1096 99187 2.0
1097 99230 2.0
1098 99295 2.0
1099 99350 2.0
1100 99430 2.0
1101 99477 2.0
1102 99539 2.0
1103 99639 2.0
1104 99701 2.0
1105 99753 2.0
1106 99810 2.0
1107 99879 2.0
1108 99928 2.0
1109 99986 2.0
1110 100043 2.0
1111 100113 2.0
1112 100161 2.0
1113 100224 2.0
1114 100276 2.0
1115 100320 2.0
1116 100368 2.0
1117 100455 2.0
1118 100528 2.0
1119 100579 2.0
1120 100627 2.0
1121 100686 2.0
1122 100735 2.0
1123 100798 2.0
1124 100865 2.0
1125 100929 2.0
1126 100981 2.0
1127 101039 2.0
1128 101112 2.0
1129 101202 2.0
1130 101274 2.0
1131 101327 2.0
1132 101387 2.0
1133 101443 2.0
1134 101496 2.0
1135 101582 2.0
1136 101668 2.0
1137 101750 2.0
1138 101815 2.0
1139 101869 2.0
1140 101913 2.0
1141 101984 2.0
1142 102047 2.0
1143 102099 2.0
1144 102171 2.0
1145 102218 2.0
1146 102290 2.0
1147 102335 2.0
1148 102386 2.0
1149 102450 2.0
1150 102525 2.0
1151 102575 2.0
1152 102643 2.0
1153 102686 2.0
1154 102738 2.0
1155 102796 2.0
1156 102860 2.0
1157 102932 2.0
1158 102995 2.0
1159 103045 2.0
1160 103088 2.0
1161 103137 2.0
1162 103199 2.0
1163 103299 2.0
1164 103357 2.0
1165 103413 2.0
1166 103482 2.0
1167 103542 2.0
1168 103606 2.0
1169 103648 2.0
1170 103691 2.0
1171 103756 2.0
1172 103847 2.0
1173 103916 2.0
1174 103964 2.0
1175 104024 2.0
1176 104086 2.0
1177 104147 2.0
1178 104206 2.0
1179 104276 2.0
1180 104323 2.0
1181 104424 2.0
1182 104470 2.0
1183 104523 2.0
1184 104623 2.0
1185 104705 2.0
1186 104755 2.0
1187 104817 2.0
1188 104871 2.0
1189 104919 2.0
1190 105015 2.0
1191 105058 2.0
1192 105130 2.0
1193 105196 2.0
1194 105266 2.0
1195 105352 2.0
1196 105439 2.0
1197 105497 2.0
1198 105548 2.0
1199 105628 2.0
1200 105675 2.0
1201 105729 2.0
1202 105817 2.0
1203 105865 2.0
1204 105913 2.0
1205 105969 2.0
1206 106048 2.0
1207 106119 2.0
1208 106169 2.0
1209 106213 2.0
1210 106270 2.0
1211 106316 2.0
1212 106370 2.0
1213 106412 2.0
1214 106510 2.0
1215 106582 2.0
1216 106642 2.0
1217 106702 2.0
1218 106765 2.0
1219 106826 2.0
1220 106893 2.0
1221 106959 2.0
1222 107029 2.0
1223 107094 2.0
1224 107135 2.0
1225 107188 2.0
1226 107257 2.0
1227 107317 2.0
1228 107379 2.0
1229 107462 2.0
1230 107521 2.0
1231 107598 2.0
1232 107661 2.0
1233 107722 2.0
1234 107794 2.0
1235 107846 2.0
1236 107917 2.0
1237 107990 2.0
1238 108056 2.0
1239 108109 2.0
1240 108160 2.0
1241 108209 2.0
1242 108259 2.0
1243 108319 2.0
1244 108405 2.0
1245 108455 2.0
1246 108519 2.0
1247 108574 2.0
1248 108641 2.0
1249 108694 2.0
1250 108755 2.0
1251 108814 2.0
1252 108872 2.0
1253 108914 2.0
1254 108995 2.0
1255 109046 2.0
1256 109126 2.0
1257 109182 2.0
1258 109229 2.0
1259 109337 2.0
1260 109389 2.0
1261 109454 2.0
1262 109510 2.0
1263 109567 2.0
1264 109614 2.0
1265 109692 2.0
1266 109740 2.0
1267 109866 2.0
1268 109903 2.0
1269 109973 2.0
1270 110023 2.0
1271 110076 2.0
1272 110143 2.0
1273 110213 2.0
1274 110267 2.0
1275 110311 2.0
1276 110370 2.0
1277 110435 2.0
1278 110482 2.0
1279 110565 2.0
1280 110622 2.0
1281 110688 2.0
1282 110763 2.0
1283 110811 2.0
1284 110854 2.0
1285 110902 2.0
1286 110973 2.0
1287 111024 2.0
1288 111100 2.0
1289 111161 2.0
1290 111223 2.0
1291 111268 2.0
1292 111344 2.0
1293 111397 2.0
1294 111454 2.0
1295 111502 2.0
1296 111551 2.0
1297 111635 2.0
1298 111702 2.0
1299 111759 2.0
1300 111809 2.0
1301 111853 2.0
1302 111910 2.0
1303 111988 2.0
1304 112049 2.0
1305 112094 2.0
1306 112157 2.0
1307 112209 2.0
1308 112255 2.0
1309 112302 2.0
1310 112370 2.0
1311 112444 2.0
1312 112525 2.0
1313 112575 2.0
1314 112626 2.0
1315 112698 2.0
1316 112759 2.0
1317 112815 2.0
1318 112873 2.0
1319 112938 2.0
1320 112994 2.0
1321 113038 2.0
1322 113108 2.0
1323 113176 2.0
1324 113286 2.0
1325 113351 2.0
1326 113404 2.0
1327 113452 2.0
1328 113511 2.0
1329 113575 2.0
1330 113637 2.0
1331 113707 2.0
1332 113756 2.0
1333 113819 2.0
1334 113872 2.0
1335 113926 2.0
1336 113983 2.0
1337 114027 2.0
1338 114085 2.0
1339 114142 2.0
1340 114190 2.0
1341 114260 2.0
1342 114331 2.0
1343 114382 2.0
1344 114436 2.0
1345 114501 2.0
1346 114547 2.0
1347 114601 2.0
1348 114670 2.0
1349 114733 2.0
1350 114791 2.0
1351 114844 2.0
1352 114893 2.0
1353 114945 2.0
1354 114998 2.0
1355 115062 2.0
1356 115127 2.0
1357 115219 2.0
1358 115285 2.0
1359 115350 2.0
1360 115413 2.0
1361 115475 2.0
1362 115548 2.0
1363 115613 2.0
1364 115684 2.0
1365 115734 2.0
1366 115791 2.0
1367 115841 2.0
1368 115922 2.0
1369 115979 2.0
1370 116029 2.0
1371 116081 2.0
1372 116131 2.0
1373 116186 2.0
1374 116258 2.0
1375 116313 2.0
1376 116378 2.0
1377 116449 2.0
1378 116512 2.0
1379 116568 2.0
1380 116628 2.0
1381 116680 2.0
1382 116732 2.0
1383 116803 2.0
1384 116861 2.0
1385 116925 2.0
1386 116972 2.0
1387 117044 2.0
1388 117097 2.0
1389 117172 2.0
1390 117229 2.0
1391 117287 2.0
1392 117341 2.0
1393 117398 2.0
1394 117456 2.0
1395 117504 2.0
1396 117550 2.0
1397 117602 2.0
1398 117670 2.0
1399 117720 2.0
1400 117786 2.0
1401 117873 2.0
1402 117935 2.0
1403 118024 2.0
1404 118065 2.0
1405 118128 2.0
1406 118191 2.0
1407 118254 2.0
1408 118309 2.0
1409 118359 2.0
1410 118438 2.0
1411 118499 2.0
1412 118547 2.0
1413 118593 2.0
1414 118661 2.0
1415 118707 2.0
1416 118775 2.0
1417 118832 2.0
1418 118903 2.0
1419 118956 2.0
1420 119008 2.0
1421 119064 2.0
1422 119135 2.0
1423 119181 2.0
1424 119251 2.0
1425 119318 2.0
1426 119369 2.0
1427 119439 2.0
1428 119502 2.0
1429 119564 2.0
1430 119612 2.0
1431 119673 2.0
1432 119733 2.0
1433 119808 2.0
1434 119874 2.0
1435 119925 2.0
1436 119972 2.0
1437 120033 2.0
1438 120080 2.0
1439 120136 2.0
1440 120188 2.0
1441 120247 2.0
1442 120319 2.0
1443 120382 2.0
1444 120448 2.0
1445 120496 2.0
1446 120548 2.0
1447 120606 2.0
1448 120660 2.0
1449 120722 2.0
1450 120777 2.0
1451 120846 2.0
1452 120906 2.0
1453 120952 2.0
1454 121023 2.0
1455 121076 2.0
1456 121163 2.0
1457 121221 2.0
1458 121309 2.0
1459 121364 2.0
1460 121447 2.0
1461 121513 2.0
1462 121567 2.0
1463 121638 2.0
1464 121710 2.0
1465 121772 2.0
1466 121834 2.0
1467 121901 2.0
1468 121966 2.0
1469 122031 2.0
1470 122085 2.0
1471 122130 2.0
1472 122195 2.0
1473 122250 2.0
1474 122298 2.0
1475 122372 2.0
1476 122436 2.0
1477 122494 2.0
1478 122553 2.0
1479 122641 2.0
1480 122730 2.0
1481 122782 2.0
1482 122830 2.0
1483 122893 2.0
1484 122952 2.0
1485 123053 2.0
1486 123118 2.0
1487 123166 2.0
1488 123231 2.0
1489 123294 2.0
1490 123342 2.0
1491 123393 2.0
1492 123448 2.0
1493 123510 2.0
1494 123567 2.0
1495 123637 2.0
1496 123685 2.0
1497 123734 2.0
1498 123806 2.0
1499 123867 2.0
1500 123925 2.0
1501 123986 2.0
1502 124043 2.0
1503 124095 2.0
1504 124149 2.0
1505 124215 2.0
1506 124280 2.0
1507 124337 2.0
1508 124393 2.0
1509 124458 2.0
1510 124511 2.0
1511 124557 2.0
1512 124615 2.0
1513 124663 2.0
1514 124715 2.0
1515 124780 2.0
1516 124830 2.0
1517 124892 2.0
1518 124943 2.0
1519 125013 2.0
1520 125082 2.0
1521 125143 2.0
1522 125205 2.0
1523 125270 2.0
1524 125319 2.0
1525 125380 2.0
1526 125445 2.0
1527 125509 2.0
1528 125569 2.0
1529 125625 2.0
1530 125673 2.0
1531 125725 2.0
1532 125768 2.0
1533 125822 2.0
1534 125875 2.0
1535 125930 2.0
1536 125979 2.0
1537 126027 2.0
1538 126082 2.0
1539 126131 2.0
1540 126181 2.0
1541 126237 2.0
1542 126288 2.0
1543 126344 2.0
1544 126410 2.0
1545 126460 2.0
1546 126517 2.0
1547 126562 2.0
1548 126615 2.0
1549 126670 2.0
1550 126731 2.0
1551 126839 2.0
1552 126886 2.0
1553 126931 2.0
1554 126979 2.0
1555 127028 2.0
1556 127090 2.0
1557 127139 2.0
1558 127207 2.0
1559 127322 2.0
1560 127373 2.0
1561 127428 2.0
1562 127486 2.0
1563 127555 2.0
1564 127633 2.0
1565 127719 2.0
1566 127789 2.0
1567 127835 2.0
1568 127913 2.0
1569 127973 2.0
1570 128020 2.0
1571 128076 2.0
1572 128141 2.0
1573 128198 2.0
1574 128244 2.0
1575 128322 2.0
1576 128377 2.0
1577 128429 2.0
1578 128479 2.0
1579 128567 2.0
1580 128640 2.0
1581 128688 2.0
1582 128750 2.0
1583 128821 2.0
1584 128873 2.0
1585 128913 2.0
1586 128974 2.0
1587 129029 2.0
1588 129086 2.0
1589 129138 2.0
1590 129199 2.0
1591 129240 2.0
1592 129299 2.0
1593 129355 2.0
1594 129409 2.0
1595 129474 2.0
1596 129554 2.0
1597 129605 2.0
1598 129663 2.0
1599 129715 2.0
1600 129775 2.0
1601 129851 2.0
1602 129916 2.0
1603 129995 2.0
1604 130060 2.0
1605 130115 2.0
1606 130177 2.0
1607 130235 2.0
1608 130293 2.0
1609 130352 2.0
1610 130421 2.0
1611 130463 2.0
1612 130549 2.0
1613 130599 2.0
1614 130652 2.0
1615 130707 2.0
1616 130755 2.0
1617 130798 2.0
1618 130844 2.0
1619 130895 2.0
1620 130948 2.0
1621 131023 2.0
1622 131083 2.0
1623 131165 2.0
1624 131218 2.0
1625 131305 2.0
1626 131364 2.0
1627 131415 2.0
1628 131488 2.0
1629 131535 2.0
1630 131614 2.0
1631 131665 2.0
1632 131713 2.0
1633 131761 2.0
1634 131819 2.0
1635 131873 2.0
1636 131931 2.0
1637 131984 2.0
1638 132034 2.0
1639 132097 2.0
1640 132152 2.0
1641 132220 2.0
1642 132281 2.0
1643 132329 2.0
1644 132378 2.0
1645 132430 2.0
1646 132486 2.0
1647 132534 2.0
1648 132579 2.0
1649 132625 2.0
1650 132675 2.0
1651 132725 2.0
1652 132779 2.0
1653 132842 2.0
1654 132909 2.0
1655 132967 2.0
1656 133017 2.0
1657 133062 2.0
1658 133172 2.0
1659 133229 2.0
1660 133303 2.0
1661 133351 2.0
1662 133394 2.0
1663 133450 2.0
1664 133518 2.0
1665 133570 2.0
1666 133615 2.0
1667 133671 2.0
1668 133737 2.0
1669 133798 2.0
1670 133853 2.0
1671 133911 2.0
1672 133972 2.0
1673 134026 2.0
1674 134078 2.0
1675 134131 2.0
1676 134189 2.0
1677 134248 2.0
1678 134328 2.0
1679 134382 2.0
1680 134445 2.0
1681 134511 2.0
1682 134563 2.0
1683 134609 2.0
1684 134687 2.0
1685 134746 2.0
1686 134821 2.0
1687 134876 2.0
1688 134932 2.0
1689 134994 2.0
1690 135053 2.0
1691 135099 2.0
1692 135151 2.0
1693 135236 2.0
1694 135283 2.0
1695 135335 2.0
1696 135393 2.0
1697 135450 2.0
1698 135504 2.0
1699 135564 2.0
1700 135619 2.0
1701 135669 2.0
1702 135719 2.0
1703 135768 2.0
1704 135829 2.0
1705 135882 2.0
1706 135936 2.0
1707 135989 2.0
1708 136043 2.0
1709 136112 2.0
1710 136177 2.0
1711 136235 2.0
1712 136295 2.0
1713 136354 2.0
1714 136417 2.0
1715 136464 2.0
1716 136512 2.0
1717 136559 2.0
1718 136619 2.0
1719 136686 2.0
1720 136744 2.0
1721 136825 2.0
1722 136890 2.0
1723 136939 2.0
1724 136996 2.0
1725 137048 2.0
1726 137136 2.0
1727 137225 2.0
1728 137275 2.0
1729 137334 2.0
1730 137402 2.0
1731 137462 2.0
1732 137522 2.0
1733 137574 2.0
1734 137616 2.0
1735 137659 2.0
1736 137706 2.0
1737 137767 2.0
1738 137830 2.0
1739 137887 2.0
1740 137946 2.0
1741 137997 2.0
1742 138045 2.0
1743 138104 2.0
1744 138154 2.0
1745 138205 2.0
1746 138296 2.0
1747 138347 2.0
1748 138396 2.0
1749 138494 2.0
1750 138590 2.0
1751 138636 2.0
1752 138699 2.0
1753 138744 2.0
1754 138806 2.0
1755 138855 2.0
1756 138897 2.0
1757 138973 2.0
1758 139037 2.0
1759 139095 2.0
1760 139151 2.0
1761 139205 2.0
1762 139247 2.0
1763 139295 2.0
1764 139346 2.0
1765 139409 2.0
1766 139510 2.0
1767 139568 2.0
1768 139614 2.0
1769 139663 2.0
1770 139709 2.0
1771 139756 2.0
1772 139815 2.0
1773 139863 2.0
1774 139913 2.0
1775 139966 2.0
1776 140034 2.0
1777 140075 2.0
1778 140168 2.0
1779 140249 2.0
1780 140290 2.0
1781 140339 2.0
1782 140411 2.0
1783 140469 2.0
1784 140546 2.0
1785 140605 2.0
1786 140648 2.0
1787 140696 2.0
1788 140736 2.0
1789 140802 2.0
1790 140898 2.0
1791 140981 2.0
1792 141040 2.0
1793 141091 2.0
1794 141148 2.0
1795 141198 2.0
1796 141249 2.0
1797 141307 2.0
1798 141367 2.0
1799 141422 2.0
1800 141496 2.0
1801 141549 2.0
1802 141657 2.0
1803 141703 2.0
1804 141786 2.0
1805 141875 2.0
1806 141935 2.0
1807 142006 2.0
1808 142054 2.0
1809 142113 2.0
1810 142166 2.0
1811 142226 2.0
1812 142283 2.0
1813 142338 2.0
1814 142402 2.0
1815 142449 2.0
1816 142497 2.0
1817 142565 2.0
1818 142614 2.0
1819 142671 2.0
1820 142728 2.0
1821 142784 2.0
1822 142875 2.0
1823 142953 2.0
1824 143010 2.0
1825 143071 2.0
1826 143118 2.0
1827 143182 2.0
1828 143243 2.0
1829 143304 2.0
1830 143354 2.0
1831 143411 2.0
1832 143476 2.0
1833 143528 2.0
1834 143581 2.0
1835 143644 2.0
1836 143709 2.0
1837 143759 2.0
1838 143808 2.0
1839 143864 2.0
1840 143927 2.0
1841 143984 2.0
1842 144048 2.0
1843 144095 2.0
1844 144155 2.0
1845 144210 2.0
1846 144292 2.0
1847 144349 2.0
1848 144424 2.0
1849 144482 2.0
1850 144546 2.0
1851 144597 2.0
1852 144642 2.0
1853 144714 2.0
1854 144796 2.0
1855 144845 2.0
1856 144914 2.0
1857 144967 2.0
1858 145046 2.0
1859 145132 2.0
1860 145189 2.0
1861 145246 2.0
1862 145287 2.0
1863 145348 2.0
1864 145412 2.0
1865 145460 2.0
1866 145515 2.0
1867 145565 2.0
1868 145621 2.0
1869 145665 2.0
1870 145720 2.0
1871 145773 2.0
1872 145833 2.0
1873 145907 1.9800000000000002
1874 145999 1.9800000000000002
1875 146050 1.9800000000000002
1876 146105 1.9800000000000002
1877 146161 1.9800000000000004
1878 146220 1.9800000000000004
1879 146267 1.9800000000000004
1880 146331 1.9800000000000004
1881 146402 1.9800000000000004
1882 146456 1.9800000000000004
1883 146513 1.9800000000000004
1884 146582 1.9800000000000004
1885 146635 1.9800000000000004
1886 146726 1.9800000000000004
1887 146778 1.9800000000000004
1888 146838 1.9800000000000004
1889 146884 1.9800000000000004
1890 146946 1.9800000000000004
1891 146991 1.9800000000000004
1892 147067 1.9800000000000004
1893 147110 1.9800000000000004
1894 147168 1.9800000000000004
1895 147223 1.9800000000000004
1896 147267 1.9800000000000004
1897 147322 1.9800000000000004
1898 147368 1.9800000000000004
1899 147420 1.9800000000000004
1900 147464 1.9800000000000004
1901 147527 1.9800000000000004
1902 147574 1.9800000000000004
1903 147628 1.9800000000000004
1904 147703 1.9800000000000004
1905 147756 1.9800000000000004
1906 147808 1.9800000000000004
1907 147857 1.9800000000000004
1908 147938 1.9800000000000004
1909 147994 1.9800000000000004
1910 148045 1.9800000000000004
1911 148107 1.9800000000000004
1912 148188 1.9800000000000004
1913 148239 1.9800000000000004
1914 148293 1.9800000000000004
1915 148354 1.9800000000000004
1916 148399 1.9800000000000004
1917 148445 1.9800000000000004
1918 148500 1.9800000000000004
1919 148554 1.9800000000000004
1920 148628 1.9800000000000004
1921 148683 1.9800000000000004
1922 148740 1.9800000000000004
1923 148808 1.9800000000000004
1924 148873 1.9800000000000004
1925 148919 1.9800000000000004
1926 148969 1.9800000000000004
1927 149031 1.9800000000000004
1928 149107 1.9800000000000004
1929 149167 1.9800000000000004
1930 149234 1.9800000000000004
1931 149279 1.9800000000000004
1932 149332 1.9800000000000004
1933 149391 1.9800000000000004
1934 149475 1.9800000000000004
1935 149532 1.9800000000000004
1936 149584 1.9800000000000004
1937 149628 1.9800000000000004
1938 149674 1.9800000000000004
1939 149733 1.9800000000000004
1940 149777 1.9800000000000004
1941 149838 1.9800000000000004
1942 149903 1.9800000000000004
1943 149958 1.9800000000000004
1944 150016 1.9800000000000004
1945 150061 1.9800000000000004
1946 150104 1.9800000000000004
1947 150154 1.9800000000000004
1948 150214 1.9800000000000004
1949 150258 1.9800000000000004
1950 150317 1.9800000000000004
1951 150380 1.9800000000000004
1952 150449 1.9800000000000004
1953 150505 1.9800000000000004
1954 150574 1.9800000000000004
1955 150635 1.9800000000000004
1956 150683 1.9800000000000004
1957 150734 1.9800000000000004
1958 150781 1.9800000000000004
1959 150827 1.9800000000000004
1960 150876 1.9800000000000004
1961 150926 1.9800000000000004
1962 150984 1.9800000000000004
1963 151055 1.9800000000000004
1964 151107 1.9800000000000004
1965 151185 1.9800000000000004
1966 151251 1.9800000000000004
1967 151296 1.9800000000000004
1968 151350 1.9800000000000004
1969 151390 1.9800000000000004
1970 151445 1.9800000000000004
1971 151504 1.9800000000000004
1972 151704 1.9800000000000004
1973 151774 2.0
1974 151834 2.0
1975 151894 2.0
1976 151950 2.0
1977 152025 2.0
1978 152079 2.0
1979 152136 2.0
1980 152189 2.0
1981 152254 2.0
1982 152340 2.0
1983 152392 2.0
1984 152444 2.0
1985 152506 2.0
1986 152555 2.0
1987 152618 2.0
1988 152670 2.0
1989 152715 2.0
1990 152818 2.0
1991 152874 2.0
1992 152922 2.0
1993 152973 2.0
1994 153017 2.0
1995 153070 2.0
1996 153131 2.0
1997 153173 2.0
1998 153216 2.0
1999 153275 2.0
2000 153340 2.0
2001 153407 2.0
2002 153462 2.0
2003 153535 2.0
2004 153592 2.0
2005 153649 2.0
2006 153697 2.0
2007 153769 2.0
2008 153823 2.0
2009 153881 2.0
2010 153935 2.0
2011 153987 2.0
2012 154037 2.0
2013 154095 2.0
2014 154153 2.0
2015 154221 2.0
2016 154267 2.0
2017 154311 2.0
2018 154387 2.0
2019 154440 2.0
2020 154506 2.0
2021 154579 2.0
2022 154629 2.0
2023 154683 2.0
2024 154730 2.0
2025 154800 2.0
2026 154896 2.0
2027 154944 2.0
2028 155002 2.0
2029 155069 2.0
2030 155111 2.0
2031 155158 2.0
2032 155219 2.0
2033 155269 2.0
2034 155345 2.0
2035 155407 2.0
2036 155468 2.0
2037 155515 2.0
2038 155584 2.0
2039 155656 2.0
2040 155730 2.0
2041 155781 2.0
2042 155835 2.0
2043 155890 2.0
2044 155944 2.0
2045 155997 2.0
2046 156041 2.0
2047 156095 2.0
2048 156188 2.0
2049 156242 2.0
2050 156296 2.0
2051 156356 2.0
2052 156413 2.0
2053 156464 2.0
2054 156533 2.0
2055 156585 2.0
2056 156653 2.0
2057 156730 2.0
2058 156793 2.0
2059 156858 2.0
2060 156925 2.0
2061 156984 2.0
2062 157038 2.0
2063 157105 2.0
2064 157159 2.0
2065 157205 2.0
2066 157268 2.0
2067 157314 2.0
2068 157369 2.0
2069 157414 2.0
2070 157465 2.0
2071 157543 2.0
2072 157598 2.0
2073 157643 2.0
2074 157697 2.0
2075 157751 2.0
2076 157814 2.0
2077 157872 2.0
2078 157933 2.0
2079 157988 2.0
2080 158029 2.0
2081 158081 2.0
2082 158141 2.0
2083 158209 2.0
2084 158268 2.0
2085 158336 2.0
2086 158392 2.0
2087 158442 2.0
2088 158510 2.0
2089 158563 2.0
2090 158618 2.0
2091 158691 2.0
2092 158743 2.0
2093 158817 2.0
2094 158872 2.0
2095 158916 2.0
2096 158979 2.0
2097 159030 2.0
2098 159107 2.0
2099 159164 2.0
2100 159254 2.0
2101 159311 2.0
2102 159358 2.0
2103 159413 2.0
2104 159469 2.0
2105 159517 2.0
2106 159570 2.0
2107 159620 2.0
2108 159685 2.0
2109 159747 2.0
2110 159799 2.0
2111 159861 2.0
2112 159914 2.0
2113 159961 2.0
2114 160021 2.0
2115 160081 2.0
2116 160154 2.0
2117 160215 2.0
2118 160267 2.0
2119 160313 2.0
2120 160360 2.0
2121 160415 2.0
2122 160461 2.0
2123 160507 2.0
2124 160564 2.0
2125 160616 2.0
2126 160662 2.0
2127 160717 2.0
2128 160778 2.0
2129 160841 2.0
2130 160880 2.0
2131 160929 2.0
2132 160980 2.0
2133 161027 2.0
2134 161103 2.0
2135 161164 2.0
2136 161255 2.0
2137 161297 2.0
2138 161353 2.0
2139 161406 2.0
2140 161449 2.0
2141 161550 2.0
2142 161603 2.0
2143 161654 2.0
2144 161720 2.0
2145 161788 2.0
2146 161830 2.0
2147 161873 2.0
2148 161919 2.0
2149 161965 2.0
2150 162016 2.0
2151 162065 2.0
2152 162109 2.0
2153 162152 2.0
2154 162208 2.0
2155 162262 2.0
2156 162312 2.0
2157 162369 2.0
2158 162416 2.0
2159 162475 2.0
2160 162588 2.0
2161 162640 2.0
2162 162695 2.0
2163 162738 2.0
2164 162802 2.0
2165 162854 2.0
2166 162906 2.0
2167 162952 2.0
2168 163013 2.0
2169 163054 2.0
2170 163114 2.0
2171 163169 2.0
2172 163213 2.0
2173 163260 2.0
2174 163327 2.0
2175 163372 2.0
2176 163426 2.0
2177 163480 2.0
2178 163542 2.0
2179 163594 2.0
2180 163637 2.0
2181 163683 2.0
2182 163734 2.0
2183 163793 2.0
2184 163845 2.0
2185 163899 2.0
2186 163965 2.0
2187 164057 2.0
2188 164102 2.0
2189 164160 2.0
2190 164206 2.0
2191 164260 2.0
2192 164321 2.0
2193 164384 2.0
2194 164434 2.0
2195 164475 2.0
2196 164536 2.0
2197 164591 2.0
2198 164654 2.0
2199 164717 2.0
2200 164772 2.0
2201 164822 2.0
2202 164887 2.0
2203 164935 2.0
2204 164988 2.0
2205 165034 2.0
2206 165094 2.0
2207 165148 2.0
2208 165203 2.0
2209 165268 2.0
2210 165324 2.0
2211 165392 2.0
2212 165436 2.0
2213 165493 2.0
2214 165544 2.0
2215 165599 2.0
2216 165650 2.0
2217 165694 2.0
2218 165738 2.0
2219 165814 2.0
2220 165886 2.0
2221 165932 2.0
2222 165992 2.0
2223 166057 2.0
2224 166111 2.0
2225 166169 2.0
2226 166219 2.0
2227 166271 2.0
2228 166326 2.0
2229 166388 2.0
2230 166432 2.0
2231 166481 2.0
2232 166555 2.0
2233 166604 2.0
2234 166649 2.0
2235 166715 2.0
2236 166758 2.0
2237 166831 2.0
2238 166875 2.0
2239 166922 2.0
2240 167011 2.0
2241 167076 2.0
2242 167122 2.0
2243 167197 2.0
2244 167246 2.0
2245 167320 2.0
2246 167365 2.0
2247 167418 2.0
2248 167469 2.0
2249 167528 2.0
2250 167571 2.0
2251 167616 2.0
2252 167659 2.0
2253 167712 2.0
2254 167763 2.0
2255 167806 2.0
2256 167852 2.0
2257 167900 2.0
2258 167947 2.0
2259 167996 2.0
2260 168045 2.0
2261 168103 2.0
2262 168176 2.0
2263 168237 2.0
2264 168297 2.0
2265 168355 2.0
2266 168404 2.0
2267 168455 2.0
2268 168514 2.0
2269 168561 2.0
2270 168634 2.0
2271 168684 2.0
2272 168735 2.0
2273 168782 2.0
2274 168829 2.0
2275 168889 2.0
2276 168940 2.0
2277 168987 2.0
2278 169040 2.0
2279 169086 2.0
2280 169144 2.0
2281 169221 2.0
2282 169279 2.0
2283 169337 2.0
2284 169385 2.0
2285 169439 2.0
2286 169482 2.0
2287 169529 2.0
2288 169592 2.0
2289 169657 2.0
2290 169709 2.0
2291 169753 2.0
2292 169820 2.0
2293 169874 2.0
2294 169927 2.0
2295 169981 2.0
2296 170032 2.0
2297 170086 2.0
2298 170141 2.0
2299 170214 2.0
2300 170271 2.0
2301 170315 2.0
2302 170361 2.0
2303 170422 2.0
2304 170482 2.0
2305 170530 2.0
2306 170574 2.0
2307 170642 2.0
2308 170685 2.0
2309 170727 2.0
2310 170774 2.0
2311 170831 2.0
2312 170882 2.0
2313 170934 2.0
2314 171004 2.0
2315 171083 2.0
2316 171131 2.0
2317 171175 2.0
2318 171226 2.0
2319 171273 2.0
2320 171333 2.0
2321 171376 2.0
2322 171435 2.0
2323 171488 2.0
2324 171564 2.0
2325 171609 2.0
2326 171674 2.0
2327 171750 2.0
2328 171796 2.0
2329 171835 2.0
2330 171886 2.0
2331 171934 2.0
2332 171979 2.0
2333 172023 2.0
2334 172082 2.0
2335 172129 2.0
2336 172185 2.0
2337 172231 2.0
2338 172316 2.0
2339 172360 2.0
2340 172414 2.0
2341 172456 2.0
2342 172513 2.0
2343 172568 2.0
2344 172622 2.0
2345 172689 2.0
2346 172752 2.0
2347 172792 2.0
2348 172837 2.0
2349 172901 2.0
2350 172967 2.0
2351 173030 2.0
2352 173084 2.0
2353 173153 2.0
2354 173202 2.0
2355 173255 2.0
2356 173295 2.0
2357 173345 2.0
2358 173388 2.0
2359 173433 2.0
2360 173480 2.0
2361 173535 2.0
2362 173599 2.0
2363 173650 2.0
2364 173705 2.0
2365 173776 2.0
2366 173822 2.0
2367 173868 2.0
2368 173908 2.0
2369 173968 2.0
2370 174027 2.0
2371 174076 2.0
2372 174126 2.0
2373 174178 2.0
2374 174226 2.0
2375 174276 2.0
2376 174323 2.0
2377 174393 2.0
2378 174460 2.0
2379 174530 2.0
2380 174582 2.0
2381 174633 2.0
2382 174676 2.0
2383 174730 2.0
2384 174788 2.0
2385 174835 2.0
2386 174888 2.0
2387 174942 2.0
2388 175005 2.0
2389 175047 2.0
2390 175105 2.0
2391 175166 2.0
2392 175219 2.0
2393 175266 2.0
2394 175333 2.0
2395 175378 2.0
2396 175447 2.0
2397 175504 2.0
2398 175560 2.0
2399 175637 2.0
2400 175698 2.0
2401 175751 2.0
2402 175794 2.0
2403 175860 2.0
2404 175908 2.0
2405 175955 2.0
2406 175998 2.0
2407 176053 2.0
2408 176108 2.0
2409 176162 2.0
2410 176230 2.0
2411 176283 2.0
2412 176334 2.0
2413 176403 2.0
2414 176446 2.0
2415 176506 2.0
2416 176550 2.0
2417 176593 2.0
2418 176649 2.0
2419 176708 2.0
2420 176757 2.0
2421 176813 2.0
2422 176861 2.0
2423 176911 2.0
2424 176968 2.0
2425 177068 2.0
2426 177128 2.0
2427 177182 2.0
2428 177234 2.0
2429 177281 2.0
2430 177329 2.0
2431 177385 2.0
2432 177450 2.0
2433 177498 2.0
2434 177565 2.0
2435 177615 2.0
2436 177664 2.0
2437 177724 2.0
2438 177795 2.0
2439 177857 2.0
2440 177904 2.0
2441 177956 2.0
2442 178000 2.0
2443 178048 2.0
2444 178101 2.0
2445 178167 2.0
2446 178227 2.0
2447 178276 2.0
2448 178330 2.0
2449 178380 2.0
2450 178447 2.0
2451 178510 2.0
2452 178563 2.0
2453 178606 2.0
2454 178663 2.0
2455 178711 2.0
2456 178777 2.0
2457 178832 2.0
2458 178878 2.0
2459 178926 2.0
2460 178986 2.0
2461 179035 2.0
2462 179127 2.0
2463 179191 2.0
2464 179247 2.0
2465 179286 2.0
2466 179334 2.0
2467 179381 2.0
2468 179432 2.0
2469 179488 2.0
2470 179532 2.0
2471 179592 2.0
2472 179665 2.0
2473 179739 2.0
2474 179798 2.0
2475 179863 2.0
2476 179942 2.0
2477 180000 2.0
2478 180047 2.0
2479 180105 2.0
2480 180150 2.0
2481 180204 2.0
2482 180252 2.0
2483 180317 2.0
2484 180367 2.0
2485 180416 2.0
2486 180473 2.0
2487 180524 2.0
2488 180573 2.0
2489 180628 2.0
2490 180685 2.0
2491 180747 2.0
2492 180792 2.0
2493 180847 2.0
2494 180889 2.0
2495 180945 2.0
2496 180998 2.0
2497 181052 2.0
2498 181101 2.0
2499 181149 2.0
2500 181197 2.0
2501 181267 2.0
2502 181318 2.0
2503 181376 2.0
2504 181427 2.0
2505 181479 2.0
2506 181530 2.0
2507 181575 2.0
2508 181624 2.0
2509 181711 2.0
2510 181769 2.0
2511 181824 2.0
2512 181891 2.0
2513 181951 2.0
2514 182009 2.0
2515 182070 2.0
2516 182114 2.0
2517 182164 2.0
2518 182245 2.0
2519 182321 2.0
2520 182372 2.0
2521 182417 2.0
2522 182467 2.0
2523 182517 2.0
2524 182577 2.0
2525 182636 2.0
2526 182710 2.0
2527 182764 2.0
2528 182846 2.0
2529 182894 2.0
2530 182948 2.0
2531 183007 2.0
2532 183048 2.0
2533 183095 2.0
2534 183155 2.0
2535 183212 2.0
2536 183271 2.0
2537 183321 2.0
2538 183382 2.0
2539 183423 2.0
2540 183484 2.0
2541 183536 2.0
2542 183606 2.0
2543 183660 2.0
2544 183719 2.0
2545 183786 2.0
2546 183845 2.0
2547 183918 2.0
2548 183968 2.0
2549 184029 2.0
2550 184071 2.0
2551 184123 2.0
2552 184174 2.0
2553 184221 2.0
2554 184259 2.0
2555 184310 2.0
2556 184358 2.0
2557 184405 2.0
2558 184450 2.0
2559 184512 2.0
2560 184563 2.0
2561 184604 2.0
2562 184651 2.0
2563 184697 2.0
2564 184748 2.0
2565 184802 2.0
2566 184860 2.0
2567 184902 2.0
2568 184952 2.0
2569 184997 2.0
2570 185047 2.0
2571 185095 2.0
2572 185151 2.0
2573 185209 2.0
2574 185270 2.0
2575 185323 2.0
2576 185403 2.0
2577 185448 2.0
2578 185499 2.0
2579 185571 2.0
2580 185634 2.0
2581 185700 2.0
2582 185791 2.0
2583 185850 2.0
2584 185907 2.0
2585 185966 2.0
2586 186021 2.0
2587 186080 2.0
2588 186130 2.0
2589 186184 2.0
2590 186233 2.0
2591 186271 2.0
2592 186327 2.0
2593 186383 2.0
2594 186432 2.0
2595 186480 2.0
2596 186534 2.0
2597 186607 2.0
2598 186656 2.0
2599 186705 2.0
2600 186763 2.0
2601 186809 2.0
2602 186857 2.0
2603 186916 2.0
2604 186961 2.0
2605 187024 2.0
2606 187085 2.0
2607 187149 2.0
2608 187196 2.0
2609 187268 2.0
2610 187322 2.0
2611 187366 2.0
2612 187415 2.0
2613 187484 2.0
2614 187555 2.0
2615 187612 2.0
2616 187677 2.0
2617 187719 2.0
2618 187782 2.0
2619 187847 2.0
2620 187915 2.0
2621 187960 2.0
2622 188006 2.0
2623 188069 2.0
2624 188133 2.0
2625 188183 2.0
2626 188246 2.0
2627 188303 2.0
2628 188350 2.0
2629 188399 2.0
2630 188446 2.0
2631 188509 2.0
2632 188567 2.0
2633 188620 2.0
2634 188676 2.0
2635 188753 2.0
2636 188815 2.0
2637 188858 2.0
2638 188906 2.0
2639 188958 2.0
2640 189004 2.0
2641 189049 2.0
2642 189103 2.0
2643 189151 2.0
2644 189209 2.0
2645 189298 2.0
2646 189354 2.0
2647 189402 2.0
2648 189479 2.0
2649 189541 2.0
2650 189593 2.0
2651 189658 2.0
2652 189722 2.0
2653 189768 2.0
2654 189819 2.0
2655 189871 2.0
2656 189927 2.0
2657 189983 2.0
2658 190043 2.0
2659 190090 2.0
2660 190142 2.0
2661 190204 2.0
2662 190247 2.0
2663 190306 2.0
2664 190357 2.0
2665 190403 2.0
2666 190452 2.0
2667 190498 2.0
2668 190550 2.0
2669 190600 2.0
2670 190666 2.0
2671 190719 2.0
2672 190768 2.0
2673 190815 2.0
2674 190863 2.0
2675 190910 2.0
2676 190967 2.0
2677 191008 2.0
2678 191080 2.0
2679 191141 2.0
2680 191187 2.0
2681 191254 2.0
2682 191316 2.0
2683 191375 2.0
2684 191430 2.0
2685 191482 2.0
2686 191528 2.0
2687 191576 2.0
2688 191629 2.0
2689 191681 2.0
2690 191736 2.0
2691 191799 2.0
2692 191849 2.0
2693 191887 2.0
2694 191937 2.0
2695 191992 2.0
2696 192043 2.0
2697 192092 2.0
2698 192138 2.0
2699 192207 2.0
2700 192253 2.0
2701 192326 2.0
2702 192372 2.0
2703 192429 2.0
2704 192477 2.0
2705 192551 2.0
2706 192607 2.0
2707 192651 2.0
2708 192700 2.0
2709 192761 2.0
2710 192851 2.0
2711 192906 2.0
2712 192959 2.0
2713 193009 2.0
2714 193054 2.0
2715 193105 2.0
2716 193163 2.0
2717 193205 2.0
2718 193255 2.0
2719 193307 2.0
2720 193355 2.0
2721 193418 2.0
2722 193457 2.0
2723 193519 2.0
2724 193570 2.0
2725 193623 2.0
2726 193674 2.0
2727 193717 2.0
2728 193772 2.0
2729 193826 2.0
2730 193878 2.0
2731 193920 2.0
2732 193972 2.0
2733 194030 2.0
2734 194080 2.0
2735 194148 2.0
2736 194215 2.0
2737 194294 2.0
2738 194341 2.0
2739 194390 2.0
2740 194457 2.0
2741 194518 2.0
2742 194580 2.0
2743 194637 2.0
2744 194695 2.0
