1 300 0.6799999999999999
2 600 0.68
3 900 0.6900000000000001
4 1200 0.69
5 1500 0.68
6 1800 0.6700000000000002
7 2100 0.68
8 2400 0.69
9 2700 0.7
10 3000 0.7100000000000001
11 3300 0.7200000000000001
12 3600 0.72
13 3900 0.72
14 4200 0.7200000000000001
15 4500 0.7200000000000001
16 4800 0.73
17 5100 0.73
18 5400 0.74
19 5700 0.74
20 6000 0.74
21 6300 0.74
22 6600 0.75
23 6900 0.76
24 7200 0.76
25 7500 0.76
26 7800 0.77
27 8100 0.77
28 8266 0.77
29 8566 0.77
30 8866 0.77
31 9166 0.78
32 9466 0.78
33 9766 0.79
34 10066 0.8
35 10366 0.8
36 10646 0.79
37 10946 0.79
38 11246 0.78
39 11546 0.78
40 11846 0.78
41 12146 0.79
42 12446 0.8
43 12746 0.81
44 13046 0.81
45 13137 0.81
46 13314 0.81
47 13614 0.8
48 13914 0.81
49 14214 0.81
50 14514 0.8200000000000001
51 14814 0.8200000000000001
52 15114 0.8300000000000001
53 15414 0.8200000000000001
54 15714 0.8200000000000001
55 15868 0.8300000000000001
56 16168 0.8300000000000001
57 16468 0.8200000000000001
58 16768 0.81
59 17068 0.81
60 17368 0.8200000000000001
61 17668 0.8300000000000001
62 17968 0.8300000000000001
63 18268 0.8400000000000001
64 18568 0.8400000000000001
65 18868 0.8400000000000001
66 19168 0.8400000000000001
67 19350 0.8400000000000001
68 19650 0.8400000000000001
69 19950 0.8400000000000001
70 20250 0.8500000000000001
71 20550 0.8500000000000001
72 20850 0.8500000000000001
73 21150 0.8500000000000001
74 21450 0.8500000000000001
75 21750 0.8500000000000001
76 22050 0.8500000000000001
77 22168 0.8500000000000001
78 22468 0.8500000000000001
79 22768 0.8500000000000001
80 23068 0.8500000000000001
81 23368 0.8500000000000001
82 23612 0.8500000000000001
83 23912 0.8500000000000001
84 24088 0.8500000000000001
85 24388 0.8400000000000001
86 24688 0.8400000000000001
87 24849 0.8400000000000001
88 25135 0.8400000000000001
89 25435 0.8400000000000001
90 25664 0.8500000000000001
91 25964 0.8400000000000001
92 26264 0.8400000000000001
93 26433 0.8400000000000001
94 26536 0.8400000000000001
95 26836 0.8300000000000001
96 27136 0.8400000000000001
97 27436 0.8400000000000001
98 27736 0.8500000000000001
99 28036 0.8600000000000001
100 28253 0.8600000000000001
101 28553 0.8500000000000001
102 28853 0.8500000000000001
103 29153 0.8400000000000001
104 29453 0.8500000000000001
105 29753 0.8600000000000001
106 30053 0.8600000000000001
107 30307 0.8600000000000001
108 30607 0.8600000000000001
109 30907 0.8600000000000001
110 31207 0.8600000000000001
111 31507 0.8600000000000001
112 31807 0.8500000000000001
113 32107 0.8600000000000001
114 32407 0.8600000000000001
115 32707 0.8600000000000001
116 33007 0.8600000000000001
117 33307 0.8600000000000001
118 33607 0.8500000000000001
119 33907 0.8500000000000001
120 34207 0.8500000000000001
121 34507 0.8500000000000001
122 34807 0.8500000000000001
123 35107 0.8500000000000001
124 35407 0.8500000000000001
125 35707 0.8500000000000001
126 36007 0.8500000000000001
127 36243 0.8500000000000001
128 36543 0.8400000000000001
129 36843 0.8400000000000001
130 37143 0.8400000000000001
131 37443 0.8400000000000001
132 37683 0.8400000000000001
133 37983 0.8400000000000001
134 38283 0.8400000000000001
135 38583 0.8500000000000001
136 38883 0.8600000000000001
137 39183 0.8600000000000001
138 39483 0.8600000000000001
139 39783 0.8600000000000001
140 40083 0.8600000000000001
141 40383 0.8600000000000001
142 40683 0.8600000000000001
143 40983 0.8600000000000001
144 41283 0.8600000000000001
145 41583 0.8600000000000001
146 41883 0.8600000000000001
147 42183 0.8700000000000001
148 42483 0.8700000000000001
149 42783 0.8700000000000001
150 43083 0.8700000000000001
151 43383 0.8700000000000001
152 43683 0.8700000000000001
153 43983 0.8800000000000001
154 44283 0.8800000000000001
155 44583 0.8700000000000001
156 44883 0.8700000000000001
157 45183 0.8800000000000001
158 45483 0.8900000000000001
159 45783 0.8900000000000001
160 46083 0.8900000000000001
161 46383 0.8900000000000001
162 46683 0.8800000000000001
163 46983 0.8800000000000001
164 47283 0.8800000000000001
165 47570 0.8800000000000001
166 47835 0.8800000000000001
167 48135 0.8800000000000001
168 48435 0.8800000000000001
169 48735 0.8800000000000001
170 49035 0.8800000000000001
171 49335 0.8800000000000001
172 49635 0.8800000000000001
173 49935 0.8800000000000001
174 50235 0.8800000000000001
175 50535 0.8800000000000001
176 50835 0.8800000000000001
177 51135 0.8800000000000001
178 51275 0.8800000000000001
179 51575 0.8800000000000001
180 51875 0.8800000000000001
181 52175 0.8800000000000001
182 52475 0.8800000000000001
183 52775 0.8800000000000001
184 53075 0.8800000000000001
185 53375 0.8900000000000001
186 53675 0.8900000000000001
187 53790 0.8900000000000001
188 54090 0.8900000000000001
189 54390 0.8900000000000001
190 54690 0.8900000000000001
191 54990 0.9000000000000001
192 55290 0.9000000000000001
193 55590 0.9000000000000001
194 55890 0.9000000000000001
195 56190 0.9100000000000001
196 56490 0.9100000000000001
197 56790 0.9100000000000001
198 57090 0.9100000000000001
199 57260 0.9100000000000001
200 57560 0.9100000000000001
201 57860 0.9200000000000002
202 58160 0.9200000000000002
203 58460 0.9300000000000002
204 58760 0.9300000000000002
205 59060 0.9300000000000002
206 59360 0.9400000000000002
207 59660 0.9400000000000002
208 59960 0.9400000000000002
209 60147 0.9400000000000002
210 60447 0.9400000000000002
211 60747 0.9400000000000002
212 61047 0.9500000000000002
213 61347 0.9500000000000002
214 61647 0.9500000000000002
215 61947 0.9500000000000002
216 62247 0.9500000000000002
217 62547 0.9400000000000002
218 62847 0.9500000000000002
219 63147 0.9500000000000002
220 63447 0.9500000000000002
221 63747 0.9500000000000002
222 64047 0.9500000000000002
223 64347 0.9500000000000002
224 64502 0.9400000000000002
225 64592 0.9400000000000002
226 64892 0.9400000000000002
227 65192 0.9400000000000002
228 65492 0.9500000000000002
229 65792 0.9500000000000002
230 66092 0.9500000000000002
231 66392 0.9500000000000002
232 66555 0.9500000000000002
233 66855 0.9500000000000002
234 67155 0.9500000000000002
235 67455 0.9500000000000002
236 67755 0.9500000000000002
237 68055 0.9500000000000002
238 68355 0.9600000000000002
239 68655 0.9600000000000002
240 68955 0.9600000000000002
241 69255 0.9600000000000002
242 69555 0.9600000000000002
243 69855 0.9600000000000002
244 70104 0.9600000000000002
245 70404 0.9600000000000002
246 70704 0.9600000000000002
247 71004 0.9600000000000002
248 71304 0.9600000000000002
249 71604 0.9600000000000002
250 71904 0.9600000000000002
251 72051 0.9500000000000002
252 72305 0.9500000000000002
253 72378 0.9500000000000002
254 72678 0.9500000000000002
255 72978 0.9600000000000002
256 73278 0.9600000000000002
257 73578 0.9600000000000002
258 73878 0.9600000000000002
259 74178 0.9600000000000002
260 74478 0.9600000000000002
261 74778 0.9600000000000002
262 75078 0.9700000000000002
263 75378 0.9700000000000002
264 75678 0.9700000000000002
265 75978 0.9700000000000002
266 76278 0.9700000000000002
267 76578 0.9700000000000002
268 76878 0.9700000000000002
269 77178 0.9700000000000002
270 77251 0.9700000000000002
271 77551 0.9700000000000002
272 77644 0.9700000000000002
273 77944 0.9700000000000002
274 78060 0.9700000000000002
275 78360 0.9700000000000002
276 78660 0.9600000000000002
277 78960 0.9600000000000002
278 79260 0.9600000000000002
279 79560 0.9600000000000002
280 79860 0.9500000000000002
281 80160 0.9500000000000002
282 80460 0.9500000000000002
283 80760 0.9500000000000002
284 81060 0.9400000000000002
285 81360 0.9400000000000002
286 81451 0.9400000000000002
287 81751 0.9400000000000002
288 81908 0.9400000000000002
289 82208 0.9400000000000002
290 82508 0.9400000000000002
291 82769 0.9300000000000002
292 83069 0.9300000000000002
293 83369 0.9300000000000002
294 83669 0.9300000000000002
295 83969 0.9300000000000002
296 84269 0.9300000000000002
297 84569 0.9300000000000002
298 84869 0.9300000000000002
299 85169 0.9300000000000002
300 85469 0.9300000000000002
301 85769 0.9300000000000002
302 86069 0.9200000000000002
303 86369 0.9200000000000002
304 86669 0.9200000000000002
305 86969 0.9200000000000002
306 87269 0.9200000000000002
307 87569 0.9200000000000002
308 87732 0.9200000000000002
309 88032 0.9200000000000002
310 88332 0.9200000000000002
311 88632 0.9200000000000002
312 88932 0.9200000000000002
313 89232 0.9200000000000002
314 89532 0.9200000000000002
315 89832 0.9200000000000002
316 90132 0.9200000000000002
317 90432 0.9300000000000002
318 90732 0.9300000000000002
319 91032 0.9300000000000002
320 91332 0.9300000000000002
321 91632 0.9300000000000002
322 91932 0.9300000000000002
323 92232 0.9300000000000002
324 92532 0.9400000000000002
325 92832 0.9400000000000002
326 93132 0.9400000000000002
327 93432 0.9400000000000002
328 93732 0.9400000000000002
329 94032 0.9400000000000002
330 94332 0.9400000000000002
331 94434 0.9400000000000002
332 94734 0.9400000000000002
333 95034 0.9400000000000002
334 95334 0.9400000000000002
335 95634 0.9400000000000002
336 95934 0.9400000000000002
337 96234 0.9300000000000002
338 96534 0.9300000000000002
339 96834 0.9300000000000002
340 97134 0.9300000000000002
341 97434 0.9300000000000002
342 97734 0.9300000000000002
343 98034 0.9300000000000002
344 98334 0.9300000000000002
345 98634 0.9300000000000002
346 98934 0.9300000000000002
347 99234 0.9300000000000002
348 99534 0.9300000000000002
349 99834 0.9300000000000002
350 100134 0.9300000000000002
351 100434 0.9400000000000002
352 100734 0.9400000000000002
353 101034 0.9400000000000002
354 101334 0.9300000000000002
355 101634 0.9300000000000002
356 101934 0.9300000000000002
357 102234 0.9300000000000002
358 102534 0.9300000000000002
359 102834 0.9300000000000002
360 103134 0.9300000000000002
361 103434 0.9300000000000002
362 103734 0.9300000000000002
363 104034 0.9300000000000002
364 104334 0.9300000000000002
365 104634 0.9300000000000002
366 104934 0.9300000000000002
367 105234 0.9300000000000002
368 105534 0.9300000000000002
369 105834 0.9300000000000002
370 106134 0.9300000000000002
371 106434 0.9300000000000002
372 106734 0.9300000000000002
373 107034 0.9300000000000002
374 107334 0.9300000000000002
375 107634 0.9300000000000002
376 107934 0.9400000000000002
377 108234 0.9400000000000002
378 108534 0.9400000000000002
379 108834 0.9400000000000002
380 109134 0.9500000000000002
381 109434 0.9500000000000002
382 109734 0.9500000000000002
383 110034 0.9500000000000002
384 110334 0.9600000000000002
385 110634 0.9600000000000002
386 110934 0.9600000000000002
387 111234 0.9600000000000002
388 111534 0.9600000000000002
389 111834 0.9600000000000002
390 112134 0.9600000000000002
391 112434 0.9700000000000002
392 112734 0.9700000000000002
393 113034 0.9700000000000002
394 113334 0.9700000000000002
395 113634 0.9700000000000002
396 113934 0.9700000000000002
397 114234 0.9700000000000002
398 114534 0.9700000000000002
399 114834 0.9700000000000002
400 115134 0.9700000000000002
401 115434 0.9700000000000002
402 115734 0.9800000000000002
403 116034 0.9800000000000002
404 116334 0.9800000000000002
405 116634 0.9800000000000002
406 116934 0.9800000000000002
407 117234 0.9800000000000002
408 117534 0.9800000000000002
409 117834 0.9800000000000002
410 118134 0.9800000000000002
411 118434 0.9800000000000002
412 118734 0.9800000000000002
413 119034 0.9800000000000002
414 119334 0.9800000000000002
415 119634 0.9800000000000002
416 119934 0.9800000000000002
417 120234 0.9800000000000002
418 120534 0.9800000000000002
419 120834 0.9800000000000002
420 121134 0.9800000000000002
421 121194 0.9800000000000002
422 121494 0.9800000000000002
423 121794 0.9800000000000002
424 122014 0.9800000000000002
425 122314 0.9800000000000002
426 122614 0.9800000000000002
427 122914 0.9800000000000002
428 123214 0.9800000000000002
429 123305 0.9800000000000002
430 123605 0.9800000000000002
431 123905 0.9800000000000002
432 124205 0.9800000000000002
433 124505 0.9800000000000002
434 124805 0.9800000000000002
435 125099 0.9800000000000002
436 125399 0.9800000000000002
437 125699 0.9900000000000002
438 125999 0.9900000000000002
439 126299 0.9900000000000002
440 126599 0.9900000000000002
441 126797 0.9900000000000002
442 127097 0.9900000000000002
443 127397 0.9900000000000002
444 127697 0.9800000000000002
445 127997 0.9800000000000002
446 128297 0.9800000000000002
447 128597 0.9800000000000002
448 128897 0.9800000000000002
449 129197 0.9800000000000002
450 129497 0.9800000000000002
451 129797 0.9800000000000002
452 130097 0.9800000000000002
453 130397 0.9800000000000002
454 130697 0.9900000000000002
455 130997 0.9900000000000002
456 131297 0.9900000000000002
457 131597 0.9900000000000002
458 131897 0.9900000000000002
459 132197 0.9900000000000002
460 132367 0.9900000000000002
461 132667 0.9900000000000002
462 132967 0.9900000000000002
463 133267 0.9900000000000002
464 133430 0.9900000000000002
465 133730 0.9900000000000002
466 134030 0.9900000000000002
467 134330 0.9900000000000002
468 134630 0.9900000000000002
469 134930 0.9900000000000002
470 135230 0.9900000000000002
471 135530 0.9900000000000002
472 135830 0.9900000000000002
473 136130 0.9900000000000002
474 136290 0.9900000000000002
475 136590 0.9900000000000002
476 136890 0.9900000000000002
477 137190 0.9900000000000002
478 137490 0.9900000000000002
479 137790 0.9900000000000002
480 138090 0.9900000000000002
481 138390 0.9900000000000002
482 138690 0.9900000000000002
483 138990 0.9900000000000002
484 139290 0.9900000000000002
485 139590 0.9900000000000002
486 139890 0.9900000000000002
487 140190 0.9900000000000002
488 140490 0.9900000000000002
489 140790 0.9900000000000002
490 141090 0.9900000000000002
491 141216 0.9900000000000002
492 141311 0.9900000000000002
493 141611 0.9900000000000002
494 141716 0.9900000000000002
495 142016 0.9900000000000002
496 142316 0.9900000000000002
497 142616 0.9900000000000002
498 142916 0.9900000000000002
499 143198 0.9900000000000002
500 143498 0.9900000000000002
501 143644 0.9900000000000002
502 143944 0.9900000000000002
503 144244 0.9900000000000002
504 144544 0.9900000000000002
505 144844 0.9900000000000002
506 145144 0.9900000000000002
507 145444 0.9900000000000002
508 145744 0.9900000000000002
509 146044 0.9900000000000002
510 146344 0.9900000000000002
511 146644 0.9900000000000002
512 146944 0.9900000000000002
513 147244 0.9900000000000002
514 147544 0.9900000000000002
515 147844 0.9900000000000002
516 148144 0.9900000000000002
517 148444 0.9900000000000002
518 148744 0.9900000000000002
519 149044 0.9800000000000002
520 149344 0.9800000000000002
521 149644 0.9800000000000002
522 149944 0.9800000000000002
523 150244 0.9800000000000002
524 150544 0.9800000000000002
525 150844 0.9800000000000002
526 151144 0.9800000000000002
527 151444 0.9800000000000002
528 151744 0.9800000000000002
529 152044 0.9800000000000002
530 152294 0.9800000000000002
531 152594 0.9800000000000002
532 152894 0.9800000000000002
533 153194 0.9700000000000002
534 153494 0.9700000000000002
535 153794 0.9700000000000002
536 154094 0.9700000000000002
537 154394 0.9700000000000002
538 154694 0.9700000000000002
539 154994 0.9700000000000002
540 155294 0.9700000000000002
541 155594 0.9700000000000002
542 155894 0.9700000000000002
543 156194 0.9700000000000002
544 156494 0.9800000000000002
545 156794 0.9800000000000002
546 157094 0.9800000000000002
547 157394 0.9800000000000002
548 157694 0.9800000000000002
549 157994 0.9800000000000002
550 158294 0.9800000000000002
551 158594 0.9800000000000002
552 158894 0.9800000000000002
553 159194 0.9700000000000002
554 159494 0.9700000000000002
555 159794 0.9700000000000002
556 160094 0.9700000000000002
557 160394 0.9700000000000002
558 160694 0.9600000000000002
559 160994 0.9600000000000002
560 161261 0.9600000000000002
561 161561 0.9600000000000002
562 161861 0.9600000000000002
563 162161 0.9600000000000002
564 162461 0.9600000000000002
565 162761 0.9600000000000002
566 163061 0.9600000000000002
567 163361 0.9600000000000002
568 163661 0.9600000000000002
569 163961 0.9600000000000002
570 164261 0.9600000000000002
571 164561 0.9600000000000002
572 164861 0.9600000000000002
573 165161 0.9600000000000002
574 165461 0.9600000000000002
575 165761 0.9600000000000002
576 166061 0.9600000000000002
577 166361 0.9600000000000002
578 166661 0.9600000000000002
579 166961 0.9600000000000002
580 167261 0.9600000000000002
581 167358 0.9600000000000002
582 167658 0.9600000000000002
583 167958 0.9600000000000002
584 168258 0.9600000000000002
585 168558 0.9600000000000002
586 168858 0.9600000000000002
587 169158 0.9600000000000002
588 169415 0.9600000000000002
589 169715 0.9600000000000002
590 170015 0.9600000000000002
591 170315 0.9600000000000002
592 170615 0.9600000000000002
593 170915 0.9600000000000002
594 171215 0.9600000000000002
595 171515 0.9600000000000002
596 171815 0.9600000000000002
597 172115 0.9600000000000002
598 172415 0.9600000000000002
599 172715 0.9500000000000002
600 173015 0.9500000000000002
601 173315 0.9500000000000002
602 173615 0.9500000000000002
603 173915 0.9500000000000002
604 174215 0.9500000000000002
605 174515 0.9500000000000002
606 174815 0.9600000000000002
607 175115 0.9600000000000002
608 175415 0.9600000000000002
609 175715 0.9600000000000002
610 175804 0.9600000000000001
611 176104 0.9600000000000001
612 176404 0.9600000000000001
613 176704 0.9600000000000001
614 177004 0.9600000000000001
615 177181 0.9600000000000001
616 177481 0.9600000000000001
617 177781 0.9600000000000001
618 178081 0.9600000000000001
619 178287 0.9700000000000001
620 178587 0.9700000000000001
621 178887 0.9700000000000001
622 179187 0.9700000000000001
623 179487 0.9700000000000001
624 179787 0.9700000000000001
625 180087 0.9700000000000001
626 180387 0.9700000000000002
627 180687 0.9700000000000002
628 180987 0.9700000000000002
629 181152 0.9700000000000002
630 181452 0.9700000000000002
631 181752 0.9700000000000002
632 182052 0.9700000000000002
633 182352 0.9800000000000002
634 182652 0.9800000000000002
635 182952 0.9800000000000002
636 183252 0.9800000000000002
637 183552 0.9800000000000002
638 183852 0.9800000000000002
639 184152 0.9800000000000002
640 184452 0.9800000000000002
641 184752 0.9800000000000002
642 185052 0.9800000000000002
643 185352 0.9800000000000002
644 185652 0.9800000000000002
645 185952 0.9800000000000002
646 186252 0.9800000000000002
647 186552 0.9800000000000002
648 186852 0.9800000000000002
649 187152 0.9800000000000002
650 187452 0.9800000000000002
651 187752 0.9800000000000002
652 188052 0.9800000000000002
653 188352 0.9900000000000002
654 188652 0.9900000000000002
655 188952 0.9900000000000002
656 189252 0.9900000000000002
657 189552 0.9900000000000002
658 189852 1.0
659 190152 1.0
660 190452 1.0
661 190752 1.0
662 191052 1.0
663 191352 1.0
664 191652 1.0
665 191952 1.0
666 192252 1.0
667 192552 1.0
668 192852 1.0
669 193152 1.0
670 193452 1.0
671 193752 1.0
672 194052 1.0
673 194352 1.0
674 194652 1.0
675 194952 1.0
676 195252 1.0
677 195552 1.0
678 195852 1.0
679 196152 1.0
680 196452 1.0
681 196752 1.0
682 197052 1.0
683 197352 1.0
684 197652 1.0
685 197952 1.0
686 198252 1.0
687 198552 1.0
688 198852 1.0
689 199152 1.0
690 199452 1.0
691 199752 1.0
692 200052 1.0
693 200352 1.0
694 200652 1.0
695 200952 1.0
696 201252 1.0
697 201552 1.0
698 201852 1.0
699 202152 1.01
700 202452 1.01
701 202752 1.01
702 203052 1.01
703 203352 1.01
704 203652 1.01
705 203926 1.01
706 204226 1.0
707 204526 1.0
708 204826 1.0
709 205126 1.0
710 205426 1.0
711 205726 1.0
712 206026 1.0
713 206326 1.0
714 206626 1.0
715 206926 1.0
716 207226 1.0
717 207526 1.0
718 207826 1.0
719 208126 1.0
720 208426 1.0
721 208726 0.9900000000000001
722 209026 0.9900000000000001
723 209144 0.9900000000000001
724 209444 0.9900000000000001
725 209744 0.9900000000000002
726 210044 0.9900000000000002
727 210344 0.9900000000000002
728 210644 0.9900000000000002
729 210944 0.9900000000000002
730 211244 0.9900000000000002
731 211544 0.9900000000000002
732 211844 0.9900000000000002
733 212144 0.9900000000000002
734 212444 0.9900000000000002
735 212744 0.9900000000000002
736 213044 0.9900000000000002
737 213344 0.9900000000000002
738 213644 0.9900000000000002
739 213944 0.9900000000000002
740 214244 0.9800000000000002
741 214544 0.9800000000000002
742 214844 0.9800000000000002
743 215144 0.9800000000000002
744 215444 0.9800000000000002
745 215744 0.9800000000000002
746 216044 0.9800000000000002
747 216344 0.9800000000000002
748 216644 0.9800000000000002
749 216944 0.9800000000000002
750 217244 0.9800000000000002
751 217544 0.9800000000000002
752 217844 0.9800000000000002
753 218112 0.9800000000000002
754 218412 0.9800000000000002
755 218712 0.9800000000000002
756 219012 0.9800000000000002
757 219312 0.9800000000000002
758 219612 0.9800000000000002
759 219912 0.9800000000000002
760 220212 0.9800000000000002
761 220512 0.9800000000000002
762 220812 0.9800000000000002
763 221112 0.9800000000000002
764 221412 0.9800000000000002
765 221712 0.9800000000000002
766 222012 0.9800000000000002
767 222312 0.9800000000000002
768 222612 0.9800000000000002
769 222912 0.9800000000000002
770 223212 0.9800000000000002
771 223512 0.9800000000000002
772 223812 0.9800000000000002
773 224112 0.9800000000000002
774 224412 0.9800000000000002
775 224712 0.9800000000000002
776 225012 0.9800000000000002
777 225312 0.9800000000000002
778 225612 0.9800000000000002
779 225912 0.9800000000000002
780 226212 0.9800000000000002
781 226512 0.9800000000000002
782 226812 0.9800000000000002
783 227112 0.9800000000000002
784 227412 0.9800000000000002
785 227712 0.9800000000000002
786 228012 0.9800000000000002
787 228312 0.9800000000000002
788 228374 0.9800000000000002
789 228571 0.9800000000000002
790 228871 0.9800000000000002
791 229171 0.9800000000000002
792 229471 0.9700000000000002
793 229771 0.9700000000000002
794 230071 0.9700000000000002
795 230371 0.9700000000000002
796 230671 0.9700000000000002
797 230809 0.9700000000000002
798 231109 0.9700000000000002
799 231409 0.9700000000000002
800 231709 0.9700000000000002
801 232009 0.9700000000000002
802 232309 0.9700000000000002
803 232609 0.9700000000000002
804 232909 0.9700000000000002
805 233209 0.9700000000000002
806 233509 0.9700000000000002
807 233809 0.9700000000000002
808 234109 0.9700000000000002
809 234409 0.9700000000000002
810 234709 0.9700000000000002
811 235009 0.9700000000000002
812 235309 0.9700000000000002
813 235609 0.9700000000000002
814 235909 0.9700000000000002
815 236209 0.9800000000000002
816 236509 0.9800000000000002
817 236809 0.9800000000000002
818 237109 0.9800000000000002
819 237409 0.9800000000000002
820 237709 0.9800000000000002
821 238009 0.9900000000000001
822 238309 0.9900000000000001
823 238609 0.9900000000000001
824 238909 0.9900000000000001
825 239209 0.9900000000000001
826 239509 0.9900000000000001
827 239809 0.9900000000000001
828 240109 0.9900000000000001
829 240409 0.9900000000000001
830 240709 0.9900000000000001
831 241009 0.9900000000000001
832 241309 0.9900000000000001
833 241609 0.9900000000000001
834 241909 0.9900000000000001
835 242209 0.9900000000000001
836 242509 0.9900000000000001
837 242809 0.9900000000000001
838 243109 0.9900000000000001
839 243409 0.9900000000000001
840 243709 1.0
841 244009 1.0
842 244309 1.0
843 244609 1.0
844 244909 1.0
845 245209 1.0
846 245509 1.0
847 245809 1.0
848 245915 1.0
849 246215 1.0
850 246515 1.0
851 246815 1.0
852 247115 1.0
853 247415 1.0
854 247715 1.0
855 248015 1.0
856 248315 1.0
857 248615 1.0
858 248817 1.0
859 249117 1.0
860 249417 1.0
861 249717 1.0
862 250017 1.0
863 250317 1.0
864 250617 1.0
865 250917 1.0
866 251217 0.9900000000000001
867 251517 0.9900000000000001
868 251817 0.9900000000000001
869 252117 0.9900000000000001
870 252417 0.9900000000000001
871 252717 0.9900000000000001
872 253017 0.9900000000000001
873 253317 0.9900000000000001
874 253617 0.9900000000000001
875 253917 0.9900000000000001
876 254217 0.9900000000000001
877 254517 0.9900000000000001
878 254817 0.9900000000000001
879 255117 0.9900000000000001
880 255417 0.9900000000000001
881 255717 0.9900000000000001
882 256017 0.9800000000000001
883 256317 0.9800000000000001
884 256617 0.9800000000000001
885 256917 0.9800000000000001
886 257217 0.9800000000000001
887 257517 0.9800000000000001
888 257817 0.9800000000000001
889 258117 0.9800000000000001
890 258417 0.9800000000000001
891 258717 0.9800000000000001
892 259017 0.9900000000000001
893 259317 0.9900000000000001
894 259617 0.9900000000000001
895 259917 0.9900000000000001
896 260217 0.9900000000000001
897 260517 0.9900000000000001
898 260817 0.9900000000000001
899 261117 0.9900000000000001
900 261417 0.9900000000000001
901 261717 0.9900000000000001
902 262017 0.9900000000000001
903 262317 0.9900000000000001
904 262617 0.9900000000000001
905 262917 0.9900000000000001
906 263217 0.9900000000000001
907 263517 0.9900000000000001
908 263817 0.9900000000000001
909 264117 0.9900000000000001
910 264417 0.9900000000000001
911 264717 0.9900000000000001
912 265017 0.9900000000000001
913 265317 0.9900000000000001
914 265611 0.9900000000000001
915 265911 0.9800000000000002
916 266211 0.9800000000000002
917 266511 0.9800000000000002
918 266811 0.9800000000000002
919 267111 0.9800000000000002
920 267411 0.9800000000000002
921 267711 0.9800000000000002
922 268011 0.9800000000000002
923 268311 0.9800000000000002
924 268611 0.9800000000000002
925 268911 0.9800000000000002
926 269211 0.9800000000000002
927 269511 0.9800000000000002
928 269811 0.9800000000000002
929 270111 0.9800000000000002
930 270411 0.9800000000000002
931 270711 0.9800000000000002
932 271011 0.9800000000000002
933 271311 0.9800000000000002
934 271611 0.9800000000000002
935 271911 0.9800000000000002
936 272211 0.9800000000000002
937 272511 0.9800000000000002
938 272811 0.9800000000000002
939 273111 0.9800000000000002
940 273411 0.9800000000000002
941 273711 0.9800000000000002
942 274011 0.9800000000000002
943 274311 0.9800000000000002
944 274611 0.9800000000000002
945 274911 0.9800000000000002
946 275211 0.9800000000000002
947 275511 0.9800000000000002
948 275811 0.9800000000000002
949 276111 0.9800000000000002
950 276411 0.9800000000000002
951 276711 0.9800000000000002
952 277011 0.9800000000000002
953 277311 0.9800000000000002
954 277611 0.9800000000000002
955 277911 0.9800000000000002
956 278211 0.9800000000000002
957 278511 0.9800000000000002
958 278811 0.9800000000000002
959 279111 0.9800000000000002
960 279411 0.9800000000000002
961 279711 0.9800000000000002
962 280011 0.9800000000000002
963 280311 0.9800000000000002
964 280611 0.9800000000000002
965 280911 0.9800000000000002
966 281211 0.9900000000000002
967 281511 0.9900000000000002
968 281811 0.9900000000000002
969 282111 0.9900000000000002
970 282411 0.9900000000000002
971 282711 0.9900000000000002
972 283011 0.9900000000000002
973 283311 0.9900000000000002
974 283611 0.9900000000000002
975 283911 0.9900000000000002
976 284211 0.9900000000000002
977 284511 0.9900000000000002
978 284811 0.9900000000000002
979 285111 0.9900000000000002
980 285411 0.9900000000000002
981 285711 0.9900000000000002
982 286011 1.0
983 286311 0.9900000000000001
984 286611 0.9900000000000001
985 286911 0.9900000000000001
986 287211 0.9900000000000001
987 287511 0.9900000000000002
988 287811 0.9900000000000002
989 288111 0.9900000000000002
990 288411 0.9900000000000002
991 288711 0.9900000000000002
992 289011 0.9900000000000002
993 289311 0.9900000000000002
994 289611 0.9900000000000002
995 289911 0.9900000000000002
996 290211 0.9900000000000002
997 290511 0.9900000000000002
998 290811 0.9900000000000002
999 291111 1.0000000000000002
1000 291411 1.0000000000000002
1001 291711 1.0000000000000002
1002 292011 1.0000000000000002
1003 292311 1.0
1004 292611 1.0
1005 292911 1.0
1006 293211 1.0
1007 293511 1.0
1008 293811 1.0
1009 294111 1.0
1010 294411 1.0
1011 294711 1.0
1012 295011 1.0
1013 295311 1.0
1014 295611 1.0
1015 295890 1.0
1016 296190 1.0
1017 296490 1.0
1018 296790 1.0
1019 297090 1.0
1020 297390 1.0
1021 297690 0.9900000000000001
1022 297990 0.9900000000000001
1023 298290 0.9900000000000001
1024 298590 0.9900000000000001
1025 298890 0.9900000000000002
1026 299190 0.9900000000000002
1027 299490 0.9900000000000002
1028 299790 0.9900000000000002
1029 300090 0.9900000000000002
1030 300390 0.9900000000000002
1031 300690 0.9900000000000002
1032 300990 0.9900000000000002
1033 301290 0.9900000000000002
1034 301590 0.9900000000000002
1035 301890 0.9900000000000002
1036 302190 0.9900000000000002
1037 302490 0.9900000000000002
1038 302790 0.9900000000000002
1039 303090 0.9900000000000002
1040 303390 0.9900000000000002
1041 303690 0.9900000000000002
1042 303990 0.9900000000000002
1043 304290 0.9900000000000002
1044 304590 0.9900000000000002
1045 304890 0.9900000000000002
1046 305190 0.9900000000000002
1047 305490 0.9900000000000002
1048 305790 0.9900000000000002
1049 306090 0.9900000000000002
1050 306390 0.9900000000000002
1051 306690 0.9900000000000002
1052 306990 0.9900000000000002
1053 307290 0.9900000000000002
1054 307590 0.9900000000000002
1055 307890 0.9900000000000002
1056 308190 0.9900000000000002
1057 308490 0.9900000000000002
1058 308790 0.9900000000000002
1059 309090 0.9900000000000002
1060 309390 0.9900000000000002
1061 309690 0.9900000000000002
1062 309990 0.9900000000000002
1063 310290 0.9900000000000002
1064 310590 0.9900000000000002
1065 310890 0.9900000000000002
1066 311190 0.9900000000000002
1067 311490 0.9900000000000002
1068 311790 0.9900000000000002
1069 312090 0.9900000000000002
1070 312390 0.9900000000000002
1071 312690 0.9900000000000002
1072 312990 0.9900000000000002
1073 313290 0.9900000000000002
1074 313590 0.9900000000000002
1075 313890 0.9900000000000002
1076 314190 0.9900000000000002
1077 314490 0.9900000000000002
1078 314790 0.9900000000000002
1079 315090 0.9900000000000002
1080 315390 0.9900000000000002
1081 315690 0.9900000000000002
1082 315990 0.9900000000000002
1083 316290 1.0
1084 316590 1.0
1085 316890 1.0
1086 317190 1.0
1087 317490 1.0
1088 317790 1.0
1089 318090 1.0
1090 318390 1.0
1091 318690 1.0
1092 318990 1.0
1093 319290 1.0
1094 319590 1.0
1095 319890 1.0
1096 320190 1.0
1097 320490 1.0
1098 320720 1.0
1099 321020 1.0000000000000002
1100 321320 1.0000000000000002
1101 321620 1.0000000000000002
1102 321920 1.0000000000000002
1103 322220 1.0
1104 322520 1.0
1105 322820 1.0
1106 323120 1.0
1107 323420 1.0
1108 323720 1.0
1109 324020 1.0
1110 324320 1.0
1111 324620 1.0
1112 324920 1.0
1113 325220 1.0
1114 325520 1.0
1115 325820 1.0
1116 326120 1.0
1117 326420 1.0
1118 326720 1.0
1119 327020 1.0
1120 327320 1.0
1121 327620 1.0
1122 327920 1.0
1123 328220 1.0
1124 328520 1.0
1125 328820 1.0
1126 329120 1.0
1127 329420 1.0
1128 329720 1.0
1129 330020 1.0
1130 330320 1.0
1131 330620 1.0
1132 330920 1.0
1133 331220 1.0
1134 331520 1.0
1135 331820 1.0
1136 332120 1.0
1137 332420 1.0
1138 332720 1.0
1139 333020 1.0
1140 333320 1.0
1141 333620 1.0
1142 333920 1.0
1143 334220 1.0
1144 334520 1.0
1145 334820 1.0
1146 335120 1.0
1147 335420 1.0
1148 335720 1.0
1149 336020 1.0
1150 336320 1.0
1151 336620 1.0
1152 336920 1.0
1153 337220 1.0
1154 337520 1.0
1155 337820 1.0
1156 338120 1.0
1157 338420 1.0
1158 338720 1.0
1159 339020 1.0
1160 339320 1.0
1161 339620 1.0
1162 339920 1.0
1163 340220 1.0
1164 340520 1.0
1165 340820 1.0
1166 341120 1.0
1167 341420 1.0
1168 341720 1.0
1169 342020 1.0
1170 342320 1.0
1171 342620 1.0
1172 342920 1.0
1173 343220 1.0
1174 343520 1.0
1175 343820 1.0
1176 344120 1.0
1177 344420 1.0
1178 344720 1.0
1179 345020 1.0
1180 345320 1.0
1181 345620 1.0
1182 345920 1.0
1183 346220 1.0
1184 346520 1.0
1185 346820 1.0
1186 347120 1.0
1187 347420 1.0
1188 347720 1.0
1189 348020 1.0
1190 348320 1.0
1191 348620 1.0
1192 348920 1.0
1193 349220 1.0
1194 349520 1.0
1195 349820 1.0
1196 350120 1.0
1197 350420 1.0
1198 350670 1.0
1199 350970 0.9900000000000002
1200 351270 0.9900000000000002
1201 351570 0.9900000000000002
1202 351870 0.9900000000000002
1203 352170 0.9900000000000002
1204 352470 0.9900000000000002
1205 352770 0.9900000000000002
1206 353070 0.9900000000000002
1207 353370 0.9900000000000002
1208 353670 0.9900000000000002
1209 353970 0.9900000000000002
1210 354270 0.9900000000000002
1211 354570 0.9900000000000002
1212 354870 0.9900000000000002
1213 355170 0.9900000000000002
1214 355470 0.9900000000000002
1215 355770 0.9900000000000002
1216 356070 0.9900000000000002
1217 356370 0.9900000000000002
1218 356670 0.9900000000000002
1219 356970 0.9900000000000002
1220 357270 0.9900000000000002
1221 357570 1.0
1222 357870 1.0
1223 358170 1.0
1224 358470 1.0
1225 358770 1.0
1226 359070 1.0
1227 359370 1.0
1228 359670 1.0
1229 359970 1.0
1230 360270 1.0
1231 360570 0.9900000000000001
1232 360870 0.9900000000000001
1233 361170 0.9900000000000001
1234 361470 0.9900000000000001
1235 361770 0.9900000000000002
1236 362070 0.9900000000000002
1237 362370 0.9900000000000002
1238 362670 0.9900000000000002
1239 362970 0.9900000000000002
1240 363270 0.9900000000000002
1241 363570 0.9900000000000002
1242 363870 0.9900000000000002
1243 364170 0.9900000000000002
1244 364470 0.9900000000000002
1245 364770 0.9900000000000002
1246 365070 0.9900000000000002
1247 365370 0.9900000000000002
1248 365670 0.9900000000000002
1249 365970 0.9900000000000002
1250 366270 0.9900000000000002
1251 366570 0.9900000000000002
1252 366870 0.9900000000000002
1253 367170 0.9900000000000002
1254 367470 0.9900000000000002
1255 367770 0.9900000000000002
1256 368070 0.9900000000000002
1257 368370 0.9900000000000002
1258 368670 0.9900000000000002
1259 368970 0.9900000000000002
1260 369270 0.9900000000000002
1261 369570 0.9900000000000002
1262 369870 0.9900000000000002
1263 370170 0.9900000000000002
1264 370470 0.9900000000000002
