1 300 0.03
2 600 0.03
3 900 0.03
4 1200 0.03
5 1500 0.03
6 1800 0.03
7 2100 0.03
8 2400 0.03
9 2700 0.03
10 3000 0.03
11 3300 0.03
12 3600 0.03
13 3900 0.03
14 4200 0.03
15 4500 0.03
16 4800 0.03
17 5100 0.03
18 5400 0.03
19 5700 0.03
20 6000 0.03
21 6300 0.03
22 6600 0.03
23 6900 0.03
24 7200 0.03
25 7500 0.03
26 7800 0.03
27 8100 0.03
28 8400 0.03
29 8700 0.03
30 9000 0.03
31 9300 0.03
32 9600 0.03
33 9900 0.03
34 10200 0.03
35 10500 0.03
36 10800 0.04
37 11100 0.04
38 11400 0.04
39 11700 0.04
40 12000 0.04
41 12196 0.04
42 12496 0.03
43 12796 0.04
44 13096 0.04
45 13396 0.04
46 13696 0.04
47 13996 0.04
48 14296 0.05
49 14596 0.05
50 14896 0.05
51 15196 0.05
52 15496 0.05
53 15796 0.05
54 16096 0.05
55 16396 0.05
56 16696 0.05
57 16996 0.05
58 17296 0.05
59 17596 0.05
60 17896 0.05
61 18196 0.060000000000000005
62 18496 0.060000000000000005
63 18796 0.07
64 19096 0.07
65 19396 0.06999999999999999
66 19696 0.06999999999999999
67 19996 0.08
68 20296 0.08
69 20596 0.08
70 20896 0.09
71 21196 0.09
72 21496 0.09
73 21796 0.09
74 22096 0.09
75 22396 0.09
76 22696 0.09
77 22996 0.09
78 23296 0.09
79 23556 0.09
80 23856 0.09
81 24156 0.09
82 24456 0.09
83 24756 0.09
84 25056 0.09
85 25356 0.09
86 25656 0.09
87 25956 0.09
88 26256 0.09
89 26556 0.09
90 26856 0.09
91 27156 0.09
92 27317 0.09
93 27617 0.08
94 27917 0.08
95 28217 0.08
96 28517 0.09
97 28817 0.09
98 29117 0.09
99 29417 0.09
100 29717 0.09
101 30017 0.09
102 30317 0.09999999999999999
103 30617 0.09999999999999999
104 30917 0.09999999999999999
105 31217 0.09999999999999999
106 31517 0.1
107 31817 0.1
108 32117 0.1
109 32417 0.1
110 32717 0.1
111 33017 0.1
112 33317 0.1
113 33617 0.1
114 33917 0.1
115 34217 0.1
116 34517 0.1
117 34817 0.11
118 35117 0.11
119 35417 0.11
120 35717 0.11
121 36017 0.11
122 36317 0.12
123 36617 0.12
124 36917 0.12
125 37217 0.12
126 37517 0.13
127 37817 0.13
128 38117 0.13
129 38417 0.13
130 38717 0.13
131 39017 0.13
132 39317 0.13
133 39617 0.13
134 39917 0.13
135 40128 0.13
136 40428 0.13
137 40728 0.13
138 41028 0.13
139 41328 0.13
140 41628 0.13
141 41928 0.13
142 42213 0.13
143 42513 0.12
144 42813 0.12
145 43113 0.12
146 43413 0.12
147 43621 0.13
148 43921 0.12000000000000001
149 44221 0.12000000000000001
150 44521 0.12000000000000001
151 44821 0.12000000000000001
152 45121 0.12000000000000001
153 45421 0.12000000000000001
154 45721 0.12000000000000001
155 46021 0.12000000000000001
156 46321 0.12000000000000001
157 46621 0.12000000000000001
158 46921 0.12000000000000001
159 47221 0.12000000000000001
160 47356 0.13
161 47656 0.12000000000000001
162 47819 0.12000000000000001
163 48119 0.11
164 48419 0.11
165 48719 0.11
166 48939 0.11
167 49239 0.1
168 49539 0.1
169 49784 0.1
170 50084 0.09000000000000001
171 50384 0.09000000000000001
172 50684 0.09000000000000001
173 50984 0.1
174 51284 0.1
175 51584 0.1
176 51884 0.11
177 52184 0.11
178 52484 0.11
179 52636 0.11
180 52936 0.1
181 53236 0.11
182 53536 0.11
183 53836 0.11
184 54136 0.11
185 54436 0.11000000000000001
186 54736 0.11000000000000001
187 55036 0.12000000000000001
188 55336 0.12000000000000001
189 55636 0.13
190 55936 0.13
191 56236 0.13
192 56536 0.13
193 56836 0.14
194 57136 0.14
195 57415 0.14
196 57715 0.13
197 58015 0.13
198 58315 0.13
199 58615 0.13
200 58915 0.13
201 59170 0.13
202 59470 0.12000000000000001
203 59770 0.12000000000000001
204 60070 0.12000000000000001
205 60370 0.12000000000000001
206 60670 0.13
207 60970 0.13
208 61270 0.13
209 61570 0.13
210 61870 0.14
211 62170 0.14
212 62470 0.14
213 62770 0.14
214 63070 0.14
215 63370 0.14
216 63639 0.14
217 63939 0.14
218 64239 0.14
219 64539 0.14
220 64839 0.14
221 65116 0.14
222 65416 0.13
223 65716 0.14
224 66016 0.14
225 66160 0.15000000000000002
226 66460 0.14
227 66760 0.15000000000000002
228 67060 0.15000000000000002
229 67360 0.15000000000000002
230 67660 0.15000000000000002
231 67960 0.16000000000000003
232 68260 0.16000000000000003
233 68560 0.16000000000000003
234 68860 0.16000000000000003
235 69055 0.16
236 69355 0.15
237 69655 0.16
238 69955 0.17
239 70255 0.17000000000000004
240 70555 0.17000000000000004
241 70855 0.18000000000000002
242 71155 0.18
243 71455 0.18
244 71755 0.18
245 72055 0.19
246 72336 0.19
247 72636 0.18
248 72936 0.18
249 73236 0.18
250 73536 0.18
251 73836 0.18
252 74136 0.18
253 74436 0.19
254 74736 0.19
255 75036 0.19
256 75336 0.19
257 75636 0.2
258 75936 0.2
259 76126 0.2
260 76426 0.20000000000000004
261 76726 0.20000000000000004
262 77026 0.20000000000000004
263 77326 0.20000000000000004
264 77626 0.2
265 77926 0.2
266 78226 0.2
267 78526 0.2
268 78826 0.2
269 79126 0.2
270 79426 0.2
271 79726 0.21000000000000002
272 79874 0.21000000000000002
273 80174 0.2
274 80474 0.2
275 80648 0.21000000000000002
276 80948 0.20000000000000004
277 81248 0.20000000000000004
278 81548 0.21000000000000005
279 81848 0.21000000000000002
280 82036 0.21000000000000002
281 82336 0.21000000000000002
282 82636 0.21000000000000002
283 82936 0.21000000000000002
284 83236 0.21000000000000002
285 83536 0.21000000000000002
286 83833 0.21000000000000002
287 84133 0.2
288 84309 0.21000000000000002
289 84609 0.2
290 84909 0.2
291 85209 0.21000000000000002
292 85492 0.21000000000000002
293 85792 0.2
294 86092 0.2
295 86392 0.2
296 86692 0.21000000000000002
297 86992 0.21000000000000002
298 87292 0.21000000000000002
299 87592 0.21000000000000002
300 87892 0.21000000000000002
301 88192 0.21000000000000002
302 88492 0.21000000000000002
303 88792 0.22000000000000003
304 89092 0.22000000000000003
305 89285 0.22000000000000003
306 89585 0.21000000000000002
307 89885 0.21000000000000002
308 90185 0.21000000000000002
309 90289 0.21000000000000002
310 90589 0.2
311 90889 0.2
312 91189 0.2
313 91489 0.2
314 91789 0.2
315 92089 0.2
316 92312 0.21000000000000002
317 92612 0.21000000000000002
318 92912 0.22000000000000003
319 93212 0.22000000000000003
320 93512 0.22000000000000003
321 93812 0.22000000000000003
322 94108 0.22000000000000003
323 94408 0.21000000000000002
324 94662 0.21000000000000002
325 94962 0.2
326 95120 0.21000000000000002
327 95420 0.21000000000000002
328 95720 0.21000000000000002
329 96020 0.21000000000000002
330 96285 0.21000000000000002
331 96585 0.2
332 96885 0.2
333 97185 0.2
334 97485 0.21000000000000002
335 97785 0.21000000000000002
336 98081 0.21000000000000002
337 98240 0.2
338 98540 0.19
339 98840 0.19
340 98945 0.2
341 99245 0.19
342 99545 0.19
343 99845 0.19
344 100134 0.19
345 100434 0.19
346 100734 0.19
347 101034 0.19
348 101334 0.19
349 101634 0.19
350 101934 0.19
351 102234 0.2
352 102369 0.2
353 102669 0.2
354 102969 0.2
355 103269 0.2
356 103499 0.21000000000000002
357 103799 0.2
358 104099 0.21000000000000002
359 104369 0.21000000000000002
360 104669 0.2
361 104969 0.2
362 105269 0.21000000000000002
363 105569 0.22000000000000003
364 105869 0.23000000000000004
365 106169 0.24000000000000005
366 106469 0.24000000000000005
367 106769 0.25000000000000006
368 107069 0.25000000000000006
369 107369 0.26
370 107629 0.27
371 107929 0.26
372 108229 0.26
373 108529 0.27
374 108702 0.27
375 109002 0.27
376 109302 0.28
377 109499 0.28
378 109799 0.27
379 110099 0.27
380 110395 0.28
381 110695 0.28
382 110995 0.28
383 111295 0.28
384 111595 0.29000000000000004
385 111895 0.29000000000000004
386 112195 0.30000000000000004
387 112424 0.30000000000000004
388 112724 0.29000000000000004
389 113024 0.30000000000000004
390 113175 0.31000000000000005
391 113475 0.30000000000000004
392 113775 0.30000000000000004
393 114075 0.30000000000000004
394 114375 0.30000000000000004
395 114544 0.30000000000000004
396 114844 0.29000000000000004
397 115144 0.29000000000000004
398 115444 0.29000000000000004
399 115744 0.29000000000000004
400 116044 0.29000000000000004
401 116344 0.30000000000000004
402 116611 0.30000000000000004
403 116911 0.29000000000000004
404 117211 0.30000000000000004
405 117511 0.30000000000000004
406 117811 0.30000000000000004
407 118111 0.31000000000000005
408 118411 0.32000000000000006
409 118711 0.33000000000000007
410 119011 0.33000000000000007
411 119311 0.3400000000000001
412 119611 0.3400000000000001
413 119911 0.34
414 120211 0.35
415 120446 0.35
416 120626 0.33999999999999997
417 120746 0.33
418 121046 0.32
419 121346 0.32
420 121646 0.33
421 121946 0.33
422 122246 0.33
423 122546 0.33
424 122846 0.33999999999999997
425 123122 0.33999999999999997
426 123415 0.33
427 123715 0.32000000000000006
428 124015 0.32
429 124315 0.31999999999999995
430 124615 0.32
431 124915 0.33000000000000007
432 125215 0.33
433 125506 0.33
434 125806 0.32000000000000006
435 126106 0.32
436 126406 0.33
437 126706 0.33
438 127006 0.34
439 127202 0.34
440 127502 0.33
441 127802 0.33
442 128102 0.33
443 128402 0.33
444 128494 0.33999999999999997
445 128794 0.33
446 129094 0.33000000000000007
447 129394 0.33000000000000007
448 129694 0.34
449 129994 0.35000000000000003
450 130242 0.35000000000000003
451 130542 0.34
452 130726 0.35000000000000003
453 131026 0.35000000000000003
454 131326 0.35000000000000003
455 131599 0.35000000000000003
456 131899 0.34
457 132037 0.35000000000000003
458 132337 0.34
459 132637 0.34
460 132937 0.35000000000000003
461 133133 0.36
462 133399 0.35
463 133635 0.34
464 133880 0.34
465 134180 0.33
466 134468 0.3400000000000001
467 134768 0.3400000000000001
468 134965 0.35000000000000003
469 135164 0.34
470 135464 0.33
471 135764 0.34
472 135979 0.35000000000000003
473 136279 0.34
474 136548 0.35000000000000003
475 136822 0.34
476 137122 0.33
477 137422 0.33
478 137722 0.33
479 137879 0.33
480 138111 0.33
481 138411 0.32
482 138711 0.33
483 138853 0.34
484 139153 0.34
485 139401 0.35000000000000003
486 139701 0.35000000000000003
487 140001 0.35000000000000003
488 140188 0.36000000000000004
489 140437 0.36000000000000004
490 140737 0.35000000000000003
491 141037 0.35000000000000003
492 141337 0.35000000000000003
493 141637 0.35000000000000003
494 141937 0.35000000000000003
495 142237 0.35000000000000003
496 142537 0.35
497 142837 0.35
498 143137 0.35000000000000003
499 143437 0.35000000000000003
500 143560 0.35000000000000003
501 143860 0.35000000000000003
502 144160 0.36000000000000004
503 144421 0.37000000000000005
504 144721 0.36000000000000004
505 145021 0.37000000000000005
506 145207 0.38000000000000006
507 145432 0.37000000000000005
508 145684 0.36000000000000004
509 145984 0.35000000000000003
510 146192 0.35000000000000003
511 146492 0.35000000000000003
512 146792 0.35000000000000003
513 147018 0.35000000000000003
514 147318 0.34
515 147618 0.34
516 147918 0.34
517 148218 0.34
518 148518 0.34
519 148715 0.35000000000000003
520 149015 0.34
521 149315 0.35000000000000003
522 149615 0.36000000000000004
523 149862 0.36
524 150162 0.35
525 150462 0.36
526 150762 0.36
527 151062 0.36
528 151362 0.36
529 151662 0.37
530 151812 0.38
531 152112 0.37
532 152412 0.37
533 152712 0.38
534 153012 0.38
535 153279 0.39
536 153579 0.38
537 153749 0.39
538 154049 0.38
539 154349 0.39
540 154649 0.39
541 154949 0.4
542 155249 0.41000000000000003
543 155454 0.42000000000000004
544 155754 0.41000000000000003
545 156054 0.42000000000000004
546 156354 0.43000000000000005
547 156547 0.43000000000000005
548 156779 0.43000000000000005
549 157079 0.42000000000000004
550 157379 0.43
551 157637 0.44000000000000006
552 157792 0.44000000000000006
553 158092 0.43000000000000005
554 158392 0.43000000000000005
555 158692 0.44000000000000006
556 158798 0.45000000000000007
557 159098 0.44000000000000006
558 159398 0.44000000000000006
559 159576 0.44000000000000006
560 159742 0.44000000000000006
561 160042 0.43000000000000005
562 160342 0.43000000000000005
563 160453 0.44000000000000006
564 160753 0.43000000000000005
565 160951 0.43000000000000005
566 161130 0.42000000000000004
567 161262 0.41000000000000003
568 161562 0.4
569 161862 0.41000000000000003
570 162138 0.41000000000000003
571 162385 0.4
572 162685 0.39
573 162824 0.39
574 163124 0.39
575 163424 0.39
576 163724 0.39
577 164024 0.39
578 164324 0.39
579 164460 0.4
580 164760 0.4
581 164918 0.41000000000000003
582 165060 0.41000000000000003
583 165312 0.4
584 165449 0.4000000000000001
585 165604 0.39
586 165904 0.39
587 166139 0.39000000000000007
588 166352 0.39
589 166652 0.39
590 166952 0.4
591 167252 0.41000000000000003
592 167552 0.41000000000000003
593 167852 0.41000000000000003
594 168152 0.42000000000000004
595 168452 0.42000000000000004
596 168752 0.43000000000000005
597 169052 0.44000000000000006
598 169352 0.44000000000000006
599 169652 0.44000000000000006
600 169855 0.44000000000000006
601 169966 0.44000000000000006
602 170239 0.44000000000000006
603 170539 0.44000000000000006
604 170825 0.45000000000000007
605 171082 0.44000000000000006
606 171382 0.43000000000000005
607 171682 0.43000000000000005
608 171982 0.43000000000000005
609 172282 0.43000000000000005
610 172492 0.43000000000000005
611 172792 0.43000000000000005
612 173092 0.43000000000000005
613 173392 0.43000000000000005
614 173692 0.44000000000000006
615 173992 0.44000000000000006
616 174292 0.45000000000000007
617 174592 0.45000000000000007
618 174882 0.4600000000000001
619 175182 0.45000000000000007
620 175289 0.45000000000000007
621 175391 0.45000000000000007
622 175691 0.44000000000000006
623 175991 0.44000000000000006
624 176200 0.44000000000000006
625 176500 0.43000000000000005
626 176800 0.43000000000000005
627 177100 0.43000000000000005
628 177220 0.44000000000000006
629 177363 0.43000000000000005
630 177663 0.43000000000000005
631 177963 0.43000000000000005
632 178095 0.44000000000000006
633 178395 0.43000000000000005
634 178532 0.43
635 178832 0.42
636 179019 0.42000000000000004
637 179319 0.41000000000000003
638 179459 0.41000000000000003
639 179759 0.4
640 180046 0.41000000000000003
641 180263 0.4
642 180501 0.39
643 180801 0.38
644 180925 0.38
645 181076 0.37
646 181376 0.36000000000000004
647 181578 0.36000000000000004
648 181878 0.35000000000000003
649 182149 0.35000000000000003
650 182436 0.34
651 182669 0.33
652 182969 0.32
653 183269 0.33
654 183399 0.33
655 183562 0.32
656 183862 0.32
657 184162 0.33
658 184462 0.33
659 184615 0.33
660 184915 0.33
661 185215 0.33
662 185413 0.33
663 185713 0.32
664 186013 0.32
665 186313 0.32
666 186613 0.32
667 186913 0.33
668 187208 0.34
669 187508 0.34
670 187808 0.34
671 188108 0.34
672 188408 0.34
673 188611 0.35
674 188911 0.35000000000000003
675 189211 0.36000000000000004
676 189511 0.37000000000000005
677 189811 0.38000000000000006
678 189959 0.39000000000000007
679 190233 0.39000000000000007
680 190356 0.39
681 190620 0.39
682 190920 0.38000000000000006
683 191128 0.39000000000000007
684 191428 0.38
685 191712 0.39
686 192012 0.38
687 192242 0.38
688 192527 0.38
689 192737 0.37
690 192920 0.37000000000000005
691 193220 0.36000000000000004
692 193520 0.36
693 193679 0.37000000000000005
694 193979 0.36000000000000004
695 194237 0.36
696 194349 0.36
697 194649 0.35
698 194949 0.35
699 195249 0.35
700 195357 0.35
701 195483 0.34
702 195614 0.33
703 195811 0.32
704 196111 0.32000000000000006
705 196411 0.32000000000000006
706 196711 0.33000000000000007
707 197011 0.33000000000000007
708 197311 0.34
709 197611 0.34
710 197773 0.34
711 198073 0.34
712 198373 0.35000000000000003
713 198519 0.36000000000000004
714 198819 0.35000000000000003
715 198998 0.35000000000000003
716 199298 0.34
717 199537 0.34
718 199837 0.33
719 200137 0.34
720 200239 0.34
721 200539 0.34
722 200839 0.35000000000000003
723 201139 0.35000000000000003
724 201439 0.35000000000000003
725 201739 0.35
726 202039 0.36
727 202333 0.37
728 202633 0.36
729 202837 0.36
730 203137 0.36
731 203311 0.37
732 203611 0.37
733 203911 0.38
734 204211 0.38
735 204511 0.38
736 204811 0.39
737 205111 0.39
738 205411 0.39
739 205677 0.4
740 205977 0.4
741 206277 0.41000000000000003
742 206577 0.42000000000000004
743 206877 0.43000000000000005
744 207177 0.43000000000000005
745 207477 0.44000000000000006
746 207777 0.45000000000000007
747 208077 0.45000000000000007
748 208377 0.4600000000000001
749 208677 0.4600000000000001
750 208977 0.4600000000000001
751 209277 0.4600000000000001
752 209442 0.47
753 209742 0.45999999999999996
754 210042 0.4600000000000001
755 210208 0.4600000000000001
756 210415 0.45000000000000007
757 210715 0.45000000000000007
758 211015 0.45000000000000007
759 211259 0.4600000000000001
760 211559 0.4600000000000001
761 211859 0.4700000000000001
762 212159 0.4800000000000001
763 212459 0.4900000000000001
764 212759 0.49000000000000005
765 213059 0.49
766 213225 0.49
767 213434 0.48
768 213539 0.48000000000000004
769 213839 0.4800000000000001
770 214139 0.4800000000000001
771 214439 0.4800000000000001
772 214628 0.48000000000000004
773 214763 0.47
774 214891 0.47
775 214995 0.46
776 215295 0.45000000000000007
777 215498 0.44000000000000006
778 215601 0.43000000000000005
779 215883 0.43000000000000005
780 216147 0.42000000000000004
781 216447 0.42000000000000004
782 216678 0.42000000000000004
783 216978 0.41000000000000003
784 217238 0.41000000000000003
785 217538 0.4
786 217838 0.4
787 217953 0.41000000000000003
788 218253 0.4
789 218490 0.41000000000000003
790 218790 0.4
791 219090 0.41000000000000003
792 219329 0.42000000000000004
793 219629 0.42000000000000004
794 219929 0.43000000000000005
795 220140 0.43000000000000005
796 220440 0.42000000000000004
797 220740 0.42000000000000004
798 221040 0.43000000000000005
799 221340 0.44000000000000006
800 221640 0.44000000000000006
801 221940 0.45000000000000007
802 222240 0.4600000000000001
803 222412 0.4700000000000001
804 222712 0.4700000000000001
805 222845 0.4700000000000001
806 223145 0.4700000000000001
807 223345 0.48000000000000004
808 223645 0.48000000000000004
809 223945 0.48000000000000004
810 224103 0.49000000000000005
811 224204 0.49000000000000005
812 224370 0.49000000000000005
813 224670 0.4900000000000001
814 224970 0.5000000000000001
815 225270 0.5
816 225570 0.5
817 225870 0.51
818 225970 0.51
819 226270 0.51
820 226378 0.51
821 226484 0.51
822 226784 0.5
823 227084 0.5
824 227384 0.5
825 227556 0.5
826 227825 0.49
827 228125 0.49
828 228425 0.49
829 228555 0.49
830 228724 0.49000000000000005
831 228966 0.48000000000000004
832 229207 0.48000000000000004
833 229507 0.47000000000000003
834 229807 0.48000000000000004
835 230023 0.48000000000000004
836 230323 0.48
837 230623 0.49
838 230724 0.5
839 230887 0.4900000000000001
840 231098 0.49000000000000005
841 231293 0.48000000000000004
842 231483 0.4800000000000001
843 231783 0.4800000000000001
844 231901 0.49000000000000005
845 232007 0.4900000000000001
846 232307 0.4800000000000001
847 232442 0.49000000000000005
848 232742 0.48000000000000004
849 233042 0.48000000000000004
850 233342 0.48000000000000004
851 233607 0.48
852 233907 0.47000000000000003
853 234207 0.48000000000000004
854 234507 0.48
855 234807 0.48
856 234990 0.49
857 235290 0.49
858 235548 0.49
859 235733 0.48
860 235863 0.48000000000000004
861 236051 0.4700000000000001
862 236128 0.4700000000000001
863 236428 0.47000000000000003
864 236728 0.48
865 237028 0.4900000000000001
866 237328 0.5000000000000001
867 237611 0.51
868 237773 0.5
869 238073 0.49000000000000005
870 238373 0.5
871 238673 0.5
872 238973 0.5
873 239128 0.5
874 239428 0.5
875 239728 0.51
876 240028 0.52
877 240328 0.53
878 240458 0.53
879 240758 0.52
880 241038 0.52
881 241338 0.51
882 241638 0.52
883 241938 0.52
884 242238 0.53
885 242538 0.53
886 242741 0.54
887 243041 0.54
888 243300 0.55
889 243600 0.55
890 243725 0.56
891 243869 0.55
892 244134 0.55
893 244234 0.55
894 244534 0.55
895 244834 0.56
896 245134 0.5700000000000001
897 245430 0.5700000000000001
898 245698 0.5700000000000001
899 245998 0.5700000000000001
900 246141 0.5700000000000001
901 246237 0.5700000000000001
902 246492 0.5700000000000001
903 246749 0.5700000000000001
904 247049 0.56
905 247156 0.5700000000000001
906 247309 0.5700000000000001
907 247536 0.56
908 247836 0.56
909 248080 0.5700000000000001
910 248327 0.5700000000000001
911 248472 0.5700000000000001
912 248764 0.5700000000000001
913 248884 0.5700000000000001
914 249184 0.5700000000000001
915 249484 0.5800000000000001
916 249653 0.5900000000000001
917 249953 0.5900000000000001
918 250128 0.6000000000000001
919 250428 0.5900000000000001
920 250635 0.6000000000000001
921 250935 0.5900000000000001
922 251235 0.6
923 251535 0.61
924 251835 0.61
925 252135 0.61
926 252402 0.62
927 252702 0.62
928 253002 0.63
929 253161 0.63
930 253461 0.62
931 253639 0.63
932 253939 0.63
933 254092 0.64
934 254392 0.64
935 254631 0.65
936 254793 0.6400000000000001
937 254944 0.6400000000000001
938 255244 0.63
939 255367 0.64
940 255667 0.6400000000000001
941 255959 0.6500000000000001
942 256120 0.6500000000000001
943 256261 0.6500000000000001
944 256501 0.6500000000000001
945 256801 0.6400000000000001
946 256978 0.6400000000000001
947 257278 0.6400000000000001
948 257578 0.6500000000000001
949 257878 0.6600000000000001
950 258178 0.6700000000000002
951 258478 0.6800000000000002
952 258690 0.6900000000000001
953 258990 0.6900000000000001
954 259290 0.6900000000000001
955 259420 0.7000000000000001
956 259674 0.7000000000000001
957 259974 0.7
958 260274 0.71
959 260383 0.72
960 260683 0.71
961 260848 0.71
962 260976 0.7
963 261058 0.7
964 261331 0.69
965 261491 0.6799999999999999
966 261767 0.6799999999999999
967 262067 0.68
968 262367 0.69
969 262627 0.7
970 262927 0.69
971 263227 0.7
972 263527 0.71
973 263671 0.72
974 263850 0.72
975 264111 0.71
976 264271 0.71
977 264571 0.71
978 264871 0.72
979 265171 0.73
980 265471 0.74
981 265659 0.75
982 265959 0.75
983 266205 0.76
984 266505 0.76
985 266670 0.77
986 266960 0.77
987 267062 0.77
988 267316 0.76
989 267538 0.76
990 267838 0.76
991 268048 0.76
992 268216 0.75
993 268460 0.75
994 268529 0.74
995 268691 0.74
996 268991 0.73
997 269159 0.74
998 269277 0.73
999 269577 0.73
1000 269720 0.73
1001 269918 0.73
1002 270126 0.73
1003 270426 0.72
1004 270688 0.73
1005 270830 0.72
1006 271130 0.72
1007 271403 0.72
1008 271554 0.72
1009 271714 0.72
1010 271945 0.72
1011 272023 0.71
1012 272224 0.7
1013 272378 0.7
1014 272528 0.7
1015 272763 0.6900000000000001
1016 272963 0.6900000000000002
1017 273117 0.68
1018 273417 0.68
1019 273710 0.68
1020 274010 0.68
1021 274121 0.68
1022 274234 0.68
1023 274534 0.6800000000000002
1024 274834 0.6900000000000001
1025 275100 0.7
1026 275223 0.7000000000000001
1027 275374 0.7000000000000001
1028 275674 0.7
1029 275974 0.7000000000000001
1030 276109 0.7100000000000002
1031 276196 0.7000000000000001
1032 276329 0.7
1033 276450 0.69
1034 276678 0.68
1035 276978 0.67
1036 277223 0.6799999999999999
1037 277523 0.6699999999999999
1038 277662 0.68
1039 277846 0.6800000000000002
1040 277985 0.68
1041 278103 0.68
1042 278236 0.6800000000000002
1043 278370 0.67
1044 278670 0.6699999999999999
1045 278970 0.6799999999999999
1046 279163 0.69
1047 279415 0.68
1048 279497 0.67
1049 279779 0.66
1050 279929 0.65
1051 280019 0.65
1052 280190 0.65
1053 280490 0.64
1054 280629 0.6500000000000001
1055 280808 0.6400000000000001
1056 281016 0.64
1057 281179 0.64
1058 281454 0.6300000000000001
1059 281754 0.6200000000000001
1060 282054 0.63
1061 282354 0.63
1062 282481 0.6300000000000001
1063 282781 0.6200000000000001
1064 283081 0.62
1065 283270 0.62
1066 283452 0.61
1067 283582 0.6
1068 283712 0.5900000000000001
1069 284012 0.5900000000000001
1070 284203 0.5900000000000001
1071 284372 0.5900000000000001
1072 284563 0.5900000000000001
1073 284693 0.5800000000000001
1074 284993 0.5700000000000001
1075 285092 0.58
1076 285252 0.5700000000000001
1077 285442 0.56
1078 285741 0.55
1079 285846 0.54
1080 286090 0.53
1081 286388 0.52
1082 286489 0.52
1083 286633 0.52
1084 286817 0.52
1085 286996 0.51
1086 287290 0.51
1087 287590 0.51
1088 287764 0.52
1089 288062 0.52
1090 288362 0.51
1091 288662 0.51
1092 288774 0.52
1093 289074 0.52
1094 289196 0.53
1095 289496 0.52
1096 289655 0.53
1097 289955 0.53
1098 290224 0.54
1099 290524 0.54
1100 290792 0.54
1101 290965 0.54
1102 291265 0.53
1103 291493 0.53
1104 291793 0.53
1105 291915 0.53
1106 292215 0.53
1107 292412 0.54
1108 292683 0.53
1109 292943 0.53
1110 293243 0.53
1111 293543 0.53
1112 293727 0.53
1113 293825 0.53
1114 294125 0.52
1115 294364 0.53
1116 294664 0.52
1117 294889 0.53
1118 295189 0.52
1119 295294 0.52
1120 295594 0.51
1121 295690 0.51
1122 295953 0.5
1123 296227 0.49
1124 296429 0.48
1125 296568 0.48000000000000004
1126 296680 0.48000000000000004
1127 296758 0.47000000000000003
1128 297058 0.47000000000000003
1129 297334 0.48000000000000004
1130 297634 0.4700000000000001
1131 297890 0.48000000000000004
1132 298190 0.47
1133 298490 0.47
1134 298790 0.48000000000000004
1135 298981 0.49
1136 299281 0.49
1137 299444 0.5
1138 299666 0.49
1139 299949 0.49000000000000005
1140 300165 0.49
1141 300320 0.49
1142 300620 0.4900000000000001
1143 300862 0.5
1144 301062 0.49
1145 301308 0.48
1146 301608 0.48
1147 301908 0.49
1148 302208 0.49
1149 302508 0.5
1150 302651 0.51
1151 302760 0.51
1152 303060 0.51
1153 303242 0.52
1154 303542 0.52
1155 303756 0.53
1156 304018 0.52
1157 304318 0.52
1158 304618 0.53
1159 304762 0.54
1160 305062 0.54
1161 305362 0.54
1162 305662 0.55
1163 305962 0.55
1164 306262 0.56
1165 306562 0.5700000000000001
1166 306862 0.5800000000000001
1167 307162 0.5900000000000001
1168 307357 0.5900000000000001
1169 307657 0.5900000000000001
1170 307902 0.6000000000000001
1171 308164 0.5900000000000001
1172 308464 0.5800000000000001
1173 308764 0.5900000000000001
1174 309010 0.6000000000000001
1175 309310 0.6000000000000001
1176 309610 0.6100000000000001
1177 309910 0.6200000000000001
1178 310210 0.6300000000000001
1179 310510 0.6300000000000001
1180 310810 0.6300000000000001
1181 310995 0.64
1182 311128 0.63
1183 311305 0.6300000000000001
1184 311605 0.6300000000000001
1185 311762 0.63
1186 311948 0.63
1187 312126 0.62
1188 312316 0.61
1189 312616 0.6000000000000001
1190 312916 0.6000000000000001
1191 313039 0.6
1192 313266 0.59
1193 313476 0.5900000000000001
1194 313776 0.5900000000000001
1195 313944 0.6000000000000001
1196 314112 0.5900000000000001
1197 314230 0.5900000000000001
1198 314381 0.5900000000000001
1199 314681 0.5800000000000001
1200 314800 0.5900000000000001
1201 315100 0.5800000000000001
1202 315400 0.5900000000000001
1203 315585 0.5900000000000001
1204 315885 0.5900000000000001
1205 316025 0.6000000000000001
1206 316176 0.5900000000000001
1207 316476 0.5800000000000001
1208 316651 0.5900000000000001
1209 316951 0.5800000000000001
1210 317251 0.5800000000000001
1211 317551 0.5800000000000001
1212 317655 0.5800000000000001
1213 317955 0.5800000000000001
1214 318111 0.5900000000000001
1215 318411 0.5900000000000001
1216 318641 0.6000000000000001
1217 318941 0.5900000000000001
1218 319241 0.6000000000000001
1219 319541 0.6000000000000001
1220 319841 0.6100000000000001
1221 320141 0.6200000000000001
1222 320441 0.6300000000000001
1223 320741 0.6400000000000001
1224 320964 0.6500000000000001
1225 321187 0.6500000000000001
1226 321487 0.6500000000000001
1227 321669 0.6600000000000001
1228 321955 0.6600000000000001
1229 322255 0.6500000000000001
1230 322499 0.6500000000000001
1231 322799 0.6500000000000001
1232 323099 0.66
1233 323209 0.67
1234 323291 0.6700000000000002
1235 323513 0.6700000000000002
1236 323635 0.66
1237 323935 0.66
1238 324111 0.6600000000000001
1239 324209 0.6500000000000001
1240 324380 0.65
1241 324548 0.65
1242 324722 0.6500000000000001
1243 325022 0.6500000000000001
1244 325322 0.66
1245 325549 0.66
1246 325738 0.6600000000000001
1247 326038 0.6500000000000001
1248 326271 0.66
1249 326431 0.66
1250 326562 0.6600000000000001
1251 326809 0.6500000000000001
1252 326983 0.65
1253 327201 0.65
1254 327371 0.6500000000000001
1255 327671 0.6500000000000001
1256 327762 0.66
1257 327995 0.65
1258 328125 0.6400000000000001
1259 328261 0.6300000000000001
1260 328561 0.63
1261 328704 0.64
1262 329004 0.6400000000000001
1263 329279 0.6500000000000001
1264 329455 0.64
1265 329572 0.64
1266 329758 0.6400000000000001
1267 330058 0.6400000000000001
1268 330134 0.65
1269 330319 0.65
1270 330619 0.6400000000000001
1271 330919 0.6400000000000001
1272 331058 0.65
1273 331159 0.64
1274 331350 0.6300000000000001
1275 331466 0.6300000000000001
1276 331570 0.63
1277 331753 0.63
1278 332053 0.6300000000000001
1279 332353 0.6400000000000001
1280 332496 0.6500000000000001
1281 332796 0.6500000000000001
1282 333033 0.66
1283 333128 0.66
1284 333428 0.65
1285 333555 0.66
1286 333855 0.65
1287 334155 0.66
1288 334455 0.6700000000000002
1289 334755 0.67
1290 335055 0.6799999999999999
1291 335355 0.6900000000000001
1292 335625 0.7000000000000001
1293 335807 0.7000000000000001
1294 335964 0.7000000000000001
1295 336264 0.7000000000000001
1296 336442 0.7100000000000001
1297 336612 0.71
1298 336912 0.71
1299 337072 0.72
1300 337372 0.71
1301 337612 0.72
1302 337912 0.71
1303 338023 0.72
1304 338160 0.72
1305 338460 0.72
1306 338760 0.7200000000000001
1307 338943 0.73
1308 339243 0.72
1309 339452 0.73
1310 339752 0.73
1311 340052 0.74
1312 340200 0.75
1313 340417 0.75
1314 340551 0.75
1315 340785 0.75
1316 341085 0.75
1317 341275 0.76
1318 341575 0.76
1319 341823 0.76
1320 341950 0.76
1321 342129 0.76
1322 342279 0.75
1323 342536 0.74
1324 342747 0.73
1325 343010 0.73
1326 343165 0.73
1327 343318 0.72
1328 343618 0.72
1329 343918 0.73
1330 344119 0.74
1331 344333 0.74
1332 344515 0.73
1333 344726 0.73
1334 344972 0.73
1335 345272 0.73
1336 345465 0.74
1337 345765 0.74
1338 346065 0.74
1339 346202 0.74
1340 346367 0.74
1341 346584 0.73
1342 346687 0.73
1343 346830 0.73
1344 347130 0.73
1345 347293 0.7400000000000001
1346 347593 0.7400000000000001
1347 347700 0.74
1348 347913 0.73
1349 348123 0.73
1350 348423 0.73
1351 348516 0.74
1352 348682 0.74
1353 348789 0.7300000000000001
1354 348871 0.7200000000000002
1355 349020 0.7100000000000001
1356 349320 0.71
1357 349620 0.71
1358 349920 0.72
1359 350111 0.72
1360 350369 0.72
1361 350477 0.7100000000000001
1362 350622 0.7100000000000002
1363 350922 0.7100000000000002
1364 351064 0.72
1365 351165 0.72
1366 351407 0.7200000000000001
1367 351570 0.72
1368 351867 0.72
1369 352167 0.7200000000000001
1370 352467 0.73
1371 352700 0.73
1372 353000 0.73
1373 353300 0.74
1374 353555 0.74
1375 353651 0.73
1376 353777 0.72
1377 354073 0.71
1378 354352 0.71
1379 354644 0.71
1380 354780 0.71
1381 354905 0.71
1382 355164 0.7100000000000001
1383 355464 0.7100000000000001
1384 355600 0.72
1385 355900 0.72
1386 356047 0.73
1387 356170 0.73
1388 356470 0.72
1389 356718 0.73
1390 356846 0.73
1391 357082 0.73
1392 357330 0.7200000000000001
1393 357454 0.7100000000000001
1394 357713 0.7
1395 357920 0.7
1396 358111 0.7000000000000001
1397 358293 0.7000000000000001
1398 358427 0.7
1399 358727 0.7000000000000001
1400 358853 0.7100000000000002
1401 359153 0.7100000000000001
1402 359286 0.71
1403 359468 0.71
1404 359697 0.7100000000000001
1405 359997 0.7100000000000001
1406 360079 0.71
1407 360379 0.7100000000000001
1408 360591 0.7100000000000001
1409 360697 0.7
1410 360818 0.7
1411 360902 0.7
1412 361001 0.7000000000000001
1413 361072 0.7000000000000001
1414 361169 0.69
1415 361302 0.6900000000000001
1416 361467 0.6900000000000001
1417 361661 0.68
1418 361961 0.68
1419 362147 0.69
1420 362444 0.6900000000000001
1421 362744 0.6900000000000001
1422 363044 0.7
1423 363344 0.71
1424 363432 0.72
1425 363624 0.7100000000000001
1426 363924 0.7100000000000001
1427 364174 0.72
1428 364442 0.7200000000000001
1429 364663 0.7100000000000001
1430 364844 0.71
1431 365144 0.71
1432 365314 0.72
1433 365388 0.7100000000000001
1434 365524 0.7100000000000001
1435 365772 0.7100000000000001
1436 365895 0.7100000000000002
1437 366195 0.7100000000000001
1438 366495 0.72
1439 366675 0.7300000000000001
1440 366975 0.7200000000000001
1441 367205 0.73
1442 367274 0.72
1443 367464 0.72
1444 367675 0.72
1445 367784 0.72
1446 368084 0.72
1447 368384 0.73
1448 368651 0.74
1449 368840 0.74
1450 368950 0.74
1451 369114 0.74
1452 369414 0.74
1453 369714 0.74
1454 370014 0.75
1455 370239 0.76
1456 370539 0.76
1457 370649 0.77
1458 370949 0.76
1459 371125 0.77
1460 371425 0.76
1461 371524 0.77
1462 371736 0.77
1463 371858 0.77
1464 371972 0.77
1465 372255 0.76
1466 372480 0.76
1467 372734 0.75
1468 373019 0.74
1469 373220 0.74
1470 373520 0.74
1471 373700 0.74
1472 373851 0.74
1473 374151 0.74
1474 374451 0.74
1475 374751 0.75
1476 375051 0.76
1477 375187 0.76
1478 375303 0.75
1479 375472 0.75
1480 375599 0.75
1481 375776 0.75
1482 375905 0.74
1483 376048 0.73
1484 376224 0.73
1485 376323 0.73
1486 376601 0.73
1487 376901 0.73
1488 377189 0.74
1489 377317 0.74
1490 377537 0.74
1491 377837 0.74
1492 378137 0.75
1493 378437 0.76
1494 378701 0.76
1495 378891 0.76
1496 379011 0.75
1497 379137 0.75
1498 379197 0.75
1499 379489 0.75
1500 379711 0.75
