1 694 0.0 0.0
2 2083 0.0 0.0
3 2504 0.0 0.0
4 2946 0.0 0.0
5 3564 0.0 0.0
6 3959 0.0 0.0
7 4375 0.0 0.0
8 4752 0.0 0.0
9 5557 0.0 0.0
10 10282 0.0 0.0
11 12811 0.0 0.0
12 13395 0.0 0.0
13 13757 0.0 0.0
14 17786 0.0 0.0
15 18238 0.0 0.0
16 18625 0.0 0.0
17 25724 0.0 0.0
18 26010 0.0 0.0
19 26588 0.0 0.0
20 26802 0.0 0.0
21 27591 0.0 0.0
22 28122 0.0 0.0
23 29080 0.0 0.0
24 29492 0.0 0.0
25 30203 0.0 0.0
26 30717 0.0 0.0
27 31241 0.0 0.0
28 31907 0.0 0.0
29 32670 0.0 0.0
30 33227 0.0 0.0
31 33412 0.0 0.0
32 33848 0.0 0.0
33 34275 0.0 0.0
34 34537 0.0 0.0
35 34902 0.0 0.0
36 35199 0.0 0.0
37 35819 0.0 0.0
38 36144 0.0 0.0
39 36498 0.0 0.0
40 37289 0.0 0.0
41 38557 0.0 0.0
42 38742 0.0 0.0
43 39383 0.0 0.0
44 39821 0.0 0.0
45 40143 0.0 0.0
46 40586 0.0 0.0
47 41380 0.0 0.0
48 41815 0.0 0.0
49 42425 0.0 0.0
50 42801 0.0 0.0
51 43127 0.0 0.0
52 43615 0.0 0.0
53 44129 0.0 0.0
54 44518 0.0 0.0
55 44717 0.0 0.0
56 45206 0.0 0.0
57 45552 0.0 0.0
58 46019 0.0 0.0
59 46284 0.0 0.0
60 46695 0.0 0.0
61 47538 0.0 0.0
62 48162 0.0 0.0
63 48410 0.0 0.0
64 48668 0.0 0.0
65 49039 0.0 0.0
66 49604 0.0 0.0
67 49917 0.0 0.0
68 50563 0.0 0.0
69 51349 0.0 0.0
70 51794 0.0 0.0
71 52473 0.0 0.0
72 52732 0.0 0.0
73 53146 0.0 0.0
74 53610 0.0 0.0
75 53868 0.0 0.0
76 54204 0.0 0.0
77 54592 0.0 0.0
78 54913 0.0 0.0
79 55159 0.0 0.0
80 55517 0.0 0.0
81 55956 0.0 0.0
82 56262 0.0 0.0
83 56709 0.0 0.0
84 56936 0.0 0.0
85 57158 0.0 0.0
86 57584 0.0 0.0
87 57767 0.0 0.0
88 58260 0.0 0.0
89 58475 0.0 0.0
90 58942 0.0 0.0
91 59477 0.0 0.0
92 59921 0.0 0.0
93 60271 0.0 0.0
94 60738 0.0 0.0
95 61308 0.0 0.0
96 61745 0.0 0.0
97 61999 0.0 0.0
98 62314 0.0 0.0
99 62658 0.0 0.0
100 62810 0.0 0.0
101 63119 0.0 0.0
102 63596 0.0 0.0
103 63923 0.0 0.0
104 64748 0.0 0.0
105 65052 0.0 0.0
106 65448 0.0 0.0
107 65779 0.0 0.0
108 65970 0.0 0.0
109 66284 0.0 0.0
110 66694 0.0 0.0
111 67052 0.0 0.0
112 67619 0.0 0.0
113 67945 0.0 0.0
114 68291 0.0 0.0
115 68695 0.0 0.0
116 68966 0.0 0.0
117 69332 0.0 0.0
118 69517 0.0 0.0
119 70101 0.0 0.0
120 70818 0.0 0.0
121 71219 0.0 0.0
122 71446 0.0 0.0
123 71968 0.0 0.0
124 72702 0.0 0.0
125 72884 0.0 0.0
126 73103 0.0 0.0
127 73308 0.0 0.0
128 73785 0.0 0.0
129 74634 0.0 0.0
130 75379 0.0 0.0
131 75696 0.0 0.0
132 76153 0.0 0.0
133 76573 0.0 0.0
134 77165 0.0 0.0
135 77713 0.0 0.0
136 78045 0.0 0.0
137 78500 0.0 0.0
138 78813 0.0 0.0
139 79447 0.0 0.0
140 79805 0.0 0.0
141 80231 0.0 0.0
142 80705 0.0 0.0
143 80978 0.0 0.0
144 81300 0.0 0.0
145 81612 0.0 0.0
146 82030 0.0 0.0
147 82369 0.0 0.0
148 82657 0.0 0.0
149 82873 0.0 0.0
150 83127 0.0 0.0
151 83359 0.0 0.0
152 83990 0.0 0.0
153 84285 0.0 0.0
154 84690 0.0 0.0
155 85093 0.0 0.0
156 85505 0.0 0.0
157 85882 0.0 0.0
158 86965 0.0 0.0
159 87419 0.0 0.0
160 87645 0.0 0.0
161 87914 0.0 0.0
162 88208 0.0 0.0
163 88606 0.0 0.0
164 89194 0.0 0.0
165 89724 0.0 0.0
166 90039 0.0 0.0
167 90387 0.0 0.0
168 90737 0.0 0.0
169 91021 0.0 0.0
170 91622 0.0 0.0
171 92175 0.0 0.0
172 92368 0.0 0.0
173 92757 0.0 0.0
174 93102 0.0 0.0
175 93447 0.0 0.0
176 93741 0.0 0.0
177 94359 0.0 0.0
178 94860 0.0 0.0
179 95098 0.0 0.0
180 95567 0.0 0.0
181 95843 0.0 0.0
182 96633 0.0 0.0
183 96854 0.0 0.0
184 97173 0.0 0.0
185 97459 0.0 0.0
186 97879 0.0 0.0
187 98342 0.0 0.0
188 98721 0.0 0.0
189 99214 0.0 0.0
190 99533 0.0 0.0
191 99897 0.0 0.0
192 100190 0.0 0.0
193 100531 0.0 0.0
194 100965 0.0 0.0
195 101133 0.0 0.0
196 101601 0.0 0.0
197 101936 0.0 0.0
198 102487 0.0 0.0
199 102770 0.0 0.0
200 103062 0.0 0.0
201 103284 0.0 0.0
202 103609 0.0 0.0
203 103881 0.0 0.0
204 104346 0.0 0.0
205 104728 0.0 0.0
206 105875 0.0 0.0
207 106108 0.0 0.0
208 106461 0.0 0.0
209 106731 0.0 0.0
210 107001 0.0 0.0
211 107166 0.0 0.0
212 107922 0.0 0.0
213 108445 0.0 0.0
214 108852 0.0 0.0
215 109128 0.0 0.0
216 109482 0.0 0.0
217 109787 0.0 0.0
218 111210 100.0 1.0
219 111344 0.0 1.0
220 118027 100.0 2.0
221 118633 0.0 2.0
222 126609 0.0 2.0
223 127202 0.0 2.0
224 127403 0.0 2.0
225 127679 0.0 2.0
226 128270 0.0 2.0
227 128551 0.0 2.0
228 128697 0.0 2.0
229 129234 0.0 2.0
230 129481 0.0 2.0
231 129632 0.0 2.0
232 129871 0.0 2.0
233 130949 0.0 2.0
234 131247 0.0 2.0
235 131622 0.0 2.0
236 131789 0.0 2.0
237 131921 0.0 2.0
238 132143 0.0 2.0
239 133921 100.0 3.0
240 134158 0.0 3.0
241 134511 0.0 3.0
242 134750 0.0 3.0
243 135190 0.0 3.0
244 135550 0.0 3.0
245 135787 0.0 3.0
246 135969 0.0 3.0
247 136202 0.0 3.0
248 136542 0.0 3.0
249 136751 0.0 3.0
250 137407 100.0 4.0
251 137595 0.0 4.0
252 137899 0.0 4.0
253 138445 100.0 5.0
254 138587 0.0 5.0
255 138795 0.0 5.0
256 139104 0.0 5.0
257 139249 0.0 5.0
258 139474 0.0 5.0
259 139683 0.0 5.0
260 139820 0.0 5.0
261 140047 0.0 5.0
262 140296 0.0 5.0
263 140500 0.0 5.0
264 140642 0.0 5.0
265 141114 0.0 5.0
266 141358 0.0 5.0
267 141564 0.0 5.0
268 141858 0.0 5.0
269 142055 0.0 5.0
270 142242 0.0 5.0
271 142432 0.0 5.0
272 142669 0.0 5.0
273 142843 0.0 5.0
274 142981 0.0 5.0
275 143240 0.0 5.0
276 143571 0.0 5.0
277 143761 0.0 5.0
278 144004 0.0 5.0
279 144154 0.0 5.0
280 144368 0.0 5.0
281 144775 0.0 5.0
282 144931 0.0 5.0
283 145255 0.0 5.0
284 145426 0.0 5.0
285 145683 0.0 5.0
286 145950 0.0 5.0
287 146100 0.0 5.0
288 146258 0.0 5.0
289 146614 0.0 5.0
290 146893 0.0 5.0
291 147101 0.0 5.0
292 147520 100.0 6.0
293 147718 0.0 6.0
294 147847 0.0 6.0
295 147994 0.0 6.0
296 148205 0.0 6.0
297 148445 0.0 6.0
298 148703 0.0 6.0
299 148866 0.0 6.0
300 149066 0.0 6.0
301 149302 0.0 6.0
302 149519 0.0 6.0
303 149743 0.0 6.0
304 149938 0.0 6.0
305 150166 0.0 6.0
306 150319 0.0 6.0
307 150475 0.0 6.0
308 150651 0.0 6.0
309 150781 0.0 6.0
310 151025 0.0 6.0
311 151191 0.0 6.0
312 151337 0.0 6.0
313 151539 0.0 6.0
314 151790 0.0 6.0
315 151930 0.0 6.0
316 152065 0.0 6.0
317 152240 0.0 6.0
318 152410 0.0 5.0
319 152561 0.0 5.0
320 152726 0.0 4.0
321 153035 0.0 4.0
322 153288 0.0 4.0
323 153494 0.0 4.0
324 153942 100.0 5.0
325 154222 0.0 5.0
326 154461 0.0 5.0
327 154676 0.0 5.0
328 154828 0.0 5.0
329 155281 100.0 6.0
330 155528 0.0 6.0
331 155861 0.0 6.0
332 156014 0.0 6.0
333 156208 0.0 6.0
334 156438 0.0 6.0
335 156721 100.0 7.0
336 156904 0.0 7.0
337 157102 0.0 7.0
338 157238 0.0 7.0
339 157466 0.0 6.0
340 157667 0.0 6.0
341 157945 0.0 6.0
342 158086 0.0 6.0
343 158389 0.0 6.0
344 158683 100.0 7.0
345 158867 0.0 7.0
346 159294 100.0 8.0
347 159471 0.0 8.0
348 159660 0.0 8.0
349 159794 0.0 8.0
350 159960 0.0 7.0
351 160109 0.0 7.0
352 160247 0.0 7.0
353 160403 0.0 6.0
354 160552 0.0 6.0
355 160991 100.0 7.0
356 161205 0.0 7.0
357 161545 100.0 8.0
358 161727 0.0 8.0
359 161914 0.0 8.0
360 162106 0.0 8.0
361 162311 0.0 8.0
362 162531 0.0 8.0
363 162741 0.0 8.0
364 163133 0.0 8.0
365 163528 0.0 8.0
366 163736 0.0 8.0
367 163962 0.0 8.0
368 164111 0.0 8.0
369 164392 100.0 9.0
370 164578 0.0 9.0
371 164843 0.0 9.0
372 165008 0.0 9.0
373 165339 0.0 9.0
374 165490 0.0 9.0
375 165632 0.0 9.0
376 166057 100.0 10.0
377 166346 0.0 10.0
378 166551 0.0 10.0
379 166693 0.0 10.0
380 166932 0.0 10.0
381 167198 0.0 10.0
382 167415 0.0 10.0
383 167640 0.0 10.0
384 167770 0.0 10.0
385 167899 0.0 10.0
386 168123 0.0 10.0
387 168364 0.0 10.0
388 168592 0.0 10.0
389 168734 0.0 10.0
390 168937 0.0 10.0
391 169092 0.0 10.0
392 169271 0.0 9.0
393 169459 0.0 9.0
394 169701 0.0 9.0
395 169897 0.0 9.0
396 170086 0.0 9.0
397 170412 100.0 10.0
398 170578 0.0 10.0
399 170765 0.0 10.0
400 170889 100.0 11.0
401 171425 100.0 12.0
402 171549 100.0 13.0
403 171751 0.0 13.0
404 171979 100.0 14.0
405 172210 0.0 14.0
406 172427 0.0 14.0
407 172756 100.0 15.0
408 172917 0.0 15.0
409 173081 0.0 15.0
410 173377 100.0 16.0
411 173513 0.0 16.0
412 173691 0.0 16.0
413 173922 0.0 16.0
414 174068 0.0 16.0
415 174244 0.0 16.0
416 174506 0.0 16.0
417 174672 0.0 16.0
418 174922 0.0 16.0
419 175117 0.0 16.0
420 175354 0.0 16.0
421 175544 0.0 16.0
422 175717 0.0 16.0
423 175856 0.0 16.0
424 176066 0.0 15.0
425 176260 0.0 15.0
426 176471 0.0 15.0
427 176666 0.0 15.0
428 176860 100.0 16.0
429 177020 0.0 15.0
430 177167 0.0 15.0
431 177323 100.0 16.0
432 177584 100.0 17.0
433 177816 0.0 17.0
434 178040 100.0 18.0
435 178192 100.0 18.0
436 178384 0.0 18.0
437 178528 0.0 18.0
438 178760 0.0 18.0
439 178934 0.0 18.0
440 179106 0.0 18.0
441 179315 0.0 18.0
442 179458 0.0 18.0
443 179686 100.0 19.0
444 179905 100.0 19.0
445 180040 0.0 19.0
446 180147 100.0 19.0
447 180297 100.0 20.0
448 180438 0.0 20.0
449 180624 0.0 20.0
450 180778 0.0 20.0
451 181053 100.0 21.0
452 181218 0.0 21.0
453 181472 100.0 22.0
454 181621 100.0 23.0
455 181775 0.0 22.0
456 182029 100.0 23.0
457 182208 0.0 22.0
458 182325 100.0 23.0
459 182491 0.0 23.0
460 182748 100.0 24.0
461 182957 100.0 25.0
462 183114 0.0 25.0
463 183432 100.0 26.0
464 183613 0.0 26.0
465 183820 0.0 26.0
466 184000 0.0 26.0
467 184236 100.0 27.0
468 184424 0.0 27.0
469 184692 0.0 26.0
470 184946 0.0 26.0
471 185128 0.0 26.0
472 185464 100.0 27.0
473 185641 0.0 27.0
474 185819 0.0 27.0
475 185980 0.0 27.0
476 186178 0.0 26.0
477 186308 0.0 26.0
478 186451 0.0 26.0
479 186692 0.0 26.0
480 186893 0.0 26.0
481 187106 0.0 26.0
482 187313 100.0 27.0
483 187508 0.0 27.0
484 187609 100.0 28.0
485 187865 100.0 29.0
486 188064 0.0 29.0
487 188164 100.0 30.0
488 188310 0.0 30.0
489 188676 100.0 31.0
490 188849 0.0 31.0
491 189037 0.0 31.0
492 189246 0.0 31.0
493 189386 0.0 31.0
494 189629 0.0 31.0
495 189968 100.0 32.0
496 190280 100.0 33.0
497 190565 100.0 33.0
498 190826 100.0 34.0
499 191140 100.0 35.0
500 191362 0.0 34.0
501 191500 0.0 33.0
502 191797 0.0 32.0
503 191982 0.0 32.0
504 192160 0.0 31.0
505 192302 0.0 31.0
506 192508 0.0 31.0
507 192706 0.0 30.0
508 192846 0.0 30.0
509 193048 0.0 30.0
510 193323 100.0 30.0
511 193485 0.0 30.0
512 193674 0.0 30.0
513 193850 0.0 30.0
514 194116 0.0 30.0
515 194361 100.0 31.0
516 194521 0.0 31.0
517 194725 0.0 31.0
518 194873 0.0 31.0
519 195050 0.0 31.0
520 195262 100.0 32.0
521 195406 0.0 32.0
522 195549 0.0 32.0
523 195719 0.0 32.0
524 195916 100.0 33.0
525 196358 100.0 34.0
526 196559 0.0 34.0
527 196690 0.0 34.0
528 196875 0.0 33.0
529 197053 0.0 33.0
530 197217 0.0 33.0
531 197467 0.0 32.0
532 197744 100.0 32.0
533 197965 100.0 33.0
534 198185 100.0 33.0
535 198404 100.0 33.0
536 198636 100.0 34.0
537 198931 100.0 35.0
538 199120 0.0 35.0
539 199335 0.0 35.0
540 199478 0.0 35.0
541 199617 0.0 35.0
542 199892 0.0 35.0
543 200072 0.0 34.0
544 200321 0.0 33.0
545 200653 100.0 34.0
546 200801 0.0 33.0
547 200985 0.0 32.0
548 201314 100.0 33.0
549 201716 100.0 34.0
550 201951 100.0 35.0
551 202269 0.0 34.0
552 202428 100.0 35.0
553 202738 100.0 35.0
554 202906 0.0 34.0
555 203098 0.0 34.0
556 203273 100.0 34.0
557 203449 0.0 34.0
558 203692 0.0 33.0
559 203893 0.0 33.0
560 204172 100.0 33.0
561 204328 0.0 32.0
562 204492 0.0 32.0
563 204686 0.0 31.0
564 204867 0.0 31.0
565 205136 100.0 32.0
566 205506 100.0 33.0
567 205742 100.0 33.0
568 206041 100.0 34.0
569 206312 100.0 35.0
570 206453 0.0 35.0
571 206633 100.0 36.0
572 206845 100.0 36.0
573 207038 0.0 36.0
574 207242 100.0 37.0
575 207440 0.0 37.0
576 207610 0.0 37.0
577 207770 0.0 37.0
578 207991 100.0 38.0
579 208174 0.0 38.0
580 208370 100.0 39.0
581 208498 0.0 39.0
582 208663 0.0 38.0
583 208841 0.0 38.0
584 209019 0.0 37.0
585 209254 0.0 36.0
586 209383 0.0 36.0
587 209525 0.0 35.0
588 209740 100.0 36.0
589 209976 100.0 36.0
590 210126 0.0 36.0
591 210424 100.0 37.0
592 210581 0.0 37.0
593 210750 0.0 37.0
594 210927 0.0 37.0
595 211239 100.0 37.0
596 211453 100.0 37.0
597 211689 0.0 36.0
598 211943 100.0 36.0
599 212100 0.0 35.0
600 212370 100.0 36.0
601 212618 0.0 36.0
602 212787 0.0 36.0
603 212968 0.0 36.0
604 213190 100.0 37.0
605 213401 0.0 37.0
606 213643 100.0 38.0
607 213870 0.0 38.0
608 214030 0.0 38.0
609 214250 100.0 39.0
610 214512 100.0 39.0
611 214712 0.0 39.0
612 215030 100.0 40.0
613 215220 0.0 40.0
614 215414 100.0 41.0
615 215638 0.0 40.0
616 215898 100.0 41.0
617 216042 0.0 41.0
618 216346 100.0 42.0
619 216497 0.0 42.0
620 216669 100.0 42.0
621 216950 100.0 43.0
622 217150 100.0 44.0
623 217301 0.0 44.0
624 217450 0.0 43.0
625 217743 100.0 43.0
626 217869 0.0 43.0
627 218073 100.0 44.0
628 218253 0.0 44.0
629 218466 100.0 45.0
630 218728 0.0 45.0
631 218922 100.0 46.0
632 219141 0.0 45.0
633 219419 100.0 45.0
634 219574 0.0 44.0
635 219719 0.0 43.0
636 219917 0.0 42.0
637 220065 100.0 42.0
638 220255 0.0 42.0
639 220494 100.0 43.0
640 220648 100.0 44.0
641 220804 0.0 44.0
642 221028 100.0 45.0
643 221265 100.0 46.0
644 221364 100.0 47.0
645 221550 100.0 47.0
646 221695 0.0 47.0
647 221855 0.0 47.0
648 222081 0.0 46.0
649 222253 0.0 45.0
650 222464 0.0 44.0
651 222678 0.0 44.0
652 222815 100.0 44.0
653 222939 100.0 44.0
654 223082 0.0 44.0
655 223327 100.0 45.0
656 223470 0.0 44.0
657 223679 100.0 45.0
658 223896 100.0 46.0
659 224110 100.0 47.0
660 224313 0.0 46.0
661 224453 0.0 46.0
662 224630 0.0 46.0
663 224856 100.0 47.0
664 225119 100.0 48.0
665 225441 0.0 47.0
666 225660 100.0 47.0
667 225883 100.0 47.0
668 226105 0.0 46.0
669 226375 0.0 45.0
670 226580 0.0 45.0
671 226771 100.0 45.0
672 226946 0.0 44.0
673 227117 100.0 45.0
674 227314 0.0 44.0
675 227572 100.0 45.0
676 227699 0.0 45.0
677 227983 100.0 46.0
678 228198 0.0 45.0
679 228565 100.0 46.0
680 228703 100.0 46.0
681 228886 0.0 46.0
682 229099 100.0 47.0
683 229378 100.0 48.0
684 229509 0.0 48.0
685 229766 100.0 49.0
686 229879 100.0 50.0
687 230160 100.0 51.0
688 230431 100.0 51.0
689 230554 100.0 51.0
690 230731 0.0 51.0
691 230871 0.0 50.0
692 231071 100.0 51.0
693 231245 0.0 51.0
694 231450 0.0 51.0
695 231681 100.0 51.0
696 231846 0.0 50.0
697 232021 100.0 51.0
698 232250 100.0 51.0
699 232482 100.0 52.0
700 232677 0.0 51.0
701 232948 100.0 52.0
702 233160 0.0 52.0
703 233268 100.0 53.0
704 233445 100.0 53.0
705 233683 0.0 53.0
706 233879 0.0 52.0
707 234098 0.0 52.0
708 234272 0.0 52.0
709 234399 0.0 51.0
710 234556 100.0 51.0
711 234737 100.0 52.0
712 234994 100.0 52.0
713 235215 100.0 53.0
714 235461 0.0 52.0
715 235664 0.0 52.0
716 235929 100.0 52.0
717 236141 100.0 53.0
718 236378 0.0 52.0
719 236635 100.0 53.0
720 236882 100.0 53.0
721 237038 0.0 52.0
722 237178 0.0 51.0
723 237415 0.0 51.0
724 237614 0.0 51.0
725 237972 0.0 50.0
726 238193 0.0 50.0
727 238402 0.0 49.0
728 238588 0.0 49.0
729 238817 0.0 48.0
730 239025 0.0 48.0
731 239266 0.0 47.0
732 239421 0.0 47.0
733 239657 0.0 46.0
734 239852 0.0 46.0
735 240061 0.0 46.0
736 240223 0.0 46.0
737 240513 0.0 45.0
738 240670 0.0 45.0
739 240888 0.0 44.0
740 241055 0.0 43.0
741 241279 0.0 43.0
742 241443 0.0 42.0
743 241643 0.0 41.0
744 241888 0.0 40.0
745 242069 0.0 39.0
746 242324 0.0 39.0
747 242554 0.0 39.0
748 242754 0.0 39.0
749 242974 0.0 39.0
750 243314 0.0 39.0
751 243536 0.0 39.0
752 243769 0.0 38.0
753 243928 0.0 37.0
754 244097 0.0 37.0
755 244249 0.0 36.0
756 244466 0.0 36.0
757 244655 0.0 35.0
758 244905 0.0 34.0
759 245079 0.0 33.0
760 245276 0.0 33.0
761 245463 0.0 33.0
762 245678 0.0 33.0
763 245891 0.0 32.0
764 246123 0.0 31.0
765 246319 0.0 31.0
766 246510 0.0 30.0
767 246711 0.0 29.0
768 246982 0.0 29.0
769 247144 0.0 29.0
770 247303 0.0 29.0
771 247479 0.0 28.0
772 247672 0.0 28.0
773 247919 0.0 27.0
774 248060 0.0 27.0
775 248209 0.0 26.0
776 248417 0.0 26.0
777 248590 0.0 25.0
778 248722 0.0 25.0
779 248926 0.0 24.0
780 249098 0.0 23.0
781 249327 0.0 23.0
782 249539 0.0 22.0
783 249710 0.0 21.0
784 249868 0.0 21.0
785 250118 0.0 20.0
786 250275 0.0 19.0
787 250454 0.0 18.0
788 250599 0.0 17.0
789 250752 0.0 16.0
790 250945 0.0 16.0
791 251144 0.0 16.0
792 251488 0.0 15.0
793 251659 100.0 16.0
794 251793 0.0 16.0
795 252020 0.0 15.0
796 252212 0.0 15.0
797 252410 0.0 14.0
798 252626 0.0 13.0
799 252888 0.0 12.0
800 253102 0.0 12.0
801 253316 0.0 11.0
802 253530 0.0 11.0
803 253730 0.0 10.0
804 253990 100.0 10.0
805 254140 0.0 10.0
806 254368 0.0 10.0
807 254524 0.0 10.0
808 254660 0.0 10.0
809 254895 0.0 10.0
810 255065 0.0 9.0
811 255200 0.0 8.0
812 255356 100.0 8.0
813 255486 0.0 7.0
814 255636 0.0 7.0
815 255766 0.0 7.0
816 255980 0.0 6.0
817 256126 0.0 5.0
818 256326 0.0 5.0
819 256463 0.0 4.0
820 256652 0.0 3.0
821 256856 0.0 3.0
822 257044 0.0 3.0
823 257209 0.0 3.0
824 257360 0.0 3.0
825 257659 0.0 3.0
826 257833 0.0 3.0
827 258099 0.0 3.0
828 258389 0.0 3.0
829 258773 0.0 3.0
830 258928 0.0 3.0
831 259090 0.0 3.0
832 259223 0.0 3.0
833 259401 0.0 3.0
834 259654 0.0 3.0
835 259942 0.0 3.0
836 260163 0.0 3.0
837 260317 0.0 3.0
838 260454 0.0 3.0
839 260665 100.0 4.0
840 260870 0.0 4.0
841 261009 0.0 4.0
842 261348 100.0 5.0
843 261527 0.0 5.0
844 261781 0.0 5.0
845 261951 0.0 5.0
846 262104 0.0 5.0
847 262284 0.0 5.0
848 262509 0.0 5.0
849 262835 100.0 6.0
850 263023 0.0 6.0
851 263284 0.0 6.0
852 263497 100.0 7.0
853 263593 100.0 8.0
854 263773 0.0 8.0
855 263999 0.0 8.0
856 264203 100.0 9.0
857 264406 100.0 10.0
858 264525 100.0 11.0
859 264704 0.0 11.0
860 264946 0.0 11.0
861 265239 0.0 11.0
862 265423 0.0 11.0
863 265647 0.0 11.0
864 265830 0.0 11.0
865 265978 0.0 11.0
866 266161 0.0 11.0
867 266351 0.0 11.0
868 266556 100.0 12.0
869 266748 0.0 12.0
870 267040 100.0 13.0
871 267209 0.0 13.0
872 267430 0.0 13.0
873 267694 0.0 13.0
874 268018 0.0 13.0
875 268249 0.0 13.0
876 268352 100.0 14.0
877 268514 100.0 15.0
878 268807 0.0 15.0
879 268964 0.0 15.0
880 269189 0.0 15.0
881 269418 0.0 15.0
882 269716 100.0 16.0
883 270018 100.0 17.0
884 270171 0.0 17.0
885 270417 0.0 17.0
886 270588 0.0 17.0
887 270897 0.0 17.0
888 271064 100.0 18.0
889 271230 0.0 18.0
890 271425 0.0 18.0
891 271710 0.0 18.0
892 271911 0.0 18.0
893 272189 0.0 17.0
894 272400 0.0 17.0
895 272574 0.0 17.0
896 272944 0.0 17.0
897 273123 0.0 17.0
898 273298 0.0 17.0
899 273622 0.0 17.0
900 273807 0.0 17.0
901 274075 100.0 18.0
902 274305 0.0 18.0
903 274453 0.0 18.0
904 274792 0.0 17.0
905 275051 0.0 17.0
906 275260 0.0 17.0
907 275702 0.0 17.0
908 275839 0.0 17.0
909 276017 0.0 17.0
910 276214 0.0 17.0
911 276456 0.0 17.0
912 276602 0.0 16.0
913 276895 0.0 16.0
914 277219 0.0 16.0
915 277491 100.0 17.0
916 277963 100.0 18.0
917 278133 0.0 18.0
918 278384 0.0 18.0
919 278618 0.0 18.0
920 278786 0.0 18.0
921 279016 0.0 18.0
922 279338 0.0 18.0
923 279523 0.0 18.0
924 279655 0.0 18.0
925 279850 0.0 18.0
926 280007 0.0 18.0
927 280137 0.0 18.0
928 280471 0.0 18.0
929 280663 0.0 18.0
930 280832 0.0 18.0
931 281030 0.0 18.0
932 281129 100.0 19.0
933 281273 0.0 19.0
934 281572 100.0 20.0
935 281880 0.0 20.0
936 282097 0.0 20.0
937 282289 0.0 20.0
938 282519 0.0 20.0
939 282758 0.0 19.0
940 283017 0.0 19.0
941 283214 0.0 19.0
942 283424 0.0 18.0
943 283804 100.0 19.0
944 284153 0.0 19.0
945 284344 0.0 19.0
946 284660 0.0 19.0
947 285026 0.0 19.0
948 285329 0.0 19.0
949 285655 100.0 19.0
950 285858 0.0 19.0
951 286236 100.0 20.0
952 286637 0.0 19.0
953 286798 100.0 19.0
954 287014 0.0 19.0
955 287332 0.0 19.0
956 287529 100.0 19.0
957 287696 0.0 18.0
958 287856 0.0 17.0
959 287998 100.0 18.0
960 288203 0.0 18.0
961 288701 0.0 18.0
962 288986 0.0 18.0
963 289538 100.0 19.0
964 289674 100.0 20.0
965 289952 0.0 20.0
966 290159 0.0 20.0
967 290336 0.0 20.0
968 290501 0.0 19.0
969 290802 0.0 19.0
970 291066 0.0 18.0
971 291298 0.0 18.0
972 291433 0.0 18.0
973 291636 0.0 18.0
974 291847 0.0 18.0
975 292080 100.0 19.0
976 292253 0.0 18.0
977 292499 100.0 18.0
978 292790 0.0 18.0
979 292971 100.0 19.0
980 293330 0.0 19.0
981 293486 100.0 20.0
982 293797 100.0 20.0
983 294105 0.0 19.0
984 294487 100.0 20.0
985 294694 100.0 21.0
986 294931 0.0 21.0
987 295482 0.0 21.0
988 295741 0.0 20.0
989 295905 0.0 20.0
990 296055 100.0 21.0
991 296204 0.0 21.0
992 296596 100.0 22.0
993 296859 0.0 22.0
994 296997 0.0 22.0
995 297225 0.0 22.0
996 297473 100.0 23.0
997 297910 100.0 24.0
998 298090 0.0 24.0
999 298560 100.0 25.0
1000 298950 100.0 26.0
1001 299474 0.0 25.0
1002 299670 0.0 25.0
1003 299981 100.0 26.0
1004 300109 0.0 26.0
1005 300294 0.0 26.0
1006 300437 0.0 26.0
1007 300758 100.0 27.0
1008 300988 0.0 27.0
1009 301321 100.0 28.0
1010 301543 100.0 29.0
1011 301894 100.0 30.0
1012 302170 0.0 30.0
1013 302378 0.0 30.0
1014 302606 100.0 31.0
1015 302960 100.0 31.0
1016 303184 100.0 31.0
1017 303409 100.0 32.0
1018 303640 0.0 32.0
1019 303924 100.0 33.0
1020 304086 0.0 33.0
1021 304361 100.0 34.0
1022 304676 100.0 35.0
1023 304904 100.0 36.0
1024 305351 0.0 36.0
1025 305724 0.0 36.0
1026 306240 100.0 37.0
1027 306381 100.0 38.0
1028 306658 0.0 38.0
1029 306819 0.0 38.0
1030 306947 0.0 38.0
1031 307212 100.0 39.0
1032 307457 100.0 39.0
1033 307602 0.0 39.0
1034 307746 0.0 38.0
1035 307998 0.0 38.0
1036 308173 0.0 38.0
1037 308561 100.0 39.0
1038 308737 0.0 39.0
1039 308920 0.0 39.0
1040 309088 100.0 40.0
1041 309504 100.0 41.0
1042 309762 0.0 41.0
1043 310193 100.0 41.0
1044 310512 100.0 42.0
1045 310700 0.0 42.0
1046 310956 0.0 42.0
1047 311108 0.0 42.0
1048 311373 100.0 43.0
1049 311730 100.0 43.0
1050 312020 0.0 43.0
1051 312221 0.0 42.0
1052 312587 100.0 43.0
1053 312879 100.0 43.0
1054 313049 0.0 43.0
1055 313143 100.0 44.0
1056 313453 100.0 44.0
1057 313622 0.0 44.0
1058 313823 100.0 45.0
1059 313973 0.0 44.0
1060 314150 0.0 44.0
1061 314318 0.0 44.0
1062 314567 100.0 45.0
1063 314772 100.0 45.0
1064 315060 100.0 45.0
1065 315249 0.0 45.0
1066 315445 0.0 45.0
1067 315823 100.0 46.0
1068 316129 100.0 47.0
1069 316370 0.0 47.0
1070 316581 100.0 48.0
1071 316849 100.0 49.0
1072 317075 0.0 49.0
1073 317257 0.0 49.0
1074 317482 0.0 49.0
1075 317712 100.0 49.0
1076 317855 0.0 49.0
1077 318013 0.0 48.0
1078 318497 0.0 48.0
1079 318710 0.0 47.0
1080 318997 100.0 48.0
1081 319195 0.0 47.0
1082 319354 0.0 46.0
1083 319669 100.0 47.0
1084 319914 100.0 47.0
1085 320225 100.0 47.0
1086 320587 100.0 48.0
1087 320900 100.0 49.0
1088 321082 0.0 49.0
1089 321252 0.0 49.0
1090 321482 100.0 49.0
1091 321664 0.0 49.0
1092 321807 0.0 48.0
1093 321983 0.0 48.0
1094 322344 0.0 48.0
1095 322502 0.0 48.0
1096 322846 100.0 48.0
1097 322947 100.0 48.0
1098 323247 100.0 49.0
1099 323389 100.0 49.0
1100 323873 100.0 49.0
1101 323999 0.0 49.0
1102 324260 100.0 50.0
1103 324596 100.0 50.0
1104 324782 0.0 50.0
1105 325009 100.0 51.0
1106 325223 0.0 51.0
1107 325455 100.0 51.0
1108 325614 100.0 52.0
1109 325775 0.0 51.0
1110 325999 100.0 51.0
1111 326185 0.0 50.0
1112 326465 100.0 51.0
1113 326651 0.0 51.0
1114 326907 100.0 51.0
1115 327124 100.0 51.0
1116 327311 100.0 51.0
1117 327451 100.0 51.0
1118 327993 100.0 52.0
1119 328165 0.0 51.0
1120 328339 0.0 51.0
1121 328482 0.0 50.0
1122 328869 100.0 50.0
1123 329073 0.0 49.0
1124 329372 100.0 50.0
1125 329781 100.0 51.0
1126 330040 0.0 50.0
1127 330310 0.0 49.0
1128 330519 100.0 50.0
1129 330772 100.0 51.0
1130 331059 0.0 51.0
1131 331189 100.0 51.0
1132 331399 0.0 50.0
1133 331659 100.0 51.0
1134 331959 100.0 52.0
1135 332237 100.0 53.0
1136 332374 0.0 53.0
1137 332691 100.0 53.0
1138 332936 100.0 54.0
1139 333215 0.0 54.0
1140 333434 0.0 53.0
1141 333642 0.0 52.0
1142 333913 100.0 53.0
1143 334085 0.0 52.0
1144 334392 100.0 52.0
1145 334697 100.0 53.0
1146 334944 100.0 54.0
1147 335118 100.0 55.0
1148 335286 0.0 54.0
1149 335535 100.0 54.0
1150 335746 0.0 54.0
1151 335950 0.0 54.0
1152 336153 0.0 53.0
1153 336242 100.0 53.0
1154 336419 100.0 54.0
1155 336690 100.0 54.0
1156 336904 0.0 53.0
1157 337047 100.0 54.0
1158 337298 100.0 54.0
1159 337493 0.0 54.0
1160 337815 100.0 55.0
1161 338036 100.0 56.0
1162 338321 100.0 56.0
1163 338389 100.0 56.0
1164 338577 0.0 55.0
1165 338738 100.0 56.0
1166 339005 100.0 57.0
1167 339392 100.0 57.0
1168 339632 0.0 56.0
1169 339774 0.0 56.0
1170 340020 100.0 56.0
1171 340243 100.0 56.0
1172 340452 0.0 56.0
1173 340666 0.0 56.0
1174 340859 0.0 56.0
1175 341114 0.0 55.0
1176 341252 0.0 55.0
1177 341591 100.0 56.0
1178 341896 100.0 57.0
1179 342097 100.0 58.0
1180 342234 0.0 57.0
1181 342502 100.0 58.0
1182 342712 0.0 58.0
1183 342967 0.0 57.0
1184 343183 0.0 56.0
1185 343559 100.0 56.0
1186 343783 0.0 55.0
1187 344109 100.0 55.0
1188 344400 100.0 56.0
1189 344609 100.0 57.0
1190 344896 100.0 57.0
1191 345080 0.0 57.0
1192 345279 0.0 57.0
1193 345425 0.0 57.0
1194 345629 100.0 58.0
1195 345759 0.0 58.0
1196 346065 100.0 58.0
1197 346261 0.0 57.0
1198 346531 0.0 56.0
1199 346670 0.0 55.0
1200 346903 100.0 55.0
1201 347167 100.0 56.0
1202 347412 100.0 56.0
1203 347579 100.0 56.0
1204 347829 100.0 57.0
1205 347978 0.0 56.0
1206 348242 100.0 57.0
1207 348542 100.0 57.0
1208 348728 100.0 57.0
1209 348949 100.0 58.0
1210 349162 100.0 58.0
1211 349308 0.0 58.0
1212 349544 100.0 58.0
1213 349748 0.0 58.0
1214 349968 100.0 58.0
1215 350175 100.0 58.0
1216 350325 100.0 58.0
1217 350511 100.0 58.0
1218 350743 100.0 58.0
1219 350942 100.0 59.0
1220 351239 100.0 60.0
1221 351437 100.0 61.0
1222 351583 100.0 61.0
1223 351668 100.0 62.0
1224 351947 100.0 62.0
1225 352159 100.0 62.0
1226 352397 0.0 62.0
1227 352718 100.0 63.0
1228 352859 0.0 62.0
1229 353055 100.0 62.0
1230 353285 0.0 62.0
1231 353502 100.0 62.0
1232 353597 100.0 63.0
1233 353857 100.0 63.0
1234 354076 0.0 62.0
1235 354236 100.0 62.0
1236 354447 100.0 63.0
1237 354619 100.0 63.0
1238 354763 0.0 62.0
1239 354922 100.0 63.0
1240 355143 100.0 64.0
1241 355396 100.0 65.0
1242 355528 100.0 65.0
1243 355876 100.0 66.0
1244 356061 100.0 66.0
1245 356358 100.0 66.0
1246 356653 0.0 65.0
1247 356912 0.0 64.0
1248 357199 100.0 65.0
1249 357424 100.0 65.0
1250 357552 0.0 65.0
1251 357732 0.0 65.0
1252 357932 100.0 66.0
1253 358149 100.0 66.0
1254 358285 0.0 65.0
1255 358413 0.0 64.0
1256 358721 100.0 65.0
1257 358864 0.0 64.0
1258 359051 100.0 64.0
1259 359339 100.0 65.0
1260 359646 100.0 65.0
1261 359779 100.0 65.0
1262 359941 100.0 65.0
1263 360109 100.0 65.0
1264 360268 0.0 65.0
1265 360444 100.0 65.0
1266 360567 100.0 65.0
1267 361018 0.0 64.0
1268 361184 0.0 64.0
1269 361407 0.0 64.0
1270 361536 0.0 63.0
1271 361710 0.0 62.0
1272 361868 0.0 62.0
1273 362048 100.0 63.0
1274 362184 100.0 64.0
1275 362429 100.0 65.0
1276 362673 0.0 65.0
1277 362864 100.0 65.0
1278 363015 0.0 64.0
1279 363430 100.0 64.0
1280 363613 0.0 64.0
1281 363820 0.0 63.0
1282 364006 100.0 64.0
1283 364232 100.0 65.0
1284 364422 0.0 65.0
1285 364714 100.0 65.0
1286 364911 0.0 65.0
1287 365142 100.0 65.0
1288 365273 0.0 64.0
1289 365591 100.0 64.0
1290 365865 0.0 63.0
1291 366045 100.0 64.0
1292 366358 100.0 65.0
1293 366540 100.0 66.0
1294 366765 100.0 66.0
1295 366924 100.0 67.0
1296 367163 0.0 66.0
1297 367376 100.0 67.0
1298 367491 100.0 68.0
1299 367662 0.0 68.0
1300 367866 0.0 67.0
1301 368051 100.0 67.0
1302 368168 100.0 67.0
1303 368423 100.0 67.0
1304 368624 100.0 67.0
1305 368778 100.0 68.0
1306 368928 0.0 67.0
1307 369160 100.0 67.0
1308 369355 0.0 66.0
1309 369589 100.0 66.0
1310 369843 100.0 66.0
1311 370044 100.0 67.0
1312 370247 0.0 66.0
1313 370404 100.0 67.0
1314 370542 100.0 67.0
1315 370722 0.0 66.0
1316 370888 100.0 66.0
1317 371074 100.0 66.0
1318 371199 100.0 66.0
1319 371364 0.0 65.0
1320 371548 0.0 64.0
1321 371780 100.0 64.0
1322 372074 100.0 64.0
1323 372327 0.0 63.0
1324 372518 0.0 62.0
1325 372705 100.0 62.0
1326 372848 100.0 63.0
1327 373151 100.0 63.0
1328 373435 100.0 64.0
1329 373609 0.0 63.0
1330 373774 100.0 64.0
1331 373983 100.0 64.0
1332 374184 0.0 63.0
1333 374437 100.0 63.0
1334 374642 100.0 64.0
1335 374968 100.0 64.0
1336 375149 0.0 63.0
1337 375309 100.0 63.0
1338 375532 100.0 64.0
1339 375700 0.0 63.0
1340 375866 0.0 62.0
1341 376058 0.0 61.0
1342 376196 100.0 61.0
1343 376290 100.0 61.0
1344 376504 100.0 61.0
1345 376683 100.0 61.0
1346 376798 100.0 62.0
1347 376966 100.0 63.0
1348 377109 100.0 63.0
1349 377310 100.0 63.0
1350 377460 0.0 63.0
1351 377628 100.0 64.0
1352 377889 100.0 64.0
1353 378153 100.0 64.0
1354 378347 100.0 65.0
1355 378581 100.0 66.0
1356 378799 0.0 65.0
1357 379072 100.0 66.0
1358 379292 0.0 65.0
1359 379558 100.0 65.0
1360 379739 0.0 64.0
1361 379987 100.0 64.0
1362 380134 100.0 64.0
1363 380401 100.0 64.0
1364 380511 100.0 65.0
1365 380675 100.0 65.0
1366 380888 0.0 64.0
1367 381175 100.0 65.0
1368 381423 100.0 66.0
1369 381705 100.0 67.0
1370 381875 100.0 68.0
1371 382093 100.0 69.0
1372 382343 100.0 70.0
1373 382566 100.0 70.0
1374 382737 100.0 70.0
1375 382971 100.0 70.0
1376 383208 100.0 71.0
1377 383327 100.0 71.0
1378 383505 100.0 72.0
1379 383583 100.0 72.0
1380 383868 100.0 73.0
1381 384073 100.0 74.0
1382 384300 100.0 74.0
1383 384461 0.0 73.0
1384 384660 0.0 73.0
1385 384830 0.0 72.0
1386 385031 100.0 73.0
1387 385169 100.0 73.0
1388 385270 100.0 74.0
1389 385382 100.0 74.0
1390 385499 100.0 75.0
1391 385682 0.0 74.0
1392 385889 100.0 74.0
1393 386055 0.0 73.0
1394 386352 100.0 73.0
1395 386531 100.0 73.0
1396 386671 0.0 73.0
1397 386815 100.0 73.0
1398 387123 100.0 73.0
1399 387349 100.0 74.0
1400 387620 100.0 75.0
1401 387774 100.0 75.0
1402 387948 100.0 75.0
1403 388109 100.0 75.0
1404 388346 100.0 75.0
1405 388506 100.0 75.0
1406 388589 100.0 76.0
1407 388776 0.0 75.0
1408 388935 100.0 76.0
1409 389112 0.0 75.0
1410 389192 100.0 75.0
1411 389376 100.0 75.0
1412 389533 0.0 75.0
1413 389788 100.0 75.0
1414 390045 100.0 75.0
1415 390154 100.0 76.0
1416 390342 100.0 76.0
1417 390473 100.0 76.0
1418 390705 100.0 76.0
1419 390894 0.0 76.0
1420 391103 0.0 76.0
1421 391293 0.0 75.0
1422 391405 100.0 75.0
1423 391579 100.0 76.0
1424 391767 0.0 76.0
1425 391912 0.0 75.0
1426 392040 0.0 74.0
1427 392255 100.0 74.0
1428 392427 100.0 74.0
1429 392695 100.0 75.0
1430 392911 100.0 75.0
1431 393062 0.0 74.0
1432 393284 100.0 75.0
1433 393521 100.0 75.0
1434 393627 100.0 75.0
1435 393868 100.0 75.0
1436 394112 100.0 76.0
1437 394279 100.0 76.0
1438 394395 100.0 76.0
1439 394614 0.0 76.0
1440 394818 100.0 77.0
1441 395053 100.0 78.0
1442 395274 100.0 78.0
1443 395470 0.0 77.0
1444 395639 100.0 77.0
1445 395905 100.0 77.0
1446 396086 0.0 76.0
1447 396319 100.0 76.0
1448 396516 0.0 75.0
1449 396615 100.0 75.0
1450 396793 100.0 76.0
1451 396883 100.0 76.0
1452 397087 100.0 76.0
1453 397338 100.0 76.0
1454 397521 100.0 76.0
1455 397654 100.0 76.0
1456 397823 100.0 77.0
1457 397918 100.0 77.0
1458 398068 0.0 77.0
1459 398180 100.0 77.0
1460 398372 100.0 78.0
1461 398618 100.0 78.0
1462 398816 100.0 78.0
1463 399008 0.0 77.0
1464 399227 100.0 77.0
1465 399401 100.0 77.0
1466 399594 0.0 77.0
1467 399889 100.0 77.0
1468 400026 0.0 76.0
