1 439 0.0 0.0
2 2880 100.0 1.0
3 3139 0.0 1.0
4 3545 0.0 1.0
5 4164 0.0 1.0
6 8693 100.0 2.0
7 8949 0.0 2.0
8 9230 0.0 2.0
9 9405 0.0 2.0
10 9882 0.0 2.0
11 10349 0.0 2.0
12 10785 0.0 2.0
13 11308 0.0 2.0
14 13388 100.0 3.0
15 14108 100.0 4.0
16 16640 0.0 4.0
17 17263 100.0 5.0
18 17670 0.0 5.0
19 21759 100.0 6.0
20 25122 100.0 7.0
21 25831 100.0 8.0
22 26873 0.0 8.0
23 27818 0.0 8.0
24 28263 100.0 9.0
25 28483 100.0 10.0
26 29352 100.0 11.0
27 29798 0.0 11.0
28 30253 100.0 12.0
29 30697 100.0 13.0
30 31266 0.0 13.0
31 31588 100.0 14.0
32 32073 0.0 14.0
33 32461 100.0 15.0
34 33278 0.0 15.0
35 33779 0.0 15.0
36 34198 0.0 15.0
37 34461 100.0 16.0
38 34859 0.0 16.0
39 35449 100.0 17.0
40 35702 0.0 17.0
41 36069 100.0 18.0
42 36266 100.0 19.0
43 36541 100.0 20.0
44 36965 100.0 21.0
45 37373 0.0 21.0
46 37904 100.0 22.0
47 38368 100.0 23.0
48 38768 0.0 23.0
49 39023 100.0 24.0
50 39449 100.0 25.0
51 39673 100.0 26.0
52 39981 100.0 27.0
53 40553 100.0 28.0
54 40822 100.0 29.0
55 41027 0.0 29.0
56 41650 0.0 29.0
57 41991 100.0 30.0
58 42337 100.0 31.0
59 42567 0.0 31.0
60 43220 100.0 32.0
61 43645 100.0 33.0
62 44183 100.0 34.0
63 44664 100.0 35.0
64 45023 100.0 36.0
65 45465 100.0 37.0
66 45807 100.0 38.0
67 46124 100.0 39.0
68 46666 100.0 40.0
69 46951 100.0 41.0
70 47285 0.0 41.0
71 47679 100.0 42.0
72 47851 100.0 43.0
73 48121 100.0 44.0
74 48422 100.0 45.0
75 48788 0.0 45.0
76 49220 100.0 46.0
77 49471 100.0 47.0
78 49932 100.0 48.0
79 50283 100.0 49.0
80 50774 0.0 49.0
81 51115 100.0 50.0
82 51374 100.0 51.0
83 51571 100.0 52.0
84 51791 100.0 53.0
85 52050 0.0 53.0
86 52442 100.0 54.0
87 52669 100.0 55.0
88 53053 100.0 56.0
89 53310 100.0 57.0
90 53634 0.0 57.0
91 53876 100.0 58.0
92 54137 100.0 59.0
93 54627 100.0 60.0
94 55009 100.0 61.0
95 55447 100.0 62.0
96 55670 0.0 62.0
97 55855 100.0 63.0
98 56078 0.0 63.0
99 56460 100.0 64.0
100 56787 100.0 65.0
101 56962 100.0 66.0
102 57206 100.0 66.0
103 57469 100.0 67.0
104 57713 100.0 68.0
105 58099 100.0 69.0
106 58333 100.0 69.0
107 58621 100.0 70.0
108 59014 100.0 71.0
109 59191 100.0 72.0
110 59627 100.0 73.0
111 59974 100.0 74.0
112 60536 100.0 75.0
113 60641 100.0 76.0
114 60896 100.0 76.0
115 61061 100.0 76.0
116 61269 100.0 77.0
117 61514 100.0 77.0
118 61773 100.0 78.0
119 62081 100.0 78.0
120 62364 100.0 78.0
121 62679 100.0 78.0
122 63134 100.0 79.0
123 63531 100.0 80.0
124 63758 0.0 79.0
125 64068 100.0 79.0
126 64318 100.0 79.0
127 64614 100.0 80.0
128 65018 100.0 80.0
129 65263 0.0 79.0
130 65692 100.0 80.0
131 65920 100.0 80.0
132 66198 100.0 81.0
133 66409 100.0 81.0
134 66549 100.0 82.0
135 66720 100.0 83.0
136 66957 100.0 84.0
137 67051 100.0 84.0
138 67341 0.0 84.0
139 67444 100.0 84.0
140 67616 100.0 85.0
141 67883 100.0 85.0
142 68206 100.0 85.0
143 68353 100.0 85.0
144 68630 100.0 85.0
145 68745 100.0 86.0
146 69021 100.0 86.0
147 69259 100.0 86.0
148 69374 100.0 87.0
149 69784 100.0 87.0
150 69976 100.0 87.0
151 70113 100.0 87.0
152 70259 100.0 87.0
153 70463 100.0 87.0
154 70741 0.0 86.0
155 70906 100.0 87.0
156 71183 100.0 88.0
157 71275 100.0 88.0
158 71535 100.0 88.0
159 71772 100.0 89.0
160 72045 100.0 89.0
161 72355 0.0 88.0
162 72559 100.0 88.0
163 72807 100.0 88.0
164 72988 100.0 88.0
165 73229 100.0 88.0
166 73450 100.0 88.0
167 73689 0.0 87.0
168 74027 100.0 87.0
169 74212 100.0 87.0
170 74417 100.0 88.0
171 74623 0.0 87.0
172 74885 100.0 87.0
173 75152 100.0 87.0
174 75391 100.0 87.0
175 75687 100.0 88.0
176 75990 100.0 88.0
177 76180 100.0 88.0
178 76459 100.0 88.0
179 76582 100.0 88.0
180 76885 100.0 89.0
181 77130 100.0 89.0
182 77451 100.0 89.0
183 77767 100.0 89.0
184 78046 100.0 89.0
185 78353 100.0 90.0
186 78533 100.0 90.0
187 78841 100.0 90.0
188 79147 100.0 90.0
189 79350 100.0 90.0
190 79675 100.0 91.0
191 79946 100.0 91.0
192 80135 100.0 91.0
193 80220 100.0 91.0
194 80466 100.0 91.0
195 80682 100.0 91.0
196 80902 100.0 92.0
197 81005 100.0 92.0
198 81316 0.0 92.0
199 81604 100.0 92.0
200 81822 0.0 91.0
201 82021 100.0 91.0
202 82186 100.0 91.0
203 82476 0.0 90.0
204 82708 100.0 90.0
205 83019 100.0 90.0
206 83358 100.0 90.0
207 83755 0.0 89.0
208 83945 0.0 88.0
209 84366 100.0 88.0
210 84738 0.0 87.0
211 85081 100.0 87.0
212 85571 100.0 87.0
213 85949 100.0 87.0
214 86320 0.0 86.0
215 86699 0.0 85.0
216 86899 0.0 84.0
217 87342 0.0 83.0
218 87740 0.0 82.0
219 88017 0.0 81.0
220 88288 0.0 80.0
221 88841 100.0 80.0
222 89286 0.0 79.0
223 89643 0.0 78.0
224 89979 0.0 78.0
225 90207 0.0 77.0
226 90536 100.0 77.0
227 90709 0.0 76.0
228 90888 100.0 76.0
229 91289 0.0 76.0
230 91595 100.0 76.0
231 91892 0.0 75.0
232 92116 0.0 74.0
233 92218 100.0 74.0
234 92366 0.0 73.0
235 92906 100.0 73.0
236 93239 0.0 72.0
237 93525 0.0 71.0
238 93701 100.0 72.0
239 94091 0.0 71.0
240 94539 100.0 71.0
241 94810 0.0 70.0
242 95035 100.0 70.0
243 95367 100.0 70.0
244 95674 100.0 70.0
245 95908 100.0 70.0
246 96300 0.0 69.0
247 96893 100.0 69.0
248 97439 100.0 69.0
249 97797 0.0 68.0
250 98001 0.0 67.0
251 98428 100.0 67.0
252 98857 100.0 67.0
253 99112 0.0 66.0
254 99392 0.0 66.0
255 99498 100.0 66.0
256 99700 0.0 65.0
257 100039 100.0 65.0
258 100259 100.0 65.0
259 100825 100.0 65.0
260 101285 100.0 65.0
261 101558 0.0 65.0
262 101867 0.0 64.0
263 102122 0.0 63.0
264 102380 100.0 63.0
265 102585 100.0 63.0
266 103042 100.0 63.0
267 103411 100.0 64.0
268 103803 100.0 64.0
269 104367 100.0 64.0
270 104751 100.0 64.0
271 105098 100.0 65.0
272 105374 100.0 65.0
273 105745 0.0 64.0
274 105856 100.0 64.0
275 106152 0.0 63.0
276 106499 0.0 62.0
277 106754 100.0 62.0
278 107101 100.0 62.0
279 107342 0.0 61.0
280 107647 100.0 61.0
281 107957 0.0 60.0
282 108365 0.0 59.0
283 108753 100.0 59.0
284 108958 100.0 59.0
285 109080 100.0 59.0
286 109353 100.0 59.0
287 109642 0.0 58.0
288 109885 100.0 58.0
289 110142 100.0 58.0
290 110785 0.0 57.0
291 111113 0.0 56.0
292 111453 0.0 55.0
293 111807 100.0 55.0
294 112224 100.0 55.0
295 112632 0.0 54.0
296 112956 100.0 54.0
297 113219 100.0 54.0
298 113538 100.0 55.0
299 113928 100.0 55.0
300 114151 100.0 56.0
301 114343 100.0 56.0
302 114524 100.0 56.0
303 114785 100.0 57.0
304 115081 0.0 56.0
305 115313 100.0 56.0
306 115614 100.0 56.0
307 116110 0.0 56.0
308 116524 100.0 57.0
309 116859 0.0 56.0
310 117071 100.0 57.0
311 117258 100.0 57.0
312 117540 100.0 57.0
313 117892 100.0 57.0
314 118367 100.0 58.0
315 118635 100.0 59.0
316 118974 100.0 60.0
317 119364 0.0 60.0
318 119605 0.0 60.0
319 119946 0.0 60.0
320 120116 100.0 61.0
321 120438 0.0 60.0
322 120825 100.0 61.0
323 121081 0.0 61.0
324 121375 0.0 61.0
325 121469 100.0 62.0
326 121923 0.0 61.0
327 122230 100.0 62.0
328 122464 100.0 62.0
329 122819 0.0 62.0
330 123097 0.0 61.0
331 123419 100.0 62.0
332 123930 100.0 63.0
333 124213 0.0 62.0
334 124469 100.0 63.0
335 124821 0.0 62.0
336 125152 0.0 62.0
337 125509 0.0 62.0
338 126032 0.0 61.0
339 126379 100.0 62.0
340 126686 0.0 61.0
341 126843 100.0 62.0
342 127100 0.0 61.0
343 127514 0.0 60.0
344 127847 0.0 59.0
345 128142 0.0 58.0
346 128368 100.0 59.0
347 128642 100.0 59.0
348 128907 100.0 59.0
349 129239 100.0 60.0
350 129525 100.0 61.0
351 129770 100.0 61.0
352 130037 0.0 60.0
353 130288 100.0 61.0
354 130538 0.0 61.0
355 130667 100.0 61.0
356 130923 0.0 61.0
357 131169 100.0 61.0
358 131403 100.0 61.0
359 131709 100.0 61.0
360 131899 100.0 61.0
361 132141 0.0 61.0
362 132573 0.0 61.0
363 132719 0.0 61.0
364 132802 100.0 61.0
365 133118 100.0 61.0
366 133368 0.0 60.0
367 133659 100.0 60.0
368 133908 100.0 60.0
369 134047 100.0 60.0
370 134512 100.0 60.0
371 134772 0.0 59.0
372 134945 100.0 59.0
373 135255 0.0 59.0
374 135525 100.0 59.0
375 135886 0.0 59.0
376 136118 100.0 60.0
377 136397 100.0 60.0
378 136626 100.0 60.0
379 136912 0.0 60.0
380 137104 100.0 60.0
381 137538 100.0 61.0
382 137739 0.0 61.0
383 138061 0.0 60.0
384 138345 100.0 60.0
385 138548 0.0 59.0
386 138860 100.0 59.0
387 139047 0.0 59.0
388 139140 100.0 59.0
389 139437 100.0 59.0
390 139787 100.0 60.0
391 140127 100.0 61.0
392 140512 100.0 62.0
393 140765 100.0 62.0
394 141141 0.0 61.0
395 141425 100.0 62.0
396 141821 100.0 62.0
397 142094 100.0 62.0
398 142383 0.0 61.0
399 142607 0.0 60.0
400 142934 0.0 59.0
401 143258 100.0 59.0
402 143462 100.0 59.0
403 143649 100.0 59.0
404 143999 100.0 60.0
405 144265 100.0 60.0
406 144614 0.0 59.0
407 144868 0.0 59.0
408 145291 100.0 59.0
409 145537 100.0 60.0
410 145784 100.0 60.0
411 146043 100.0 60.0
412 146372 100.0 60.0
413 146627 100.0 60.0
414 146963 100.0 60.0
415 147278 0.0 59.0
416 147461 100.0 59.0
417 147885 0.0 59.0
418 148230 100.0 60.0
419 148516 100.0 61.0
420 148856 100.0 61.0
421 149050 0.0 61.0
422 149510 100.0 61.0
423 149790 100.0 62.0
424 150078 100.0 63.0
425 150363 100.0 63.0
426 150516 100.0 64.0
427 150716 100.0 64.0
428 150876 0.0 63.0
429 151081 100.0 64.0
430 151353 100.0 65.0
431 151595 0.0 64.0
432 151810 100.0 64.0
433 151896 100.0 65.0
434 152324 0.0 64.0
435 152551 100.0 65.0
436 152750 100.0 66.0
437 152949 0.0 66.0
438 153173 100.0 67.0
439 153487 100.0 67.0
440 153769 100.0 68.0
441 154239 100.0 68.0
442 154573 0.0 68.0
443 155073 0.0 68.0
444 155343 100.0 69.0
445 155552 0.0 69.0
446 155746 0.0 68.0
447 156043 100.0 68.0
448 156329 100.0 68.0
449 156556 100.0 68.0
450 156790 100.0 68.0
451 157132 0.0 67.0
452 157462 100.0 68.0
453 157703 0.0 67.0
454 158107 0.0 67.0
455 158315 0.0 66.0
456 158592 100.0 67.0
457 158784 100.0 67.0
458 159089 100.0 67.0
459 159451 0.0 66.0
460 159821 0.0 65.0
461 160195 100.0 66.0
462 160494 0.0 66.0
463 160980 100.0 67.0
464 161258 100.0 67.0
465 161572 100.0 67.0
466 161965 100.0 68.0
467 162169 100.0 68.0
468 162492 0.0 67.0
469 162764 100.0 67.0
470 163112 100.0 67.0
471 163404 100.0 68.0
472 163658 0.0 67.0
473 163779 100.0 68.0
474 164071 0.0 67.0
475 164334 0.0 67.0
476 164674 0.0 66.0
477 164929 100.0 66.0
478 165025 100.0 66.0
479 165337 0.0 66.0
480 165437 100.0 66.0
481 165734 100.0 66.0
482 166082 0.0 66.0
483 166549 100.0 67.0
484 166829 0.0 66.0
485 167143 100.0 67.0
486 167467 0.0 66.0
487 167777 100.0 67.0
488 168232 0.0 66.0
489 168545 100.0 66.0
490 168850 100.0 66.0
491 169025 0.0 65.0
492 169292 0.0 64.0
493 169641 100.0 64.0
494 169956 100.0 65.0
495 170266 100.0 65.0
496 170488 0.0 64.0
497 170614 100.0 64.0
498 170858 0.0 64.0
499 171138 0.0 64.0
500 171316 0.0 64.0
501 171676 0.0 63.0
502 171945 0.0 62.0
503 172223 0.0 61.0
504 172502 0.0 60.0
505 172810 100.0 60.0
506 173078 0.0 60.0
507 173308 0.0 60.0
508 173511 100.0 60.0
509 173879 100.0 60.0
510 174189 0.0 59.0
511 174479 0.0 58.0
512 174668 0.0 57.0
513 175323 100.0 57.0
514 175764 100.0 57.0
515 175994 0.0 57.0
516 176235 100.0 57.0
517 176414 100.0 58.0
518 176505 100.0 58.0
519 176676 100.0 58.0
520 176795 100.0 58.0
521 177148 100.0 59.0
522 177320 100.0 59.0
523 177468 100.0 59.0
524 177629 100.0 59.0
525 178068 100.0 59.0
526 178222 100.0 59.0
527 178510 0.0 58.0
528 178740 100.0 59.0
529 179057 100.0 59.0
530 179492 100.0 59.0
531 179800 0.0 59.0
532 180063 100.0 59.0
533 180307 100.0 59.0
534 180523 0.0 59.0
535 180674 100.0 59.0
536 180947 0.0 58.0
537 181144 100.0 59.0
538 181511 100.0 59.0
539 181862 100.0 59.0
540 182211 100.0 59.0
541 182446 0.0 58.0
542 182755 100.0 59.0
543 182991 0.0 59.0
544 183241 100.0 59.0
545 183496 0.0 59.0
546 183716 100.0 60.0
547 183946 0.0 59.0
548 184136 0.0 58.0
549 184336 100.0 58.0
550 184530 0.0 57.0
551 184665 100.0 58.0
552 184755 100.0 58.0
553 185069 100.0 59.0
554 185242 0.0 59.0
555 185595 100.0 60.0
556 185898 100.0 60.0
557 186190 0.0 59.0
558 186434 100.0 59.0
559 186748 100.0 60.0
560 187071 0.0 60.0
561 187284 0.0 59.0
562 187494 0.0 59.0
563 187838 100.0 59.0
564 188093 100.0 59.0
565 188345 0.0 58.0
566 188690 0.0 57.0
567 188954 0.0 56.0
568 189137 0.0 56.0
569 189364 0.0 55.0
570 189529 100.0 55.0
571 189787 0.0 54.0
572 189882 100.0 55.0
573 190184 0.0 54.0
574 190533 100.0 55.0
575 190749 0.0 55.0
576 190931 0.0 55.0
577 191117 100.0 55.0
578 191334 0.0 54.0
579 191634 0.0 54.0
580 192014 100.0 54.0
581 192372 100.0 54.0
582 192639 100.0 55.0
583 193013 0.0 54.0
584 193296 0.0 54.0
585 193562 100.0 54.0
586 193833 0.0 54.0
587 194113 0.0 53.0
588 194361 0.0 53.0
589 194590 100.0 53.0
590 194972 0.0 52.0
591 195194 0.0 52.0
592 195542 0.0 52.0
593 195762 0.0 51.0
594 196027 100.0 51.0
595 196308 100.0 51.0
596 196400 100.0 52.0
597 196621 0.0 51.0
598 196960 100.0 52.0
599 197266 0.0 52.0
600 197606 0.0 52.0
601 197906 0.0 52.0
602 198276 0.0 52.0
603 198462 0.0 52.0
604 198825 0.0 52.0
605 199124 0.0 51.0
606 199328 100.0 52.0
607 199463 0.0 52.0
608 199720 0.0 51.0
609 199939 0.0 50.0
610 200228 0.0 50.0
611 200656 100.0 51.0
612 201079 100.0 52.0
613 201173 100.0 52.0
614 201427 100.0 52.0
615 201634 0.0 52.0
616 201875 0.0 51.0
617 202147 0.0 50.0
618 202436 0.0 49.0
619 202683 100.0 49.0
620 202997 100.0 49.0
621 203183 100.0 49.0
622 203500 100.0 49.0
623 203811 0.0 48.0
624 204119 100.0 48.0
625 204416 0.0 47.0
626 204705 0.0 46.0
627 204985 100.0 47.0
628 205268 100.0 47.0
629 205543 100.0 47.0
630 205952 100.0 47.0
631 206179 100.0 48.0
632 206590 0.0 47.0
633 207295 100.0 47.0
634 207641 100.0 48.0
635 207982 100.0 48.0
636 208239 0.0 48.0
637 208424 100.0 48.0
638 208621 100.0 48.0
639 208774 100.0 48.0
640 209108 0.0 47.0
641 209409 0.0 47.0
642 209698 100.0 47.0
643 210013 0.0 47.0
644 210444 100.0 47.0
645 210760 0.0 47.0
646 211029 100.0 47.0
647 211311 100.0 48.0
648 211584 100.0 49.0
649 212014 100.0 49.0
650 212278 100.0 50.0
651 212478 0.0 49.0
652 212774 0.0 48.0
653 213116 100.0 48.0
654 213339 0.0 48.0
655 213559 100.0 48.0
656 213813 0.0 47.0
657 213937 100.0 48.0
658 214179 100.0 48.0
659 214596 0.0 47.0
660 214830 100.0 48.0
661 215284 100.0 49.0
662 215527 100.0 50.0
663 215695 100.0 50.0
664 215963 0.0 49.0
665 216250 100.0 50.0
666 216477 100.0 51.0
667 216842 100.0 52.0
668 217052 0.0 52.0
669 217308 100.0 53.0
670 217588 100.0 53.0
671 217885 100.0 54.0
672 218117 100.0 54.0
673 218369 0.0 54.0
674 218676 0.0 53.0
675 219161 100.0 54.0
676 219477 0.0 54.0
677 219946 0.0 53.0
678 220251 100.0 54.0
679 220454 0.0 54.0
680 220698 0.0 53.0
681 220793 100.0 53.0
682 220999 100.0 53.0
683 221334 100.0 54.0
684 221778 100.0 55.0
685 222047 100.0 55.0
686 222451 100.0 56.0
687 222682 100.0 57.0
688 222863 100.0 58.0
689 223027 100.0 58.0
690 223242 0.0 58.0
691 223546 100.0 59.0
692 223911 100.0 60.0
693 224225 0.0 60.0
694 224783 100.0 60.0
695 225124 100.0 60.0
696 225226 100.0 60.0
697 225477 0.0 60.0
698 225716 0.0 59.0
699 225917 0.0 59.0
700 226133 0.0 59.0
701 226258 100.0 60.0
702 226376 100.0 61.0
703 226536 100.0 62.0
704 226733 100.0 63.0
705 227034 100.0 64.0
706 227239 100.0 64.0
707 227521 100.0 65.0
708 227726 100.0 66.0
709 227929 100.0 67.0
710 228290 100.0 68.0
711 228390 100.0 68.0
712 228707 100.0 68.0
713 228912 100.0 68.0
714 229095 100.0 68.0
715 229362 0.0 68.0
716 229633 100.0 69.0
717 229965 0.0 69.0
718 230153 0.0 69.0
719 230388 100.0 69.0
720 230711 0.0 68.0
721 230942 0.0 67.0
722 231103 100.0 67.0
723 231216 100.0 68.0
724 231508 0.0 67.0
725 231753 100.0 68.0
726 232065 100.0 69.0
727 232543 100.0 69.0
728 232786 0.0 68.0
729 232886 100.0 68.0
730 233161 0.0 67.0
731 233394 0.0 66.0
732 233716 100.0 67.0
733 234006 100.0 67.0
734 234288 100.0 67.0
735 234498 100.0 67.0
736 234801 0.0 67.0
737 235189 0.0 66.0
738 235278 100.0 66.0
739 235561 100.0 66.0
740 235801 0.0 66.0
741 236207 100.0 67.0
742 236306 100.0 67.0
743 236451 100.0 68.0
744 236645 0.0 67.0
745 236948 100.0 68.0
746 237196 100.0 68.0
747 237423 100.0 68.0
748 237606 100.0 68.0
749 237927 100.0 68.0
750 238143 0.0 67.0
751 238343 0.0 67.0
752 238596 100.0 68.0
753 238987 100.0 68.0
754 239261 100.0 69.0
755 239548 100.0 69.0
756 239840 100.0 70.0
757 240076 100.0 70.0
758 240326 100.0 70.0
759 240714 100.0 71.0
760 241041 0.0 70.0
761 241289 0.0 69.0
762 241497 0.0 68.0
763 241692 0.0 67.0
764 241979 100.0 68.0
765 242206 0.0 67.0
766 242462 100.0 67.0
767 242743 100.0 67.0
768 242972 100.0 68.0
769 243226 100.0 68.0
770 243498 100.0 68.0
771 243808 100.0 68.0
772 243996 100.0 68.0
773 244210 100.0 69.0
774 244428 0.0 69.0
775 244782 100.0 69.0
776 245043 100.0 70.0
777 245213 100.0 71.0
778 245550 100.0 71.0
779 245757 0.0 71.0
780 246121 0.0 71.0
781 246372 100.0 71.0
782 246674 100.0 71.0
783 246857 100.0 71.0
784 247073 100.0 71.0
785 247247 100.0 71.0
786 247493 0.0 70.0
787 247676 100.0 70.0
788 248128 100.0 70.0
789 248298 100.0 70.0
790 248388 100.0 71.0
791 248671 100.0 71.0
792 248969 100.0 71.0
793 249253 0.0 71.0
794 249492 100.0 71.0
795 249731 0.0 70.0
796 250030 0.0 69.0
797 250317 100.0 70.0
798 250556 0.0 70.0
799 250758 100.0 71.0
800 251073 100.0 72.0
801 251329 0.0 71.0
802 251582 0.0 70.0
803 251741 100.0 70.0
804 251926 100.0 70.0
805 252158 100.0 70.0
806 252379 0.0 69.0
807 252726 0.0 68.0
808 253029 100.0 68.0
809 253355 0.0 67.0
810 253563 0.0 66.0
811 253794 0.0 65.0
812 254125 100.0 65.0
813 254430 100.0 65.0
814 254624 100.0 65.0
815 254841 100.0 66.0
816 255064 100.0 66.0
817 255245 100.0 67.0
818 255435 0.0 67.0
819 255716 100.0 67.0
820 255803 100.0 68.0
821 256288 100.0 69.0
822 256628 100.0 69.0
823 256956 0.0 68.0
824 257183 0.0 68.0
825 257498 100.0 68.0
826 257717 0.0 67.0
827 257986 0.0 66.0
828 258101 100.0 67.0
829 258331 100.0 67.0
830 258654 100.0 68.0
831 258973 100.0 69.0
832 259341 0.0 68.0
833 259637 0.0 67.0
834 259833 100.0 67.0
835 260182 0.0 66.0
836 260498 100.0 67.0
837 260592 100.0 68.0
838 260878 100.0 68.0
839 260992 100.0 68.0
840 261221 100.0 69.0
841 261475 0.0 68.0
842 261885 100.0 68.0
843 262079 100.0 68.0
844 262206 100.0 69.0
845 262374 100.0 69.0
846 262596 0.0 68.0
847 262919 0.0 67.0
848 263128 100.0 67.0
849 263323 100.0 67.0
850 263593 0.0 67.0
851 263856 100.0 68.0
852 263959 100.0 68.0
853 264250 100.0 68.0
854 264474 0.0 67.0
855 264668 100.0 67.0
856 264872 100.0 67.0
857 265094 0.0 66.0
858 265302 100.0 66.0
859 265511 0.0 65.0
860 265817 100.0 66.0
861 266041 100.0 67.0
862 266264 0.0 67.0
863 266635 0.0 67.0
864 266903 100.0 67.0
865 267029 100.0 68.0
866 267280 100.0 68.0
867 267511 100.0 68.0
868 267828 0.0 67.0
869 268023 100.0 67.0
870 268246 100.0 67.0
871 268407 100.0 67.0
872 268513 100.0 67.0
873 268736 100.0 67.0
874 269042 100.0 68.0
875 269388 100.0 68.0
876 269549 100.0 68.0
877 269841 0.0 67.0
878 270066 100.0 67.0
879 270230 100.0 68.0
880 270489 0.0 68.0
881 270880 100.0 68.0
882 271006 100.0 68.0
883 271101 100.0 68.0
884 271264 0.0 67.0
885 271447 0.0 66.0
886 271719 100.0 67.0
887 272047 100.0 67.0
888 272142 100.0 67.0
889 272393 100.0 67.0
890 272825 100.0 67.0
891 273071 100.0 67.0
892 273415 100.0 67.0
893 273678 100.0 68.0
894 274029 100.0 68.0
895 274488 100.0 69.0
896 274687 100.0 70.0
897 274861 100.0 70.0
898 274968 100.0 71.0
899 275064 100.0 71.0
900 275449 100.0 71.0
901 275583 100.0 72.0
902 275968 100.0 73.0
903 276251 100.0 73.0
904 276472 100.0 73.0
905 276679 100.0 73.0
906 276986 0.0 73.0
907 277211 0.0 73.0
908 277378 100.0 73.0
909 277685 100.0 74.0
910 277853 100.0 75.0
911 278155 100.0 76.0
912 278416 100.0 76.0
913 278526 100.0 76.0
914 278764 100.0 76.0
915 278910 100.0 76.0
916 279152 100.0 76.0
917 279392 0.0 75.0
918 279629 100.0 76.0
919 279834 0.0 75.0
920 280041 100.0 75.0
921 280293 100.0 75.0
922 280501 100.0 75.0
923 280692 100.0 76.0
924 280911 0.0 76.0
925 281078 100.0 76.0
926 281376 100.0 77.0
927 281559 0.0 77.0
928 281709 100.0 77.0
929 281977 100.0 77.0
930 282216 100.0 77.0
931 282374 100.0 77.0
932 282527 100.0 78.0
933 282698 100.0 79.0
934 282879 100.0 79.0
935 283128 0.0 79.0
936 283275 100.0 79.0
937 283440 100.0 79.0
938 283617 100.0 79.0
939 283863 100.0 79.0
940 284027 100.0 79.0
941 284233 100.0 80.0
942 284455 0.0 79.0
943 284671 100.0 79.0
944 284906 100.0 79.0
945 285020 100.0 79.0
946 285229 100.0 80.0
947 285430 100.0 81.0
948 285527 100.0 81.0
949 285728 100.0 81.0
950 286065 100.0 82.0
951 286360 100.0 82.0
952 286641 100.0 82.0
953 286841 100.0 82.0
954 287159 100.0 83.0
955 287455 100.0 83.0
956 287644 100.0 83.0
957 287763 100.0 84.0
958 288050 100.0 84.0
959 288265 100.0 85.0
960 288382 100.0 85.0
961 288534 100.0 85.0
962 288816 100.0 86.0
963 288983 100.0 87.0
964 289269 0.0 86.0
965 289407 100.0 86.0
966 289659 0.0 85.0
967 289916 0.0 84.0
968 290406 100.0 85.0
969 290527 100.0 85.0
970 290628 100.0 85.0
971 290920 100.0 85.0
972 291082 100.0 85.0
973 291351 100.0 85.0
974 291759 0.0 84.0
975 291845 100.0 84.0
976 292031 100.0 84.0
977 292295 0.0 84.0
978 292683 100.0 84.0
979 292846 100.0 84.0
980 293215 100.0 85.0
981 293607 100.0 85.0
982 293843 100.0 85.0
983 293939 100.0 85.0
984 294245 100.0 86.0
985 294441 100.0 87.0
986 294611 0.0 86.0
987 294835 100.0 86.0
988 295000 100.0 86.0
989 295172 100.0 86.0
990 295405 100.0 86.0
991 295643 100.0 86.0
992 295927 100.0 86.0
993 296152 100.0 86.0
994 296346 100.0 86.0
995 296594 0.0 85.0
996 296853 100.0 85.0
997 297233 100.0 85.0
998 297408 100.0 85.0
999 297787 100.0 85.0
1000 298081 100.0 85.0
1001 298293 100.0 85.0
1002 298472 100.0 85.0
1003 298638 100.0 85.0
1004 298831 100.0 85.0
1005 299023 0.0 84.0
1006 299188 100.0 85.0
1007 299373 100.0 86.0
1008 299654 100.0 86.0
1009 299784 100.0 86.0
1010 300005 100.0 86.0
1011 300210 0.0 85.0
1012 300476 100.0 85.0
1013 300546 100.0 85.0
1014 300616 100.0 85.0
1015 300908 0.0 84.0
1016 301231 0.0 83.0
1017 301407 100.0 84.0
1018 301650 100.0 84.0
1019 301845 100.0 85.0
1020 302084 100.0 85.0
1021 302417 100.0 85.0
1022 302594 100.0 85.0
1023 302955 100.0 85.0
1024 303155 0.0 85.0
1025 303608 100.0 85.0
1026 303801 100.0 85.0
1027 304116 100.0 86.0
1028 304313 100.0 86.0
1029 304451 100.0 86.0
1030 304804 100.0 86.0
1031 305005 100.0 86.0
1032 305257 100.0 86.0
1033 305490 100.0 86.0
1034 305749 0.0 85.0
1035 306054 0.0 85.0
1036 306323 100.0 85.0
1037 306503 100.0 85.0
1038 306677 0.0 84.0
1039 307007 100.0 84.0
1040 307252 0.0 83.0
1041 307389 100.0 83.0
1042 307623 0.0 83.0
1043 307993 100.0 83.0
1044 308207 100.0 83.0
1045 308321 100.0 83.0
1046 308531 100.0 83.0
1047 308742 100.0 83.0
1048 309072 0.0 82.0
1049 309299 0.0 81.0
1050 309485 100.0 81.0
1051 309679 100.0 81.0
1052 309833 100.0 81.0
1053 309927 100.0 81.0
1054 310113 0.0 80.0
1055 310193 100.0 80.0
1056 310438 100.0 80.0
1057 310751 100.0 80.0
1058 310863 100.0 80.0
1059 311057 100.0 80.0
1060 311230 100.0 80.0
1061 311412 100.0 80.0
1062 311539 100.0 80.0
1063 311754 100.0 80.0
1064 312029 100.0 81.0
1065 312230 100.0 81.0
1066 312367 100.0 82.0
1067 312505 100.0 83.0
1068 312660 100.0 83.0
1069 313213 100.0 83.0
1070 313369 100.0 83.0
1071 313740 100.0 83.0
1072 313913 100.0 83.0
1073 314022 100.0 83.0
1074 314292 100.0 84.0
1075 314403 100.0 84.0
1076 314472 100.0 84.0
1077 314550 100.0 85.0
1078 314696 100.0 85.0
1079 314919 100.0 85.0
1080 315136 0.0 84.0
1081 315292 100.0 84.0
1082 315520 0.0 83.0
1083 315697 100.0 83.0
1084 315873 100.0 83.0
1085 316058 100.0 83.0
1086 316326 100.0 84.0
1087 316455 100.0 84.0
1088 316681 100.0 84.0
1089 316884 100.0 84.0
1090 317020 100.0 84.0
1091 317209 100.0 84.0
1092 317508 100.0 84.0
1093 317681 100.0 84.0
1094 317756 100.0 84.0
1095 317963 100.0 85.0
1096 318173 0.0 84.0
1097 318483 100.0 84.0
1098 318664 100.0 84.0
1099 318905 100.0 84.0
1100 319025 100.0 84.0
1101 319289 100.0 84.0
1102 319650 100.0 84.0
1103 319798 100.0 84.0
1104 320022 0.0 83.0
1105 320106 100.0 84.0
1106 320330 0.0 83.0
1107 320449 100.0 83.0
1108 320616 100.0 83.0
1109 320890 100.0 83.0
1110 321046 100.0 83.0
1111 321297 100.0 84.0
1112 321455 100.0 84.0
1113 321642 100.0 84.0
1114 321753 100.0 84.0
1115 321898 100.0 85.0
1116 322065 100.0 86.0
1117 322164 100.0 86.0
1118 322354 100.0 86.0
1119 322621 100.0 86.0
1120 322823 100.0 86.0
1121 323007 0.0 85.0
1122 323249 100.0 85.0
1123 323426 100.0 85.0
1124 323573 100.0 86.0
1125 323740 100.0 86.0
1126 323982 100.0 86.0
1127 324087 100.0 86.0
1128 324323 100.0 86.0
1129 324468 100.0 86.0
1130 324793 100.0 86.0
1131 324959 0.0 85.0
1132 325257 100.0 85.0
1133 325452 100.0 85.0
1134 325671 100.0 86.0
1135 325831 100.0 87.0
1136 325973 100.0 87.0
1137 326129 100.0 87.0
1138 326219 100.0 88.0
1139 326302 100.0 88.0
1140 326451 100.0 89.0
1141 326709 100.0 89.0
1142 326884 100.0 90.0
1143 327018 100.0 90.0
1144 327275 100.0 90.0
1145 327517 0.0 89.0
1146 327663 100.0 89.0
1147 327859 100.0 89.0
1148 328045 0.0 89.0
1149 328269 100.0 90.0
1150 328430 0.0 89.0
1151 328647 100.0 89.0
1152 328861 100.0 89.0
1153 329070 100.0 89.0
1154 329260 100.0 90.0
1155 329373 100.0 90.0
1156 329559 100.0 90.0
1157 329752 100.0 90.0
1158 329941 100.0 90.0
1159 330117 100.0 90.0
1160 330524 100.0 90.0
1161 330651 100.0 90.0
1162 330887 100.0 90.0
1163 331072 100.0 90.0
1164 331365 100.0 90.0
1165 331559 100.0 90.0
1166 331788 100.0 90.0
1167 331983 100.0 90.0
1168 332116 100.0 90.0
1169 332381 100.0 90.0
1170 332559 100.0 90.0
1171 332720 100.0 90.0
1172 332809 100.0 90.0
1173 332948 100.0 90.0
1174 333153 100.0 90.0
1175 333364 100.0 90.0
1176 333556 100.0 90.0
1177 333662 100.0 90.0
1178 333908 100.0 90.0
1179 334064 100.0 90.0
1180 334219 100.0 91.0
1181 334320 100.0 91.0
1182 334491 100.0 92.0
1183 334653 100.0 92.0
1184 334891 100.0 92.0
1185 335030 100.0 92.0
1186 335197 100.0 92.0
1187 335347 100.0 92.0
1188 335582 100.0 92.0
1189 335695 100.0 92.0
1190 335827 100.0 92.0
1191 336077 100.0 92.0
1192 336219 100.0 92.0
1193 336439 0.0 91.0
1194 336621 0.0 90.0
1195 336856 100.0 90.0
1196 337035 0.0 90.0
1197 337201 100.0 90.0
1198 337328 100.0 90.0
1199 337485 100.0 90.0
1200 337673 100.0 90.0
1201 337830 100.0 90.0
1202 337970 100.0 90.0
1203 338263 100.0 90.0
1204 338353 100.0 91.0
1205 338600 100.0 91.0
1206 338738 100.0 92.0
1207 338939 100.0 92.0
1208 339062 100.0 92.0
1209 339207 100.0 92.0
1210 339279 100.0 92.0
1211 339498 100.0 92.0
1212 339654 0.0 91.0
1213 339805 100.0 91.0
1214 340059 100.0 91.0
1215 340294 100.0 91.0
1216 340430 100.0 91.0
1217 340656 100.0 91.0
1218 340742 100.0 91.0
1219 340896 100.0 91.0
1220 341070 100.0 91.0
1221 341247 100.0 92.0
1222 341440 100.0 92.0
1223 341557 100.0 92.0
1224 341762 100.0 92.0
1225 341941 100.0 92.0
1226 342166 100.0 92.0
1227 342382 100.0 92.0
1228 342569 0.0 91.0
1229 342705 100.0 91.0
1230 342820 100.0 91.0
1231 342951 100.0 92.0
1232 343125 100.0 92.0
1233 343343 100.0 92.0
1234 343654 100.0 92.0
1235 343909 100.0 92.0
1236 344061 100.0 92.0
1237 344224 100.0 92.0
1238 344522 100.0 92.0
1239 344713 0.0 91.0
1240 344921 100.0 91.0
1241 345050 100.0 91.0
1242 345222 100.0 91.0
1243 345362 100.0 91.0
1244 345587 100.0 91.0
1245 345759 100.0 92.0
1246 345926 100.0 92.0
1247 346083 100.0 92.0
1248 346228 100.0 93.0
1249 346426 100.0 93.0
1250 346589 100.0 94.0
1251 346767 100.0 94.0
1252 346956 100.0 94.0
1253 347163 100.0 94.0
1254 347363 0.0 93.0
1255 347574 100.0 93.0
1256 347741 100.0 93.0
1257 347933 100.0 93.0
1258 348035 100.0 93.0
1259 348182 100.0 93.0
1260 348363 0.0 92.0
1261 348676 100.0 92.0
1262 348969 100.0 92.0
1263 349050 100.0 92.0
1264 349199 100.0 92.0
1265 349364 100.0 92.0
1266 349436 100.0 92.0
1267 349638 0.0 91.0
1268 349903 100.0 91.0
1269 350146 100.0 91.0
1270 350273 100.0 91.0
1271 350436 100.0 91.0
1272 350611 100.0 91.0
1273 350779 100.0 91.0
1274 350905 100.0 91.0
1275 351069 100.0 91.0
1276 351193 100.0 91.0
1277 351391 100.0 91.0
1278 351630 100.0 91.0
1279 351751 100.0 91.0
1280 351968 100.0 91.0
1281 352118 100.0 91.0
1282 352271 0.0 90.0
1283 352441 100.0 90.0
1284 352565 100.0 90.0
1285 352764 100.0 90.0
1286 352960 0.0 89.0
1287 353081 100.0 89.0
1288 353247 100.0 89.0
1289 353410 100.0 89.0
1290 353588 100.0 89.0
1291 353723 100.0 89.0
1292 353877 100.0 89.0
1293 354053 0.0 89.0
1294 354261 100.0 90.0
1295 354633 100.0 90.0
1296 354840 100.0 91.0
1297 354972 100.0 91.0
1298 355164 100.0 91.0
1299 355356 100.0 91.0
1300 355484 100.0 91.0
1301 355630 100.0 91.0
1302 355801 100.0 91.0
1303 355993 0.0 90.0
1304 356165 100.0 90.0
1305 356349 100.0 90.0
1306 356548 0.0 89.0
1307 356717 100.0 89.0
1308 356952 100.0 89.0
1309 357119 100.0 89.0
1310 357302 100.0 89.0
1311 357593 100.0 89.0
1312 357763 100.0 90.0
1313 357916 100.0 90.0
1314 358197 100.0 90.0
1315 358366 100.0 90.0
1316 358614 100.0 90.0
1317 358801 0.0 89.0
1318 359013 100.0 89.0
1319 359205 0.0 88.0
1320 359379 100.0 88.0
1321 359471 100.0 88.0
1322 359710 100.0 88.0
1323 359940 100.0 88.0
1324 360096 100.0 88.0
1325 360338 100.0 88.0
1326 360608 100.0 88.0
1327 360813 100.0 88.0
1328 361054 100.0 89.0
1329 361361 100.0 89.0
1330 361573 0.0 88.0
1331 361760 0.0 87.0
1332 361931 100.0 87.0
1333 362048 100.0 87.0
1334 362202 100.0 87.0
1335 362286 100.0 87.0
1336 362419 100.0 87.0
1337 362572 100.0 87.0
1338 362695 100.0 87.0
1339 362790 100.0 88.0
1340 362977 100.0 88.0
1341 363103 100.0 88.0
1342 363279 100.0 88.0
1343 363465 100.0 88.0
1344 363743 0.0 87.0
1345 363940 100.0 87.0
1346 364124 0.0 86.0
1347 364312 100.0 86.0
1348 364459 100.0 86.0
1349 364612 100.0 86.0
1350 364864 100.0 86.0
1351 364937 100.0 86.0
1352 365024 100.0 86.0
1353 365160 100.0 86.0
1354 365378 100.0 87.0
1355 365529 100.0 87.0
1356 365665 100.0 87.0
1357 365816 100.0 87.0
1358 366003 100.0 87.0
1359 366148 100.0 87.0
1360 366345 100.0 88.0
1361 366435 100.0 88.0
1362 366583 100.0 88.0
1363 366749 100.0 88.0
1364 366988 100.0 88.0
1365 367200 100.0 88.0
1366 367353 100.0 88.0
1367 367509 100.0 89.0
1368 367663 100.0 89.0
1369 367835 100.0 89.0
1370 367995 100.0 89.0
1371 368198 100.0 89.0
1372 368375 100.0 89.0
1373 368652 100.0 89.0
1374 368842 100.0 89.0
1375 368992 100.0 89.0
1376 369163 100.0 89.0
1377 369307 100.0 89.0
1378 369459 100.0 89.0
1379 369598 100.0 89.0
1380 369831 100.0 89.0
1381 369976 100.0 89.0
1382 370176 100.0 90.0
1383 370303 100.0 90.0
1384 370411 100.0 90.0
1385 370550 100.0 90.0
1386 370636 100.0 91.0
1387 370843 0.0 90.0
1388 370998 100.0 90.0
1389 371124 100.0 90.0
1390 371354 100.0 90.0
1391 371610 100.0 90.0
1392 371760 100.0 90.0
1393 371966 100.0 91.0
1394 372184 100.0 91.0
1395 372327 100.0 91.0
1396 372452 100.0 91.0
1397 372644 100.0 91.0
1398 372898 100.0 91.0
1399 373126 100.0 91.0
1400 373274 100.0 91.0
1401 373421 100.0 91.0
1402 373563 100.0 91.0
1403 373635 100.0 92.0
1404 373764 100.0 92.0
1405 373993 100.0 92.0
1406 374162 100.0 93.0
1407 374372 100.0 93.0
1408 374585 0.0 92.0
1409 374705 100.0 92.0
1410 374854 100.0 92.0
1411 375002 100.0 92.0
1412 375069 100.0 92.0
1413 375218 100.0 92.0
1414 375378 100.0 92.0
1415 375467 100.0 92.0
1416 375671 100.0 92.0
1417 375837 100.0 93.0
1418 375904 100.0 93.0
1419 376118 100.0 94.0
1420 376299 100.0 94.0
1421 376516 100.0 94.0
1422 376606 100.0 94.0
1423 376734 100.0 94.0
1424 376913 100.0 94.0
1425 377033 100.0 94.0
1426 377180 100.0 94.0
1427 377305 100.0 94.0
1428 377494 100.0 94.0
1429 377666 100.0 94.0
1430 377840 100.0 95.0
1431 378018 100.0 96.0
1432 378155 100.0 96.0
1433 378351 100.0 96.0
1434 378511 100.0 96.0
1435 378578 100.0 96.0
1436 378742 100.0 96.0
1437 378816 100.0 96.0
1438 378931 100.0 96.0
1439 379071 100.0 96.0
1440 379140 100.0 96.0
1441 379386 100.0 96.0
1442 379582 100.0 96.0
1443 379721 100.0 96.0
1444 379865 100.0 97.0
1445 380059 0.0 96.0
1446 380244 100.0 97.0
1447 380391 100.0 97.0
1448 380550 100.0 97.0
1449 380710 100.0 97.0
1450 380833 100.0 97.0
1451 381005 100.0 97.0
1452 381083 100.0 97.0
1453 381205 100.0 97.0
1454 381378 100.0 97.0
1455 381544 0.0 96.0
1456 381630 100.0 96.0
1457 381843 100.0 96.0
1458 381985 100.0 96.0
1459 382242 100.0 96.0
1460 382480 100.0 96.0
1461 382638 100.0 96.0
1462 382764 100.0 96.0
1463 382962 100.0 96.0
1464 383216 100.0 96.0
1465 383484 100.0 96.0
1466 383639 100.0 96.0
1467 383756 100.0 96.0
1468 383933 100.0 96.0
1469 384144 100.0 96.0
1470 384278 100.0 96.0
1471 384454 0.0 95.0
1472 384714 0.0 94.0
1473 384884 100.0 94.0
1474 385098 100.0 94.0
1475 385217 100.0 94.0
1476 385449 100.0 94.0
1477 385577 100.0 94.0
1478 385852 100.0 94.0
1479 386041 100.0 94.0
1480 386226 100.0 94.0
1481 386364 100.0 94.0
1482 386511 100.0 94.0
1483 386650 100.0 94.0
1484 386818 100.0 94.0
1485 386956 100.0 94.0
1486 387138 100.0 94.0
1487 387221 100.0 95.0
1488 387385 100.0 95.0
1489 387515 100.0 95.0
1490 387799 100.0 95.0
1491 388028 100.0 95.0
1492 388198 100.0 95.0
1493 388419 100.0 95.0
1494 388552 100.0 95.0
1495 388751 100.0 95.0
1496 388875 100.0 95.0
1497 389027 100.0 95.0
1498 389199 100.0 95.0
1499 389351 100.0 95.0
1500 389521 100.0 95.0
1501 389718 0.0 94.0
1502 389903 100.0 94.0
1503 390092 0.0 93.0
1504 390193 100.0 93.0
1505 390337 100.0 93.0
1506 390425 100.0 93.0
1507 390575 100.0 93.0
1508 390716 100.0 94.0
1509 390897 100.0 94.0
1510 390972 100.0 94.0
1511 391152 100.0 94.0
1512 391234 100.0 94.0
1513 391403 100.0 94.0
1514 391525 100.0 94.0
1515 391738 100.0 94.0
1516 391848 100.0 94.0
1517 391940 100.0 94.0
1518 392114 100.0 94.0
1519 392292 0.0 93.0
1520 392422 100.0 93.0
1521 392547 100.0 93.0
1522 392780 100.0 93.0
1523 392960 100.0 93.0
1524 393118 100.0 93.0
1525 393243 100.0 93.0
1526 393413 100.0 93.0
1527 393565 100.0 93.0
1528 393763 100.0 93.0
1529 393954 0.0 92.0
1530 394130 100.0 92.0
1531 394262 100.0 92.0
1532 394352 100.0 92.0
1533 394486 100.0 92.0
1534 394689 100.0 92.0
1535 394816 100.0 92.0
1536 394890 100.0 92.0
1537 395109 100.0 92.0
1538 395251 100.0 92.0
1539 395464 100.0 92.0
1540 395674 100.0 92.0
1541 395799 100.0 92.0
1542 395976 100.0 92.0
1543 396194 100.0 92.0
1544 396287 100.0 92.0
1545 396463 0.0 92.0
1546 396687 100.0 92.0
1547 396884 0.0 91.0
1548 396958 100.0 91.0
1549 397070 100.0 91.0
1550 397295 100.0 91.0
1551 397469 100.0 91.0
1552 397644 0.0 90.0
1553 397829 100.0 90.0
1554 397951 100.0 90.0
1555 398170 100.0 91.0
1556 398348 100.0 91.0
1557 398473 100.0 91.0
1558 398666 100.0 91.0
1559 398851 0.0 90.0
1560 399042 100.0 90.0
1561 399166 100.0 90.0
1562 399350 100.0 90.0
1563 399465 100.0 90.0
1564 399589 100.0 90.0
1565 399750 100.0 90.0
1566 399879 100.0 90.0
1567 400109 100.0 90.0
