1 300 0.12
2 600 0.12
3 900 0.12
4 1200 0.12
5 1500 0.12
6 1800 0.12
7 2100 0.13999999999999999
8 2400 0.13999999999999999
9 2700 0.15
10 3000 0.15
11 3300 0.15000000000000002
12 3600 0.17
13 3900 0.18000000000000002
14 4200 0.18000000000000002
15 4500 0.18
16 4800 0.18
17 5100 0.18
18 5400 0.17
19 5700 0.17
20 6000 0.16999999999999998
21 6300 0.16999999999999998
22 6600 0.17
23 6900 0.17
24 7200 0.16
25 7500 0.18
26 7800 0.18
27 8100 0.19999999999999998
28 8400 0.19999999999999998
29 8700 0.19999999999999998
30 9000 0.21000000000000002
31 9300 0.21000000000000002
32 9600 0.2
33 9900 0.2
34 10200 0.2
35 10500 0.2
36 10800 0.2
37 11100 0.2
38 11400 0.2
39 11700 0.22
40 12000 0.24
41 12300 0.22999999999999998
42 12600 0.22999999999999998
43 12900 0.23
44 13200 0.23000000000000004
45 13500 0.22999999999999998
46 13800 0.22999999999999998
47 14100 0.22999999999999998
48 14400 0.24999999999999997
49 14700 0.24000000000000002
50 15000 0.26
51 15300 0.27
52 15600 0.27
53 15900 0.27
54 16200 0.28
55 16500 0.30000000000000004
56 16800 0.30000000000000004
57 17100 0.30000000000000004
58 17400 0.31000000000000005
59 17700 0.31
60 18000 0.31
61 18300 0.32000000000000006
62 18600 0.32000000000000006
63 18900 0.32000000000000006
64 19200 0.32000000000000006
65 19500 0.32
66 19800 0.32
67 20100 0.32
68 20400 0.32
69 20700 0.32
70 21000 0.34
71 21300 0.3400000000000001
72 21600 0.3400000000000001
73 21900 0.33000000000000007
74 22200 0.35000000000000003
75 22500 0.35
76 22800 0.36
77 23100 0.36
78 23400 0.36
79 23700 0.36
80 24000 0.37
81 24300 0.37
82 24600 0.37
83 24900 0.39
84 25200 0.39
85 25500 0.41000000000000003
86 25800 0.41000000000000003
87 26100 0.41000000000000003
88 26400 0.43000000000000005
89 26700 0.43000000000000005
90 27000 0.44000000000000006
91 27300 0.43000000000000005
92 27600 0.43000000000000005
93 27900 0.43000000000000005
94 28200 0.44000000000000006
95 28500 0.44000000000000006
96 28800 0.4600000000000001
97 29100 0.4600000000000001
98 29400 0.45000000000000007
99 29700 0.4700000000000001
100 30000 0.47000000000000003
101 30300 0.47000000000000003
102 30600 0.47000000000000003
103 30900 0.47
104 31200 0.48
105 31500 0.48000000000000004
106 31786 0.49000000000000005
107 32086 0.48000000000000004
108 32386 0.48000000000000004
109 32686 0.49000000000000005
110 32986 0.51
111 33252 0.51
112 33552 0.49000000000000005
113 33852 0.49000000000000005
114 34152 0.49000000000000005
115 34452 0.49000000000000005
116 34752 0.49000000000000005
117 35052 0.5
118 35352 0.5
119 35652 0.5
120 35952 0.52
121 36252 0.52
122 36552 0.52
123 36852 0.54
124 37144 0.54
125 37444 0.52
126 37734 0.52
127 38034 0.5
128 38334 0.52
129 38634 0.52
130 38934 0.51
131 39234 0.51
132 39534 0.52
133 39834 0.52
134 40134 0.52
135 40434 0.52
136 40734 0.52
137 41034 0.53
138 41326 0.53
139 41598 0.51
140 41898 0.51
141 42198 0.53
142 42498 0.54
143 42798 0.56
144 43098 0.56
145 43398 0.5700000000000001
146 43698 0.5700000000000001
147 43826 0.5700000000000001
148 44126 0.55
149 44411 0.55
150 44711 0.55
151 45011 0.54
152 45311 0.54
153 45611 0.56
154 45822 0.55
155 46122 0.55
156 46422 0.55
157 46722 0.55
158 47022 0.55
159 47322 0.55
160 47580 0.5700000000000001
161 47880 0.55
162 48180 0.55
163 48480 0.5700000000000001
164 48780 0.5900000000000001
165 49080 0.6100000000000001
166 49380 0.6200000000000001
167 49680 0.6200000000000001
168 49980 0.6400000000000001
169 50185 0.6500000000000001
170 50485 0.6300000000000001
171 50785 0.6400000000000001
172 51085 0.6500000000000001
173 51341 0.6500000000000001
174 51641 0.6300000000000001
175 51941 0.6500000000000001
176 52241 0.6400000000000001
177 52541 0.6600000000000001
178 52841 0.6800000000000002
179 53141 0.68
180 53441 0.6900000000000001
181 53741 0.69
182 53989 0.6799999999999999
183 54289 0.68
184 54470 0.7000000000000001
185 54770 0.6800000000000002
186 55070 0.7000000000000001
187 55279 0.7
188 55579 0.7
189 55879 0.7
190 56179 0.69
191 56479 0.69
192 56779 0.69
193 57034 0.7
194 57334 0.7
195 57517 0.69
196 57817 0.67
197 58117 0.6900000000000001
198 58376 0.69
199 58676 0.67
200 58976 0.68
201 59276 0.6799999999999999
202 59576 0.6799999999999999
203 59876 0.6799999999999999
204 60176 0.6799999999999999
205 60476 0.69
206 60776 0.6799999999999999
207 61076 0.6900000000000001
208 61322 0.6900000000000001
209 61524 0.6900000000000001
210 61824 0.67
211 62124 0.69
212 62424 0.6900000000000001
213 62724 0.68
214 63024 0.6799999999999999
215 63324 0.6799999999999999
216 63624 0.6799999999999999
217 63924 0.6699999999999999
218 64224 0.6699999999999999
219 64467 0.6699999999999999
220 64767 0.6499999999999999
221 65067 0.67
222 65330 0.6900000000000002
223 65630 0.6700000000000002
224 65930 0.68
225 66230 0.6900000000000001
226 66530 0.7100000000000001
227 66805 0.71
228 67105 0.69
229 67405 0.7000000000000001
230 67705 0.7000000000000001
231 68005 0.72
232 68305 0.71
233 68605 0.71
234 68905 0.72
235 69205 0.72
236 69505 0.74
237 69805 0.73
238 70105 0.73
239 70340 0.73
240 70638 0.71
241 70938 0.71
242 71213 0.7
243 71513 0.7
244 71813 0.7
245 72113 0.71
246 72413 0.71
247 72713 0.71
248 73013 0.71
249 73230 0.71
250 73530 0.69
251 73830 0.7
252 74030 0.7
253 74330 0.6799999999999999
254 74553 0.7
255 74853 0.68
256 75153 0.68
257 75453 0.7
258 75753 0.71
259 75898 0.71
260 76198 0.7100000000000001
261 76498 0.7100000000000001
262 76788 0.73
263 77020 0.7100000000000001
264 77210 0.71
265 77510 0.69
266 77810 0.6799999999999999
267 78063 0.6799999999999999
268 78363 0.66
269 78663 0.65
270 78963 0.65
271 79263 0.66
272 79563 0.67
273 79863 0.67
274 80103 0.6699999999999999
275 80403 0.6599999999999999
276 80556 0.66
277 80783 0.6500000000000001
278 81083 0.6500000000000001
279 81286 0.65
280 81586 0.6300000000000001
281 81886 0.6300000000000001
282 82095 0.6499999999999999
283 82353 0.63
284 82653 0.6300000000000001
285 82952 0.6300000000000001
286 83252 0.6100000000000001
287 83440 0.6100000000000001
288 83740 0.6100000000000001
289 84040 0.6300000000000001
290 84340 0.6300000000000001
291 84640 0.6300000000000001
292 84940 0.6500000000000001
293 85074 0.6600000000000001
294 85374 0.6400000000000001
295 85674 0.6400000000000001
296 85842 0.6600000000000001
297 86142 0.64
298 86442 0.6399999999999999
299 86742 0.66
300 87042 0.65
301 87342 0.67
302 87642 0.6900000000000002
303 87942 0.7100000000000001
304 88242 0.7200000000000001
305 88542 0.7300000000000001
306 88764 0.75
307 89064 0.74
308 89230 0.74
309 89530 0.74
310 89751 0.75
311 90051 0.73
312 90351 0.73
313 90651 0.73
314 90951 0.73
315 91251 0.75
316 91551 0.77
317 91851 0.79
318 92151 0.81
319 92451 0.81
320 92629 0.81
321 92927 0.81
322 93227 0.79
323 93527 0.79
324 93827 0.8
325 93997 0.79
326 94297 0.77
327 94597 0.77
328 94897 0.77
329 95197 0.78
330 95392 0.78
331 95692 0.76
332 95992 0.76
333 96292 0.77
334 96592 0.76
335 96732 0.78
336 97032 0.76
337 97332 0.78
338 97632 0.8
339 97932 0.8200000000000001
340 98231 0.8400000000000001
341 98531 0.8400000000000001
342 98808 0.8500000000000001
343 99108 0.8500000000000001
344 99345 0.8700000000000001
345 99645 0.8500000000000001
346 99945 0.8700000000000001
347 100245 0.8900000000000001
348 100545 0.9100000000000001
349 100845 0.9100000000000001
350 101145 0.9300000000000002
351 101445 0.9400000000000002
352 101745 0.9600000000000001
353 101868 0.9700000000000001
354 102168 0.9700000000000001
355 102468 0.9700000000000001
356 102574 0.9900000000000001
357 102823 0.98
358 103123 0.98
359 103316 0.9800000000000001
360 103616 0.9700000000000001
361 103794 0.98
362 104094 0.96
363 104248 0.9600000000000001
364 104548 0.9600000000000001
365 104848 0.98
366 105148 1.0
367 105448 1.0
368 105748 1.02
369 106048 1.02
370 106231 1.04
371 106326 1.02
372 106626 1.02
373 106926 1.02
374 107226 1.04
375 107526 1.05
376 107826 1.07
377 108053 1.08
378 108353 1.06
379 108653 1.07
380 108953 1.07
381 109182 1.09
382 109482 1.07
383 109635 1.07
384 109935 1.05
385 110235 1.07
386 110535 1.07
387 110684 1.07
388 110913 1.07
389 111213 1.05
390 111513 1.06
391 111737 1.08
392 111913 1.06
393 112213 1.06
394 112513 1.08
395 112715 1.1
396 113015 1.09
397 113315 1.09
398 113451 1.11
399 113751 1.09
400 113920 1.11
401 114171 1.11
402 114392 1.11
403 114652 1.1
404 114860 1.1
405 115049 1.08
406 115349 1.06
407 115649 1.05
408 115849 1.05
409 116149 1.05
410 116449 1.06
411 116749 1.08
412 117049 1.08
413 117349 1.08
414 117523 1.08
415 117711 1.08
416 117835 1.07
417 118013 1.07
418 118313 1.07
419 118613 1.09
420 118862 1.09
421 119162 1.09
422 119462 1.11
423 119616 1.11
424 119916 1.09
425 120216 1.11
426 120516 1.13
427 120816 1.13
428 121085 1.1500000000000001
429 121385 1.1500000000000001
430 121685 1.15
431 121985 1.17
432 122285 1.1900000000000002
433 122585 1.2000000000000002
434 122878 1.2200000000000002
435 123178 1.2200000000000002
436 123312 1.2200000000000002
437 123425 1.2200000000000002
438 123538 1.2000000000000002
439 123692 1.1900000000000002
440 123872 1.1900000000000002
441 124172 1.1800000000000002
442 124392 1.1900000000000002
443 124596 1.1700000000000002
444 124896 1.1700000000000002
445 125161 1.1900000000000002
446 125344 1.1700000000000002
447 125442 1.1600000000000001
448 125742 1.14
449 125983 1.14
450 126205 1.1400000000000001
451 126392 1.12
452 126692 1.1
453 126842 1.1
454 127142 1.1
455 127345 1.1
456 127645 1.08
457 127921 1.09
458 128221 1.07
459 128521 1.07
460 128821 1.06
461 129121 1.05
462 129421 1.07
463 129543 1.09
464 129667 1.09
465 129769 1.07
466 130069 1.07
467 130368 1.09
468 130668 1.09
469 130912 1.11
470 131212 1.11
471 131460 1.1300000000000001
472 131760 1.1300000000000001
473 131999 1.1300000000000001
474 132194 1.1300000000000001
475 132413 1.1300000000000001
476 132695 1.11
477 132995 1.1
478 133295 1.11
479 133595 1.1
480 133892 1.12
481 134192 1.1
482 134492 1.12
483 134792 1.1400000000000001
484 135048 1.1600000000000001
485 135348 1.1400000000000001
486 135648 1.1400000000000001
487 135889 1.1400000000000001
488 136189 1.1400000000000001
489 136489 1.1500000000000001
490 136713 1.1600000000000001
491 137013 1.1600000000000001
492 137163 1.1800000000000002
493 137275 1.1800000000000002
494 137519 1.1600000000000001
495 137819 1.1600000000000001
496 138119 1.1700000000000002
497 138321 1.1900000000000002
498 138621 1.1900000000000002
499 138756 1.1900000000000002
500 138981 1.1900000000000002
501 139209 1.1900000000000002
502 139509 1.1700000000000002
503 139649 1.1800000000000002
504 139949 1.1600000000000001
505 140249 1.1800000000000002
506 140549 1.2000000000000002
507 140849 1.2200000000000002
508 141144 1.2300000000000002
509 141443 1.2300000000000002
510 141553 1.2300000000000002
511 141853 1.2100000000000002
512 142153 1.23
513 142453 1.25
514 142674 1.2700000000000002
515 142974 1.2700000000000002
516 143262 1.2800000000000002
517 143497 1.2800000000000002
518 143586 1.2600000000000002
519 143886 1.2600000000000002
520 144013 1.2600000000000002
521 144207 1.2400000000000002
522 144507 1.2200000000000002
523 144807 1.2400000000000002
524 144992 1.2600000000000002
525 145228 1.2600000000000002
526 145528 1.2500000000000002
527 145670 1.2700000000000002
528 145930 1.2500000000000002
529 146230 1.2300000000000002
530 146351 1.2500000000000002
531 146649 1.2500000000000002
532 146906 1.2500000000000002
533 147102 1.2300000000000002
534 147207 1.2100000000000002
535 147507 1.2100000000000002
536 147660 1.2300000000000002
537 147960 1.2300000000000002
538 148260 1.2500000000000002
539 148389 1.2400000000000002
540 148689 1.2200000000000002
541 148978 1.2300000000000002
542 149278 1.2300000000000002
543 149502 1.2300000000000002
544 149682 1.2300000000000002
545 149982 1.2300000000000002
546 150282 1.2300000000000002
547 150582 1.2400000000000002
548 150882 1.2600000000000002
549 151022 1.2800000000000002
550 151322 1.2800000000000002
551 151622 1.3000000000000003
552 151922 1.3200000000000003
553 152208 1.33
554 152508 1.33
555 152808 1.35
556 153101 1.35
557 153401 1.33
558 153701 1.35
559 154001 1.37
560 154301 1.3900000000000001
561 154410 1.4100000000000001
562 154499 1.41
563 154739 1.4100000000000001
564 155039 1.4100000000000001
565 155241 1.4300000000000002
566 155323 1.43
567 155525 1.43
568 155711 1.4300000000000002
569 155821 1.4300000000000002
570 155978 1.43
571 156230 1.4100000000000001
572 156530 1.4100000000000001
573 156824 1.4200000000000002
574 156980 1.42
575 157280 1.4
576 157580 1.4200000000000002
577 157880 1.4100000000000001
578 158180 1.4
579 158436 1.42
580 158736 1.42
581 158840 1.44
582 158944 1.44
583 159165 1.44
584 159465 1.44
585 159765 1.46
586 160065 1.48
587 160182 1.5
588 160482 1.5
589 160636 1.49
590 160866 1.49
591 161019 1.49
592 161220 1.4900000000000002
593 161520 1.4800000000000002
594 161738 1.5
595 162009 1.5
596 162250 1.5
597 162514 1.5
598 162814 1.5
599 162961 1.52
600 163104 1.52
601 163404 1.52
602 163688 1.53
603 163988 1.53
604 164166 1.55
605 164444 1.53
606 164562 1.5100000000000002
607 164862 1.51
608 165118 1.52
609 165350 1.52
610 165650 1.52
611 165914 1.54
612 166029 1.52
613 166133 1.52
614 166309 1.52
615 166425 1.52
616 166562 1.52
617 166862 1.52
618 167159 1.54
619 167459 1.54
620 167759 1.56
621 168059 1.58
622 168188 1.6
623 168459 1.6
624 168557 1.58
625 168857 1.58
626 169057 1.57
627 169357 1.57
628 169657 1.59
629 169770 1.6100000000000003
630 169970 1.6100000000000003
631 170123 1.61
632 170423 1.61
633 170723 1.6300000000000001
634 170877 1.6500000000000001
635 171146 1.6500000000000001
636 171366 1.6500000000000001
637 171516 1.6500000000000001
638 171816 1.6500000000000001
639 172116 1.6700000000000002
640 172292 1.6900000000000002
641 172390 1.6900000000000002
642 172690 1.6900000000000002
643 172986 1.6900000000000002
644 173088 1.6900000000000002
645 173388 1.6900000000000002
646 173538 1.7100000000000002
647 173744 1.7100000000000002
648 173945 1.7100000000000002
649 174227 1.7100000000000002
650 174331 1.7100000000000002
651 174473 1.7100000000000002
652 174754 1.7100000000000002
653 174879 1.7100000000000002
654 175031 1.7100000000000002
655 175331 1.7100000000000002
656 175631 1.7300000000000002
657 175820 1.7500000000000002
658 175940 1.7500000000000002
659 176036 1.7500000000000002
660 176256 1.7500000000000002
661 176389 1.7500000000000002
662 176474 1.7500000000000002
663 176562 1.7500000000000002
664 176675 1.7300000000000002
665 176889 1.7300000000000002
666 177043 1.7300000000000002
667 177236 1.7300000000000002
668 177323 1.7300000000000002
669 177543 1.7300000000000002
670 177843 1.7200000000000002
671 178060 1.7400000000000002
672 178360 1.7200000000000002
673 178478 1.7300000000000002
674 178778 1.7300000000000002
675 179028 1.7500000000000002
676 179328 1.7500000000000002
677 179628 1.7700000000000002
678 179777 1.7900000000000003
679 179905 1.7900000000000003
680 180034 1.7700000000000002
681 180145 1.7700000000000002
682 180303 1.7700000000000002
683 180459 1.7700000000000002
684 180731 1.7700000000000002
685 180882 1.7600000000000002
686 180964 1.7600000000000002
687 181121 1.7400000000000002
688 181421 1.7300000000000002
689 181587 1.7300000000000002
690 181740 1.7300000000000002
691 181903 1.7300000000000002
692 182203 1.7300000000000002
693 182429 1.7400000000000002
694 182625 1.7400000000000002
695 182782 1.7400000000000002
696 183053 1.7400000000000002
697 183194 1.7400000000000002
698 183313 1.7400000000000002
699 183551 1.7400000000000002
700 183714 1.7400000000000002
701 184014 1.7400000000000002
702 184306 1.7500000000000002
703 184481 1.7500000000000002
704 184781 1.7500000000000002
705 185081 1.7700000000000002
706 185186 1.7700000000000002
707 185301 1.7700000000000002
708 185389 1.7700000000000002
709 185560 1.7700000000000002
710 185751 1.7700000000000002
711 186051 1.7700000000000002
712 186228 1.7900000000000003
713 186382 1.7900000000000003
714 186523 1.7900000000000003
715 186784 1.7900000000000003
716 187036 1.7700000000000002
717 187245 1.7700000000000002
718 187420 1.7600000000000002
719 187626 1.7600000000000002
720 187914 1.7400000000000002
721 188018 1.7400000000000002
722 188113 1.7400000000000002
723 188413 1.7400000000000002
724 188514 1.7600000000000002
725 188814 1.7600000000000002
726 188983 1.7800000000000002
727 189241 1.7800000000000002
728 189400 1.7800000000000002
729 189602 1.7800000000000002
730 189743 1.7800000000000002
731 189933 1.7800000000000002
732 190142 1.7800000000000002
733 190309 1.7800000000000002
734 190531 1.7800000000000002
735 190806 1.7800000000000002
736 190991 1.7800000000000002
737 191098 1.7800000000000002
738 191347 1.7800000000000002
739 191585 1.7800000000000002
740 191715 1.7800000000000002
741 191871 1.7800000000000002
742 192171 1.7800000000000002
743 192388 1.8000000000000003
744 192500 1.8000000000000003
745 192778 1.8000000000000003
746 192881 1.8000000000000003
747 193023 1.8000000000000003
748 193216 1.8000000000000003
749 193343 1.8000000000000003
750 193515 1.8000000000000003
751 193692 1.8000000000000003
752 193821 1.8000000000000003
753 193918 1.8000000000000003
754 193989 1.8000000000000003
755 194121 1.8000000000000003
756 194323 1.8000000000000003
757 194513 1.8000000000000003
758 194624 1.7800000000000002
759 194824 1.7800000000000002
760 194944 1.7800000000000002
761 195095 1.7800000000000002
762 195226 1.7800000000000002
763 195526 1.7800000000000002
764 195711 1.8000000000000003
765 195893 1.8000000000000003
766 196030 1.8000000000000003
767 196237 1.8000000000000003
768 196374 1.7800000000000002
769 196674 1.7800000000000002
770 196872 1.7900000000000003
771 197172 1.7900000000000003
772 197311 1.8100000000000003
773 197501 1.8100000000000003
774 197601 1.8100000000000003
775 197777 1.8100000000000003
776 198068 1.8100000000000003
777 198261 1.8100000000000003
778 198367 1.8100000000000003
779 198667 1.8100000000000003
780 198800 1.8300000000000003
781 199062 1.8300000000000003
782 199296 1.8300000000000003
783 199436 1.8300000000000003
784 199736 1.8300000000000003
785 199911 1.8400000000000003
786 200211 1.8400000000000003
787 200511 1.8600000000000003
788 200811 1.8700000000000003
789 200883 1.8900000000000001
790 201147 1.8900000000000001
791 201294 1.8900000000000001
792 201386 1.8900000000000001
793 201554 1.8900000000000001
794 201738 1.8900000000000001
795 201878 1.8900000000000001
796 201954 1.8900000000000001
797 202137 1.8900000000000001
798 202298 1.8900000000000001
799 202552 1.8900000000000001
800 202833 1.8900000000000001
801 203045 1.8900000000000001
802 203200 1.8900000000000001
803 203315 1.8900000000000001
804 203414 1.8900000000000001
805 203714 1.8900000000000001
806 203810 1.9100000000000001
807 203932 1.9100000000000001
808 204031 1.8900000000000001
809 204170 1.8900000000000001
810 204387 1.8900000000000001
811 204520 1.8900000000000001
812 204676 1.8900000000000001
813 204757 1.8900000000000001
814 204905 1.8900000000000001
815 205205 1.8900000000000001
816 205380 1.9100000000000001
817 205680 1.9100000000000001
818 205970 1.9200000000000004
819 206270 1.9200000000000004
820 206500 1.9200000000000004
821 206571 1.9200000000000004
822 206726 1.9200000000000004
823 206861 1.9200000000000004
824 206929 1.9200000000000004
825 207063 1.9200000000000004
826 207211 1.9200000000000004
827 207319 1.9200000000000004
828 207561 1.9200000000000004
829 207680 1.9200000000000004
830 207945 1.9200000000000004
831 208135 1.9000000000000004
832 208274 1.9000000000000004
833 208389 1.9000000000000004
834 208571 1.9000000000000004
835 208777 1.9000000000000004
836 208951 1.9000000000000004
837 209183 1.9000000000000004
838 209249 1.9000000000000004
839 209361 1.9000000000000004
840 209428 1.9000000000000004
841 209564 1.9000000000000004
842 209759 1.9000000000000004
843 209884 1.9000000000000004
844 210067 1.9000000000000004
845 210182 1.9000000000000004
846 210361 1.9000000000000004
847 210551 1.9000000000000004
848 210685 1.9000000000000004
849 210813 1.9000000000000004
850 210893 1.9000000000000004
851 211152 1.9000000000000004
852 211313 1.8800000000000003
853 211558 1.8800000000000003
854 211800 1.8800000000000003
855 212019 1.8800000000000003
856 212110 1.8800000000000003
857 212410 1.8800000000000003
858 212585 1.9000000000000004
859 212698 1.9000000000000004
860 212846 1.9000000000000004
861 213013 1.9000000000000004
862 213165 1.9000000000000004
863 213331 1.9000000000000004
864 213437 1.9000000000000004
865 213613 1.9000000000000004
866 213720 1.9000000000000004
867 214020 1.9000000000000004
868 214302 1.9200000000000004
869 214560 1.9200000000000004
870 214727 1.9200000000000004
871 214873 1.9200000000000004
872 214994 1.9200000000000004
873 215068 1.9200000000000004
874 215226 1.9100000000000004
875 215388 1.9100000000000004
876 215491 1.9100000000000004
877 215586 1.9100000000000004
878 215683 1.9100000000000004
879 215757 1.9100000000000004
880 215944 1.9100000000000004
881 216109 1.9100000000000004
882 216215 1.9100000000000004
883 216301 1.9100000000000004
884 216401 1.9100000000000004
885 216529 1.9100000000000004
886 216658 1.9100000000000004
887 216740 1.9100000000000004
888 216826 1.9100000000000004
889 217012 1.9100000000000004
890 217087 1.9100000000000004
891 217207 1.9100000000000004
892 217308 1.9100000000000004
893 217412 1.9100000000000004
894 217504 1.9100000000000004
895 217706 1.9100000000000004
896 217823 1.9100000000000004
897 218020 1.9100000000000004
898 218115 1.9100000000000004
899 218365 1.9100000000000004
900 218493 1.9100000000000004
901 218649 1.9100000000000004
902 218863 1.9100000000000004
903 219086 1.9100000000000004
904 219330 1.9100000000000004
905 219534 1.9100000000000004
906 219665 1.9100000000000004
907 219965 1.9100000000000004
908 220127 1.9300000000000004
909 220210 1.9300000000000004
910 220288 1.9300000000000004
911 220343 1.9300000000000004
912 220539 1.9300000000000004
913 220712 1.9300000000000004
914 220848 1.9300000000000004
915 220937 1.9300000000000004
916 221049 1.9300000000000004
917 221142 1.9300000000000004
918 221256 1.9300000000000004
919 221556 1.9300000000000004
920 221679 1.9500000000000004
921 221896 1.9500000000000004
922 222025 1.9500000000000004
923 222103 1.9500000000000004
924 222219 1.9500000000000004
925 222299 1.9500000000000004
926 222437 1.9500000000000004
927 222636 1.9500000000000004
928 222742 1.9500000000000004
929 222810 1.9500000000000004
930 223110 1.9500000000000004
931 223229 1.9700000000000002
932 223310 1.9700000000000002
933 223538 1.9500000000000002
934 223633 1.9500000000000002
935 223865 1.9300000000000002
936 224058 1.9300000000000002
937 224233 1.9300000000000004
938 224328 1.9300000000000004
939 224481 1.9300000000000004
940 224637 1.9300000000000004
941 224755 1.9300000000000004
942 224915 1.9300000000000004
943 225034 1.9300000000000004
944 225163 1.9300000000000004
945 225242 1.9300000000000004
946 225319 1.9300000000000004
947 225509 1.9300000000000004
948 225672 1.9300000000000004
949 225817 1.9300000000000004
950 226012 1.9300000000000004
951 226312 1.9300000000000004
952 226603 1.9500000000000004
953 226804 1.9500000000000004
954 226973 1.9500000000000004
955 227099 1.9500000000000004
956 227324 1.9500000000000004
957 227415 1.9500000000000004
958 227504 1.9500000000000004
959 227594 1.9500000000000004
960 227795 1.9500000000000004
961 227905 1.9500000000000004
962 228059 1.9500000000000004
963 228211 1.9500000000000004
964 228341 1.9500000000000004
965 228459 1.9500000000000004
966 228553 1.9500000000000004
967 228666 1.9500000000000004
968 228798 1.9500000000000004
969 229039 1.9500000000000004
970 229139 1.9500000000000004
971 229263 1.9500000000000004
972 229541 1.9500000000000004
973 229841 1.9500000000000004
974 229935 1.9600000000000004
975 230048 1.9600000000000004
976 230197 1.9600000000000004
977 230458 1.9600000000000004
978 230550 1.9600000000000004
979 230642 1.9600000000000004
980 230799 1.9600000000000004
981 230863 1.9600000000000004
982 231114 1.9600000000000004
983 231205 1.9600000000000004
984 231297 1.9600000000000004
985 231473 1.9600000000000004
986 231554 1.9600000000000004
987 231740 1.9600000000000004
988 231848 1.9600000000000004
989 231919 1.9600000000000004
990 231994 1.9600000000000004
991 232114 1.9600000000000004
992 232195 1.9600000000000004
993 232327 1.9600000000000004
994 232453 1.9600000000000004
995 232557 1.9600000000000004
996 232728 1.9600000000000004
997 232872 1.9600000000000004
998 232979 1.9600000000000004
999 233082 1.9600000000000004
1000 233167 1.9600000000000004
1001 233402 1.9600000000000004
1002 233508 1.9600000000000004
1003 233616 1.9600000000000004
1004 233714 1.9600000000000004
1005 233927 1.9600000000000004
1006 234149 1.9600000000000004
1007 234300 1.9600000000000004
1008 234411 1.9600000000000004
1009 234520 1.9600000000000004
1010 234670 1.9600000000000004
1011 234764 1.9600000000000004
1012 234900 1.9600000000000004
1013 234994 1.9600000000000004
1014 235072 1.9600000000000004
1015 235161 1.9600000000000004
1016 235257 1.9600000000000004
1017 235439 1.9600000000000004
1018 235654 1.9600000000000004
1019 235798 1.9600000000000004
1020 236071 1.9600000000000004
1021 236182 1.9600000000000004
1022 236335 1.9600000000000004
1023 236429 1.9600000000000004
1024 236614 1.9600000000000004
1025 236696 1.9600000000000004
1026 236773 1.9600000000000004
1027 236894 1.9600000000000004
1028 237058 1.9600000000000004
1029 237166 1.9600000000000004
1030 237263 1.9600000000000004
1031 237445 1.9600000000000004
1032 237745 1.9600000000000004
1033 237841 1.9800000000000004
1034 238141 1.9600000000000004
1035 238341 1.9800000000000002
1036 238435 1.9800000000000002
1037 238547 1.9800000000000002
1038 238641 1.9800000000000004
1039 238916 1.9800000000000004
1040 239179 1.9800000000000004
1041 239461 1.9800000000000004
1042 239564 1.9800000000000004
1043 239708 1.9800000000000004
1044 239800 1.9800000000000004
1045 239926 1.9800000000000004
1046 239991 1.9800000000000004
1047 240212 1.9800000000000004
1048 240311 1.9800000000000004
1049 240456 1.9800000000000004
1050 240587 1.9800000000000004
1051 240696 1.9800000000000004
1052 240850 1.9600000000000004
1053 240981 1.9600000000000004
1054 241122 1.9600000000000004
1055 241244 1.9600000000000004
1056 241406 1.9600000000000004
1057 241546 1.9600000000000004
1058 241626 1.9600000000000004
1059 241714 1.9600000000000004
1060 241864 1.9600000000000004
1061 242009 1.9600000000000004
1062 242179 1.9600000000000004
1063 242361 1.9600000000000004
1064 242525 1.9600000000000004
1065 242656 1.9600000000000004
1066 242928 1.9600000000000004
1067 243088 1.9600000000000004
1068 243358 1.9600000000000004
1069 243535 1.9600000000000004
1070 243620 1.9600000000000004
1071 243787 1.9600000000000004
1072 243878 1.9600000000000004
1073 244108 1.9600000000000004
1074 244294 1.9600000000000004
1075 244404 1.9600000000000004
1076 244562 1.9600000000000004
1077 244684 1.9600000000000004
1078 244906 1.9600000000000004
1079 245030 1.9600000000000004
1080 245244 1.9600000000000004
1081 245383 1.9600000000000004
1082 245477 1.9600000000000004
1083 245640 1.9600000000000004
1084 245738 1.9600000000000004
1085 245837 1.9600000000000004
1086 246027 1.9600000000000004
1087 246153 1.9600000000000004
1088 246257 1.9600000000000004
1089 246355 1.9400000000000004
1090 246627 1.9400000000000004
1091 246809 1.9400000000000004
1092 246982 1.9400000000000004
1093 247187 1.9400000000000004
1094 247314 1.9400000000000004
1095 247409 1.9400000000000004
1096 247530 1.9400000000000004
1097 247600 1.9400000000000004
1098 247773 1.9400000000000004
1099 247879 1.9400000000000004
1100 248051 1.9400000000000004
1101 248192 1.9400000000000004
1102 248368 1.9400000000000004
1103 248490 1.9200000000000004
1104 248662 1.9200000000000004
1105 248817 1.9200000000000004
1106 249033 1.9200000000000004
1107 249158 1.9200000000000004
1108 249246 1.9200000000000004
1109 249452 1.9200000000000004
1110 249548 1.9200000000000004
1111 249672 1.9200000000000004
1112 249782 1.9200000000000004
1113 249972 1.9200000000000004
1114 250075 1.9000000000000004
1115 250139 1.9000000000000004
1116 250324 1.9000000000000004
1117 250597 1.9000000000000004
1118 250738 1.9000000000000004
1119 250842 1.9000000000000004
1120 251056 1.9000000000000004
1121 251149 1.9000000000000004
1122 251256 1.9000000000000004
1123 251434 1.9000000000000004
1124 251520 1.9000000000000004
1125 251631 1.9000000000000004
1126 251772 1.9000000000000004
1127 251932 1.9000000000000004
1128 252192 1.9000000000000004
1129 252303 1.9000000000000004
1130 252511 1.9000000000000004
1131 252659 1.9000000000000004
1132 252784 1.9000000000000004
1133 253084 1.9000000000000004
1134 253182 1.9200000000000004
1135 253270 1.9200000000000004
1136 253411 1.9200000000000004
1137 253629 1.9200000000000004
1138 253711 1.9200000000000004
1139 253795 1.9200000000000004
1140 253879 1.9200000000000004
1141 254031 1.9200000000000004
1142 254135 1.9200000000000004
1143 254239 1.9200000000000004
1144 254321 1.9200000000000004
1145 254387 1.9200000000000004
1146 254530 1.9200000000000004
1147 254619 1.9200000000000004
1148 254731 1.9200000000000004
1149 254912 1.9200000000000004
1150 255017 1.9200000000000004
1151 255317 1.9000000000000004
1152 255552 1.9200000000000004
1153 255639 1.9200000000000004
1154 255780 1.9200000000000004
1155 255917 1.9200000000000004
1156 256142 1.9200000000000004
1157 256231 1.9200000000000004
1158 256338 1.9200000000000004
1159 256628 1.9200000000000004
1160 256733 1.9200000000000004
1161 256810 1.9200000000000004
1162 256910 1.9100000000000004
1163 257004 1.9100000000000004
1164 257251 1.9100000000000004
1165 257338 1.9100000000000004
1166 257421 1.9100000000000004
1167 257504 1.9100000000000004
1168 257622 1.9100000000000004
1169 257706 1.9100000000000004
1170 257798 1.9100000000000004
1171 257880 1.9100000000000004
1172 258026 1.9100000000000004
1173 258094 1.9100000000000004
1174 258187 1.9100000000000004
1175 258274 1.9100000000000004
1176 258359 1.9100000000000004
1177 258443 1.9100000000000004
1178 258539 1.9100000000000004
1179 258628 1.9100000000000004
1180 258844 1.9100000000000004
1181 258965 1.9100000000000004
1182 259102 1.9100000000000004
1183 259188 1.9100000000000004
1184 259293 1.9100000000000004
1185 259366 1.9100000000000004
1186 259488 1.9100000000000004
1187 259632 1.9100000000000004
1188 259932 1.9100000000000004
1189 260026 1.9300000000000004
1190 260173 1.9300000000000004
1191 260295 1.9300000000000004
1192 260520 1.9300000000000004
1193 260708 1.9300000000000004
1194 260771 1.9300000000000004
1195 260839 1.9300000000000004
1196 261002 1.9300000000000004
1197 261121 1.9300000000000004
1198 261202 1.9300000000000004
1199 261266 1.9300000000000004
1200 261342 1.9300000000000004
1201 261606 1.9300000000000004
1202 261906 1.9300000000000004
1203 262022 1.9500000000000004
1204 262234 1.9500000000000004
1205 262441 1.9500000000000004
1206 262597 1.9500000000000004
1207 262668 1.9500000000000004
1208 262770 1.9500000000000004
1209 262902 1.9500000000000004
1210 263027 1.9500000000000004
1211 263118 1.9500000000000004
1212 263229 1.9500000000000004
1213 263529 1.9500000000000004
1214 263616 1.9700000000000004
1215 263723 1.9600000000000004
1216 263806 1.9600000000000004
1217 263947 1.9600000000000004
1218 264194 1.9600000000000004
1219 264279 1.9600000000000004
1220 264555 1.9600000000000004
1221 264688 1.9600000000000004
1222 264764 1.9600000000000004
1223 264882 1.9600000000000004
1224 264944 1.9600000000000004
1225 265022 1.9600000000000004
1226 265126 1.9600000000000004
1227 265208 1.9600000000000004
1228 265353 1.9600000000000004
1229 265528 1.9600000000000004
1230 265603 1.9600000000000004
1231 265680 1.9600000000000004
1232 265767 1.9600000000000004
1233 266055 1.9600000000000004
1234 266135 1.9600000000000004
1235 266239 1.9600000000000004
1236 266380 1.9600000000000004
1237 266442 1.9600000000000004
1238 266536 1.9600000000000004
1239 266615 1.9600000000000004
1240 266667 1.9600000000000004
1241 266788 1.9600000000000004
1242 266993 1.9600000000000004
1243 267089 1.9600000000000004
1244 267226 1.9600000000000004
1245 267349 1.9600000000000004
1246 267429 1.9600000000000004
1247 267556 1.9600000000000004
1248 267649 1.9600000000000004
1249 267829 1.9600000000000004
1250 268129 1.9600000000000004
1251 268194 1.9800000000000004
1252 268278 1.9800000000000004
1253 268362 1.9800000000000004
1254 268470 1.9800000000000004
1255 268587 1.9800000000000004
1256 268697 1.9800000000000004
1257 268819 1.9800000000000004
1258 269022 1.9800000000000004
1259 269138 1.9800000000000004
1260 269261 1.9800000000000004
1261 269561 1.9800000000000004
1262 269840 1.9900000000000002
1263 270073 1.9900000000000002
1264 270176 1.9900000000000002
1265 270320 1.9900000000000002
1266 270407 1.9900000000000002
1267 270504 1.9900000000000002
1268 270680 1.9900000000000002
1269 270757 1.9900000000000002
1270 270847 1.9900000000000002
1271 270984 1.9900000000000002
1272 271082 1.9900000000000002
1273 271167 1.9900000000000002
1274 271234 1.9900000000000002
1275 271425 1.9700000000000002
1276 271526 1.9700000000000002
1277 271598 1.9700000000000002
1278 271702 1.9700000000000002
1279 271778 1.9700000000000002
1280 271875 1.9700000000000002
1281 271959 1.9700000000000002
1282 272061 1.9700000000000002
1283 272119 1.9700000000000002
1284 272202 1.9700000000000002
1285 272301 1.9700000000000002
1286 272387 1.9700000000000002
1287 272476 1.9700000000000002
1288 272578 1.9700000000000002
1289 272660 1.9700000000000002
1290 272731 1.9700000000000002
1291 272794 1.9700000000000002
1292 272880 1.9700000000000002
1293 272953 1.9700000000000002
1294 273114 1.9700000000000002
1295 273244 1.9700000000000002
1296 273366 1.9700000000000002
1297 273448 1.9700000000000002
1298 273662 1.9700000000000002
1299 273819 1.9700000000000002
1300 274021 1.9700000000000002
1301 274136 1.9700000000000002
1302 274359 1.9700000000000002
1303 274449 1.9700000000000002
1304 274557 1.9700000000000002
1305 274769 1.9700000000000002
1306 274853 1.9700000000000002
1307 274952 1.9700000000000002
1308 275122 1.9700000000000002
1309 275223 1.9700000000000002
1310 275320 1.9700000000000002
1311 275467 1.9700000000000002
1312 275543 1.9700000000000002
1313 275625 1.9700000000000002
1314 275925 1.9700000000000002
1315 276002 1.9800000000000004
1316 276124 1.9800000000000004
1317 276249 1.9800000000000004
1318 276341 1.9800000000000004
1319 276622 1.9800000000000004
1320 276709 1.9800000000000004
1321 276779 1.9800000000000004
1322 276929 1.9800000000000004
1323 277061 1.9800000000000004
1324 277301 1.9800000000000004
1325 277502 1.9800000000000004
1326 277618 1.9800000000000004
1327 277701 1.9800000000000004
1328 277858 1.9800000000000004
1329 278009 1.9800000000000004
1330 278094 1.9800000000000004
1331 278346 1.9800000000000004
1332 278459 1.9800000000000004
1333 278537 1.9600000000000004
1334 278651 1.9600000000000004
1335 278737 1.9600000000000004
1336 278816 1.9600000000000004
1337 278918 1.9600000000000004
1338 279065 1.9600000000000004
1339 279168 1.9600000000000004
1340 279318 1.9600000000000004
1341 279479 1.9600000000000004
1342 279604 1.9600000000000004
1343 279757 1.9600000000000004
1344 279858 1.9600000000000004
1345 279976 1.9600000000000004
1346 280091 1.9600000000000004
1347 280171 1.9600000000000004
1348 280258 1.9600000000000004
1349 280321 1.9600000000000004
1350 280411 1.9600000000000004
1351 280504 1.9600000000000004
1352 280621 1.9600000000000004
1353 280720 1.9600000000000004
1354 280858 1.9600000000000004
1355 280992 1.9600000000000004
1356 281106 1.9600000000000004
1357 281207 1.9600000000000004
1358 281334 1.9600000000000004
1359 281463 1.9600000000000004
1360 281537 1.9600000000000004
1361 281657 1.9600000000000004
1362 281816 1.9600000000000004
1363 282059 1.9600000000000004
1364 282188 1.9600000000000004
1365 282293 1.9600000000000004
1366 282418 1.9600000000000004
1367 282499 1.9600000000000004
1368 282595 1.9600000000000004
1369 282676 1.9600000000000004
1370 282769 1.9600000000000004
1371 282878 1.9600000000000004
1372 282979 1.9600000000000004
1373 283050 1.9600000000000004
1374 283350 1.9600000000000004
1375 283471 1.9800000000000004
1376 283554 1.9800000000000004
1377 283717 1.9600000000000004
1378 283840 1.9600000000000004
1379 283918 1.9600000000000004
1380 284119 1.9600000000000004
1381 284187 1.9600000000000004
1382 284291 1.9600000000000004
1383 284420 1.9600000000000004
1384 284550 1.9600000000000004
1385 284629 1.9600000000000004
1386 284704 1.9600000000000004
1387 284776 1.9600000000000004
1388 284859 1.9600000000000004
1389 284960 1.9600000000000004
1390 285215 1.9600000000000004
1391 285320 1.9600000000000004
1392 285408 1.9600000000000004
1393 285486 1.9600000000000004
1394 285545 1.9600000000000004
1395 285644 1.9600000000000004
1396 285734 1.9600000000000004
1397 285837 1.9600000000000004
1398 285903 1.9600000000000004
1399 286052 1.9600000000000004
1400 286221 1.9600000000000004
1401 286298 1.9600000000000004
1402 286385 1.9600000000000004
1403 286488 1.9600000000000004
1404 286773 1.9600000000000004
1405 286925 1.9600000000000004
1406 286999 1.9600000000000004
1407 287083 1.9600000000000004
1408 287166 1.9600000000000004
1409 287291 1.9600000000000004
1410 287408 1.9600000000000004
1411 287509 1.9600000000000004
1412 287797 1.9600000000000004
1413 287927 1.9600000000000004
1414 288009 1.9600000000000004
1415 288136 1.9600000000000004
1416 288209 1.9600000000000004
1417 288345 1.9600000000000004
1418 288512 1.9600000000000004
1419 288648 1.9600000000000004
1420 288719 1.9600000000000004
1421 288802 1.9600000000000004
1422 288911 1.9600000000000004
1423 289042 1.9600000000000004
1424 289122 1.9600000000000004
1425 289259 1.9600000000000004
1426 289352 1.9600000000000004
1427 289480 1.9600000000000004
1428 289689 1.9600000000000004
1429 289765 1.9600000000000004
1430 289867 1.9600000000000004
1431 289981 1.9600000000000004
1432 290281 1.9600000000000004
1433 290435 1.9800000000000004
1434 290523 1.9800000000000004
1435 290640 1.9800000000000004
1436 290760 1.9800000000000004
1437 290859 1.9800000000000004
1438 290940 1.9800000000000004
1439 291002 1.9800000000000004
1440 291096 1.9800000000000004
1441 291162 1.9800000000000004
1442 291242 1.9800000000000004
1443 291300 1.9800000000000004
1444 291403 1.9800000000000004
1445 291514 1.9800000000000004
1446 291590 1.9800000000000004
1447 291707 1.9800000000000004
1448 291782 1.9800000000000004
1449 291843 1.9800000000000004
1450 291949 1.9800000000000004
1451 292025 1.9800000000000004
1452 292156 1.9800000000000004
1453 292239 1.9800000000000004
1454 292359 1.9800000000000004
1455 292432 1.9800000000000004
1456 292535 1.9800000000000004
1457 292646 1.9800000000000004
1458 292780 1.9800000000000004
1459 292893 1.9800000000000004
1460 292979 1.9800000000000004
1461 293058 1.9800000000000004
1462 293144 1.9800000000000004
1463 293272 1.9800000000000004
1464 293388 1.9800000000000004
1465 293497 1.9800000000000004
1466 293611 1.9800000000000004
1467 293698 1.9800000000000004
1468 293850 1.9800000000000004
1469 293989 1.9800000000000004
1470 294067 1.9800000000000004
1471 294174 1.9800000000000004
1472 294249 1.9800000000000004
1473 294353 1.9800000000000004
1474 294438 1.9800000000000004
1475 294502 1.9800000000000004
1476 294802 1.9800000000000004
1477 294867 2.0
1478 295052 2.0
1479 295208 2.0
1480 295297 2.0
1481 295438 2.0
1482 295552 2.0
1483 295782 2.0
1484 295881 2.0
1485 295969 2.0
1486 296125 2.0
1487 296221 2.0
1488 296299 2.0
1489 296403 2.0
1490 296495 2.0
1491 296563 2.0
1492 296738 2.0
1493 296812 2.0
1494 296902 2.0
1495 296995 2.0
1496 297112 2.0
1497 297182 2.0
1498 297328 2.0
1499 297465 2.0
1500 297617 2.0
1501 297690 2.0
1502 297784 2.0
1503 297883 2.0
1504 298007 2.0
1505 298099 2.0
1506 298210 2.0
1507 298285 2.0
1508 298416 2.0
1509 298495 2.0
1510 298563 2.0
1511 298650 2.0
1512 298721 2.0
1513 298838 2.0
1514 298954 2.0
1515 299042 2.0
1516 299122 2.0
1517 299204 2.0
1518 299324 2.0
1519 299401 2.0
1520 299478 2.0
1521 299565 2.0
1522 299625 2.0
1523 299705 2.0
1524 299781 2.0
1525 299918 2.0
1526 300096 2.0
1527 300175 2.0
1528 300256 2.0
1529 300369 2.0
1530 300456 2.0
1531 300621 2.0
1532 300846 2.0
1533 300968 2.0
1534 301130 2.0
1535 301228 2.0
1536 301369 2.0
1537 301503 2.0
1538 301565 2.0
1539 301651 2.0
1540 301741 2.0
1541 301820 2.0
1542 301898 2.0
1543 302081 2.0
1544 302146 2.0
1545 302247 2.0
1546 302322 2.0
1547 302419 2.0
1548 302500 2.0
1549 302631 2.0
1550 302737 2.0
1551 302820 2.0
1552 303025 2.0
1553 303092 2.0
1554 303181 1.9800000000000002
1555 303321 1.9800000000000002
1556 303432 1.9800000000000002
1557 303507 1.9800000000000002
1558 303593 1.9800000000000004
1559 303688 1.9800000000000004
1560 303800 1.9800000000000004
1561 303889 1.9800000000000004
1562 303981 1.9800000000000004
1563 304087 1.9800000000000004
1564 304217 1.9800000000000004
1565 304411 1.9800000000000004
1566 304512 1.9800000000000004
1567 304600 1.9800000000000004
1568 304761 1.9800000000000004
1569 304958 1.9800000000000004
1570 305059 1.9800000000000004
1571 305252 1.9800000000000004
1572 305445 1.9800000000000004
1573 305497 1.9800000000000004
1574 305576 1.9800000000000004
1575 305740 1.9800000000000004
1576 305826 1.9800000000000004
1577 305915 1.9800000000000004
1578 306021 1.9800000000000004
1579 306080 1.9800000000000004
1580 306177 1.9800000000000004
1581 306314 1.9800000000000004
1582 306458 1.9800000000000004
1583 306580 1.9800000000000004
1584 306709 1.9800000000000004
1585 306777 1.9800000000000004
1586 306874 1.9800000000000004
1587 306947 1.9800000000000004
1588 307090 1.9800000000000004
1589 307217 1.9800000000000004
1590 307343 1.9800000000000004
1591 307453 1.9800000000000004
1592 307560 1.9800000000000004
1593 307666 1.9800000000000004
1594 307812 1.9800000000000004
1595 307928 1.9800000000000004
1596 308033 1.9800000000000004
1597 308115 1.9800000000000004
1598 308192 1.9800000000000004
1599 308294 1.9800000000000004
1600 308491 1.9800000000000004
1601 308596 1.9800000000000004
1602 308786 1.9800000000000004
1603 308932 1.9800000000000004
1604 309116 1.9800000000000004
1605 309324 1.9800000000000004
1606 309429 1.9800000000000004
1607 309575 1.9800000000000004
1608 309705 1.9800000000000004
1609 309852 1.9800000000000004
1610 309927 1.9800000000000004
1611 310004 1.9800000000000004
1612 310105 1.9800000000000004
1613 310189 1.9800000000000004
1614 310295 1.9800000000000004
1615 310506 1.9800000000000004
1616 310679 1.9800000000000004
1617 310817 1.9800000000000004
1618 310926 1.9800000000000004
1619 311027 1.9800000000000004
1620 311117 1.9800000000000004
1621 311226 1.9800000000000004
1622 311305 1.9800000000000004
1623 311399 1.9800000000000004
1624 311468 1.9800000000000004
1625 311625 1.9800000000000004
1626 311742 1.9800000000000004
1627 311849 1.9800000000000004
1628 311921 1.9800000000000004
1629 312061 1.9800000000000004
1630 312157 1.9800000000000004
1631 312235 1.9800000000000004
1632 312304 1.9800000000000004
1633 312421 1.9800000000000004
1634 312528 1.9800000000000004
1635 312626 1.9800000000000004
1636 312734 1.9800000000000004
1637 312822 1.9800000000000004
1638 312900 1.9800000000000004
1639 312966 1.9800000000000004
1640 313136 1.9800000000000004
1641 313270 1.9800000000000004
1642 313364 1.9800000000000004
1643 313484 1.9800000000000004
1644 313588 1.9800000000000004
1645 313709 1.9800000000000004
1646 313774 1.9800000000000004
1647 313894 1.9800000000000004
1648 313979 1.9800000000000004
1649 314057 1.9800000000000004
1650 314210 1.9800000000000004
1651 314294 1.9800000000000004
1652 314362 1.9800000000000004
1653 314662 1.9800000000000004
1654 314776 2.0
1655 314892 2.0
1656 314977 2.0
1657 315166 2.0
1658 315290 2.0
1659 315412 2.0
1660 315486 2.0
1661 315569 2.0
1662 315670 2.0
1663 315762 2.0
1664 315853 2.0
1665 315936 2.0
1666 316027 2.0
1667 316118 2.0
1668 316212 2.0
1669 316358 2.0
1670 316451 2.0
1671 316552 2.0
1672 316640 2.0
1673 316717 2.0
1674 316774 2.0
1675 316927 2.0
1676 317014 2.0
1677 317072 2.0
1678 317133 2.0
1679 317218 2.0
1680 317338 2.0
1681 317475 1.9800000000000002
1682 317584 1.9800000000000002
1683 317694 1.9800000000000002
1684 317768 1.9800000000000002
1685 317879 1.9800000000000004
1686 318051 1.9800000000000004
1687 318169 1.9800000000000004
1688 318239 1.9800000000000004
1689 318349 1.9800000000000004
1690 318464 1.9800000000000004
1691 318565 1.9800000000000004
1692 318653 1.9800000000000004
1693 318740 1.9800000000000004
1694 318984 1.9800000000000004
1695 319070 1.9800000000000004
1696 319228 1.9800000000000004
1697 319287 1.9800000000000004
1698 319382 1.9800000000000004
1699 319475 1.9800000000000004
1700 319600 1.9800000000000004
1701 319683 1.9800000000000004
1702 319870 1.9800000000000004
1703 319949 1.9800000000000004
1704 320000 1.9800000000000004
1705 320079 1.9800000000000004
1706 320170 1.9800000000000004
1707 320237 1.9800000000000004
1708 320352 1.9800000000000004
1709 320448 1.9800000000000004
1710 320563 1.9800000000000004
1711 320640 1.9800000000000004
1712 320721 1.9800000000000004
1713 320808 1.9800000000000004
1714 320908 1.9800000000000004
1715 320978 1.9800000000000004
1716 321110 1.9800000000000004
1717 321213 1.9800000000000004
1718 321306 1.9800000000000004
1719 321395 1.9800000000000004
1720 321478 1.9800000000000004
1721 321544 1.9800000000000004
1722 321627 1.9800000000000004
1723 321840 1.9800000000000004
1724 321944 1.9800000000000004
1725 322022 1.9800000000000004
1726 322104 1.9800000000000004
1727 322230 1.9800000000000004
1728 322312 1.9800000000000004
1729 322401 1.9800000000000004
1730 322475 1.9800000000000004
1731 322584 1.9800000000000004
1732 322741 1.9800000000000004
1733 322843 1.9800000000000004
1734 322918 1.9800000000000004
1735 322999 1.9800000000000004
1736 323088 1.9800000000000004
1737 323191 1.9800000000000004
1738 323295 1.9800000000000004
1739 323379 1.9800000000000004
1740 323471 1.9800000000000004
1741 323572 1.9800000000000004
1742 323650 1.9800000000000004
1743 323729 1.9800000000000004
1744 323812 1.9800000000000004
1745 323894 1.9800000000000004
1746 323978 1.9800000000000004
1747 324071 1.9800000000000004
1748 324286 1.9800000000000004
1749 324427 1.9800000000000004
1750 324571 1.9800000000000004
1751 324700 1.9800000000000004
1752 324786 1.9800000000000004
1753 324857 1.9800000000000004
1754 324956 1.9800000000000004
1755 325002 1.9800000000000004
1756 325060 1.9800000000000004
1757 325219 1.9800000000000004
1758 325296 1.9800000000000004
1759 325369 1.9800000000000004
1760 325453 1.9800000000000004
1761 325558 1.9800000000000004
1762 325653 1.9800000000000004
1763 325727 1.9800000000000004
1764 325809 1.9800000000000004
1765 325970 1.9800000000000004
1766 326057 1.9800000000000004
1767 326183 1.9800000000000004
1768 326252 1.9800000000000004
1769 326409 1.9800000000000004
1770 326485 1.9800000000000004
1771 326655 1.9800000000000004
1772 326793 1.9800000000000004
1773 326890 1.9800000000000004
1774 326960 1.9800000000000004
1775 327081 1.9800000000000004
1776 327209 1.9800000000000004
1777 327267 1.9800000000000004
1778 327368 1.9800000000000004
1779 327443 1.9800000000000004
1780 327743 1.9800000000000004
1781 327830 2.0
1782 327962 2.0
1783 328046 2.0
1784 328168 2.0
1785 328258 2.0
1786 328325 2.0
1787 328389 2.0
1788 328470 2.0
1789 328585 2.0
1790 328679 2.0
1791 328777 2.0
1792 328897 2.0
1793 329108 2.0
1794 329200 2.0
1795 329321 2.0
1796 329428 2.0
1797 329491 2.0
1798 329592 2.0
1799 329664 2.0
1800 329736 2.0
1801 329834 2.0
1802 329931 1.9800000000000002
1803 330005 1.9800000000000002
1804 330082 1.9800000000000002
1805 330138 1.9800000000000002
1806 330191 1.9800000000000004
1807 330289 1.9800000000000004
1808 330368 1.9800000000000004
1809 330502 1.9800000000000004
1810 330622 1.9800000000000004
1811 330695 1.9800000000000004
1812 330761 1.9800000000000004
1813 330836 1.9800000000000004
1814 330952 1.9800000000000004
1815 331058 1.9800000000000004
1816 331144 1.9800000000000004
1817 331213 1.9800000000000004
1818 331313 1.9800000000000004
1819 331443 1.9800000000000004
1820 331539 1.9800000000000004
1821 331592 1.9800000000000004
1822 331673 1.9800000000000004
1823 331753 1.9800000000000004
1824 331851 1.9800000000000004
1825 331934 1.9800000000000004
1826 332030 1.9800000000000004
1827 332094 1.9800000000000004
1828 332202 1.9800000000000004
1829 332277 1.9800000000000004
1830 332369 1.9800000000000004
1831 332457 1.9800000000000004
1832 332525 1.9800000000000004
1833 332650 1.9800000000000004
1834 332750 1.9800000000000004
1835 332855 1.9800000000000004
1836 332960 1.9800000000000004
1837 333113 1.9800000000000004
1838 333224 1.9800000000000004
1839 333424 1.9800000000000004
1840 333488 1.9800000000000004
1841 333602 1.9800000000000004
1842 333684 1.9800000000000004
1843 333820 1.9800000000000004
1844 333898 1.9800000000000004
1845 333961 1.9800000000000004
1846 334073 1.9800000000000004
1847 334150 1.9800000000000004
1848 334233 1.9800000000000004
1849 334341 1.9800000000000004
1850 334420 1.9800000000000004
1851 334523 1.9800000000000004
1852 334600 1.9800000000000004
1853 334777 1.9800000000000004
1854 334883 1.9800000000000004
1855 334966 1.9800000000000004
1856 335029 1.9800000000000004
1857 335092 1.9800000000000004
1858 335169 1.9800000000000004
1859 335279 1.9800000000000004
1860 335338 1.9800000000000004
1861 335406 1.9800000000000004
1862 335486 1.9800000000000004
1863 335546 1.9800000000000004
1864 335617 1.9800000000000004
1865 335690 1.9800000000000004
1866 335782 1.9800000000000004
1867 335865 1.9800000000000004
1868 335982 1.9800000000000004
1869 336078 1.9800000000000004
1870 336179 1.9800000000000004
1871 336278 1.9800000000000004
1872 336383 1.9800000000000004
1873 336444 1.9800000000000004
1874 336567 1.9800000000000004
1875 336653 1.9800000000000004
1876 336721 1.9800000000000004
1877 336815 1.9800000000000004
1878 336939 1.9800000000000004
1879 337008 1.9800000000000004
1880 337084 1.9800000000000004
1881 337159 1.9800000000000004
1882 337240 1.9800000000000004
1883 337293 1.9800000000000004
1884 337376 1.9800000000000004
1885 337454 1.9800000000000004
1886 337539 1.9800000000000004
1887 337594 1.9800000000000004
1888 337680 1.9800000000000004
1889 337750 1.9800000000000004
1890 337827 1.9800000000000004
1891 337901 1.9800000000000004
1892 337966 1.9800000000000004
1893 338159 1.9800000000000004
1894 338213 1.9800000000000004
1895 338306 1.9800000000000004
1896 338430 1.9800000000000004
1897 338527 1.9800000000000004
1898 338642 1.9800000000000004
1899 338741 1.9800000000000004
1900 338894 1.9800000000000004
1901 339194 1.9800000000000004
1902 339262 2.0
1903 339324 2.0
1904 339423 2.0
1905 339544 2.0
1906 339619 2.0
1907 339740 2.0
1908 339807 2.0
1909 339880 2.0
1910 339977 2.0
1911 340125 2.0
1912 340222 2.0
1913 340287 2.0
1914 340382 2.0
1915 340485 2.0
1916 340592 2.0
1917 340694 2.0
1918 340787 2.0
1919 340847 2.0
1920 340966 2.0
1921 341043 2.0
1922 341143 2.0
1923 341224 2.0
1924 341308 2.0
1925 341391 2.0
1926 341464 2.0
1927 341642 2.0
1928 341730 2.0
1929 341808 2.0
1930 341893 2.0
1931 342005 2.0
1932 342090 2.0
1933 342176 2.0
1934 342278 2.0
1935 342371 2.0
1936 342434 2.0
1937 342508 2.0
1938 342596 2.0
1939 342667 2.0
1940 342758 2.0
1941 342821 2.0
1942 342893 2.0
1943 342981 2.0
1944 343043 2.0
1945 343096 2.0
1946 343180 2.0
1947 343258 2.0
1948 343332 2.0
1949 343389 2.0
1950 343459 2.0
1951 343521 2.0
1952 343604 2.0
1953 343695 2.0
1954 343797 2.0
1955 343899 2.0
1956 343968 2.0
1957 344067 2.0
1958 344154 2.0
1959 344234 2.0
1960 344307 2.0
1961 344390 2.0
1962 344461 2.0
1963 344534 2.0
1964 344604 2.0
1965 344686 2.0
1966 344736 2.0
1967 344801 2.0
1968 344935 2.0
1969 345016 2.0
1970 345083 2.0
1971 345169 2.0
1972 345303 2.0
1973 345377 2.0
1974 345496 2.0
1975 345579 2.0
1976 345717 2.0
1977 345826 2.0
1978 345919 2.0
1979 346015 2.0
1980 346081 2.0
1981 346144 2.0
1982 346226 2.0
1983 346297 2.0
1984 346367 2.0
1985 346426 2.0
1986 346532 2.0
1987 346633 2.0
1988 346773 2.0
1989 346882 2.0
1990 347014 2.0
1991 347103 2.0
1992 347163 2.0
1993 347359 2.0
1994 347437 2.0
1995 347551 2.0
1996 347657 2.0
1997 347766 2.0
1998 347868 2.0
1999 347961 2.0
2000 348049 2.0
2001 348141 2.0
2002 348281 2.0
2003 348373 2.0
2004 348434 2.0
2005 348506 2.0
2006 348603 2.0
2007 348673 2.0
2008 348798 2.0
2009 348896 2.0
2010 348987 2.0
2011 349104 2.0
2012 349211 2.0
2013 349284 2.0
2014 349359 2.0
2015 349450 2.0
2016 349551 2.0
2017 349632 2.0
2018 349710 2.0
2019 349842 2.0
2020 349908 2.0
2021 350085 2.0
2022 350142 2.0
2023 350249 2.0
2024 350330 2.0
2025 350470 2.0
2026 350546 2.0
2027 350657 2.0
2028 350769 2.0
2029 350823 2.0
2030 350889 2.0
2031 350953 2.0
2032 351013 2.0
2033 351086 2.0
2034 351174 2.0
2035 351297 2.0
2036 351351 2.0
2037 351435 2.0
2038 351524 2.0
2039 351609 2.0
2040 351687 2.0
2041 351791 2.0
2042 351859 2.0
2043 351919 2.0
2044 351988 2.0
2045 352159 2.0
2046 352282 2.0
2047 352461 2.0
2048 352542 2.0
2049 352614 2.0
2050 352696 2.0
2051 352773 2.0
2052 352855 2.0
2053 352940 2.0
2054 353078 2.0
2055 353254 2.0
2056 353419 2.0
2057 353505 2.0
2058 353636 2.0
2059 353728 2.0
2060 353811 2.0
2061 353900 2.0
2062 354011 2.0
2063 354081 2.0
2064 354143 2.0
2065 354218 2.0
2066 354288 2.0
2067 354390 2.0
2068 354449 2.0
2069 354501 2.0
2070 354610 2.0
2071 354743 2.0
2072 354833 2.0
2073 354921 2.0
2074 355064 2.0
2075 355134 2.0
2076 355292 2.0
2077 355453 2.0
2078 355529 2.0
2079 355622 2.0
2080 355722 2.0
2081 355800 2.0
2082 355879 2.0
2083 355955 2.0
2084 356027 2.0
2085 356110 2.0
2086 356165 2.0
2087 356230 2.0
2088 356342 2.0
2089 356414 2.0
2090 356487 2.0
2091 356599 2.0
2092 356670 2.0
2093 356752 2.0
2094 356904 2.0
2095 357007 2.0
2096 357113 2.0
2097 357195 2.0
2098 357252 2.0
2099 357318 2.0
2100 357405 2.0
2101 357499 2.0
2102 357561 2.0
2103 357669 2.0
2104 357741 2.0
2105 357807 2.0
2106 357975 2.0
2107 358052 2.0
2108 358133 2.0
2109 358311 2.0
2110 358363 2.0
2111 358421 2.0
2112 358521 2.0
2113 358609 2.0
2114 358704 2.0
2115 358789 2.0
2116 358875 2.0
2117 358976 2.0
2118 359061 2.0
2119 359151 2.0
2120 359271 2.0
2121 359362 2.0
2122 359502 2.0
2123 359581 2.0
2124 359675 2.0
2125 359753 2.0
2126 359827 2.0
2127 359899 2.0
2128 360040 2.0
2129 360138 2.0
2130 360225 2.0
2131 360342 2.0
2132 360457 2.0
2133 360533 2.0
2134 360606 2.0
2135 360675 2.0
2136 360744 2.0
2137 360795 2.0
2138 360891 2.0
2139 360972 2.0
2140 361052 2.0
2141 361174 2.0
2142 361236 2.0
2143 361326 2.0
2144 361446 2.0
2145 361523 2.0
2146 361598 2.0
2147 361695 2.0
2148 361773 2.0
2149 361861 2.0
2150 361927 2.0
2151 362077 2.0
2152 362170 2.0
2153 362232 2.0
2154 362301 2.0
2155 362403 2.0
2156 362467 2.0
2157 362551 2.0
2158 362657 2.0
2159 362749 2.0
2160 362820 2.0
2161 362923 2.0
2162 362995 2.0
2163 363053 2.0
2164 363154 2.0
2165 363223 2.0
2166 363295 2.0
2167 363377 2.0
2168 363441 2.0
2169 363512 2.0
2170 363573 2.0
2171 363664 2.0
2172 363755 2.0
2173 363813 2.0
2174 363911 2.0
2175 363976 2.0
2176 364056 2.0
2177 364130 2.0
2178 364213 2.0
2179 364311 2.0
2180 364414 2.0
2181 364518 2.0
2182 364578 2.0
2183 364663 2.0
2184 364741 2.0
2185 364827 2.0
2186 364894 2.0
2187 364969 2.0
2188 365078 2.0
2189 365165 2.0
2190 365272 2.0
2191 365409 2.0
2192 365512 2.0
2193 365589 2.0
2194 365656 2.0
2195 365749 2.0
2196 365851 2.0
2197 365917 2.0
2198 365994 2.0
2199 366106 2.0
2200 366167 2.0
2201 366259 2.0
2202 366339 2.0
2203 366418 2.0
2204 366479 2.0
2205 366578 2.0
2206 366646 2.0
2207 366727 2.0
2208 366832 2.0
2209 366973 2.0
2210 367071 2.0
2211 367165 2.0
2212 367237 2.0
2213 367302 2.0
2214 367391 2.0
2215 367502 2.0
2216 367608 2.0
2217 367709 2.0
2218 367788 2.0
2219 367862 2.0
2220 367937 2.0
2221 368004 2.0
2222 368074 2.0
2223 368128 2.0
2224 368254 2.0
2225 368335 2.0
2226 368420 2.0
2227 368570 2.0
2228 368654 2.0
2229 368729 2.0
2230 368805 2.0
2231 368863 2.0
2232 368915 2.0
2233 368981 2.0
2234 369108 2.0
2235 369188 2.0
2236 369280 2.0
2237 369409 2.0
2238 369498 2.0
2239 369607 2.0
2240 369701 2.0
2241 369792 2.0
2242 369855 2.0
2243 369949 2.0
2244 370125 2.0
2245 370222 2.0
2246 370312 2.0
2247 370387 2.0
2248 370457 2.0
2249 370648 2.0
2250 370729 2.0
2251 370837 2.0
2252 370915 2.0
2253 370994 2.0
2254 371084 2.0
2255 371147 2.0
2256 371230 2.0
2257 371335 2.0
2258 371393 2.0
2259 371462 2.0
2260 371552 2.0
2261 371622 2.0
2262 371720 2.0
2263 371797 2.0
2264 371879 2.0
2265 371948 2.0
2266 372061 2.0
2267 372125 2.0
2268 372184 2.0
2269 372281 2.0
2270 372355 2.0
2271 372445 2.0
2272 372511 2.0
2273 372673 2.0
2274 372764 2.0
2275 372832 2.0
2276 372894 2.0
2277 372958 2.0
2278 373057 2.0
2279 373144 2.0
2280 373212 2.0
2281 373296 2.0
2282 373413 2.0
2283 373494 2.0
2284 373570 2.0
2285 373660 2.0
2286 373744 2.0
2287 373804 2.0
2288 373906 2.0
2289 374014 2.0
2290 374116 2.0
2291 374180 2.0
2292 374304 2.0
2293 374433 2.0
2294 374504 2.0
2295 374582 2.0
2296 374665 2.0
2297 374734 2.0
2298 374808 2.0
2299 374941 2.0
2300 375004 2.0
2301 375082 2.0
2302 375171 2.0
2303 375226 2.0
2304 375311 2.0
2305 375385 2.0
2306 375476 2.0
2307 375550 2.0
2308 375766 2.0
2309 375831 2.0
2310 375946 2.0
2311 376039 2.0
2312 376128 2.0
2313 376221 2.0
2314 376295 2.0
2315 376398 2.0
2316 376470 2.0
2317 376602 2.0
2318 376677 2.0
2319 376749 2.0
2320 376831 2.0
2321 376902 2.0
2322 376960 2.0
2323 377040 2.0
2324 377098 2.0
2325 377183 2.0
2326 377265 2.0
2327 377355 2.0
2328 377428 2.0
2329 377488 2.0
2330 377553 2.0
2331 377610 2.0
2332 377664 2.0
2333 377788 2.0
2334 377919 2.0
2335 377973 2.0
2336 378076 2.0
2337 378141 2.0
2338 378193 2.0
2339 378305 2.0
2340 378398 2.0
2341 378467 2.0
2342 378596 2.0
2343 378662 2.0
2344 378737 2.0
2345 378841 2.0
2346 378944 2.0
2347 379014 2.0
2348 379150 2.0
2349 379233 2.0
2350 379360 2.0
2351 379464 2.0
2352 379536 2.0
2353 379618 2.0
2354 379704 2.0
2355 379773 2.0
2356 379877 2.0
2357 379955 2.0
2358 380044 2.0
2359 380149 2.0
2360 380214 2.0
2361 380272 2.0
2362 380402 2.0
2363 380504 2.0
2364 380566 2.0
2365 380649 2.0
2366 380761 2.0
2367 380842 2.0
2368 380915 2.0
2369 380986 2.0
2370 381081 2.0
2371 381148 2.0
2372 381254 2.0
2373 381308 2.0
2374 381380 2.0
2375 381438 2.0
2376 381496 2.0
2377 381650 2.0
2378 381717 2.0
2379 381808 2.0
2380 381914 2.0
2381 382016 2.0
2382 382192 2.0
2383 382272 2.0
2384 382350 2.0
2385 382406 2.0
2386 382477 2.0
2387 382549 2.0
2388 382624 2.0
2389 382738 2.0
2390 382805 2.0
2391 382867 2.0
2392 382969 2.0
2393 383047 2.0
2394 383123 2.0
2395 383186 2.0
2396 383256 2.0
2397 383370 2.0
2398 383451 2.0
2399 383558 2.0
2400 383637 2.0
2401 383712 2.0
2402 383774 2.0
2403 383837 2.0
2404 383900 2.0
2405 383960 2.0
2406 384067 2.0
2407 384142 2.0
2408 384262 2.0
2409 384311 2.0
2410 384385 2.0
2411 384453 2.0
2412 384511 2.0
2413 384584 2.0
2414 384673 2.0
2415 384753 2.0
2416 384820 2.0
2417 384886 2.0
2418 384969 2.0
2419 385037 2.0
2420 385095 2.0
2421 385167 2.0
2422 385229 2.0
2423 385311 2.0
2424 385409 2.0
2425 385477 2.0
2426 385537 2.0
2427 385625 2.0
2428 385707 2.0
2429 385778 2.0
2430 385846 2.0
2431 385915 2.0
2432 385975 2.0
2433 386029 2.0
2434 386123 2.0
2435 386196 2.0
2436 386273 2.0
2437 386376 2.0
2438 386432 2.0
2439 386494 2.0
2440 386583 2.0
2441 386647 2.0
2442 386728 2.0
2443 386797 2.0
2444 386876 2.0
2445 386948 2.0
2446 387017 2.0
2447 387076 2.0
2448 387135 2.0
2449 387208 2.0
2450 387282 2.0
2451 387358 2.0
2452 387436 2.0
2453 387506 2.0
2454 387577 2.0
2455 387645 2.0
2456 387737 2.0
2457 387801 2.0
2458 387884 2.0
2459 387975 2.0
2460 388076 2.0
2461 388143 2.0
2462 388202 2.0
2463 388273 2.0
2464 388340 2.0
2465 388415 2.0
2466 388500 2.0
2467 388632 2.0
2468 388708 2.0
2469 388785 2.0
2470 388930 2.0
2471 388999 2.0
2472 389067 2.0
2473 389143 2.0
2474 389242 2.0
2475 389325 2.0
2476 389418 2.0
2477 389490 2.0
2478 389576 2.0
2479 389657 2.0
2480 389725 2.0
2481 389796 2.0
2482 389861 2.0
2483 389932 2.0
2484 390013 2.0
2485 390064 2.0
2486 390142 2.0
2487 390205 2.0
2488 390272 2.0
2489 390345 2.0
2490 390408 2.0
2491 390499 2.0
2492 390563 2.0
2493 390635 2.0
2494 390790 2.0
2495 390874 2.0
2496 390963 2.0
2497 391068 2.0
2498 391122 2.0
2499 391195 2.0
2500 391258 2.0
2501 391354 2.0
2502 391467 2.0
2503 391576 2.0
2504 391640 2.0
2505 391724 2.0
2506 391809 2.0
2507 391871 2.0
2508 391946 2.0
2509 391998 2.0
