1 200 0.0
2 400 0.0
3 600 0.0
4 800 0.0
5 1000 0.0
6 1200 0.0
7 1400 0.0
8 1600 0.0
9 1800 0.0
10 2000 0.0
11 2200 0.0
12 2400 0.0
13 2600 0.0
14 2800 0.0
15 3000 0.0
16 3200 0.0
17 3400 0.0
18 3600 0.0
19 3800 0.0
20 4000 0.0
21 4200 0.0
22 4400 0.0
23 4600 0.0
24 4800 0.0
25 5000 0.0
26 5200 0.0
27 5400 0.0
28 5600 0.0
29 5800 0.0
30 6000 0.0
31 6200 0.0
32 6400 0.0
33 6600 0.0
34 6800 0.0
35 7000 0.0
36 7200 0.0
37 7400 0.0
38 7600 0.0
39 7800 0.0
40 8000 0.0
41 8200 0.0
42 8400 0.0
43 8600 0.0
44 8800 0.0
45 9000 0.0
46 9200 0.0
47 9400 0.0
48 9600 0.0
49 9800 0.0
50 10000 0.0
51 10200 0.0
52 10400 0.0
53 10600 0.0
54 10800 0.0
55 11000 0.0
56 11200 0.0
57 11400 0.0
58 11600 0.0
59 11800 0.0
60 12000 0.0
61 12200 0.0
62 12400 0.0
63 12600 0.0
64 12800 0.0
65 13000 0.0
66 13200 0.0
67 13400 0.0
68 13600 0.0
69 13800 0.0
70 14000 0.0
71 14200 0.0
72 14400 0.0
73 14600 0.0
74 14800 0.0
75 15000 0.0
76 15200 0.0
77 15400 0.0
78 15600 0.0
79 15800 0.0
80 16000 0.0
81 16200 0.0
82 16400 0.0
83 16600 0.0
84 16800 0.0
85 17000 0.0
86 17200 0.0
87 17400 0.0
88 17600 0.0
89 17800 0.0
90 18000 0.0
91 18200 0.0
92 18400 0.0
93 18600 0.0
94 18800 0.0
95 19000 0.0
96 19200 0.0
97 19400 0.0
98 19600 0.0
99 19800 0.0
100 20000 0.0
101 20200 0.0
102 20400 0.0
103 20600 0.0
104 20800 0.0
105 21000 0.0
106 21200 0.0
107 21400 0.0
108 21600 0.0
109 21800 0.0
110 22000 0.0
111 22200 0.0
112 22400 0.0
113 22600 0.0
114 22800 0.0
115 23000 0.0
116 23200 0.0
117 23400 0.0
118 23600 0.0
119 23800 0.0
120 24000 0.0
121 24200 0.0
122 24400 0.0
123 24600 0.0
124 24800 0.0
125 25000 0.0
126 25200 0.0
127 25400 0.0
128 25600 0.0
129 25800 0.0
130 26000 0.0
131 26200 0.0
132 26400 0.0
133 26600 0.0
134 26800 0.0
135 27000 0.0
136 27200 0.0
137 27400 0.0
138 27600 0.0
139 27800 0.0
140 28000 0.0
141 28200 0.0
142 28400 0.0
143 28600 0.0
144 28800 0.0
145 29000 0.0
146 29200 0.0
147 29400 0.0
148 29600 0.0
149 29800 0.0
150 30000 0.0
151 30200 0.0
152 30400 0.0
153 30600 0.0
154 30800 0.0
155 31000 0.0
156 31200 0.0
157 31400 0.0
158 31600 0.0
159 31800 0.0
160 32000 0.0
161 32200 0.0
162 32400 0.0
163 32600 0.0
164 32800 0.0
165 33000 0.0
166 33200 0.0
167 33400 0.0
168 33600 0.0
169 33800 0.0
170 34000 0.0
171 34200 0.0
172 34400 0.0
173 34600 0.0
174 34800 0.0
175 35000 0.0
176 35200 0.0
177 35400 0.0
178 35600 0.0
179 35800 0.0
180 36000 0.0
181 36200 0.0
182 36400 0.0
183 36600 0.0
184 36800 0.0
185 37000 0.0
186 37200 0.0
187 37400 0.0
188 37600 0.0
189 37800 0.0
190 38000 0.0
191 38200 0.0
192 38400 0.0
193 38600 0.0
194 38800 0.0
195 39000 0.0
196 39200 0.0
197 39400 0.0
198 39600 0.0
199 39800 0.0
200 40000 0.0
201 40200 0.0
202 40400 0.0
203 40600 0.0
204 40800 0.0
205 41000 0.0
206 41200 0.0
207 41400 0.0
208 41600 0.0
209 41800 0.0
210 42000 0.0
211 42200 0.0
212 42400 0.0
213 42600 0.0
214 42800 0.0
215 43000 0.0
216 43200 0.0
217 43400 0.0
218 43600 0.0
219 43800 0.0
220 44000 0.0
221 44200 0.0
222 44400 0.0
223 44600 0.0
224 44800 0.0
225 45000 0.0
226 45200 0.0
227 45400 0.0
228 45600 0.0
229 45800 0.0
230 46000 0.0
231 46200 0.0
232 46400 0.0
233 46600 0.0
234 46800 0.0
235 47000 0.0
236 47200 0.0
237 47400 0.0
238 47600 0.0
239 47800 0.0
240 48000 0.0
241 48200 0.0
242 48400 0.0
243 48600 0.0
244 48800 0.0
245 49000 0.0
246 49200 0.0
247 49400 0.0
248 49600 0.01
249 49800 0.01
250 50000 0.01
251 50200 0.01
252 50400 0.01
253 50600 0.01
254 50800 0.01
255 51000 0.01
256 51200 0.01
257 51400 0.01
258 51600 0.01
259 51800 0.01
260 52000 0.01
261 52200 0.01
262 52400 0.01
263 52600 0.01
264 52800 0.01
265 53000 0.01
266 53200 0.01
267 53400 0.01
268 53600 0.01
269 53800 0.01
270 54000 0.01
271 54200 0.01
272 54400 0.01
273 54600 0.01
274 54800 0.01
275 55000 0.01
276 55200 0.01
277 55400 0.01
278 55600 0.01
279 55800 0.01
280 56000 0.01
281 56200 0.01
282 56400 0.01
283 56600 0.01
284 56800 0.01
285 57000 0.01
286 57200 0.01
287 57400 0.01
288 57600 0.01
289 57800 0.01
290 58000 0.01
291 58200 0.01
292 58400 0.01
293 58600 0.01
294 58800 0.01
295 59000 0.01
296 59200 0.01
297 59400 0.01
298 59600 0.01
299 59800 0.01
300 60000 0.01
301 60200 0.01
302 60400 0.01
303 60600 0.01
304 60800 0.01
305 61000 0.01
306 61200 0.01
307 61400 0.01
308 61600 0.01
309 61800 0.01
310 62000 0.01
311 62200 0.01
312 62400 0.01
313 62600 0.01
314 62800 0.01
315 63000 0.01
316 63200 0.01
317 63400 0.01
318 63600 0.01
319 63800 0.01
320 64000 0.01
321 64200 0.01
322 64400 0.01
323 64600 0.01
324 64800 0.01
325 65000 0.01
326 65200 0.01
327 65400 0.01
328 65600 0.01
329 65800 0.01
330 66000 0.01
331 66200 0.01
332 66400 0.01
333 66600 0.01
334 66800 0.01
335 67000 0.01
336 67200 0.01
337 67400 0.02
338 67600 0.02
339 67800 0.02
340 68000 0.02
341 68200 0.02
342 68400 0.02
343 68600 0.02
344 68800 0.02
345 69000 0.02
346 69200 0.02
347 69400 0.02
348 69600 0.01
349 69800 0.01
350 70000 0.01
351 70200 0.01
352 70400 0.01
353 70600 0.01
354 70800 0.01
355 71000 0.01
356 71200 0.01
357 71400 0.01
358 71600 0.01
359 71800 0.01
360 72000 0.01
361 72200 0.01
362 72400 0.01
363 72600 0.01
364 72800 0.01
365 73000 0.01
366 73200 0.01
367 73400 0.01
368 73600 0.01
369 73800 0.01
370 74000 0.01
371 74200 0.01
372 74400 0.01
373 74600 0.01
374 74800 0.01
375 75000 0.01
376 75200 0.01
377 75400 0.01
378 75600 0.01
379 75800 0.01
380 76000 0.01
381 76200 0.01
382 76400 0.01
383 76600 0.01
384 76800 0.01
385 77000 0.01
386 77200 0.01
387 77400 0.01
388 77600 0.01
389 77800 0.01
390 78000 0.01
391 78200 0.01
392 78400 0.01
393 78600 0.01
394 78800 0.01
395 79000 0.01
396 79200 0.01
397 79400 0.01
398 79600 0.01
399 79800 0.01
400 80000 0.01
401 80200 0.01
402 80400 0.02
403 80600 0.02
404 80800 0.02
405 81000 0.02
406 81200 0.02
407 81400 0.02
408 81600 0.03
409 81800 0.03
410 82000 0.03
411 82200 0.03
412 82400 0.03
413 82600 0.03
414 82800 0.03
415 83000 0.03
416 83200 0.03
417 83400 0.03
418 83600 0.03
419 83800 0.03
420 84000 0.03
421 84200 0.03
422 84400 0.03
423 84600 0.03
424 84800 0.03
425 85000 0.03
426 85200 0.03
427 85400 0.03
428 85600 0.03
429 85800 0.03
430 86000 0.03
431 86200 0.03
432 86400 0.03
433 86600 0.03
434 86800 0.03
435 87000 0.03
436 87200 0.03
437 87400 0.02
438 87600 0.02
439 87800 0.02
440 88000 0.02
441 88200 0.02
442 88400 0.02
443 88600 0.02
444 88800 0.02
445 89000 0.02
446 89200 0.02
447 89400 0.02
448 89600 0.02
449 89800 0.02
450 90000 0.02
451 90200 0.02
452 90400 0.02
453 90600 0.02
454 90800 0.03
455 91000 0.03
456 91200 0.03
457 91400 0.03
458 91600 0.03
459 91800 0.03
460 92000 0.03
461 92200 0.03
462 92400 0.03
463 92600 0.03
464 92800 0.03
465 93000 0.03
466 93200 0.03
467 93400 0.03
468 93600 0.03
469 93800 0.03
470 94000 0.03
471 94200 0.03
472 94400 0.03
473 94600 0.03
474 94800 0.03
475 95000 0.03
476 95200 0.03
477 95400 0.03
478 95600 0.03
479 95800 0.03
480 96000 0.03
481 96200 0.03
482 96400 0.03
483 96600 0.03
484 96800 0.03
485 97000 0.03
486 97200 0.03
487 97400 0.03
488 97600 0.03
489 97800 0.03
490 98000 0.03
491 98200 0.03
492 98400 0.03
493 98600 0.03
494 98800 0.03
495 99000 0.03
496 99200 0.03
497 99400 0.03
498 99600 0.03
499 99800 0.03
500 100000 0.03
501 100200 0.03
502 100400 0.02
503 100600 0.02
504 100800 0.02
505 101000 0.02
506 101200 0.02
507 101400 0.02
508 101600 0.01
509 101800 0.01
510 102000 0.01
511 102200 0.01
512 102400 0.01
513 102600 0.01
514 102800 0.02
515 103000 0.02
516 103200 0.02
517 103400 0.02
518 103600 0.02
519 103800 0.02
520 104000 0.02
521 104200 0.02
522 104400 0.02
523 104600 0.02
524 104800 0.02
525 105000 0.02
526 105200 0.02
527 105400 0.02
528 105600 0.02
529 105800 0.03
530 106000 0.03
531 106200 0.03
532 106400 0.03
533 106600 0.03
534 106800 0.03
535 107000 0.03
536 107200 0.03
537 107400 0.03
538 107600 0.03
539 107800 0.03
540 108000 0.03
541 108200 0.03
542 108400 0.03
543 108600 0.03
544 108800 0.03
545 109000 0.03
546 109200 0.03
547 109400 0.03
548 109600 0.03
549 109800 0.03
550 110000 0.03
551 110200 0.03
552 110400 0.03
553 110600 0.04
554 110800 0.03
555 111000 0.03
556 111200 0.03
557 111400 0.03
558 111600 0.03
559 111800 0.03
560 112000 0.03
561 112200 0.03
562 112400 0.03
563 112600 0.04
564 112800 0.04
565 113000 0.04
566 113200 0.04
567 113400 0.04
568 113600 0.04
569 113800 0.04
570 114000 0.04
571 114200 0.04
572 114400 0.04
573 114600 0.04
574 114800 0.04
575 115000 0.05
576 115200 0.05
577 115400 0.05
578 115600 0.05
579 115800 0.05
580 116000 0.05
581 116200 0.05
582 116400 0.05
583 116600 0.05
584 116800 0.05
585 117000 0.05
586 117200 0.05
587 117400 0.05
588 117600 0.05
589 117800 0.05
590 118000 0.060000000000000005
591 118200 0.07
592 118400 0.07
593 118600 0.07
594 118800 0.06999999999999999
595 119000 0.07
596 119200 0.07
597 119400 0.07
598 119600 0.07
599 119800 0.07
600 120000 0.08
601 120200 0.08
602 120400 0.08
603 120600 0.08
604 120800 0.08
605 121000 0.08
606 121200 0.08
607 121400 0.08
608 121600 0.08
609 121800 0.09
610 122000 0.09
611 122200 0.09999999999999999
612 122400 0.10999999999999999
613 122600 0.10999999999999999
614 122800 0.09999999999999999
615 123000 0.10999999999999999
616 123200 0.11999999999999998
617 123400 0.11999999999999998
618 123600 0.11999999999999998
619 123800 0.12
620 124000 0.13
621 124200 0.14
622 124400 0.14
623 124600 0.15000000000000002
624 124800 0.15000000000000002
625 125000 0.15000000000000002
626 125200 0.15000000000000002
627 125400 0.15000000000000002
628 125600 0.15000000000000002
629 125800 0.14
630 126000 0.14
631 126200 0.14
632 126400 0.15000000000000002
633 126600 0.15000000000000002
634 126800 0.15000000000000002
635 127000 0.15000000000000002
636 127200 0.15
637 127400 0.15
638 127600 0.16
639 127800 0.16000000000000003
640 128000 0.17000000000000004
641 128200 0.17
642 128400 0.18
643 128600 0.18
644 128800 0.18
645 129000 0.18
646 129200 0.18
647 129400 0.19
648 129600 0.19
649 129800 0.19
650 130000 0.19
651 130200 0.19
652 130400 0.19
653 130600 0.18
654 130800 0.18
655 131000 0.18
656 131200 0.18
657 131400 0.18
658 131600 0.18
659 131800 0.19
660 132000 0.19
661 132200 0.19
662 132400 0.2
663 132600 0.19
664 132800 0.19
665 133000 0.19
666 133200 0.19
667 133400 0.19
668 133600 0.19
669 133800 0.2
670 134000 0.2
671 134200 0.2
672 134400 0.2
673 134600 0.2
674 134800 0.2
675 135000 0.19
676 135200 0.19
677 135400 0.19
678 135600 0.19
679 135800 0.19
680 136000 0.19
681 136200 0.19
682 136400 0.19
683 136600 0.19
684 136800 0.19
685 137000 0.19
686 137200 0.19
687 137400 0.2
688 137600 0.2
689 137800 0.2
690 138000 0.19
691 138200 0.18
692 138400 0.18
693 138600 0.18
694 138800 0.18
695 139000 0.18
696 139200 0.18
697 139400 0.19
698 139600 0.2
699 139800 0.2
700 140000 0.19
701 140200 0.19
702 140400 0.19
703 140600 0.2
704 140800 0.21000000000000002
705 141000 0.21000000000000002
706 141200 0.21000000000000002
707 141400 0.21000000000000002
708 141600 0.22000000000000003
709 141800 0.21000000000000002
710 142000 0.21000000000000002
711 142200 0.2
712 142400 0.19
713 142600 0.19
714 142800 0.19
715 143000 0.19
716 143200 0.18
717 143400 0.18
718 143600 0.19
719 143800 0.19
720 144000 0.18
721 144200 0.17
722 144400 0.16999999999999998
723 144600 0.16
724 144800 0.16
725 145000 0.17
726 145200 0.17
727 145400 0.17
728 145600 0.17
729 145800 0.16999999999999998
730 146000 0.16999999999999998
731 146200 0.18
732 146400 0.17
733 146600 0.17
734 146800 0.17
735 147000 0.16999999999999998
736 147200 0.16999999999999998
737 147400 0.16999999999999998
738 147600 0.17
739 147800 0.17
740 148000 0.17
741 148200 0.17
742 148400 0.16
743 148600 0.16
744 148800 0.16
745 149000 0.16
746 149200 0.16
747 149400 0.15000000000000002
748 149600 0.15000000000000002
749 149800 0.15000000000000002
750 150000 0.15000000000000002
751 150200 0.15000000000000002
752 150400 0.15000000000000002
753 150600 0.15000000000000002
754 150800 0.15000000000000002
755 151000 0.15000000000000002
756 151200 0.16000000000000003
757 151400 0.17000000000000004
758 151600 0.17000000000000004
759 151800 0.16000000000000003
760 152000 0.16000000000000003
761 152200 0.16
762 152400 0.15000000000000002
763 152600 0.15000000000000002
764 152800 0.15000000000000002
765 153000 0.15000000000000002
766 153200 0.15000000000000002
767 153400 0.15000000000000002
768 153600 0.15
769 153800 0.14
770 154000 0.15000000000000002
771 154200 0.15000000000000002
772 154400 0.16000000000000003
773 154600 0.16000000000000003
774 154800 0.16000000000000003
775 155000 0.16000000000000003
776 155200 0.16
777 155400 0.16
778 155600 0.16000000000000003
779 155800 0.17000000000000004
780 156000 0.17
781 156200 0.17
782 156400 0.17
783 156600 0.16999999999999998
784 156800 0.16999999999999998
785 157000 0.16999999999999998
786 157200 0.18000000000000002
787 157400 0.17000000000000004
788 157600 0.17
789 157800 0.18000000000000002
790 158000 0.18000000000000002
791 158200 0.18
792 158400 0.18
793 158600 0.18
794 158800 0.18
795 159000 0.18
796 159200 0.18
797 159400 0.17
798 159600 0.16
799 159800 0.15999999999999998
800 160000 0.16
801 160200 0.16000000000000003
802 160400 0.17
803 160600 0.16
804 160800 0.15000000000000002
805 161000 0.15000000000000002
806 161200 0.16
807 161400 0.16
808 161600 0.15000000000000002
809 161800 0.15000000000000002
810 162000 0.15
811 162200 0.15
812 162400 0.15
813 162600 0.15
814 162800 0.15
815 163000 0.14
816 163200 0.14
817 163400 0.14
818 163600 0.13
819 163800 0.14
820 164000 0.14
821 164200 0.14
822 164400 0.14
823 164600 0.14
824 164800 0.14
825 165000 0.13
826 165200 0.14
827 165400 0.15000000000000002
828 165600 0.15000000000000002
829 165800 0.15000000000000002
830 166000 0.15000000000000002
831 166200 0.14
832 166400 0.14
833 166600 0.15000000000000002
834 166800 0.15000000000000002
835 167000 0.15000000000000002
836 167200 0.15000000000000002
837 167400 0.15
838 167600 0.14
839 167800 0.14
840 168000 0.13
841 168200 0.13
842 168400 0.13
843 168600 0.13
844 168800 0.13
845 169000 0.13
846 169200 0.13
847 169400 0.14
848 169600 0.15000000000000002
849 169800 0.15000000000000002
850 170000 0.15000000000000002
851 170200 0.15000000000000002
852 170400 0.15000000000000002
853 170600 0.15000000000000002
854 170800 0.15000000000000002
855 171000 0.15000000000000002
856 171200 0.14
857 171400 0.13
858 171600 0.13
859 171800 0.13
860 172000 0.13
861 172200 0.13
862 172400 0.13
863 172600 0.13
864 172800 0.13
865 173000 0.13
866 173200 0.14
867 173400 0.14
868 173600 0.14
869 173800 0.15000000000000002
870 174000 0.15000000000000002
871 174200 0.15000000000000002
872 174400 0.14
873 174600 0.14
874 174800 0.14
875 175000 0.14
876 175200 0.15000000000000002
877 175400 0.15000000000000002
878 175600 0.15000000000000002
879 175800 0.14
880 176000 0.14
881 176200 0.14
882 176400 0.15000000000000002
883 176600 0.15000000000000002
884 176800 0.16000000000000003
885 177000 0.17000000000000004
886 177200 0.16000000000000003
887 177400 0.16000000000000003
888 177600 0.17
889 177800 0.16
890 178000 0.16000000000000003
891 178200 0.16000000000000003
892 178400 0.16
893 178600 0.16
894 178800 0.17
895 179000 0.18000000000000002
896 179200 0.18000000000000002
897 179400 0.18000000000000002
898 179600 0.18000000000000002
899 179800 0.18000000000000002
900 180000 0.18000000000000002
901 180200 0.18000000000000002
