1 300 0.0
2 600 0.0
3 900 0.0
4 1200 0.0
5 1500 0.0
6 1800 0.0
7 2100 0.0
8 2400 0.0
9 2700 0.0
10 3000 0.0
11 3300 0.0
12 3600 0.0
13 3900 0.0
14 4200 0.0
15 4500 0.0
16 4800 0.0
17 5100 0.0
18 5400 0.0
19 5700 0.0
20 6000 0.0
21 6300 0.0
22 6600 0.0
23 6900 0.0
24 7200 0.0
25 7500 0.0
26 7800 0.0
27 8100 0.0
28 8400 0.0
29 8700 0.0
30 9000 0.0
31 9300 0.0
32 9600 0.0
33 9900 0.0
34 10200 0.0
35 10500 0.0
36 10800 0.0
37 11100 0.0
38 11400 0.0
39 11700 0.0
40 12000 0.0
41 12300 0.0
42 12600 0.0
43 12900 0.0
44 13200 0.0
45 13500 0.0
46 13800 0.0
47 14100 0.0
48 14400 0.0
49 14700 0.0
50 15000 0.0
51 15300 0.0
52 15600 0.0
53 15900 0.0
54 16200 0.0
55 16500 0.0
56 16800 0.0
57 17100 0.0
58 17400 0.0
59 17700 0.0
60 18000 0.0
61 18300 0.0
62 18600 0.0
63 18900 0.0
64 19200 0.0
65 19500 0.0
66 19800 0.0
67 20100 0.0
68 20400 0.0
69 20700 0.0
70 21000 0.0
71 21300 0.0
72 21600 0.0
73 21900 0.0
74 22200 0.0
75 22500 0.0
76 22800 0.0
77 23100 0.0
78 23400 0.0
79 23700 0.0
80 24000 0.0
81 24300 0.0
82 24600 0.0
83 24900 0.0
84 25200 0.0
85 25500 0.0
86 25800 0.0
87 26100 0.0
88 26400 0.0
89 26700 0.0
90 27000 0.0
91 27300 0.0
92 27600 0.0
93 27900 0.0
94 28200 0.0
95 28500 0.0
96 28800 0.0
97 29100 0.0
98 29400 0.0
99 29700 0.0
100 30000 0.0
101 30300 0.0
102 30600 0.0
103 30900 0.0
104 31200 0.0
105 31500 0.0
106 31800 0.0
107 32100 0.0
108 32400 0.0
109 32700 0.0
110 33000 0.0
111 33300 0.0
112 33600 0.0
113 33900 0.0
114 34200 0.0
115 34500 0.0
116 34800 0.0
117 35100 0.0
118 35400 0.0
119 35700 0.0
120 36000 0.0
121 36300 0.0
122 36600 0.0
123 36900 0.0
124 37200 0.0
125 37500 0.0
126 37800 0.0
127 38100 0.0
128 38400 0.0
129 38700 0.0
130 39000 0.0
131 39300 0.0
132 39600 0.0
133 39900 0.0
134 40200 0.0
135 40500 0.0
136 40800 0.0
137 41100 0.0
138 41400 0.0
139 41700 0.0
140 42000 0.0
141 42300 0.0
142 42600 0.0
143 42900 0.0
144 43200 0.0
145 43500 0.0
146 43800 0.0
147 44100 0.0
148 44400 0.0
149 44700 0.0
150 45000 0.0
151 45300 0.0
152 45600 0.0
153 45900 0.0
154 46200 0.0
155 46500 0.0
156 46800 0.0
157 47100 0.0
158 47400 0.0
159 47700 0.0
160 48000 0.0
161 48300 0.0
162 48600 0.0
163 48900 0.0
164 49200 0.0
165 49500 0.0
166 49800 0.0
167 50100 0.0
168 50400 0.0
169 50700 0.0
170 51000 0.0
171 51300 0.0
172 51600 0.0
173 51900 0.0
174 52200 0.0
175 52500 0.0
176 52800 0.0
177 53100 0.0
178 53400 0.0
179 53700 0.0
180 54000 0.0
181 54300 0.0
182 54600 0.0
183 54900 0.0
184 55200 0.0
185 55500 0.0
186 55800 0.0
187 56100 0.0
188 56400 0.0
189 56700 0.0
190 57000 0.0
191 57300 0.0
192 57600 0.0
193 57900 0.0
194 58200 0.0
195 58500 0.0
196 58800 0.0
197 59100 0.0
198 59400 0.0
199 59700 0.0
200 60000 0.0
201 60300 0.0
202 60600 0.0
203 60900 0.0
204 61200 0.0
205 61500 0.0
206 61800 0.0
207 62100 0.0
208 62400 0.0
209 62700 0.0
210 63000 0.0
211 63300 0.0
212 63600 0.0
213 63900 0.0
214 64200 0.0
215 64500 0.0
216 64800 0.0
217 65100 0.0
218 65400 0.0
219 65700 0.0
220 66000 0.0
221 66300 0.0
222 66600 0.0
223 66900 0.0
224 67200 0.0
225 67500 0.0
226 67800 0.0
227 68100 0.0
228 68400 0.0
229 68700 0.0
230 69000 0.0
231 69300 0.0
232 69600 0.0
233 69900 0.0
234 70200 0.0
235 70500 0.0
236 70800 0.0
237 71100 0.0
238 71400 0.0
239 71700 0.0
240 72000 0.0
241 72300 0.0
242 72600 0.0
243 72900 0.0
244 73200 0.0
245 73500 0.0
246 73800 0.0
247 74100 0.0
248 74400 0.0
249 74700 0.0
250 75000 0.0
251 75300 0.0
252 75600 0.0
253 75900 0.0
254 76200 0.0
255 76500 0.0
256 76800 0.0
257 77100 0.0
258 77400 0.0
259 77700 0.0
260 78000 0.0
261 78300 0.0
262 78600 0.0
263 78900 0.0
264 79200 0.0
265 79500 0.0
266 79800 0.0
267 80100 0.0
268 80400 0.0
269 80700 0.0
270 81000 0.0
271 81300 0.0
272 81600 0.0
273 81900 0.0
274 82200 0.0
275 82500 0.0
276 82800 0.0
277 83100 0.0
278 83400 0.0
279 83700 0.0
280 84000 0.0
281 84300 0.0
282 84600 0.0
283 84900 0.0
284 85200 0.0
285 85500 0.0
286 85800 0.0
287 86100 0.0
288 86400 0.0
289 86700 0.0
290 87000 0.0
291 87300 0.0
292 87600 0.0
293 87900 0.0
294 88200 0.0
295 88500 0.0
296 88800 0.0
297 89100 0.0
298 89400 0.0
299 89700 0.0
300 90000 0.0
301 90300 0.0
302 90600 0.0
303 90900 0.0
304 91200 0.0
305 91500 0.0
306 91800 0.0
307 92100 0.0
308 92400 0.0
309 92700 0.0
310 93000 0.0
311 93300 0.0
312 93600 0.0
313 93900 0.0
314 94200 0.0
315 94500 0.0
316 94800 0.0
317 95100 0.0
318 95400 0.0
319 95700 0.0
320 96000 0.0
321 96300 0.0
322 96600 0.0
323 96900 0.0
324 97200 0.0
325 97500 0.0
326 97800 0.0
327 98100 0.0
328 98400 0.0
329 98700 0.0
330 99000 0.0
331 99300 0.0
332 99600 0.0
333 99900 0.0
334 100200 0.0
335 100500 0.0
336 100800 0.0
337 101100 0.0
338 101400 0.0
339 101700 0.0
340 102000 0.0
341 102300 0.0
342 102600 0.0
343 102900 0.0
344 103200 0.0
345 103500 0.0
346 103800 0.0
347 104100 0.0
348 104400 0.0
349 104700 0.0
350 105000 0.0
351 105300 0.0
352 105600 0.0
353 105900 0.0
354 106200 0.0
355 106500 0.0
356 106800 0.0
357 107100 0.0
358 107400 0.0
359 107700 0.0
360 108000 0.0
361 108300 0.0
362 108600 0.0
363 108900 0.0
364 109200 0.0
365 109500 0.0
366 109800 0.0
367 110100 0.0
368 110400 0.0
369 110700 0.0
370 111000 0.0
371 111300 0.0
372 111600 0.0
373 111900 0.0
374 112200 0.0
375 112500 0.0
376 112800 0.0
377 113100 0.0
378 113400 0.0
379 113700 0.0
380 114000 0.0
381 114300 0.0
382 114600 0.0
383 114900 0.0
384 115200 0.0
385 115500 0.0
386 115800 0.0
387 116100 0.0
388 116400 0.0
389 116700 0.0
390 117000 0.0
391 117300 0.0
392 117600 0.0
393 117900 0.0
394 118200 0.0
395 118500 0.0
396 118800 0.0
397 119100 0.0
398 119400 0.0
399 119700 0.0
400 120000 0.0
401 120300 0.0
402 120600 0.0
403 120900 0.0
404 121200 0.0
405 121500 0.0
406 121800 0.0
407 122100 0.0
408 122400 0.0
409 122700 0.0
410 123000 0.0
411 123300 0.0
412 123600 0.0
413 123900 0.0
414 124200 0.0
415 124500 0.0
416 124800 0.0
417 125100 0.0
418 125400 0.0
419 125700 0.0
420 126000 0.0
421 126300 0.0
422 126600 0.0
423 126900 0.0
424 127200 0.0
425 127500 0.0
426 127800 0.0
427 128100 0.0
428 128400 0.0
429 128700 0.0
430 129000 0.0
431 129300 0.0
432 129600 0.0
433 129900 0.0
434 130200 0.0
435 130500 0.0
436 130800 0.0
437 131100 0.0
438 131400 0.0
439 131700 0.0
440 132000 0.0
441 132300 0.0
442 132600 0.0
443 132900 0.0
444 133200 0.0
445 133500 0.0
446 133800 0.0
447 134100 0.0
448 134400 0.0
449 134700 0.0
450 135000 0.0
451 135300 0.0
452 135600 0.0
453 135900 0.0
454 136200 0.0
455 136500 0.0
456 136800 0.0
457 137100 0.0
458 137400 0.0
459 137700 0.0
460 138000 0.0
461 138300 0.0
462 138600 0.0
463 138900 0.0
464 139200 0.0
465 139500 0.0
466 139800 0.0
467 140100 0.0
468 140400 0.0
469 140700 0.0
470 141000 0.0
471 141300 0.0
472 141600 0.0
473 141900 0.0
474 142200 0.0
475 142500 0.0
476 142800 0.0
477 143100 0.0
478 143400 0.0
479 143700 0.0
480 144000 0.0
481 144300 0.0
482 144600 0.0
483 144900 0.0
484 145200 0.0
485 145500 0.0
486 145800 0.0
487 146100 0.0
488 146400 0.0
489 146700 0.0
490 147000 0.0
491 147300 0.0
492 147600 0.0
493 147900 0.0
494 148200 0.0
495 148500 0.0
496 148800 0.0
497 149100 0.0
498 149400 0.0
499 149700 0.0
500 150000 0.0
501 150300 0.0
502 150600 0.0
503 150900 0.0
504 151200 0.0
505 151500 0.0
506 151800 0.0
507 152100 0.0
508 152400 0.01
509 152700 0.01
510 153000 0.01
511 153300 0.01
512 153600 0.02
513 153900 0.02
514 154200 0.03
515 154500 0.04
516 154800 0.04
517 155100 0.04
518 155400 0.04
519 155700 0.04
520 156000 0.04
521 156300 0.05
522 156600 0.05
523 156900 0.060000000000000005
524 157200 0.060000000000000005
525 157500 0.07
526 157800 0.08
527 158100 0.08999999999999998
528 158400 0.09999999999999998
529 158700 0.09999999999999999
530 159000 0.10999999999999999
531 159300 0.11999999999999998
532 159600 0.13
533 159900 0.14
534 160200 0.15000000000000002
535 160500 0.15000000000000002
536 160800 0.16000000000000003
537 161100 0.16000000000000003
538 161400 0.17000000000000004
539 161700 0.18000000000000005
540 162000 0.19000000000000003
541 162300 0.20000000000000004
542 162600 0.21000000000000005
543 162900 0.22000000000000003
544 163200 0.23000000000000004
545 163500 0.24000000000000005
546 163800 0.25
547 164100 0.26
548 164400 0.27
549 164700 0.28
550 165000 0.28
551 165300 0.29000000000000004
552 165600 0.30000000000000004
553 165900 0.31000000000000005
554 166200 0.32000000000000006
555 166500 0.33000000000000007
556 166800 0.3400000000000001
557 167100 0.3500000000000001
558 167400 0.3600000000000001
559 167700 0.37000000000000005
560 168000 0.38
561 168300 0.39
562 168600 0.4
563 168900 0.41000000000000003
564 169200 0.42000000000000004
565 169500 0.43000000000000005
566 169800 0.44000000000000006
567 170100 0.45000000000000007
568 170400 0.45000000000000007
569 170700 0.4600000000000001
570 171000 0.4700000000000001
571 171300 0.48000000000000004
572 171600 0.4900000000000001
573 171900 0.5000000000000001
574 172200 0.51
575 172500 0.52
576 172800 0.53
577 173100 0.54
578 173400 0.55
579 173700 0.56
580 174000 0.5700000000000001
581 174300 0.5800000000000001
582 174600 0.5900000000000001
583 174900 0.6000000000000001
584 175200 0.6100000000000001
585 175500 0.6200000000000001
586 175800 0.6300000000000001
587 176100 0.6400000000000001
588 176400 0.6500000000000001
589 176700 0.6600000000000001
590 177000 0.6700000000000002
591 177300 0.68
592 177600 0.69
593 177900 0.7
594 178200 0.7100000000000001
595 178500 0.7200000000000001
596 178800 0.73
597 179100 0.74
598 179400 0.75
599 179700 0.76
600 180000 0.77
601 180300 0.78
602 180600 0.79
603 180900 0.8
604 181200 0.81
605 181500 0.8200000000000001
606 181800 0.8300000000000001
607 181994 0.8400000000000001
608 182294 0.8400000000000001
609 182594 0.8500000000000001
610 182894 0.8600000000000001
611 183117 0.8700000000000001
612 183417 0.8700000000000001
613 183638 0.8800000000000001
614 183785 0.8800000000000001
615 184085 0.8800000000000001
616 184385 0.8900000000000001
617 184685 0.9000000000000001
618 184985 0.9100000000000001
619 185285 0.9200000000000002
620 185459 0.9300000000000002
621 185759 0.9300000000000002
622 186026 0.9400000000000002
623 186326 0.9400000000000002
624 186487 0.9500000000000002
625 186610 0.9500000000000002
626 186740 0.9500000000000002
627 186923 0.9500000000000002
628 187223 0.9500000000000002
629 187328 0.9600000000000002
630 187457 0.9600000000000002
631 187734 0.9600000000000002
632 187921 0.9600000000000002
633 188188 0.9600000000000002
634 188488 0.9600000000000002
635 188600 0.9700000000000002
636 188900 0.9700000000000002
637 189042 0.9800000000000002
638 189230 0.9800000000000002
639 189333 0.9800000000000002
640 189467 0.9800000000000002
641 189615 0.9800000000000002
642 189807 0.9800000000000002
643 189947 0.9800000000000002
644 190140 0.9800000000000002
645 190336 0.9800000000000002
646 190482 0.9800000000000002
647 190637 0.9800000000000002
648 190770 0.9800000000000002
649 191070 0.9800000000000002
650 191168 0.9900000000000002
651 191347 0.9900000000000002
652 191445 0.9900000000000002
653 191548 0.9900000000000002
654 191763 0.9900000000000002
655 191950 0.9900000000000002
656 192181 0.9900000000000002
657 192351 0.9900000000000002
658 192515 0.9900000000000002
659 192660 0.9900000000000002
660 192834 0.9900000000000002
661 192975 0.9900000000000002
662 193117 0.9900000000000002
663 193215 0.9900000000000002
664 193452 0.9900000000000002
665 193581 0.9900000000000002
666 193738 0.9900000000000002
667 194038 0.9900000000000002
668 194189 1.0
669 194344 1.0
670 194472 1.0
671 194557 1.0
672 194730 1.0
673 194828 1.0
674 194939 1.0
675 195061 1.0
676 195262 1.0
677 195377 1.0
678 195532 1.0
679 195704 1.0
680 195856 1.0
681 196150 1.0
682 196285 1.0
683 196419 1.0
684 196579 1.0
685 196758 1.0
686 196946 1.0
687 197078 1.0
688 197165 1.0
689 197312 1.0
690 197445 1.0
691 197653 1.0
692 197892 1.0
693 198009 1.0
694 198138 1.0
695 198226 1.0
696 198367 1.0
697 198485 1.0
698 198586 1.0
699 198757 1.0
700 198911 1.0
701 199004 1.0
702 199161 1.0
703 199360 1.0
704 199490 1.0
705 199598 1.0
706 199748 1.0
707 200027 1.0
708 200182 1.0
709 200320 1.0
710 200477 1.0
711 200577 1.0
712 200813 1.0
713 200980 1.0
714 201150 1.0
715 201271 1.0
716 201413 1.0
717 201536 1.0
718 201685 1.0
719 201851 1.0
720 201973 1.0
721 202165 1.0
722 202353 1.0
723 202477 1.0
724 202609 1.0
725 202745 1.0
726 202852 1.0
727 202959 1.0
728 203062 1.0
729 203254 1.0
730 203410 1.0
731 203526 1.0
732 203724 1.0
733 203866 1.0
734 203960 1.0
735 204077 1.0
736 204245 1.0
737 204394 1.0
738 204527 1.0
739 204621 1.0
740 204728 1.0
741 204886 1.0
742 204969 1.0
743 205069 1.0
744 205192 1.0
745 205311 1.0
746 205420 1.0
747 205519 1.0
748 205611 1.0
749 205750 1.0
750 205951 1.0
751 206061 1.0
752 206162 1.0
753 206237 1.0
754 206360 1.0
755 206465 1.0
756 206595 1.0
757 206705 1.0
758 206844 1.0
759 206968 1.0
760 207117 1.0
761 207240 1.0
762 207452 1.0
763 207565 1.0
764 207730 1.0
765 207849 1.0
766 207972 1.0
767 208123 1.0
768 208244 1.0
769 208325 1.0
770 208436 1.0
771 208519 1.0
772 208645 1.0
773 208823 1.0
774 209000 1.0
775 209090 1.0
776 209203 1.0
777 209290 1.0
778 209433 1.0
779 209525 1.0
780 209588 1.0
781 209707 1.0
782 209840 1.0
783 209934 1.0
784 210019 1.0
785 210103 1.0
786 210305 1.0
787 210440 1.0
788 210581 1.0
789 210748 1.0
790 210849 1.0
791 210957 1.0
792 211082 1.0
793 211213 1.0
794 211421 1.0
795 211502 1.0
796 211616 1.0
797 211789 1.0
798 211913 1.0
799 211991 1.0
800 212112 1.0
801 212265 1.0
802 212423 1.0
803 212504 1.0
804 212680 1.0
805 212787 1.0
806 212915 1.0
807 213046 1.0
808 213164 1.0
809 213266 1.0
810 213366 1.0
811 213519 1.0
812 213609 1.0
813 213702 1.0
814 213809 1.0
815 214052 1.0
816 214247 1.0
817 214317 1.0
818 214436 1.0
819 214573 1.0
820 214658 1.0
821 214761 1.0
822 214902 1.0
823 215074 1.0
824 215154 1.0
825 215279 1.0
826 215449 1.0
827 215610 1.0
828 215747 1.0
829 215884 1.0
830 215972 1.0
831 216070 1.0
832 216168 1.0
833 216276 1.0
834 216364 1.0
835 216487 1.0
836 216599 1.0
837 216790 1.0
838 216888 1.0
839 217020 1.0
840 217085 1.0
841 217179 1.0
842 217258 1.0
843 217325 1.0
844 217477 1.0
845 217615 1.0
846 217767 1.0
847 217847 1.0
848 217951 1.0
849 218156 1.0
850 218365 1.0
851 218436 1.0
852 218534 1.0
853 218632 1.0
854 218813 1.0
855 218923 1.0
856 219027 1.0
857 219117 1.0
858 219212 1.0
859 219358 1.0
860 219451 1.0
861 219543 1.0
862 219607 1.0
863 219698 1.0
864 219803 1.0
865 219878 1.0
866 219946 1.0
867 220015 1.0
868 220092 1.0
869 220222 1.0
870 220282 1.0
871 220389 1.0
872 220503 1.0
873 220611 1.0
874 220685 1.0
875 220763 1.0
876 220905 1.0
877 220983 1.0
878 221116 1.0
879 221221 1.0
880 221331 1.0
881 221418 1.0
882 221510 1.0
883 221585 1.0
884 221714 1.0
885 221815 1.0
886 221926 1.0
887 222047 1.0
888 222147 1.0
889 222285 1.0
890 222375 1.0
891 222486 1.0
892 222554 1.0
893 222681 1.0
894 222778 1.0
895 222889 1.0
896 222988 1.0
897 223126 1.0
898 223197 1.0
899 223320 1.0
900 223396 1.0
901 223519 1.0
902 223666 1.0
903 223762 1.0
904 223858 1.0
905 223942 1.0
906 224047 1.0
907 224152 1.0
908 224240 1.0
909 224407 1.0
910 224566 1.0
911 224728 1.0
912 224847 1.0
913 224985 1.0
914 225124 1.0
915 225216 1.0
916 225326 1.0
917 225415 1.0
918 225556 1.0
919 225667 1.0
920 225783 1.0
921 225891 1.0
922 226010 1.0
923 226113 1.0
924 226219 1.0
925 226320 1.0
926 226476 1.0
927 226565 1.0
928 226655 1.0
929 226742 1.0
930 226875 1.0
931 227023 1.0
932 227141 1.0
933 227242 1.0
934 227392 1.0
935 227484 1.0
936 227576 1.0
937 227649 1.0
938 227788 1.0
939 227937 1.0
940 228052 1.0
941 228195 1.0
942 228338 1.0
943 228470 1.0
944 228555 1.0
945 228652 1.0
946 228736 1.0
947 228832 1.0
948 228912 1.0
949 229016 1.0
950 229165 1.0
951 229259 1.0
952 229371 1.0
953 229471 1.0
954 229606 1.0
955 229744 1.0
956 229831 1.0
957 229941 1.0
958 230039 1.0
959 230173 1.0
960 230257 1.0
961 230349 1.0
962 230433 1.0
963 230552 1.0
964 230727 1.0
965 230864 1.0
966 230960 1.0
967 231087 1.0
968 231193 1.0
969 231296 1.0
970 231378 1.0
971 231469 1.0
972 231578 1.0
973 231648 1.0
974 231742 1.0
975 231882 1.0
976 231969 1.0
977 232178 1.0
978 232305 1.0
979 232386 1.0
980 232463 1.0
981 232600 1.0
982 232695 1.0
983 232796 1.0
984 232916 1.0
985 233067 1.0
986 233144 1.0
987 233260 1.0
988 233436 1.0
989 233571 1.0
990 233647 1.0
991 233761 1.0
992 233892 1.0
993 234015 1.0
994 234133 1.0
995 234221 1.0
996 234355 1.0
997 234434 1.0
998 234552 1.0
999 234636 1.0
1000 234813 1.0
1001 234892 1.0
1002 234980 1.0
1003 235113 1.0
1004 235233 1.0
1005 235399 1.0
1006 235501 1.0
1007 235587 1.0
1008 235670 1.0
1009 235843 1.0
1010 235965 1.0
1011 236147 1.0
1012 236218 1.0
1013 236328 1.0
1014 236421 1.0
1015 236520 1.0
1016 236608 1.0
1017 236785 1.0
1018 236930 1.0
1019 237013 1.0
1020 237148 1.0
1021 237277 1.0
1022 237359 1.0
1023 237451 1.0
1024 237537 1.0
1025 237648 1.0
1026 237715 1.0
1027 237863 1.0
1028 238006 1.0
1029 238086 1.0
1030 238189 1.0
1031 238268 1.0
1032 238362 1.0
1033 238480 1.0
1034 238583 1.0
1035 238687 1.0
1036 238759 1.0
1037 238853 1.0
1038 238927 1.0
1039 238999 1.0
1040 239079 1.0
1041 239158 1.0
1042 239249 1.0
1043 239348 1.0
1044 239475 1.0
1045 239555 1.0
1046 239637 1.0
1047 239745 1.0
1048 239848 1.0
1049 239931 1.0
1050 240051 1.0
1051 240140 1.0
1052 240287 1.0
1053 240374 1.0
1054 240445 1.0
1055 240538 1.0
1056 240603 1.0
1057 240680 1.0
1058 240822 1.0
1059 240941 1.0
1060 241028 1.0
1061 241132 1.0
1062 241238 1.0
1063 241334 1.0
1064 241404 1.0
1065 241546 1.0
1066 241673 1.0
1067 241796 1.0
1068 241911 1.0
1069 241980 1.0
1070 242089 1.0
1071 242234 1.0
1072 242325 1.0
1073 242415 1.0
1074 242522 1.0
1075 242653 1.0
1076 242742 1.0
1077 242899 1.0
1078 242993 1.0
1079 243081 1.0
1080 243182 1.0
1081 243316 1.0
1082 243390 1.0
1083 243463 1.0
1084 243618 1.0
1085 243738 1.0
1086 243833 1.0
1087 243944 1.0
1088 244040 1.0
1089 244119 1.0
1090 244199 1.0
1091 244278 1.0
1092 244361 1.0
1093 244471 1.0
1094 244595 1.0
1095 244683 1.0
1096 244822 1.0
1097 244898 1.0
1098 244987 1.0
1099 245084 1.0
1100 245160 1.0
1101 245267 1.0
1102 245366 1.0
1103 245536 1.0
1104 245640 1.0
1105 245717 1.0
1106 245785 1.0
1107 245865 1.0
1108 245978 1.0
1109 246062 1.0
1110 246167 1.0
1111 246289 1.0
1112 246508 1.0
1113 246628 1.0
1114 246717 1.0
1115 246837 1.0
1116 246949 1.0
1117 247043 1.0
1118 247148 1.0
1119 247245 1.0
1120 247356 1.0
1121 247440 1.0
1122 247548 1.0
1123 247612 1.0
1124 247698 1.0
1125 247857 1.0
1126 247958 1.0
1127 248094 1.0
1128 248224 1.0
1129 248311 1.0
1130 248386 1.0
1131 248519 1.0
1132 248644 1.0
1133 248700 1.0
1134 248842 1.0
1135 248976 1.0
1136 249036 1.0
1137 249170 1.0
1138 249258 1.0
1139 249378 1.0
1140 249495 1.0
1141 249610 1.0
1142 249721 1.0
1143 249790 1.0
1144 249909 1.0
1145 249971 1.0
1146 250072 1.0
1147 250193 1.0
1148 250258 1.0
1149 250424 1.0
1150 250565 1.0
1151 250661 1.0
1152 250795 1.0
1153 250983 1.0
1154 251128 1.0
1155 251234 1.0
1156 251358 1.0
1157 251477 1.0
1158 251574 1.0
1159 251719 1.0
1160 251805 1.0
1161 251947 1.0
1162 252052 1.0
1163 252122 1.0
1164 252236 1.0
1165 252328 1.0
1166 252465 1.0
1167 252571 1.0
1168 252627 1.0
1169 252701 1.0
1170 252808 1.0
1171 252896 1.0
1172 252970 1.0
1173 253073 1.0
1174 253146 1.0
1175 253254 1.0
1176 253346 1.0
1177 253473 1.0
1178 253602 1.0
1179 253749 1.0
1180 253946 1.0
1181 254056 1.0
1182 254129 1.0
1183 254220 1.0
1184 254327 1.0
1185 254440 1.0
1186 254557 1.0
1187 254661 1.0
1188 254805 1.0
1189 254906 1.0
1190 254998 1.0
1191 255078 1.0
1192 255179 1.0
1193 255250 1.0
1194 255441 1.0
1195 255541 1.0
1196 255690 1.0
1197 255833 1.0
1198 255951 1.0
1199 256072 1.0
1200 256149 1.0
1201 256220 1.0
1202 256313 1.0
1203 256419 1.0
1204 256517 1.0
1205 256695 1.0
1206 256786 1.0
1207 256866 1.0
1208 256972 1.0
1209 257082 1.0
1210 257159 1.0
1211 257258 1.0
1212 257406 1.0
1213 257484 1.0
1214 257608 1.0
1215 257752 1.0
1216 257850 1.0
1217 257939 1.0
1218 258092 1.0
1219 258182 1.0
1220 258260 1.0
1221 258326 1.0
1222 258412 1.0
1223 258537 1.0
1224 258624 1.0
1225 258716 1.0
1226 258839 1.0
1227 258950 1.0
1228 259055 1.0
1229 259154 1.0
1230 259265 1.0
1231 259342 1.0
1232 259429 1.0
1233 259531 1.0
1234 259611 1.0
1235 259700 1.0
1236 259805 1.0
1237 259896 1.0
1238 260041 1.0
1239 260132 1.0
1240 260245 1.0
1241 260339 1.0
1242 260433 1.0
1243 260535 1.0
1244 260631 1.0
1245 260705 1.0
1246 260917 1.0
1247 261010 1.0
1248 261103 1.0
1249 261181 1.0
1250 261292 1.0
1251 261431 1.0
1252 261491 1.0
1253 261593 1.0
1254 261694 1.0
1255 261762 1.0
1256 261835 1.0
1257 261925 1.0
1258 262004 1.0
1259 262086 1.0
1260 262190 1.0
1261 262259 1.0
1262 262418 1.0
1263 262491 1.0
1264 262599 1.0
1265 262738 1.0
1266 262887 1.0
1267 263039 1.0
1268 263110 1.0
1269 263191 1.0
1270 263279 1.0
1271 263399 1.0
1272 263518 1.0
1273 263622 1.0
1274 263695 1.0
1275 263835 1.0
1276 263918 1.0
1277 264011 1.0
1278 264104 1.0
1279 264207 1.0
1280 264287 1.0
1281 264377 1.0
1282 264496 1.0
1283 264575 1.0
1284 264696 1.0
1285 264765 1.0
1286 264871 1.0
1287 264967 1.0
1288 265093 1.0
1289 265194 1.0
1290 265267 1.0
1291 265380 1.0
1292 265468 1.0
1293 265576 1.0
1294 265689 1.0
1295 265803 1.0
1296 265915 1.0
1297 266047 1.0
1298 266142 1.0
1299 266228 1.0
1300 266365 1.0
1301 266500 1.0
1302 266611 1.0
1303 266708 1.0
1304 266831 1.0
1305 266936 1.0
1306 266996 1.0
1307 267062 1.0
1308 267166 1.0
1309 267266 1.0
1310 267358 1.0
1311 267505 1.0
1312 267596 1.0
1313 267690 1.0
1314 267769 1.0
1315 267866 1.0
1316 267991 1.0
1317 268078 1.0
1318 268182 1.0
1319 268266 1.0
1320 268373 1.0
1321 268503 1.0
1322 268583 1.0
1323 268748 1.0
1324 268855 1.0
1325 268939 1.0
1326 269068 1.0
1327 269158 1.0
1328 269229 1.0
1329 269315 1.0
1330 269423 1.0
1331 269519 1.0
1332 269618 1.0
1333 269693 1.0
1334 269821 1.0
1335 269959 1.0
1336 270053 1.0
1337 270167 1.0
1338 270267 1.0
1339 270356 1.0
1340 270435 1.0
1341 270540 1.0
1342 270652 1.0
1343 270731 1.0
1344 270805 1.0
1345 270914 1.0
1346 271038 1.0
1347 271141 1.0
1348 271255 1.0
1349 271346 1.0
1350 271471 1.0
1351 271569 1.0
1352 271673 1.0
1353 271787 1.0
1354 271892 1.0
1355 271965 1.0
1356 272029 1.0
1357 272137 1.0
1358 272262 1.0
1359 272358 1.0
1360 272456 1.0
1361 272571 1.0
1362 272684 1.0
1363 272798 1.0
1364 272881 1.0
1365 272979 1.0
1366 273076 1.0
1367 273149 1.0
1368 273247 1.0
1369 273351 1.0
1370 273449 1.0
1371 273547 1.0
1372 273625 1.0
1373 273719 1.0
1374 273841 1.0
1375 274003 1.0
1376 274126 1.0
1377 274197 1.0
1378 274274 1.0
1379 274370 1.0
1380 274448 1.0
1381 274540 1.0
1382 274624 1.0
1383 274695 1.0
1384 274802 1.0
1385 274905 1.0
1386 274996 1.0
1387 275077 1.0
1388 275187 1.0
1389 275282 1.0
1390 275383 1.0
1391 275481 1.0
1392 275547 1.0
1393 275656 1.0
1394 275732 1.0
1395 275815 1.0
1396 275890 1.0
1397 276008 1.0
1398 276171 1.0
1399 276322 1.0
1400 276421 1.0
1401 276487 1.0
1402 276595 1.0
1403 276695 1.0
1404 276784 1.0
1405 276889 1.0
1406 276983 1.0
1407 277061 1.0
1408 277218 1.0
1409 277323 1.0
1410 277410 1.0
1411 277598 1.0
1412 277710 1.0
1413 277831 1.0
1414 277969 1.0
1415 278071 1.0
1416 278177 1.0
1417 278246 1.0
1418 278324 1.0
1419 278460 1.0
1420 278584 1.0
1421 278681 1.0
1422 278765 1.0
1423 278841 1.0
1424 278923 1.0
1425 279077 1.0
1426 279206 1.0
1427 279338 1.0
1428 279404 1.0
1429 279501 1.0
1430 279575 1.0
1431 279647 1.0
1432 279773 1.0
1433 279849 1.0
1434 279926 1.0
1435 280047 1.0
1436 280138 1.0
1437 280221 1.0
1438 280381 1.0
1439 280470 1.0
1440 280545 1.0
1441 280656 1.0
1442 280760 1.0
1443 280868 1.0
1444 280959 1.0
1445 281076 1.0
1446 281229 1.0
1447 281363 1.0
1448 281450 1.0
1449 281529 1.0
1450 281638 1.0
1451 281730 1.0
1452 281833 1.0
1453 281911 1.0
1454 282029 1.0
1455 282122 1.0
1456 282245 1.0
1457 282336 1.0
1458 282447 1.0
1459 282535 1.0
1460 282626 1.0
1461 282730 1.0
1462 282902 1.0
1463 283076 1.0
1464 283254 1.0
1465 283357 1.0
1466 283432 1.0
1467 283519 1.0
1468 283631 1.0
1469 283699 1.0
1470 283815 1.0
1471 283938 1.0
1472 284063 1.0
1473 284159 1.0
1474 284262 1.0
1475 284352 1.0
1476 284424 1.0
1477 284561 1.0
1478 284628 1.0
1479 284734 1.0
1480 284810 1.0
1481 284903 1.0
1482 285004 1.0
1483 285086 1.0
1484 285186 1.0
1485 285263 1.0
1486 285354 1.0
1487 285451 1.0
1488 285547 1.0
1489 285627 1.0
1490 285718 1.0
1491 285809 1.0
1492 285895 1.0
1493 286048 1.0
1494 286169 1.0
1495 286263 1.0
1496 286385 1.0
1497 286522 1.0
1498 286576 1.0
1499 286682 1.0
1500 286812 1.0
1501 286952 1.0
1502 287063 1.0
1503 287230 1.0
1504 287332 1.0
1505 287461 1.0
1506 287590 1.0
1507 287701 1.0
1508 287828 1.0
1509 287921 1.0
1510 288002 1.0
1511 288084 1.0
1512 288162 1.0
1513 288304 1.0
1514 288458 1.0
1515 288580 1.0
1516 288677 1.0
1517 288749 1.0
1518 288834 1.0
1519 288936 1.0
1520 289062 1.0
1521 289129 1.0
1522 289221 1.0
1523 289305 1.0
1524 289445 1.0
1525 289550 1.0
1526 289654 1.0
1527 289750 1.0
1528 289838 1.0
1529 289931 1.0
1530 290064 1.0
1531 290171 1.0
1532 290273 1.0
1533 290381 1.0
1534 290473 1.0
1535 290583 1.0
1536 290677 1.0
1537 290789 1.0
1538 290860 1.0
1539 290998 1.0
1540 291092 1.0
1541 291215 1.0
1542 291304 1.0
1543 291401 1.0
1544 291512 1.0
1545 291605 1.0
1546 291686 1.0
1547 291773 1.0
1548 291870 1.0
1549 291963 1.0
1550 292028 1.0
1551 292120 1.0
1552 292225 1.0
1553 292307 1.0
1554 292391 1.0
1555 292466 1.0
1556 292571 1.0
1557 292644 1.0
1558 292763 1.0
1559 292847 1.0
1560 292933 1.0
1561 293006 1.0
1562 293115 1.0
1563 293248 1.0
1564 293395 1.0
1565 293558 1.0
1566 293661 1.0
1567 293741 1.0
1568 293815 1.0
1569 293919 1.0
1570 294018 1.0
1571 294092 1.0
1572 294165 1.0
1573 294266 1.0
1574 294343 1.0
1575 294469 1.0
1576 294588 1.0
1577 294668 1.0
1578 294744 1.0
1579 294827 1.0
1580 294929 1.0
1581 295002 1.0
1582 295113 1.0
1583 295216 1.0
1584 295333 1.0
1585 295419 1.0
1586 295490 1.0
1587 295599 1.0
1588 295681 1.0
1589 295783 1.0
1590 295860 1.0
1591 295944 1.0
1592 296056 1.0
1593 296122 1.0
1594 296192 1.0
1595 296286 1.0
1596 296395 1.0
1597 296485 1.0
1598 296628 1.0
1599 296744 1.0
1600 296838 1.0
1601 296905 1.0
1602 296990 1.0
1603 297079 1.0
1604 297191 1.0
1605 297266 1.0
1606 297360 1.0
1607 297494 1.0
1608 297588 1.0
1609 297698 1.0
1610 297776 1.0
1611 297894 1.0
1612 297993 1.0
1613 298103 1.0
1614 298178 1.0
1615 298272 1.0
1616 298364 1.0
1617 298517 1.0
1618 298613 1.0
1619 298691 1.0
1620 298784 1.0
1621 298879 1.0
1622 298981 1.0
1623 299072 1.0
1624 299145 1.0
1625 299202 1.0
1626 299305 1.0
1627 299432 1.0
1628 299540 1.0
1629 299634 1.0
1630 299742 1.0
1631 299824 1.0
1632 299939 1.0
1633 300054 1.0
1634 300206 1.0
1635 300308 1.0
1636 300429 1.0
1637 300519 1.0
1638 300604 1.0
1639 300694 1.0
1640 300792 1.0
1641 300900 1.0
1642 300998 1.0
1643 301078 1.0
1644 301172 1.0
1645 301244 1.0
1646 301337 1.0
1647 301434 1.0
1648 301523 1.0
1649 301706 1.0
1650 301810 1.0
1651 301932 1.0
1652 302063 1.0
1653 302177 1.0
1654 302269 1.0
1655 302340 1.0
1656 302445 1.0
1657 302540 1.0
1658 302646 1.0
1659 302743 1.0
1660 302830 1.0
1661 302928 1.0
1662 303016 1.0
1663 303110 1.0
1664 303230 1.0
1665 303296 1.0
1666 303361 1.0
1667 303445 1.0
1668 303556 1.0
1669 303727 1.0
1670 303808 1.0
1671 303934 1.0
1672 304030 1.0
1673 304143 1.0
1674 304233 1.0
1675 304319 1.0
1676 304409 1.0
1677 304532 1.0
1678 304668 1.0
1679 304774 1.0
1680 304867 1.0
1681 304963 1.0
1682 305083 1.0
1683 305199 1.0
1684 305288 1.0
1685 305376 1.0
1686 305481 1.0
1687 305609 1.0
1688 305723 1.0
1689 305837 1.0
1690 305920 1.0
1691 306056 1.0
1692 306134 1.0
1693 306266 1.0
1694 306348 1.0
1695 306427 1.0
1696 306533 1.0
1697 306630 1.0
1698 306737 1.0
1699 306849 1.0
1700 306944 1.0
1701 307033 1.0
1702 307137 1.0
1703 307235 1.0
1704 307299 1.0
1705 307433 1.0
1706 307546 1.0
1707 307649 1.0
1708 307750 1.0
1709 307856 1.0
1710 307942 1.0
1711 308063 1.0
1712 308216 1.0
1713 308337 1.0
1714 308431 1.0
1715 308510 1.0
1716 308615 1.0
1717 308704 1.0
1718 308788 1.0
1719 308893 1.0
1720 308984 1.0
1721 309155 1.0
1722 309334 1.0
1723 309449 1.0
1724 309521 1.0
1725 309593 1.0
1726 309702 1.0
1727 309868 1.0
1728 309987 1.0
1729 310080 1.0
1730 310179 1.0
1731 310277 1.0
1732 310343 1.0
1733 310445 1.0
1734 310526 1.0
1735 310619 1.0
1736 310739 1.0
1737 310809 1.0
1738 310881 1.0
1739 311009 1.0
1740 311126 1.0
1741 311215 1.0
1742 311318 1.0
1743 311384 1.0
1744 311479 1.0
1745 311596 1.0
1746 311683 1.0
1747 311769 1.0
1748 311851 1.0
1749 311969 1.0
1750 312066 1.0
1751 312174 1.0
1752 312246 1.0
1753 312365 1.0
1754 312432 1.0
1755 312492 1.0
1756 312576 1.0
1757 312681 1.0
1758 312821 1.0
1759 312888 1.0
1760 313013 1.0
1761 313099 1.0
1762 313202 1.0
1763 313298 1.0
1764 313370 1.0
1765 313473 1.0
1766 313568 1.0
1767 313659 1.0
1768 313756 1.0
1769 313852 1.0
1770 313948 1.0
1771 314052 1.0
1772 314128 1.0
1773 314229 1.0
1774 314323 1.0
1775 314410 1.0
1776 314564 1.0
1777 314655 1.0
1778 314734 1.0
1779 314812 1.0
1780 314943 1.0
1781 315011 1.0
1782 315087 1.0
1783 315201 1.0
1784 315316 1.0
1785 315420 1.0
1786 315531 1.0
1787 315611 1.0
1788 315679 1.0
1789 315749 1.0
1790 315856 1.0
1791 315945 1.0
1792 316031 1.0
1793 316151 1.0
1794 316240 1.0
1795 316350 1.0
1796 316412 1.0
1797 316491 1.0
1798 316564 1.0
1799 316645 1.0
1800 316772 1.0
1801 316894 1.0
1802 316980 1.0
1803 317120 1.0
1804 317196 1.0
1805 317302 1.0
1806 317375 1.0
1807 317446 1.0
1808 317524 1.0
1809 317602 1.0
1810 317755 1.0
1811 317843 1.0
1812 317963 1.0
1813 318030 1.0
1814 318115 1.0
1815 318185 1.0
1816 318246 1.0
1817 318344 1.0
1818 318448 1.0
1819 318566 1.0
1820 318651 1.0
1821 318731 1.0
1822 318814 1.0
1823 318886 1.0
1824 319000 1.0
1825 319091 1.0
1826 319171 1.0
1827 319257 1.0
1828 319350 1.0
1829 319425 1.0
1830 319508 1.0
1831 319596 1.0
1832 319697 1.0
1833 319759 1.0
1834 319867 1.0
1835 319946 1.0
1836 320031 1.0
1837 320129 1.0
1838 320223 1.0
1839 320326 1.0
1840 320421 1.0
1841 320523 1.0
1842 320618 1.0
1843 320714 1.0
1844 320829 1.0
1845 320940 1.0
1846 321020 1.0
1847 321103 1.0
1848 321192 1.0
1849 321330 1.0
1850 321398 1.0
1851 321590 1.0
1852 321730 1.0
1853 321840 1.0
1854 321930 1.0
1855 322019 1.0
1856 322090 1.0
1857 322188 1.0
1858 322272 1.0
1859 322337 1.0
1860 322430 1.0
1861 322501 1.0
1862 322606 1.0
1863 322726 1.0
1864 322810 1.0
1865 322926 1.0
1866 323034 1.0
1867 323155 1.0
1868 323226 1.0
1869 323341 1.0
1870 323422 1.0
1871 323488 1.0
1872 323581 1.0
1873 323658 1.0
1874 323772 1.0
1875 323852 1.0
1876 323943 1.0
1877 324059 1.0
1878 324161 1.0
1879 324261 1.0
1880 324335 1.0
1881 324440 1.0
1882 324547 1.0
1883 324634 1.0
1884 324714 1.0
1885 324844 1.0
1886 324980 1.0
1887 325071 1.0
1888 325146 1.0
1889 325256 1.0
1890 325378 1.0
1891 325479 1.0
1892 325577 1.0
1893 325678 1.0
1894 325851 1.0
1895 325941 1.0
1896 326030 1.0
1897 326106 1.0
1898 326179 1.0
1899 326291 1.0
1900 326396 1.0
1901 326508 1.0
1902 326572 1.0
1903 326654 1.0
1904 326753 1.0
1905 326880 1.0
1906 327017 1.0
1907 327110 1.0
1908 327206 1.0
1909 327299 1.0
1910 327406 1.0
1911 327524 1.0
1912 327603 1.0
1913 327691 1.0
1914 327839 1.0
1915 327943 1.0
1916 328044 1.0
1917 328167 1.0
1918 328265 1.0
1919 328366 1.0
1920 328439 1.0
1921 328544 1.0
1922 328637 1.0
1923 328727 1.0
1924 328809 1.0
1925 328881 1.0
1926 328959 1.0
1927 329037 1.0
1928 329117 1.0
1929 329260 1.0
1930 329334 1.0
1931 329415 1.0
1932 329506 1.0
1933 329582 1.0
1934 329670 1.0
1935 329763 1.0
1936 329859 1.0
1937 329986 1.0
1938 330130 1.0
1939 330237 1.0
1940 330324 1.0
1941 330404 1.0
1942 330513 1.0
1943 330604 1.0
1944 330686 1.0
1945 330807 1.0
1946 330888 1.0
1947 330960 1.0
1948 331029 1.0
1949 331084 1.0
1950 331209 1.0
1951 331300 1.0
1952 331413 1.0
1953 331498 1.0
1954 331617 1.0
1955 331697 1.0
1956 331799 1.0
1957 331888 1.0
1958 332002 1.0
1959 332105 1.0
1960 332197 1.0
1961 332318 1.0
1962 332423 1.0
1963 332502 1.0
1964 332600 1.0
1965 332694 1.0
1966 332858 1.0
1967 332980 1.0
1968 333074 1.0
1969 333165 1.0
1970 333248 1.0
1971 333348 1.0
1972 333448 1.0
1973 333530 1.0
1974 333683 1.0
1975 333748 1.0
1976 333829 1.0
1977 333928 1.0
1978 334013 1.0
1979 334099 1.0
1980 334162 1.0
1981 334240 1.0
1982 334303 1.0
1983 334366 1.0
1984 334429 1.0
1985 334508 1.0
1986 334611 1.0
1987 334684 1.0
1988 334776 1.0
1989 334869 1.0
1990 334936 1.0
1991 335017 1.0
1992 335093 1.0
1993 335172 1.0
1994 335258 1.0
1995 335338 1.0
1996 335494 1.0
1997 335577 1.0
1998 335659 1.0
1999 335802 1.0
2000 335898 1.0
2001 335965 1.0
2002 336038 1.0
2003 336112 1.0
2004 336235 1.0
2005 336317 1.0
2006 336392 1.0
2007 336491 1.0
2008 336556 1.0
2009 336686 1.0
2010 336757 1.0
2011 336835 1.0
2012 336915 1.0
2013 337006 1.0
2014 337090 1.0
2015 337173 1.0
2016 337266 1.0
2017 337396 1.0
2018 337482 1.0
2019 337553 1.0
2020 337679 1.0
2021 337780 1.0
2022 337873 1.0
2023 337970 1.0
2024 338073 1.0
2025 338180 1.0
2026 338285 1.0
2027 338348 1.0
2028 338411 1.0
2029 338529 1.0
2030 338618 1.0
2031 338700 1.0
2032 338812 1.0
2033 338903 1.0
2034 339008 1.0
2035 339085 1.0
2036 339213 1.0
2037 339373 1.0
2038 339458 1.0
2039 339532 1.0
2040 339697 1.0
2041 339758 1.0
2042 339832 1.0
2043 339948 1.0
2044 340018 1.0
2045 340162 1.0
2046 340240 1.0
2047 340346 1.0
2048 340413 1.0
2049 340509 1.0
2050 340618 1.0
2051 340699 1.0
2052 340801 1.0
2053 340868 1.0
2054 340952 1.0
2055 341028 1.0
2056 341106 1.0
2057 341202 1.0
2058 341338 1.0
2059 341447 1.0
2060 341515 1.0
2061 341633 1.0
2062 341694 1.0
2063 341799 1.0
2064 341877 1.0
2065 342012 1.0
2066 342112 1.0
2067 342178 1.0
2068 342299 1.0
2069 342381 1.0
2070 342499 1.0
2071 342580 1.0
2072 342677 1.0
2073 342768 1.0
2074 342834 1.0
2075 342951 1.0
2076 343062 1.0
2077 343153 1.0
2078 343283 1.0
2079 343363 1.0
2080 343469 1.0
2081 343565 1.0
2082 343699 1.0
2083 343793 1.0
2084 343878 1.0
2085 343963 1.0
2086 344061 1.0
2087 344146 1.0
2088 344232 1.0
2089 344330 1.0
2090 344418 1.0
2091 344560 1.0
2092 344651 1.0
2093 344766 1.0
2094 344896 1.0
2095 344961 1.0
2096 345066 1.0
2097 345133 1.0
2098 345210 1.0
2099 345277 1.0
2100 345369 1.0
2101 345465 1.0
2102 345551 1.0
2103 345665 1.0
2104 345753 1.0
2105 345837 1.0
2106 345919 1.0
2107 346003 1.0
2108 346087 1.0
2109 346148 1.0
2110 346261 1.0
2111 346356 1.0
2112 346418 1.0
2113 346522 1.0
2114 346606 1.0
2115 346735 1.0
2116 346848 1.0
2117 346971 1.0
2118 347065 1.0
2119 347161 1.0
2120 347260 1.0
2121 347335 1.0
2122 347455 1.0
2123 347557 1.0
2124 347635 1.0
2125 347805 1.0
2126 347918 1.0
2127 348061 1.0
2128 348125 1.0
2129 348199 1.0
2130 348298 1.0
2131 348379 1.0
2132 348507 1.0
2133 348631 1.0
2134 348738 1.0
2135 348828 1.0
2136 348906 1.0
2137 348971 1.0
2138 349039 1.0
2139 349131 1.0
2140 349230 1.0
2141 349315 1.0
2142 349411 1.0
2143 349492 1.0
2144 349639 1.0
2145 349756 1.0
2146 349842 1.0
2147 349913 1.0
2148 349973 1.0
2149 350068 1.0
2150 350169 1.0
2151 350330 1.0
2152 350409 1.0
2153 350470 1.0
2154 350538 1.0
2155 350605 1.0
2156 350713 1.0
2157 350799 1.0
2158 350860 1.0
2159 350959 1.0
2160 351035 1.0
2161 351125 1.0
2162 351244 1.0
2163 351344 1.0
2164 351444 1.0
2165 351529 1.0
2166 351610 1.0
2167 351706 1.0
2168 351805 1.0
2169 351901 1.0
2170 351959 1.0
2171 352078 1.0
2172 352184 1.0
2173 352279 1.0
2174 352436 1.0
2175 352514 1.0
2176 352601 1.0
2177 352687 1.0
2178 352805 1.0
2179 352934 1.0
2180 353020 1.0
2181 353156 1.0
2182 353278 1.0
2183 353389 1.0
2184 353472 1.0
2185 353579 1.0
2186 353682 1.0
2187 353793 1.0
2188 353876 1.0
2189 353967 1.0
2190 354106 1.0
2191 354181 1.0
2192 354268 1.0
2193 354395 1.0
2194 354472 1.0
2195 354547 1.0
2196 354672 1.0
2197 354753 1.0
2198 354847 1.0
2199 354962 1.0
2200 355073 1.0
2201 355158 1.0
2202 355259 1.0
2203 355338 1.0
2204 355427 1.0
2205 355514 1.0
2206 355630 1.0
2207 355743 1.0
2208 355860 1.0
2209 355943 1.0
2210 356038 1.0
2211 356158 1.0
2212 356226 1.0
2213 356305 1.0
2214 356414 1.0
2215 356499 1.0
2216 356571 1.0
2217 356653 1.0
2218 356741 1.0
2219 356870 1.0
2220 356976 1.0
2221 357054 1.0
2222 357133 1.0
2223 357238 1.0
2224 357295 1.0
2225 357427 1.0
2226 357561 1.0
2227 357680 1.0
2228 357769 1.0
2229 357860 1.0
2230 357978 1.0
2231 358070 1.0
2232 358243 1.0
2233 358322 1.0
2234 358415 1.0
2235 358515 1.0
2236 358611 1.0
2237 358708 1.0
2238 358786 1.0
2239 358852 1.0
2240 358943 1.0
2241 359050 1.0
2242 359143 1.0
2243 359219 1.0
2244 359331 1.0
2245 359419 1.0
2246 359494 1.0
2247 359554 1.0
2248 359674 1.0
2249 359759 1.0
2250 359844 1.0
2251 359907 1.0
2252 360045 1.0
2253 360140 1.0
2254 360248 1.0
2255 360340 1.0
2256 360426 1.0
2257 360515 1.0
2258 360596 1.0
2259 360691 1.0
2260 360837 1.0
2261 360923 1.0
2262 360996 1.0
2263 361084 1.0
2264 361187 1.0
2265 361273 1.0
2266 361346 1.0
2267 361419 1.0
2268 361481 1.0
2269 361584 1.0
2270 361650 1.0
2271 361721 1.0
2272 361849 1.0
2273 361923 1.0
2274 362007 1.0
2275 362085 1.0
2276 362165 1.0
2277 362241 1.0
2278 362321 1.0
2279 362444 1.0
2280 362558 1.0
2281 362656 1.0
2282 362746 1.0
2283 362849 1.0
2284 362927 1.0
2285 363077 1.0
2286 363203 1.0
2287 363301 1.0
2288 363432 1.0
2289 363549 1.0
2290 363654 1.0
2291 363759 1.0
2292 363840 1.0
2293 363901 1.0
2294 363975 1.0
2295 364097 1.0
2296 364188 1.0
2297 364282 1.0
2298 364370 1.0
2299 364506 1.0
2300 364605 1.0
2301 364728 1.0
2302 364809 1.0
2303 364876 1.0
2304 364939 1.0
2305 365060 1.0
2306 365151 1.0
2307 365249 1.0
2308 365354 1.0
2309 365467 1.0
2310 365533 1.0
2311 365623 1.0
2312 365708 1.0
2313 365798 1.0
2314 365864 1.0
2315 365948 1.0
2316 366028 1.0
2317 366111 1.0
2318 366181 1.0
2319 366256 1.0
2320 366370 1.0
2321 366452 1.0
2322 366539 1.0
2323 366617 1.0
2324 366745 1.0
2325 366814 1.0
2326 366899 1.0
2327 367001 1.0
2328 367079 1.0
2329 367149 1.0
2330 367245 1.0
2331 367333 1.0
2332 367436 1.0
2333 367512 1.0
2334 367605 1.0
2335 367708 1.0
2336 367788 1.0
2337 367895 1.0
2338 367977 1.0
2339 368088 1.0
2340 368192 1.0
2341 368313 1.0
2342 368425 1.0
2343 368506 1.0
2344 368588 1.0
2345 368666 1.0
2346 368748 1.0
2347 368845 1.0
2348 368918 1.0
2349 368999 1.0
2350 369115 1.0
2351 369199 1.0
2352 369300 1.0
2353 369370 1.0
2354 369440 1.0
2355 369548 1.0
2356 369648 1.0
2357 369737 1.0
2358 369818 1.0
2359 369914 1.0
2360 370024 1.0
2361 370181 1.0
2362 370266 1.0
2363 370371 1.0
2364 370453 1.0
2365 370572 1.0
2366 370640 1.0
2367 370718 1.0
2368 370801 1.0
2369 370898 1.0
2370 370994 1.0
2371 371089 1.0
2372 371153 1.0
2373 371240 1.0
2374 371312 1.0
2375 371384 1.0
2376 371540 1.0
2377 371621 1.0
2378 371705 1.0
2379 371796 1.0
2380 371888 1.0
2381 371972 1.0
2382 372071 1.0
2383 372183 1.0
2384 372289 1.0
2385 372391 1.0
2386 372471 1.0
2387 372585 1.0
2388 372677 1.0
2389 372746 1.0
2390 372836 1.0
2391 372934 1.0
2392 373028 1.0
2393 373119 1.0
2394 373218 1.0
2395 373282 1.0
2396 373455 1.0
2397 373549 1.0
2398 373670 1.0
2399 373757 1.0
2400 373845 1.0
2401 373923 1.0
2402 373993 1.0
2403 374088 1.0
2404 374168 1.0
2405 374251 1.0
2406 374331 1.0
2407 374409 1.0
2408 374476 1.0
2409 374579 1.0
2410 374709 1.0
2411 374796 1.0
2412 374912 1.0
2413 375010 1.0
2414 375106 1.0
2415 375189 1.0
2416 375242 1.0
2417 375311 1.0
2418 375391 1.0
2419 375508 1.0
2420 375582 1.0
2421 375678 1.0
2422 375763 1.0
2423 375835 1.0
2424 375934 1.0
2425 376029 1.0
2426 376113 1.0
2427 376198 1.0
2428 376282 1.0
2429 376384 1.0
2430 376462 1.0
2431 376557 1.0
2432 376670 1.0
2433 376754 1.0
2434 376820 1.0
2435 376927 1.0
2436 376995 1.0
2437 377087 1.0
2438 377207 1.0
2439 377323 1.0
2440 377443 1.0
2441 377517 1.0
2442 377593 1.0
2443 377745 1.0
2444 377818 1.0
2445 377958 1.0
2446 378045 1.0
2447 378184 1.0
2448 378264 1.0
2449 378331 1.0
2450 378411 1.0
2451 378498 1.0
2452 378587 1.0
2453 378668 1.0
2454 378745 1.0
2455 378837 1.0
2456 378886 1.0
2457 378983 1.0
2458 379073 1.0
2459 379165 1.0
2460 379255 1.0
2461 379361 1.0
2462 379432 1.0
2463 379538 1.0
2464 379664 1.0
2465 379733 1.0
2466 379828 1.0
2467 379901 1.0
2468 380018 1.0
2469 380095 1.0
2470 380199 1.0
2471 380301 1.0
2472 380377 1.0
2473 380462 1.0
2474 380544 1.0
2475 380623 1.0
2476 380746 1.0
2477 380830 1.0
2478 380933 1.0
2479 381059 1.0
2480 381120 1.0
2481 381236 1.0
2482 381401 1.0
2483 381518 1.0
2484 381616 1.0
2485 381684 1.0
2486 381762 1.0
2487 381834 1.0
2488 381929 1.0
2489 382006 1.0
2490 382110 1.0
2491 382200 1.0
2492 382280 1.0
2493 382359 1.0
2494 382438 1.0
2495 382511 1.0
2496 382596 1.0
2497 382711 1.0
2498 382798 1.0
2499 382890 1.0
2500 382977 1.0
2501 383056 1.0
2502 383125 1.0
2503 383251 1.0
2504 383330 1.0
2505 383399 1.0
2506 383492 1.0
2507 383582 1.0
2508 383679 1.0
2509 383760 1.0
2510 383874 1.0
2511 384028 1.0
2512 384096 1.0
2513 384167 1.0
2514 384316 1.0
2515 384459 1.0
2516 384579 1.0
2517 384669 1.0
2518 384764 1.0
2519 384860 1.0
2520 384960 1.0
2521 385044 1.0
2522 385131 1.0
2523 385219 1.0
2524 385311 1.0
2525 385382 1.0
2526 385447 1.0
2527 385569 1.0
2528 385656 1.0
2529 385747 1.0
2530 385853 1.0
2531 385935 1.0
2532 386031 1.0
2533 386117 1.0
2534 386193 1.0
2535 386328 1.0
2536 386418 1.0
2537 386494 1.0
2538 386570 1.0
2539 386650 1.0
2540 386725 1.0
2541 386806 1.0
2542 386912 1.0
2543 387024 1.0
2544 387159 1.0
2545 387274 1.0
2546 387344 1.0
2547 387481 1.0
2548 387584 1.0
2549 387671 1.0
2550 387753 1.0
2551 387825 1.0
2552 387922 1.0
2553 388002 1.0
2554 388105 1.0
2555 388195 1.0
2556 388311 1.0
2557 388388 1.0
2558 388470 1.0
2559 388545 1.0
2560 388612 1.0
2561 388711 1.0
2562 388841 1.0
2563 388948 1.0
2564 389058 1.0
2565 389121 1.0
2566 389251 1.0
2567 389352 1.0
2568 389437 1.0
2569 389528 1.0
2570 389608 1.0
2571 389691 1.0
2572 389759 1.0
2573 389833 1.0
2574 389924 1.0
2575 390041 1.0
2576 390148 1.0
2577 390233 1.0
2578 390308 1.0
2579 390406 1.0
2580 390492 1.0
2581 390600 1.0
2582 390695 1.0
2583 390750 1.0
2584 390843 1.0
2585 390925 1.0
2586 391005 1.0
