1 300 0.14
2 600 0.15000000000000002
3 900 0.16000000000000003
4 1200 0.17000000000000004
5 1500 0.18000000000000005
6 1800 0.18000000000000002
7 2100 0.18000000000000002
8 2400 0.18
9 2700 0.19
10 3000 0.19
11 3300 0.19
12 3600 0.2
13 3900 0.21000000000000002
14 4200 0.21000000000000002
15 4500 0.21000000000000002
16 4800 0.22000000000000003
17 5100 0.23000000000000004
18 5400 0.23000000000000004
19 5700 0.24000000000000005
20 6000 0.25
21 6300 0.26
22 6600 0.26
23 6900 0.27
24 7200 0.28
25 7500 0.29000000000000004
26 7800 0.30000000000000004
27 8100 0.31000000000000005
28 8400 0.32
29 8700 0.33
30 9000 0.34
31 9300 0.35000000000000003
32 9600 0.36000000000000004
33 9900 0.37000000000000005
34 10200 0.38000000000000006
35 10500 0.39
36 10800 0.4
37 11100 0.41000000000000003
38 11400 0.42000000000000004
39 11700 0.43000000000000005
40 12000 0.44000000000000006
41 12300 0.45
42 12600 0.46
43 12900 0.47000000000000003
44 13176 0.48000000000000004
45 13476 0.48000000000000004
46 13776 0.49000000000000005
47 14076 0.5
48 14376 0.51
49 14676 0.52
50 14976 0.53
51 15276 0.54
52 15576 0.55
53 15876 0.56
54 16176 0.5700000000000001
55 16476 0.5800000000000001
56 16776 0.5900000000000001
57 17076 0.6000000000000001
58 17376 0.6100000000000001
59 17676 0.6100000000000001
60 17976 0.6200000000000001
61 18276 0.6300000000000001
62 18576 0.6400000000000001
63 18876 0.65
64 19061 0.66
65 19361 0.66
66 19661 0.67
67 19921 0.68
68 20221 0.68
69 20521 0.6900000000000001
70 20821 0.7
71 21067 0.71
72 21367 0.71
73 21667 0.71
74 21967 0.72
75 22267 0.73
76 22567 0.74
77 22867 0.75
78 23149 0.76
79 23449 0.76
80 23749 0.77
81 24049 0.78
82 24329 0.79
83 24629 0.79
84 24929 0.8
85 25229 0.81
86 25449 0.8200000000000001
87 25749 0.8200000000000001
88 26049 0.8300000000000001
89 26236 0.8400000000000001
90 26536 0.8400000000000001
91 26836 0.8500000000000001
92 26997 0.8600000000000001
93 27297 0.8600000000000001
94 27597 0.8700000000000001
95 27897 0.8800000000000001
96 28084 0.8900000000000001
97 28320 0.8900000000000001
98 28620 0.8900000000000001
99 28807 0.9000000000000001
100 29038 0.9000000000000001
101 29209 0.9000000000000001
102 29390 0.9000000000000001
103 29658 0.9000000000000001
104 29923 0.9000000000000001
105 30223 0.9000000000000001
106 30523 0.9100000000000001
107 30823 0.9200000000000002
108 31025 0.9300000000000002
109 31325 0.9300000000000002
110 31625 0.9400000000000002
111 31808 0.9500000000000002
112 32028 0.9500000000000002
113 32328 0.9500000000000002
114 32628 0.9600000000000002
115 32867 0.9700000000000002
116 33069 0.9700000000000002
117 33369 0.9700000000000002
118 33617 0.9800000000000002
119 33803 0.9800000000000002
120 34047 0.9800000000000002
121 34347 0.9800000000000002
122 34586 0.9900000000000002
123 34828 0.9900000000000002
124 34904 0.9900000000000002
125 35109 0.9900000000000002
126 35357 0.9900000000000002
127 35440 0.9900000000000002
128 35604 0.9900000000000002
129 35769 0.9900000000000002
130 36015 0.9900000000000002
131 36221 0.9900000000000002
132 36450 0.9900000000000002
133 36575 0.9900000000000002
134 36719 0.9900000000000002
135 36989 0.9900000000000002
136 37090 0.9900000000000002
137 37312 0.9900000000000002
138 37532 0.9900000000000002
139 37739 0.9900000000000002
140 37837 0.9900000000000002
141 38089 0.9900000000000002
142 38309 0.9900000000000002
143 38429 0.9900000000000002
144 38612 0.9800000000000002
145 38779 0.9800000000000002
146 38893 0.9800000000000002
147 39032 0.9800000000000002
148 39239 0.9800000000000002
149 39470 0.9800000000000002
150 39618 0.9800000000000002
151 39783 0.9800000000000002
152 40013 0.9800000000000002
153 40178 0.9800000000000002
154 40334 0.9800000000000002
155 40489 0.9800000000000002
156 40620 0.9800000000000002
157 40772 0.9800000000000002
158 40944 0.9800000000000002
159 41221 0.9800000000000002
160 41423 0.9800000000000002
161 41521 0.9800000000000002
162 41696 0.9800000000000002
163 41900 0.9800000000000002
164 42069 0.9800000000000002
165 42311 0.9800000000000002
166 42533 0.9800000000000002
167 42737 0.9800000000000002
168 42915 0.9800000000000002
169 42993 0.9800000000000002
170 43134 0.9800000000000002
171 43260 0.9800000000000002
172 43560 0.9800000000000002
173 43772 0.9900000000000002
174 43988 0.9900000000000002
175 44235 0.9900000000000002
176 44354 0.9900000000000002
177 44549 0.9900000000000002
178 44706 0.9900000000000002
179 44839 0.9900000000000002
180 45048 0.9900000000000002
181 45178 0.9900000000000002
182 45272 0.9900000000000002
183 45508 0.9900000000000002
184 45650 0.9900000000000002
185 45782 0.9900000000000002
186 45989 0.9900000000000002
187 46252 0.9900000000000002
188 46377 0.9900000000000002
189 46551 0.9900000000000002
190 46730 0.9900000000000002
191 46955 0.9900000000000002
192 47113 0.9900000000000002
193 47330 0.9900000000000002
194 47475 0.9900000000000002
195 47603 0.9900000000000002
196 47704 0.9900000000000002
197 47874 0.9900000000000002
198 48167 0.9900000000000002
199 48266 0.9900000000000002
200 48515 0.9900000000000002
201 48661 0.9900000000000002
202 48759 0.9900000000000002
203 48856 0.9900000000000002
204 48990 0.9900000000000002
205 49147 0.9900000000000002
206 49251 0.9900000000000002
207 49413 0.9900000000000002
208 49590 0.9900000000000002
209 49719 0.9900000000000002
210 50001 0.9900000000000002
211 50129 0.9900000000000002
212 50334 0.9900000000000002
213 50442 0.9900000000000002
214 50561 0.9900000000000002
215 50692 0.9900000000000002
216 50859 0.9900000000000002
217 50966 0.9900000000000002
218 51180 0.9900000000000002
219 51363 0.9900000000000002
220 51541 0.9900000000000002
221 51705 0.9900000000000002
222 51920 0.9900000000000002
223 52088 0.9900000000000002
224 52274 0.9900000000000002
225 52436 0.9900000000000002
226 52598 0.9900000000000002
227 52724 0.9900000000000002
228 52916 0.9900000000000002
229 53101 0.9900000000000002
230 53293 0.9900000000000002
231 53430 0.9900000000000002
232 53572 0.9900000000000002
233 53702 0.9900000000000002
234 53875 0.9900000000000002
235 54064 0.9900000000000002
236 54268 0.9900000000000002
237 54368 0.9900000000000002
238 54539 0.9900000000000002
239 54688 0.9900000000000002
240 54838 0.9900000000000002
241 54970 0.9900000000000002
242 55176 0.9900000000000002
243 55476 0.9900000000000002
244 55639 1.0
245 55766 1.0
246 55975 1.0
247 56118 1.0
248 56259 1.0
249 56438 1.0
250 56577 1.0
251 56664 1.0
252 56774 1.0
253 56898 1.0
254 57041 1.0
255 57140 1.0
256 57316 1.0
257 57483 1.0
258 57639 1.0
259 57785 1.0
260 57936 1.0
261 58096 1.0
262 58185 1.0
263 58299 1.0
264 58396 1.0
265 58604 1.0
266 58743 1.0
267 58877 1.0
268 58977 1.0
269 59119 1.0
270 59309 1.0
271 59489 1.0
272 59668 1.0
273 59771 1.0
274 59872 1.0
275 59978 1.0
276 60116 1.0
277 60211 1.0
278 60353 1.0
279 60459 1.0
280 60576 1.0
281 60783 1.0
282 60989 1.0
283 61098 1.0
284 61185 1.0
285 61358 1.0
286 61475 1.0
287 61604 1.0
288 61778 1.0
289 61899 1.0
290 62034 1.0
291 62163 1.0
292 62256 1.0
293 62403 1.0
294 62490 1.0
295 62605 1.0
296 62732 1.0
297 62909 1.0
298 63078 1.0
299 63210 1.0
300 63468 1.0
301 63576 1.0
302 63695 1.0
303 63827 1.0
304 64015 1.0
305 64257 1.0
306 64424 1.0
307 64540 1.0
308 64687 1.0
309 64880 1.0
310 64999 1.0
311 65161 1.0
312 65354 1.0
313 65540 1.0
314 65664 1.0
315 65756 1.0
316 65908 1.0
317 66046 1.0
318 66148 1.0
319 66247 1.0
320 66323 1.0
321 66424 1.0
322 66502 1.0
323 66599 1.0
324 66754 1.0
325 66992 1.0
326 67082 1.0
327 67186 1.0
328 67273 1.0
329 67424 1.0
330 67560 1.0
331 67661 1.0
332 67810 1.0
333 67965 1.0
334 68105 1.0
335 68188 1.0
336 68294 1.0
337 68480 1.0
338 68587 1.0
339 68714 1.0
340 68853 1.0
341 68994 1.0
342 69114 1.0
343 69257 1.0
344 69341 1.0
345 69429 1.0
346 69688 1.0
347 69925 1.0
348 70065 1.0
349 70161 1.0
350 70267 1.0
351 70363 1.0
352 70437 1.0
353 70550 1.0
354 70678 1.0
355 70811 1.0
356 70975 1.0
357 71083 1.0
358 71185 1.0
359 71292 1.0
360 71379 1.0
361 71545 1.0
362 71721 1.0
363 71917 1.0
364 72105 1.0
365 72257 1.0
366 72406 1.0
367 72518 1.0
368 72594 1.0
369 72700 1.0
370 72853 1.0
371 72934 1.0
372 73046 1.0
373 73165 1.0
374 73283 1.0
375 73393 1.0
376 73519 1.0
377 73648 1.0
378 73824 1.0
379 73994 1.0
380 74160 1.0
381 74268 1.0
382 74417 1.0
383 74615 1.0
384 74759 1.0
385 74928 1.0
386 75022 1.0
387 75156 1.0
388 75266 1.0
389 75388 1.0
390 75510 1.0
391 75654 1.0
392 75755 1.0
393 75851 1.0
394 75964 1.0
395 76136 1.0
396 76402 1.0
397 76524 1.0
398 76623 1.0
399 76766 1.0
400 76856 1.0
401 77043 1.0
402 77140 1.0
403 77303 1.0
404 77454 1.0
405 77549 1.0
406 77658 1.0
407 77747 1.0
408 77866 1.0
409 78026 1.0
410 78133 1.0
411 78293 1.0
412 78397 1.0
413 78497 1.0
414 78586 1.0
415 78702 1.0
416 78843 1.0
417 78949 1.0
418 79037 1.0
419 79138 1.0
420 79221 1.0
421 79368 1.0
422 79469 1.0
423 79580 1.0
424 79747 1.0
425 79924 1.0
426 80037 1.0
427 80125 1.0
428 80209 1.0
429 80365 1.0
430 80481 1.0
431 80576 1.0
432 80674 1.0
433 80781 1.0
434 80863 1.0
435 80984 1.0
436 81131 1.0
437 81279 1.0
438 81370 1.0
439 81460 1.0
440 81580 1.0
441 81757 1.0
442 81982 1.0
443 82144 1.0
444 82212 1.0
445 82358 1.0
446 82452 1.0
447 82547 1.0
448 82711 1.0
449 82798 1.0
450 82939 1.0
451 83038 1.0
452 83214 1.0
453 83289 1.0
454 83457 1.0
455 83557 1.0
456 83703 1.0
457 83886 1.0
458 83969 1.0
459 84133 1.0
460 84221 1.0
461 84313 1.0
462 84441 1.0
463 84561 1.0
464 84674 1.0
465 84790 1.0
466 84881 1.0
467 84972 1.0
468 85066 1.0
469 85202 1.0
470 85265 1.0
471 85378 1.0
472 85479 1.0
473 85595 1.0
474 85746 1.0
475 85857 1.0
476 86032 1.0
477 86154 1.0
478 86269 1.0
479 86367 1.0
480 86474 1.0
481 86607 1.0
482 86712 1.0
483 86819 1.0
484 86965 1.0
485 87164 1.0
486 87269 1.0
487 87364 1.0
488 87447 1.0
489 87579 1.0
490 87684 1.0
491 87809 1.0
492 87910 1.0
493 88042 1.0
494 88157 1.0
495 88252 1.0
496 88359 1.0
497 88491 1.0
498 88580 1.0
499 88656 1.0
500 88785 1.0
501 88930 1.0
502 89043 1.0
503 89125 1.0
504 89221 1.0
505 89292 1.0
506 89460 1.0
507 89559 1.0
508 89667 1.0
509 89849 1.0
510 89990 1.0
511 90097 1.0
512 90218 1.0
513 90305 1.0
514 90569 1.0
515 90683 1.0
516 90771 1.0
517 90871 1.0
518 90991 1.0
519 91137 1.0
520 91215 1.0
521 91385 1.0
522 91504 1.0
523 91617 1.0
524 91724 1.0
525 91833 1.0
526 91975 1.0
527 92101 1.0
528 92209 1.0
529 92374 1.0
530 92492 1.0
531 92637 1.0
532 92737 1.0
533 92832 1.0
534 92990 1.0
535 93061 1.0
536 93174 1.0
537 93321 1.0
538 93396 1.0
539 93480 1.0
540 93579 1.0
541 93724 1.0
542 93802 1.0
543 93877 1.0
544 94047 1.0
545 94130 1.0
546 94264 1.0
547 94376 1.0
548 94523 1.0
549 94671 1.0
550 94793 1.0
551 94918 1.0
552 95031 1.0
553 95103 1.0
554 95202 1.0
555 95308 1.0
556 95452 1.0
557 95531 1.0
558 95641 1.0
559 95744 1.0
560 95899 1.0
561 96086 1.0
562 96184 1.0
563 96296 1.0
564 96405 1.0
565 96517 1.0
566 96635 1.0
567 96733 1.0
568 96877 1.0
569 96974 1.0
570 97045 1.0
571 97144 1.0
572 97214 1.0
573 97283 1.0
574 97402 1.0
575 97589 1.0
576 97734 1.0
577 97865 1.0
578 97964 1.0
579 98054 1.0
580 98130 1.0
581 98223 1.0
582 98349 1.0
583 98466 1.0
584 98566 1.0
585 98660 1.0
586 98744 1.0
587 98849 1.0
588 98934 1.0
589 99045 1.0
590 99231 1.0
591 99372 1.0
592 99472 1.0
593 99634 1.0
594 99746 1.0
595 99848 1.0
596 99969 1.0
597 100066 1.0
598 100154 1.0
599 100291 1.0
600 100363 1.0
601 100474 1.0
602 100566 1.0
603 100759 1.0
604 100870 1.0
605 100967 1.0
606 101067 1.0
607 101150 1.0
608 101261 1.0
609 101388 1.0
610 101542 1.0
611 101716 1.0
612 101857 1.0
613 101966 1.0
614 102126 1.0
615 102211 1.0
616 102318 1.0
617 102453 1.0
618 102571 1.0
619 102703 1.0
620 102810 1.0
621 102893 1.0
622 103090 1.0
623 103206 1.0
624 103311 1.0
625 103410 1.0
626 103553 1.0
627 103760 1.0
628 103881 1.0
629 103973 1.0
630 104093 1.0
631 104169 1.0
632 104267 1.0
633 104350 1.0
634 104466 1.0
635 104616 1.0
636 104729 1.0
637 104846 1.0
638 104972 1.0
639 105102 1.0
640 105263 1.0
641 105404 1.0
642 105487 1.0
643 105621 1.0
644 105715 1.0
645 105823 1.0
646 105970 1.0
647 106103 1.0
648 106195 1.0
649 106286 1.0
650 106377 1.0
651 106474 1.0
652 106612 1.0
653 106691 1.0
654 106792 1.0
655 106939 1.0
656 107028 1.0
657 107128 1.0
658 107222 1.0
659 107321 1.0
660 107419 1.0
661 107495 1.0
662 107591 1.0
663 107723 1.0
664 107817 1.0
665 107920 1.0
666 108015 1.0
667 108188 1.0
668 108306 1.0
669 108396 1.0
670 108533 1.0
671 108629 1.0
672 108712 1.0
673 108817 1.0
674 108900 1.0
675 109050 1.0
676 109186 1.0
677 109343 1.0
678 109435 1.0
679 109622 1.0
680 109769 1.0
681 109862 1.0
682 109956 1.0
683 110033 1.0
684 110130 1.0
685 110216 1.0
686 110342 1.0
687 110457 1.0
688 110552 1.0
689 110648 1.0
690 110764 1.0
691 110852 1.0
692 110950 1.0
693 111071 1.0
694 111196 1.0
695 111358 1.0
696 111465 1.0
697 111572 1.0
698 111649 1.0
699 111730 1.0
700 111820 1.0
701 111911 1.0
702 111985 1.0
703 112079 1.0
704 112208 1.0
705 112318 1.0
706 112417 1.0
707 112519 1.0
708 112648 1.0
709 112737 1.0
710 112858 1.0
711 112934 1.0
712 113011 1.0
713 113102 1.0
714 113211 1.0
715 113342 1.0
716 113489 1.0
717 113587 1.0
718 113698 1.0
719 113800 1.0
720 113923 1.0
721 114016 1.0
722 114138 1.0
723 114249 1.0
724 114318 1.0
725 114404 1.0
726 114506 1.0
727 114607 1.0
728 114671 1.0
729 114752 1.0
730 114865 1.0
731 114935 1.0
732 115038 1.0
733 115122 1.0
734 115204 1.0
735 115292 1.0
736 115384 1.0
737 115508 1.0
738 115628 1.0
739 115773 1.0
740 115906 1.0
741 116037 1.0
742 116156 1.0
743 116258 1.0
744 116367 1.0
745 116467 1.0
746 116554 1.0
747 116664 1.0
748 116753 1.0
749 116853 1.0
750 116947 1.0
751 117128 1.0
752 117247 1.0
753 117356 1.0
754 117459 1.0
755 117577 1.0
756 117666 1.0
757 117738 1.0
758 117878 1.0
759 117968 1.0
760 118074 1.0
761 118147 1.0
762 118282 1.0
763 118392 1.0
764 118486 1.0
765 118624 1.0
766 118718 1.0
767 118833 1.0
768 118910 1.0
769 119047 1.0
770 119200 1.0
771 119290 1.0
772 119412 1.0
773 119497 1.0
774 119606 1.0
775 119712 1.0
776 119789 1.0
777 119877 1.0
778 119960 1.0
779 120085 1.0
780 120227 1.0
781 120325 1.0
782 120427 1.0
783 120616 1.0
784 120766 1.0
785 120946 1.0
786 121062 1.0
787 121203 1.0
788 121333 1.0
789 121435 1.0
790 121519 1.0
791 121616 1.0
792 121761 1.0
793 121849 1.0
794 121963 1.0
795 122131 1.0
796 122242 1.0
797 122371 1.0
798 122458 1.0
799 122573 1.0
800 122685 1.0
801 122770 1.0
802 122895 1.0
803 122968 1.0
804 123056 1.0
805 123208 1.0
806 123280 1.0
807 123432 1.0
808 123552 1.0
809 123694 1.0
810 123816 1.0
811 123898 1.0
812 123995 1.0
813 124106 1.0
814 124259 1.0
815 124364 1.0
816 124444 1.0
817 124538 1.0
818 124703 1.0
819 124795 1.0
820 124913 1.0
821 124988 1.0
822 125063 1.0
823 125195 1.0
824 125310 1.0
825 125437 1.0
826 125590 1.0
827 125672 1.0
828 125769 1.0
829 125839 1.0
830 125937 1.0
831 126027 1.0
832 126116 1.0
833 126241 1.0
834 126371 1.0
835 126454 1.0
836 126574 1.0
837 126658 1.0
838 126761 1.0
839 126847 1.0
840 126994 1.0
841 127106 1.0
842 127200 1.0
843 127363 1.0
844 127519 1.0
845 127618 1.0
846 127739 1.0
847 127812 1.0
848 127879 1.0
849 127983 1.0
850 128073 1.0
851 128159 1.0
852 128260 1.0
853 128399 1.0
854 128495 1.0
855 128560 1.0
856 128692 1.0
857 128802 1.0
858 128899 1.0
859 128984 1.0
860 129108 1.0
861 129250 1.0
862 129328 1.0
863 129437 1.0
864 129526 1.0
865 129606 1.0
866 129706 1.0
867 129798 1.0
868 129895 1.0
869 130088 1.0
870 130242 1.0
871 130324 1.0
872 130411 1.0
873 130537 1.0
874 130674 1.0
875 130779 1.0
876 130851 1.0
877 130935 1.0
878 131022 1.0
879 131099 1.0
880 131161 1.0
881 131257 1.0
882 131347 1.0
883 131459 1.0
884 131583 1.0
885 131693 1.0
886 131759 1.0
887 131858 1.0
888 131964 1.0
889 132088 1.0
890 132176 1.0
891 132262 1.0
892 132386 1.0
893 132481 1.0
894 132563 1.0
895 132653 1.0
896 132738 1.0
897 132802 1.0
898 132932 1.0
899 133009 1.0
900 133131 1.0
901 133309 1.0
902 133468 1.0
903 133546 1.0
904 133626 1.0
905 133729 1.0
906 133873 1.0
907 133973 1.0
908 134100 1.0
909 134177 1.0
910 134257 1.0
911 134337 1.0
912 134465 1.0
913 134612 1.0
914 134680 1.0
915 134797 1.0
916 134878 1.0
917 135023 1.0
918 135187 1.0
919 135282 1.0
920 135379 1.0
921 135497 1.0
922 135608 1.0
923 135718 1.0
924 135854 1.0
925 136030 1.0
926 136109 1.0
927 136207 1.0
928 136311 1.0
929 136403 1.0
930 136472 1.0
931 136563 1.0
932 136647 1.0
933 136853 1.0
934 136930 1.0
935 137022 1.0
936 137094 1.0
937 137196 1.0
938 137269 1.0
939 137408 1.0
940 137536 1.0
941 137673 1.0
942 137806 1.0
943 137945 1.0
944 138090 1.0
945 138187 1.0
946 138307 1.0
947 138382 1.0
948 138480 1.0
949 138577 1.0
950 138664 1.0
951 138760 1.0
952 138855 1.0
953 138951 1.0
954 139065 1.0
955 139241 1.0
956 139326 1.0
957 139505 1.0
958 139655 1.0
959 139741 1.0
960 139830 1.0
961 139901 1.0
962 139989 1.0
963 140102 1.0
964 140203 1.0
965 140310 1.0
966 140383 1.0
967 140473 1.0
968 140666 1.0
969 140739 1.0
970 140856 1.0
971 140966 1.0
972 141069 1.0
973 141185 1.0
974 141285 1.0
975 141349 1.0
976 141428 1.0
977 141595 1.0
978 141683 1.0
979 141804 1.0
980 141913 1.0
981 141990 1.0
982 142099 1.0
983 142197 1.0
984 142276 1.0
985 142399 1.0
986 142546 1.0
987 142607 1.0
988 142685 1.0
989 142770 1.0
990 142846 1.0
991 142986 1.0
992 143070 1.0
993 143198 1.0
994 143299 1.0
995 143412 1.0
996 143507 1.0
997 143659 1.0
998 143730 1.0
999 143806 1.0
1000 143924 1.0
1001 144019 1.0
1002 144098 1.0
1003 144182 1.0
1004 144249 1.0
1005 144397 1.0
1006 144505 1.0
1007 144600 1.0
1008 144690 1.0
1009 144803 1.0
1010 144904 1.0
1011 145022 1.0
1012 145109 1.0
1013 145216 1.0
1014 145322 1.0
1015 145426 1.0
1016 145498 1.0
1017 145574 1.0
1018 145727 1.0
1019 145842 1.0
1020 145939 1.0
1021 146115 1.0
1022 146229 1.0
1023 146308 1.0
1024 146478 1.0
1025 146556 1.0
1026 146703 1.0
1027 146780 1.0
1028 146880 1.0
1029 146994 1.0
1030 147063 1.0
1031 147172 1.0
1032 147239 1.0
1033 147338 1.0
1034 147406 1.0
1035 147511 1.0
1036 147614 1.0
1037 147729 1.0
1038 147836 1.0
1039 148013 1.0
1040 148097 1.0
1041 148213 1.0
1042 148311 1.0
1043 148404 1.0
1044 148521 1.0
1045 148675 1.0
1046 148767 1.0
1047 148863 1.0
1048 148963 1.0
1049 149099 1.0
1050 149240 1.0
1051 149363 1.0
1052 149443 1.0
1053 149532 1.0
1054 149660 1.0
1055 149823 1.0
1056 149981 1.0
1057 150081 1.0
1058 150228 1.0
1059 150324 1.0
1060 150431 1.0
1061 150528 1.0
1062 150631 1.0
1063 150738 1.0
1064 150830 1.0
1065 150899 1.0
1066 150969 1.0
1067 151043 1.0
1068 151132 1.0
1069 151202 1.0
1070 151283 1.0
1071 151403 1.0
1072 151494 1.0
1073 151582 1.0
1074 151671 1.0
1075 151771 1.0
1076 151848 1.0
1077 151956 1.0
1078 152052 1.0
1079 152160 1.0
1080 152277 1.0
1081 152366 1.0
1082 152512 1.0
1083 152635 1.0
1084 152758 1.0
1085 152831 1.0
1086 152929 1.0
1087 153016 1.0
1088 153096 1.0
1089 153285 1.0
1090 153355 1.0
1091 153429 1.0
1092 153556 1.0
1093 153693 1.0
1094 153818 1.0
1095 153931 1.0
1096 154078 1.0
1097 154169 1.0
1098 154268 1.0
1099 154342 1.0
1100 154466 1.0
1101 154585 1.0
1102 154658 1.0
1103 154722 1.0
1104 154830 1.0
1105 154932 1.0
1106 155027 1.0
1107 155148 1.0
1108 155232 1.0
1109 155371 1.0
1110 155472 1.0
1111 155563 1.0
1112 155736 1.0
1113 155802 1.0
1114 155965 1.0
1115 156083 1.0
1116 156177 1.0
1117 156284 1.0
1118 156366 1.0
1119 156458 1.0
1120 156605 1.0
1121 156683 1.0
1122 156799 1.0
1123 156956 1.0
1124 157056 1.0
1125 157184 1.0
1126 157291 1.0
1127 157387 1.0
1128 157548 1.0
1129 157697 1.0
1130 157798 1.0
1131 157877 1.0
1132 157953 1.0
1133 158009 1.0
1134 158105 1.0
1135 158198 1.0
1136 158272 1.0
1137 158376 1.0
1138 158506 1.0
1139 158603 1.0
1140 158684 1.0
1141 158781 1.0
1142 158861 1.0
1143 158923 1.0
1144 159031 1.0
1145 159104 1.0
1146 159212 1.0
1147 159299 1.0
1148 159386 1.0
1149 159561 1.0
1150 159636 1.0
1151 159745 1.0
1152 159895 1.0
1153 159986 1.0
1154 160051 1.0
1155 160151 1.0
1156 160235 1.0
1157 160348 1.0
1158 160442 1.0
1159 160626 1.0
1160 160781 1.0
1161 160886 1.0
1162 160998 1.0
1163 161063 1.0
1164 161144 1.0
1165 161220 1.0
1166 161335 1.0
1167 161420 1.0
1168 161506 1.0
1169 161623 1.0
1170 161705 1.0
1171 161841 1.0
1172 161934 1.0
1173 162055 1.0
1174 162127 1.0
1175 162191 1.0
1176 162273 1.0
1177 162368 1.0
1178 162491 1.0
1179 162560 1.0
1180 162657 1.0
1181 162793 1.0
1182 162877 1.0
1183 162996 1.0
1184 163078 1.0
1185 163205 1.0
1186 163270 1.0
1187 163363 1.0
1188 163483 1.0
1189 163605 1.0
1190 163715 1.0
1191 163805 1.0
1192 163903 1.0
1193 163992 1.0
1194 164082 1.0
1195 164194 1.0
1196 164275 1.0
1197 164407 1.0
1198 164532 1.0
1199 164630 1.0
1200 164710 1.0
1201 164788 1.0
1202 164872 1.0
1203 164962 1.0
1204 165077 1.0
1205 165175 1.0
1206 165261 1.0
1207 165342 1.0
1208 165465 1.0
1209 165538 1.0
1210 165647 1.0
1211 165803 1.0
1212 165888 1.0
1213 165992 1.0
1214 166078 1.0
1215 166174 1.0
1216 166255 1.0
1217 166341 1.0
1218 166435 1.0
1219 166530 1.0
1220 166623 1.0
1221 166733 1.0
1222 166799 1.0
1223 166867 1.0
1224 166988 1.0
1225 167073 1.0
1226 167166 1.0
1227 167293 1.0
1228 167421 1.0
1229 167497 1.0
1230 167575 1.0
1231 167690 1.0
1232 167772 1.0
1233 167878 1.0
1234 167960 1.0
1235 168061 1.0
1236 168154 1.0
1237 168262 1.0
1238 168355 1.0
1239 168478 1.0
1240 168550 1.0
1241 168649 1.0
1242 168727 1.0
1243 168802 1.0
1244 168914 1.0
1245 168993 1.0
1246 169080 1.0
1247 169143 1.0
1248 169236 1.0
1249 169371 1.0
1250 169466 1.0
1251 169591 1.0
1252 169718 1.0
1253 169800 1.0
1254 169867 1.0
1255 169940 1.0
1256 170043 1.0
1257 170142 1.0
1258 170292 1.0
1259 170411 1.0
1260 170488 1.0
1261 170566 1.0
1262 170655 1.0
1263 170759 1.0
1264 170832 1.0
1265 170922 1.0
1266 171042 1.0
1267 171136 1.0
1268 171264 1.0
1269 171381 1.0
1270 171476 1.0
1271 171559 1.0
1272 171691 1.0
1273 171786 1.0
1274 171893 1.0
1275 172018 1.0
1276 172158 1.0
1277 172246 1.0
1278 172390 1.0
1279 172548 1.0
1280 172623 1.0
1281 172739 1.0
1282 172821 1.0
1283 172896 1.0
1284 172968 1.0
1285 173074 1.0
1286 173161 1.0
1287 173229 1.0
1288 173310 1.0
1289 173389 1.0
1290 173513 1.0
1291 173685 1.0
1292 173760 1.0
1293 173845 1.0
1294 173970 1.0
1295 174030 1.0
1296 174122 1.0
1297 174207 1.0
1298 174324 1.0
1299 174407 1.0
1300 174507 1.0
1301 174591 1.0
1302 174681 1.0
1303 174798 1.0
1304 174887 1.0
1305 174977 1.0
1306 175067 1.0
1307 175181 1.0
1308 175330 1.0
1309 175429 1.0
1310 175534 1.0
1311 175644 1.0
1312 175730 1.0
1313 175817 1.0
1314 175928 1.0
1315 176024 1.0
1316 176139 1.0
1317 176221 1.0
1318 176316 1.0
1319 176396 1.0
1320 176496 1.0
1321 176575 1.0
1322 176670 1.0
1323 176763 1.0
1324 176835 1.0
1325 176903 1.0
1326 176962 1.0
1327 177091 1.0
1328 177170 1.0
1329 177294 1.0
1330 177405 1.0
1331 177572 1.0
1332 177677 1.0
1333 177785 1.0
1334 177917 1.0
1335 178033 1.0
1336 178134 1.0
1337 178237 1.0
1338 178323 1.0
1339 178424 1.0
1340 178511 1.0
1341 178650 1.0
1342 178725 1.0
1343 178851 1.0
1344 178924 1.0
1345 179042 1.0
1346 179143 1.0
1347 179234 1.0
1348 179332 1.0
1349 179447 1.0
1350 179594 1.0
1351 179774 1.0
1352 179849 1.0
1353 179953 1.0
1354 180043 1.0
1355 180118 1.0
1356 180217 1.0
1357 180320 1.0
1358 180394 1.0
1359 180472 1.0
1360 180574 1.0
1361 180668 1.0
1362 180756 1.0
1363 180877 1.0
1364 180946 1.0
1365 181054 1.0
1366 181144 1.0
1367 181277 1.0
1368 181365 1.0
1369 181434 1.0
1370 181547 1.0
1371 181696 1.0
1372 181791 1.0
1373 181857 1.0
1374 181994 1.0
1375 182089 1.0
1376 182204 1.0
1377 182297 1.0
1378 182399 1.0
1379 182538 1.0
1380 182626 1.0
1381 182698 1.0
1382 182824 1.0
1383 182968 1.0
1384 183049 1.0
1385 183174 1.0
1386 183241 1.0
1387 183389 1.0
1388 183497 1.0
1389 183576 1.0
1390 183651 1.0
1391 183774 1.0
1392 183873 1.0
1393 183958 1.0
1394 184012 1.0
1395 184092 1.0
1396 184248 1.0
1397 184334 1.0
1398 184475 1.0
1399 184556 1.0
1400 184680 1.0
1401 184740 1.0
1402 184839 1.0
1403 184939 1.0
1404 185084 1.0
1405 185201 1.0
1406 185334 1.0
1407 185426 1.0
1408 185507 1.0
1409 185643 1.0
1410 185787 1.0
1411 185867 1.0
1412 185943 1.0
1413 186076 1.0
1414 186244 1.0
1415 186341 1.0
1416 186409 1.0
1417 186490 1.0
1418 186610 1.0
1419 186676 1.0
1420 186771 1.0
1421 186852 1.0
1422 187003 1.0
1423 187102 1.0
1424 187250 1.0
1425 187347 1.0
1426 187512 1.0
1427 187666 1.0
1428 187761 1.0
1429 187876 1.0
1430 187965 1.0
1431 188067 1.0
1432 188173 1.0
1433 188314 1.0
1434 188486 1.0
1435 188585 1.0
1436 188656 1.0
1437 188741 1.0
1438 188838 1.0
1439 188914 1.0
1440 188989 1.0
1441 189067 1.0
1442 189163 1.0
1443 189284 1.0
1444 189382 1.0
1445 189466 1.0
1446 189533 1.0
1447 189602 1.0
1448 189704 1.0
1449 189865 1.0
1450 189929 1.0
1451 190025 1.0
1452 190099 1.0
1453 190204 1.0
1454 190302 1.0
1455 190393 1.0
1456 190464 1.0
1457 190542 1.0
1458 190623 1.0
1459 190726 1.0
1460 190852 1.0
1461 190937 1.0
1462 191076 1.0
1463 191174 1.0
1464 191300 1.0
1465 191388 1.0
1466 191461 1.0
1467 191550 1.0
1468 191633 1.0
1469 191767 1.0
1470 191871 1.0
1471 191957 1.0
1472 192040 1.0
1473 192111 1.0
1474 192236 1.0
1475 192370 1.0
1476 192446 1.0
1477 192551 1.0
1478 192662 1.0
1479 192731 1.0
1480 192847 1.0
1481 192933 1.0
1482 193010 1.0
1483 193089 1.0
1484 193168 1.0
1485 193260 1.0
1486 193320 1.0
1487 193439 1.0
1488 193578 1.0
1489 193654 1.0
1490 193743 1.0
1491 193868 1.0
1492 193972 1.0
1493 194090 1.0
1494 194159 1.0
1495 194249 1.0
1496 194347 1.0
1497 194441 1.0
1498 194600 1.0
1499 194697 1.0
1500 194775 1.0
1501 194896 1.0
1502 194985 1.0
1503 195086 1.0
1504 195170 1.0
1505 195287 1.0
1506 195379 1.0
1507 195496 1.0
1508 195576 1.0
1509 195728 1.0
1510 195828 1.0
1511 195929 1.0
1512 196177 1.0
1513 196302 1.0
1514 196388 1.0
1515 196495 1.0
1516 196604 1.0
1517 196687 1.0
1518 196828 1.0
1519 196901 1.0
1520 196973 1.0
1521 197109 1.0
1522 197204 1.0
1523 197283 1.0
1524 197402 1.0
1525 197497 1.0
1526 197593 1.0
1527 197710 1.0
1528 197798 1.0
1529 197870 1.0
1530 197978 1.0
1531 198078 1.0
1532 198187 1.0
1533 198287 1.0
1534 198411 1.0
1535 198510 1.0
1536 198594 1.0
1537 198688 1.0
1538 198798 1.0
1539 198887 1.0
1540 198963 1.0
1541 199056 1.0
1542 199157 1.0
1543 199247 1.0
1544 199363 1.0
1545 199469 1.0
1546 199549 1.0
1547 199665 1.0
1548 199764 1.0
1549 199840 1.0
1550 199942 1.0
1551 200037 1.0
1552 200138 1.0
1553 200240 1.0
1554 200360 1.0
1555 200467 1.0
1556 200597 1.0
1557 200656 1.0
1558 200749 1.0
1559 200840 1.0
1560 200948 1.0
1561 201043 1.0
1562 201119 1.0
1563 201210 1.0
1564 201301 1.0
1565 201388 1.0
1566 201480 1.0
1567 201583 1.0
1568 201704 1.0
1569 201816 1.0
1570 201922 1.0
1571 202050 1.0
1572 202127 1.0
1573 202255 1.0
1574 202366 1.0
1575 202451 1.0
1576 202573 1.0
1577 202646 1.0
1578 202744 1.0
1579 202856 1.0
1580 202953 1.0
1581 203035 1.0
1582 203125 1.0
1583 203198 1.0
1584 203272 1.0
1585 203379 1.0
1586 203538 1.0
1587 203635 1.0
1588 203741 1.0
1589 203819 1.0
1590 203933 1.0
1591 204062 1.0
1592 204190 1.0
1593 204263 1.0
1594 204395 1.0
1595 204470 1.0
1596 204598 1.0
1597 204695 1.0
1598 204778 1.0
1599 204859 1.0
1600 204924 1.0
1601 205006 1.0
1602 205088 1.0
1603 205172 1.0
1604 205253 1.0
1605 205338 1.0
1606 205415 1.0
1607 205519 1.0
1608 205678 1.0
1609 205793 1.0
1610 205898 1.0
1611 205985 1.0
1612 206077 1.0
1613 206174 1.0
1614 206280 1.0
1615 206353 1.0
1616 206447 1.0
1617 206568 1.0
1618 206631 1.0
1619 206754 1.0
1620 206869 1.0
1621 206967 1.0
1622 207064 1.0
1623 207154 1.0
1624 207236 1.0
1625 207352 1.0
1626 207491 1.0
1627 207578 1.0
1628 207655 1.0
1629 207754 1.0
1630 207847 1.0
1631 208037 1.0
1632 208123 1.0
1633 208230 1.0
1634 208346 1.0
1635 208439 1.0
1636 208563 1.0
1637 208668 1.0
1638 208751 1.0
1639 208844 1.0
1640 208914 1.0
1641 209038 1.0
1642 209135 1.0
1643 209215 1.0
1644 209278 1.0
1645 209362 1.0
1646 209475 1.0
1647 209573 1.0
1648 209643 1.0
1649 209743 1.0
1650 209842 1.0
1651 209924 1.0
1652 210011 1.0
1653 210104 1.0
1654 210193 1.0
1655 210267 1.0
1656 210350 1.0
1657 210469 1.0
1658 210577 1.0
1659 210755 1.0
1660 210865 1.0
1661 210967 1.0
1662 211054 1.0
1663 211180 1.0
1664 211286 1.0
1665 211370 1.0
1666 211456 1.0
1667 211610 1.0
1668 211731 1.0
1669 211821 1.0
1670 211921 1.0
1671 212016 1.0
1672 212159 1.0
1673 212251 1.0
1674 212347 1.0
1675 212456 1.0
1676 212575 1.0
1677 212637 1.0
1678 212761 1.0
1679 212867 1.0
1680 212973 1.0
1681 213059 1.0
1682 213168 1.0
1683 213270 1.0
1684 213356 1.0
1685 213470 1.0
1686 213598 1.0
1687 213702 1.0
1688 213806 1.0
1689 213892 1.0
1690 213980 1.0
1691 214116 1.0
1692 214215 1.0
1693 214277 1.0
1694 214345 1.0
1695 214427 1.0
1696 214495 1.0
1697 214665 1.0
1698 214751 1.0
1699 214892 1.0
1700 214998 1.0
1701 215114 1.0
1702 215199 1.0
1703 215274 1.0
1704 215339 1.0
1705 215425 1.0
1706 215482 1.0
1707 215667 1.0
1708 215789 1.0
1709 215905 1.0
1710 216023 1.0
1711 216174 1.0
1712 216301 1.0
1713 216362 1.0
1714 216478 1.0
1715 216560 1.0
1716 216642 1.0
1717 216790 1.0
1718 216872 1.0
1719 216944 1.0
1720 217062 1.0
1721 217165 1.0
1722 217264 1.0
1723 217359 1.0
1724 217444 1.0
1725 217561 1.0
1726 217677 1.0
1727 217765 1.0
1728 217868 1.0
1729 217949 1.0
1730 218012 1.0
1731 218082 1.0
1732 218160 1.0
1733 218244 1.0
1734 218312 1.0
1735 218394 1.0
1736 218476 1.0
1737 218561 1.0
1738 218647 1.0
1739 218714 1.0
1740 218844 1.0
1741 218926 1.0
1742 219005 1.0
1743 219130 1.0
1744 219252 1.0
1745 219314 1.0
1746 219420 1.0
1747 219517 1.0
1748 219643 1.0
1749 219794 1.0
1750 219880 1.0
1751 219968 1.0
1752 220112 1.0
1753 220195 1.0
1754 220272 1.0
1755 220377 1.0
1756 220466 1.0
1757 220559 1.0
1758 220652 1.0
1759 220729 1.0
1760 220868 1.0
1761 220946 1.0
1762 221042 1.0
1763 221118 1.0
1764 221205 1.0
1765 221316 1.0
1766 221415 1.0
1767 221506 1.0
1768 221599 1.0
1769 221677 1.0
1770 221771 1.0
1771 221912 1.0
1772 222029 1.0
1773 222102 1.0
1774 222206 1.0
1775 222306 1.0
1776 222402 1.0
1777 222508 1.0
1778 222595 1.0
1779 222692 1.0
1780 222791 1.0
1781 222910 1.0
1782 223011 1.0
1783 223101 1.0
1784 223183 1.0
1785 223280 1.0
1786 223371 1.0
1787 223470 1.0
1788 223542 1.0
1789 223644 1.0
1790 223728 1.0
1791 223820 1.0
1792 223896 1.0
1793 223995 1.0
1794 224107 1.0
1795 224231 1.0
1796 224339 1.0
1797 224435 1.0
1798 224517 1.0
1799 224610 1.0
1800 224709 1.0
1801 224818 1.0
1802 224951 1.0
1803 225052 1.0
1804 225145 1.0
1805 225277 1.0
1806 225396 1.0
1807 225478 1.0
1808 225564 1.0
1809 225631 1.0
1810 225737 1.0
1811 225804 1.0
1812 225898 1.0
1813 226016 1.0
1814 226117 1.0
1815 226182 1.0
1816 226315 1.0
1817 226392 1.0
1818 226510 1.0
1819 226604 1.0
1820 226774 1.0
1821 226843 1.0
1822 226926 1.0
1823 227022 1.0
1824 227145 1.0
1825 227292 1.0
1826 227366 1.0
1827 227446 1.0
1828 227541 1.0
1829 227683 1.0
1830 227774 1.0
1831 227870 1.0
1832 227973 1.0
1833 228155 1.0
1834 228244 1.0
1835 228368 1.0
1836 228513 1.0
1837 228596 1.0
1838 228669 1.0
1839 228778 1.0
1840 228888 1.0
1841 228962 1.0
1842 229072 1.0
1843 229159 1.0
1844 229244 1.0
1845 229332 1.0
1846 229413 1.0
1847 229485 1.0
1848 229562 1.0
1849 229649 1.0
1850 229769 1.0
1851 229899 1.0
1852 229972 1.0
1853 230051 1.0
1854 230156 1.0
1855 230291 1.0
1856 230375 1.0
1857 230480 1.0
1858 230581 1.0
1859 230648 1.0
1860 230772 1.0
1861 230863 1.0
1862 230953 1.0
1863 231034 1.0
1864 231153 1.0
1865 231241 1.0
1866 231324 1.0
1867 231407 1.0
1868 231475 1.0
1869 231582 1.0
1870 231671 1.0
1871 231774 1.0
1872 231863 1.0
1873 232003 1.0
1874 232095 1.0
1875 232178 1.0
1876 232256 1.0
1877 232347 1.0
1878 232447 1.0
1879 232538 1.0
1880 232621 1.0
1881 232731 1.0
1882 232844 1.0
1883 232960 1.0
1884 233135 1.0
1885 233234 1.0
1886 233334 1.0
1887 233456 1.0
1888 233515 1.0
1889 233606 1.0
1890 233684 1.0
1891 233762 1.0
1892 233872 1.0
1893 233964 1.0
1894 234038 1.0
1895 234124 1.0
1896 234200 1.0
1897 234348 1.0
1898 234436 1.0
1899 234527 1.0
1900 234599 1.0
1901 234660 1.0
1902 234745 1.0
1903 234925 1.0
1904 235012 1.0
1905 235103 1.0
1906 235225 1.0
1907 235306 1.0
1908 235409 1.0
1909 235525 1.0
1910 235654 1.0
1911 235733 1.0
1912 235814 1.0
1913 235933 1.0
1914 236040 1.0
1915 236124 1.0
1916 236199 1.0
1917 236311 1.0
1918 236485 1.0
1919 236588 1.0
1920 236695 1.0
1921 236773 1.0
1922 236863 1.0
1923 236950 1.0
1924 237068 1.0
1925 237167 1.0
1926 237350 1.0
1927 237431 1.0
1928 237528 1.0
1929 237628 1.0
1930 237693 1.0
1931 237767 1.0
1932 237895 1.0
1933 237986 1.0
1934 238077 1.0
1935 238158 1.0
1936 238269 1.0
1937 238372 1.0
1938 238458 1.0
1939 238561 1.0
1940 238648 1.0
1941 238750 1.0
1942 238826 1.0
1943 238947 1.0
1944 239046 1.0
1945 239126 1.0
1946 239199 1.0
1947 239321 1.0
1948 239456 1.0
1949 239572 1.0
1950 239673 1.0
1951 239764 1.0
1952 239865 1.0
1953 239930 1.0
1954 240015 1.0
1955 240134 1.0
1956 240237 1.0
1957 240324 1.0
1958 240397 1.0
1959 240479 1.0
1960 240584 1.0
1961 240642 1.0
1962 240745 1.0
1963 240834 1.0
1964 240936 1.0
1965 241026 1.0
1966 241128 1.0
1967 241233 1.0
1968 241345 1.0
1969 241463 1.0
1970 241580 1.0
1971 241689 1.0
1972 241776 1.0
1973 241871 1.0
1974 241988 1.0
1975 242062 1.0
1976 242133 1.0
1977 242210 1.0
1978 242324 1.0
1979 242415 1.0
1980 242505 1.0
1981 242587 1.0
1982 242667 1.0
1983 242791 1.0
1984 242861 1.0
1985 242966 1.0
1986 243067 1.0
1987 243142 1.0
1988 243235 1.0
1989 243301 1.0
1990 243380 1.0
1991 243472 1.0
1992 243547 1.0
1993 243626 1.0
1994 243709 1.0
1995 243811 1.0
1996 243884 1.0
1997 244020 1.0
1998 244160 1.0
1999 244252 1.0
2000 244327 1.0
2001 244444 1.0
2002 244524 1.0
2003 244602 1.0
2004 244712 1.0
2005 244779 1.0
2006 244864 1.0
2007 244963 1.0
2008 245054 1.0
2009 245128 1.0
2010 245220 1.0
2011 245333 1.0
2012 245481 1.0
2013 245553 1.0
2014 245635 1.0
2015 245746 1.0
2016 245820 1.0
2017 245914 1.0
2018 245985 1.0
2019 246067 1.0
2020 246149 1.0
2021 246241 1.0
2022 246325 1.0
2023 246432 1.0
2024 246524 1.0
2025 246605 1.0
2026 246706 1.0
2027 246827 1.0
2028 246948 1.0
2029 247054 1.0
2030 247127 1.0
2031 247211 1.0
2032 247285 1.0
2033 247363 1.0
2034 247435 1.0
2035 247496 1.0
2036 247590 1.0
2037 247694 1.0
2038 247770 1.0
2039 247871 1.0
2040 247956 1.0
2041 248051 1.0
2042 248113 1.0
2043 248236 1.0
2044 248326 1.0
2045 248439 1.0
2046 248565 1.0
2047 248632 1.0
2048 248729 1.0
2049 248820 1.0
2050 248889 1.0
2051 248993 1.0
2052 249102 1.0
2053 249211 1.0
2054 249334 1.0
2055 249451 1.0
2056 249566 1.0
2057 249705 1.0
2058 249777 1.0
2059 249910 1.0
2060 249986 1.0
2061 250071 1.0
2062 250173 1.0
2063 250258 1.0
2064 250362 1.0
2065 250449 1.0
2066 250550 1.0
2067 250660 1.0
2068 250739 1.0
2069 250839 1.0
2070 250978 1.0
2071 251065 1.0
2072 251170 1.0
2073 251271 1.0
2074 251351 1.0
2075 251444 1.0
2076 251523 1.0
2077 251648 1.0
2078 251744 1.0
2079 251818 1.0
2080 251908 1.0
2081 251984 1.0
2082 252079 1.0
2083 252148 1.0
2084 252227 1.0
2085 252314 1.0
2086 252387 1.0
2087 252501 1.0
2088 252590 1.0
2089 252698 1.0
2090 252785 1.0
2091 252852 1.0
2092 252985 1.0
2093 253084 1.0
2094 253169 1.0
2095 253285 1.0
2096 253374 1.0
2097 253459 1.0
2098 253531 1.0
2099 253688 1.0
2100 253778 1.0
2101 253876 1.0
2102 253965 1.0
2103 254051 1.0
2104 254158 1.0
2105 254261 1.0
2106 254377 1.0
2107 254459 1.0
2108 254527 1.0
2109 254632 1.0
2110 254730 1.0
2111 254798 1.0
2112 254888 1.0
2113 255011 1.0
2114 255103 1.0
2115 255192 1.0
2116 255281 1.0
2117 255393 1.0
2118 255478 1.0
2119 255569 1.0
2120 255675 1.0
2121 255743 1.0
2122 255819 1.0
2123 255915 1.0
2124 256002 1.0
2125 256086 1.0
2126 256151 1.0
2127 256224 1.0
2128 256290 1.0
2129 256389 1.0
2130 256486 1.0
2131 256569 1.0
2132 256656 1.0
2133 256735 1.0
2134 256832 1.0
2135 256948 1.0
2136 257034 1.0
2137 257137 1.0
2138 257211 1.0
2139 257291 1.0
2140 257390 1.0
2141 257472 1.0
2142 257533 1.0
2143 257644 1.0
2144 257736 1.0
2145 257833 1.0
2146 257905 1.0
2147 257998 1.0
2148 258096 1.0
2149 258180 1.0
2150 258247 1.0
2151 258376 1.0
2152 258463 1.0
2153 258539 1.0
2154 258599 1.0
2155 258678 1.0
2156 258770 1.0
2157 258896 1.0
2158 259011 1.0
2159 259082 1.0
2160 259153 1.0
2161 259232 1.0
2162 259339 1.0
2163 259452 1.0
2164 259546 1.0
2165 259609 1.0
2166 259705 1.0
2167 259788 1.0
2168 259894 1.0
2169 259996 1.0
2170 260089 1.0
2171 260225 1.0
2172 260381 1.0
2173 260459 1.0
2174 260549 1.0
2175 260620 1.0
2176 260707 1.0
2177 260787 1.0
2178 260898 1.0
2179 261015 1.0
2180 261078 1.0
2181 261168 1.0
2182 261253 1.0
2183 261392 1.0
2184 261468 1.0
2185 261574 1.0
2186 261683 1.0
2187 261768 1.0
2188 261845 1.0
2189 261955 1.0
2190 262028 1.0
2191 262123 1.0
2192 262212 1.0
2193 262327 1.0
2194 262425 1.0
2195 262517 1.0
2196 262614 1.0
2197 262686 1.0
2198 262821 1.0
2199 262922 1.0
2200 263039 1.0
2201 263119 1.0
2202 263193 1.0
2203 263261 1.0
2204 263384 1.0
2205 263498 1.0
2206 263631 1.0
2207 263768 1.0
2208 263849 1.0
2209 263920 1.0
2210 264010 1.0
2211 264122 1.0
2212 264215 1.0
2213 264324 1.0
2214 264415 1.0
2215 264524 1.0
2216 264622 1.0
2217 264725 1.0
2218 264870 1.0
2219 264930 1.0
2220 265024 1.0
2221 265119 1.0
2222 265198 1.0
2223 265283 1.0
2224 265356 1.0
2225 265441 1.0
2226 265537 1.0
2227 265633 1.0
2228 265754 1.0
2229 265817 1.0
2230 265894 1.0
2231 265982 1.0
2232 266083 1.0
2233 266198 1.0
2234 266271 1.0
2235 266355 1.0
2236 266464 1.0
2237 266553 1.0
2238 266642 1.0
2239 266746 1.0
2240 266815 1.0
2241 266915 1.0
2242 266988 1.0
2243 267064 1.0
2244 267137 1.0
2245 267218 1.0
2246 267314 1.0
2247 267399 1.0
2248 267501 1.0
2249 267587 1.0
2250 267670 1.0
2251 267743 1.0
2252 267811 1.0
2253 267931 1.0
2254 268035 1.0
2255 268106 1.0
2256 268178 1.0
2257 268266 1.0
2258 268357 1.0
2259 268446 1.0
2260 268553 1.0
2261 268629 1.0
2262 268729 1.0
2263 268813 1.0
2264 268941 1.0
2265 269070 1.0
2266 269149 1.0
2267 269222 1.0
2268 269309 1.0
2269 269394 1.0
2270 269457 1.0
2271 269535 1.0
2272 269608 1.0
2273 269696 1.0
2274 269785 1.0
2275 269917 1.0
2276 270009 1.0
2277 270099 1.0
2278 270199 1.0
2279 270278 1.0
2280 270362 1.0
2281 270472 1.0
2282 270543 1.0
2283 270619 1.0
2284 270700 1.0
2285 270777 1.0
2286 270885 1.0
2287 270968 1.0
2288 271045 1.0
2289 271143 1.0
2290 271238 1.0
2291 271317 1.0
2292 271392 1.0
2293 271476 1.0
2294 271560 1.0
2295 271671 1.0
2296 271761 1.0
2297 271852 1.0
2298 271933 1.0
2299 272004 1.0
2300 272075 1.0
2301 272144 1.0
2302 272293 1.0
2303 272408 1.0
2304 272488 1.0
2305 272587 1.0
2306 272693 1.0
2307 272783 1.0
2308 272853 1.0
2309 272937 1.0
2310 273016 1.0
2311 273111 1.0
2312 273200 1.0
2313 273298 1.0
2314 273404 1.0
2315 273517 1.0
2316 273599 1.0
2317 273686 1.0
2318 273822 1.0
2319 273909 1.0
2320 273987 1.0
2321 274115 1.0
2322 274193 1.0
2323 274280 1.0
2324 274376 1.0
2325 274440 1.0
2326 274503 1.0
2327 274591 1.0
2328 274655 1.0
2329 274764 1.0
2330 274878 1.0
2331 274965 1.0
2332 275041 1.0
2333 275148 1.0
2334 275210 1.0
2335 275337 1.0
2336 275411 1.0
2337 275494 1.0
2338 275620 1.0
2339 275739 1.0
2340 275810 1.0
2341 275993 1.0
2342 276109 1.0
2343 276206 1.0
2344 276310 1.0
2345 276434 1.0
2346 276557 1.0
2347 276676 1.0
2348 276756 1.0
2349 276857 1.0
2350 276996 1.0
2351 277082 1.0
2352 277146 1.0
2353 277223 1.0
2354 277374 1.0
2355 277468 1.0
2356 277536 1.0
2357 277611 1.0
2358 277695 1.0
2359 277769 1.0
2360 277917 1.0
2361 278048 1.0
2362 278190 1.0
2363 278273 1.0
2364 278379 1.0
2365 278444 1.0
2366 278521 1.0
2367 278617 1.0
2368 278695 1.0
2369 278772 1.0
2370 278834 1.0
2371 278920 1.0
2372 279014 1.0
2373 279100 1.0
2374 279201 1.0
2375 279265 1.0
2376 279377 1.0
2377 279448 1.0
2378 279525 1.0
2379 279621 1.0
2380 279742 1.0
2381 279810 1.0
2382 279904 1.0
2383 279965 1.0
2384 280050 1.0
2385 280134 1.0
2386 280191 1.0
2387 280273 1.0
2388 280416 1.0
2389 280482 1.0
2390 280577 1.0
2391 280676 1.0
2392 280750 1.0
2393 280842 1.0
2394 280934 1.0
2395 281025 1.0
2396 281104 1.0
2397 281195 1.0
2398 281295 1.0
2399 281402 1.0
2400 281500 1.0
2401 281622 1.0
2402 281738 1.0
2403 281826 1.0
2404 281887 1.0
2405 281983 1.0
2406 282052 1.0
2407 282138 1.0
2408 282225 1.0
2409 282313 1.0
2410 282447 1.0
2411 282520 1.0
2412 282617 1.0
2413 282719 1.0
2414 282819 1.0
2415 282913 1.0
2416 283003 1.0
2417 283081 1.0
2418 283162 1.0
2419 283242 1.0
2420 283329 1.0
2421 283414 1.0
2422 283503 1.0
2423 283655 1.0
2424 283749 1.0
2425 283828 1.0
2426 283934 1.0
2427 284013 1.0
2428 284092 1.0
2429 284157 1.0
2430 284240 1.0
2431 284339 1.0
2432 284433 1.0
2433 284542 1.0
2434 284639 1.0
2435 284759 1.0
2436 284849 1.0
2437 285058 1.0
2438 285168 1.0
2439 285245 1.0
2440 285335 1.0
2441 285457 1.0
2442 285561 1.0
2443 285629 1.0
2444 285693 1.0
2445 285783 1.0
2446 285866 1.0
2447 285981 1.0
2448 286069 1.0
2449 286158 1.0
2450 286224 1.0
2451 286319 1.0
2452 286433 1.0
2453 286540 1.0
2454 286609 1.0
2455 286674 1.0
2456 286772 1.0
2457 286856 1.0
2458 286945 1.0
2459 287067 1.0
2460 287162 1.0
2461 287255 1.0
2462 287344 1.0
2463 287443 1.0
2464 287542 1.0
2465 287666 1.0
2466 287733 1.0
2467 287864 1.0
2468 287983 1.0
2469 288093 1.0
2470 288205 1.0
2471 288277 1.0
2472 288370 1.0
2473 288472 1.0
2474 288554 1.0
2475 288650 1.0
2476 288746 1.0
2477 288826 1.0
2478 288920 1.0
2479 289040 1.0
2480 289128 1.0
2481 289209 1.0
2482 289285 1.0
2483 289393 1.0
2484 289456 1.0
2485 289558 1.0
2486 289665 1.0
2487 289776 1.0
2488 289840 1.0
2489 289932 1.0
2490 290008 1.0
2491 290117 1.0
2492 290210 1.0
2493 290281 1.0
2494 290368 1.0
2495 290443 1.0
2496 290526 1.0
2497 290616 1.0
2498 290742 1.0
2499 290852 1.0
2500 290907 1.0
2501 291000 1.0
2502 291110 1.0
2503 291186 1.0
2504 291292 1.0
2505 291390 1.0
2506 291463 1.0
2507 291551 1.0
2508 291637 1.0
2509 291712 1.0
2510 291784 1.0
2511 291857 1.0
2512 291943 1.0
2513 292036 1.0
2514 292143 1.0
2515 292223 1.0
2516 292287 1.0
2517 292380 1.0
2518 292468 1.0
2519 292570 1.0
2520 292665 1.0
2521 292759 1.0
2522 292840 1.0
2523 292911 1.0
2524 292980 1.0
2525 293050 1.0
2526 293126 1.0
2527 293233 1.0
2528 293332 1.0
2529 293435 1.0
2530 293543 1.0
2531 293662 1.0
2532 293738 1.0
2533 293872 1.0
2534 293944 1.0
2535 294022 1.0
2536 294102 1.0
2537 294203 1.0
2538 294268 1.0
2539 294334 1.0
2540 294417 1.0
2541 294522 1.0
2542 294638 1.0
2543 294724 1.0
2544 294799 1.0
2545 294892 1.0
2546 295000 1.0
2547 295130 1.0
2548 295233 1.0
2549 295305 1.0
2550 295400 1.0
2551 295480 1.0
2552 295558 1.0
2553 295639 1.0
2554 295707 1.0
2555 295812 1.0
2556 295918 1.0
2557 296014 1.0
2558 296085 1.0
2559 296158 1.0
2560 296255 1.0
2561 296328 1.0
2562 296404 1.0
2563 296482 1.0
2564 296545 1.0
2565 296641 1.0
2566 296725 1.0
2567 296822 1.0
2568 296915 1.0
2569 297034 1.0
2570 297118 1.0
2571 297228 1.0
2572 297321 1.0
2573 297399 1.0
2574 297478 1.0
2575 297555 1.0
2576 297682 1.0
2577 297758 1.0
2578 297836 1.0
2579 297926 1.0
2580 297984 1.0
2581 298061 1.0
2582 298149 1.0
2583 298227 1.0
2584 298289 1.0
2585 298374 1.0
2586 298449 1.0
2587 298536 1.0
2588 298621 1.0
2589 298714 1.0
2590 298826 1.0
2591 298962 1.0
2592 299077 1.0
2593 299164 1.0
2594 299273 1.0
2595 299383 1.0
2596 299477 1.0
2597 299571 1.0
2598 299665 1.0
2599 299760 1.0
2600 299854 1.0
2601 299940 1.0
2602 300017 1.0
2603 300082 1.0
2604 300148 1.0
2605 300249 1.0
2606 300337 1.0
2607 300414 1.0
2608 300519 1.0
2609 300623 1.0
2610 300714 1.0
2611 300789 1.0
2612 300867 1.0
2613 300957 1.0
2614 301046 1.0
2615 301144 1.0
2616 301220 1.0
2617 301327 1.0
2618 301461 1.0
2619 301534 1.0
2620 301601 1.0
2621 301700 1.0
2622 301785 1.0
2623 301881 1.0
2624 301957 1.0
2625 302081 1.0
2626 302176 1.0
2627 302270 1.0
2628 302355 1.0
2629 302441 1.0
2630 302535 1.0
2631 302609 1.0
2632 302721 1.0
2633 302804 1.0
2634 302910 1.0
2635 303018 1.0
2636 303104 1.0
2637 303188 1.0
2638 303274 1.0
2639 303359 1.0
2640 303425 1.0
2641 303514 1.0
2642 303597 1.0
2643 303692 1.0
2644 303860 1.0
2645 303954 1.0
2646 304050 1.0
2647 304126 1.0
2648 304182 1.0
2649 304252 1.0
2650 304346 1.0
2651 304431 1.0
2652 304528 1.0
2653 304614 1.0
2654 304702 1.0
2655 304800 1.0
2656 304879 1.0
2657 304945 1.0
2658 305043 1.0
2659 305142 1.0
2660 305233 1.0
2661 305292 1.0
2662 305384 1.0
2663 305473 1.0
2664 305541 1.0
2665 305616 1.0
2666 305682 1.0
2667 305759 1.0
2668 305829 1.0
2669 305905 1.0
2670 305977 1.0
2671 306043 1.0
2672 306139 1.0
2673 306213 1.0
2674 306301 1.0
2675 306389 1.0
2676 306536 1.0
2677 306610 1.0
2678 306729 1.0
2679 306844 1.0
2680 306946 1.0
2681 307040 1.0
2682 307140 1.0
2683 307222 1.0
2684 307318 1.0
2685 307387 1.0
2686 307464 1.0
2687 307556 1.0
2688 307612 1.0
2689 307687 1.0
2690 307750 1.0
2691 307814 1.0
2692 307898 1.0
2693 307974 1.0
2694 308060 1.0
2695 308120 1.0
2696 308210 1.0
2697 308305 1.0
2698 308382 1.0
2699 308462 1.0
2700 308566 1.0
2701 308630 1.0
2702 308704 1.0
2703 308784 1.0
2704 308840 1.0
2705 308915 1.0
2706 309000 1.0
2707 309078 1.0
2708 309166 1.0
2709 309243 1.0
2710 309337 1.0
2711 309425 1.0
2712 309511 1.0
2713 309593 1.0
2714 309650 1.0
2715 309738 1.0
2716 309816 1.0
2717 309918 1.0
2718 310037 1.0
2719 310110 1.0
2720 310186 1.0
2721 310341 1.0
2722 310430 1.0
2723 310508 1.0
2724 310636 1.0
2725 310709 1.0
2726 310777 1.0
2727 310875 1.0
2728 310950 1.0
2729 311016 1.0
2730 311083 1.0
2731 311168 1.0
2732 311257 1.0
2733 311343 1.0
2734 311438 1.0
2735 311506 1.0
2736 311578 1.0
2737 311660 1.0
2738 311741 1.0
2739 311827 1.0
2740 311936 1.0
2741 312061 1.0
2742 312155 1.0
2743 312228 1.0
2744 312315 1.0
2745 312398 1.0
2746 312495 1.0
2747 312585 1.0
2748 312678 1.0
2749 312772 1.0
2750 312851 1.0
2751 312929 1.0
2752 312990 1.0
2753 313064 1.0
2754 313197 1.0
2755 313270 1.0
2756 313356 1.0
2757 313441 1.0
2758 313538 1.0
2759 313619 1.0
2760 313690 1.0
2761 313755 1.0
2762 313828 1.0
2763 313937 1.0
2764 314022 1.0
2765 314111 1.0
2766 314170 1.0
2767 314233 1.0
2768 314333 1.0
2769 314407 1.0
2770 314495 1.0
2771 314574 1.0
2772 314674 1.0
2773 314772 1.0
2774 314878 1.0
2775 314957 1.0
2776 315027 1.0
2777 315101 1.0
2778 315200 1.0
2779 315283 1.0
2780 315344 1.0
2781 315425 1.0
2782 315517 1.0
2783 315600 1.0
2784 315691 1.0
2785 315763 1.0
2786 315838 1.0
2787 315925 1.0
2788 316009 1.0
2789 316106 1.0
2790 316187 1.0
2791 316285 1.0
2792 316378 1.0
2793 316470 1.0
2794 316534 1.0
2795 316642 1.0
2796 316724 1.0
2797 316826 1.0
2798 316906 1.0
2799 317015 1.0
2800 317111 1.0
2801 317191 1.0
2802 317264 1.0
2803 317337 1.0
2804 317400 1.0
2805 317491 1.0
2806 317600 1.0
2807 317685 1.0
2808 317750 1.0
2809 317840 1.0
2810 317963 1.0
2811 318051 1.0
2812 318121 1.0
2813 318187 1.0
2814 318285 1.0
2815 318363 1.0
2816 318444 1.0
2817 318554 1.0
2818 318617 1.0
2819 318709 1.0
2820 318794 1.0
2821 318877 1.0
2822 318941 1.0
2823 319037 1.0
2824 319133 1.0
2825 319203 1.0
2826 319280 1.0
2827 319363 1.0
2828 319440 1.0
2829 319539 1.0
2830 319623 1.0
2831 319725 1.0
2832 319798 1.0
2833 319923 1.0
2834 320009 1.0
2835 320092 1.0
2836 320155 1.0
2837 320230 1.0
2838 320322 1.0
2839 320383 1.0
2840 320494 1.0
2841 320577 1.0
2842 320646 1.0
2843 320745 1.0
2844 320819 1.0
2845 320901 1.0
2846 321002 1.0
2847 321071 1.0
2848 321198 1.0
2849 321275 1.0
2850 321356 1.0
2851 321459 1.0
2852 321533 1.0
2853 321630 1.0
2854 321717 1.0
2855 321801 1.0
2856 321895 1.0
2857 322012 1.0
2858 322100 1.0
2859 322185 1.0
2860 322258 1.0
2861 322344 1.0
2862 322418 1.0
2863 322513 1.0
2864 322605 1.0
2865 322704 1.0
2866 322766 1.0
2867 322843 1.0
2868 322915 1.0
2869 322987 1.0
2870 323067 1.0
2871 323149 1.0
2872 323251 1.0
2873 323337 1.0
2874 323412 1.0
2875 323472 1.0
2876 323556 1.0
2877 323622 1.0
2878 323696 1.0
2879 323817 1.0
2880 323919 1.0
2881 324013 1.0
2882 324097 1.0
2883 324168 1.0
2884 324257 1.0
2885 324336 1.0
2886 324427 1.0
2887 324546 1.0
2888 324695 1.0
2889 324797 1.0
2890 324880 1.0
2891 324981 1.0
2892 325091 1.0
2893 325153 1.0
2894 325230 1.0
2895 325326 1.0
2896 325399 1.0
2897 325498 1.0
2898 325601 1.0
2899 325675 1.0
2900 325756 1.0
2901 325847 1.0
2902 325925 1.0
2903 326029 1.0
2904 326106 1.0
2905 326185 1.0
2906 326270 1.0
2907 326364 1.0
2908 326441 1.0
2909 326596 1.0
2910 326667 1.0
2911 326741 1.0
2912 326810 1.0
2913 326897 1.0
2914 326992 1.0
2915 327074 1.0
2916 327155 1.0
2917 327279 1.0
2918 327394 1.0
2919 327461 1.0
2920 327587 1.0
2921 327686 1.0
2922 327771 1.0
2923 327840 1.0
2924 327911 1.0
2925 327994 1.0
2926 328061 1.0
2927 328135 1.0
2928 328240 1.0
2929 328316 1.0
2930 328407 1.0
2931 328467 1.0
2932 328569 1.0
2933 328631 1.0
2934 328710 1.0
2935 328789 1.0
2936 328867 1.0
2937 328928 1.0
2938 329022 1.0
2939 329110 1.0
2940 329198 1.0
2941 329314 1.0
2942 329423 1.0
2943 329517 1.0
2944 329587 1.0
2945 329668 1.0
2946 329749 1.0
2947 329821 1.0
2948 329933 1.0
2949 330016 1.0
2950 330102 1.0
2951 330180 1.0
2952 330278 1.0
2953 330352 1.0
2954 330443 1.0
2955 330532 1.0
2956 330613 1.0
2957 330690 1.0
2958 330761 1.0
2959 330862 1.0
2960 330945 1.0
2961 331030 1.0
2962 331167 1.0
2963 331241 1.0
2964 331298 1.0
2965 331371 1.0
2966 331453 1.0
2967 331550 1.0
2968 331643 1.0
2969 331735 1.0
2970 331797 1.0
2971 331867 1.0
2972 331949 1.0
2973 332043 1.0
2974 332109 1.0
2975 332182 1.0
2976 332284 1.0
2977 332359 1.0
2978 332444 1.0
2979 332536 1.0
2980 332632 1.0
2981 332705 1.0
2982 332779 1.0
2983 332873 1.0
2984 332986 1.0
2985 333083 1.0
2986 333232 1.0
2987 333297 1.0
2988 333367 1.0
2989 333445 1.0
2990 333526 1.0
2991 333680 1.0
2992 333752 1.0
2993 333816 1.0
2994 333894 1.0
2995 334071 1.0
2996 334148 1.0
2997 334235 1.0
2998 334316 1.0
2999 334441 1.0
3000 334526 1.0
3001 334613 1.0
3002 334703 1.0
3003 334791 1.0
3004 334862 1.0
3005 334968 1.0
3006 335032 1.0
3007 335112 1.0
3008 335200 1.0
3009 335301 1.0
3010 335372 1.0
3011 335448 1.0
3012 335556 1.0
3013 335621 1.0
3014 335702 1.0
3015 335855 1.0
3016 335945 1.0
3017 336012 1.0
3018 336080 1.0
3019 336182 1.0
3020 336282 1.0
3021 336374 1.0
3022 336471 1.0
3023 336573 1.0
3024 336669 1.0
3025 336757 1.0
3026 336890 1.0
3027 336968 1.0
3028 337049 1.0
3029 337117 1.0
3030 337222 1.0
3031 337302 1.0
3032 337378 1.0
3033 337523 1.0
3034 337603 1.0
3035 337684 1.0
3036 337818 1.0
3037 337954 1.0
3038 338029 1.0
3039 338140 1.0
3040 338245 1.0
3041 338355 1.0
3042 338428 1.0
3043 338565 1.0
3044 338674 1.0
3045 338749 1.0
3046 338855 1.0
3047 338932 1.0
3048 339035 1.0
3049 339107 1.0
3050 339209 1.0
3051 339309 1.0
3052 339418 1.0
3053 339485 1.0
3054 339567 1.0
3055 339654 1.0
3056 339730 1.0
3057 339816 1.0
3058 339894 1.0
3059 339976 1.0
3060 340075 1.0
3061 340147 1.0
3062 340234 1.0
3063 340312 1.0
3064 340404 1.0
3065 340498 1.0
3066 340570 1.0
3067 340643 1.0
3068 340714 1.0
3069 340782 1.0
3070 340867 1.0
3071 340957 1.0
3072 341038 1.0
3073 341137 1.0
3074 341262 1.0
3075 341341 1.0
3076 341469 1.0
3077 341541 1.0
3078 341621 1.0
3079 341695 1.0
3080 341762 1.0
3081 341845 1.0
3082 341925 1.0
3083 341994 1.0
3084 342091 1.0
3085 342180 1.0
3086 342275 1.0
3087 342404 1.0
3088 342485 1.0
3089 342584 1.0
3090 342689 1.0
3091 342761 1.0
3092 342840 1.0
3093 342946 1.0
3094 343017 1.0
3095 343101 1.0
3096 343180 1.0
3097 343273 1.0
3098 343334 1.0
3099 343447 1.0
3100 343513 1.0
3101 343591 1.0
3102 343676 1.0
3103 343789 1.0
3104 343902 1.0
3105 343964 1.0
3106 344056 1.0
3107 344214 1.0
3108 344287 1.0
3109 344413 1.0
3110 344491 1.0
3111 344608 1.0
3112 344688 1.0
3113 344771 1.0
3114 344837 1.0
3115 344904 1.0
3116 344969 1.0
3117 345056 1.0
3118 345149 1.0
3119 345226 1.0
3120 345335 1.0
3121 345392 1.0
3122 345459 1.0
3123 345559 1.0
3124 345646 1.0
3125 345717 1.0
3126 345792 1.0
3127 345878 1.0
3128 346026 1.0
3129 346117 1.0
3130 346208 1.0
3131 346289 1.0
3132 346374 1.0
3133 346481 1.0
3134 346579 1.0
3135 346668 1.0
3136 346731 1.0
3137 346814 1.0
3138 346908 1.0
3139 347009 1.0
3140 347102 1.0
3141 347178 1.0
3142 347267 1.0
3143 347379 1.0
3144 347457 1.0
3145 347512 1.0
3146 347582 1.0
3147 347649 1.0
3148 347726 1.0
3149 347823 1.0
3150 347917 1.0
3151 347980 1.0
3152 348054 1.0
3153 348167 1.0
3154 348262 1.0
3155 348339 1.0
3156 348400 1.0
3157 348473 1.0
3158 348557 1.0
3159 348652 1.0
3160 348716 1.0
3161 348782 1.0
3162 348888 1.0
3163 348978 1.0
3164 349052 1.0
3165 349155 1.0
3166 349223 1.0
3167 349326 1.0
3168 349447 1.0
3169 349514 1.0
3170 349601 1.0
3171 349667 1.0
3172 349742 1.0
3173 349852 1.0
3174 349940 1.0
3175 350025 1.0
3176 350095 1.0
3177 350205 1.0
3178 350278 1.0
3179 350359 1.0
3180 350448 1.0
3181 350532 1.0
3182 350608 1.0
3183 350696 1.0
3184 350866 1.0
3185 350949 1.0
3186 351065 1.0
3187 351138 1.0
3188 351238 1.0
3189 351330 1.0
3190 351408 1.0
3191 351539 1.0
3192 351624 1.0
3193 351701 1.0
3194 351795 1.0
3195 351881 1.0
3196 351950 1.0
3197 352037 1.0
3198 352111 1.0
3199 352209 1.0
3200 352285 1.0
3201 352371 1.0
3202 352481 1.0
3203 352560 1.0
3204 352649 1.0
3205 352747 1.0
3206 352809 1.0
3207 352901 1.0
3208 352978 1.0
3209 353055 1.0
3210 353120 1.0
3211 353199 1.0
3212 353271 1.0
3213 353354 1.0
3214 353465 1.0
3215 353534 1.0
3216 353618 1.0
3217 353696 1.0
3218 353774 1.0
3219 353843 1.0
3220 353903 1.0
3221 353979 1.0
3222 354066 1.0
3223 354153 1.0
3224 354220 1.0
3225 354289 1.0
3226 354368 1.0
3227 354460 1.0
3228 354523 1.0
3229 354589 1.0
3230 354705 1.0
3231 354795 1.0
3232 354868 1.0
3233 354947 1.0
3234 355038 1.0
3235 355131 1.0
3236 355201 1.0
3237 355275 1.0
3238 355350 1.0
3239 355440 1.0
3240 355513 1.0
3241 355587 1.0
3242 355694 1.0
3243 355767 1.0
3244 355865 1.0
3245 355974 1.0
3246 356064 1.0
3247 356134 1.0
3248 356221 1.0
3249 356296 1.0
3250 356373 1.0
3251 356453 1.0
3252 356558 1.0
3253 356641 1.0
3254 356742 1.0
3255 356842 1.0
3256 356928 1.0
3257 356989 1.0
3258 357061 1.0
3259 357154 1.0
3260 357247 1.0
3261 357346 1.0
3262 357414 1.0
3263 357488 1.0
3264 357566 1.0
3265 357661 1.0
3266 357737 1.0
3267 357853 1.0
3268 357937 1.0
3269 358009 1.0
3270 358093 1.0
3271 358168 1.0
3272 358246 1.0
3273 358328 1.0
3274 358404 1.0
3275 358491 1.0
3276 358599 1.0
3277 358674 1.0
3278 358765 1.0
3279 358829 1.0
3280 358919 1.0
3281 358993 1.0
3282 359059 1.0
3283 359139 1.0
3284 359252 1.0
3285 359333 1.0
3286 359426 1.0
3287 359514 1.0
3288 359601 1.0
3289 359685 1.0
3290 359785 1.0
3291 359861 1.0
3292 359936 1.0
3293 360018 1.0
3294 360095 1.0
3295 360155 1.0
3296 360243 1.0
3297 360313 1.0
3298 360420 1.0
3299 360511 1.0
3300 360601 1.0
3301 360684 1.0
3302 360756 1.0
3303 360820 1.0
3304 360893 1.0
3305 360964 1.0
3306 361048 1.0
3307 361142 1.0
3308 361236 1.0
3309 361347 1.0
3310 361426 1.0
3311 361512 1.0
3312 361607 1.0
3313 361681 1.0
3314 361798 1.0
3315 361891 1.0
3316 361979 1.0
3317 362056 1.0
3318 362136 1.0
3319 362237 1.0
3320 362301 1.0
3321 362375 1.0
3322 362453 1.0
3323 362542 1.0
3324 362622 1.0
3325 362709 1.0
3326 362782 1.0
3327 362874 1.0
3328 362974 1.0
3329 363054 1.0
3330 363124 1.0
3331 363222 1.0
3332 363287 1.0
3333 363370 1.0
3334 363606 1.0
3335 363694 1.0
3336 363783 1.0
3337 363860 1.0
3338 363964 1.0
3339 364036 1.0
3340 364102 1.0
3341 364180 1.0
3342 364246 1.0
3343 364332 1.0
3344 364417 1.0
3345 364521 1.0
3346 364614 1.0
3347 364762 1.0
3348 364832 1.0
3349 364943 1.0
3350 365027 1.0
3351 365097 1.0
3352 365179 1.0
3353 365295 1.0
3354 365392 1.0
3355 365492 1.0
3356 365572 1.0
3357 365666 1.0
3358 365759 1.0
3359 365824 1.0
3360 365903 1.0
3361 366053 1.0
3362 366140 1.0
3363 366206 1.0
3364 366299 1.0
3365 366375 1.0
3366 366451 1.0
3367 366510 1.0
3368 366627 1.0
3369 366720 1.0
3370 366818 1.0
3371 366898 1.0
3372 366960 1.0
3373 367068 1.0
3374 367150 1.0
3375 367235 1.0
3376 367298 1.0
3377 367359 1.0
3378 367446 1.0
3379 367521 1.0
3380 367601 1.0
3381 367665 1.0
3382 367742 1.0
3383 367806 1.0
3384 367873 1.0
3385 367955 1.0
3386 368031 1.0
3387 368117 1.0
3388 368220 1.0
3389 368310 1.0
3390 368390 1.0
3391 368486 1.0
3392 368563 1.0
3393 368636 1.0
3394 368716 1.0
3395 368789 1.0
3396 368874 1.0
3397 368964 1.0
3398 369086 1.0
3399 369162 1.0
3400 369248 1.0
3401 369346 1.0
3402 369475 1.0
3403 369551 1.0
3404 369639 1.0
3405 369710 1.0
3406 369777 1.0
3407 369849 1.0
3408 369951 1.0
3409 370067 1.0
3410 370154 1.0
3411 370220 1.0
3412 370305 1.0
3413 370367 1.0
3414 370437 1.0
3415 370556 1.0
3416 370650 1.0
3417 370735 1.0
3418 370830 1.0
3419 370906 1.0
3420 370990 1.0
3421 371080 1.0
3422 371215 1.0
3423 371297 1.0
3424 371378 1.0
3425 371457 1.0
3426 371535 1.0
3427 371625 1.0
3428 371714 1.0
3429 371798 1.0
3430 371876 1.0
3431 372012 1.0
3432 372089 1.0
3433 372180 1.0
3434 372280 1.0
3435 372371 1.0
3436 372435 1.0
3437 372521 1.0
3438 372601 1.0
3439 372687 1.0
3440 372745 1.0
3441 372846 1.0
3442 372944 1.0
3443 373017 1.0
3444 373095 1.0
3445 373159 1.0
3446 373251 1.0
3447 373341 1.0
3448 373451 1.0
3449 373532 1.0
3450 373601 1.0
3451 373679 1.0
3452 373741 1.0
3453 373823 1.0
3454 373922 1.0
3455 373999 1.0
3456 374077 1.0
3457 374198 1.0
3458 374307 1.0
3459 374430 1.0
3460 374501 1.0
3461 374599 1.0
3462 374701 1.0
3463 374781 1.0
3464 374871 1.0
3465 374950 1.0
3466 375031 1.0
3467 375099 1.0
3468 375186 1.0
3469 375251 1.0
3470 375334 1.0
3471 375399 1.0
3472 375457 1.0
3473 375570 1.0
3474 375644 1.0
3475 375717 1.0
3476 375789 1.0
3477 375870 1.0
3478 375946 1.0
3479 376024 1.0
3480 376092 1.0
3481 376163 1.0
3482 376238 1.0
3483 376303 1.0
3484 376368 1.0
3485 376451 1.0
3486 376527 1.0
3487 376609 1.0
3488 376679 1.0
3489 376737 1.0
3490 376806 1.0
3491 376915 1.0
3492 376981 1.0
3493 377085 1.0
3494 377186 1.0
3495 377269 1.0
3496 377363 1.0
3497 377458 1.0
3498 377540 1.0
3499 377634 1.0
3500 377720 1.0
3501 377793 1.0
3502 377969 1.0
3503 378043 1.0
3504 378109 1.0
3505 378185 1.0
3506 378262 1.0
3507 378338 1.0
3508 378418 1.0
3509 378524 1.0
3510 378622 1.0
3511 378726 1.0
3512 378796 1.0
3513 378867 1.0
3514 378940 1.0
3515 379032 1.0
3516 379148 1.0
3517 379211 1.0
3518 379297 1.0
3519 379382 1.0
3520 379484 1.0
3521 379552 1.0
3522 379628 1.0
3523 379754 1.0
3524 379835 1.0
3525 379923 1.0
3526 379999 1.0
3527 380070 1.0
3528 380161 1.0
3529 380232 1.0
3530 380298 1.0
3531 380398 1.0
3532 380454 1.0
3533 380553 1.0
3534 380628 1.0
3535 380713 1.0
3536 380792 1.0
3537 380850 1.0
3538 380948 1.0
3539 381058 1.0
3540 381119 1.0
3541 381235 1.0
3542 381322 1.0
3543 381395 1.0
3544 381497 1.0
3545 381562 1.0
3546 381618 1.0
3547 381670 1.0
3548 381752 1.0
3549 381819 1.0
3550 381926 1.0
3551 381992 1.0
3552 382066 1.0
3553 382137 1.0
3554 382223 1.0
3555 382337 1.0
3556 382411 1.0
3557 382516 1.0
3558 382612 1.0
3559 382710 1.0
3560 382840 1.0
3561 382979 1.0
3562 383035 1.0
3563 383109 1.0
3564 383179 1.0
3565 383253 1.0
3566 383328 1.0
3567 383418 1.0
3568 383507 1.0
3569 383593 1.0
3570 383706 1.0
3571 383788 1.0
3572 383865 1.0
3573 383943 1.0
3574 384011 1.0
3575 384092 1.0
3576 384160 1.0
3577 384250 1.0
3578 384341 1.0
3579 384401 1.0
3580 384464 1.0
3581 384579 1.0
3582 384685 1.0
3583 384806 1.0
3584 384893 1.0
3585 385008 1.0
3586 385086 1.0
3587 385163 1.0
3588 385243 1.0
3589 385340 1.0
3590 385435 1.0
3591 385531 1.0
3592 385616 1.0
3593 385697 1.0
3594 385776 1.0
3595 385855 1.0
3596 385934 1.0
3597 386006 1.0
3598 386083 1.0
3599 386163 1.0
3600 386294 1.0
3601 386429 1.0
3602 386510 1.0
3603 386593 1.0
3604 386663 1.0
3605 386755 1.0
3606 386852 1.0
3607 386928 1.0
3608 386991 1.0
3609 387054 1.0
3610 387180 1.0
3611 387265 1.0
3612 387339 1.0
3613 387415 1.0
3614 387491 1.0
3615 387591 1.0
3616 387655 1.0
3617 387743 1.0
3618 387814 1.0
3619 387904 1.0
3620 387995 1.0
3621 388095 1.0
3622 388191 1.0
3623 388273 1.0
3624 388348 1.0
3625 388426 1.0
3626 388514 1.0
3627 388574 1.0
3628 388642 1.0
3629 388723 1.0
3630 388796 1.0
3631 388872 1.0
3632 388955 1.0
3633 389073 1.0
3634 389131 1.0
3635 389225 1.0
3636 389342 1.0
3637 389420 1.0
3638 389495 1.0
3639 389553 1.0
3640 389654 1.0
3641 389726 1.0
3642 389792 1.0
3643 389866 1.0
3644 389962 1.0
3645 390058 1.0
3646 390137 1.0
3647 390194 1.0
3648 390279 1.0
3649 390377 1.0
3650 390459 1.0
3651 390576 1.0
3652 390640 1.0
3653 390744 1.0
3654 390832 1.0
3655 390895 1.0
3656 390972 1.0
3657 391079 1.0
3658 391161 1.0
3659 391228 1.0
3660 391312 1.0
3661 391375 1.0
3662 391464 1.0
3663 391546 1.0
3664 391623 1.0
