1 300 0.0
2 600 0.0
3 900 0.0
4 1200 0.0
5 1500 0.0
6 1800 0.0
7 2100 0.0
8 2400 0.0
9 2700 0.0
10 3000 0.0
11 3300 0.0
12 3600 0.0
13 3900 0.0
14 4200 0.0
15 4500 0.0
16 4800 0.0
17 5100 0.0
18 5400 0.0
19 5700 0.0
20 6000 0.0
21 6300 0.0
22 6600 0.0
23 6900 0.0
24 7200 0.0
25 7500 0.0
26 7800 0.0
27 8100 0.0
28 8400 0.0
29 8700 0.0
30 9000 0.0
31 9300 0.0
32 9600 0.0
33 9900 0.0
34 10200 0.0
35 10500 0.0
36 10800 0.0
37 11100 0.0
38 11400 0.0
39 11700 0.0
40 12000 0.0
41 12300 0.0
42 12600 0.0
43 12900 0.0
44 13200 0.0
45 13500 0.0
46 13800 0.0
47 14100 0.0
48 14400 0.0
49 14700 0.0
50 15000 0.0
51 15300 0.0
52 15600 0.0
53 15900 0.0
54 16200 0.0
55 16500 0.0
56 16800 0.0
57 17100 0.0
58 17400 0.0
59 17700 0.0
60 18000 0.0
61 18300 0.0
62 18600 0.0
63 18900 0.0
64 19200 0.0
65 19500 0.0
66 19800 0.0
67 20100 0.0
68 20400 0.0
69 20700 0.0
70 21000 0.0
71 21300 0.0
72 21600 0.0
73 21900 0.0
74 22200 0.0
75 22500 0.0
76 22800 0.0
77 23100 0.0
78 23400 0.0
79 23700 0.0
80 24000 0.0
81 24300 0.0
82 24600 0.0
83 24900 0.0
84 25200 0.0
85 25500 0.0
86 25800 0.0
87 26100 0.0
88 26400 0.0
89 26700 0.0
90 27000 0.0
91 27300 0.0
92 27600 0.0
93 27900 0.0
94 28200 0.0
95 28500 0.0
96 28800 0.0
97 29100 0.0
98 29400 0.0
99 29700 0.0
100 30000 0.0
101 30300 0.0
102 30600 0.0
103 30900 0.0
104 31200 0.0
105 31500 0.0
106 31800 0.0
107 32100 0.0
108 32400 0.0
109 32700 0.0
110 33000 0.0
111 33300 0.0
112 33600 0.0
113 33900 0.0
114 34200 0.0
115 34500 0.0
116 34800 0.0
117 35100 0.0
118 35400 0.0
119 35700 0.0
120 36000 0.0
121 36300 0.0
122 36600 0.0
123 36900 0.0
124 37200 0.0
125 37500 0.0
126 37800 0.0
127 38100 0.0
128 38400 0.0
129 38700 0.0
130 39000 0.0
131 39300 0.0
132 39600 0.0
133 39900 0.0
134 40200 0.0
135 40500 0.0
136 40800 0.0
137 41100 0.0
138 41400 0.0
139 41700 0.0
140 42000 0.0
141 42300 0.0
142 42600 0.0
143 42900 0.0
144 43200 0.0
145 43500 0.0
146 43800 0.0
147 44100 0.0
148 44400 0.0
149 44700 0.0
150 45000 0.0
151 45300 0.0
152 45600 0.0
153 45900 0.0
154 46200 0.0
155 46500 0.0
156 46800 0.0
157 47100 0.0
158 47400 0.0
159 47700 0.0
160 48000 0.0
161 48300 0.0
162 48600 0.0
163 48900 0.0
164 49200 0.0
165 49500 0.0
166 49800 0.0
167 50100 0.0
168 50400 0.0
169 50700 0.0
170 51000 0.0
171 51300 0.0
172 51600 0.0
173 51900 0.0
174 52200 0.0
175 52500 0.0
176 52800 0.0
177 53100 0.0
178 53400 0.0
179 53700 0.0
180 54000 0.0
181 54300 0.0
182 54600 0.0
183 54900 0.0
184 55200 0.0
185 55500 0.0
186 55800 0.0
187 56100 0.0
188 56400 0.0
189 56700 0.0
190 57000 0.0
191 57300 0.0
192 57600 0.0
193 57900 0.0
194 58200 0.0
195 58500 0.0
196 58800 0.0
197 59100 0.0
198 59400 0.0
199 59700 0.0
200 60000 0.0
201 60300 0.0
202 60600 0.0
203 60900 0.0
204 61200 0.0
205 61500 0.0
206 61800 0.0
207 62100 0.0
208 62400 0.0
209 62700 0.0
210 63000 0.0
211 63300 0.0
212 63600 0.0
213 63900 0.0
214 64200 0.0
215 64500 0.0
216 64800 0.0
217 65100 0.0
218 65400 0.0
219 65700 0.0
220 66000 0.0
221 66300 0.0
222 66600 0.0
223 66900 0.0
224 67200 0.0
225 67500 0.0
226 67800 0.0
227 68100 0.0
228 68400 0.0
229 68700 0.0
230 69000 0.0
231 69300 0.0
232 69600 0.0
233 69900 0.0
234 70200 0.0
235 70500 0.0
236 70800 0.0
237 71100 0.0
238 71400 0.0
239 71700 0.0
240 72000 0.0
241 72300 0.0
242 72600 0.0
243 72900 0.0
244 73200 0.0
245 73500 0.0
246 73800 0.0
247 74100 0.0
248 74400 0.0
249 74700 0.0
250 75000 0.0
251 75300 0.0
252 75600 0.0
253 75900 0.0
254 76200 0.0
255 76500 0.0
256 76800 0.0
257 77100 0.0
258 77400 0.0
259 77700 0.0
260 78000 0.0
261 78300 0.0
262 78600 0.0
263 78900 0.0
264 79200 0.0
265 79500 0.0
266 79800 0.0
267 80100 0.0
268 80400 0.0
269 80700 0.0
270 81000 0.0
271 81300 0.0
272 81600 0.0
273 81900 0.0
274 82200 0.0
275 82500 0.0
276 82800 0.0
277 83100 0.0
278 83400 0.0
279 83700 0.0
280 84000 0.0
281 84300 0.0
282 84600 0.0
283 84900 0.0
284 85200 0.0
285 85500 0.0
286 85800 0.01
287 86100 0.01
288 86400 0.01
289 86700 0.01
290 87000 0.02
291 87300 0.02
292 87600 0.02
293 87900 0.03
294 88200 0.03
295 88500 0.04
296 88800 0.04
297 89100 0.04
298 89400 0.05
299 89700 0.05
300 90000 0.05
301 90300 0.060000000000000005
302 90600 0.07
303 90900 0.07
304 91200 0.08
305 91500 0.07999999999999999
306 91800 0.09
307 92100 0.09999999999999999
308 92400 0.10999999999999999
309 92700 0.11999999999999998
310 93000 0.12999999999999998
311 93300 0.14
312 93600 0.13999999999999999
313 93900 0.14
314 94200 0.15000000000000002
315 94500 0.16000000000000003
316 94800 0.17000000000000004
317 95100 0.18000000000000005
318 95400 0.18000000000000002
319 95700 0.19000000000000003
320 96000 0.20000000000000004
321 96300 0.21000000000000002
322 96600 0.22000000000000003
323 96900 0.23000000000000004
324 97200 0.24000000000000005
325 97500 0.25000000000000006
326 97800 0.26
327 98100 0.27
328 98400 0.28
329 98700 0.29000000000000004
330 99000 0.30000000000000004
331 99300 0.31000000000000005
332 99600 0.32000000000000006
333 99900 0.33000000000000007
334 100200 0.3400000000000001
335 100500 0.35000000000000003
336 100800 0.36
337 101100 0.37
338 101400 0.38
339 101700 0.39
340 102000 0.4
341 102300 0.41000000000000003
342 102600 0.42000000000000004
343 102900 0.43000000000000005
344 103200 0.44000000000000006
345 103500 0.45000000000000007
346 103800 0.4600000000000001
347 104100 0.4700000000000001
348 104400 0.4800000000000001
349 104700 0.49000000000000005
350 105000 0.5
351 105300 0.51
352 105600 0.52
353 105900 0.53
354 106200 0.54
355 106500 0.55
356 106800 0.56
357 107100 0.5700000000000001
358 107400 0.5700000000000001
359 107700 0.5800000000000001
360 108000 0.5900000000000001
361 108300 0.6000000000000001
362 108600 0.6100000000000001
363 108900 0.6200000000000001
364 109200 0.6300000000000001
365 109500 0.6400000000000001
366 109800 0.6500000000000001
367 110100 0.6600000000000001
368 110400 0.67
369 110700 0.6799999999999999
370 111000 0.69
371 111300 0.7
372 111600 0.71
373 111900 0.72
374 112200 0.73
375 112500 0.74
376 112800 0.75
377 113100 0.76
378 113400 0.77
379 113700 0.78
380 114000 0.79
381 114300 0.8
382 114600 0.81
383 114900 0.8200000000000001
384 115200 0.8300000000000001
385 115481 0.8400000000000001
386 115781 0.8400000000000001
387 116081 0.8500000000000001
388 116381 0.8600000000000001
389 116604 0.8700000000000001
390 116904 0.8700000000000001
391 117204 0.8800000000000001
392 117477 0.8800000000000001
393 117777 0.8800000000000001
394 117978 0.8900000000000001
395 118278 0.8900000000000001
396 118578 0.9000000000000001
397 118741 0.9100000000000001
398 119041 0.9100000000000001
399 119341 0.9200000000000002
400 119562 0.9300000000000002
401 119770 0.9300000000000002
402 120070 0.9300000000000002
403 120346 0.9400000000000002
404 120646 0.9400000000000002
405 120765 0.9500000000000002
406 120925 0.9500000000000002
407 121105 0.9500000000000002
408 121345 0.9500000000000002
409 121562 0.9500000000000002
410 121819 0.9500000000000002
411 122119 0.9500000000000002
412 122419 0.9600000000000002
413 122564 0.9700000000000002
414 122771 0.9700000000000002
415 122987 0.9700000000000002
416 123192 0.9700000000000002
417 123492 0.9700000000000002
418 123654 0.9800000000000002
419 123867 0.9800000000000002
420 124063 0.9800000000000002
421 124354 0.9800000000000002
422 124511 0.9800000000000002
423 124687 0.9800000000000002
424 124908 0.9800000000000002
425 125050 0.9800000000000002
426 125294 0.9800000000000002
427 125526 0.9800000000000002
428 125786 0.9800000000000002
429 125892 0.9800000000000002
430 126013 0.9800000000000002
431 126146 0.9800000000000002
432 126311 0.9800000000000002
433 126419 0.9800000000000002
434 126556 0.9800000000000002
435 126705 0.9800000000000002
436 126856 0.9800000000000002
437 127039 0.9800000000000002
438 127260 0.9800000000000002
439 127332 0.9800000000000002
440 127460 0.9800000000000002
441 127593 0.9800000000000002
442 127855 0.9800000000000002
443 127934 0.9800000000000002
444 128085 0.9800000000000002
445 128287 0.9800000000000002
446 128530 0.9800000000000002
447 128659 0.9800000000000002
448 128783 0.9800000000000002
449 129014 0.9800000000000002
450 129237 0.9800000000000002
451 129521 0.9800000000000002
452 129685 0.9800000000000002
453 129834 0.9800000000000002
454 130010 0.9800000000000002
455 130169 0.9800000000000002
456 130280 0.9800000000000002
457 130580 0.9800000000000002
458 130690 0.9900000000000002
459 130879 0.9900000000000002
460 130972 0.9900000000000002
461 131197 0.9900000000000002
462 131332 0.9900000000000002
463 131431 0.9900000000000002
464 131560 0.9900000000000002
465 131707 0.9900000000000002
466 131938 0.9900000000000002
467 132060 0.9900000000000002
468 132179 0.9900000000000002
469 132356 0.9900000000000002
470 132481 0.9900000000000002
471 132573 0.9900000000000002
472 132696 0.9900000000000002
473 132901 0.9900000000000002
474 133019 0.9900000000000002
475 133131 0.9900000000000002
476 133293 0.9900000000000002
477 133389 0.9800000000000002
478 133531 0.9800000000000002
479 133670 0.9800000000000002
480 133850 0.9800000000000002
481 133959 0.9800000000000002
482 134080 0.9800000000000002
483 134193 0.9800000000000002
484 134337 0.9800000000000002
485 134515 0.9800000000000002
486 134734 0.9800000000000002
487 134822 0.9800000000000002
488 134963 0.9800000000000002
489 135088 0.9800000000000002
490 135261 0.9800000000000002
491 135561 0.9800000000000002
492 135830 0.9900000000000002
493 135958 0.9900000000000002
494 136053 0.9900000000000002
495 136212 0.9900000000000002
496 136316 0.9900000000000002
497 136418 0.9900000000000002
498 136507 0.9900000000000002
499 136643 0.9900000000000002
500 136725 0.9900000000000002
501 136857 0.9900000000000002
502 137027 0.9900000000000002
503 137131 0.9900000000000002
504 137233 0.9900000000000002
505 137391 0.9900000000000002
506 137636 0.9900000000000002
507 137740 0.9900000000000002
508 137850 0.9900000000000002
509 138023 0.9900000000000002
510 138139 0.9900000000000002
511 138255 0.9900000000000002
512 138416 0.9900000000000002
513 138539 0.9900000000000002
514 138626 0.9900000000000002
515 138754 0.9900000000000002
516 138966 0.9900000000000002
517 139081 0.9900000000000002
518 139181 0.9900000000000002
519 139269 0.9900000000000002
520 139399 0.9900000000000002
521 139504 0.9900000000000002
522 139621 0.9900000000000002
523 139750 0.9900000000000002
524 139908 0.9900000000000002
525 140037 0.9900000000000002
526 140156 0.9900000000000002
527 140384 0.9900000000000002
528 140564 0.9900000000000002
529 140695 0.9900000000000002
530 140820 0.9900000000000002
531 140968 0.9900000000000002
532 141084 0.9900000000000002
533 141240 0.9900000000000002
534 141391 0.9900000000000002
535 141528 0.9900000000000002
536 141648 0.9900000000000002
537 141730 0.9900000000000002
538 141993 0.9900000000000002
539 142083 0.9900000000000002
540 142199 0.9900000000000002
541 142291 0.9900000000000002
542 142432 0.9900000000000002
543 142583 0.9900000000000002
544 142755 0.9900000000000002
545 142874 0.9900000000000002
546 142969 0.9900000000000002
547 143112 0.9900000000000002
548 143195 0.9900000000000002
549 143351 0.9900000000000002
550 143466 0.9900000000000002
551 143570 0.9900000000000002
552 143682 0.9900000000000002
553 143840 0.9900000000000002
554 144007 0.9900000000000002
555 144132 0.9900000000000002
556 144269 0.9900000000000002
557 144382 0.9900000000000002
558 144485 0.9900000000000002
559 144632 0.9900000000000002
560 144731 0.9900000000000002
561 144934 0.9900000000000002
562 145029 0.9900000000000002
563 145137 0.9900000000000002
564 145245 0.9900000000000002
565 145366 0.9900000000000002
566 145461 0.9900000000000002
567 145613 0.9900000000000002
568 145719 0.9900000000000002
569 145860 0.9900000000000002
570 145992 0.9900000000000002
571 146175 0.9900000000000002
572 146297 0.9900000000000002
573 146419 0.9900000000000002
574 146532 0.9900000000000002
575 146660 0.9900000000000002
576 146960 0.9900000000000002
577 147072 1.0
578 147152 1.0
579 147264 1.0
580 147353 1.0
581 147429 1.0
582 147534 1.0
583 147693 1.0
584 147819 1.0
585 147963 1.0
586 148056 1.0
587 148169 1.0
588 148259 1.0
589 148411 1.0
590 148501 1.0
591 148620 1.0
592 148746 1.0
593 148998 1.0
594 149086 1.0
595 149206 1.0
596 149334 1.0
597 149461 1.0
598 149588 1.0
599 149695 1.0
600 149801 1.0
601 149879 1.0
602 149989 1.0
603 150102 1.0
604 150280 1.0
605 150380 1.0
606 150589 1.0
607 150744 1.0
608 150860 1.0
609 150992 1.0
610 151101 1.0
611 151266 1.0
612 151407 1.0
613 151503 1.0
614 151601 1.0
615 151698 1.0
616 151868 1.0
617 152019 1.0
618 152193 1.0
619 152278 1.0
620 152414 1.0
621 152493 1.0
622 152601 1.0
623 152700 1.0
624 152829 1.0
625 152977 1.0
626 153065 1.0
627 153145 1.0
628 153222 1.0
629 153467 1.0
630 153567 1.0
631 153654 1.0
632 153786 1.0
633 153893 1.0
634 154012 1.0
635 154084 1.0
636 154195 1.0
637 154310 1.0
638 154394 1.0
639 154515 1.0
640 154616 1.0
641 154713 1.0
642 154819 1.0
643 154919 1.0
644 155079 1.0
645 155184 1.0
646 155246 1.0
647 155355 1.0
648 155460 1.0
649 155575 1.0
650 155698 1.0
651 155801 1.0
652 155901 1.0
653 155990 1.0
654 156068 1.0
655 156124 1.0
656 156272 1.0
657 156367 1.0
658 156454 1.0
659 156561 1.0
660 156692 1.0
661 156809 1.0
662 157021 1.0
663 157141 1.0
664 157225 1.0
665 157332 1.0
666 157457 1.0
667 157577 1.0
668 157746 1.0
669 157851 1.0
670 157980 1.0
671 158107 1.0
672 158233 1.0
673 158336 1.0
674 158463 1.0
675 158544 1.0
676 158645 1.0
677 158738 1.0
678 158826 1.0
679 158927 1.0
680 159029 1.0
681 159130 1.0
682 159227 1.0
683 159339 1.0
684 159467 1.0
685 159604 1.0
686 159728 1.0
687 159899 1.0
688 159984 1.0
689 160108 1.0
690 160209 1.0
691 160286 1.0
692 160391 1.0
693 160483 1.0
694 160601 1.0
695 160743 1.0
696 160826 1.0
697 160911 1.0
698 161039 1.0
699 161107 1.0
700 161222 1.0
701 161320 1.0
702 161440 1.0
703 161564 1.0
704 161643 1.0
705 161734 1.0
706 161882 1.0
707 161971 1.0
708 162090 1.0
709 162170 1.0
710 162261 1.0
711 162469 1.0
712 162539 1.0
713 162696 1.0
714 162911 1.0
715 163049 1.0
716 163168 1.0
717 163327 1.0
718 163457 1.0
719 163551 1.0
720 163663 1.0
721 163755 1.0
722 163875 1.0
723 164019 1.0
724 164137 1.0
725 164235 1.0
726 164365 1.0
727 164492 1.0
728 164606 1.0
729 164743 1.0
730 164863 1.0
731 164955 1.0
732 165052 1.0
733 165177 1.0
734 165273 1.0
735 165390 1.0
736 165477 1.0
737 165573 1.0
738 165694 1.0
739 165801 1.0
740 165893 1.0
741 166069 1.0
742 166174 1.0
743 166266 1.0
744 166373 1.0
745 166454 1.0
746 166619 1.0
747 166720 1.0
748 166847 1.0
749 166948 1.0
750 167035 1.0
751 167129 1.0
752 167244 1.0
753 167316 1.0
754 167390 1.0
755 167506 1.0
756 167707 1.0
757 167792 1.0
758 167889 1.0
759 167971 1.0
760 168096 1.0
761 168191 1.0
762 168358 1.0
763 168460 1.0
764 168550 1.0
765 168661 1.0
766 168787 1.0
767 168869 1.0
768 168968 1.0
769 169154 1.0
770 169238 1.0
771 169329 1.0
772 169441 1.0
773 169574 1.0
774 169740 1.0
775 169818 1.0
776 169957 1.0
777 170024 1.0
778 170151 1.0
779 170258 1.0
780 170343 1.0
781 170450 1.0
782 170572 1.0
783 170675 1.0
784 170782 1.0
785 170910 1.0
786 171043 1.0
787 171116 1.0
788 171237 1.0
789 171401 1.0
790 171511 1.0
791 171654 1.0
792 171813 1.0
793 171898 1.0
794 171991 1.0
795 172117 1.0
796 172192 1.0
797 172325 1.0
798 172474 1.0
799 172566 1.0
800 172711 1.0
801 172805 1.0
802 172894 1.0
803 172998 1.0
804 173117 1.0
805 173226 1.0
806 173385 1.0
807 173530 1.0
808 173646 1.0
809 173780 1.0
810 173895 1.0
811 174074 1.0
812 174178 1.0
813 174281 1.0
814 174391 1.0
815 174506 1.0
816 174596 1.0
817 174664 1.0
818 174797 1.0
819 174946 1.0
820 175051 1.0
821 175166 1.0
822 175311 1.0
823 175412 1.0
824 175529 1.0
825 175655 1.0
826 175794 1.0
827 175867 1.0
828 175998 1.0
829 176108 1.0
830 176200 1.0
831 176335 1.0
832 176448 1.0
833 176533 1.0
834 176651 1.0
835 176831 1.0
836 176923 1.0
837 177028 1.0
838 177105 1.0
839 177202 1.0
840 177318 1.0
841 177396 1.0
842 177471 1.0
843 177561 1.0
844 177674 1.0
845 177814 1.0
846 177913 1.0
847 177993 1.0
848 178139 1.0
849 178269 1.0
850 178453 1.0
851 178552 1.0
852 178631 1.0
853 178715 1.0
854 178824 1.0
855 179008 1.0
856 179105 1.0
857 179236 1.0
858 179350 1.0
859 179420 1.0
860 179528 1.0
861 179645 1.0
862 179759 1.0
863 179849 1.0
864 179982 1.0
865 180108 1.0
866 180238 1.0
867 180324 1.0
868 180457 1.0
869 180550 1.0
870 180640 1.0
871 180752 1.0
872 180907 1.0
873 181052 1.0
874 181139 1.0
875 181231 1.0
876 181369 1.0
877 181457 1.0
878 181582 1.0
879 181708 1.0
880 181802 1.0
881 181937 1.0
882 182068 1.0
883 182200 1.0
884 182290 1.0
885 182373 1.0
886 182468 1.0
887 182578 1.0
888 182675 1.0
889 182772 1.0
890 182866 1.0
891 182968 1.0
892 183074 1.0
893 183202 1.0
894 183305 1.0
895 183429 1.0
896 183538 1.0
897 183634 1.0
898 183744 1.0
899 183827 1.0
900 183925 1.0
901 184031 1.0
902 184118 1.0
903 184210 1.0
904 184318 1.0
905 184385 1.0
906 184474 1.0
907 184575 1.0
908 184654 1.0
909 184735 1.0
910 184863 1.0
911 184962 1.0
912 185088 1.0
913 185179 1.0
914 185334 1.0
915 185461 1.0
916 185544 1.0
917 185665 1.0
918 185797 1.0
919 185901 1.0
920 186051 1.0
921 186130 1.0
922 186227 1.0
923 186361 1.0
924 186466 1.0
925 186583 1.0
926 186698 1.0
927 186814 1.0
928 186893 1.0
929 186969 1.0
930 187077 1.0
931 187157 1.0
932 187231 1.0
933 187369 1.0
934 187447 1.0
935 187525 1.0
936 187609 1.0
937 187702 1.0
938 187796 1.0
939 187887 1.0
940 188035 1.0
941 188105 1.0
942 188215 1.0
943 188306 1.0
944 188402 1.0
945 188473 1.0
946 188549 1.0
947 188619 1.0
948 188701 1.0
949 188799 1.0
950 188945 1.0
951 189023 1.0
952 189119 1.0
953 189206 1.0
954 189290 1.0
955 189370 1.0
956 189488 1.0
957 189576 1.0
958 189685 1.0
959 189776 1.0
960 189901 1.0
961 190052 1.0
962 190164 1.0
963 190255 1.0
964 190359 1.0
965 190435 1.0
966 190582 1.0
967 190656 1.0
968 190782 1.0
969 190869 1.0
970 190985 1.0
971 191072 1.0
972 191163 1.0
973 191294 1.0
974 191438 1.0
975 191567 1.0
976 191656 1.0
977 191742 1.0
978 191849 1.0
979 191944 1.0
980 192037 1.0
981 192192 1.0
982 192302 1.0
983 192387 1.0
984 192452 1.0
985 192570 1.0
986 192646 1.0
987 192732 1.0
988 192813 1.0
989 192886 1.0
990 192976 1.0
991 193105 1.0
992 193209 1.0
993 193341 1.0
994 193447 1.0
995 193588 1.0
996 193697 1.0
997 193776 1.0
998 193927 1.0
999 194012 1.0
1000 194187 1.0
1001 194279 1.0
1002 194380 1.0
1003 194455 1.0
1004 194556 1.0
1005 194637 1.0
1006 194726 1.0
1007 194847 1.0
1008 194936 1.0
1009 195038 1.0
1010 195112 1.0
1011 195251 1.0
1012 195352 1.0
1013 195419 1.0
1014 195494 1.0
1015 195584 1.0
1016 195676 1.0
1017 195845 1.0
1018 195917 1.0
1019 196014 1.0
1020 196111 1.0
1021 196231 1.0
1022 196338 1.0
1023 196437 1.0
1024 196504 1.0
1025 196637 1.0
1026 196762 1.0
1027 196866 1.0
1028 196950 1.0
1029 197059 1.0
1030 197189 1.0
1031 197286 1.0
1032 197395 1.0
1033 197459 1.0
1034 197562 1.0
1035 197667 1.0
1036 197756 1.0
1037 197838 1.0
1038 197935 1.0
1039 198011 1.0
1040 198095 1.0
1041 198207 1.0
1042 198329 1.0
1043 198435 1.0
1044 198500 1.0
1045 198581 1.0
1046 198692 1.0
1047 198797 1.0
1048 198850 1.0
1049 198942 1.0
1050 199042 1.0
1051 199149 1.0
1052 199257 1.0
1053 199360 1.0
1054 199479 1.0
1055 199597 1.0
1056 199707 1.0
1057 199793 1.0
1058 199861 1.0
1059 199972 1.0
1060 200068 1.0
1061 200192 1.0
1062 200309 1.0
1063 200412 1.0
1064 200488 1.0
1065 200591 1.0
1066 200690 1.0
1067 200774 1.0
1068 200877 1.0
1069 201037 1.0
1070 201156 1.0
1071 201280 1.0
1072 201391 1.0
1073 201492 1.0
1074 201590 1.0
1075 201690 1.0
1076 201809 1.0
1077 201902 1.0
1078 202012 1.0
1079 202119 1.0
1080 202210 1.0
1081 202297 1.0
1082 202368 1.0
1083 202485 1.0
1084 202591 1.0
1085 202756 1.0
1086 202911 1.0
1087 202990 1.0
1088 203094 1.0
1089 203208 1.0
1090 203303 1.0
1091 203404 1.0
1092 203535 1.0
1093 203612 1.0
1094 203709 1.0
1095 203826 1.0
1096 203938 1.0
1097 204039 1.0
1098 204147 1.0
1099 204234 1.0
1100 204338 1.0
1101 204433 1.0
1102 204582 1.0
1103 204673 1.0
1104 204787 1.0
1105 204884 1.0
1106 205017 1.0
1107 205122 1.0
1108 205228 1.0
1109 205329 1.0
1110 205433 1.0
1111 205567 1.0
1112 205640 1.0
1113 205772 1.0
1114 205905 1.0
1115 206008 1.0
1116 206071 1.0
1117 206184 1.0
1118 206286 1.0
1119 206442 1.0
1120 206562 1.0
1121 206639 1.0
1122 206776 1.0
1123 206913 1.0
1124 207030 1.0
1125 207118 1.0
1126 207270 1.0
1127 207340 1.0
1128 207438 1.0
1129 207513 1.0
1130 207685 1.0
1131 207800 1.0
1132 207887 1.0
1133 207975 1.0
1134 208109 1.0
1135 208196 1.0
1136 208282 1.0
1137 208359 1.0
1138 208439 1.0
1139 208597 1.0
1140 208686 1.0
1141 208764 1.0
1142 208851 1.0
1143 208963 1.0
1144 209081 1.0
1145 209161 1.0
1146 209238 1.0
1147 209320 1.0
1148 209419 1.0
1149 209486 1.0
1150 209618 1.0
1151 209746 1.0
1152 209912 1.0
1153 210005 1.0
1154 210105 1.0
1155 210178 1.0
1156 210300 1.0
1157 210391 1.0
1158 210457 1.0
1159 210550 1.0
1160 210648 1.0
1161 210754 1.0
1162 210819 1.0
1163 210902 1.0
1164 210983 1.0
1165 211083 1.0
1166 211156 1.0
1167 211228 1.0
1168 211323 1.0
1169 211416 1.0
1170 211528 1.0
1171 211614 1.0
1172 211694 1.0
1173 211828 1.0
1174 211905 1.0
1175 211996 1.0
1176 212101 1.0
1177 212174 1.0
1178 212280 1.0
1179 212400 1.0
1180 212520 1.0
1181 212590 1.0
1182 212677 1.0
1183 212796 1.0
1184 212916 1.0
1185 212996 1.0
1186 213098 1.0
1187 213239 1.0
1188 213405 1.0
1189 213499 1.0
1190 213580 1.0
1191 213651 1.0
1192 213754 1.0
1193 213865 1.0
1194 213936 1.0
1195 214063 1.0
1196 214169 1.0
1197 214298 1.0
1198 214432 1.0
1199 214553 1.0
1200 214623 1.0
1201 214721 1.0
1202 214824 1.0
1203 214931 1.0
1204 215019 1.0
1205 215143 1.0
1206 215306 1.0
1207 215392 1.0
1208 215498 1.0
1209 215563 1.0
1210 215638 1.0
1211 215754 1.0
1212 215823 1.0
1213 215922 1.0
1214 215993 1.0
1215 216086 1.0
1216 216162 1.0
1217 216283 1.0
1218 216385 1.0
1219 216463 1.0
1220 216556 1.0
1221 216693 1.0
1222 216790 1.0
1223 216899 1.0
1224 216996 1.0
1225 217107 1.0
1226 217182 1.0
1227 217272 1.0
1228 217338 1.0
1229 217419 1.0
1230 217515 1.0
1231 217655 1.0
1232 217740 1.0
1233 217918 1.0
1234 218013 1.0
1235 218094 1.0
1236 218177 1.0
1237 218303 1.0
1238 218421 1.0
1239 218515 1.0
1240 218597 1.0
1241 218690 1.0
1242 218781 1.0
1243 218886 1.0
1244 218998 1.0
1245 219080 1.0
1246 219218 1.0
1247 219312 1.0
1248 219394 1.0
1249 219515 1.0
1250 219626 1.0
1251 219762 1.0
1252 219857 1.0
1253 219949 1.0
1254 220052 1.0
1255 220150 1.0
1256 220239 1.0
1257 220337 1.0
1258 220431 1.0
1259 220521 1.0
1260 220613 1.0
1261 220693 1.0
1262 220786 1.0
1263 220893 1.0
1264 220995 1.0
1265 221102 1.0
1266 221221 1.0
1267 221354 1.0
1268 221438 1.0
1269 221531 1.0
1270 221620 1.0
1271 221721 1.0
1272 221814 1.0
1273 221918 1.0
1274 222007 1.0
1275 222147 1.0
1276 222237 1.0
1277 222332 1.0
1278 222433 1.0
1279 222613 1.0
1280 222691 1.0
1281 222799 1.0
1282 222911 1.0
1283 223019 1.0
1284 223200 1.0
1285 223282 1.0
1286 223358 1.0
1287 223435 1.0
1288 223529 1.0
1289 223623 1.0
1290 223782 1.0
1291 223895 1.0
1292 223955 1.0
1293 224046 1.0
1294 224128 1.0
1295 224250 1.0
1296 224354 1.0
1297 224453 1.0
1298 224549 1.0
1299 224664 1.0
1300 224740 1.0
1301 224824 1.0
1302 224890 1.0
1303 225011 1.0
1304 225092 1.0
1305 225193 1.0
1306 225289 1.0
1307 225368 1.0
1308 225435 1.0
1309 225533 1.0
1310 225610 1.0
1311 225728 1.0
1312 225838 1.0
1313 225909 1.0
1314 226025 1.0
1315 226122 1.0
1316 226219 1.0
1317 226301 1.0
1318 226392 1.0
1319 226503 1.0
1320 226565 1.0
1321 226699 1.0
1322 226798 1.0
1323 226944 1.0
1324 227039 1.0
1325 227197 1.0
1326 227282 1.0
1327 227389 1.0
1328 227478 1.0
1329 227557 1.0
1330 227640 1.0
1331 227789 1.0
1332 227905 1.0
1333 228010 1.0
1334 228150 1.0
1335 228230 1.0
1336 228340 1.0
1337 228487 1.0
1338 228573 1.0
1339 228654 1.0
1340 228759 1.0
1341 228849 1.0
1342 228955 1.0
1343 229097 1.0
1344 229195 1.0
1345 229340 1.0
1346 229421 1.0
1347 229534 1.0
1348 229626 1.0
1349 229771 1.0
1350 229871 1.0
1351 229961 1.0
1352 230035 1.0
1353 230183 1.0
1354 230285 1.0
1355 230362 1.0
1356 230449 1.0
1357 230534 1.0
1358 230594 1.0
1359 230708 1.0
1360 230790 1.0
1361 230873 1.0
1362 230984 1.0
1363 231078 1.0
1364 231156 1.0
1365 231260 1.0
1366 231405 1.0
1367 231483 1.0
1368 231612 1.0
1369 231731 1.0
1370 231809 1.0
1371 231914 1.0
1372 232009 1.0
1373 232105 1.0
1374 232225 1.0
1375 232311 1.0
1376 232409 1.0
1377 232496 1.0
1378 232626 1.0
1379 232698 1.0
1380 232792 1.0
1381 232881 1.0
1382 232974 1.0
1383 233088 1.0
1384 233188 1.0
1385 233289 1.0
1386 233357 1.0
1387 233454 1.0
1388 233556 1.0
1389 233692 1.0
1390 233770 1.0
1391 233874 1.0
1392 233974 1.0
1393 234069 1.0
1394 234155 1.0
1395 234255 1.0
1396 234353 1.0
1397 234440 1.0
1398 234597 1.0
1399 234691 1.0
1400 234801 1.0
1401 234898 1.0
1402 234989 1.0
1403 235211 1.0
1404 235305 1.0
1405 235404 1.0
1406 235485 1.0
1407 235593 1.0
1408 235706 1.0
1409 235791 1.0
1410 235894 1.0
1411 235982 1.0
1412 236065 1.0
1413 236156 1.0
1414 236254 1.0
1415 236339 1.0
1416 236416 1.0
1417 236491 1.0
1418 236593 1.0
1419 236681 1.0
1420 236793 1.0
1421 236892 1.0
1422 236975 1.0
1423 237081 1.0
1424 237149 1.0
1425 237238 1.0
1426 237348 1.0
1427 237432 1.0
1428 237517 1.0
1429 237607 1.0
1430 237676 1.0
1431 237790 1.0
1432 237908 1.0
1433 238021 1.0
1434 238111 1.0
1435 238215 1.0
1436 238339 1.0
1437 238423 1.0
1438 238539 1.0
1439 238613 1.0
1440 238710 1.0
1441 238892 1.0
1442 239028 1.0
1443 239110 1.0
1444 239222 1.0
1445 239288 1.0
1446 239391 1.0
1447 239455 1.0
1448 239560 1.0
1449 239639 1.0
1450 239739 1.0
1451 239837 1.0
1452 239969 1.0
1453 240050 1.0
1454 240132 1.0
1455 240246 1.0
1456 240323 1.0
1457 240442 1.0
1458 240524 1.0
1459 240608 1.0
1460 240730 1.0
1461 240806 1.0
1462 240878 1.0
1463 240983 1.0
1464 241099 1.0
1465 241192 1.0
1466 241265 1.0
1467 241357 1.0
1468 241440 1.0
1469 241593 1.0
1470 241681 1.0
1471 241855 1.0
1472 241947 1.0
1473 242025 1.0
1474 242111 1.0
1475 242193 1.0
1476 242287 1.0
1477 242403 1.0
1478 242529 1.0
1479 242631 1.0
1480 242698 1.0
1481 242802 1.0
1482 242906 1.0
1483 242992 1.0
1484 243093 1.0
1485 243190 1.0
1486 243303 1.0
1487 243394 1.0
1488 243465 1.0
1489 243548 1.0
1490 243652 1.0
1491 243776 1.0
1492 243889 1.0
1493 244014 1.0
1494 244098 1.0
1495 244201 1.0
1496 244299 1.0
1497 244380 1.0
1498 244460 1.0
1499 244550 1.0
1500 244673 1.0
1501 244758 1.0
1502 244827 1.0
1503 244936 1.0
1504 245050 1.0
1505 245143 1.0
1506 245255 1.0
1507 245364 1.0
1508 245470 1.0
1509 245572 1.0
1510 245691 1.0
1511 245838 1.0
1512 245953 1.0
1513 246087 1.0
1514 246177 1.0
1515 246283 1.0
1516 246402 1.0
1517 246485 1.0
1518 246583 1.0
1519 246677 1.0
1520 246754 1.0
1521 246863 1.0
1522 246954 1.0
1523 247028 1.0
1524 247120 1.0
1525 247187 1.0
1526 247288 1.0
1527 247433 1.0
1528 247534 1.0
1529 247656 1.0
1530 247731 1.0
1531 247810 1.0
1532 247924 1.0
1533 248027 1.0
1534 248157 1.0
1535 248256 1.0
1536 248374 1.0
1537 248443 1.0
1538 248524 1.0
1539 248637 1.0
1540 248744 1.0
1541 248876 1.0
1542 248986 1.0
1543 249091 1.0
1544 249188 1.0
1545 249265 1.0
1546 249358 1.0
1547 249437 1.0
1548 249500 1.0
1549 249616 1.0
1550 249729 1.0
1551 249844 1.0
1552 249926 1.0
1553 250037 1.0
1554 250135 1.0
1555 250228 1.0
1556 250353 1.0
1557 250475 1.0
1558 250581 1.0
1559 250666 1.0
1560 250774 1.0
1561 250881 1.0
1562 250953 1.0
1563 251051 1.0
1564 251157 1.0
1565 251273 1.0
1566 251369 1.0
1567 251462 1.0
1568 251576 1.0
1569 251686 1.0
1570 251780 1.0
1571 251917 1.0
1572 251991 1.0
1573 252088 1.0
1574 252167 1.0
1575 252268 1.0
1576 252357 1.0
1577 252464 1.0
1578 252558 1.0
1579 252667 1.0
1580 252770 1.0
1581 252840 1.0
1582 252925 1.0
1583 253032 1.0
1584 253109 1.0
1585 253177 1.0
1586 253268 1.0
1587 253380 1.0
1588 253517 1.0
1589 253605 1.0
1590 253668 1.0
1591 253768 1.0
1592 253865 1.0
1593 253990 1.0
1594 254069 1.0
1595 254144 1.0
1596 254263 1.0
1597 254327 1.0
1598 254452 1.0
1599 254537 1.0
1600 254605 1.0
1601 254725 1.0
1602 254844 1.0
1603 254929 1.0
1604 255041 1.0
1605 255122 1.0
1606 255229 1.0
1607 255328 1.0
1608 255418 1.0
1609 255531 1.0
1610 255607 1.0
1611 255709 1.0
1612 255862 1.0
1613 255966 1.0
1614 256037 1.0
1615 256168 1.0
1616 256244 1.0
1617 256340 1.0
1618 256463 1.0
1619 256544 1.0
1620 256622 1.0
1621 256710 1.0
1622 256797 1.0
1623 256900 1.0
1624 256993 1.0
1625 257093 1.0
1626 257177 1.0
1627 257251 1.0
1628 257353 1.0
1629 257430 1.0
1630 257537 1.0
1631 257620 1.0
1632 257729 1.0
1633 257810 1.0
1634 257917 1.0
1635 258009 1.0
1636 258096 1.0
1637 258170 1.0
1638 258241 1.0
1639 258330 1.0
1640 258444 1.0
1641 258555 1.0
1642 258636 1.0
1643 258756 1.0
1644 258828 1.0
1645 258892 1.0
1646 258963 1.0
1647 259067 1.0
1648 259136 1.0
1649 259267 1.0
1650 259324 1.0
1651 259380 1.0
1652 259460 1.0
1653 259578 1.0
1654 259647 1.0
1655 259762 1.0
1656 259877 1.0
1657 260050 1.0
1658 260126 1.0
1659 260225 1.0
1660 260289 1.0
1661 260381 1.0
1662 260466 1.0
1663 260566 1.0
1664 260699 1.0
1665 260813 1.0
1666 260919 1.0
1667 260998 1.0
1668 261094 1.0
1669 261178 1.0
1670 261267 1.0
1671 261382 1.0
1672 261495 1.0
1673 261577 1.0
1674 261690 1.0
1675 261774 1.0
1676 261851 1.0
1677 261964 1.0
1678 262053 1.0
1679 262174 1.0
1680 262257 1.0
1681 262382 1.0
1682 262498 1.0
1683 262586 1.0
1684 262673 1.0
1685 262746 1.0
1686 262819 1.0
1687 262888 1.0
1688 262987 1.0
1689 263056 1.0
1690 263201 1.0
1691 263277 1.0
1692 263363 1.0
1693 263479 1.0
1694 263564 1.0
1695 263657 1.0
1696 263717 1.0
1697 263778 1.0
1698 263879 1.0
1699 263968 1.0
1700 264039 1.0
1701 264155 1.0
1702 264255 1.0
1703 264348 1.0
1704 264455 1.0
1705 264577 1.0
1706 264710 1.0
1707 264803 1.0
1708 264881 1.0
1709 264970 1.0
1710 265059 1.0
1711 265148 1.0
1712 265238 1.0
1713 265335 1.0
1714 265418 1.0
1715 265499 1.0
1716 265592 1.0
1717 265697 1.0
1718 265792 1.0
1719 265867 1.0
1720 265960 1.0
1721 266032 1.0
1722 266114 1.0
1723 266192 1.0
1724 266317 1.0
1725 266387 1.0
1726 266487 1.0
1727 266587 1.0
1728 266707 1.0
1729 266791 1.0
1730 266867 1.0
1731 266926 1.0
1732 267017 1.0
1733 267104 1.0
1734 267176 1.0
1735 267308 1.0
1736 267390 1.0
1737 267499 1.0
1738 267586 1.0
1739 267689 1.0
1740 267750 1.0
1741 267821 1.0
1742 267914 1.0
1743 267989 1.0
1744 268059 1.0
1745 268166 1.0
1746 268248 1.0
1747 268336 1.0
1748 268419 1.0
1749 268506 1.0
1750 268618 1.0
1751 268705 1.0
1752 268787 1.0
1753 268884 1.0
1754 268976 1.0
1755 269049 1.0
1756 269142 1.0
1757 269236 1.0
1758 269316 1.0
1759 269398 1.0
1760 269496 1.0
1761 269592 1.0
1762 269727 1.0
1763 269835 1.0
1764 269941 1.0
1765 270030 1.0
1766 270119 1.0
1767 270230 1.0
1768 270315 1.0
1769 270398 1.0
1770 270478 1.0
1771 270557 1.0
1772 270640 1.0
1773 270713 1.0
1774 270805 1.0
1775 270914 1.0
1776 271024 1.0
1777 271102 1.0
1778 271206 1.0
1779 271304 1.0
1780 271369 1.0
1781 271441 1.0
1782 271508 1.0
1783 271601 1.0
1784 271675 1.0
1785 271756 1.0
1786 271913 1.0
1787 272009 1.0
1788 272129 1.0
1789 272209 1.0
1790 272317 1.0
1791 272409 1.0
1792 272499 1.0
1793 272605 1.0
1794 272691 1.0
1795 272820 1.0
1796 272897 1.0
1797 273005 1.0
1798 273100 1.0
1799 273178 1.0
1800 273252 1.0
1801 273363 1.0
1802 273443 1.0
1803 273521 1.0
1804 273599 1.0
1805 273682 1.0
1806 273777 1.0
1807 273895 1.0
1808 274002 1.0
1809 274093 1.0
1810 274227 1.0
1811 274318 1.0
1812 274421 1.0
1813 274552 1.0
1814 274635 1.0
1815 274720 1.0
1816 274823 1.0
1817 274929 1.0
1818 275037 1.0
1819 275221 1.0
1820 275306 1.0
1821 275406 1.0
1822 275517 1.0
1823 275597 1.0
1824 275703 1.0
1825 275778 1.0
1826 275862 1.0
1827 275932 1.0
1828 276028 1.0
1829 276138 1.0
1830 276210 1.0
1831 276353 1.0
1832 276466 1.0
1833 276543 1.0
1834 276617 1.0
1835 276740 1.0
1836 276827 1.0
1837 276919 1.0
1838 277048 1.0
1839 277119 1.0
1840 277209 1.0
1841 277297 1.0
1842 277379 1.0
1843 277436 1.0
1844 277498 1.0
1845 277606 1.0
1846 277684 1.0
1847 277795 1.0
1848 277866 1.0
1849 277965 1.0
1850 278034 1.0
1851 278139 1.0
1852 278294 1.0
1853 278392 1.0
1854 278491 1.0
1855 278556 1.0
1856 278721 1.0
1857 278849 1.0
1858 278927 1.0
1859 279003 1.0
1860 279084 1.0
1861 279180 1.0
1862 279302 1.0
1863 279367 1.0
1864 279447 1.0
1865 279522 1.0
1866 279647 1.0
1867 279730 1.0
1868 279836 1.0
1869 279912 1.0
1870 280031 1.0
1871 280149 1.0
1872 280244 1.0
1873 280338 1.0
1874 280417 1.0
1875 280489 1.0
1876 280589 1.0
1877 280699 1.0
1878 280800 1.0
1879 280866 1.0
1880 280968 1.0
1881 281056 1.0
1882 281153 1.0
1883 281291 1.0
1884 281365 1.0
1885 281440 1.0
1886 281530 1.0
1887 281650 1.0
1888 281727 1.0
1889 281816 1.0
1890 281929 1.0
1891 282000 1.0
1892 282096 1.0
1893 282169 1.0
1894 282266 1.0
1895 282340 1.0
1896 282431 1.0
1897 282504 1.0
1898 282570 1.0
1899 282663 1.0
1900 282751 1.0
1901 282836 1.0
1902 282965 1.0
1903 283098 1.0
1904 283183 1.0
1905 283271 1.0
1906 283340 1.0
1907 283398 1.0
1908 283508 1.0
1909 283594 1.0
1910 283691 1.0
1911 283773 1.0
1912 283857 1.0
1913 283921 1.0
1914 284012 1.0
1915 284117 1.0
1916 284203 1.0
1917 284265 1.0
1918 284361 1.0
1919 284447 1.0
1920 284522 1.0
1921 284607 1.0
1922 284731 1.0
1923 284808 1.0
1924 284870 1.0
1925 284953 1.0
1926 285044 1.0
1927 285126 1.0
1928 285228 1.0
1929 285303 1.0
1930 285405 1.0
1931 285486 1.0
1932 285593 1.0
1933 285701 1.0
1934 285810 1.0
1935 285891 1.0
1936 285989 1.0
1937 286077 1.0
1938 286172 1.0
1939 286276 1.0
1940 286380 1.0
1941 286487 1.0
1942 286569 1.0
1943 286670 1.0
1944 286750 1.0
1945 286830 1.0
1946 286911 1.0
1947 287009 1.0
1948 287112 1.0
1949 287183 1.0
1950 287290 1.0
1951 287373 1.0
1952 287449 1.0
1953 287541 1.0
1954 287620 1.0
1955 287706 1.0
1956 287794 1.0
1957 287878 1.0
1958 287974 1.0
1959 288094 1.0
1960 288156 1.0
1961 288267 1.0
1962 288337 1.0
1963 288393 1.0
1964 288497 1.0
1965 288598 1.0
1966 288678 1.0
1967 288765 1.0
1968 288854 1.0
1969 288981 1.0
1970 289054 1.0
1971 289176 1.0
1972 289252 1.0
1973 289325 1.0
1974 289419 1.0
1975 289515 1.0
1976 289619 1.0
1977 289730 1.0
1978 289812 1.0
1979 289917 1.0
1980 290046 1.0
1981 290119 1.0
1982 290176 1.0
1983 290283 1.0
1984 290382 1.0
1985 290477 1.0
1986 290581 1.0
1987 290678 1.0
1988 290758 1.0
1989 290821 1.0
1990 290905 1.0
1991 290982 1.0
1992 291086 1.0
1993 291153 1.0
1994 291228 1.0
1995 291342 1.0
1996 291462 1.0
1997 291543 1.0
1998 291643 1.0
1999 291774 1.0
2000 291868 1.0
2001 291957 1.0
2002 292034 1.0
2003 292143 1.0
2004 292233 1.0
2005 292329 1.0
2006 292423 1.0
2007 292509 1.0
2008 292608 1.0
2009 292704 1.0
2010 292794 1.0
2011 292913 1.0
2012 293009 1.0
2013 293085 1.0
2014 293163 1.0
2015 293251 1.0
2016 293351 1.0
2017 293445 1.0
2018 293584 1.0
2019 293690 1.0
2020 293771 1.0
2021 293872 1.0
2022 293985 1.0
2023 294064 1.0
2024 294137 1.0
2025 294249 1.0
2026 294344 1.0
2027 294474 1.0
2028 294544 1.0
2029 294665 1.0
2030 294750 1.0
2031 294851 1.0
2032 294940 1.0
2033 295038 1.0
2034 295131 1.0
2035 295217 1.0
2036 295326 1.0
2037 295417 1.0
2038 295504 1.0
2039 295578 1.0
2040 295669 1.0
2041 295759 1.0
2042 295882 1.0
2043 295971 1.0
2044 296062 1.0
2045 296135 1.0
2046 296226 1.0
2047 296336 1.0
2048 296417 1.0
2049 296496 1.0
2050 296575 1.0
2051 296675 1.0
2052 296764 1.0
2053 296888 1.0
2054 296963 1.0
2055 297044 1.0
2056 297111 1.0
2057 297242 1.0
2058 297334 1.0
2059 297401 1.0
2060 297478 1.0
2061 297560 1.0
2062 297653 1.0
2063 297739 1.0
2064 297825 1.0
2065 297916 1.0
2066 298021 1.0
2067 298113 1.0
2068 298199 1.0
2069 298312 1.0
2070 298459 1.0
2071 298543 1.0
2072 298670 1.0
2073 298750 1.0
2074 298845 1.0
2075 298920 1.0
2076 299064 1.0
2077 299159 1.0
2078 299238 1.0
2079 299319 1.0
2080 299422 1.0
2081 299491 1.0
2082 299567 1.0
2083 299654 1.0
2084 299757 1.0
2085 299864 1.0
2086 299971 1.0
2087 300101 1.0
2088 300193 1.0
2089 300277 1.0
2090 300394 1.0
2091 300490 1.0
2092 300565 1.0
2093 300636 1.0
2094 300720 1.0
2095 300797 1.0
2096 300867 1.0
2097 300981 1.0
2098 301054 1.0
2099 301170 1.0
2100 301258 1.0
2101 301335 1.0
2102 301415 1.0
2103 301524 1.0
2104 301584 1.0
2105 301674 1.0
2106 301761 1.0
2107 301849 1.0
2108 301948 1.0
2109 302027 1.0
2110 302099 1.0
2111 302193 1.0
2112 302291 1.0
2113 302366 1.0
2114 302454 1.0
2115 302516 1.0
2116 302591 1.0
2117 302722 1.0
2118 302819 1.0
2119 302901 1.0
2120 302998 1.0
2121 303104 1.0
2122 303194 1.0
2123 303280 1.0
2124 303349 1.0
2125 303489 1.0
2126 303593 1.0
2127 303713 1.0
2128 303791 1.0
2129 303896 1.0
2130 303963 1.0
2131 304035 1.0
2132 304119 1.0
2133 304233 1.0
2134 304330 1.0
2135 304408 1.0
2136 304503 1.0
2137 304576 1.0
2138 304668 1.0
2139 304742 1.0
2140 304817 1.0
2141 304955 1.0
2142 305053 1.0
2143 305148 1.0
2144 305215 1.0
2145 305301 1.0
2146 305427 1.0
2147 305521 1.0
2148 305632 1.0
2149 305698 1.0
2150 305759 1.0
2151 305853 1.0
2152 305938 1.0
2153 306036 1.0
2154 306125 1.0
2155 306212 1.0
2156 306309 1.0
2157 306382 1.0
2158 306457 1.0
2159 306551 1.0
2160 306649 1.0
2161 306732 1.0
2162 306847 1.0
2163 306943 1.0
2164 307049 1.0
2165 307170 1.0
2166 307245 1.0
2167 307330 1.0
2168 307432 1.0
2169 307514 1.0
2170 307611 1.0
2171 307716 1.0
2172 307805 1.0
2173 307874 1.0
2174 307960 1.0
2175 308054 1.0
2176 308141 1.0
2177 308236 1.0
2178 308325 1.0
2179 308426 1.0
2180 308510 1.0
2181 308598 1.0
2182 308683 1.0
2183 308812 1.0
2184 308892 1.0
2185 309015 1.0
2186 309090 1.0
2187 309183 1.0
2188 309266 1.0
2189 309361 1.0
2190 309496 1.0
2191 309589 1.0
2192 309669 1.0
2193 309803 1.0
2194 309918 1.0
2195 310016 1.0
2196 310078 1.0
2197 310144 1.0
2198 310229 1.0
2199 310302 1.0
2200 310405 1.0
2201 310482 1.0
2202 310611 1.0
2203 310706 1.0
2204 310784 1.0
2205 310856 1.0
2206 310929 1.0
2207 311051 1.0
2208 311141 1.0
2209 311254 1.0
2210 311349 1.0
2211 311432 1.0
2212 311535 1.0
2213 311602 1.0
2214 311674 1.0
2215 311767 1.0
2216 311852 1.0
2217 311963 1.0
2218 312069 1.0
2219 312221 1.0
2220 312297 1.0
2221 312358 1.0
2222 312448 1.0
2223 312554 1.0
2224 312652 1.0
2225 312710 1.0
2226 312816 1.0
2227 312913 1.0
2228 313000 1.0
2229 313107 1.0
2230 313200 1.0
2231 313255 1.0
2232 313333 1.0
2233 313454 1.0
2234 313549 1.0
2235 313634 1.0
2236 313721 1.0
2237 313812 1.0
2238 313899 1.0
2239 313990 1.0
2240 314095 1.0
2241 314221 1.0
2242 314302 1.0
2243 314432 1.0
2244 314529 1.0
2245 314627 1.0
2246 314714 1.0
2247 314786 1.0
2248 314932 1.0
2249 315059 1.0
2250 315143 1.0
2251 315225 1.0
2252 315382 1.0
2253 315470 1.0
2254 315576 1.0
2255 315657 1.0
2256 315737 1.0
2257 315804 1.0
2258 315875 1.0
2259 315957 1.0
2260 316053 1.0
2261 316133 1.0
2262 316201 1.0
2263 316274 1.0
2264 316355 1.0
2265 316497 1.0
2266 316641 1.0
2267 316745 1.0
2268 316819 1.0
2269 316902 1.0
2270 317012 1.0
2271 317103 1.0
2272 317193 1.0
2273 317260 1.0
2274 317365 1.0
2275 317431 1.0
2276 317532 1.0
2277 317664 1.0
2278 317729 1.0
2279 317842 1.0
2280 317931 1.0
2281 318051 1.0
2282 318140 1.0
2283 318198 1.0
2284 318283 1.0
2285 318384 1.0
2286 318456 1.0
2287 318530 1.0
2288 318611 1.0
2289 318705 1.0
2290 318793 1.0
2291 318845 1.0
2292 318959 1.0
2293 319071 1.0
2294 319160 1.0
2295 319239 1.0
2296 319344 1.0
2297 319431 1.0
2298 319542 1.0
2299 319626 1.0
2300 319708 1.0
2301 319790 1.0
2302 319895 1.0
2303 320000 1.0
2304 320074 1.0
2305 320216 1.0
2306 320277 1.0
2307 320403 1.0
2308 320516 1.0
2309 320631 1.0
2310 320716 1.0
2311 320795 1.0
2312 320854 1.0
2313 320958 1.0
2314 321022 1.0
2315 321105 1.0
2316 321190 1.0
2317 321295 1.0
2318 321365 1.0
2319 321446 1.0
2320 321562 1.0
2321 321645 1.0
2322 321709 1.0
2323 321801 1.0
2324 321904 1.0
2325 321968 1.0
2326 322071 1.0
2327 322173 1.0
2328 322261 1.0
2329 322331 1.0
2330 322411 1.0
2331 322516 1.0
2332 322592 1.0
2333 322684 1.0
2334 322796 1.0
2335 322862 1.0
2336 322941 1.0
2337 323046 1.0
2338 323122 1.0
2339 323252 1.0
2340 323325 1.0
2341 323412 1.0
2342 323507 1.0
2343 323589 1.0
2344 323647 1.0
2345 323713 1.0
2346 323812 1.0
2347 323909 1.0
2348 323991 1.0
2349 324061 1.0
2350 324179 1.0
2351 324272 1.0
2352 324388 1.0
2353 324463 1.0
2354 324553 1.0
2355 324637 1.0
2356 324707 1.0
2357 324818 1.0
2358 324888 1.0
2359 324951 1.0
2360 325048 1.0
2361 325146 1.0
2362 325223 1.0
2363 325314 1.0
2364 325431 1.0
2365 325511 1.0
2366 325599 1.0
2367 325691 1.0
2368 325753 1.0
2369 325830 1.0
2370 325936 1.0
2371 326007 1.0
2372 326085 1.0
2373 326164 1.0
2374 326265 1.0
2375 326349 1.0
2376 326431 1.0
2377 326521 1.0
2378 326606 1.0
2379 326701 1.0
2380 326792 1.0
2381 326879 1.0
2382 326969 1.0
2383 327044 1.0
2384 327124 1.0
2385 327191 1.0
2386 327260 1.0
2387 327351 1.0
2388 327421 1.0
2389 327501 1.0
2390 327583 1.0
2391 327677 1.0
2392 327766 1.0
2393 327860 1.0
2394 327948 1.0
2395 328082 1.0
2396 328166 1.0
2397 328270 1.0
2398 328344 1.0
2399 328415 1.0
2400 328538 1.0
2401 328621 1.0
2402 328693 1.0
2403 328767 1.0
2404 328838 1.0
2405 328945 1.0
2406 329005 1.0
2407 329141 1.0
2408 329214 1.0
2409 329286 1.0
2410 329406 1.0
2411 329533 1.0
2412 329596 1.0
2413 329695 1.0
2414 329765 1.0
2415 329834 1.0
2416 329903 1.0
2417 330027 1.0
2418 330101 1.0
2419 330177 1.0
2420 330253 1.0
2421 330353 1.0
2422 330427 1.0
2423 330502 1.0
2424 330626 1.0
2425 330711 1.0
2426 330776 1.0
2427 330856 1.0
2428 330985 1.0
2429 331083 1.0
2430 331174 1.0
2431 331254 1.0
2432 331359 1.0
2433 331438 1.0
2434 331522 1.0
2435 331612 1.0
2436 331696 1.0
2437 331776 1.0
2438 331862 1.0
2439 331968 1.0
2440 332067 1.0
2441 332168 1.0
2442 332245 1.0
2443 332331 1.0
2444 332428 1.0
2445 332553 1.0
2446 332616 1.0
2447 332738 1.0
2448 332839 1.0
2449 332925 1.0
2450 332997 1.0
2451 333053 1.0
2452 333132 1.0
2453 333212 1.0
2454 333302 1.0
2455 333405 1.0
2456 333498 1.0
2457 333577 1.0
2458 333651 1.0
2459 333728 1.0
2460 333807 1.0
2461 333894 1.0
2462 334038 1.0
2463 334126 1.0
2464 334203 1.0
2465 334289 1.0
2466 334397 1.0
2467 334492 1.0
2468 334604 1.0
2469 334687 1.0
2470 334777 1.0
2471 334876 1.0
2472 334983 1.0
2473 335101 1.0
2474 335174 1.0
2475 335251 1.0
2476 335332 1.0
2477 335411 1.0
2478 335524 1.0
2479 335624 1.0
2480 335704 1.0
2481 335778 1.0
2482 335859 1.0
2483 335924 1.0
2484 336004 1.0
2485 336114 1.0
2486 336173 1.0
2487 336263 1.0
2488 336354 1.0
2489 336430 1.0
2490 336507 1.0
2491 336582 1.0
2492 336658 1.0
2493 336758 1.0
2494 336852 1.0
2495 336940 1.0
2496 337022 1.0
2497 337108 1.0
2498 337232 1.0
2499 337307 1.0
2500 337384 1.0
2501 337517 1.0
2502 337602 1.0
2503 337720 1.0
2504 337817 1.0
2505 337893 1.0
2506 337971 1.0
2507 338053 1.0
2508 338133 1.0
2509 338203 1.0
2510 338315 1.0
2511 338393 1.0
2512 338488 1.0
2513 338563 1.0
2514 338657 1.0
2515 338744 1.0
2516 338823 1.0
2517 338902 1.0
2518 338982 1.0
2519 339068 1.0
2520 339180 1.0
2521 339265 1.0
2522 339391 1.0
2523 339465 1.0
2524 339548 1.0
2525 339660 1.0
2526 339739 1.0
2527 339859 1.0
2528 339951 1.0
2529 340044 1.0
2530 340147 1.0
2531 340255 1.0
2532 340333 1.0
2533 340411 1.0
2534 340486 1.0
2535 340564 1.0
2536 340644 1.0
2537 340747 1.0
2538 340830 1.0
2539 340935 1.0
2540 341036 1.0
2541 341113 1.0
2542 341171 1.0
2543 341273 1.0
2544 341336 1.0
2545 341407 1.0
2546 341491 1.0
2547 341581 1.0
2548 341675 1.0
2549 341764 1.0
2550 341842 1.0
2551 341906 1.0
2552 342004 1.0
2553 342085 1.0
2554 342189 1.0
2555 342272 1.0
2556 342354 1.0
2557 342426 1.0
2558 342528 1.0
2559 342630 1.0
2560 342745 1.0
2561 342832 1.0
2562 342920 1.0
2563 343017 1.0
2564 343072 1.0
2565 343152 1.0
2566 343237 1.0
2567 343306 1.0
2568 343371 1.0
2569 343480 1.0
2570 343569 1.0
2571 343655 1.0
2572 343749 1.0
2573 343839 1.0
2574 343926 1.0
2575 344016 1.0
2576 344099 1.0
2577 344249 1.0
2578 344348 1.0
2579 344432 1.0
2580 344543 1.0
2581 344623 1.0
2582 344719 1.0
2583 344798 1.0
2584 344870 1.0
2585 344967 1.0
2586 345099 1.0
2587 345178 1.0
2588 345251 1.0
2589 345317 1.0
2590 345390 1.0
2591 345471 1.0
2592 345587 1.0
2593 345685 1.0
2594 345788 1.0
2595 345860 1.0
2596 345983 1.0
2597 346047 1.0
2598 346133 1.0
2599 346208 1.0
2600 346295 1.0
2601 346384 1.0
2602 346477 1.0
2603 346537 1.0
2604 346630 1.0
2605 346720 1.0
2606 346809 1.0
2607 346919 1.0
2608 346987 1.0
2609 347074 1.0
2610 347164 1.0
2611 347234 1.0
2612 347319 1.0
2613 347413 1.0
2614 347479 1.0
2615 347581 1.0
2616 347652 1.0
2617 347743 1.0
2618 347842 1.0
2619 347939 1.0
2620 348023 1.0
2621 348133 1.0
2622 348228 1.0
2623 348288 1.0
2624 348359 1.0
2625 348449 1.0
2626 348523 1.0
2627 348600 1.0
2628 348702 1.0
2629 348845 1.0
2630 348914 1.0
2631 349011 1.0
2632 349096 1.0
2633 349173 1.0
2634 349251 1.0
2635 349369 1.0
2636 349428 1.0
2637 349494 1.0
2638 349581 1.0
2639 349683 1.0
2640 349759 1.0
2641 349863 1.0
2642 349979 1.0
2643 350056 1.0
2644 350145 1.0
2645 350255 1.0
2646 350364 1.0
2647 350442 1.0
2648 350506 1.0
2649 350583 1.0
2650 350695 1.0
2651 350799 1.0
2652 350888 1.0
2653 351040 1.0
2654 351143 1.0
2655 351262 1.0
2656 351352 1.0
2657 351413 1.0
2658 351489 1.0
2659 351554 1.0
2660 351621 1.0
2661 351726 1.0
2662 351793 1.0
2663 351865 1.0
2664 352002 1.0
2665 352103 1.0
2666 352189 1.0
2667 352281 1.0
2668 352387 1.0
2669 352471 1.0
2670 352555 1.0
2671 352659 1.0
2672 352742 1.0
2673 352809 1.0
2674 352898 1.0
2675 352962 1.0
2676 353056 1.0
2677 353124 1.0
2678 353242 1.0
2679 353329 1.0
2680 353418 1.0
2681 353497 1.0
2682 353590 1.0
2683 353650 1.0
2684 353752 1.0
2685 353810 1.0
2686 353892 1.0
2687 353996 1.0
2688 354082 1.0
2689 354153 1.0
2690 354221 1.0
2691 354294 1.0
2692 354377 1.0
2693 354510 1.0
2694 354579 1.0
2695 354666 1.0
2696 354748 1.0
2697 354818 1.0
2698 354902 1.0
2699 354988 1.0
2700 355093 1.0
2701 355201 1.0
2702 355300 1.0
2703 355388 1.0
2704 355447 1.0
2705 355523 1.0
2706 355591 1.0
2707 355667 1.0
2708 355737 1.0
2709 355863 1.0
2710 355951 1.0
2711 356033 1.0
2712 356123 1.0
2713 356199 1.0
2714 356301 1.0
2715 356397 1.0
2716 356475 1.0
2717 356553 1.0
2718 356633 1.0
2719 356727 1.0
2720 356806 1.0
2721 356874 1.0
2722 356952 1.0
2723 357029 1.0
2724 357126 1.0
2725 357213 1.0
2726 357304 1.0
2727 357362 1.0
2728 357438 1.0
2729 357504 1.0
2730 357579 1.0
2731 357664 1.0
2732 357779 1.0
2733 357868 1.0
2734 357947 1.0
2735 358044 1.0
2736 358115 1.0
2737 358208 1.0
2738 358300 1.0
2739 358377 1.0
2740 358440 1.0
2741 358517 1.0
2742 358586 1.0
2743 358669 1.0
2744 358750 1.0
2745 358819 1.0
2746 358893 1.0
2747 358979 1.0
2748 359072 1.0
2749 359156 1.0
2750 359229 1.0
2751 359333 1.0
2752 359492 1.0
2753 359574 1.0
2754 359642 1.0
2755 359719 1.0
2756 359827 1.0
2757 359915 1.0
2758 360032 1.0
2759 360092 1.0
2760 360160 1.0
2761 360259 1.0
2762 360342 1.0
2763 360427 1.0
2764 360502 1.0
2765 360593 1.0
2766 360683 1.0
2767 360785 1.0
2768 360858 1.0
2769 360940 1.0
2770 361042 1.0
2771 361127 1.0
2772 361193 1.0
2773 361287 1.0
2774 361354 1.0
2775 361453 1.0
2776 361540 1.0
2777 361623 1.0
2778 361729 1.0
2779 361808 1.0
2780 361868 1.0
2781 361936 1.0
2782 362043 1.0
2783 362105 1.0
2784 362194 1.0
2785 362281 1.0
2786 362349 1.0
2787 362420 1.0
2788 362519 1.0
2789 362596 1.0
2790 362672 1.0
2791 362727 1.0
2792 362812 1.0
2793 362875 1.0
2794 362960 1.0
2795 363049 1.0
2796 363116 1.0
2797 363201 1.0
2798 363281 1.0
2799 363361 1.0
2800 363442 1.0
2801 363529 1.0
2802 363640 1.0
2803 363720 1.0
2804 363816 1.0
2805 363886 1.0
2806 363946 1.0
2807 364028 1.0
2808 364108 1.0
2809 364201 1.0
2810 364273 1.0
2811 364363 1.0
2812 364451 1.0
2813 364552 1.0
2814 364637 1.0
2815 364752 1.0
2816 364836 1.0
2817 365005 1.0
2818 365094 1.0
2819 365201 1.0
2820 365278 1.0
2821 365358 1.0
2822 365427 1.0
2823 365503 1.0
2824 365618 1.0
2825 365683 1.0
2826 365761 1.0
2827 365858 1.0
2828 365935 1.0
2829 366006 1.0
2830 366081 1.0
2831 366193 1.0
2832 366284 1.0
2833 366384 1.0
2834 366453 1.0
2835 366544 1.0
2836 366632 1.0
2837 366734 1.0
2838 366809 1.0
2839 366891 1.0
2840 366981 1.0
2841 367073 1.0
2842 367142 1.0
2843 367214 1.0
2844 367298 1.0
2845 367383 1.0
2846 367483 1.0
2847 367567 1.0
2848 367633 1.0
2849 367708 1.0
2850 367799 1.0
2851 367901 1.0
2852 367995 1.0
2853 368052 1.0
2854 368120 1.0
2855 368212 1.0
2856 368277 1.0
2857 368351 1.0
2858 368421 1.0
2859 368503 1.0
2860 368578 1.0
2861 368651 1.0
2862 368769 1.0
2863 368827 1.0
2864 368928 1.0
2865 369016 1.0
2866 369155 1.0
2867 369243 1.0
2868 369343 1.0
2869 369409 1.0
2870 369507 1.0
2871 369591 1.0
2872 369676 1.0
2873 369771 1.0
2874 369854 1.0
2875 369947 1.0
2876 370055 1.0
2877 370132 1.0
2878 370201 1.0
2879 370307 1.0
2880 370377 1.0
2881 370462 1.0
2882 370544 1.0
2883 370609 1.0
2884 370675 1.0
2885 370757 1.0
2886 370831 1.0
2887 370928 1.0
2888 370990 1.0
2889 371049 1.0
2890 371150 1.0
2891 371225 1.0
2892 371346 1.0
2893 371422 1.0
2894 371481 1.0
2895 371560 1.0
2896 371682 1.0
2897 371767 1.0
2898 371871 1.0
2899 371988 1.0
2900 372053 1.0
2901 372121 1.0
2902 372201 1.0
2903 372299 1.0
2904 372383 1.0
2905 372475 1.0
2906 372538 1.0
2907 372648 1.0
2908 372737 1.0
2909 372810 1.0
2910 372896 1.0
2911 372981 1.0
2912 373066 1.0
2913 373160 1.0
2914 373248 1.0
2915 373319 1.0
2916 373412 1.0
2917 373523 1.0
2918 373593 1.0
2919 373716 1.0
2920 373787 1.0
2921 373858 1.0
2922 373927 1.0
2923 373997 1.0
2924 374071 1.0
2925 374145 1.0
2926 374236 1.0
2927 374301 1.0
2928 374401 1.0
2929 374476 1.0
2930 374539 1.0
2931 374663 1.0
2932 374784 1.0
2933 374861 1.0
2934 374926 1.0
2935 375019 1.0
2936 375104 1.0
2937 375210 1.0
2938 375279 1.0
2939 375350 1.0
2940 375459 1.0
2941 375530 1.0
2942 375596 1.0
2943 375690 1.0
2944 375756 1.0
2945 375867 1.0
2946 375949 1.0
2947 376014 1.0
2948 376113 1.0
2949 376244 1.0
2950 376342 1.0
2951 376401 1.0
2952 376472 1.0
2953 376560 1.0
2954 376630 1.0
2955 376690 1.0
2956 376772 1.0
2957 376834 1.0
2958 376910 1.0
2959 376985 1.0
2960 377107 1.0
2961 377177 1.0
2962 377272 1.0
2963 377394 1.0
2964 377462 1.0
2965 377583 1.0
2966 377679 1.0
2967 377770 1.0
2968 377878 1.0
2969 377940 1.0
2970 378026 1.0
2971 378112 1.0
2972 378192 1.0
2973 378271 1.0
2974 378369 1.0
2975 378466 1.0
2976 378584 1.0
2977 378675 1.0
2978 378754 1.0
2979 378842 1.0
2980 378921 1.0
2981 379036 1.0
2982 379127 1.0
2983 379240 1.0
2984 379318 1.0
2985 379388 1.0
2986 379487 1.0
2987 379571 1.0
2988 379647 1.0
2989 379742 1.0
2990 379834 1.0
2991 379944 1.0
2992 380019 1.0
2993 380095 1.0
2994 380195 1.0
2995 380269 1.0
2996 380365 1.0
2997 380451 1.0
2998 380511 1.0
2999 380582 1.0
3000 380668 1.0
3001 380758 1.0
3002 380834 1.0
3003 380905 1.0
3004 380978 1.0
3005 381082 1.0
3006 381171 1.0
3007 381247 1.0
3008 381311 1.0
3009 381424 1.0
3010 381486 1.0
3011 381585 1.0
3012 381675 1.0
3013 381751 1.0
3014 381845 1.0
3015 381940 1.0
3016 382025 1.0
3017 382137 1.0
3018 382211 1.0
3019 382278 1.0
3020 382347 1.0
3021 382434 1.0
3022 382504 1.0
3023 382595 1.0
3024 382676 1.0
3025 382753 1.0
3026 382831 1.0
3027 382924 1.0
3028 382999 1.0
3029 383058 1.0
3030 383169 1.0
3031 383282 1.0
3032 383361 1.0
3033 383448 1.0
3034 383518 1.0
3035 383633 1.0
3036 383702 1.0
3037 383805 1.0
3038 383879 1.0
3039 383959 1.0
3040 384030 1.0
3041 384119 1.0
3042 384222 1.0
3043 384320 1.0
3044 384454 1.0
3045 384545 1.0
3046 384635 1.0
3047 384741 1.0
3048 384811 1.0
3049 384869 1.0
3050 384954 1.0
3051 385019 1.0
3052 385098 1.0
3053 385179 1.0
3054 385282 1.0
3055 385360 1.0
3056 385454 1.0
3057 385523 1.0
3058 385602 1.0
3059 385702 1.0
3060 385792 1.0
3061 385869 1.0
3062 385990 1.0
3063 386066 1.0
3064 386133 1.0
3065 386222 1.0
3066 386291 1.0
3067 386357 1.0
3068 386444 1.0
3069 386528 1.0
3070 386616 1.0
3071 386701 1.0
3072 386787 1.0
3073 386855 1.0
3074 386931 1.0
3075 387002 1.0
3076 387063 1.0
3077 387138 1.0
3078 387216 1.0
3079 387301 1.0
3080 387370 1.0
3081 387441 1.0
3082 387558 1.0
3083 387664 1.0
3084 387741 1.0
3085 387833 1.0
3086 387928 1.0
3087 388029 1.0
3088 388111 1.0
3089 388242 1.0
3090 388314 1.0
3091 388428 1.0
3092 388489 1.0
3093 388585 1.0
3094 388689 1.0
3095 388810 1.0
3096 388898 1.0
3097 388981 1.0
3098 389054 1.0
3099 389156 1.0
3100 389218 1.0
3101 389288 1.0
3102 389401 1.0
3103 389498 1.0
3104 389575 1.0
3105 389661 1.0
3106 389740 1.0
3107 389829 1.0
3108 389914 1.0
3109 389988 1.0
3110 390068 1.0
3111 390154 1.0
3112 390220 1.0
3113 390331 1.0
3114 390445 1.0
3115 390536 1.0
3116 390630 1.0
3117 390702 1.0
3118 390780 1.0
3119 390873 1.0
3120 390985 1.0
3121 391073 1.0
3122 391159 1.0
3123 391249 1.0
3124 391348 1.0
3125 391434 1.0
3126 391517 1.0
3127 391598 1.0
3128 391699 1.0
3129 391781 1.0
