1 300 1.0 0.01
2 600 0.0 0.01
3 900 0.0 0.01
4 1200 1.0 0.02
5 1500 0.0 0.02
6 1800 0.0 0.02
7 2100 0.0 0.02
8 2400 1.0 0.03
9 2700 1.0 0.04
10 3000 0.0 0.04
11 3300 1.0 0.05
12 3600 0.0 0.05
13 3900 0.0 0.05
14 4200 0.0 0.05
15 4500 0.0 0.05
16 4800 0.0 0.05
17 5100 0.0 0.05
18 5400 0.0 0.05
19 5700 1.0 0.06
20 6000 0.0 0.06
21 6300 1.0 0.07
22 6600 1.0 0.08
23 6900 1.0 0.09
24 7200 1.0 0.1
25 7500 1.0 0.11
26 7800 0.0 0.11
27 8100 1.0 0.12
28 8400 1.0 0.13
29 8700 1.0 0.14
30 9000 1.0 0.15
31 9300 1.0 0.16
32 9600 1.0 0.17
33 9900 1.0 0.18
34 10200 1.0 0.19
35 10500 1.0 0.2
36 10800 1.0 0.21
37 11100 1.0 0.22
38 11400 1.0 0.23
39 11700 1.0 0.24
40 12000 1.0 0.25
41 12300 1.0 0.26
42 12600 1.0 0.27
43 12900 1.0 0.28
44 13200 1.0 0.29
45 13500 1.0 0.3
46 13800 1.0 0.31
47 14100 1.0 0.32
48 14400 1.0 0.33
49 14700 1.0 0.34
50 15000 1.0 0.35
51 15300 1.0 0.36
52 15600 1.0 0.37
53 15900 1.0 0.38
54 16200 1.0 0.39
55 16500 1.0 0.4
56 16800 1.0 0.41
57 17100 1.0 0.42
58 17400 1.0 0.43
59 17700 1.0 0.44
60 18000 1.0 0.45
61 18300 1.0 0.46
62 18600 1.0 0.47
63 18900 1.0 0.48
64 19200 1.0 0.49
65 19500 2.0 0.51
66 19800 1.0 0.52
67 20100 1.0 0.53
68 20400 1.0 0.54
69 20700 1.0 0.55
70 21000 1.0 0.56
71 21300 1.0 0.57
72 21600 1.0 0.58
73 21900 1.0 0.59
74 22200 1.0 0.6
75 22500 1.0 0.61
76 22800 1.0 0.62
77 23100 2.0 0.64
78 23400 2.0 0.66
79 23700 2.0 0.68
80 24000 1.0 0.69
81 24300 2.0 0.71
82 24600 2.0 0.73
83 24900 1.0 0.74
84 25200 2.0 0.76
85 25500 1.0 0.77
86 25800 1.0 0.78
87 26100 1.0 0.79
88 26400 1.0 0.8
89 26700 1.0 0.81
90 26986 3.0 0.84
91 27286 2.0 0.86
92 27586 2.0 0.88
93 27886 1.0 0.89
94 28137 3.0 0.92
95 28437 1.0 0.93
96 28737 2.0 0.95
97 29037 2.0 0.97
98 29337 2.0 0.99
99 29637 2.0 1.01
100 29937 2.0 1.03
101 30140 3.0 1.05
102 30440 2.0 1.07
103 30740 2.0 1.09
104 30931 3.0 1.11
105 31231 2.0 1.13
106 31531 2.0 1.15
107 31831 2.0 1.17
108 32131 2.0 1.18
109 32431 2.0 1.19
110 32731 2.0 1.21
111 33031 2.0 1.22
112 33331 2.0 1.24
113 33600 3.0 1.27
114 33813 3.0 1.3
115 34026 3.0 1.33
116 34264 3.0 1.36
117 34418 3.0 1.39
118 34560 3.0 1.42
119 34747 3.0 1.44
120 35047 2.0 1.46
121 35234 3.0 1.48
122 35415 3.0 1.5
123 35676 3.0 1.52
124 35877 3.0 1.54
125 36119 3.0 1.56
126 36419 2.0 1.58
127 36719 2.0 1.59
128 36907 3.0 1.61
129 37207 2.0 1.62
130 37440 3.0 1.64
131 37702 3.0 1.66
132 37883 3.0 1.68
133 38183 1.0 1.68
134 38395 3.0 1.7
135 38532 3.0 1.72
136 38658 3.0 1.74
137 38852 3.0 1.76
138 38991 3.0 1.78
139 39181 3.0 1.8
140 39437 3.0 1.82
141 39697 3.0 1.84
142 39992 3.0 1.86
143 40228 3.0 1.88
144 40397 3.0 1.9
145 40696 3.0 1.92
146 40872 3.0 1.94
147 41121 3.0 1.96
148 41247 3.0 1.98
149 41498 3.0 2.0
150 41660 3.0 2.02
151 41853 3.0 2.04
152 42046 3.0 2.06
153 42203 3.0 2.08
154 42503 2.0 2.09
155 42665 3.0 2.11
156 42801 3.0 2.13
157 42946 3.0 2.15
158 43133 3.0 2.17
159 43295 3.0 2.19
160 43438 3.0 2.21
161 43538 3.0 2.23
162 43797 3.0 2.25
163 43905 3.0 2.27
164 44014 3.0 2.29
165 44117 3.0 2.3
166 44262 3.0 2.32
167 44496 3.0 2.34
168 44691 3.0 2.36
169 44872 3.0 2.38
170 45080 3.0 2.4
171 45275 3.0 2.42
172 45455 3.0 2.44
173 45679 3.0 2.46
174 45847 3.0 2.48
175 46000 3.0 2.5
176 46148 3.0 2.52
177 46275 3.0 2.53
178 46469 3.0 2.54
179 46695 3.0 2.55
180 46804 3.0 2.57
181 46938 3.0 2.58
182 47148 3.0 2.59
183 47284 3.0 2.61
184 47438 3.0 2.62
185 47569 3.0 2.64
186 47787 3.0 2.66
187 47873 3.0 2.68
188 48056 3.0 2.7
189 48291 3.0 2.72
190 48458 3.0 2.72
191 48634 3.0 2.73
192 48735 3.0 2.74
193 48832 3.0 2.76
194 48965 3.0 2.76
195 49082 3.0 2.78
196 49262 3.0 2.79
197 49416 3.0 2.8
198 49654 3.0 2.81
199 49805 3.0 2.82
200 49920 3.0 2.83
201 50025 3.0 2.83
202 50237 3.0 2.84
203 50333 3.0 2.85
204 50475 3.0 2.85
205 50635 3.0 2.86
206 50767 3.0 2.87
207 50860 3.0 2.88
208 50996 3.0 2.89
209 51181 3.0 2.9
210 51362 3.0 2.91
211 51593 3.0 2.92
212 51795 3.0 2.93
213 52025 3.0 2.93
214 52297 3.0 2.93
215 52510 3.0 2.93
216 52695 3.0 2.93
217 52799 3.0 2.93
218 52920 3.0 2.93
219 53044 3.0 2.93
220 53173 3.0 2.94
221 53315 3.0 2.94
222 53447 3.0 2.94
223 53662 3.0 2.94
224 53779 3.0 2.94
225 53939 3.0 2.94
226 54154 3.0 2.95
227 54316 3.0 2.96
228 54469 3.0 2.96
229 54659 3.0 2.97
230 54767 3.0 2.97
231 54943 3.0 2.97
232 55086 3.0 2.97
233 55229 3.0 2.99
234 55384 3.0 2.99
235 55528 3.0 2.99
236 55694 3.0 2.99
237 55881 3.0 2.99
238 56072 3.0 2.99
239 56226 3.0 2.99
240 56486 3.0 2.99
241 56624 3.0 2.99
242 56728 3.0 2.99
243 56893 3.0 2.99
244 57080 3.0 2.99
245 57227 3.0 2.99
246 57330 3.0 2.99
247 57490 3.0 2.99
248 57654 3.0 2.99
249 57794 3.0 2.99
250 57940 3.0 2.99
251 58075 3.0 2.99
252 58204 3.0 2.99
253 58346 3.0 2.99
254 58482 3.0 3.0
255 58654 3.0 3.0
256 58764 3.0 3.0
257 58893 3.0 3.0
258 58984 3.0 3.0
259 59084 3.0 3.0
260 59215 3.0 3.0
261 59373 3.0 3.0
262 59543 3.0 3.0
263 59649 3.0 3.0
264 59834 3.0 3.0
265 59952 3.0 3.0
266 60058 3.0 3.0
267 60174 3.0 3.0
268 60343 3.0 3.0
269 60451 3.0 3.0
270 60626 3.0 3.0
271 60763 3.0 3.0
272 60907 3.0 3.0
273 61078 3.0 3.0
274 61227 3.0 3.0
275 61475 3.0 3.0
276 61627 3.0 3.0
277 61717 3.0 3.0
278 61924 3.0 3.0
279 62074 3.0 3.0
280 62181 3.0 3.0
281 62304 3.0 3.0
282 62425 3.0 3.0
283 62526 3.0 3.0
284 62713 3.0 3.0
285 62964 3.0 3.0
286 63148 3.0 3.0
287 63249 3.0 3.0
288 63421 3.0 3.0
289 63521 3.0 3.0
290 63694 3.0 3.0
291 63806 3.0 3.0
292 63904 3.0 3.0
293 64021 3.0 3.0
294 64114 3.0 3.0
295 64241 3.0 3.0
296 64358 3.0 3.0
297 64480 3.0 3.0
298 64643 3.0 3.0
299 64728 3.0 3.0
300 64870 3.0 3.0
301 65030 3.0 3.0
302 65147 3.0 3.0
303 65241 3.0 3.0
304 65385 3.0 3.0
305 65476 3.0 3.0
306 65547 3.0 3.0
307 65674 3.0 3.0
308 65772 3.0 3.0
309 65868 3.0 3.0
310 65959 3.0 3.0
311 66074 3.0 3.0
312 66179 3.0 3.0
313 66262 3.0 3.0
314 66344 3.0 3.0
315 66423 3.0 3.0
316 66567 3.0 3.0
317 66704 3.0 3.0
318 66861 3.0 3.0
319 67012 3.0 3.0
320 67088 3.0 3.0
321 67233 3.0 3.0
322 67330 3.0 3.0
323 67501 3.0 3.0
324 67611 3.0 3.0
325 67725 3.0 3.0
326 67863 3.0 3.0
327 68038 3.0 3.0
328 68170 3.0 3.0
329 68314 3.0 3.0
330 68430 3.0 3.0
331 68539 3.0 3.0
332 68695 3.0 3.0
333 68793 3.0 3.0
334 68911 3.0 3.0
335 69083 3.0 3.0
336 69166 3.0 3.0
337 69320 3.0 3.0
338 69397 3.0 3.0
339 69525 3.0 3.0
340 69691 3.0 3.0
341 69801 3.0 3.0
342 69902 3.0 3.0
343 70074 3.0 3.0
344 70221 3.0 3.0
345 70411 3.0 3.0
346 70528 3.0 3.0
347 70707 3.0 3.0
348 70802 3.0 3.0
349 70899 3.0 3.0
350 71025 3.0 3.0
351 71183 3.0 3.0
352 71483 0.0 2.97
353 71607 3.0 2.97
354 71701 3.0 2.97
355 71779 3.0 2.97
356 71890 3.0 2.97
357 71974 3.0 2.97
358 72131 3.0 2.97
359 72304 3.0 2.97
360 72444 3.0 2.97
361 72573 3.0 2.97
362 72635 3.0 2.97
363 72753 3.0 2.97
364 72873 3.0 2.97
365 73028 3.0 2.97
366 73148 3.0 2.97
367 73316 3.0 2.97
368 73447 3.0 2.97
369 73580 3.0 2.97
370 73747 3.0 2.97
371 73907 3.0 2.97
372 74095 3.0 2.97
373 74261 3.0 2.97
374 74371 3.0 2.97
375 74548 3.0 2.97
376 74666 3.0 2.97
377 74799 3.0 2.97
378 75040 3.0 2.97
379 75154 3.0 2.97
380 75258 3.0 2.97
381 75389 3.0 2.97
382 75519 3.0 2.97
383 75660 3.0 2.97
384 75731 3.0 2.97
385 75856 3.0 2.97
386 76005 3.0 2.97
387 76179 3.0 2.97
388 76283 3.0 2.97
389 76440 3.0 2.97
390 76631 3.0 2.97
391 76708 3.0 2.97
392 76802 3.0 2.97
393 76951 3.0 2.97
394 77050 3.0 2.97
395 77200 3.0 2.97
396 77308 3.0 2.97
397 77383 3.0 2.97
398 77497 3.0 2.97
399 77608 3.0 2.97
400 77736 3.0 2.97
401 77844 3.0 2.97
402 77943 3.0 2.97
403 78058 3.0 2.97
404 78191 3.0 2.97
405 78302 3.0 2.97
406 78412 3.0 2.97
407 78551 3.0 2.97
408 78680 3.0 2.97
409 78789 3.0 2.97
410 78904 3.0 2.97
411 79023 3.0 2.97
412 79172 3.0 2.97
413 79348 3.0 2.97
414 79472 3.0 2.97
415 79585 3.0 2.97
416 79710 3.0 2.97
417 79848 3.0 2.97
418 79965 3.0 2.97
419 80073 3.0 2.97
420 80225 3.0 2.97
421 80327 3.0 2.97
422 80416 3.0 2.97
423 80678 3.0 2.97
424 80760 3.0 2.97
425 80863 3.0 2.97
426 80989 3.0 2.97
427 81074 3.0 2.97
428 81266 3.0 2.97
429 81394 3.0 2.97
430 81554 3.0 2.97
431 81653 3.0 2.97
432 81769 3.0 2.97
433 81903 3.0 2.97
434 81986 3.0 2.97
435 82149 3.0 2.97
436 82280 3.0 2.97
437 82396 3.0 2.97
438 82484 3.0 2.97
439 82689 3.0 2.97
440 82849 3.0 2.97
441 82979 3.0 2.97
442 83083 3.0 2.97
443 83202 3.0 2.97
444 83450 3.0 2.97
445 83577 3.0 2.97
446 83713 3.0 2.97
447 83843 3.0 2.97
448 84014 3.0 2.97
449 84149 3.0 2.97
450 84236 3.0 2.97
451 84332 3.0 2.97
452 84446 3.0 3.0
453 84534 3.0 3.0
454 84696 3.0 3.0
455 84841 3.0 3.0
456 84943 3.0 3.0
457 85018 3.0 3.0
458 85200 3.0 3.0
459 85322 3.0 3.0
460 85398 3.0 3.0
461 85528 3.0 3.0
462 85696 3.0 3.0
463 85793 3.0 3.0
464 85876 3.0 3.0
465 85973 3.0 3.0
466 86053 3.0 3.0
467 86163 3.0 3.0
468 86319 3.0 3.0
469 86476 3.0 3.0
470 86591 3.0 3.0
471 86677 3.0 3.0
472 86785 3.0 3.0
473 86908 3.0 3.0
474 87065 3.0 3.0
475 87151 3.0 3.0
476 87270 3.0 3.0
477 87375 3.0 3.0
478 87460 3.0 3.0
479 87531 3.0 3.0
480 87609 3.0 3.0
481 87723 3.0 3.0
482 87872 3.0 3.0
483 87967 3.0 3.0
484 88138 3.0 3.0
485 88268 3.0 3.0
486 88366 3.0 3.0
487 88488 3.0 3.0
488 88614 3.0 3.0
489 88816 3.0 3.0
490 88921 3.0 3.0
491 89018 3.0 3.0
492 89180 3.0 3.0
493 89293 3.0 3.0
494 89393 3.0 3.0
495 89521 3.0 3.0
496 89673 3.0 3.0
497 89752 3.0 3.0
498 89846 3.0 3.0
499 89916 3.0 3.0
500 90049 3.0 3.0
501 90181 3.0 3.0
502 90286 3.0 3.0
503 90408 3.0 3.0
504 90580 3.0 3.0
505 90689 3.0 3.0
506 90826 3.0 3.0
507 90937 3.0 3.0
508 91065 3.0 3.0
509 91171 3.0 3.0
510 91254 3.0 3.0
511 91390 3.0 3.0
512 91521 3.0 3.0
513 91653 3.0 3.0
514 91744 3.0 3.0
515 91878 3.0 3.0
516 92007 3.0 3.0
517 92165 3.0 3.0
518 92255 3.0 3.0
519 92320 3.0 3.0
520 92432 3.0 3.0
521 92565 3.0 3.0
522 92686 3.0 3.0
523 92841 3.0 3.0
524 92945 3.0 3.0
525 93046 3.0 3.0
526 93133 3.0 3.0
527 93264 3.0 3.0
528 93362 3.0 3.0
529 93507 3.0 3.0
530 93643 3.0 3.0
531 93808 3.0 3.0
532 93893 3.0 3.0
533 94050 3.0 3.0
534 94121 3.0 3.0
535 94208 3.0 3.0
536 94353 3.0 3.0
537 94475 3.0 3.0
538 94566 3.0 3.0
539 94705 3.0 3.0
540 94886 3.0 3.0
541 94990 3.0 3.0
542 95086 3.0 3.0
543 95180 3.0 3.0
544 95290 3.0 3.0
545 95365 3.0 3.0
546 95533 3.0 3.0
547 95613 3.0 3.0
548 95783 3.0 3.0
549 95883 3.0 3.0
550 96001 3.0 3.0
551 96154 3.0 3.0
552 96250 3.0 3.0
553 96326 3.0 3.0
554 96469 3.0 3.0
555 96591 3.0 3.0
556 96775 3.0 3.0
557 96875 3.0 3.0
558 96992 3.0 3.0
559 97084 3.0 3.0
560 97228 3.0 3.0
561 97328 3.0 3.0
562 97442 3.0 3.0
563 97537 3.0 3.0
564 97652 3.0 3.0
565 97747 3.0 3.0
566 97839 3.0 3.0
567 97919 3.0 3.0
568 98031 3.0 3.0
569 98148 3.0 3.0
570 98246 3.0 3.0
571 98327 3.0 3.0
572 98437 3.0 3.0
573 98566 3.0 3.0
574 98653 3.0 3.0
575 98776 3.0 3.0
576 98891 3.0 3.0
577 98979 3.0 3.0
578 99106 3.0 3.0
579 99227 3.0 3.0
580 99347 3.0 3.0
581 99462 3.0 3.0
582 99598 3.0 3.0
583 99700 3.0 3.0
584 99797 3.0 3.0
585 99916 3.0 3.0
586 100014 3.0 3.0
587 100126 3.0 3.0
588 100223 3.0 3.0
589 100329 3.0 3.0
590 100421 3.0 3.0
591 100496 3.0 3.0
592 100630 3.0 3.0
593 100727 3.0 3.0
594 100820 3.0 3.0
595 100921 3.0 3.0
596 101005 3.0 3.0
597 101128 3.0 3.0
598 101215 3.0 3.0
599 101306 3.0 3.0
600 101415 3.0 3.0
601 101501 3.0 3.0
602 101602 3.0 3.0
603 101719 3.0 3.0
604 101892 3.0 3.0
605 101987 3.0 3.0
606 102094 3.0 3.0
607 102211 3.0 3.0
608 102310 3.0 3.0
609 102463 3.0 3.0
610 102531 3.0 3.0
611 102654 3.0 3.0
612 102738 3.0 3.0
613 102835 3.0 3.0
614 102968 3.0 3.0
615 103058 3.0 3.0
616 103227 3.0 3.0
617 103296 3.0 3.0
618 103398 3.0 3.0
619 103498 3.0 3.0
620 103617 3.0 3.0
621 103736 3.0 3.0
622 103818 3.0 3.0
623 103924 3.0 3.0
624 104037 3.0 3.0
625 104180 3.0 3.0
626 104326 3.0 3.0
627 104466 3.0 3.0
628 104535 3.0 3.0
629 104631 3.0 3.0
630 104725 3.0 3.0
631 104826 3.0 3.0
632 104925 3.0 3.0
633 105061 3.0 3.0
634 105207 3.0 3.0
635 105306 3.0 3.0
636 105401 3.0 3.0
637 105501 3.0 3.0
638 105656 3.0 3.0
639 105800 3.0 3.0
640 105906 3.0 3.0
641 106053 3.0 3.0
642 106161 3.0 3.0
643 106238 3.0 3.0
644 106354 3.0 3.0
645 106424 3.0 3.0
646 106529 3.0 3.0
647 106649 3.0 3.0
648 106754 3.0 3.0
649 106890 3.0 3.0
650 107021 3.0 3.0
651 107128 3.0 3.0
652 107208 3.0 3.0
653 107358 3.0 3.0
654 107465 3.0 3.0
655 107555 3.0 3.0
656 107644 3.0 3.0
657 107779 3.0 3.0
658 107916 3.0 3.0
659 108010 3.0 3.0
660 108098 3.0 3.0
661 108187 3.0 3.0
662 108261 3.0 3.0
663 108348 3.0 3.0
664 108535 3.0 3.0
665 108613 3.0 3.0
666 108696 3.0 3.0
667 108811 3.0 3.0
668 108936 3.0 3.0
669 109026 3.0 3.0
670 109179 3.0 3.0
671 109292 3.0 3.0
672 109465 3.0 3.0
673 109640 3.0 3.0
674 109761 3.0 3.0
675 109866 3.0 3.0
676 109968 3.0 3.0
677 110057 3.0 3.0
678 110186 3.0 3.0
679 110327 3.0 3.0
680 110406 3.0 3.0
681 110573 3.0 3.0
682 110701 3.0 3.0
683 110763 3.0 3.0
684 110926 3.0 3.0
685 111084 3.0 3.0
686 111184 3.0 3.0
687 111317 3.0 3.0
688 111399 3.0 3.0
689 111471 3.0 3.0
690 111562 3.0 3.0
691 111679 3.0 3.0
692 111834 3.0 3.0
693 111918 3.0 3.0
694 112028 3.0 3.0
695 112133 3.0 3.0
696 112212 3.0 3.0
697 112321 3.0 3.0
698 112409 3.0 3.0
699 112511 3.0 3.0
700 112619 3.0 3.0
701 112674 3.0 3.0
702 112763 3.0 3.0
703 112848 3.0 3.0
704 112957 3.0 3.0
705 113085 3.0 3.0
706 113201 3.0 3.0
707 113285 3.0 3.0
708 113436 3.0 3.0
709 113521 3.0 3.0
710 113590 3.0 3.0
711 113704 3.0 3.0
712 113796 3.0 3.0
713 113891 3.0 3.0
714 114048 3.0 3.0
715 114166 3.0 3.0
716 114249 3.0 3.0
717 114356 3.0 3.0
718 114463 3.0 3.0
719 114596 3.0 3.0
720 114735 3.0 3.0
721 114821 3.0 3.0
722 114886 3.0 3.0
723 115011 3.0 3.0
724 115097 3.0 3.0
725 115194 3.0 3.0
726 115263 3.0 3.0
727 115377 3.0 3.0
728 115463 3.0 3.0
729 115578 3.0 3.0
730 115675 3.0 3.0
731 115789 3.0 3.0
732 115884 3.0 3.0
733 116001 3.0 3.0
734 116075 3.0 3.0
735 116148 3.0 3.0
736 116250 3.0 3.0
737 116359 3.0 3.0
738 116549 3.0 3.0
739 116695 3.0 3.0
740 116819 3.0 3.0
741 116930 3.0 3.0
742 117027 3.0 3.0
743 117111 3.0 3.0
744 117186 3.0 3.0
745 117345 3.0 3.0
746 117459 3.0 3.0
747 117609 3.0 3.0
748 117774 3.0 3.0
749 117877 3.0 3.0
750 118002 3.0 3.0
751 118094 3.0 3.0
752 118243 3.0 3.0
753 118362 3.0 3.0
754 118452 3.0 3.0
755 118586 3.0 3.0
756 118736 3.0 3.0
757 118872 3.0 3.0
758 118976 3.0 3.0
759 119106 3.0 3.0
760 119207 3.0 3.0
761 119317 3.0 3.0
762 119447 3.0 3.0
763 119555 3.0 3.0
764 119633 3.0 3.0
765 119743 3.0 3.0
766 119877 3.0 3.0
767 119955 3.0 3.0
768 120098 3.0 3.0
769 120193 3.0 3.0
770 120276 3.0 3.0
771 120393 3.0 3.0
772 120523 3.0 3.0
773 120592 3.0 3.0
774 120715 3.0 3.0
775 120871 3.0 3.0
776 120997 3.0 3.0
777 121100 3.0 3.0
778 121196 3.0 3.0
779 121315 3.0 3.0
780 121431 3.0 3.0
781 121555 3.0 3.0
782 121650 3.0 3.0
783 121736 3.0 3.0
784 121829 3.0 3.0
785 121890 3.0 3.0
786 121965 3.0 3.0
787 122108 3.0 3.0
788 122183 3.0 3.0
789 122266 3.0 3.0
790 122350 3.0 3.0
791 122445 3.0 3.0
792 122546 3.0 3.0
793 122612 3.0 3.0
794 122735 3.0 3.0
795 122817 3.0 3.0
796 123033 3.0 3.0
797 123164 3.0 3.0
798 123249 3.0 3.0
799 123348 3.0 3.0
800 123422 3.0 3.0
801 123526 3.0 3.0
802 123698 3.0 3.0
803 123791 3.0 3.0
804 123934 3.0 3.0
805 124039 3.0 3.0
806 124158 3.0 3.0
807 124257 3.0 3.0
808 124351 3.0 3.0
809 124475 3.0 3.0
810 124580 3.0 3.0
811 124697 3.0 3.0
812 124797 3.0 3.0
813 124955 3.0 3.0
814 125054 3.0 3.0
815 125144 3.0 3.0
816 125242 3.0 3.0
817 125335 3.0 3.0
818 125429 3.0 3.0
819 125507 3.0 3.0
820 125591 3.0 3.0
821 125730 3.0 3.0
822 125827 3.0 3.0
823 125898 3.0 3.0
824 125980 3.0 3.0
825 126183 3.0 3.0
826 126304 3.0 3.0
827 126432 3.0 3.0
828 126525 3.0 3.0
829 126619 3.0 3.0
830 126712 3.0 3.0
831 126806 3.0 3.0
832 127053 3.0 3.0
833 127179 3.0 3.0
834 127263 3.0 3.0
835 127399 3.0 3.0
836 127518 3.0 3.0
837 127611 3.0 3.0
838 127754 3.0 3.0
839 127830 3.0 3.0
840 127944 3.0 3.0
841 128021 3.0 3.0
842 128124 3.0 3.0
843 128237 3.0 3.0
844 128321 3.0 3.0
845 128401 3.0 3.0
846 128483 3.0 3.0
847 128624 3.0 3.0
848 128747 3.0 3.0
849 128879 3.0 3.0
850 128998 3.0 3.0
851 129106 3.0 3.0
852 129228 3.0 3.0
853 129347 3.0 3.0
854 129444 3.0 3.0
855 129535 3.0 3.0
856 129646 3.0 3.0
857 129757 3.0 3.0
858 129880 3.0 3.0
859 130044 3.0 3.0
860 130208 3.0 3.0
861 130322 3.0 3.0
862 130454 3.0 3.0
863 130574 3.0 3.0
864 130682 3.0 3.0
865 130753 3.0 3.0
866 131007 3.0 3.0
867 131105 3.0 3.0
868 131237 3.0 3.0
869 131320 3.0 3.0
870 131443 3.0 3.0
871 131533 3.0 3.0
872 131633 3.0 3.0
873 131752 3.0 3.0
874 131905 3.0 3.0
875 131992 3.0 3.0
876 132101 3.0 3.0
877 132229 3.0 3.0
878 132347 3.0 3.0
879 132464 3.0 3.0
880 132568 3.0 3.0
881 132707 3.0 3.0
882 132789 3.0 3.0
883 132979 3.0 3.0
884 133091 3.0 3.0
885 133227 3.0 3.0
886 133379 3.0 3.0
887 133492 3.0 3.0
888 133607 3.0 3.0
889 133688 3.0 3.0
890 133805 3.0 3.0
891 133885 3.0 3.0
892 133994 3.0 3.0
893 134080 3.0 3.0
894 134164 3.0 3.0
895 134286 3.0 3.0
896 134578 3.0 3.0
897 134704 3.0 3.0
898 134843 3.0 3.0
899 134984 3.0 3.0
900 135098 3.0 3.0
901 135215 3.0 3.0
902 135288 3.0 3.0
903 135355 3.0 3.0
904 135473 3.0 3.0
905 135584 3.0 3.0
906 135657 3.0 3.0
907 135761 3.0 3.0
908 135882 3.0 3.0
909 135977 3.0 3.0
910 136091 3.0 3.0
911 136189 3.0 3.0
912 136293 3.0 3.0
913 136402 3.0 3.0
914 136531 3.0 3.0
915 136622 3.0 3.0
916 136705 3.0 3.0
917 136836 3.0 3.0
918 137040 3.0 3.0
919 137182 3.0 3.0
920 137245 3.0 3.0
921 137340 3.0 3.0
922 137453 3.0 3.0
923 137526 3.0 3.0
924 137662 3.0 3.0
925 137776 3.0 3.0
926 137868 3.0 3.0
927 137953 3.0 3.0
928 138049 3.0 3.0
929 138125 3.0 3.0
930 138238 3.0 3.0
931 138369 3.0 3.0
932 138512 3.0 3.0
933 138616 3.0 3.0
934 138720 3.0 3.0
935 138792 3.0 3.0
936 138964 3.0 3.0
937 139037 3.0 3.0
938 139108 3.0 3.0
939 139212 3.0 3.0
940 139292 3.0 3.0
941 139395 3.0 3.0
942 139477 3.0 3.0
943 139600 3.0 3.0
944 139714 3.0 3.0
945 139819 3.0 3.0
946 139945 3.0 3.0
947 140049 3.0 3.0
948 140142 3.0 3.0
949 140218 3.0 3.0
950 140328 3.0 3.0
951 140419 3.0 3.0
952 140496 3.0 3.0
953 140594 3.0 3.0
954 140684 3.0 3.0
955 140757 3.0 3.0
956 140897 3.0 3.0
957 140981 3.0 3.0
958 141115 3.0 3.0
959 141180 3.0 3.0
960 141266 3.0 3.0
961 141351 3.0 3.0
962 141428 3.0 3.0
963 141519 3.0 3.0
964 141603 3.0 3.0
965 141724 3.0 3.0
966 141834 3.0 3.0
967 141949 3.0 3.0
968 142090 3.0 3.0
969 142232 3.0 3.0
970 142326 3.0 3.0
971 142397 3.0 3.0
972 142504 3.0 3.0
973 142594 3.0 3.0
974 142732 3.0 3.0
975 142830 3.0 3.0
976 142934 3.0 3.0
977 143080 3.0 3.0
978 143202 3.0 3.0
979 143313 3.0 3.0
980 143433 3.0 3.0
981 143542 3.0 3.0
982 143642 3.0 3.0
983 143732 3.0 3.0
984 143866 3.0 3.0
985 143976 3.0 3.0
986 144269 3.0 3.0
987 144407 3.0 3.0
988 144509 3.0 3.0
989 144631 3.0 3.0
990 144724 3.0 3.0
991 144863 3.0 3.0
992 145048 3.0 3.0
993 145132 3.0 3.0
994 145225 3.0 3.0
995 145319 3.0 3.0
996 145419 3.0 3.0
997 145510 3.0 3.0
998 145622 3.0 3.0
999 145742 3.0 3.0
1000 145815 3.0 3.0
1001 145925 3.0 3.0
1002 146008 3.0 3.0
1003 146116 3.0 3.0
1004 146191 3.0 3.0
1005 146290 3.0 3.0
1006 146396 3.0 3.0
1007 146477 3.0 3.0
1008 146580 3.0 3.0
1009 146677 3.0 3.0
1010 146776 3.0 3.0
1011 146841 3.0 3.0
1012 146927 3.0 3.0
1013 147021 3.0 3.0
1014 147167 3.0 3.0
1015 147268 3.0 3.0
1016 147392 3.0 3.0
1017 147515 3.0 3.0
1018 147592 3.0 3.0
1019 147663 3.0 3.0
1020 147845 3.0 3.0
1021 147944 3.0 3.0
1022 148040 3.0 3.0
1023 148206 3.0 3.0
1024 148344 3.0 3.0
1025 148505 3.0 3.0
1026 148598 3.0 3.0
1027 148691 3.0 3.0
1028 148806 3.0 3.0
1029 148910 3.0 3.0
1030 149107 3.0 3.0
1031 149192 3.0 3.0
1032 149299 3.0 3.0
1033 149367 3.0 3.0
1034 149446 3.0 3.0
1035 149521 3.0 3.0
1036 149608 3.0 3.0
1037 149687 3.0 3.0
1038 149781 3.0 3.0
1039 149891 3.0 3.0
1040 149975 3.0 3.0
1041 150078 3.0 3.0
1042 150199 3.0 3.0
1043 150290 3.0 3.0
1044 150372 3.0 3.0
1045 150455 3.0 3.0
1046 150545 3.0 3.0
1047 150626 3.0 3.0
1048 150760 3.0 3.0
1049 150843 3.0 3.0
1050 150942 3.0 3.0
1051 151033 3.0 3.0
1052 151132 3.0 3.0
1053 151247 3.0 3.0
1054 151383 3.0 3.0
1055 151477 3.0 3.0
1056 151579 3.0 3.0
1057 151689 3.0 3.0
1058 151796 3.0 3.0
1059 151979 3.0 3.0
1060 152083 3.0 3.0
1061 152228 3.0 3.0
1062 152344 3.0 3.0
1063 152425 3.0 3.0
1064 152527 3.0 3.0
1065 152624 3.0 3.0
1066 152778 3.0 3.0
1067 152856 3.0 3.0
1068 152971 3.0 3.0
1069 153063 3.0 3.0
1070 153169 3.0 3.0
1071 153240 3.0 3.0
1072 153340 3.0 3.0
1073 153430 3.0 3.0
1074 153604 3.0 3.0
1075 153708 3.0 3.0
1076 153791 3.0 3.0
1077 153923 3.0 3.0
1078 154028 3.0 3.0
1079 154145 3.0 3.0
1080 154278 3.0 3.0
1081 154395 3.0 3.0
1082 154486 3.0 3.0
1083 154611 3.0 3.0
1084 154725 3.0 3.0
1085 154806 3.0 3.0
1086 154908 3.0 3.0
1087 155010 3.0 3.0
1088 155131 3.0 3.0
1089 155271 3.0 3.0
1090 155376 3.0 3.0
1091 155543 3.0 3.0
1092 155624 3.0 3.0
1093 155721 3.0 3.0
1094 155821 3.0 3.0
1095 155925 3.0 3.0
1096 156021 3.0 3.0
1097 156121 3.0 3.0
1098 156271 3.0 3.0
1099 156372 3.0 3.0
1100 156491 3.0 3.0
1101 156589 3.0 3.0
1102 156671 3.0 3.0
1103 156788 3.0 3.0
1104 156868 3.0 3.0
1105 156955 3.0 3.0
1106 157034 3.0 3.0
1107 157125 3.0 3.0
1108 157217 3.0 3.0
1109 157347 3.0 3.0
1110 157449 3.0 3.0
1111 157581 3.0 3.0
1112 157701 3.0 3.0
1113 157778 3.0 3.0
1114 157886 3.0 3.0
1115 157998 3.0 3.0
1116 158144 3.0 3.0
1117 158250 3.0 3.0
1118 158331 3.0 3.0
1119 158419 3.0 3.0
1120 158494 3.0 3.0
1121 158587 3.0 3.0
1122 158693 3.0 3.0
1123 158763 3.0 3.0
1124 158915 3.0 3.0
1125 159028 3.0 3.0
1126 159109 3.0 3.0
1127 159211 3.0 3.0
1128 159377 3.0 3.0
1129 159553 3.0 3.0
1130 159669 3.0 3.0
1131 159799 3.0 3.0
1132 159960 3.0 3.0
1133 160018 3.0 3.0
1134 160098 3.0 3.0
1135 160194 3.0 3.0
1136 160281 3.0 3.0
1137 160397 3.0 3.0
1138 160497 3.0 3.0
1139 160618 3.0 3.0
1140 160713 3.0 3.0
1141 160817 3.0 3.0
1142 160897 3.0 3.0
1143 161059 3.0 3.0
1144 161210 3.0 3.0
1145 161305 3.0 3.0
1146 161403 3.0 3.0
1147 161507 3.0 3.0
1148 161581 3.0 3.0
1149 161666 3.0 3.0
1150 161749 3.0 3.0
1151 161853 3.0 3.0
1152 161922 3.0 3.0
1153 162002 3.0 3.0
1154 162105 3.0 3.0
1155 162231 3.0 3.0
1156 162318 3.0 3.0
1157 162383 3.0 3.0
1158 162504 3.0 3.0
1159 162608 3.0 3.0
1160 162669 3.0 3.0
1161 162811 3.0 3.0
1162 162893 3.0 3.0
1163 162998 3.0 3.0
1164 163163 3.0 3.0
1165 163258 3.0 3.0
1166 163374 3.0 3.0
1167 163467 3.0 3.0
1168 163603 3.0 3.0
1169 163692 3.0 3.0
1170 163783 3.0 3.0
1171 163853 3.0 3.0
1172 163945 3.0 3.0
1173 164048 3.0 3.0
1174 164226 3.0 3.0
1175 164299 3.0 3.0
1176 164389 3.0 3.0
1177 164517 3.0 3.0
1178 164654 3.0 3.0
1179 164771 3.0 3.0
1180 164886 3.0 3.0
1181 164984 3.0 3.0
1182 165097 3.0 3.0
1183 165202 3.0 3.0
1184 165267 3.0 3.0
1185 165348 3.0 3.0
1186 165449 3.0 3.0
1187 165547 3.0 3.0
1188 165635 3.0 3.0
1189 165734 3.0 3.0
1190 165836 3.0 3.0
1191 165940 3.0 3.0
1192 166089 3.0 3.0
1193 166180 3.0 3.0
1194 166296 3.0 3.0
1195 166370 3.0 3.0
1196 166576 3.0 3.0
1197 166660 3.0 3.0
1198 166809 3.0 3.0
1199 166893 3.0 3.0
1200 166972 3.0 3.0
1201 167118 3.0 3.0
1202 167189 3.0 3.0
1203 167312 3.0 3.0
1204 167456 3.0 3.0
1205 167541 3.0 3.0
1206 167596 3.0 3.0
1207 167693 3.0 3.0
1208 167782 3.0 3.0
1209 167963 3.0 3.0
1210 168041 3.0 3.0
1211 168148 3.0 3.0
1212 168302 3.0 3.0
1213 168429 3.0 3.0
1214 168495 3.0 3.0
1215 168582 3.0 3.0
1216 168693 3.0 3.0
1217 168824 3.0 3.0
1218 168970 3.0 3.0
1219 169057 3.0 3.0
1220 169146 3.0 3.0
1221 169330 3.0 3.0
1222 169431 3.0 3.0
1223 169503 3.0 3.0
1224 169634 3.0 3.0
1225 169738 3.0 3.0
1226 169821 3.0 3.0
1227 170002 3.0 3.0
1228 170100 3.0 3.0
1229 170190 3.0 3.0
1230 170298 3.0 3.0
1231 170382 3.0 3.0
1232 170493 3.0 3.0
1233 170593 3.0 3.0
1234 170700 3.0 3.0
1235 170850 3.0 3.0
1236 170927 3.0 3.0
1237 171021 3.0 3.0
1238 171098 3.0 3.0
1239 171203 3.0 3.0
1240 171329 3.0 3.0
1241 171400 3.0 3.0
1242 171546 3.0 3.0
1243 171650 3.0 3.0
1244 171798 3.0 3.0
1245 171936 3.0 3.0
1246 172012 3.0 3.0
1247 172108 3.0 3.0
1248 172185 3.0 3.0
1249 172292 3.0 3.0
1250 172388 3.0 3.0
1251 172512 3.0 3.0
1252 172620 3.0 3.0
1253 172698 3.0 3.0
1254 172818 3.0 3.0
1255 172935 3.0 3.0
1256 173015 3.0 3.0
1257 173117 3.0 3.0
1258 173219 3.0 3.0
1259 173367 3.0 3.0
1260 173462 3.0 3.0
1261 173536 3.0 3.0
1262 173641 3.0 3.0
1263 173731 3.0 3.0
1264 173842 3.0 3.0
1265 173921 3.0 3.0
1266 174026 3.0 3.0
1267 174107 3.0 3.0
1268 174192 3.0 3.0
1269 174299 3.0 3.0
1270 174402 3.0 3.0
1271 174474 3.0 3.0
1272 174545 3.0 3.0
1273 174670 3.0 3.0
1274 174753 3.0 3.0
1275 174840 3.0 3.0
1276 174942 3.0 3.0
1277 175035 3.0 3.0
1278 175115 3.0 3.0
1279 175196 3.0 3.0
1280 175297 3.0 3.0
1281 175431 3.0 3.0
1282 175541 3.0 3.0
1283 175631 3.0 3.0
1284 175706 3.0 3.0
1285 175814 3.0 3.0
1286 175897 3.0 3.0
1287 176021 3.0 3.0
1288 176186 3.0 3.0
1289 176267 3.0 3.0
1290 176350 3.0 3.0
1291 176428 3.0 3.0
1292 176563 3.0 3.0
1293 176658 3.0 3.0
1294 176780 3.0 3.0
1295 176857 3.0 3.0
1296 176983 3.0 3.0
1297 177068 3.0 3.0
1298 177177 3.0 3.0
1299 177249 3.0 3.0
1300 177428 3.0 3.0
1301 177578 3.0 3.0
1302 177702 3.0 3.0
1303 177824 3.0 3.0
1304 177953 3.0 3.0
1305 178030 3.0 3.0
1306 178152 3.0 3.0
1307 178298 3.0 3.0
1308 178446 3.0 3.0
1309 178517 3.0 3.0
1310 178648 3.0 3.0
1311 178732 3.0 3.0
1312 178847 3.0 3.0
1313 178957 3.0 3.0
1314 179040 3.0 3.0
1315 179133 3.0 3.0
1316 179215 3.0 3.0
1317 179318 3.0 3.0
1318 179392 3.0 3.0
1319 179494 3.0 3.0
1320 179578 3.0 3.0
1321 179718 3.0 3.0
1322 179812 3.0 3.0
1323 179931 3.0 3.0
1324 180047 3.0 3.0
1325 180128 3.0 3.0
1326 180208 3.0 3.0
1327 180322 3.0 3.0
1328 180399 3.0 3.0
1329 180488 3.0 3.0
1330 180564 3.0 3.0
1331 180651 3.0 3.0
1332 180713 3.0 3.0
1333 180789 3.0 3.0
1334 180859 3.0 3.0
1335 180977 3.0 3.0
1336 181069 3.0 3.0
1337 181157 3.0 3.0
1338 181301 3.0 3.0
1339 181389 3.0 3.0
1340 181501 3.0 3.0
1341 181614 3.0 3.0
1342 181679 3.0 3.0
1343 181756 3.0 3.0
1344 181816 3.0 3.0
1345 181943 3.0 3.0
1346 182046 3.0 3.0
1347 182120 3.0 3.0
1348 182203 3.0 3.0
1349 182276 3.0 3.0
1350 182371 3.0 3.0
1351 182455 3.0 3.0
1352 182554 3.0 3.0
1353 182654 3.0 3.0
1354 182740 3.0 3.0
1355 182820 3.0 3.0
1356 182894 3.0 3.0
1357 182981 3.0 3.0
1358 183095 3.0 3.0
1359 183236 3.0 3.0
1360 183318 3.0 3.0
1361 183421 3.0 3.0
1362 183498 3.0 3.0
1363 183569 3.0 3.0
1364 183657 3.0 3.0
1365 183778 3.0 3.0
1366 183939 3.0 3.0
1367 184007 3.0 3.0
1368 184155 3.0 3.0
1369 184273 3.0 3.0
1370 184352 3.0 3.0
1371 184423 3.0 3.0
1372 184542 3.0 3.0
1373 184617 3.0 3.0
1374 184737 3.0 3.0
1375 184826 3.0 3.0
1376 184902 3.0 3.0
1377 184983 3.0 3.0
1378 185053 3.0 3.0
1379 185137 3.0 3.0
1380 185270 3.0 3.0
1381 185365 3.0 3.0
1382 185455 3.0 3.0
1383 185533 3.0 3.0
1384 185624 3.0 3.0
1385 185686 3.0 3.0
1386 185811 3.0 3.0
1387 185919 3.0 3.0
1388 186027 3.0 3.0
1389 186095 3.0 3.0
1390 186168 3.0 3.0
1391 186274 3.0 3.0
1392 186339 3.0 3.0
1393 186407 3.0 3.0
1394 186500 3.0 3.0
1395 186610 3.0 3.0
1396 186695 3.0 3.0
1397 186807 3.0 3.0
1398 186875 3.0 3.0
1399 186968 3.0 3.0
1400 187061 3.0 3.0
1401 187174 3.0 3.0
1402 187251 3.0 3.0
1403 187329 3.0 3.0
1404 187414 3.0 3.0
1405 187518 3.0 3.0
1406 187597 3.0 3.0
1407 187695 3.0 3.0
1408 187804 3.0 3.0
1409 187915 3.0 3.0
1410 187992 3.0 3.0
1411 188064 3.0 3.0
1412 188130 3.0 3.0
1413 188213 3.0 3.0
1414 188330 3.0 3.0
1415 188483 3.0 3.0
1416 188560 3.0 3.0
1417 188686 3.0 3.0
1418 188770 3.0 3.0
1419 188941 3.0 3.0
1420 189055 3.0 3.0
1421 189155 3.0 3.0
1422 189229 3.0 3.0
1423 189388 3.0 3.0
1424 189479 3.0 3.0
1425 189548 3.0 3.0
1426 189646 3.0 3.0
1427 189739 3.0 3.0
1428 189871 3.0 3.0
1429 189966 3.0 3.0
1430 190054 3.0 3.0
1431 190121 3.0 3.0
1432 190244 3.0 3.0
1433 190377 3.0 3.0
1434 190476 3.0 3.0
1435 190573 3.0 3.0
1436 190658 3.0 3.0
1437 190780 3.0 3.0
1438 190870 3.0 3.0
1439 190979 3.0 3.0
1440 191075 3.0 3.0
1441 191161 3.0 3.0
1442 191277 3.0 3.0
1443 191370 3.0 3.0
1444 191498 3.0 3.0
1445 191584 3.0 3.0
1446 191653 3.0 3.0
1447 191742 3.0 3.0
1448 191815 3.0 3.0
1449 191890 3.0 3.0
1450 192036 3.0 3.0
1451 192116 3.0 3.0
1452 192194 3.0 3.0
1453 192281 3.0 3.0
1454 192335 3.0 3.0
1455 192413 3.0 3.0
1456 192536 3.0 3.0
1457 192611 3.0 3.0
1458 192729 3.0 3.0
1459 192848 3.0 3.0
1460 192959 3.0 3.0
1461 193034 3.0 3.0
1462 193151 3.0 3.0
1463 193301 3.0 3.0
1464 193409 3.0 3.0
1465 193483 3.0 3.0
1466 193584 3.0 3.0
1467 193684 3.0 3.0
1468 193764 3.0 3.0
1469 193834 3.0 3.0
1470 193969 3.0 3.0
1471 194107 3.0 3.0
1472 194189 3.0 3.0
1473 194313 3.0 3.0
1474 194431 3.0 3.0
1475 194536 3.0 3.0
1476 194647 3.0 3.0
1477 194751 3.0 3.0
1478 194855 3.0 3.0
1479 194939 3.0 3.0
1480 195014 3.0 3.0
1481 195159 3.0 3.0
1482 195248 3.0 3.0
1483 195344 3.0 3.0
1484 195430 3.0 3.0
1485 195529 3.0 3.0
1486 195605 3.0 3.0
1487 195691 3.0 3.0
1488 195808 3.0 3.0
1489 195917 3.0 3.0
1490 196000 3.0 3.0
1491 196064 3.0 3.0
1492 196150 3.0 3.0
1493 196247 3.0 3.0
1494 196393 3.0 3.0
1495 196492 3.0 3.0
1496 196586 3.0 3.0
1497 196784 3.0 3.0
1498 196866 3.0 3.0
1499 196961 3.0 3.0
1500 197074 3.0 3.0
1501 197194 3.0 3.0
1502 197279 3.0 3.0
1503 197365 3.0 3.0
1504 197532 3.0 3.0
1505 197633 3.0 3.0
1506 197762 3.0 3.0
1507 197847 3.0 3.0
1508 197937 3.0 3.0
1509 198046 3.0 3.0
1510 198119 3.0 3.0
1511 198179 3.0 3.0
1512 198254 3.0 3.0
1513 198342 3.0 3.0
1514 198431 3.0 3.0
1515 198545 3.0 3.0
1516 198611 3.0 3.0
1517 198709 3.0 3.0
1518 198845 3.0 3.0
1519 198915 3.0 3.0
1520 198986 3.0 3.0
1521 199109 3.0 3.0
1522 199223 3.0 3.0
1523 199292 3.0 3.0
1524 199374 3.0 3.0
1525 199488 3.0 3.0
1526 199578 3.0 3.0
1527 199687 3.0 3.0
1528 199798 3.0 3.0
1529 199974 3.0 3.0
1530 200072 3.0 3.0
1531 200191 3.0 3.0
1532 200296 3.0 3.0
1533 200407 3.0 3.0
1534 200593 3.0 3.0
1535 200720 3.0 3.0
1536 200810 3.0 3.0
1537 200928 3.0 3.0
1538 200994 3.0 3.0
1539 201086 3.0 3.0
1540 201171 3.0 3.0
1541 201343 3.0 3.0
1542 201444 3.0 3.0
1543 201544 3.0 3.0
1544 201627 3.0 3.0
1545 201739 3.0 3.0
1546 201844 3.0 3.0
1547 201937 3.0 3.0
1548 202047 3.0 3.0
1549 202210 3.0 3.0
1550 202327 3.0 3.0
1551 202470 3.0 3.0
1552 202558 3.0 3.0
1553 202638 3.0 3.0
1554 202718 3.0 3.0
1555 202812 3.0 3.0
1556 202895 3.0 3.0
1557 202998 3.0 3.0
1558 203091 3.0 3.0
1559 203159 3.0 3.0
1560 203230 3.0 3.0
1561 203311 3.0 3.0
1562 203428 3.0 3.0
1563 203537 3.0 3.0
1564 203668 3.0 3.0
1565 203776 3.0 3.0
1566 203916 3.0 3.0
1567 204023 3.0 3.0
1568 204111 3.0 3.0
1569 204217 3.0 3.0
1570 204317 3.0 3.0
1571 204429 3.0 3.0
1572 204562 3.0 3.0
1573 204664 3.0 3.0
1574 204753 3.0 3.0
1575 204837 3.0 3.0
1576 204913 3.0 3.0
1577 205030 3.0 3.0
1578 205141 3.0 3.0
1579 205246 3.0 3.0
1580 205322 3.0 3.0
1581 205401 3.0 3.0
1582 205478 3.0 3.0
1583 205552 3.0 3.0
1584 205640 3.0 3.0
1585 205708 3.0 3.0
1586 205784 3.0 3.0
1587 205921 3.0 3.0
1588 206006 3.0 3.0
1589 206094 3.0 3.0
1590 206181 3.0 3.0
1591 206266 3.0 3.0
1592 206428 3.0 3.0
1593 206498 3.0 3.0
1594 206588 3.0 3.0
1595 206658 3.0 3.0
1596 206766 3.0 3.0
1597 206921 3.0 3.0
1598 207036 3.0 3.0
1599 207114 3.0 3.0
1600 207192 3.0 3.0
1601 207279 3.0 3.0
1602 207365 3.0 3.0
1603 207467 3.0 3.0
1604 207605 3.0 3.0
1605 207731 3.0 3.0
1606 207792 3.0 3.0
1607 207863 3.0 3.0
1608 207958 3.0 3.0
1609 208063 3.0 3.0
1610 208155 3.0 3.0
1611 208266 3.0 3.0
1612 208368 3.0 3.0
1613 208456 3.0 3.0
1614 208534 3.0 3.0
1615 208660 3.0 3.0
1616 208782 3.0 3.0
1617 208875 3.0 3.0
1618 208962 3.0 3.0
1619 209038 3.0 3.0
1620 209126 3.0 3.0
1621 209217 3.0 3.0
1622 209280 3.0 3.0
1623 209361 3.0 3.0
1624 209455 3.0 3.0
1625 209525 3.0 3.0
1626 209637 3.0 3.0
1627 209721 3.0 3.0
1628 209828 3.0 3.0
1629 209942 3.0 3.0
1630 210022 3.0 3.0
1631 210100 3.0 3.0
1632 210187 3.0 3.0
1633 210269 3.0 3.0
1634 210360 3.0 3.0
1635 210441 3.0 3.0
1636 210529 3.0 3.0
1637 210588 3.0 3.0
1638 210665 3.0 3.0
1639 210760 3.0 3.0
1640 210855 3.0 3.0
1641 210952 3.0 3.0
1642 211104 3.0 3.0
1643 211207 3.0 3.0
1644 211297 3.0 3.0
1645 211404 3.0 3.0
1646 211469 3.0 3.0
1647 211560 3.0 3.0
1648 211642 3.0 3.0
1649 211764 3.0 3.0
1650 211864 3.0 3.0
1651 211980 3.0 3.0
1652 212072 3.0 3.0
1653 212133 3.0 3.0
1654 212221 3.0 3.0
1655 212296 3.0 3.0
1656 212416 3.0 3.0
1657 212530 3.0 3.0
1658 212590 3.0 3.0
1659 212683 3.0 3.0
1660 212764 3.0 3.0
1661 212837 3.0 3.0
1662 212917 3.0 3.0
1663 213003 3.0 3.0
1664 213124 3.0 3.0
1665 213283 3.0 3.0
1666 213356 3.0 3.0
1667 213443 3.0 3.0
1668 213517 3.0 3.0
1669 213583 3.0 3.0
1670 213670 3.0 3.0
1671 213776 3.0 3.0
1672 213859 3.0 3.0
1673 213945 3.0 3.0
1674 214030 3.0 3.0
1675 214117 3.0 3.0
1676 214228 3.0 3.0
1677 214329 3.0 3.0
1678 214446 3.0 3.0
1679 214544 3.0 3.0
1680 214612 3.0 3.0
1681 214704 3.0 3.0
1682 214780 3.0 3.0
1683 214848 3.0 3.0
1684 214977 3.0 3.0
1685 215107 3.0 3.0
1686 215243 3.0 3.0
1687 215347 3.0 3.0
1688 215427 3.0 3.0
1689 215621 3.0 3.0
1690 215738 3.0 3.0
1691 215832 3.0 3.0
1692 215942 3.0 3.0
1693 216040 3.0 3.0
1694 216126 3.0 3.0
1695 216201 3.0 3.0
1696 216273 3.0 3.0
1697 216412 3.0 3.0
1698 216485 3.0 3.0
1699 216566 3.0 3.0
1700 216724 3.0 3.0
1701 216814 3.0 3.0
1702 216908 3.0 3.0
1703 217022 3.0 3.0
1704 217133 3.0 3.0
1705 217258 3.0 3.0
1706 217346 3.0 3.0
1707 217471 3.0 3.0
1708 217560 3.0 3.0
1709 217624 3.0 3.0
1710 217702 3.0 3.0
1711 217753 3.0 3.0
1712 217863 3.0 3.0
1713 217942 3.0 3.0
1714 218062 3.0 3.0
1715 218136 3.0 3.0
1716 218231 3.0 3.0
1717 218322 3.0 3.0
1718 218388 3.0 3.0
1719 218481 3.0 3.0
1720 218586 3.0 3.0
1721 218682 3.0 3.0
1722 218804 3.0 3.0
1723 218903 3.0 3.0
1724 218976 3.0 3.0
1725 219042 3.0 3.0
1726 219164 3.0 3.0
1727 219315 3.0 3.0
1728 219420 3.0 3.0
1729 219512 3.0 3.0
1730 219597 3.0 3.0
1731 219731 3.0 3.0
1732 219790 3.0 3.0
1733 219935 3.0 3.0
1734 220034 3.0 3.0
1735 220113 3.0 3.0
1736 220181 3.0 3.0
1737 220277 3.0 3.0
1738 220356 3.0 3.0
1739 220432 3.0 3.0
1740 220502 3.0 3.0
1741 220579 3.0 3.0
1742 220670 3.0 3.0
1743 220781 3.0 3.0
1744 220874 3.0 3.0
1745 220982 3.0 3.0
1746 221060 3.0 3.0
1747 221136 3.0 3.0
1748 221211 3.0 3.0
1749 221300 3.0 3.0
1750 221432 3.0 3.0
1751 221505 3.0 3.0
1752 221598 3.0 3.0
1753 221683 3.0 3.0
1754 221783 3.0 3.0
1755 221940 3.0 3.0
1756 222014 3.0 3.0
1757 222119 3.0 3.0
1758 222210 3.0 3.0
1759 222292 3.0 3.0
1760 222376 3.0 3.0
1761 222471 3.0 3.0
1762 222561 3.0 3.0
1763 222632 3.0 3.0
1764 222772 3.0 3.0
1765 222889 3.0 3.0
1766 222968 3.0 3.0
1767 223060 3.0 3.0
1768 223160 3.0 3.0
1769 223262 3.0 3.0
1770 223328 3.0 3.0
1771 223427 3.0 3.0
1772 223512 3.0 3.0
1773 223595 3.0 3.0
1774 223705 3.0 3.0
1775 223780 3.0 3.0
1776 223872 3.0 3.0
1777 223970 3.0 3.0
1778 224051 3.0 3.0
1779 224129 3.0 3.0
1780 224202 3.0 3.0
1781 224279 3.0 3.0
1782 224348 3.0 3.0
1783 224439 3.0 3.0
1784 224541 3.0 3.0
1785 224619 3.0 3.0
1786 224700 3.0 3.0
1787 224800 3.0 3.0
1788 224887 3.0 3.0
1789 224959 3.0 3.0
1790 225047 3.0 3.0
1791 225132 3.0 3.0
1792 225264 3.0 3.0
1793 225339 3.0 3.0
1794 225440 3.0 3.0
1795 225541 3.0 3.0
1796 225670 3.0 3.0
1797 225755 3.0 3.0
1798 225862 3.0 3.0
1799 226010 3.0 3.0
1800 226098 3.0 3.0
1801 226179 3.0 3.0
1802 226253 3.0 3.0
1803 226352 3.0 3.0
1804 226418 3.0 3.0
1805 226505 3.0 3.0
1806 226606 3.0 3.0
1807 226694 3.0 3.0
1808 226767 3.0 3.0
1809 226843 3.0 3.0
1810 226949 3.0 3.0
1811 227064 3.0 3.0
1812 227127 3.0 3.0
1813 227241 3.0 3.0
1814 227407 3.0 3.0
1815 227494 3.0 3.0
1816 227579 3.0 3.0
1817 227651 3.0 3.0
1818 227756 3.0 3.0
1819 227891 3.0 3.0
1820 227969 3.0 3.0
1821 228079 3.0 3.0
1822 228239 3.0 3.0
1823 228317 3.0 3.0
1824 228414 3.0 3.0
1825 228499 3.0 3.0
1826 228591 3.0 3.0
1827 228657 3.0 3.0
1828 228754 3.0 3.0
1829 228846 3.0 3.0
1830 228922 3.0 3.0
1831 229029 3.0 3.0
1832 229112 3.0 3.0
1833 229250 3.0 3.0
1834 229323 3.0 3.0
1835 229399 3.0 3.0
1836 229471 3.0 3.0
1837 229572 3.0 3.0
1838 229663 3.0 3.0
1839 229761 3.0 3.0
1840 229854 3.0 3.0
1841 229946 3.0 3.0
1842 230031 3.0 3.0
1843 230119 3.0 3.0
1844 230217 3.0 3.0
1845 230295 3.0 3.0
1846 230387 3.0 3.0
1847 230487 3.0 3.0
1848 230550 3.0 3.0
1849 230648 3.0 3.0
1850 230751 3.0 3.0
1851 230874 3.0 3.0
1852 230996 3.0 3.0
1853 231102 3.0 3.0
1854 231189 3.0 3.0
1855 231285 3.0 3.0
1856 231353 3.0 3.0
1857 231464 3.0 3.0
1858 231607 3.0 3.0
1859 231732 3.0 3.0
1860 231811 3.0 3.0
1861 231898 3.0 3.0
1862 232018 3.0 3.0
1863 232118 3.0 3.0
1864 232195 3.0 3.0
1865 232282 3.0 3.0
1866 232389 3.0 3.0
1867 232470 3.0 3.0
1868 232550 3.0 3.0
1869 232850 0.0 2.97
1870 232943 3.0 2.97
1871 233032 3.0 2.97
1872 233121 3.0 2.97
1873 233201 3.0 2.97
1874 233341 3.0 2.97
1875 233434 3.0 2.97
1876 233501 3.0 2.97
1877 233611 3.0 2.97
1878 233749 3.0 2.97
1879 233840 3.0 2.97
1880 233927 3.0 2.97
1881 234000 3.0 2.97
1882 234125 3.0 2.97
1883 234212 3.0 2.97
1884 234291 3.0 2.97
1885 234369 3.0 2.97
1886 234465 3.0 2.97
1887 234555 3.0 2.97
1888 234662 3.0 2.97
1889 234764 3.0 2.97
1890 234875 3.0 2.97
1891 234972 3.0 2.97
1892 235071 3.0 2.97
1893 235161 3.0 2.97
1894 235243 3.0 2.97
1895 235398 3.0 2.97
1896 235498 3.0 2.97
1897 235592 3.0 2.97
1898 235649 3.0 2.97
1899 235739 3.0 2.97
1900 235810 3.0 2.97
1901 235927 3.0 2.97
1902 236227 0.0 2.94
1903 236301 3.0 2.94
1904 236374 3.0 2.94
1905 236477 3.0 2.94
1906 236586 3.0 2.94
1907 236664 3.0 2.94
1908 236751 3.0 2.94
1909 236835 3.0 2.94
1910 236941 3.0 2.94
1911 237017 3.0 2.94
1912 237077 3.0 2.94
1913 237164 3.0 2.94
1914 237281 3.0 2.94
1915 237417 3.0 2.94
1916 237493 3.0 2.94
1917 237587 3.0 2.94
1918 237695 3.0 2.94
1919 237776 3.0 2.94
1920 237859 3.0 2.94
1921 237936 3.0 2.94
1922 238052 3.0 2.94
1923 238165 3.0 2.94
1924 238237 3.0 2.94
1925 238337 3.0 2.94
1926 238432 3.0 2.94
1927 238514 3.0 2.94
1928 238606 3.0 2.94
1929 238692 3.0 2.94
1930 238778 3.0 2.94
1931 238843 3.0 2.94
1932 238906 3.0 2.94
1933 239005 3.0 2.94
1934 239095 3.0 2.94
1935 239211 3.0 2.94
1936 239320 3.0 2.94
1937 239412 3.0 2.94
1938 239482 3.0 2.94
1939 239581 3.0 2.94
1940 239652 3.0 2.94
1941 239742 3.0 2.94
1942 239831 3.0 2.94
1943 239897 3.0 2.94
1944 239985 3.0 2.94
1945 240092 3.0 2.94
1946 240194 3.0 2.94
1947 240271 3.0 2.94
1948 240366 3.0 2.94
1949 240457 3.0 2.94
1950 240538 3.0 2.94
1951 240604 3.0 2.94
1952 240694 3.0 2.94
1953 240799 3.0 2.94
1954 240916 3.0 2.94
1955 240994 3.0 2.94
1956 241059 3.0 2.94
1957 241173 3.0 2.94
1958 241242 3.0 2.94
1959 241313 3.0 2.94
1960 241420 3.0 2.94
1961 241504 3.0 2.94
1962 241605 3.0 2.94
1963 241699 3.0 2.94
1964 241785 3.0 2.94
1965 241898 3.0 2.94
1966 242025 3.0 2.94
1967 242132 3.0 2.94
1968 242248 3.0 2.94
1969 242322 3.0 2.97
1970 242409 3.0 2.97
1971 242489 3.0 2.97
1972 242593 3.0 2.97
1973 242653 3.0 2.97
1974 242738 3.0 2.97
1975 242823 3.0 2.97
1976 242909 3.0 2.97
1977 242997 3.0 2.97
1978 243124 3.0 2.97
1979 243214 3.0 2.97
1980 243296 3.0 2.97
1981 243384 3.0 2.97
1982 243532 3.0 2.97
1983 243607 3.0 2.97
1984 243707 3.0 2.97
1985 243789 3.0 2.97
1986 243930 3.0 2.97
1987 243991 3.0 2.97
1988 244073 3.0 2.97
1989 244141 3.0 2.97
1990 244221 3.0 2.97
1991 244300 3.0 2.97
1992 244404 3.0 2.97
1993 244495 3.0 2.97
1994 244586 3.0 2.97
1995 244685 3.0 2.97
1996 244749 3.0 2.97
1997 244837 3.0 2.97
1998 244918 3.0 2.97
1999 245016 3.0 2.97
2000 245139 3.0 2.97
2001 245220 3.0 2.97
2002 245310 3.0 3.0
2003 245436 3.0 3.0
2004 245500 3.0 3.0
2005 245591 3.0 3.0
2006 245715 3.0 3.0
2007 245783 3.0 3.0
2008 245858 3.0 3.0
2009 246000 3.0 3.0
2010 246300 0.0 2.97
2011 246450 3.0 2.97
2012 246583 3.0 2.97
2013 246682 3.0 2.97
2014 246771 3.0 2.97
2015 246838 3.0 2.97
2016 246924 3.0 2.97
2017 246994 3.0 2.97
2018 247086 3.0 2.97
2019 247191 3.0 2.97
2020 247272 3.0 2.97
2021 247337 3.0 2.97
2022 247433 3.0 2.97
2023 247509 3.0 2.97
2024 247608 3.0 2.97
2025 247690 3.0 2.97
2026 247754 3.0 2.97
2027 247843 3.0 2.97
2028 248053 3.0 2.97
2029 248131 3.0 2.97
2030 248230 3.0 2.97
2031 248287 3.0 2.97
2032 248367 3.0 2.97
2033 248434 3.0 2.97
2034 248539 3.0 2.97
2035 248643 3.0 2.97
2036 248718 3.0 2.97
2037 248801 3.0 2.97
2038 248897 3.0 2.97
2039 248977 3.0 2.97
2040 249084 3.0 2.97
2041 249259 3.0 2.97
2042 249349 3.0 2.97
2043 249522 3.0 2.97
2044 249595 3.0 2.97
2045 249673 3.0 2.97
2046 249738 3.0 2.97
2047 249873 3.0 2.97
2048 249954 3.0 2.97
2049 250033 3.0 2.97
2050 250105 3.0 2.97
2051 250186 3.0 2.97
2052 250278 3.0 2.97
2053 250361 3.0 2.97
2054 250462 3.0 2.97
2055 250561 3.0 2.97
2056 250662 3.0 2.97
2057 250753 3.0 2.97
2058 250853 3.0 2.97
2059 250923 3.0 2.97
2060 251003 3.0 2.97
2061 251086 3.0 2.97
2062 251175 3.0 2.97
2063 251259 3.0 2.97
2064 251379 3.0 2.97
2065 251467 3.0 2.97
2066 251540 3.0 2.97
2067 251652 3.0 2.97
2068 251736 3.0 2.97
2069 251815 3.0 2.97
2070 251883 3.0 2.97
2071 251944 3.0 2.97
2072 252018 3.0 2.97
2073 252108 3.0 2.97
2074 252233 3.0 2.97
2075 252308 3.0 2.97
2076 252414 3.0 2.97
2077 252493 3.0 2.97
2078 252564 3.0 2.97
2079 252701 3.0 2.97
2080 252799 3.0 2.97
2081 252901 3.0 2.97
2082 252989 3.0 2.97
2083 253064 3.0 2.97
2084 253149 3.0 2.97
2085 253257 3.0 2.97
2086 253344 3.0 2.97
2087 253416 3.0 2.97
2088 253502 3.0 2.97
2089 253665 3.0 2.97
2090 253749 3.0 2.97
2091 253818 3.0 2.97
2092 253888 3.0 2.97
2093 253990 3.0 2.97
2094 254060 3.0 2.97
2095 254142 3.0 2.97
2096 254236 3.0 2.97
2097 254318 3.0 2.97
2098 254419 3.0 2.97
2099 254569 3.0 2.97
2100 254649 3.0 2.97
2101 254757 3.0 2.97
2102 254831 3.0 2.97
2103 254895 3.0 2.97
2104 254969 3.0 2.97
2105 255046 3.0 2.97
2106 255151 3.0 2.97
2107 255254 3.0 2.97
2108 255319 3.0 2.97
2109 255429 3.0 2.97
2110 255505 3.0 3.0
2111 255586 3.0 3.0
2112 255671 3.0 3.0
2113 255760 3.0 3.0
2114 255822 3.0 3.0
2115 255912 3.0 3.0
2116 256012 3.0 3.0
2117 256118 3.0 3.0
2118 256195 3.0 3.0
2119 256312 3.0 3.0
2120 256399 3.0 3.0
2121 256461 3.0 3.0
2122 256574 3.0 3.0
2123 256704 3.0 3.0
2124 256812 3.0 3.0
2125 256883 3.0 3.0
2126 257004 3.0 3.0
2127 257092 3.0 3.0
2128 257167 3.0 3.0
2129 257234 3.0 3.0
2130 257363 3.0 3.0
2131 257442 3.0 3.0
2132 257578 3.0 3.0
2133 257726 3.0 3.0
2134 257819 3.0 3.0
2135 257913 3.0 3.0
2136 257996 3.0 3.0
2137 258084 3.0 3.0
2138 258195 3.0 3.0
2139 258280 3.0 3.0
2140 258366 3.0 3.0
2141 258441 3.0 3.0
2142 258541 3.0 3.0
2143 258615 3.0 3.0
2144 258748 3.0 3.0
2145 258829 3.0 3.0
2146 258898 3.0 3.0
2147 259002 3.0 3.0
2148 259118 3.0 3.0
2149 259197 3.0 3.0
2150 259270 3.0 3.0
2151 259406 3.0 3.0
2152 259471 3.0 3.0
2153 259547 3.0 3.0
2154 259623 3.0 3.0
2155 259686 3.0 3.0
2156 259780 3.0 3.0
2157 259878 3.0 3.0
2158 259957 3.0 3.0
2159 260048 3.0 3.0
2160 260188 3.0 3.0
2161 260292 3.0 3.0
2162 260356 3.0 3.0
2163 260436 3.0 3.0
2164 260527 3.0 3.0
2165 260612 3.0 3.0
2166 260742 3.0 3.0
2167 260808 3.0 3.0
2168 260906 3.0 3.0
2169 260987 3.0 3.0
2170 261061 3.0 3.0
2171 261159 3.0 3.0
2172 261249 3.0 3.0
2173 261338 3.0 3.0
2174 261417 3.0 3.0
2175 261487 3.0 3.0
2176 261583 3.0 3.0
2177 261690 3.0 3.0
2178 261815 3.0 3.0
2179 261872 3.0 3.0
2180 261957 3.0 3.0
2181 262046 3.0 3.0
2182 262110 3.0 3.0
2183 262186 3.0 3.0
2184 262267 3.0 3.0
2185 262362 3.0 3.0
2186 262471 3.0 3.0
2187 262544 3.0 3.0
2188 262622 3.0 3.0
2189 262922 0.0 2.97
2190 263010 3.0 2.97
2191 263107 3.0 2.97
2192 263203 3.0 2.97
2193 263294 3.0 2.97
2194 263382 3.0 2.97
2195 263464 3.0 2.97
2196 263569 3.0 2.97
2197 263661 3.0 2.97
2198 263772 3.0 2.97
2199 263876 3.0 2.97
2200 264002 3.0 2.97
2201 264095 3.0 2.97
2202 264176 3.0 2.97
2203 264278 3.0 2.97
2204 264363 3.0 2.97
2205 264456 3.0 2.97
2206 264534 3.0 2.97
2207 264648 3.0 2.97
2208 264762 3.0 2.97
2209 264839 3.0 2.97
2210 264950 3.0 2.97
2211 265030 3.0 2.97
2212 265108 3.0 2.97
2213 265219 3.0 2.97
2214 265300 3.0 2.97
2215 265392 3.0 2.97
2216 265494 3.0 2.97
2217 265583 3.0 2.97
2218 265674 3.0 2.97
2219 265764 3.0 2.97
2220 265842 3.0 2.97
2221 265916 3.0 2.97
2222 266027 3.0 2.97
2223 266093 3.0 2.97
2224 266167 3.0 2.97
2225 266346 3.0 2.97
2226 266437 3.0 2.97
2227 266511 3.0 2.97
2228 266620 3.0 2.97
2229 266762 3.0 2.97
2230 266848 3.0 2.97
2231 266937 3.0 2.97
2232 266995 3.0 2.97
2233 267054 3.0 2.97
2234 267160 3.0 2.97
2235 267279 3.0 2.97
2236 267416 3.0 2.97
2237 267521 3.0 2.97
2238 267617 3.0 2.97
2239 267720 3.0 2.97
2240 267811 3.0 2.97
2241 267911 3.0 2.97
2242 267978 3.0 2.97
2243 268056 3.0 2.97
2244 268136 3.0 2.97
2245 268230 3.0 2.97
2246 268300 3.0 2.97
2247 268359 3.0 2.97
2248 268469 3.0 2.97
2249 268566 3.0 2.97
2250 268643 3.0 2.97
2251 268760 3.0 2.97
2252 268831 3.0 2.97
2253 268915 3.0 2.97
2254 269024 3.0 2.97
2255 269100 3.0 2.97
2256 269205 3.0 2.97
2257 269296 3.0 2.97
2258 269409 3.0 2.97
2259 269524 3.0 2.97
2260 269650 3.0 2.97
2261 269727 3.0 2.97
2262 269789 3.0 2.97
2263 269900 3.0 2.97
2264 269981 3.0 2.97
2265 270071 3.0 2.97
2266 270210 3.0 2.97
2267 270286 3.0 2.97
2268 270353 3.0 2.97
2269 270436 3.0 2.97
2270 270524 3.0 2.97
2271 270620 3.0 2.97
2272 270733 3.0 2.97
2273 271033 0.0 2.94
2274 271120 3.0 2.94
2275 271283 3.0 2.94
2276 271386 3.0 2.94
2277 271521 3.0 2.94
2278 271618 3.0 2.94
2279 271695 3.0 2.94
2280 271798 3.0 2.94
2281 271869 3.0 2.94
2282 271955 3.0 2.94
2283 272037 3.0 2.94
2284 272106 3.0 2.94
2285 272211 3.0 2.94
2286 272317 3.0 2.94
2287 272411 3.0 2.94
2288 272518 3.0 2.94
2289 272668 3.0 2.97
2290 272758 3.0 2.97
2291 272810 3.0 2.97
2292 272924 3.0 2.97
2293 273008 3.0 2.97
2294 273102 3.0 2.97
2295 273189 3.0 2.97
2296 273275 3.0 2.97
2297 273350 3.0 2.97
2298 273412 3.0 2.97
2299 273506 3.0 2.97
2300 273586 3.0 2.97
2301 273664 3.0 2.97
2302 273739 3.0 2.97
2303 273853 3.0 2.97
2304 273998 3.0 2.97
2305 274138 3.0 2.97
2306 274217 3.0 2.97
2307 274304 3.0 2.97
2308 274376 3.0 2.97
2309 274606 3.0 2.97
2310 274740 3.0 2.97
2311 274836 3.0 2.97
2312 274926 3.0 2.97
2313 275010 3.0 2.97
2314 275100 3.0 2.97
2315 275186 3.0 2.97
2316 275268 3.0 2.97
2317 275327 3.0 2.97
2318 275404 3.0 2.97
2319 275538 3.0 2.97
2320 275630 3.0 2.97
2321 275728 3.0 2.97
2322 275837 3.0 2.97
2323 275930 3.0 2.97
2324 276026 3.0 2.97
2325 276156 3.0 2.97
2326 276226 3.0 2.97
2327 276307 3.0 2.97
2328 276460 3.0 2.97
2329 276568 3.0 2.97
2330 276666 3.0 2.97
2331 276740 3.0 2.97
2332 276831 3.0 2.97
2333 276916 3.0 2.97
2334 276991 3.0 2.97
2335 277061 3.0 2.97
2336 277149 3.0 2.97
2337 277229 3.0 2.97
2338 277312 3.0 2.97
2339 277406 3.0 2.97
2340 277527 3.0 2.97
2341 277633 3.0 2.97
2342 277742 3.0 2.97
2343 277825 3.0 2.97
2344 277916 3.0 2.97
2345 278005 3.0 2.97
2346 278106 3.0 2.97
2347 278196 3.0 2.97
2348 278339 3.0 2.97
2349 278429 3.0 2.97
2350 278493 3.0 2.97
2351 278579 3.0 2.97
2352 278645 3.0 2.97
2353 278733 3.0 2.97
2354 278807 3.0 2.97
2355 278886 3.0 2.97
2356 278975 3.0 2.97
2357 279076 3.0 2.97
2358 279159 3.0 2.97
2359 279302 3.0 2.97
2360 279388 3.0 2.97
2361 279461 3.0 2.97
2362 279541 3.0 2.97
2363 279655 3.0 2.97
2364 279731 3.0 2.97
2365 279827 3.0 2.97
2366 279941 3.0 2.97
2367 280031 3.0 2.97
2368 280110 3.0 2.97
2369 280193 3.0 2.97
2370 280317 3.0 2.97
2371 280416 3.0 2.97
2372 280490 3.0 2.97
2373 280581 3.0 3.0
2374 280664 3.0 3.0
2375 280770 3.0 3.0
2376 280838 3.0 3.0
2377 280900 3.0 3.0
2378 280977 3.0 3.0
2379 281078 3.0 3.0
2380 281203 3.0 3.0
2381 281298 3.0 3.0
2382 281387 3.0 3.0
2383 281532 3.0 3.0
2384 281608 3.0 3.0
2385 281685 3.0 3.0
2386 281757 3.0 3.0
2387 281906 3.0 3.0
2388 281981 3.0 3.0
2389 282075 3.0 3.0
2390 282192 3.0 3.0
2391 282258 3.0 3.0
2392 282360 3.0 3.0
2393 282439 3.0 3.0
2394 282516 3.0 3.0
2395 282612 3.0 3.0
2396 282685 3.0 3.0
2397 282822 3.0 3.0
2398 282914 3.0 3.0
2399 282991 3.0 3.0
2400 283094 3.0 3.0
2401 283159 3.0 3.0
2402 283224 3.0 3.0
2403 283286 3.0 3.0
2404 283400 3.0 3.0
2405 283475 3.0 3.0
2406 283542 3.0 3.0
2407 283610 3.0 3.0
2408 283688 3.0 3.0
2409 283768 3.0 3.0
2410 283845 3.0 3.0
2411 283916 3.0 3.0
2412 284042 3.0 3.0
2413 284127 3.0 3.0
2414 284226 3.0 3.0
2415 284325 3.0 3.0
2416 284420 3.0 3.0
2417 284500 3.0 3.0
2418 284582 3.0 3.0
2419 284643 3.0 3.0
2420 284709 3.0 3.0
2421 284818 3.0 3.0
2422 284899 3.0 3.0
2423 284976 3.0 3.0
2424 285091 3.0 3.0
2425 285155 3.0 3.0
2426 285272 3.0 3.0
2427 285451 3.0 3.0
2428 285523 3.0 3.0
2429 285592 3.0 3.0
2430 285650 3.0 3.0
2431 285814 3.0 3.0
2432 285889 3.0 3.0
2433 285972 3.0 3.0
2434 286049 3.0 3.0
2435 286155 3.0 3.0
2436 286221 3.0 3.0
2437 286305 3.0 3.0
2438 286451 3.0 3.0
2439 286513 3.0 3.0
2440 286586 3.0 3.0
2441 286693 3.0 3.0
2442 286781 3.0 3.0
2443 286852 3.0 3.0
2444 286930 3.0 3.0
2445 287006 3.0 3.0
2446 287074 3.0 3.0
2447 287152 3.0 3.0
2448 287229 3.0 3.0
2449 287325 3.0 3.0
2450 287441 3.0 3.0
2451 287536 3.0 3.0
2452 287605 3.0 3.0
2453 287677 3.0 3.0
2454 287789 3.0 3.0
2455 287869 3.0 3.0
2456 287933 3.0 3.0
2457 288008 3.0 3.0
2458 288112 3.0 3.0
2459 288239 3.0 3.0
2460 288403 3.0 3.0
2461 288500 3.0 3.0
2462 288581 3.0 3.0
2463 288657 3.0 3.0
2464 288736 3.0 3.0
2465 288876 3.0 3.0
2466 288965 3.0 3.0
2467 289097 3.0 3.0
2468 289182 3.0 3.0
2469 289253 3.0 3.0
2470 289327 3.0 3.0
2471 289392 3.0 3.0
2472 289472 3.0 3.0
2473 289554 3.0 3.0
2474 289636 3.0 3.0
2475 289742 3.0 3.0
2476 289843 3.0 3.0
2477 289935 3.0 3.0
2478 290034 3.0 3.0
2479 290126 3.0 3.0
2480 290211 3.0 3.0
2481 290300 3.0 3.0
2482 290410 3.0 3.0
2483 290502 3.0 3.0
2484 290563 3.0 3.0
2485 290648 3.0 3.0
2486 290739 3.0 3.0
2487 290827 3.0 3.0
2488 290921 3.0 3.0
2489 291016 3.0 3.0
2490 291108 3.0 3.0
2491 291209 3.0 3.0
2492 291275 3.0 3.0
2493 291364 3.0 3.0
2494 291448 3.0 3.0
2495 291537 3.0 3.0
2496 291643 3.0 3.0
2497 291738 3.0 3.0
2498 291820 3.0 3.0
2499 291901 3.0 3.0
2500 291992 3.0 3.0
2501 292061 3.0 3.0
2502 292134 3.0 3.0
2503 292212 3.0 3.0
2504 292304 3.0 3.0
2505 292389 3.0 3.0
2506 292469 3.0 3.0
2507 292561 3.0 3.0
2508 292631 3.0 3.0
2509 292718 3.0 3.0
2510 292811 3.0 3.0
2511 292896 3.0 3.0
2512 292961 3.0 3.0
2513 293061 3.0 3.0
2514 293174 3.0 3.0
2515 293256 3.0 3.0
2516 293342 3.0 3.0
2517 293411 3.0 3.0
2518 293694 3.0 3.0
2519 293774 3.0 3.0
2520 293849 3.0 3.0
2521 293922 3.0 3.0
2522 293989 3.0 3.0
2523 294100 3.0 3.0
2524 294400 0.0 2.97
2525 294487 3.0 2.97
2526 294609 3.0 2.97
2527 294690 3.0 2.97
2528 294760 3.0 2.97
2529 294838 3.0 2.97
2530 294982 3.0 2.97
2531 295051 3.0 2.97
2532 295125 3.0 2.97
2533 295249 3.0 2.97
2534 295369 3.0 2.97
2535 295440 3.0 2.97
2536 295517 3.0 2.97
2537 295614 3.0 2.97
2538 295697 3.0 2.97
2539 295784 3.0 2.97
2540 295887 3.0 2.97
2541 295956 3.0 2.97
2542 296049 3.0 2.97
2543 296166 3.0 2.97
2544 296253 3.0 2.97
2545 296351 3.0 2.97
2546 296434 3.0 2.97
2547 296501 3.0 2.97
2548 296575 3.0 2.97
2549 296678 3.0 2.97
2550 296753 3.0 2.97
2551 296863 3.0 2.97
2552 296938 3.0 2.97
2553 297009 3.0 2.97
2554 297085 3.0 2.97
2555 297164 3.0 2.97
2556 297237 3.0 2.97
2557 297325 3.0 2.97
2558 297399 3.0 2.97
2559 297469 3.0 2.97
2560 297538 3.0 2.97
2561 297652 3.0 2.97
2562 297952 0.0 2.94
2563 298044 3.0 2.94
2564 298113 3.0 2.94
2565 298182 3.0 2.94
2566 298280 3.0 2.94
2567 298369 3.0 2.94
2568 298464 3.0 2.94
2569 298534 3.0 2.94
2570 298603 3.0 2.94
2571 298657 3.0 2.94
2572 298718 3.0 2.94
2573 298810 3.0 2.94
2574 298873 3.0 2.94
2575 298998 3.0 2.94
2576 299092 3.0 2.94
2577 299167 3.0 2.94
2578 299262 3.0 2.94
2579 299337 3.0 2.94
2580 299402 3.0 2.94
2581 299496 3.0 2.94
2582 299599 3.0 2.94
2583 299670 3.0 2.94
2584 299758 3.0 2.94
2585 299945 3.0 2.94
2586 300075 3.0 2.94
2587 300149 3.0 2.94
2588 300222 3.0 2.94
2589 300290 3.0 2.94
2590 300362 3.0 2.94
2591 300445 3.0 2.94
2592 300534 3.0 2.94
2593 300634 3.0 2.94
2594 300738 3.0 2.94
2595 300813 3.0 2.94
2596 300895 3.0 2.94
2597 300994 3.0 2.94
2598 301077 3.0 2.94
2599 301148 3.0 2.94
2600 301294 3.0 2.94
2601 301388 3.0 2.94
2602 301465 3.0 2.94
2603 301554 3.0 2.94
2604 301614 3.0 2.94
2605 301737 3.0 2.94
2606 301810 3.0 2.94
2607 301875 3.0 2.94
2608 301946 3.0 2.94
2609 302104 3.0 2.94
2610 302210 3.0 2.94
2611 302287 3.0 2.94
2612 302382 3.0 2.94
2613 302474 3.0 2.94
2614 302548 3.0 2.94
2615 302637 3.0 2.94
2616 302712 3.0 2.94
2617 302799 3.0 2.94
2618 302881 3.0 2.94
2619 303181 0.0 2.91
2620 303241 3.0 2.91
2621 303306 3.0 2.91
2622 303417 3.0 2.91
2623 303498 3.0 2.91
2624 303572 3.0 2.94
2625 303637 3.0 2.94
2626 303709 3.0 2.94
2627 303795 3.0 2.94
2628 303891 3.0 2.94
2629 303968 3.0 2.94
2630 304041 3.0 2.94
2631 304108 3.0 2.94
2632 304229 3.0 2.94
2633 304305 3.0 2.94
2634 304372 3.0 2.94
2635 304475 3.0 2.94
2636 304571 3.0 2.94
2637 304628 3.0 2.94
2638 304712 3.0 2.94
2639 304838 3.0 2.94
2640 304903 3.0 2.94
2641 304962 3.0 2.94
2642 305060 3.0 2.94
2643 305152 3.0 2.94
2644 305210 3.0 2.94
2645 305363 3.0 2.94
2646 305460 3.0 2.94
2647 305528 3.0 2.94
2648 305602 3.0 2.94
2649 305671 3.0 2.94
2650 305764 3.0 2.94
2651 305842 3.0 2.94
2652 305920 3.0 2.94
2653 306012 3.0 2.94
2654 306088 3.0 2.94
2655 306166 3.0 2.94
2656 306272 3.0 2.94
2657 306463 3.0 2.94
2658 306545 3.0 2.94
2659 306626 3.0 2.94
2660 306713 3.0 2.94
2661 306800 3.0 2.94
2662 306921 3.0 2.97
2663 306994 3.0 2.97
2664 307052 3.0 2.97
2665 307138 3.0 2.97
2666 307215 3.0 2.97
2667 307314 3.0 2.97
2668 307419 3.0 2.97
2669 307509 3.0 2.97
2670 307593 3.0 2.97
2671 307677 3.0 2.97
2672 307762 3.0 2.97
2673 307826 3.0 2.97
2674 307917 3.0 2.97
2675 308006 3.0 2.97
2676 308080 3.0 2.97
2677 308165 3.0 2.97
2678 308280 3.0 2.97
2679 308350 3.0 2.97
2680 308489 3.0 2.97
2681 308550 3.0 2.97
2682 308639 3.0 2.97
2683 308719 3.0 2.97
2684 308812 3.0 2.97
2685 308900 3.0 2.97
2686 308977 3.0 2.97
2687 309084 3.0 2.97
2688 309163 3.0 2.97
2689 309333 3.0 2.97
2690 309417 3.0 2.97
2691 309531 3.0 2.97
2692 309608 3.0 2.97
2693 309702 3.0 2.97
2694 309802 3.0 2.97
2695 309873 3.0 2.97
2696 309955 3.0 2.97
2697 310027 3.0 2.97
2698 310121 3.0 2.97
2699 310187 3.0 2.97
2700 310273 3.0 2.97
2701 310356 3.0 2.97
2702 310439 3.0 2.97
2703 310529 3.0 2.97
2704 310621 3.0 2.97
2705 310731 3.0 2.97
2706 310822 3.0 2.97
2707 310922 3.0 2.97
2708 311121 3.0 2.97
2709 311188 3.0 2.97
2710 311295 3.0 2.97
2711 311396 3.0 2.97
2712 311486 3.0 2.97
2713 311589 3.0 2.97
2714 311688 3.0 2.97
2715 311762 3.0 2.97
2716 311836 3.0 2.97
2717 311915 3.0 2.97
2718 311985 3.0 2.97
2719 312083 3.0 3.0
2720 312180 3.0 3.0
2721 312263 3.0 3.0
2722 312345 3.0 3.0
2723 312415 3.0 3.0
2724 312503 3.0 3.0
2725 312592 3.0 3.0
2726 312697 3.0 3.0
2727 312788 3.0 3.0
2728 312887 3.0 3.0
2729 312996 3.0 3.0
2730 313064 3.0 3.0
2731 313160 3.0 3.0
2732 313242 3.0 3.0
2733 313322 3.0 3.0
2734 313410 3.0 3.0
2735 313482 3.0 3.0
2736 313572 3.0 3.0
2737 313663 3.0 3.0
2738 313724 3.0 3.0
2739 313817 3.0 3.0
2740 313896 3.0 3.0
2741 313981 3.0 3.0
2742 314048 3.0 3.0
2743 314134 3.0 3.0
2744 314206 3.0 3.0
2745 314281 3.0 3.0
2746 314355 3.0 3.0
2747 314452 3.0 3.0
2748 314536 3.0 3.0
2749 314616 3.0 3.0
2750 314697 3.0 3.0
2751 314786 3.0 3.0
2752 314869 3.0 3.0
2753 314963 3.0 3.0
2754 315034 3.0 3.0
2755 315119 3.0 3.0
2756 315233 3.0 3.0
2757 315306 3.0 3.0
2758 315415 3.0 3.0
2759 315496 3.0 3.0
2760 315574 3.0 3.0
2761 315644 3.0 3.0
2762 315710 3.0 3.0
2763 315791 3.0 3.0
2764 315860 3.0 3.0
2765 315958 3.0 3.0
2766 316039 3.0 3.0
2767 316139 3.0 3.0
2768 316222 3.0 3.0
2769 316327 3.0 3.0
2770 316406 3.0 3.0
2771 316474 3.0 3.0
2772 316547 3.0 3.0
2773 316662 3.0 3.0
2774 316732 3.0 3.0
2775 316799 3.0 3.0
2776 316928 3.0 3.0
2777 317008 3.0 3.0
2778 317120 3.0 3.0
2779 317196 3.0 3.0
2780 317298 3.0 3.0
2781 317374 3.0 3.0
2782 317456 3.0 3.0
2783 317525 3.0 3.0
2784 317585 3.0 3.0
2785 317675 3.0 3.0
2786 317740 3.0 3.0
2787 317836 3.0 3.0
2788 317935 3.0 3.0
2789 318036 3.0 3.0
2790 318119 3.0 3.0
2791 318241 3.0 3.0
2792 318321 3.0 3.0
2793 318387 3.0 3.0
2794 318461 3.0 3.0
2795 318531 3.0 3.0
2796 318715 3.0 3.0
2797 318788 3.0 3.0
2798 318863 3.0 3.0
2799 318923 3.0 3.0
2800 319032 3.0 3.0
2801 319132 3.0 3.0
2802 319219 3.0 3.0
2803 319287 3.0 3.0
2804 319371 3.0 3.0
2805 319464 3.0 3.0
2806 319552 3.0 3.0
2807 319631 3.0 3.0
2808 319740 3.0 3.0
2809 319819 3.0 3.0
2810 319906 3.0 3.0
2811 319989 3.0 3.0
2812 320060 3.0 3.0
2813 320192 3.0 3.0
2814 320256 3.0 3.0
2815 320355 3.0 3.0
2816 320450 3.0 3.0
2817 320550 3.0 3.0
2818 320632 3.0 3.0
2819 320717 3.0 3.0
2820 320783 3.0 3.0
2821 320868 3.0 3.0
2822 321033 3.0 3.0
2823 321148 3.0 3.0
2824 321224 3.0 3.0
2825 321305 3.0 3.0
2826 321431 3.0 3.0
2827 321523 3.0 3.0
2828 321631 3.0 3.0
2829 321727 3.0 3.0
2830 321802 3.0 3.0
2831 321915 3.0 3.0
2832 321993 3.0 3.0
2833 322094 3.0 3.0
2834 322191 3.0 3.0
2835 322299 3.0 3.0
2836 322369 3.0 3.0
2837 322438 3.0 3.0
2838 322515 3.0 3.0
2839 322690 3.0 3.0
2840 322763 3.0 3.0
2841 322836 3.0 3.0
2842 322914 3.0 3.0
2843 322968 3.0 3.0
2844 323056 3.0 3.0
2845 323126 3.0 3.0
2846 323213 3.0 3.0
2847 323287 3.0 3.0
2848 323351 3.0 3.0
2849 323413 3.0 3.0
2850 323483 3.0 3.0
2851 323609 3.0 3.0
2852 323695 3.0 3.0
2853 323803 3.0 3.0
2854 323875 3.0 3.0
2855 323942 3.0 3.0
2856 324004 3.0 3.0
2857 324080 3.0 3.0
2858 324190 3.0 3.0
2859 324302 3.0 3.0
2860 324391 3.0 3.0
2861 324477 3.0 3.0
2862 324546 3.0 3.0
2863 324630 3.0 3.0
2864 324738 3.0 3.0
2865 324818 3.0 3.0
2866 324894 3.0 3.0
2867 324968 3.0 3.0
2868 325054 3.0 3.0
2869 325152 3.0 3.0
2870 325245 3.0 3.0
2871 325373 3.0 3.0
2872 325448 3.0 3.0
2873 325530 3.0 3.0
2874 325612 3.0 3.0
2875 325710 3.0 3.0
2876 325805 3.0 3.0
2877 325879 3.0 3.0
2878 325959 3.0 3.0
2879 326071 3.0 3.0
2880 326153 3.0 3.0
2881 326226 3.0 3.0
2882 326311 3.0 3.0
2883 326426 3.0 3.0
2884 326513 3.0 3.0
2885 326616 3.0 3.0
2886 326699 3.0 3.0
2887 326775 3.0 3.0
2888 326860 3.0 3.0
2889 326955 3.0 3.0
2890 327040 3.0 3.0
2891 327141 3.0 3.0
2892 327233 3.0 3.0
2893 327338 3.0 3.0
2894 327416 3.0 3.0
2895 327535 3.0 3.0
2896 327639 3.0 3.0
2897 327714 3.0 3.0
2898 327797 3.0 3.0
2899 327899 3.0 3.0
2900 327991 3.0 3.0
2901 328086 3.0 3.0
2902 328174 3.0 3.0
2903 328271 3.0 3.0
2904 328411 3.0 3.0
2905 328490 3.0 3.0
2906 328593 3.0 3.0
2907 328704 3.0 3.0
2908 328785 3.0 3.0
2909 328949 3.0 3.0
2910 329047 3.0 3.0
2911 329117 3.0 3.0
2912 329203 3.0 3.0
2913 329296 3.0 3.0
2914 329388 3.0 3.0
2915 329505 3.0 3.0
2916 329599 3.0 3.0
2917 329682 3.0 3.0
2918 329784 3.0 3.0
2919 329865 3.0 3.0
2920 329954 3.0 3.0
2921 330054 3.0 3.0
2922 330129 3.0 3.0
2923 330218 3.0 3.0
2924 330329 3.0 3.0
2925 330440 3.0 3.0
2926 330740 0.0 2.97
2927 330830 3.0 2.97
2928 330909 3.0 2.97
2929 330968 3.0 2.97
2930 331077 3.0 2.97
2931 331195 3.0 2.97
2932 331291 3.0 2.97
2933 331351 3.0 2.97
2934 331440 3.0 2.97
2935 331525 3.0 2.97
2936 331605 3.0 2.97
2937 331684 3.0 2.97
2938 331751 3.0 2.97
2939 331913 3.0 2.97
2940 332044 3.0 2.97
2941 332157 3.0 2.97
2942 332247 3.0 2.97
2943 332317 3.0 2.97
2944 332400 3.0 2.97
2945 332498 3.0 2.97
2946 332578 3.0 2.97
2947 332656 3.0 2.97
2948 332735 3.0 2.97
2949 332807 3.0 2.97
2950 332891 3.0 2.97
2951 332959 3.0 2.97
2952 333081 3.0 2.97
2953 333152 3.0 2.97
2954 333229 3.0 2.97
2955 333302 3.0 2.97
2956 333410 3.0 2.97
2957 333503 3.0 2.97
2958 333602 3.0 2.97
2959 333673 3.0 2.97
2960 333761 3.0 2.97
2961 333828 3.0 2.97
2962 333896 3.0 2.97
2963 333977 3.0 2.97
2964 334037 3.0 2.97
2965 334116 3.0 2.97
2966 334220 3.0 2.97
2967 334321 3.0 2.97
2968 334407 3.0 2.97
2969 334493 3.0 2.97
2970 334573 3.0 2.97
2971 334670 3.0 2.97
2972 334739 3.0 2.97
2973 334802 3.0 2.97
2974 334890 3.0 2.97
2975 335067 3.0 2.97
2976 335134 3.0 2.97
2977 335200 3.0 2.97
2978 335306 3.0 2.97
2979 335381 3.0 2.97
2980 335509 3.0 2.97
2981 335635 3.0 2.97
2982 335782 3.0 2.97
2983 335887 3.0 2.97
2984 335967 3.0 2.97
2985 336079 3.0 2.97
2986 336172 3.0 2.97
2987 336253 3.0 2.97
2988 336319 3.0 2.97
2989 336372 3.0 2.97
2990 336453 3.0 2.97
2991 336520 3.0 2.97
2992 336589 3.0 2.97
2993 336665 3.0 2.97
2994 336780 3.0 2.97
2995 336850 3.0 2.97
2996 336930 3.0 2.97
2997 337005 3.0 2.97
2998 337083 3.0 2.97
2999 337158 3.0 2.97
3000 337246 3.0 2.97
3001 337316 3.0 2.97
3002 337419 3.0 2.97
3003 337500 3.0 2.97
3004 337570 3.0 2.97
3005 337666 3.0 2.97
3006 337765 3.0 2.97
3007 337943 3.0 2.97
3008 338070 3.0 2.97
3009 338169 3.0 2.97
3010 338257 3.0 2.97
3011 338341 3.0 2.97
3012 338444 3.0 2.97
3013 338565 3.0 2.97
3014 338676 3.0 2.97
3015 338761 3.0 2.97
3016 338896 3.0 2.97
3017 338981 3.0 2.97
3018 339061 3.0 2.97
3019 339155 3.0 2.97
3020 339221 3.0 2.97
3021 339376 3.0 2.97
3022 339481 3.0 2.97
3023 339556 3.0 2.97
3024 339643 3.0 2.97
3025 339740 3.0 2.97
3026 339808 3.0 3.0
3027 339891 3.0 3.0
3028 339954 3.0 3.0
3029 340013 3.0 3.0
3030 340093 3.0 3.0
3031 340185 3.0 3.0
3032 340335 3.0 3.0
3033 340410 3.0 3.0
3034 340507 3.0 3.0
3035 340633 3.0 3.0
3036 340727 3.0 3.0
3037 340820 3.0 3.0
3038 340899 3.0 3.0
3039 340981 3.0 3.0
3040 341070 3.0 3.0
3041 341202 3.0 3.0
3042 341342 3.0 3.0
3043 341426 3.0 3.0
3044 341509 3.0 3.0
3045 341596 3.0 3.0
3046 341689 3.0 3.0
3047 341791 3.0 3.0
3048 341873 3.0 3.0
3049 341944 3.0 3.0
3050 342036 3.0 3.0
3051 342110 3.0 3.0
3052 342179 3.0 3.0
3053 342259 3.0 3.0
3054 342330 3.0 3.0
3055 342399 3.0 3.0
3056 342492 3.0 3.0
3057 342603 3.0 3.0
3058 342720 3.0 3.0
3059 342795 3.0 3.0
3060 342896 3.0 3.0
3061 342974 3.0 3.0
3062 343038 3.0 3.0
3063 343104 3.0 3.0
3064 343166 3.0 3.0
3065 343262 3.0 3.0
3066 343323 3.0 3.0
3067 343475 3.0 3.0
3068 343555 3.0 3.0
3069 343647 3.0 3.0
3070 343715 3.0 3.0
3071 343814 3.0 3.0
3072 343908 3.0 3.0
3073 343993 3.0 3.0
3074 344056 3.0 3.0
3075 344145 3.0 3.0
3076 344242 3.0 3.0
3077 344313 3.0 3.0
3078 344396 3.0 3.0
3079 344460 3.0 3.0
3080 344549 3.0 3.0
3081 344634 3.0 3.0
3082 344742 3.0 3.0
3083 344869 3.0 3.0
3084 344960 3.0 3.0
3085 345042 3.0 3.0
3086 345115 3.0 3.0
3087 345183 3.0 3.0
3088 345267 3.0 3.0
3089 345360 3.0 3.0
3090 345467 3.0 3.0
3091 345555 3.0 3.0
3092 345645 3.0 3.0
3093 345731 3.0 3.0
3094 345824 3.0 3.0
3095 345936 3.0 3.0
3096 346014 3.0 3.0
3097 346104 3.0 3.0
3098 346191 3.0 3.0
3099 346272 3.0 3.0
3100 346341 3.0 3.0
3101 346418 3.0 3.0
3102 346530 3.0 3.0
3103 346613 3.0 3.0
3104 346698 3.0 3.0
3105 346787 3.0 3.0
3106 346933 3.0 3.0
3107 347015 3.0 3.0
3108 347109 3.0 3.0
3109 347211 3.0 3.0
3110 347304 3.0 3.0
3111 347376 3.0 3.0
3112 347447 3.0 3.0
3113 347560 3.0 3.0
3114 347638 3.0 3.0
3115 347704 3.0 3.0
3116 347781 3.0 3.0
3117 347862 3.0 3.0
3118 347930 3.0 3.0
3119 348000 3.0 3.0
3120 348076 3.0 3.0
3121 348136 3.0 3.0
3122 348220 3.0 3.0
3123 348327 3.0 3.0
3124 348432 3.0 3.0
3125 348537 3.0 3.0
3126 348597 3.0 3.0
3127 348670 3.0 3.0
3128 348796 3.0 3.0
3129 348878 3.0 3.0
3130 348950 3.0 3.0
3131 349022 3.0 3.0
3132 349119 3.0 3.0
3133 349206 3.0 3.0
3134 349277 3.0 3.0
3135 349338 3.0 3.0
3136 349463 3.0 3.0
3137 349564 3.0 3.0
3138 349636 3.0 3.0
3139 349751 3.0 3.0
3140 349864 3.0 3.0
3141 349967 3.0 3.0
3142 350042 3.0 3.0
3143 350122 3.0 3.0
3144 350197 3.0 3.0
3145 350280 3.0 3.0
3146 350372 3.0 3.0
3147 350447 3.0 3.0
3148 350514 3.0 3.0
3149 350596 3.0 3.0
3150 350664 3.0 3.0
3151 350743 3.0 3.0
3152 350829 3.0 3.0
3153 350911 3.0 3.0
3154 351003 3.0 3.0
3155 351086 3.0 3.0
3156 351169 3.0 3.0
3157 351235 3.0 3.0
3158 351325 3.0 3.0
3159 351387 3.0 3.0
3160 351451 3.0 3.0
3161 351535 3.0 3.0
3162 351612 3.0 3.0
3163 351670 3.0 3.0
3164 351748 3.0 3.0
3165 351828 3.0 3.0
3166 351914 3.0 3.0
3167 351992 3.0 3.0
3168 352092 3.0 3.0
3169 352161 3.0 3.0
3170 352229 3.0 3.0
3171 352310 3.0 3.0
3172 352390 3.0 3.0
3173 352524 3.0 3.0
3174 352615 3.0 3.0
3175 352703 3.0 3.0
3176 352788 3.0 3.0
3177 352862 3.0 3.0
3178 352942 3.0 3.0
3179 353044 3.0 3.0
3180 353118 3.0 3.0
3181 353234 3.0 3.0
3182 353394 3.0 3.0
3183 353477 3.0 3.0
3184 353568 3.0 3.0
3185 353657 3.0 3.0
3186 353728 3.0 3.0
3187 353810 3.0 3.0
3188 353887 3.0 3.0
3189 353988 3.0 3.0
3190 354066 3.0 3.0
3191 354141 3.0 3.0
3192 354208 3.0 3.0
3193 354279 3.0 3.0
3194 354346 3.0 3.0
3195 354430 3.0 3.0
3196 354508 3.0 3.0
3197 354600 3.0 3.0
3198 354695 3.0 3.0
3199 354792 3.0 3.0
3200 354894 3.0 3.0
3201 354981 3.0 3.0
3202 355064 3.0 3.0
3203 355141 3.0 3.0
3204 355218 3.0 3.0
3205 355309 3.0 3.0
3206 355394 3.0 3.0
3207 355473 3.0 3.0
3208 355558 3.0 3.0
3209 355637 3.0 3.0
3210 355743 3.0 3.0
3211 355824 3.0 3.0
3212 355912 3.0 3.0
3213 355992 3.0 3.0
3214 356081 3.0 3.0
3215 356180 3.0 3.0
3216 356250 3.0 3.0
3217 356348 3.0 3.0
3218 356464 3.0 3.0
3219 356577 3.0 3.0
3220 356658 3.0 3.0
3221 356730 3.0 3.0
3222 356801 3.0 3.0
3223 356893 3.0 3.0
3224 356992 3.0 3.0
3225 357073 3.0 3.0
3226 357159 3.0 3.0
3227 357317 3.0 3.0
3228 357408 3.0 3.0
3229 357493 3.0 3.0
3230 357566 3.0 3.0
3231 357642 3.0 3.0
3232 357755 3.0 3.0
3233 357853 3.0 3.0
3234 357924 3.0 3.0
3235 358023 3.0 3.0
3236 358098 3.0 3.0
3237 358205 3.0 3.0
3238 358274 3.0 3.0
3239 358371 3.0 3.0
3240 358430 3.0 3.0
3241 358513 3.0 3.0
3242 358580 3.0 3.0
3243 358654 3.0 3.0
3244 358746 3.0 3.0
3245 358843 3.0 3.0
3246 358928 3.0 3.0
3247 359012 3.0 3.0
3248 359076 3.0 3.0
3249 359150 3.0 3.0
3250 359266 3.0 3.0
3251 359368 3.0 3.0
3252 359437 3.0 3.0
3253 359524 3.0 3.0
3254 359617 3.0 3.0
3255 359735 3.0 3.0
3256 359817 3.0 3.0
3257 359882 3.0 3.0
3258 359941 3.0 3.0
3259 360042 3.0 3.0
3260 360133 3.0 3.0
3261 360205 3.0 3.0
3262 360300 3.0 3.0
3263 360449 3.0 3.0
3264 360532 3.0 3.0
3265 360635 3.0 3.0
3266 360761 3.0 3.0
3267 360857 3.0 3.0
3268 360969 3.0 3.0
3269 361039 3.0 3.0
3270 361121 3.0 3.0
3271 361211 3.0 3.0
3272 361314 3.0 3.0
3273 361388 3.0 3.0
3274 361464 3.0 3.0
3275 361545 3.0 3.0
3276 361657 3.0 3.0
3277 361742 3.0 3.0
3278 361804 3.0 3.0
3279 361859 3.0 3.0
3280 361946 3.0 3.0
3281 362031 3.0 3.0
3282 362106 3.0 3.0
3283 362184 3.0 3.0
3284 362273 3.0 3.0
3285 362352 3.0 3.0
3286 362460 3.0 3.0
3287 362536 3.0 3.0
3288 362621 3.0 3.0
3289 362769 3.0 3.0
3290 362851 3.0 3.0
3291 362926 3.0 3.0
3292 362995 3.0 3.0
3293 363073 3.0 3.0
3294 363167 3.0 3.0
3295 363262 3.0 3.0
3296 363339 3.0 3.0
3297 363433 3.0 3.0
3298 363519 3.0 3.0
3299 363609 3.0 3.0
3300 363682 3.0 3.0
3301 363765 3.0 3.0
3302 363846 3.0 3.0
3303 363931 3.0 3.0
3304 364020 3.0 3.0
3305 364120 3.0 3.0
3306 364206 3.0 3.0
3307 364272 3.0 3.0
3308 364367 3.0 3.0
3309 364440 3.0 3.0
3310 364535 3.0 3.0
3311 364610 3.0 3.0
3312 364667 3.0 3.0
3313 364762 3.0 3.0
3314 364874 3.0 3.0
3315 364963 3.0 3.0
3316 365044 3.0 3.0
3317 365104 3.0 3.0
3318 365176 3.0 3.0
3319 365258 3.0 3.0
3320 365330 3.0 3.0
3321 365434 3.0 3.0
3322 365517 3.0 3.0
3323 365630 3.0 3.0
3324 365722 3.0 3.0
3325 365785 3.0 3.0
3326 365883 3.0 3.0
3327 365984 3.0 3.0
3328 366072 3.0 3.0
3329 366128 3.0 3.0
3330 366252 3.0 3.0
3331 366348 3.0 3.0
3332 366456 3.0 3.0
3333 366547 3.0 3.0
3334 366636 3.0 3.0
3335 366708 3.0 3.0
3336 366795 3.0 3.0
3337 366886 3.0 3.0
3338 366974 3.0 3.0
3339 367066 3.0 3.0
3340 367139 3.0 3.0
3341 367239 3.0 3.0
3342 367337 3.0 3.0
3343 367416 3.0 3.0
3344 367513 3.0 3.0
3345 367584 3.0 3.0
3346 367665 3.0 3.0
3347 367764 3.0 3.0
3348 367835 3.0 3.0
3349 367913 3.0 3.0
3350 368006 3.0 3.0
3351 368075 3.0 3.0
3352 368155 3.0 3.0
3353 368241 3.0 3.0
3354 368319 3.0 3.0
3355 368411 3.0 3.0
3356 368466 3.0 3.0
3357 368542 3.0 3.0
3358 368623 3.0 3.0
3359 368698 3.0 3.0
3360 368765 3.0 3.0
3361 368866 3.0 3.0
3362 368929 3.0 3.0
3363 369004 3.0 3.0
3364 369133 3.0 3.0
3365 369243 3.0 3.0
3366 369413 3.0 3.0
3367 369500 3.0 3.0
3368 369618 3.0 3.0
3369 369712 3.0 3.0
3370 369789 3.0 3.0
3371 369860 3.0 3.0
3372 370025 3.0 3.0
3373 370123 3.0 3.0
3374 370211 3.0 3.0
3375 370335 3.0 3.0
3376 370389 3.0 3.0
3377 370484 3.0 3.0
3378 370571 3.0 3.0
3379 370679 3.0 3.0
3380 370740 3.0 3.0
3381 370849 3.0 3.0
3382 370923 3.0 3.0
3383 371007 3.0 3.0
3384 371079 3.0 3.0
3385 371161 3.0 3.0
3386 371278 3.0 3.0
3387 371353 3.0 3.0
3388 371468 3.0 3.0
3389 371578 3.0 3.0
3390 371682 3.0 3.0
3391 371766 3.0 3.0
3392 371841 3.0 3.0
3393 371940 3.0 3.0
3394 372029 3.0 3.0
3395 372101 3.0 3.0
3396 372201 3.0 3.0
3397 372277 3.0 3.0
3398 372359 3.0 3.0
3399 372445 3.0 3.0
3400 372514 3.0 3.0
3401 372606 3.0 3.0
3402 372671 3.0 3.0
3403 372736 3.0 3.0
3404 372794 3.0 3.0
3405 372890 3.0 3.0
3406 372961 3.0 3.0
3407 373035 3.0 3.0
3408 373128 3.0 3.0
3409 373202 3.0 3.0
3410 373285 3.0 3.0
3411 373353 3.0 3.0
3412 373487 3.0 3.0
3413 373548 3.0 3.0
3414 373614 3.0 3.0
3415 373687 3.0 3.0
3416 373758 3.0 3.0
3417 373855 3.0 3.0
3418 373951 3.0 3.0
3419 374043 3.0 3.0
3420 374130 3.0 3.0
3421 374206 3.0 3.0
3422 374296 3.0 3.0
3423 374402 3.0 3.0
3424 374476 3.0 3.0
3425 374572 3.0 3.0
3426 374635 3.0 3.0
3427 374738 3.0 3.0
3428 374808 3.0 3.0
3429 374964 3.0 3.0
3430 375063 3.0 3.0
3431 375149 3.0 3.0
3432 375213 3.0 3.0
3433 375289 3.0 3.0
3434 375358 3.0 3.0
3435 375461 3.0 3.0
3436 375529 3.0 3.0
3437 375602 3.0 3.0
3438 375685 3.0 3.0
3439 375759 3.0 3.0
3440 375829 3.0 3.0
3441 375899 3.0 3.0
3442 376000 3.0 3.0
3443 376106 3.0 3.0
3444 376186 3.0 3.0
3445 376264 3.0 3.0
3446 376382 3.0 3.0
3447 376475 3.0 3.0
3448 376582 3.0 3.0
3449 376729 3.0 3.0
3450 376813 3.0 3.0
3451 376889 3.0 3.0
3452 376953 3.0 3.0
3453 377043 3.0 3.0
3454 377179 3.0 3.0
3455 377259 3.0 3.0
3456 377345 3.0 3.0
3457 377423 3.0 3.0
3458 377519 3.0 3.0
3459 377650 3.0 3.0
3460 377721 3.0 3.0
3461 377791 3.0 3.0
3462 377891 3.0 3.0
3463 378024 3.0 3.0
3464 378087 3.0 3.0
3465 378166 3.0 3.0
3466 378248 3.0 3.0
3467 378346 3.0 3.0
3468 378412 3.0 3.0
3469 378476 3.0 3.0
3470 378600 3.0 3.0
3471 378692 3.0 3.0
3472 378756 3.0 3.0
3473 378829 3.0 3.0
3474 378920 3.0 3.0
3475 379004 3.0 3.0
3476 379109 3.0 3.0
3477 379200 3.0 3.0
3478 379284 3.0 3.0
3479 379340 3.0 3.0
3480 379410 3.0 3.0
3481 379480 3.0 3.0
3482 379628 3.0 3.0
3483 379730 3.0 3.0
3484 379827 3.0 3.0
3485 379907 3.0 3.0
3486 380029 3.0 3.0
3487 380114 3.0 3.0
3488 380194 3.0 3.0
3489 380278 3.0 3.0
3490 380375 3.0 3.0
3491 380458 3.0 3.0
3492 380551 3.0 3.0
3493 380613 3.0 3.0
3494 380681 3.0 3.0
3495 380768 3.0 3.0
3496 380876 3.0 3.0
3497 380971 3.0 3.0
3498 381067 3.0 3.0
3499 381164 3.0 3.0
3500 381276 3.0 3.0
3501 381349 3.0 3.0
3502 381443 3.0 3.0
3503 381557 3.0 3.0
3504 381630 3.0 3.0
3505 381713 3.0 3.0
3506 381822 3.0 3.0
3507 381907 3.0 3.0
3508 381983 3.0 3.0
3509 382057 3.0 3.0
3510 382138 3.0 3.0
3511 382209 3.0 3.0
3512 382293 3.0 3.0
3513 382372 3.0 3.0
3514 382447 3.0 3.0
3515 382515 3.0 3.0
3516 382620 3.0 3.0
3517 382715 3.0 3.0
3518 382829 3.0 3.0
3519 382912 3.0 3.0
3520 382972 3.0 3.0
3521 383080 3.0 3.0
3522 383159 3.0 3.0
3523 383242 3.0 3.0
3524 383323 3.0 3.0
3525 383428 3.0 3.0
3526 383555 3.0 3.0
3527 383621 3.0 3.0
3528 383706 3.0 3.0
3529 383779 3.0 3.0
3530 383857 3.0 3.0
3531 383921 3.0 3.0
3532 384001 3.0 3.0
3533 384095 3.0 3.0
3534 384164 3.0 3.0
3535 384238 3.0 3.0
3536 384349 3.0 3.0
3537 384422 3.0 3.0
3538 384491 3.0 3.0
3539 384551 3.0 3.0
3540 384637 3.0 3.0
3541 384705 3.0 3.0
3542 384795 3.0 3.0
3543 384897 3.0 3.0
3544 384960 3.0 3.0
3545 385070 3.0 3.0
3546 385156 3.0 3.0
3547 385295 3.0 3.0
3548 385359 3.0 3.0
3549 385446 3.0 3.0
3550 385515 3.0 3.0
3551 385606 3.0 3.0
3552 385695 3.0 3.0
3553 385768 3.0 3.0
3554 385839 3.0 3.0
3555 385915 3.0 3.0
3556 385981 3.0 3.0
3557 386077 3.0 3.0
3558 386158 3.0 3.0
3559 386227 3.0 3.0
3560 386295 3.0 3.0
3561 386370 3.0 3.0
3562 386480 3.0 3.0
3563 386568 3.0 3.0
3564 386637 3.0 3.0
3565 386745 3.0 3.0
3566 386823 3.0 3.0
3567 386893 3.0 3.0
3568 386993 3.0 3.0
3569 387099 3.0 3.0
3570 387199 3.0 3.0
3571 387297 3.0 3.0
3572 387392 3.0 3.0
3573 387503 3.0 3.0
3574 387611 3.0 3.0
3575 387705 3.0 3.0
3576 387784 3.0 3.0
3577 387872 3.0 3.0
3578 387948 3.0 3.0
3579 388017 3.0 3.0
3580 388085 3.0 3.0
3581 388156 3.0 3.0
3582 388229 3.0 3.0
3583 388318 3.0 3.0
3584 388451 3.0 3.0
3585 388529 3.0 3.0
3586 388634 3.0 3.0
3587 388707 3.0 3.0
3588 388782 3.0 3.0
3589 388861 3.0 3.0
3590 388957 3.0 3.0
3591 389030 3.0 3.0
3592 389163 3.0 3.0
3593 389225 3.0 3.0
3594 389315 3.0 3.0
3595 389389 3.0 3.0
3596 389469 3.0 3.0
3597 389543 3.0 3.0
3598 389642 3.0 3.0
3599 389739 3.0 3.0
3600 389830 3.0 3.0
3601 389935 3.0 3.0
3602 390002 3.0 3.0
3603 390110 3.0 3.0
3604 390191 3.0 3.0
3605 390259 3.0 3.0
3606 390339 3.0 3.0
3607 390419 3.0 3.0
3608 390505 3.0 3.0
3609 390590 3.0 3.0
3610 390659 3.0 3.0
3611 390744 3.0 3.0
3612 390827 3.0 3.0
3613 390909 3.0 3.0
3614 390983 3.0 3.0
3615 391065 3.0 3.0
3616 391144 3.0 3.0
3617 391226 3.0 3.0
3618 391302 3.0 3.0
3619 391386 3.0 3.0
3620 391465 3.0 3.0
3621 391543 3.0 3.0
3622 391707 3.0 3.0
3623 391794 3.0 3.0
3624 391874 3.0 3.0
3625 391952 3.0 3.0
3626 392045 3.0 3.0
3627 392135 3.0 3.0
3628 392211 3.0 3.0
3629 392295 3.0 3.0
3630 392392 3.0 3.0
3631 392509 3.0 3.0
3632 392600 3.0 3.0
3633 392701 3.0 3.0
3634 392776 3.0 3.0
3635 392859 3.0 3.0
3636 392954 3.0 3.0
3637 393045 3.0 3.0
3638 393124 3.0 3.0
3639 393196 3.0 3.0
3640 393288 3.0 3.0
3641 393363 3.0 3.0
3642 393500 3.0 3.0
3643 393585 3.0 3.0
3644 393659 3.0 3.0
3645 393727 3.0 3.0
3646 393808 3.0 3.0
3647 393894 3.0 3.0
3648 393975 3.0 3.0
3649 394057 3.0 3.0
3650 394128 3.0 3.0
3651 394236 3.0 3.0
3652 394299 3.0 3.0
3653 394388 3.0 3.0
3654 394464 3.0 3.0
3655 394551 3.0 3.0
3656 394631 3.0 3.0
3657 394726 3.0 3.0
3658 394841 3.0 3.0
3659 394933 3.0 3.0
3660 395032 3.0 3.0
3661 395107 3.0 3.0
3662 395193 3.0 3.0
3663 395289 3.0 3.0
3664 395378 3.0 3.0
3665 395455 3.0 3.0
3666 395547 3.0 3.0
3667 395636 3.0 3.0
3668 395717 3.0 3.0
3669 395790 3.0 3.0
3670 395879 3.0 3.0
3671 395959 3.0 3.0
3672 396029 3.0 3.0
3673 396102 3.0 3.0
3674 396190 3.0 3.0
3675 396256 3.0 3.0
3676 396354 3.0 3.0
3677 396432 3.0 3.0
3678 396494 3.0 3.0
3679 396569 3.0 3.0
3680 396642 3.0 3.0
3681 396735 3.0 3.0
3682 396807 3.0 3.0
3683 396897 3.0 3.0
3684 396989 3.0 3.0
3685 397134 3.0 3.0
3686 397192 3.0 3.0
3687 397309 3.0 3.0
3688 397389 3.0 3.0
3689 397477 3.0 3.0
3690 397559 3.0 3.0
3691 397638 3.0 3.0
3692 397780 3.0 3.0
3693 397872 3.0 3.0
3694 397950 3.0 3.0
3695 398053 3.0 3.0
3696 398128 3.0 3.0
3697 398209 3.0 3.0
3698 398301 3.0 3.0
3699 398387 3.0 3.0
3700 398481 3.0 3.0
3701 398540 3.0 3.0
3702 398642 3.0 3.0
3703 398738 3.0 3.0
3704 398816 3.0 3.0
3705 398932 3.0 3.0
3706 399007 3.0 3.0
3707 399064 3.0 3.0
3708 399137 3.0 3.0
3709 399211 3.0 3.0
3710 399287 3.0 3.0
3711 399386 3.0 3.0
3712 399479 3.0 3.0
3713 399571 3.0 3.0
3714 399648 3.0 3.0
3715 399710 3.0 3.0
3716 399800 3.0 3.0
3717 399896 3.0 3.0
3718 399987 3.0 3.0
3719 400087 3.0 3.0
