1 300 0.0 0.0
2 600 0.0 0.0
3 900 0.0 0.0
4 1200 0.0 0.0
5 1500 0.0 0.0
6 1800 0.0 0.0
7 2100 0.0 0.0
8 2400 0.0 0.0
9 2700 1.0 0.01
10 3000 0.0 0.01
11 3300 0.0 0.01
12 3600 0.0 0.01
13 3900 0.0 0.01
14 4200 0.0 0.01
15 4500 0.0 0.01
16 4800 1.0 0.02
17 5100 0.0 0.02
18 5400 0.0 0.02
19 5700 0.0 0.02
20 6000 1.0 0.03
21 6300 0.0 0.03
22 6600 0.0 0.03
23 6900 0.0 0.03
24 7200 1.0 0.04
25 7500 1.0 0.05
26 7800 0.0 0.05
27 8100 1.0 0.06
28 8400 1.0 0.07
29 8700 1.0 0.08
30 9000 1.0 0.09
31 9300 0.0 0.09
32 9600 1.0 0.1
33 9900 1.0 0.11
34 10200 1.0 0.12
35 10500 1.0 0.13
36 10800 1.0 0.14
37 11100 1.0 0.15
38 11400 1.0 0.16
39 11700 1.0 0.17
40 12000 1.0 0.18
41 12300 1.0 0.19
42 12600 1.0 0.2
43 12900 1.0 0.21
44 13200 1.0 0.22
45 13500 1.0 0.23
46 13800 1.0 0.24
47 14100 1.0 0.25
48 14400 1.0 0.26
49 14700 1.0 0.27
50 15000 1.0 0.28
51 15300 1.0 0.29
52 15600 1.0 0.3
53 15900 1.0 0.31
54 16200 1.0 0.32
55 16500 1.0 0.33
56 16800 1.0 0.34
57 17100 1.0 0.35
58 17400 1.0 0.36
59 17700 1.0 0.37
60 18000 1.0 0.38
61 18300 1.0 0.39
62 18600 1.0 0.4
63 18900 1.0 0.41
64 19200 1.0 0.42
65 19500 1.0 0.43
66 19800 1.0 0.44
67 20100 1.0 0.45
68 20400 1.0 0.46
69 20700 1.0 0.47
70 21000 1.0 0.48
71 21300 1.0 0.49
72 21600 1.0 0.5
73 21900 1.0 0.51
74 22200 1.0 0.52
75 22500 1.0 0.53
76 22800 1.0 0.54
77 23100 1.0 0.55
78 23400 1.0 0.56
79 23700 1.0 0.57
80 24000 1.0 0.58
81 24300 1.0 0.59
82 24600 1.0 0.6
83 24900 1.0 0.61
84 25200 1.0 0.62
85 25500 1.0 0.63
86 25800 1.0 0.64
87 26100 1.0 0.65
88 26400 1.0 0.66
89 26700 1.0 0.67
90 27000 1.0 0.68
91 27300 1.0 0.69
92 27600 1.0 0.7
93 27900 1.0 0.71
94 28200 1.0 0.72
95 28500 1.0 0.73
96 28800 1.0 0.74
97 29100 1.0 0.75
98 29400 1.0 0.76
99 29700 1.0 0.77
100 30000 1.0 0.78
101 30300 1.0 0.79
102 30600 1.0 0.8
103 30900 1.0 0.81
104 31200 1.0 0.82
105 31500 1.0 0.83
106 31800 1.0 0.84
107 32100 1.0 0.85
108 32400 1.0 0.86
109 32700 1.0 0.86
110 33000 1.0 0.87
111 33300 1.0 0.88
112 33600 1.0 0.89
113 33900 1.0 0.9
114 34200 1.0 0.91
115 34500 1.0 0.92
116 34800 1.0 0.92
117 35100 1.0 0.93
118 35400 1.0 0.94
119 35700 1.0 0.95
120 36000 1.0 0.95
121 36300 1.0 0.96
122 36600 1.0 0.97
123 36900 1.0 0.98
124 37200 1.0 0.98
125 37500 1.0 0.98
126 37800 1.0 0.99
127 38100 1.0 0.99
128 38400 1.0 0.99
129 38700 1.0 0.99
130 39000 1.0 0.99
131 39300 1.0 1.0
132 39600 1.0 1.0
133 39900 1.0 1.0
134 40200 1.0 1.0
135 40500 1.0 1.0
136 40800 1.0 1.0
137 41100 1.0 1.0
138 41400 1.0 1.0
139 41700 1.0 1.0
140 42000 1.0 1.0
141 42300 1.0 1.0
142 42600 1.0 1.0
143 42900 1.0 1.0
144 43200 1.0 1.0
145 43500 1.0 1.0
146 43800 1.0 1.0
147 44100 1.0 1.0
148 44400 1.0 1.0
149 44700 1.0 1.0
150 45000 1.0 1.0
151 45300 1.0 1.0
152 45600 1.0 1.0
153 45900 1.0 1.0
154 46200 1.0 1.0
155 46500 1.0 1.0
156 46800 1.0 1.0
157 47100 1.0 1.0
158 47400 1.0 1.0
159 47700 1.0 1.0
160 48000 1.0 1.0
161 48300 1.0 1.0
162 48600 1.0 1.0
163 48900 1.0 1.0
164 49200 1.0 1.0
165 49500 1.0 1.0
166 49800 2.0 1.01
167 50100 1.0 1.01
168 50400 1.0 1.01
169 50700 1.0 1.01
170 51000 1.0 1.01
171 51300 1.0 1.01
172 51600 1.0 1.01
173 51900 2.0 1.02
174 52200 1.0 1.02
175 52500 1.0 1.02
176 52800 1.0 1.02
177 53100 1.0 1.02
178 53400 2.0 1.03
179 53700 2.0 1.04
180 54000 2.0 1.05
181 54300 1.0 1.05
182 54600 2.0 1.06
183 54900 2.0 1.07
184 55200 1.0 1.07
185 55500 2.0 1.08
186 55800 2.0 1.09
187 56100 2.0 1.1
188 56400 2.0 1.11
189 56700 2.0 1.12
190 56983 3.0 1.14
191 57256 3.0 1.16
192 57556 2.0 1.17
193 57803 3.0 1.19
194 58103 2.0 1.2
195 58403 2.0 1.21
196 58703 2.0 1.22
197 58907 3.0 1.24
198 59151 3.0 1.26
199 59335 3.0 1.28
200 59635 2.0 1.29
201 59935 2.0 1.3
202 60235 2.0 1.31
203 60535 2.0 1.32
204 60835 2.0 1.33
205 61135 2.0 1.34
206 61322 3.0 1.36
207 61622 2.0 1.37
208 61922 2.0 1.38
209 62138 3.0 1.4
210 62412 3.0 1.42
211 62712 2.0 1.43
212 62967 3.0 1.45
213 63267 2.0 1.46
214 63441 3.0 1.48
215 63571 3.0 1.5
216 63871 2.0 1.51
217 64171 3.0 1.53
218 64383 3.0 1.55
219 64525 3.0 1.57
220 64790 3.0 1.59
221 65090 2.0 1.6
222 65303 3.0 1.62
223 65603 2.0 1.63
224 65743 3.0 1.65
225 66043 2.0 1.66
226 66190 3.0 1.68
227 66490 2.0 1.69
228 66664 3.0 1.71
229 66817 3.0 1.73
230 67078 3.0 1.75
231 67239 3.0 1.77
232 67385 3.0 1.79
233 67606 3.0 1.81
234 67759 3.0 1.83
235 67933 3.0 1.85
236 68024 3.0 1.87
237 68144 3.0 1.89
238 68278 3.0 1.91
239 68442 3.0 1.93
240 68667 3.0 1.95
241 68865 3.0 1.97
242 69069 3.0 1.99
243 69271 3.0 2.01
244 69448 3.0 2.03
245 69622 3.0 2.05
246 69755 3.0 2.07
247 69882 3.0 2.09
248 70091 3.0 2.11
249 70293 3.0 2.13
250 70402 3.0 2.15
251 70593 3.0 2.17
252 70692 3.0 2.19
253 70843 3.0 2.21
254 70976 3.0 2.23
255 71180 3.0 2.25
256 71261 3.0 2.27
257 71421 3.0 2.29
258 71614 3.0 2.31
259 71820 3.0 2.33
260 72000 3.0 2.35
261 72099 3.0 2.37
262 72262 3.0 2.39
263 72366 3.0 2.41
264 72516 3.0 2.43
265 72627 3.0 2.45
266 72772 3.0 2.46
267 72873 3.0 2.48
268 73047 3.0 2.5
269 73154 3.0 2.52
270 73266 3.0 2.54
271 73413 3.0 2.56
272 73511 3.0 2.58
273 73635 3.0 2.59
274 73841 3.0 2.61
275 74118 3.0 2.63
276 74248 3.0 2.65
277 74333 3.0 2.67
278 74418 3.0 2.68
279 74595 3.0 2.69
280 74708 3.0 2.7
281 74810 3.0 2.72
282 74936 3.0 2.73
283 75072 3.0 2.74
284 75189 3.0 2.76
285 75329 3.0 2.77
286 75426 3.0 2.78
287 75593 3.0 2.79
288 75856 3.0 2.8
289 75977 3.0 2.81
290 76108 3.0 2.81
291 76301 3.0 2.81
292 76409 3.0 2.82
293 76630 3.0 2.82
294 76720 3.0 2.83
295 76850 3.0 2.84
296 77033 3.0 2.85
297 77193 3.0 2.85
298 77343 3.0 2.85
299 77474 3.0 2.85
300 77617 3.0 2.86
301 77744 3.0 2.87
302 77850 3.0 2.88
303 77946 3.0 2.89
304 78037 3.0 2.9
305 78171 3.0 2.91
306 78388 3.0 2.91
307 78487 3.0 2.92
308 78662 3.0 2.93
309 78782 3.0 2.93
310 78923 3.0 2.93
311 79090 3.0 2.94
312 79241 3.0 2.94
313 79400 3.0 2.95
314 79513 3.0 2.95
315 79666 3.0 2.95
316 79810 3.0 2.96
317 79949 3.0 2.96
318 80065 3.0 2.96
319 80210 3.0 2.96
320 80426 3.0 2.96
321 80530 3.0 2.97
322 80685 3.0 2.97
323 80836 3.0 2.98
324 80976 3.0 2.98
325 81081 3.0 2.99
326 81307 3.0 2.99
327 81452 3.0 3.0
328 81555 3.0 3.0
329 81730 3.0 3.0
330 81868 3.0 3.0
331 82059 3.0 3.0
332 82184 3.0 3.0
333 82322 3.0 3.0
334 82485 3.0 3.0
335 82622 3.0 3.0
336 82731 3.0 3.0
337 82894 3.0 3.0
338 82982 3.0 3.0
339 83102 3.0 3.0
340 83181 3.0 3.0
341 83290 3.0 3.0
342 83364 3.0 3.0
343 83497 3.0 3.0
344 83663 3.0 3.0
345 83756 3.0 3.0
346 83885 3.0 3.0
347 84042 3.0 3.0
348 84164 3.0 3.0
349 84286 3.0 3.0
350 84403 3.0 3.0
351 84488 3.0 3.0
352 84594 3.0 3.0
353 84698 3.0 3.0
354 84781 3.0 3.0
355 84957 3.0 3.0
356 85121 3.0 3.0
357 85229 3.0 3.0
358 85419 3.0 3.0
359 85528 3.0 3.0
360 85639 3.0 3.0
361 85831 3.0 3.0
362 85920 3.0 3.0
363 86076 3.0 3.0
364 86158 3.0 3.0
365 86298 3.0 3.0
366 86371 3.0 3.0
367 86470 3.0 3.0
368 86613 3.0 3.0
369 86695 3.0 3.0
370 86822 3.0 3.0
371 86904 3.0 3.0
372 87046 3.0 3.0
373 87139 3.0 3.0
374 87227 3.0 3.0
375 87358 3.0 3.0
376 87498 3.0 3.0
377 87695 3.0 3.0
378 87814 3.0 3.0
379 87954 3.0 3.0
380 88060 3.0 3.0
381 88158 3.0 3.0
382 88357 3.0 3.0
383 88434 3.0 3.0
384 88572 3.0 3.0
385 88716 3.0 3.0
386 88810 3.0 3.0
387 88988 3.0 3.0
388 89229 3.0 3.0
389 89396 3.0 3.0
390 89475 3.0 3.0
391 89630 3.0 3.0
392 89809 3.0 3.0
393 89936 3.0 3.0
394 90116 3.0 3.0
395 90255 3.0 3.0
396 90516 3.0 3.0
397 90674 3.0 3.0
398 90777 3.0 3.0
399 90877 3.0 3.0
400 91013 3.0 3.0
401 91125 3.0 3.0
402 91340 3.0 3.0
403 91471 3.0 3.0
404 91562 3.0 3.0
405 91738 3.0 3.0
406 91858 3.0 3.0
407 91933 3.0 3.0
408 92047 3.0 3.0
409 92176 3.0 3.0
410 92299 3.0 3.0
411 92390 3.0 3.0
412 92607 3.0 3.0
413 92676 3.0 3.0
414 92797 3.0 3.0
415 92921 3.0 3.0
416 93025 3.0 3.0
417 93182 3.0 3.0
418 93273 3.0 3.0
419 93398 3.0 3.0
420 93582 3.0 3.0
421 93735 3.0 3.0
422 93877 3.0 3.0
423 94049 3.0 3.0
424 94157 3.0 3.0
425 94296 3.0 3.0
426 94412 3.0 3.0
427 94583 3.0 3.0
428 94667 3.0 3.0
429 94832 3.0 3.0
430 94918 3.0 3.0
431 95072 3.0 3.0
432 95197 3.0 3.0
433 95290 3.0 3.0
434 95369 3.0 3.0
435 95459 3.0 3.0
436 95544 3.0 3.0
437 95669 3.0 3.0
438 95815 3.0 3.0
439 95909 3.0 3.0
440 96025 3.0 3.0
441 96200 3.0 3.0
442 96346 3.0 3.0
443 96453 3.0 3.0
444 96635 3.0 3.0
445 96740 3.0 3.0
446 96878 3.0 3.0
447 96969 3.0 3.0
448 97114 3.0 3.0
449 97266 3.0 3.0
450 97474 3.0 3.0
451 97599 3.0 3.0
452 97703 3.0 3.0
453 97958 3.0 3.0
454 98030 3.0 3.0
455 98096 3.0 3.0
456 98225 3.0 3.0
457 98344 3.0 3.0
458 98469 3.0 3.0
459 98544 3.0 3.0
460 98688 3.0 3.0
461 98791 3.0 3.0
462 98855 3.0 3.0
463 98941 3.0 3.0
464 99078 3.0 3.0
465 99187 3.0 3.0
466 99293 3.0 3.0
467 99440 3.0 3.0
468 99624 3.0 3.0
469 99751 3.0 3.0
470 99867 3.0 3.0
471 99963 3.0 3.0
472 100100 3.0 3.0
473 100213 3.0 3.0
474 100339 3.0 3.0
475 100423 3.0 3.0
476 100540 3.0 3.0
477 100671 3.0 3.0
478 100775 3.0 3.0
479 100951 3.0 3.0
480 101117 3.0 3.0
481 101211 3.0 3.0
482 101298 3.0 3.0
483 101414 3.0 3.0
484 101546 3.0 3.0
485 101649 3.0 3.0
486 101761 3.0 3.0
487 101867 3.0 3.0
488 101979 3.0 3.0
489 102142 3.0 3.0
490 102239 3.0 3.0
491 102358 3.0 3.0
492 102451 3.0 3.0
493 102546 3.0 3.0
494 102635 3.0 3.0
495 102739 3.0 3.0
496 102850 3.0 3.0
497 102976 3.0 3.0
498 103110 3.0 3.0
499 103220 3.0 3.0
500 103364 3.0 3.0
501 103495 3.0 3.0
502 103608 3.0 3.0
503 103703 3.0 3.0
504 103781 3.0 3.0
505 103901 3.0 3.0
506 103998 3.0 3.0
507 104126 3.0 3.0
508 104257 3.0 3.0
509 104360 3.0 3.0
510 104444 3.0 3.0
511 104536 3.0 3.0
512 104656 3.0 3.0
513 104732 3.0 3.0
514 104846 3.0 3.0
515 104950 3.0 3.0
516 105096 3.0 3.0
517 105182 3.0 3.0
518 105311 3.0 3.0
519 105443 3.0 3.0
520 105587 3.0 3.0
521 105709 3.0 3.0
522 105828 3.0 3.0
523 105923 3.0 3.0
524 106019 3.0 3.0
525 106122 3.0 3.0
526 106229 3.0 3.0
527 106333 3.0 3.0
528 106421 3.0 3.0
529 106507 3.0 3.0
530 106630 3.0 3.0
531 106773 3.0 3.0
532 106913 3.0 3.0
533 107009 3.0 3.0
534 107167 3.0 3.0
535 107243 3.0 3.0
536 107389 3.0 3.0
537 107582 3.0 3.0
538 107667 3.0 3.0
539 107781 3.0 3.0
540 107848 3.0 3.0
541 107976 3.0 3.0
542 108105 3.0 3.0
543 108222 3.0 3.0
544 108342 3.0 3.0
545 108437 3.0 3.0
546 108551 3.0 3.0
547 108766 3.0 3.0
548 108897 3.0 3.0
549 109011 3.0 3.0
550 109140 3.0 3.0
551 109241 3.0 3.0
552 109316 3.0 3.0
553 109460 3.0 3.0
554 109559 3.0 3.0
555 109701 3.0 3.0
556 109897 3.0 3.0
557 110024 3.0 3.0
558 110110 3.0 3.0
559 110226 3.0 3.0
560 110327 3.0 3.0
561 110577 3.0 3.0
562 110656 3.0 3.0
563 110743 3.0 3.0
564 110857 3.0 3.0
565 111031 3.0 3.0
566 111108 3.0 3.0
567 111193 3.0 3.0
568 111383 3.0 3.0
569 111502 3.0 3.0
570 111639 3.0 3.0
571 111744 3.0 3.0
572 111855 3.0 3.0
573 111988 3.0 3.0
574 112163 3.0 3.0
575 112338 3.0 3.0
576 112420 3.0 3.0
577 112509 3.0 3.0
578 112679 3.0 3.0
579 112762 3.0 3.0
580 112908 3.0 3.0
581 113031 3.0 3.0
582 113122 3.0 3.0
583 113281 3.0 3.0
584 113388 3.0 3.0
585 113524 3.0 3.0
586 113702 3.0 3.0
587 113813 3.0 3.0
588 113911 3.0 3.0
589 114001 3.0 3.0
590 114114 3.0 3.0
591 114287 3.0 3.0
592 114412 3.0 3.0
593 114547 3.0 3.0
594 114644 3.0 3.0
595 114726 3.0 3.0
596 114801 3.0 3.0
597 114926 3.0 3.0
598 115088 3.0 3.0
599 115212 3.0 3.0
600 115302 3.0 3.0
601 115467 3.0 3.0
602 115555 3.0 3.0
603 115652 3.0 3.0
604 115793 3.0 3.0
605 115906 3.0 3.0
606 116040 3.0 3.0
607 116122 3.0 3.0
608 116222 3.0 3.0
609 116372 3.0 3.0
610 116583 3.0 3.0
611 116724 3.0 3.0
612 116817 3.0 3.0
613 116895 3.0 3.0
614 116998 3.0 3.0
615 117082 3.0 3.0
616 117175 3.0 3.0
617 117325 3.0 3.0
618 117446 3.0 3.0
619 117537 3.0 3.0
620 117633 3.0 3.0
621 117926 3.0 3.0
622 118035 3.0 3.0
623 118154 3.0 3.0
624 118254 3.0 3.0
625 118376 3.0 3.0
626 118636 3.0 3.0
627 118794 3.0 3.0
628 118932 3.0 3.0
629 119046 3.0 3.0
630 119198 3.0 3.0
631 119275 3.0 3.0
632 119366 3.0 3.0
633 119476 3.0 3.0
634 119562 3.0 3.0
635 119660 3.0 3.0
636 119759 3.0 3.0
637 119860 3.0 3.0
638 119960 3.0 3.0
639 120077 3.0 3.0
640 120164 3.0 3.0
641 120234 3.0 3.0
642 120357 3.0 3.0
643 120469 3.0 3.0
644 120566 3.0 3.0
645 120660 3.0 3.0
646 120949 3.0 3.0
647 121060 3.0 3.0
648 121155 3.0 3.0
649 121253 3.0 3.0
650 121364 3.0 3.0
651 121557 3.0 3.0
652 121697 3.0 3.0
653 121839 3.0 3.0
654 121924 3.0 3.0
655 122041 3.0 3.0
656 122168 3.0 3.0
657 122236 3.0 3.0
658 122381 3.0 3.0
659 122550 3.0 3.0
660 122616 3.0 3.0
661 122750 3.0 3.0
662 122860 3.0 3.0
663 122960 3.0 3.0
664 123029 3.0 3.0
665 123139 3.0 3.0
666 123261 3.0 3.0
667 123369 3.0 3.0
668 123454 3.0 3.0
669 123557 3.0 3.0
670 123727 3.0 3.0
671 123839 3.0 3.0
672 123943 3.0 3.0
673 124017 3.0 3.0
674 124102 3.0 3.0
675 124198 3.0 3.0
676 124376 3.0 3.0
677 124540 3.0 3.0
678 124648 3.0 3.0
679 124751 3.0 3.0
680 124869 3.0 3.0
681 124960 3.0 3.0
682 125040 3.0 3.0
683 125195 3.0 3.0
684 125318 3.0 3.0
685 125408 3.0 3.0
686 125616 3.0 3.0
687 125731 3.0 3.0
688 125832 3.0 3.0
689 125907 3.0 3.0
690 125979 3.0 3.0
691 126107 3.0 3.0
692 126285 3.0 3.0
693 126414 3.0 3.0
694 126556 3.0 3.0
695 126654 3.0 3.0
696 126830 3.0 3.0
697 126968 3.0 3.0
698 127047 3.0 3.0
699 127129 3.0 3.0
700 127289 3.0 3.0
701 127440 3.0 3.0
702 127542 3.0 3.0
703 127762 3.0 3.0
704 127850 3.0 3.0
705 127950 3.0 3.0
706 128091 3.0 3.0
707 128248 3.0 3.0
708 128347 3.0 3.0
709 128419 3.0 3.0
710 128529 3.0 3.0
711 128627 3.0 3.0
712 128772 3.0 3.0
713 128895 3.0 3.0
714 129001 3.0 3.0
715 129165 3.0 3.0
716 129278 3.0 3.0
717 129385 3.0 3.0
718 129457 3.0 3.0
719 129550 3.0 3.0
720 129662 3.0 3.0
721 129792 3.0 3.0
722 129877 3.0 3.0
723 129958 3.0 3.0
724 130069 3.0 3.0
725 130168 3.0 3.0
726 130254 3.0 3.0
727 130358 3.0 3.0
728 130439 3.0 3.0
729 130562 3.0 3.0
730 130677 3.0 3.0
731 130796 3.0 3.0
732 130889 3.0 3.0
733 130981 3.0 3.0
734 131067 3.0 3.0
735 131150 3.0 3.0
736 131264 3.0 3.0
737 131365 3.0 3.0
738 131467 3.0 3.0
739 131547 3.0 3.0
740 131651 3.0 3.0
741 131735 3.0 3.0
742 131853 3.0 3.0
743 131983 3.0 3.0
744 132065 3.0 3.0
745 132203 3.0 3.0
746 132284 3.0 3.0
747 132404 3.0 3.0
748 132492 3.0 3.0
749 132607 3.0 3.0
750 132710 3.0 3.0
751 132827 3.0 3.0
752 132932 3.0 3.0
753 133013 3.0 3.0
754 133161 3.0 3.0
755 133314 3.0 3.0
756 133576 3.0 3.0
757 133674 3.0 3.0
758 133790 3.0 3.0
759 133878 3.0 3.0
760 134009 3.0 3.0
761 134157 3.0 3.0
762 134290 3.0 3.0
763 134530 3.0 3.0
764 134649 3.0 3.0
765 134768 3.0 3.0
766 134851 3.0 3.0
767 134930 3.0 3.0
768 135065 3.0 3.0
769 135194 3.0 3.0
770 135364 3.0 3.0
771 135477 3.0 3.0
772 135571 3.0 3.0
773 135681 3.0 3.0
774 135847 3.0 3.0
775 135950 3.0 3.0
776 136070 3.0 3.0
777 136199 3.0 3.0
778 136355 3.0 3.0
779 136429 3.0 3.0
780 136566 3.0 3.0
781 136671 3.0 3.0
782 136779 3.0 3.0
783 136860 3.0 3.0
784 136956 3.0 3.0
785 137061 3.0 3.0
786 137239 3.0 3.0
787 137370 3.0 3.0
788 137521 3.0 3.0
789 137629 3.0 3.0
790 137731 3.0 3.0
791 137865 3.0 3.0
792 138035 3.0 3.0
793 138131 3.0 3.0
794 138339 3.0 3.0
795 138436 3.0 3.0
796 138557 3.0 3.0
797 138653 3.0 3.0
798 138803 3.0 3.0
799 138949 3.0 3.0
800 139049 3.0 3.0
801 139163 3.0 3.0
802 139248 3.0 3.0
803 139392 3.0 3.0
804 139463 3.0 3.0
805 139572 3.0 3.0
806 139655 3.0 3.0
807 139810 3.0 3.0
808 139911 3.0 3.0
809 140061 3.0 3.0
810 140169 3.0 3.0
811 140294 3.0 3.0
812 140370 3.0 3.0
813 140545 3.0 3.0
814 140624 3.0 3.0
815 140719 3.0 3.0
816 140838 3.0 3.0
817 140941 3.0 3.0
818 141040 3.0 3.0
819 141138 3.0 3.0
820 141284 3.0 3.0
821 141380 3.0 3.0
822 141515 3.0 3.0
823 141704 3.0 3.0
824 141778 3.0 3.0
825 141921 3.0 3.0
826 142026 3.0 3.0
827 142135 3.0 3.0
828 142231 3.0 3.0
829 142305 3.0 3.0
830 142477 3.0 3.0
831 142545 3.0 3.0
832 142628 3.0 3.0
833 142732 3.0 3.0
834 142828 3.0 3.0
835 142924 3.0 3.0
836 143046 3.0 3.0
837 143162 3.0 3.0
838 143272 3.0 3.0
839 143424 3.0 3.0
840 143558 3.0 3.0
841 143664 3.0 3.0
842 143785 3.0 3.0
843 143931 3.0 3.0
844 144061 3.0 3.0
845 144197 3.0 3.0
846 144303 3.0 3.0
847 144449 3.0 3.0
848 144566 3.0 3.0
849 144654 3.0 3.0
850 144761 3.0 3.0
851 144869 3.0 3.0
852 145006 3.0 3.0
853 145136 3.0 3.0
854 145208 3.0 3.0
855 145291 3.0 3.0
856 145396 3.0 3.0
857 145484 3.0 3.0
858 145580 3.0 3.0
859 145680 3.0 3.0
860 145824 3.0 3.0
861 145943 3.0 3.0
862 146075 3.0 3.0
863 146176 3.0 3.0
864 146280 3.0 3.0
865 146383 3.0 3.0
866 146499 3.0 3.0
867 146682 3.0 3.0
868 146793 3.0 3.0
869 146892 3.0 3.0
870 147022 3.0 3.0
871 147102 3.0 3.0
872 147178 3.0 3.0
873 147266 3.0 3.0
874 147365 3.0 3.0
875 147431 3.0 3.0
876 147545 3.0 3.0
877 147662 3.0 3.0
878 147727 3.0 3.0
879 147833 3.0 3.0
880 148006 3.0 3.0
881 148097 3.0 3.0
882 148216 3.0 3.0
883 148361 3.0 3.0
884 148452 3.0 3.0
885 148613 3.0 3.0
886 148710 3.0 3.0
887 148839 3.0 3.0
888 148936 3.0 3.0
889 149038 3.0 3.0
890 149142 3.0 3.0
891 149253 3.0 3.0
892 149348 3.0 3.0
893 149473 3.0 3.0
894 149572 3.0 3.0
895 149710 3.0 3.0
896 149875 3.0 3.0
897 149987 3.0 3.0
898 150113 3.0 3.0
899 150225 3.0 3.0
900 150382 3.0 3.0
901 150498 3.0 3.0
902 150630 3.0 3.0
903 150730 3.0 3.0
904 150896 3.0 3.0
905 151000 3.0 3.0
906 151117 3.0 3.0
907 151206 3.0 3.0
908 151307 3.0 3.0
909 151390 3.0 3.0
910 151479 3.0 3.0
911 151566 3.0 3.0
912 151639 3.0 3.0
913 151762 3.0 3.0
914 151841 3.0 3.0
915 151944 3.0 3.0
916 152017 3.0 3.0
917 152174 3.0 3.0
918 152286 3.0 3.0
919 152403 3.0 3.0
920 152550 3.0 3.0
921 152644 3.0 3.0
922 152738 3.0 3.0
923 152842 3.0 3.0
924 153010 3.0 3.0
925 153162 3.0 3.0
926 153298 3.0 3.0
927 153399 3.0 3.0
928 153494 3.0 3.0
929 153605 3.0 3.0
930 153698 3.0 3.0
931 153782 3.0 3.0
932 153854 3.0 3.0
933 153946 3.0 3.0
934 154078 3.0 3.0
935 154166 3.0 3.0
936 154248 3.0 3.0
937 154335 3.0 3.0
938 154405 3.0 3.0
939 154524 3.0 3.0
940 154632 3.0 3.0
941 154729 3.0 3.0
942 154843 3.0 3.0
943 155016 3.0 3.0
944 155084 3.0 3.0
945 155231 3.0 3.0
946 155342 3.0 3.0
947 155449 3.0 3.0
948 155531 3.0 3.0
949 155648 3.0 3.0
950 155714 3.0 3.0
951 155803 3.0 3.0
952 155916 3.0 3.0
953 156044 3.0 3.0
954 156114 3.0 3.0
955 156215 3.0 3.0
956 156315 3.0 3.0
957 156424 3.0 3.0
958 156593 3.0 3.0
959 156716 3.0 3.0
960 156816 3.0 3.0
961 156921 3.0 3.0
962 157012 3.0 3.0
963 157103 3.0 3.0
964 157220 3.0 3.0
965 157303 3.0 3.0
966 157432 3.0 3.0
967 157582 3.0 3.0
968 157672 3.0 3.0
969 157772 3.0 3.0
970 157874 3.0 3.0
971 158024 3.0 3.0
972 158127 3.0 3.0
973 158224 3.0 3.0
974 158303 3.0 3.0
975 158392 3.0 3.0
976 158516 3.0 3.0
977 158627 3.0 3.0
978 158693 3.0 3.0
979 158805 3.0 3.0
980 158918 3.0 3.0
981 159017 3.0 3.0
982 159099 3.0 3.0
983 159176 3.0 3.0
984 159320 3.0 3.0
985 159420 3.0 3.0
986 159526 3.0 3.0
987 159622 3.0 3.0
988 159717 3.0 3.0
989 159797 3.0 3.0
990 159892 3.0 3.0
991 159998 3.0 3.0
992 160124 3.0 3.0
993 160221 3.0 3.0
994 160327 3.0 3.0
995 160466 3.0 3.0
996 160587 3.0 3.0
997 160769 3.0 3.0
998 160848 3.0 3.0
999 160983 3.0 3.0
1000 161060 3.0 3.0
1001 161164 3.0 3.0
1002 161305 3.0 3.0
1003 161451 3.0 3.0
1004 161555 3.0 3.0
1005 161678 3.0 3.0
1006 161833 3.0 3.0
1007 161914 3.0 3.0
1008 162024 3.0 3.0
1009 162139 3.0 3.0
1010 162318 3.0 3.0
1011 162455 3.0 3.0
1012 162549 3.0 3.0
1013 162628 3.0 3.0
1014 162705 3.0 3.0
1015 162846 3.0 3.0
1016 162969 3.0 3.0
1017 163108 3.0 3.0
1018 163218 3.0 3.0
1019 163364 3.0 3.0
1020 163548 3.0 3.0
1021 163690 3.0 3.0
1022 163769 3.0 3.0
1023 163858 3.0 3.0
1024 163988 3.0 3.0
1025 164126 3.0 3.0
1026 164219 3.0 3.0
1027 164311 3.0 3.0
1028 164459 3.0 3.0
1029 164576 3.0 3.0
1030 164707 3.0 3.0
1031 164791 3.0 3.0
1032 164938 3.0 3.0
1033 165049 3.0 3.0
1034 165184 3.0 3.0
1035 165288 3.0 3.0
1036 165376 3.0 3.0
1037 165485 3.0 3.0
1038 165630 3.0 3.0
1039 165727 3.0 3.0
1040 165871 3.0 3.0
1041 165982 3.0 3.0
1042 166067 3.0 3.0
1043 166150 3.0 3.0
1044 166268 3.0 3.0
1045 166341 3.0 3.0
1046 166462 3.0 3.0
1047 166538 3.0 3.0
1048 166606 3.0 3.0
1049 166770 3.0 3.0
1050 166850 3.0 3.0
1051 166918 3.0 3.0
1052 167011 3.0 3.0
1053 167109 3.0 3.0
1054 167226 3.0 3.0
1055 167325 3.0 3.0
1056 167454 3.0 3.0
1057 167548 3.0 3.0
1058 167625 3.0 3.0
1059 167703 3.0 3.0
1060 167763 3.0 3.0
1061 167869 3.0 3.0
1062 167980 3.0 3.0
1063 168056 3.0 3.0
1064 168157 3.0 3.0
1065 168222 3.0 3.0
1066 168314 3.0 3.0
1067 168430 3.0 3.0
1068 168530 3.0 3.0
1069 168651 3.0 3.0
1070 168768 3.0 3.0
1071 168874 3.0 3.0
1072 169009 3.0 3.0
1073 169083 3.0 3.0
1074 169168 3.0 3.0
1075 169250 3.0 3.0
1076 169357 3.0 3.0
1077 169436 3.0 3.0
1078 169646 3.0 3.0
1079 169718 3.0 3.0
1080 169823 3.0 3.0
1081 169932 3.0 3.0
1082 170076 3.0 3.0
1083 170171 3.0 3.0
1084 170294 3.0 3.0
1085 170378 3.0 3.0
1086 170577 3.0 3.0
1087 170684 3.0 3.0
1088 170793 3.0 3.0
1089 170893 3.0 3.0
1090 170991 3.0 3.0
1091 171112 3.0 3.0
1092 171171 3.0 3.0
1093 171245 3.0 3.0
1094 171357 3.0 3.0
1095 171487 3.0 3.0
1096 171566 3.0 3.0
1097 171642 3.0 3.0
1098 171746 3.0 3.0
1099 171883 3.0 3.0
1100 171973 3.0 3.0
1101 172081 3.0 3.0
1102 172164 3.0 3.0
1103 172266 3.0 3.0
1104 172363 3.0 3.0
1105 172499 3.0 3.0
1106 172585 3.0 3.0
1107 172711 3.0 3.0
1108 172811 3.0 3.0
1109 172938 3.0 3.0
1110 173047 3.0 3.0
1111 173110 3.0 3.0
1112 173215 3.0 3.0
1113 173298 3.0 3.0
1114 173413 3.0 3.0
1115 173507 3.0 3.0
1116 173596 3.0 3.0
1117 173691 3.0 3.0
1118 173806 3.0 3.0
1119 173894 3.0 3.0
1120 174011 3.0 3.0
1121 174174 3.0 3.0
1122 174278 3.0 3.0
1123 174383 3.0 3.0
1124 174476 3.0 3.0
1125 174558 3.0 3.0
1126 174651 3.0 3.0
1127 174746 3.0 3.0
1128 174877 3.0 3.0
1129 174966 3.0 3.0
1130 175058 3.0 3.0
1131 175125 3.0 3.0
1132 175195 3.0 3.0
1133 175282 3.0 3.0
1134 175363 3.0 3.0
1135 175437 3.0 3.0
1136 175515 3.0 3.0
1137 175615 3.0 3.0
1138 175734 3.0 3.0
1139 175881 3.0 3.0
1140 175951 3.0 3.0
1141 176045 3.0 3.0
1142 176117 3.0 3.0
1143 176218 3.0 3.0
1144 176298 3.0 3.0
1145 176395 3.0 3.0
1146 176503 3.0 3.0
1147 176612 3.0 3.0
1148 176724 3.0 3.0
1149 176823 3.0 3.0
1150 176926 3.0 3.0
1151 177040 3.0 3.0
1152 177149 3.0 3.0
1153 177246 3.0 3.0
1154 177380 3.0 3.0
1155 177487 3.0 3.0
1156 177616 3.0 3.0
1157 177767 3.0 3.0
1158 177882 3.0 3.0
1159 177963 3.0 3.0
1160 178036 3.0 3.0
1161 178134 3.0 3.0
1162 178222 3.0 3.0
1163 178336 3.0 3.0
1164 178446 3.0 3.0
1165 178564 3.0 3.0
1166 178648 3.0 3.0
1167 178722 3.0 3.0
1168 178811 3.0 3.0
1169 178909 3.0 3.0
1170 179054 3.0 3.0
1171 179172 3.0 3.0
1172 179268 3.0 3.0
1173 179350 3.0 3.0
1174 179473 3.0 3.0
1175 179580 3.0 3.0
1176 179645 3.0 3.0
1177 179738 3.0 3.0
1178 179817 3.0 3.0
1179 179890 3.0 3.0
1180 180006 3.0 3.0
1181 180126 3.0 3.0
1182 180220 3.0 3.0
1183 180343 3.0 3.0
1184 180463 3.0 3.0
1185 180543 3.0 3.0
1186 180681 3.0 3.0
1187 180758 3.0 3.0
1188 180837 3.0 3.0
1189 180941 3.0 3.0
1190 181034 3.0 3.0
1191 181113 3.0 3.0
1192 181204 3.0 3.0
1193 181280 3.0 3.0
1194 181378 3.0 3.0
1195 181457 3.0 3.0
1196 181574 3.0 3.0
1197 181706 3.0 3.0
1198 181806 3.0 3.0
1199 181884 3.0 3.0
1200 181971 3.0 3.0
1201 182054 3.0 3.0
1202 182129 3.0 3.0
1203 182237 3.0 3.0
1204 182348 3.0 3.0
1205 182534 3.0 3.0
1206 182643 3.0 3.0
1207 182737 3.0 3.0
1208 182817 3.0 3.0
1209 182915 3.0 3.0
1210 182984 3.0 3.0
1211 183075 3.0 3.0
1212 183161 3.0 3.0
1213 183295 3.0 3.0
1214 183425 3.0 3.0
1215 183527 3.0 3.0
1216 183612 3.0 3.0
1217 183736 3.0 3.0
1218 183823 3.0 3.0
1219 183904 3.0 3.0
1220 184034 3.0 3.0
1221 184123 3.0 3.0
1222 184300 3.0 3.0
1223 184394 3.0 3.0
1224 184503 3.0 3.0
1225 184597 3.0 3.0
1226 184677 3.0 3.0
1227 184813 3.0 3.0
1228 184896 3.0 3.0
1229 185032 3.0 3.0
1230 185129 3.0 3.0
1231 185236 3.0 3.0
1232 185328 3.0 3.0
1233 185438 3.0 3.0
1234 185563 3.0 3.0
1235 185659 3.0 3.0
1236 185717 3.0 3.0
1237 185840 3.0 3.0
1238 185946 3.0 3.0
1239 186081 3.0 3.0
1240 186149 3.0 3.0
1241 186238 3.0 3.0
1242 186319 3.0 3.0
1243 186415 3.0 3.0
1244 186517 3.0 3.0
1245 186610 3.0 3.0
1246 186703 3.0 3.0
1247 186820 3.0 3.0
1248 186958 3.0 3.0
1249 187121 3.0 3.0
1250 187224 3.0 3.0
1251 187326 3.0 3.0
1252 187414 3.0 3.0
1253 187556 3.0 3.0
1254 187629 3.0 3.0
1255 187707 3.0 3.0
1256 187851 3.0 3.0
1257 187985 3.0 3.0
1258 188066 3.0 3.0
1259 188146 3.0 3.0
1260 188285 3.0 3.0
1261 188366 3.0 3.0
1262 188466 3.0 3.0
1263 188575 3.0 3.0
1264 188680 3.0 3.0
1265 188776 3.0 3.0
1266 188882 3.0 3.0
1267 188953 3.0 3.0
1268 189038 3.0 3.0
1269 189121 3.0 3.0
1270 189196 3.0 3.0
1271 189273 3.0 3.0
1272 189356 3.0 3.0
1273 189473 3.0 3.0
1274 189564 3.0 3.0
1275 189672 3.0 3.0
1276 189788 3.0 3.0
1277 189920 3.0 3.0
1278 190019 3.0 3.0
1279 190108 3.0 3.0
1280 190234 3.0 3.0
1281 190329 3.0 3.0
1282 190432 3.0 3.0
1283 190517 3.0 3.0
1284 190624 3.0 3.0
1285 190715 3.0 3.0
1286 190823 3.0 3.0
1287 190938 3.0 3.0
1288 191052 3.0 3.0
1289 191134 3.0 3.0
1290 191201 3.0 3.0
1291 191332 3.0 3.0
1292 191418 3.0 3.0
1293 191548 3.0 3.0
1294 191629 3.0 3.0
1295 191740 3.0 3.0
1296 191870 3.0 3.0
1297 192058 3.0 3.0
1298 192224 3.0 3.0
1299 192301 3.0 3.0
1300 192458 3.0 3.0
1301 192533 3.0 3.0
1302 192666 3.0 3.0
1303 192770 3.0 3.0
1304 192858 3.0 3.0
1305 193008 3.0 3.0
1306 193116 3.0 3.0
1307 193193 3.0 3.0
1308 193341 3.0 3.0
1309 193458 3.0 3.0
1310 193566 3.0 3.0
1311 193693 3.0 3.0
1312 193817 3.0 3.0
1313 193906 3.0 3.0
1314 193991 3.0 3.0
1315 194066 3.0 3.0
1316 194166 3.0 3.0
1317 194245 3.0 3.0
1318 194347 3.0 3.0
1319 194433 3.0 3.0
1320 194608 3.0 3.0
1321 194700 3.0 3.0
1322 194787 3.0 3.0
1323 194866 3.0 3.0
1324 195031 3.0 3.0
1325 195094 3.0 3.0
1326 195191 3.0 3.0
1327 195271 3.0 3.0
1328 195357 3.0 3.0
1329 195447 3.0 3.0
1330 195530 3.0 3.0
1331 195647 3.0 3.0
1332 195808 3.0 3.0
1333 195936 3.0 3.0
1334 196022 3.0 3.0
1335 196086 3.0 3.0
1336 196157 3.0 3.0
1337 196227 3.0 3.0
1338 196318 3.0 3.0
1339 196424 3.0 3.0
1340 196481 3.0 3.0
1341 196567 3.0 3.0
1342 196666 3.0 3.0
1343 196775 3.0 3.0
1344 196878 3.0 3.0
1345 197026 3.0 3.0
1346 197122 3.0 3.0
1347 197202 3.0 3.0
1348 197292 3.0 3.0
1349 197359 3.0 3.0
1350 197503 3.0 3.0
1351 197602 3.0 3.0
1352 197712 3.0 3.0
1353 197785 3.0 3.0
1354 197870 3.0 3.0
1355 197975 3.0 3.0
1356 198125 3.0 3.0
1357 198206 3.0 3.0
1358 198335 3.0 3.0
1359 198438 3.0 3.0
1360 198537 3.0 3.0
1361 198633 3.0 3.0
1362 198742 3.0 3.0
1363 198841 3.0 3.0
1364 198940 3.0 3.0
1365 199032 3.0 3.0
1366 199131 3.0 3.0
1367 199247 3.0 3.0
1368 199329 3.0 3.0
1369 199469 3.0 3.0
1370 199554 3.0 3.0
1371 199652 3.0 3.0
1372 199743 3.0 3.0
1373 199810 3.0 3.0
1374 199922 3.0 3.0
1375 200078 3.0 3.0
1376 200144 3.0 3.0
1377 200222 3.0 3.0
1378 200337 3.0 3.0
1379 200461 3.0 3.0
1380 200574 3.0 3.0
1381 200672 3.0 3.0
1382 200794 3.0 3.0
1383 200891 3.0 3.0
1384 200989 3.0 3.0
1385 201056 3.0 3.0
1386 201250 3.0 3.0
1387 201368 3.0 3.0
1388 201460 3.0 3.0
1389 201566 3.0 3.0
1390 201621 3.0 3.0
1391 201679 3.0 3.0
1392 201849 3.0 3.0
1393 201959 3.0 3.0
1394 202052 3.0 3.0
1395 202146 3.0 3.0
1396 202225 3.0 3.0
1397 202326 3.0 3.0
1398 202420 3.0 3.0
1399 202521 3.0 3.0
1400 202651 3.0 3.0
1401 202768 3.0 3.0
1402 202890 3.0 3.0
1403 202952 3.0 3.0
1404 203016 3.0 3.0
1405 203157 3.0 3.0
1406 203235 3.0 3.0
1407 203351 3.0 3.0
1408 203473 3.0 3.0
1409 203548 3.0 3.0
1410 203661 3.0 3.0
1411 203769 3.0 3.0
1412 203863 3.0 3.0
1413 203932 3.0 3.0
1414 204089 3.0 3.0
1415 204160 3.0 3.0
1416 204235 3.0 3.0
1417 204365 3.0 3.0
1418 204484 3.0 3.0
1419 204605 3.0 3.0
1420 204693 3.0 3.0
1421 204830 3.0 3.0
1422 204964 3.0 3.0
1423 205048 3.0 3.0
1424 205161 3.0 3.0
1425 205305 3.0 3.0
1426 205414 3.0 3.0
1427 205524 3.0 3.0
1428 205640 3.0 3.0
1429 205738 3.0 3.0
1430 205820 3.0 3.0
1431 205905 3.0 3.0
1432 205987 3.0 3.0
1433 206068 3.0 3.0
1434 206145 3.0 3.0
1435 206256 3.0 3.0
1436 206321 3.0 3.0
1437 206439 3.0 3.0
1438 206520 3.0 3.0
1439 206590 3.0 3.0
1440 206700 3.0 3.0
1441 206792 3.0 3.0
1442 206889 3.0 3.0
1443 207063 3.0 3.0
1444 207136 3.0 3.0
1445 207230 3.0 3.0
1446 207289 3.0 3.0
1447 207357 3.0 3.0
1448 207442 3.0 3.0
1449 207570 3.0 3.0
1450 207637 3.0 3.0
1451 207706 3.0 3.0
1452 207811 3.0 3.0
1453 207883 3.0 3.0
1454 208005 3.0 3.0
1455 208118 3.0 3.0
1456 208206 3.0 3.0
1457 208310 3.0 3.0
1458 208438 3.0 3.0
1459 208540 3.0 3.0
1460 208617 3.0 3.0
1461 208705 3.0 3.0
1462 208828 3.0 3.0
1463 208914 3.0 3.0
1464 209002 3.0 3.0
1465 209078 3.0 3.0
1466 209173 3.0 3.0
1467 209259 3.0 3.0
1468 209327 3.0 3.0
1469 209422 3.0 3.0
1470 209499 3.0 3.0
1471 209604 3.0 3.0
1472 209698 3.0 3.0
1473 209773 3.0 3.0
1474 209959 3.0 3.0
1475 210053 3.0 3.0
1476 210150 3.0 3.0
1477 210225 3.0 3.0
1478 210300 3.0 3.0
1479 210377 3.0 3.0
1480 210448 3.0 3.0
1481 210534 3.0 3.0
1482 210616 3.0 3.0
1483 210712 3.0 3.0
1484 210779 3.0 3.0
1485 210885 3.0 3.0
1486 210975 3.0 3.0
1487 211051 3.0 3.0
1488 211153 3.0 3.0
1489 211250 3.0 3.0
1490 211339 3.0 3.0
1491 211443 3.0 3.0
1492 211549 3.0 3.0
1493 211621 3.0 3.0
1494 211708 3.0 3.0
1495 211813 3.0 3.0
1496 211888 3.0 3.0
1497 211954 3.0 3.0
1498 212051 3.0 3.0
1499 212179 3.0 3.0
1500 212291 3.0 3.0
1501 212379 3.0 3.0
1502 212462 3.0 3.0
1503 212539 3.0 3.0
1504 212655 3.0 3.0
1505 212730 3.0 3.0
1506 212808 3.0 3.0
1507 212901 3.0 3.0
1508 212998 3.0 3.0
1509 213129 3.0 3.0
1510 213215 3.0 3.0
1511 213321 3.0 3.0
1512 213396 3.0 3.0
1513 213524 3.0 3.0
1514 213625 3.0 3.0
1515 213749 3.0 3.0
1516 213811 3.0 3.0
1517 213921 3.0 3.0
1518 214043 3.0 3.0
1519 214119 3.0 3.0
1520 214263 3.0 3.0
1521 214385 3.0 3.0
1522 214473 3.0 3.0
1523 214558 3.0 3.0
1524 214658 3.0 3.0
1525 214731 3.0 3.0
1526 214838 3.0 3.0
1527 214947 3.0 3.0
1528 215027 3.0 3.0
1529 215109 3.0 3.0
1530 215227 3.0 3.0
1531 215319 3.0 3.0
1532 215397 3.0 3.0
1533 215491 3.0 3.0
1534 215575 3.0 3.0
1535 215661 3.0 3.0
1536 215816 3.0 3.0
1537 215919 3.0 3.0
1538 216048 3.0 3.0
1539 216116 3.0 3.0
1540 216197 3.0 3.0
1541 216316 3.0 3.0
1542 216400 3.0 3.0
1543 216508 3.0 3.0
1544 216646 3.0 3.0
1545 216758 3.0 3.0
1546 216835 3.0 3.0
1547 216994 3.0 3.0
1548 217085 3.0 3.0
1549 217172 3.0 3.0
1550 217233 3.0 3.0
1551 217354 3.0 3.0
1552 217443 3.0 3.0
1553 217533 3.0 3.0
1554 217641 3.0 3.0
1555 217726 3.0 3.0
1556 217840 3.0 3.0
1557 217938 3.0 3.0
1558 218009 3.0 3.0
1559 218118 3.0 3.0
1560 218249 3.0 3.0
1561 218346 3.0 3.0
1562 218431 3.0 3.0
1563 218521 3.0 3.0
1564 218594 3.0 3.0
1565 218719 3.0 3.0
1566 218804 3.0 3.0
1567 218929 3.0 3.0
1568 219052 3.0 3.0
1569 219138 3.0 3.0
1570 219215 3.0 3.0
1571 219337 3.0 3.0
1572 219434 3.0 3.0
1573 219574 3.0 3.0
1574 219664 3.0 3.0
1575 219767 3.0 3.0
1576 219836 3.0 3.0
1577 219916 3.0 3.0
1578 220020 3.0 3.0
1579 220110 3.0 3.0
1580 220212 3.0 3.0
1581 220324 3.0 3.0
1582 220429 3.0 3.0
1583 220521 3.0 3.0
1584 220601 3.0 3.0
1585 220681 3.0 3.0
1586 220775 3.0 3.0
1587 220888 3.0 3.0
1588 220990 3.0 3.0
1589 221077 3.0 3.0
1590 221176 3.0 3.0
1591 221284 3.0 3.0
1592 221372 3.0 3.0
1593 221466 3.0 3.0
1594 221547 3.0 3.0
1595 221647 3.0 3.0
1596 221730 3.0 3.0
1597 221820 3.0 3.0
1598 221945 3.0 3.0
1599 222038 3.0 3.0
1600 222198 3.0 3.0
1601 222298 3.0 3.0
1602 222374 3.0 3.0
1603 222490 3.0 3.0
1604 222585 3.0 3.0
1605 222665 3.0 3.0
1606 222746 3.0 3.0
1607 222842 3.0 3.0
1608 222940 3.0 3.0
1609 223016 3.0 3.0
1610 223073 3.0 3.0
1611 223163 3.0 3.0
1612 223254 3.0 3.0
1613 223347 3.0 3.0
1614 223456 3.0 3.0
1615 223573 3.0 3.0
1616 223667 3.0 3.0
1617 223766 3.0 3.0
1618 223873 3.0 3.0
1619 224051 3.0 3.0
1620 224135 3.0 3.0
1621 224239 3.0 3.0
1622 224333 3.0 3.0
1623 224430 3.0 3.0
1624 224494 3.0 3.0
1625 224592 3.0 3.0
1626 224698 3.0 3.0
1627 224778 3.0 3.0
1628 224853 3.0 3.0
1629 224926 3.0 3.0
1630 225025 3.0 3.0
1631 225096 3.0 3.0
1632 225196 3.0 3.0
1633 225257 3.0 3.0
1634 225353 3.0 3.0
1635 225440 3.0 3.0
1636 225542 3.0 3.0
1637 225638 3.0 3.0
1638 225737 3.0 3.0
1639 225840 3.0 3.0
1640 225911 3.0 3.0
1641 226024 3.0 3.0
1642 226091 3.0 3.0
1643 226233 3.0 3.0
1644 226392 3.0 3.0
1645 226480 3.0 3.0
1646 226585 3.0 3.0
1647 226649 3.0 3.0
1648 226723 3.0 3.0
1649 226827 3.0 3.0
1650 226899 3.0 3.0
1651 227030 3.0 3.0
1652 227104 3.0 3.0
1653 227197 3.0 3.0
1654 227405 3.0 3.0
1655 227473 3.0 3.0
1656 227559 3.0 3.0
1657 227654 3.0 3.0
1658 227733 3.0 3.0
1659 227836 3.0 3.0
1660 227975 3.0 3.0
1661 228054 3.0 3.0
1662 228153 3.0 3.0
1663 228217 3.0 3.0
1664 228311 3.0 3.0
1665 228390 3.0 3.0
1666 228472 3.0 3.0
1667 228552 3.0 3.0
1668 228729 3.0 3.0
1669 228809 3.0 3.0
1670 228914 3.0 3.0
1671 229033 3.0 3.0
1672 229117 3.0 3.0
1673 229229 3.0 3.0
1674 229329 3.0 3.0
1675 229428 3.0 3.0
1676 229529 3.0 3.0
1677 229643 3.0 3.0
1678 229697 3.0 3.0
1679 229783 3.0 3.0
1680 229885 3.0 3.0
1681 230022 3.0 3.0
1682 230109 3.0 3.0
1683 230215 3.0 3.0
1684 230291 3.0 3.0
1685 230400 3.0 3.0
1686 230486 3.0 3.0
1687 230578 3.0 3.0
1688 230658 3.0 3.0
1689 230764 3.0 3.0
1690 230835 3.0 3.0
1691 230928 3.0 3.0
1692 231022 3.0 3.0
1693 231103 3.0 3.0
1694 231188 3.0 3.0
1695 231261 3.0 3.0
1696 231365 3.0 3.0
1697 231505 3.0 3.0
1698 231639 3.0 3.0
1699 231721 3.0 3.0
1700 231797 3.0 3.0
1701 231883 3.0 3.0
1702 231990 3.0 3.0
1703 232115 3.0 3.0
1704 232194 3.0 3.0
1705 232294 3.0 3.0
1706 232428 3.0 3.0
1707 232498 3.0 3.0
1708 232592 3.0 3.0
1709 232681 3.0 3.0
1710 232777 3.0 3.0
1711 232882 3.0 3.0
1712 232980 3.0 3.0
1713 233076 3.0 3.0
1714 233195 3.0 3.0
1715 233268 3.0 3.0
1716 233362 3.0 3.0
1717 233437 3.0 3.0
1718 233524 3.0 3.0
1719 233629 3.0 3.0
1720 233706 3.0 3.0
1721 233789 3.0 3.0
1722 233899 3.0 3.0
1723 233987 3.0 3.0
1724 234044 3.0 3.0
1725 234202 3.0 3.0
1726 234279 3.0 3.0
1727 234448 3.0 3.0
1728 234558 3.0 3.0
1729 234664 3.0 3.0
1730 234734 3.0 3.0
1731 234798 3.0 3.0
1732 234903 3.0 3.0
1733 235022 3.0 3.0
1734 235104 3.0 3.0
1735 235184 3.0 3.0
1736 235263 3.0 3.0
1737 235341 3.0 3.0
1738 235483 3.0 3.0
1739 235588 3.0 3.0
1740 235704 3.0 3.0
1741 235817 3.0 3.0
1742 235886 3.0 3.0
1743 235962 3.0 3.0
1744 236035 3.0 3.0
1745 236133 3.0 3.0
1746 236244 3.0 3.0
1747 236388 3.0 3.0
1748 236485 3.0 3.0
1749 236573 3.0 3.0
1750 236692 3.0 3.0
1751 236755 3.0 3.0
1752 236893 3.0 3.0
1753 236964 3.0 3.0
1754 237055 3.0 3.0
1755 237177 3.0 3.0
1756 237256 3.0 3.0
1757 237335 3.0 3.0
1758 237408 3.0 3.0
1759 237509 3.0 3.0
1760 237615 3.0 3.0
1761 237690 3.0 3.0
1762 237774 3.0 3.0
1763 237856 3.0 3.0
1764 237941 3.0 3.0
1765 238067 3.0 3.0
1766 238139 3.0 3.0
1767 238227 3.0 3.0
1768 238336 3.0 3.0
1769 238453 3.0 3.0
1770 238533 3.0 3.0
1771 238650 3.0 3.0
1772 238841 3.0 3.0
1773 238976 3.0 3.0
1774 239057 3.0 3.0
1775 239198 3.0 3.0
1776 239323 3.0 3.0
1777 239402 3.0 3.0
1778 239487 3.0 3.0
1779 239584 3.0 3.0
1780 239703 3.0 3.0
1781 239794 3.0 3.0
1782 239876 3.0 3.0
1783 239949 3.0 3.0
1784 240048 3.0 3.0
1785 240149 3.0 3.0
1786 240261 3.0 3.0
1787 240344 3.0 3.0
1788 240418 3.0 3.0
1789 240512 3.0 3.0
1790 240603 3.0 3.0
1791 240741 3.0 3.0
1792 240856 3.0 3.0
1793 240936 3.0 3.0
1794 241015 3.0 3.0
1795 241115 3.0 3.0
1796 241194 3.0 3.0
1797 241263 3.0 3.0
1798 241369 3.0 3.0
1799 241440 3.0 3.0
1800 241504 3.0 3.0
1801 241626 3.0 3.0
1802 241708 3.0 3.0
1803 241786 3.0 3.0
1804 241899 3.0 3.0
1805 242003 3.0 3.0
1806 242079 3.0 3.0
1807 242167 3.0 3.0
1808 242229 3.0 3.0
1809 242325 3.0 3.0
1810 242430 3.0 3.0
1811 242522 3.0 3.0
1812 242601 3.0 3.0
1813 242693 3.0 3.0
1814 242791 3.0 3.0
1815 242935 3.0 3.0
1816 243037 3.0 3.0
1817 243155 3.0 3.0
1818 243244 3.0 3.0
1819 243312 3.0 3.0
1820 243420 3.0 3.0
1821 243520 3.0 3.0
1822 243605 3.0 3.0
1823 243697 3.0 3.0
1824 243773 3.0 3.0
1825 243955 3.0 3.0
1826 244051 3.0 3.0
1827 244139 3.0 3.0
1828 244236 3.0 3.0
1829 244310 3.0 3.0
1830 244424 3.0 3.0
1831 244513 3.0 3.0
1832 244634 3.0 3.0
1833 244706 3.0 3.0
1834 244807 3.0 3.0
1835 244923 3.0 3.0
1836 244993 3.0 3.0
1837 245102 3.0 3.0
1838 245225 3.0 3.0
1839 245324 3.0 3.0
1840 245397 3.0 3.0
1841 245494 3.0 3.0
1842 245572 3.0 3.0
1843 245646 3.0 3.0
1844 245723 3.0 3.0
1845 245813 3.0 3.0
1846 245893 3.0 3.0
1847 245990 3.0 3.0
1848 246086 3.0 3.0
1849 246160 3.0 3.0
1850 246263 3.0 3.0
1851 246333 3.0 3.0
1852 246416 3.0 3.0
1853 246514 3.0 3.0
1854 246591 3.0 3.0
1855 246660 3.0 3.0
1856 246787 3.0 3.0
1857 246904 3.0 3.0
1858 246987 3.0 3.0
1859 247131 3.0 3.0
1860 247210 3.0 3.0
1861 247289 3.0 3.0
1862 247365 3.0 3.0
1863 247552 3.0 3.0
1864 247642 3.0 3.0
1865 247737 3.0 3.0
1866 247848 3.0 3.0
1867 247915 3.0 3.0
1868 248012 3.0 3.0
1869 248104 3.0 3.0
1870 248201 3.0 3.0
1871 248321 3.0 3.0
1872 248410 3.0 3.0
1873 248481 3.0 3.0
1874 248566 3.0 3.0
1875 248640 3.0 3.0
1876 248746 3.0 3.0
1877 248859 3.0 3.0
1878 248963 3.0 3.0
1879 249082 3.0 3.0
1880 249168 3.0 3.0
1881 249282 3.0 3.0
1882 249349 3.0 3.0
1883 249496 3.0 3.0
1884 249564 3.0 3.0
1885 249674 3.0 3.0
1886 249842 3.0 3.0
1887 249921 3.0 3.0
1888 249992 3.0 3.0
1889 250111 3.0 3.0
1890 250190 3.0 3.0
1891 250265 3.0 3.0
1892 250337 3.0 3.0
1893 250425 3.0 3.0
1894 250556 3.0 3.0
1895 250638 3.0 3.0
1896 250757 3.0 3.0
1897 250827 3.0 3.0
1898 250900 3.0 3.0
1899 250973 3.0 3.0
1900 251097 3.0 3.0
1901 251174 3.0 3.0
1902 251265 3.0 3.0
1903 251391 3.0 3.0
1904 251526 3.0 3.0
1905 251605 3.0 3.0
1906 251692 3.0 3.0
1907 251772 3.0 3.0
1908 251859 3.0 3.0
1909 251950 3.0 3.0
1910 252034 3.0 3.0
1911 252149 3.0 3.0
1912 252217 3.0 3.0
1913 252325 3.0 3.0
1914 252506 3.0 3.0
1915 252610 3.0 3.0
1916 252729 3.0 3.0
1917 252814 3.0 3.0
1918 252905 3.0 3.0
1919 252969 3.0 3.0
1920 253073 3.0 3.0
1921 253145 3.0 3.0
1922 253204 3.0 3.0
1923 253314 3.0 3.0
1924 253385 3.0 3.0
1925 253465 3.0 3.0
1926 253564 3.0 3.0
1927 253650 3.0 3.0
1928 253754 3.0 3.0
1929 253843 3.0 3.0
1930 253921 3.0 3.0
1931 254001 3.0 3.0
1932 254111 3.0 3.0
1933 254194 3.0 3.0
1934 254309 3.0 3.0
1935 254417 3.0 3.0
1936 254506 3.0 3.0
1937 254687 3.0 3.0
1938 254776 3.0 3.0
1939 254857 3.0 3.0
1940 254979 3.0 3.0
1941 255057 3.0 3.0
1942 255174 3.0 3.0
1943 255271 3.0 3.0
1944 255420 3.0 3.0
1945 255505 3.0 3.0
1946 255579 3.0 3.0
1947 255687 3.0 3.0
1948 255812 3.0 3.0
1949 255923 3.0 3.0
1950 255991 3.0 3.0
1951 256082 3.0 3.0
1952 256168 3.0 3.0
1953 256264 3.0 3.0
1954 256339 3.0 3.0
1955 256402 3.0 3.0
1956 256529 3.0 3.0
1957 256609 3.0 3.0
1958 256695 3.0 3.0
1959 256791 3.0 3.0
1960 256869 3.0 3.0
1961 256946 3.0 3.0
1962 257049 3.0 3.0
1963 257142 3.0 3.0
1964 257215 3.0 3.0
1965 257313 3.0 3.0
1966 257392 3.0 3.0
1967 257450 3.0 3.0
1968 257523 3.0 3.0
1969 257634 3.0 3.0
1970 257729 3.0 3.0
1971 257811 3.0 3.0
1972 257901 3.0 3.0
1973 257969 3.0 3.0
1974 258072 3.0 3.0
1975 258164 3.0 3.0
1976 258262 3.0 3.0
1977 258367 3.0 3.0
1978 258482 3.0 3.0
1979 258548 3.0 3.0
1980 258616 3.0 3.0
1981 258710 3.0 3.0
1982 258807 3.0 3.0
1983 258896 3.0 3.0
1984 259008 3.0 3.0
1985 259080 3.0 3.0
1986 259248 3.0 3.0
1987 259364 3.0 3.0
1988 259456 3.0 3.0
1989 259554 3.0 3.0
1990 259647 3.0 3.0
1991 259784 3.0 3.0
1992 259870 3.0 3.0
1993 259997 3.0 3.0
1994 260097 3.0 3.0
1995 260192 3.0 3.0
1996 260310 3.0 3.0
1997 260383 3.0 3.0
1998 260476 3.0 3.0
1999 260586 3.0 3.0
2000 260693 3.0 3.0
2001 260770 3.0 3.0
2002 260864 3.0 3.0
2003 260972 3.0 3.0
2004 261074 3.0 3.0
2005 261168 3.0 3.0
2006 261244 3.0 3.0
2007 261299 3.0 3.0
2008 261423 3.0 3.0
2009 261526 3.0 3.0
2010 261621 3.0 3.0
2011 261710 3.0 3.0
2012 261845 3.0 3.0
2013 261922 3.0 3.0
2014 262005 3.0 3.0
2015 262084 3.0 3.0
2016 262156 3.0 3.0
2017 262262 3.0 3.0
2018 262386 3.0 3.0
2019 262474 3.0 3.0
2020 262589 3.0 3.0
2021 262694 3.0 3.0
2022 262773 3.0 3.0
2023 262878 3.0 3.0
2024 262940 3.0 3.0
2025 263022 3.0 3.0
2026 263129 3.0 3.0
2027 263203 3.0 3.0
2028 263265 3.0 3.0
2029 263338 3.0 3.0
2030 263456 3.0 3.0
2031 263537 3.0 3.0
2032 263599 3.0 3.0
2033 263720 3.0 3.0
2034 263803 3.0 3.0
2035 263869 3.0 3.0
2036 263992 3.0 3.0
2037 264065 3.0 3.0
2038 264133 3.0 3.0
2039 264244 3.0 3.0
2040 264317 3.0 3.0
2041 264406 3.0 3.0
2042 264487 3.0 3.0
2043 264563 3.0 3.0
2044 264632 3.0 3.0
2045 264733 3.0 3.0
2046 264839 3.0 3.0
2047 264927 3.0 3.0
2048 265018 3.0 3.0
2049 265088 3.0 3.0
2050 265167 3.0 3.0
2051 265230 3.0 3.0
2052 265350 3.0 3.0
2053 265454 3.0 3.0
2054 265538 3.0 3.0
2055 265605 3.0 3.0
2056 265708 3.0 3.0
2057 265803 3.0 3.0
2058 265881 3.0 3.0
2059 265974 3.0 3.0
2060 266061 3.0 3.0
2061 266133 3.0 3.0
2062 266275 3.0 3.0
2063 266367 3.0 3.0
2064 266448 3.0 3.0
2065 266552 3.0 3.0
2066 266654 3.0 3.0
2067 266770 3.0 3.0
2068 266861 3.0 3.0
2069 266938 3.0 3.0
2070 267038 3.0 3.0
2071 267144 3.0 3.0
2072 267232 3.0 3.0
2073 267294 3.0 3.0
2074 267373 3.0 3.0
2075 267438 3.0 3.0
2076 267506 3.0 3.0
2077 267585 3.0 3.0
2078 267720 3.0 3.0
2079 267798 3.0 3.0
2080 267914 3.0 3.0
2081 268004 3.0 3.0
2082 268084 3.0 3.0
2083 268186 3.0 3.0
2084 268291 3.0 3.0
2085 268348 3.0 3.0
2086 268460 3.0 3.0
2087 268532 3.0 3.0
2088 268697 3.0 3.0
2089 268851 3.0 3.0
2090 268931 3.0 3.0
2091 269051 3.0 3.0
2092 269153 3.0 3.0
2093 269229 3.0 3.0
2094 269289 3.0 3.0
2095 269350 3.0 3.0
2096 269440 3.0 3.0
2097 269519 3.0 3.0
2098 269599 3.0 3.0
2099 269659 3.0 3.0
2100 269719 3.0 3.0
2101 269832 3.0 3.0
2102 269906 3.0 3.0
2103 269994 3.0 3.0
2104 270101 3.0 3.0
2105 270201 3.0 3.0
2106 270276 3.0 3.0
2107 270365 3.0 3.0
2108 270444 3.0 3.0
2109 270523 3.0 3.0
2110 270637 3.0 3.0
2111 270790 3.0 3.0
2112 270883 3.0 3.0
2113 270972 3.0 3.0
2114 271063 3.0 3.0
2115 271175 3.0 3.0
2116 271249 3.0 3.0
2117 271317 3.0 3.0
2118 271401 3.0 3.0
2119 271476 3.0 3.0
2120 271558 3.0 3.0
2121 271677 3.0 3.0
2122 271757 3.0 3.0
2123 271868 3.0 3.0
2124 271958 3.0 3.0
2125 272058 3.0 3.0
2126 272134 3.0 3.0
2127 272213 3.0 3.0
2128 272347 3.0 3.0
2129 272438 3.0 3.0
2130 272508 3.0 3.0
2131 272644 3.0 3.0
2132 272722 3.0 3.0
2133 272816 3.0 3.0
2134 272904 3.0 3.0
2135 272989 3.0 3.0
2136 273089 3.0 3.0
2137 273173 3.0 3.0
2138 273306 3.0 3.0
2139 273401 3.0 3.0
2140 273544 3.0 3.0
2141 273643 3.0 3.0
2142 273731 3.0 3.0
2143 273810 3.0 3.0
2144 273893 3.0 3.0
2145 273978 3.0 3.0
2146 274119 3.0 3.0
2147 274195 3.0 3.0
2148 274281 3.0 3.0
2149 274379 3.0 3.0
2150 274457 3.0 3.0
2151 274531 3.0 3.0
2152 274673 3.0 3.0
2153 274741 3.0 3.0
2154 274835 3.0 3.0
2155 274922 3.0 3.0
2156 275012 3.0 3.0
2157 275105 3.0 3.0
2158 275242 3.0 3.0
2159 275312 3.0 3.0
2160 275408 3.0 3.0
2161 275491 3.0 3.0
2162 275577 3.0 3.0
2163 275652 3.0 3.0
2164 275741 3.0 3.0
2165 275825 3.0 3.0
2166 275907 3.0 3.0
2167 275977 3.0 3.0
2168 276055 3.0 3.0
2169 276188 3.0 3.0
2170 276245 3.0 3.0
2171 276328 3.0 3.0
2172 276427 3.0 3.0
2173 276513 3.0 3.0
2174 276599 3.0 3.0
2175 276808 3.0 3.0
2176 276901 3.0 3.0
2177 276964 3.0 3.0
2178 277073 3.0 3.0
2179 277163 3.0 3.0
2180 277304 3.0 3.0
2181 277394 3.0 3.0
2182 277483 3.0 3.0
2183 277586 3.0 3.0
2184 277678 3.0 3.0
2185 277800 3.0 3.0
2186 277870 3.0 3.0
2187 277949 3.0 3.0
2188 278044 3.0 3.0
2189 278119 3.0 3.0
2190 278200 3.0 3.0
2191 278346 3.0 3.0
2192 278415 3.0 3.0
2193 278499 3.0 3.0
2194 278581 3.0 3.0
2195 278653 3.0 3.0
2196 278726 3.0 3.0
2197 278805 3.0 3.0
2198 278864 3.0 3.0
2199 278941 3.0 3.0
2200 279009 3.0 3.0
2201 279096 3.0 3.0
2202 279206 3.0 3.0
2203 279286 3.0 3.0
2204 279429 3.0 3.0
2205 279533 3.0 3.0
2206 279702 3.0 3.0
2207 279787 3.0 3.0
2208 279859 3.0 3.0
2209 279938 3.0 3.0
2210 280028 3.0 3.0
2211 280102 3.0 3.0
2212 280190 3.0 3.0
2213 280269 3.0 3.0
2214 280347 3.0 3.0
2215 280436 3.0 3.0
2216 280511 3.0 3.0
2217 280598 3.0 3.0
2218 280704 3.0 3.0
2219 280848 3.0 3.0
2220 280936 3.0 3.0
2221 281063 3.0 3.0
2222 281149 3.0 3.0
2223 281232 3.0 3.0
2224 281318 3.0 3.0
2225 281386 3.0 3.0
2226 281516 3.0 3.0
2227 281599 3.0 3.0
2228 281674 3.0 3.0
2229 281761 3.0 3.0
2230 281858 3.0 3.0
2231 281944 3.0 3.0
2232 282051 3.0 3.0
2233 282141 3.0 3.0
2234 282230 3.0 3.0
2235 282337 3.0 3.0
2236 282456 3.0 3.0
2237 282546 3.0 3.0
2238 282631 3.0 3.0
2239 282737 3.0 3.0
2240 282827 3.0 3.0
2241 282918 3.0 3.0
2242 282994 3.0 3.0
2243 283088 3.0 3.0
2244 283265 3.0 3.0
2245 283361 3.0 3.0
2246 283433 3.0 3.0
2247 283557 3.0 3.0
2248 283635 3.0 3.0
2249 283730 3.0 3.0
2250 283804 3.0 3.0
2251 283876 3.0 3.0
2252 283952 3.0 3.0
2253 284091 3.0 3.0
2254 284220 3.0 3.0
2255 284318 3.0 3.0
2256 284399 3.0 3.0
2257 284480 3.0 3.0
2258 284588 3.0 3.0
2259 284649 3.0 3.0
2260 284739 3.0 3.0
2261 284808 3.0 3.0
2262 284920 3.0 3.0
2263 285001 3.0 3.0
2264 285072 3.0 3.0
2265 285132 3.0 3.0
2266 285229 3.0 3.0
2267 285289 3.0 3.0
2268 285367 3.0 3.0
2269 285451 3.0 3.0
2270 285559 3.0 3.0
2271 285655 3.0 3.0
2272 285769 3.0 3.0
2273 285837 3.0 3.0
2274 285960 3.0 3.0
2275 286038 3.0 3.0
2276 286115 3.0 3.0
2277 286196 3.0 3.0
2278 286271 3.0 3.0
2279 286374 3.0 3.0
2280 286493 3.0 3.0
2281 286602 3.0 3.0
2282 286678 3.0 3.0
2283 286785 3.0 3.0
2284 286879 3.0 3.0
2285 286962 3.0 3.0
2286 287041 3.0 3.0
2287 287139 3.0 3.0
2288 287244 3.0 3.0
2289 287336 3.0 3.0
2290 287413 3.0 3.0
2291 287491 3.0 3.0
2292 287597 3.0 3.0
2293 287664 3.0 3.0
2294 287807 3.0 3.0
2295 287898 3.0 3.0
2296 287975 3.0 3.0
2297 288044 3.0 3.0
2298 288125 3.0 3.0
2299 288212 3.0 3.0
2300 288316 3.0 3.0
2301 288389 3.0 3.0
2302 288455 3.0 3.0
2303 288538 3.0 3.0
2304 288610 3.0 3.0
2305 288713 3.0 3.0
2306 288810 3.0 3.0
2307 288910 3.0 3.0
2308 288979 3.0 3.0
2309 289065 3.0 3.0
2310 289148 3.0 3.0
2311 289220 3.0 3.0
2312 289319 3.0 3.0
2313 289432 3.0 3.0
2314 289547 3.0 3.0
2315 289614 3.0 3.0
2316 289690 3.0 3.0
2317 289777 3.0 3.0
2318 289851 3.0 3.0
2319 289975 3.0 3.0
2320 290064 3.0 3.0
2321 290193 3.0 3.0
2322 290262 3.0 3.0
2323 290356 3.0 3.0
2324 290447 3.0 3.0
2325 290538 3.0 3.0
2326 290610 3.0 3.0
2327 290699 3.0 3.0
2328 290782 3.0 3.0
2329 290881 3.0 3.0
2330 291000 3.0 3.0
2331 291076 3.0 3.0
2332 291158 3.0 3.0
2333 291227 3.0 3.0
2334 291306 3.0 3.0
2335 291408 3.0 3.0
2336 291491 3.0 3.0
2337 291586 3.0 3.0
2338 291652 3.0 3.0
2339 291722 3.0 3.0
2340 291815 3.0 3.0
2341 291880 3.0 3.0
2342 291953 3.0 3.0
2343 292025 3.0 3.0
2344 292103 3.0 3.0
2345 292218 3.0 3.0
2346 292345 3.0 3.0
2347 292417 3.0 3.0
2348 292509 3.0 3.0
2349 292630 3.0 3.0
2350 292728 3.0 3.0
2351 292853 3.0 3.0
2352 292932 3.0 3.0
2353 293036 3.0 3.0
2354 293102 3.0 3.0
2355 293174 3.0 3.0
2356 293306 3.0 3.0
2357 293382 3.0 3.0
2358 293458 3.0 3.0
2359 293538 3.0 3.0
2360 293608 3.0 3.0
2361 293689 3.0 3.0
2362 293869 3.0 3.0
2363 293983 3.0 3.0
2364 294090 3.0 3.0
2365 294157 3.0 3.0
2366 294233 3.0 3.0
2367 294325 3.0 3.0
2368 294503 3.0 3.0
2369 294579 3.0 3.0
2370 294712 3.0 3.0
2371 294810 3.0 3.0
2372 294867 3.0 3.0
2373 294965 3.0 3.0
2374 295032 3.0 3.0
2375 295114 3.0 3.0
2376 295207 3.0 3.0
2377 295275 3.0 3.0
2378 295370 3.0 3.0
2379 295461 3.0 3.0
2380 295538 3.0 3.0
2381 295608 3.0 3.0
2382 295693 3.0 3.0
2383 295824 3.0 3.0
2384 295922 3.0 3.0
2385 296039 3.0 3.0
2386 296103 3.0 3.0
2387 296187 3.0 3.0
2388 296255 3.0 3.0
2389 296375 3.0 3.0
2390 296471 3.0 3.0
2391 296553 3.0 3.0
2392 296641 3.0 3.0
2393 296741 3.0 3.0
2394 296799 3.0 3.0
2395 296896 3.0 3.0
2396 296971 3.0 3.0
2397 297036 3.0 3.0
2398 297150 3.0 3.0
2399 297232 3.0 3.0
2400 297334 3.0 3.0
2401 297409 3.0 3.0
2402 297523 3.0 3.0
2403 297615 3.0 3.0
2404 297698 3.0 3.0
2405 297791 3.0 3.0
2406 297896 3.0 3.0
2407 297993 3.0 3.0
2408 298063 3.0 3.0
2409 298155 3.0 3.0
2410 298235 3.0 3.0
2411 298350 3.0 3.0
2412 298431 3.0 3.0
2413 298512 3.0 3.0
2414 298584 3.0 3.0
2415 298685 3.0 3.0
2416 298763 3.0 3.0
2417 298832 3.0 3.0
2418 298905 3.0 3.0
2419 298991 3.0 3.0
2420 299121 3.0 3.0
2421 299208 3.0 3.0
2422 299289 3.0 3.0
2423 299364 3.0 3.0
2424 299441 3.0 3.0
2425 299515 3.0 3.0
2426 299593 3.0 3.0
2427 299681 3.0 3.0
2428 299741 3.0 3.0
2429 299800 3.0 3.0
2430 299893 3.0 3.0
2431 299985 3.0 3.0
2432 300090 3.0 3.0
2433 300172 3.0 3.0
2434 300256 3.0 3.0
2435 300356 3.0 3.0
2436 300484 3.0 3.0
2437 300544 3.0 3.0
2438 300610 3.0 3.0
2439 300683 3.0 3.0
2440 300809 3.0 3.0
2441 300879 3.0 3.0
2442 301004 3.0 3.0
2443 301089 3.0 3.0
2444 301182 3.0 3.0
2445 301348 3.0 3.0
2446 301509 3.0 3.0
2447 301576 3.0 3.0
2448 301666 3.0 3.0
2449 301729 3.0 3.0
2450 301836 3.0 3.0
2451 302016 3.0 3.0
2452 302125 3.0 3.0
2453 302196 3.0 3.0
2454 302288 3.0 3.0
2455 302404 3.0 3.0
2456 302524 3.0 3.0
2457 302626 3.0 3.0
2458 302710 3.0 3.0
2459 302836 3.0 3.0
2460 302902 3.0 3.0
2461 302974 3.0 3.0
2462 303078 3.0 3.0
2463 303183 3.0 3.0
2464 303238 3.0 3.0
2465 303318 3.0 3.0
2466 303439 3.0 3.0
2467 303524 3.0 3.0
2468 303602 3.0 3.0
2469 303693 3.0 3.0
2470 303783 3.0 3.0
2471 303909 3.0 3.0
2472 303974 3.0 3.0
2473 304052 3.0 3.0
2474 304153 3.0 3.0
2475 304262 3.0 3.0
2476 304337 3.0 3.0
2477 304414 3.0 3.0
2478 304528 3.0 3.0
2479 304604 3.0 3.0
2480 304696 3.0 3.0
2481 304768 3.0 3.0
2482 304871 3.0 3.0
2483 304943 3.0 3.0
2484 305002 3.0 3.0
2485 305070 3.0 3.0
2486 305159 3.0 3.0
2487 305238 3.0 3.0
2488 305354 3.0 3.0
2489 305429 3.0 3.0
2490 305499 3.0 3.0
2491 305630 3.0 3.0
2492 305707 3.0 3.0
2493 305837 3.0 3.0
2494 305906 3.0 3.0
2495 306036 3.0 3.0
2496 306139 3.0 3.0
2497 306287 3.0 3.0
2498 306394 3.0 3.0
2499 306474 3.0 3.0
2500 306558 3.0 3.0
2501 306666 3.0 3.0
2502 306733 3.0 3.0
2503 306816 3.0 3.0
2504 306924 3.0 3.0
2505 307040 3.0 3.0
2506 307134 3.0 3.0
2507 307216 3.0 3.0
2508 307294 3.0 3.0
2509 307403 3.0 3.0
2510 307489 3.0 3.0
2511 307582 3.0 3.0
2512 307685 3.0 3.0
2513 307769 3.0 3.0
2514 307845 3.0 3.0
2515 307917 3.0 3.0
2516 307985 3.0 3.0
2517 308127 3.0 3.0
2518 308197 3.0 3.0
2519 308274 3.0 3.0
2520 308386 3.0 3.0
2521 308455 3.0 3.0
2522 308545 3.0 3.0
2523 308625 3.0 3.0
2524 308690 3.0 3.0
2525 308763 3.0 3.0
2526 308843 3.0 3.0
2527 308904 3.0 3.0
2528 308982 3.0 3.0
2529 309054 3.0 3.0
2530 309188 3.0 3.0
2531 309324 3.0 3.0
2532 309418 3.0 3.0
2533 309484 3.0 3.0
2534 309555 3.0 3.0
2535 309638 3.0 3.0
2536 309716 3.0 3.0
2537 309852 3.0 3.0
2538 309962 3.0 3.0
2539 310032 3.0 3.0
2540 310184 3.0 3.0
2541 310243 3.0 3.0
2542 310331 3.0 3.0
2543 310481 3.0 3.0
2544 310563 3.0 3.0
2545 310639 3.0 3.0
2546 310721 3.0 3.0
2547 310833 3.0 3.0
2548 310924 3.0 3.0
2549 310999 3.0 3.0
2550 311067 3.0 3.0
2551 311143 3.0 3.0
2552 311264 3.0 3.0
2553 311343 3.0 3.0
2554 311418 3.0 3.0
2555 311489 3.0 3.0
2556 311591 3.0 3.0
2557 311670 3.0 3.0
2558 311791 3.0 3.0
2559 311885 3.0 3.0
2560 311975 3.0 3.0
2561 312063 3.0 3.0
2562 312176 3.0 3.0
2563 312262 3.0 3.0
2564 312383 3.0 3.0
2565 312457 3.0 3.0
2566 312552 3.0 3.0
2567 312630 3.0 3.0
2568 312755 3.0 3.0
2569 312903 3.0 3.0
2570 312979 3.0 3.0
2571 313101 3.0 3.0
2572 313162 3.0 3.0
2573 313269 3.0 3.0
2574 313348 3.0 3.0
2575 313411 3.0 3.0
2576 313493 3.0 3.0
2577 313561 3.0 3.0
2578 313642 3.0 3.0
2579 313786 3.0 3.0
2580 313875 3.0 3.0
2581 313974 3.0 3.0
2582 314069 3.0 3.0
2583 314139 3.0 3.0
2584 314283 3.0 3.0
2585 314364 3.0 3.0
2586 314442 3.0 3.0
2587 314517 3.0 3.0
2588 314586 3.0 3.0
2589 314658 3.0 3.0
2590 314720 3.0 3.0
2591 314866 3.0 3.0
2592 314945 3.0 3.0
2593 315028 3.0 3.0
2594 315105 3.0 3.0
2595 315174 3.0 3.0
2596 315274 3.0 3.0
2597 315361 3.0 3.0
2598 315432 3.0 3.0
2599 315524 3.0 3.0
2600 315638 3.0 3.0
2601 315722 3.0 3.0
2602 315800 3.0 3.0
2603 315902 3.0 3.0
2604 315971 3.0 3.0
2605 316055 3.0 3.0
2606 316118 3.0 3.0
2607 316216 3.0 3.0
2608 316290 3.0 3.0
2609 316352 3.0 3.0
2610 316414 3.0 3.0
2611 316496 3.0 3.0
2612 316601 3.0 3.0
2613 316680 3.0 3.0
2614 316762 3.0 3.0
2615 316852 3.0 3.0
2616 316927 3.0 3.0
2617 317016 3.0 3.0
2618 317125 3.0 3.0
2619 317230 3.0 3.0
2620 317315 3.0 3.0
2621 317406 3.0 3.0
2622 317498 3.0 3.0
2623 317573 3.0 3.0
2624 317645 3.0 3.0
2625 317718 3.0 3.0
2626 317777 3.0 3.0
2627 317862 3.0 3.0
2628 317935 3.0 3.0
2629 318016 3.0 3.0
2630 318174 3.0 3.0
2631 318260 3.0 3.0
2632 318346 3.0 3.0
2633 318426 3.0 3.0
2634 318593 3.0 3.0
2635 318661 3.0 3.0
2636 318768 3.0 3.0
2637 318874 3.0 3.0
2638 318993 3.0 3.0
2639 319075 3.0 3.0
2640 319148 3.0 3.0
2641 319249 3.0 3.0
2642 319395 3.0 3.0
2643 319484 3.0 3.0
2644 319567 3.0 3.0
2645 319637 3.0 3.0
2646 319715 3.0 3.0
2647 319807 3.0 3.0
2648 319886 3.0 3.0
2649 319999 3.0 3.0
2650 320115 3.0 3.0
2651 320189 3.0 3.0
2652 320272 3.0 3.0
2653 320376 3.0 3.0
2654 320461 3.0 3.0
2655 320547 3.0 3.0
2656 320636 3.0 3.0
2657 320769 3.0 3.0
2658 320869 3.0 3.0
2659 320950 3.0 3.0
2660 321027 3.0 3.0
2661 321133 3.0 3.0
2662 321204 3.0 3.0
2663 321315 3.0 3.0
2664 321407 3.0 3.0
2665 321499 3.0 3.0
2666 321603 3.0 3.0
2667 321684 3.0 3.0
2668 321754 3.0 3.0
2669 321834 3.0 3.0
2670 321930 3.0 3.0
2671 322004 3.0 3.0
2672 322117 3.0 3.0
2673 322211 3.0 3.0
2674 322296 3.0 3.0
2675 322364 3.0 3.0
2676 322428 3.0 3.0
2677 322508 3.0 3.0
2678 322601 3.0 3.0
2679 322675 3.0 3.0
2680 322769 3.0 3.0
2681 322845 3.0 3.0
2682 322929 3.0 3.0
2683 323015 3.0 3.0
2684 323081 3.0 3.0
2685 323154 3.0 3.0
2686 323256 3.0 3.0
2687 323326 3.0 3.0
2688 323409 3.0 3.0
2689 323488 3.0 3.0
2690 323605 3.0 3.0
2691 323680 3.0 3.0
2692 323759 3.0 3.0
2693 323847 3.0 3.0
2694 323995 3.0 3.0
2695 324090 3.0 3.0
2696 324157 3.0 3.0
2697 324230 3.0 3.0
2698 324368 3.0 3.0
2699 324440 3.0 3.0
2700 324526 3.0 3.0
2701 324648 3.0 3.0
2702 324755 3.0 3.0
2703 324854 3.0 3.0
2704 324931 3.0 3.0
2705 325015 3.0 3.0
2706 325106 3.0 3.0
2707 325176 3.0 3.0
2708 325265 3.0 3.0
2709 325334 3.0 3.0
2710 325428 3.0 3.0
2711 325528 3.0 3.0
2712 325597 3.0 3.0
2713 325707 3.0 3.0
2714 325794 3.0 3.0
2715 325878 3.0 3.0
2716 325964 3.0 3.0
2717 326114 3.0 3.0
2718 326213 3.0 3.0
2719 326271 3.0 3.0
2720 326345 3.0 3.0
2721 326415 3.0 3.0
2722 326533 3.0 3.0
2723 326606 3.0 3.0
2724 326685 3.0 3.0
2725 326755 3.0 3.0
2726 326856 3.0 3.0
2727 326918 3.0 3.0
2728 326989 3.0 3.0
2729 327053 3.0 3.0
2730 327130 3.0 3.0
2731 327203 3.0 3.0
2732 327293 3.0 3.0
2733 327363 3.0 3.0
2734 327428 3.0 3.0
2735 327509 3.0 3.0
2736 327667 3.0 3.0
2737 327786 3.0 3.0
2738 327902 3.0 3.0
2739 327979 3.0 3.0
2740 328085 3.0 3.0
2741 328214 3.0 3.0
2742 328310 3.0 3.0
2743 328399 3.0 3.0
2744 328463 3.0 3.0
2745 328543 3.0 3.0
2746 328646 3.0 3.0
2747 328737 3.0 3.0
2748 328802 3.0 3.0
2749 328908 3.0 3.0
2750 328987 3.0 3.0
2751 329056 3.0 3.0
2752 329130 3.0 3.0
2753 329233 3.0 3.0
2754 329307 3.0 3.0
2755 329389 3.0 3.0
2756 329488 3.0 3.0
2757 329570 3.0 3.0
2758 329652 3.0 3.0
2759 329775 3.0 3.0
2760 329851 3.0 3.0
2761 329918 3.0 3.0
2762 329985 3.0 3.0
2763 330107 3.0 3.0
2764 330187 3.0 3.0
2765 330268 3.0 3.0
2766 330336 3.0 3.0
2767 330438 3.0 3.0
2768 330539 3.0 3.0
2769 330605 3.0 3.0
2770 330679 3.0 3.0
2771 330767 3.0 3.0
2772 330842 3.0 3.0
2773 330937 3.0 3.0
2774 331052 3.0 3.0
2775 331118 3.0 3.0
2776 331191 3.0 3.0
2777 331263 3.0 3.0
2778 331370 3.0 3.0
2779 331444 3.0 3.0
2780 331535 3.0 3.0
2781 331619 3.0 3.0
2782 331696 3.0 3.0
2783 331788 3.0 3.0
2784 331861 3.0 3.0
2785 331951 3.0 3.0
2786 332050 3.0 3.0
2787 332154 3.0 3.0
2788 332242 3.0 3.0
2789 332312 3.0 3.0
2790 332392 3.0 3.0
2791 332458 3.0 3.0
2792 332537 3.0 3.0
2793 332620 3.0 3.0
2794 332696 3.0 3.0
2795 332776 3.0 3.0
2796 332907 3.0 3.0
2797 332975 3.0 3.0
2798 333041 3.0 3.0
2799 333119 3.0 3.0
2800 333212 3.0 3.0
2801 333343 3.0 3.0
2802 333423 3.0 3.0
2803 333541 3.0 3.0
2804 333627 3.0 3.0
2805 333711 3.0 3.0
2806 333785 3.0 3.0
2807 333851 3.0 3.0
2808 333922 3.0 3.0
2809 334004 3.0 3.0
2810 334066 3.0 3.0
2811 334140 3.0 3.0
2812 334217 3.0 3.0
2813 334335 3.0 3.0
2814 334424 3.0 3.0
2815 334527 3.0 3.0
2816 334623 3.0 3.0
2817 334702 3.0 3.0
2818 334863 3.0 3.0
2819 334992 3.0 3.0
2820 335066 3.0 3.0
2821 335145 3.0 3.0
2822 335213 3.0 3.0
2823 335286 3.0 3.0
2824 335346 3.0 3.0
2825 335425 3.0 3.0
2826 335522 3.0 3.0
2827 335607 3.0 3.0
2828 335696 3.0 3.0
2829 335755 3.0 3.0
2830 335838 3.0 3.0
2831 335964 3.0 3.0
2832 336043 3.0 3.0
2833 336140 3.0 3.0
2834 336229 3.0 3.0
2835 336297 3.0 3.0
2836 336361 3.0 3.0
2837 336453 3.0 3.0
2838 336525 3.0 3.0
2839 336597 3.0 3.0
2840 336677 3.0 3.0
2841 336754 3.0 3.0
2842 336844 3.0 3.0
2843 336925 3.0 3.0
2844 336994 3.0 3.0
2845 337081 3.0 3.0
2846 337177 3.0 3.0
2847 337254 3.0 3.0
2848 337406 3.0 3.0
2849 337482 3.0 3.0
2850 337544 3.0 3.0
2851 337604 3.0 3.0
2852 337727 3.0 3.0
2853 337806 3.0 3.0
2854 337929 3.0 3.0
2855 338017 3.0 3.0
2856 338092 3.0 3.0
2857 338168 3.0 3.0
2858 338254 3.0 3.0
2859 338354 3.0 3.0
2860 338487 3.0 3.0
2861 338565 3.0 3.0
2862 338643 3.0 3.0
2863 338723 3.0 3.0
2864 338800 3.0 3.0
2865 338904 3.0 3.0
2866 338994 3.0 3.0
2867 339061 3.0 3.0
2868 339157 3.0 3.0
2869 339279 3.0 3.0
2870 339349 3.0 3.0
2871 339443 3.0 3.0
2872 339532 3.0 3.0
2873 339613 3.0 3.0
2874 339712 3.0 3.0
2875 339788 3.0 3.0
2876 339861 3.0 3.0
2877 340032 3.0 3.0
2878 340104 3.0 3.0
2879 340167 3.0 3.0
2880 340244 3.0 3.0
2881 340309 3.0 3.0
2882 340400 3.0 3.0
2883 340481 3.0 3.0
2884 340581 3.0 3.0
2885 340650 3.0 3.0
2886 340732 3.0 3.0
2887 340834 3.0 3.0
2888 340944 3.0 3.0
2889 341020 3.0 3.0
2890 341097 3.0 3.0
2891 341190 3.0 3.0
2892 341280 3.0 3.0
2893 341377 3.0 3.0
2894 341482 3.0 3.0
2895 341560 3.0 3.0
2896 341651 3.0 3.0
2897 341724 3.0 3.0
2898 341830 3.0 3.0
2899 341909 3.0 3.0
2900 341998 3.0 3.0
2901 342082 3.0 3.0
2902 342190 3.0 3.0
2903 342263 3.0 3.0
2904 342349 3.0 3.0
2905 342411 3.0 3.0
2906 342514 3.0 3.0
2907 342609 3.0 3.0
2908 342691 3.0 3.0
2909 342787 3.0 3.0
2910 342873 3.0 3.0
2911 342978 3.0 3.0
2912 343061 3.0 3.0
2913 343136 3.0 3.0
2914 343235 3.0 3.0
2915 343303 3.0 3.0
2916 343363 3.0 3.0
2917 343434 3.0 3.0
2918 343542 3.0 3.0
2919 343631 3.0 3.0
2920 343725 3.0 3.0
2921 343806 3.0 3.0
2922 343884 3.0 3.0
2923 343989 3.0 3.0
2924 344085 3.0 3.0
2925 344174 3.0 3.0
2926 344256 3.0 3.0
2927 344347 3.0 3.0
2928 344413 3.0 3.0
2929 344503 3.0 3.0
2930 344595 3.0 3.0
2931 344662 3.0 3.0
2932 344758 3.0 3.0
2933 344840 3.0 3.0
2934 344918 3.0 3.0
2935 344978 3.0 3.0
2936 345039 3.0 3.0
2937 345108 3.0 3.0
2938 345202 3.0 3.0
2939 345275 3.0 3.0
2940 345357 3.0 3.0
2941 345431 3.0 3.0
2942 345497 3.0 3.0
2943 345597 3.0 3.0
2944 345683 3.0 3.0
2945 345771 3.0 3.0
2946 345855 3.0 3.0
2947 345950 3.0 3.0
2948 346062 3.0 3.0
2949 346146 3.0 3.0
2950 346236 3.0 3.0
2951 346340 3.0 3.0
2952 346403 3.0 3.0
2953 346485 3.0 3.0
2954 346556 3.0 3.0
2955 346654 3.0 3.0
2956 346727 3.0 3.0
2957 346807 3.0 3.0
2958 346862 3.0 3.0
2959 346929 3.0 3.0
2960 346994 3.0 3.0
2961 347073 3.0 3.0
2962 347186 3.0 3.0
2963 347281 3.0 3.0
2964 347350 3.0 3.0
2965 347435 3.0 3.0
2966 347546 3.0 3.0
2967 347648 3.0 3.0
2968 347715 3.0 3.0
2969 347819 3.0 3.0
2970 347975 3.0 3.0
2971 348092 3.0 3.0
2972 348161 3.0 3.0
2973 348244 3.0 3.0
2974 348316 3.0 3.0
2975 348404 3.0 3.0
2976 348472 3.0 3.0
2977 348573 3.0 3.0
2978 348676 3.0 3.0
2979 348786 3.0 3.0
2980 348857 3.0 3.0
2981 348925 3.0 3.0
2982 349031 3.0 3.0
2983 349101 3.0 3.0
2984 349196 3.0 3.0
2985 349326 3.0 3.0
2986 349384 3.0 3.0
2987 349465 3.0 3.0
2988 349528 3.0 3.0
2989 349595 3.0 3.0
2990 349677 3.0 3.0
2991 349778 3.0 3.0
2992 349879 3.0 3.0
2993 349976 3.0 3.0
2994 350051 3.0 3.0
2995 350140 3.0 3.0
2996 350214 3.0 3.0
2997 350298 3.0 3.0
2998 350378 3.0 3.0
2999 350462 3.0 3.0
3000 350546 3.0 3.0
3001 350669 3.0 3.0
3002 350748 3.0 3.0
3003 350831 3.0 3.0
3004 350919 3.0 3.0
3005 350981 3.0 3.0
3006 351062 3.0 3.0
3007 351159 3.0 3.0
3008 351234 3.0 3.0
3009 351305 3.0 3.0
3010 351392 3.0 3.0
3011 351471 3.0 3.0
3012 351548 3.0 3.0
3013 351667 3.0 3.0
3014 351751 3.0 3.0
3015 351827 3.0 3.0
3016 351909 3.0 3.0
3017 351979 3.0 3.0
3018 352078 3.0 3.0
3019 352147 3.0 3.0
3020 352242 3.0 3.0
3021 352320 3.0 3.0
3022 352405 3.0 3.0
3023 352484 3.0 3.0
3024 352548 3.0 3.0
3025 352635 3.0 3.0
3026 352712 3.0 3.0
3027 352816 3.0 3.0
3028 352913 3.0 3.0
3029 352978 3.0 3.0
3030 353074 3.0 3.0
3031 353162 3.0 3.0
3032 353279 3.0 3.0
3033 353361 3.0 3.0
3034 353434 3.0 3.0
3035 353525 3.0 3.0
3036 353613 3.0 3.0
3037 353694 3.0 3.0
3038 353762 3.0 3.0
3039 353842 3.0 3.0
3040 353903 3.0 3.0
3041 354014 3.0 3.0
3042 354088 3.0 3.0
3043 354194 3.0 3.0
3044 354302 3.0 3.0
3045 354377 3.0 3.0
3046 354441 3.0 3.0
3047 354515 3.0 3.0
3048 354571 3.0 3.0
3049 354643 3.0 3.0
3050 354715 3.0 3.0
3051 354797 3.0 3.0
3052 354857 3.0 3.0
3053 354928 3.0 3.0
3054 354997 3.0 3.0
3055 355094 3.0 3.0
3056 355182 3.0 3.0
3057 355264 3.0 3.0
3058 355370 3.0 3.0
3059 355517 3.0 3.0
3060 355601 3.0 3.0
3061 355711 3.0 3.0
3062 355806 3.0 3.0
3063 355910 3.0 3.0
3064 355965 3.0 3.0
3065 356062 3.0 3.0
3066 356218 3.0 3.0
3067 356288 3.0 3.0
3068 356394 3.0 3.0
3069 356474 3.0 3.0
3070 356538 3.0 3.0
3071 356622 3.0 3.0
3072 356778 3.0 3.0
3073 356869 3.0 3.0
3074 356951 3.0 3.0
3075 357100 3.0 3.0
3076 357192 3.0 3.0
3077 357283 3.0 3.0
3078 357375 3.0 3.0
3079 357439 3.0 3.0
3080 357548 3.0 3.0
3081 357610 3.0 3.0
3082 357717 3.0 3.0
3083 357784 3.0 3.0
3084 357854 3.0 3.0
3085 357964 3.0 3.0
3086 358073 3.0 3.0
3087 358134 3.0 3.0
3088 358235 3.0 3.0
3089 358358 3.0 3.0
3090 358457 3.0 3.0
3091 358538 3.0 3.0
3092 358653 3.0 3.0
3093 358734 3.0 3.0
3094 358800 3.0 3.0
3095 358904 3.0 3.0
3096 358979 3.0 3.0
3097 359052 3.0 3.0
3098 359144 3.0 3.0
3099 359229 3.0 3.0
3100 359290 3.0 3.0
3101 359357 3.0 3.0
3102 359427 3.0 3.0
3103 359484 3.0 3.0
3104 359559 3.0 3.0
3105 359646 3.0 3.0
3106 359746 3.0 3.0
3107 359935 3.0 3.0
3108 360015 3.0 3.0
3109 360083 3.0 3.0
3110 360205 3.0 3.0
3111 360298 3.0 3.0
3112 360408 3.0 3.0
3113 360477 3.0 3.0
3114 360550 3.0 3.0
3115 360648 3.0 3.0
3116 360740 3.0 3.0
3117 360827 3.0 3.0
3118 360902 3.0 3.0
3119 360983 3.0 3.0
3120 361079 3.0 3.0
3121 361175 3.0 3.0
3122 361275 3.0 3.0
3123 361345 3.0 3.0
3124 361447 3.0 3.0
3125 361511 3.0 3.0
3126 361574 3.0 3.0
3127 361660 3.0 3.0
3128 361729 3.0 3.0
3129 361830 3.0 3.0
3130 361891 3.0 3.0
3131 361981 3.0 3.0
3132 362128 3.0 3.0
3133 362181 3.0 3.0
3134 362258 3.0 3.0
3135 362397 3.0 3.0
3136 362482 3.0 3.0
3137 362532 3.0 3.0
3138 362612 3.0 3.0
3139 362686 3.0 3.0
3140 362753 3.0 3.0
3141 362815 3.0 3.0
3142 362933 3.0 3.0
3143 363005 3.0 3.0
3144 363081 3.0 3.0
3145 363169 3.0 3.0
3146 363285 3.0 3.0
3147 363415 3.0 3.0
3148 363486 3.0 3.0
3149 363600 3.0 3.0
3150 363666 3.0 3.0
3151 363740 3.0 3.0
3152 363844 3.0 3.0
3153 363990 3.0 3.0
3154 364138 3.0 3.0
3155 364219 3.0 3.0
3156 364296 3.0 3.0
3157 364384 3.0 3.0
3158 364470 3.0 3.0
3159 364549 3.0 3.0
3160 364611 3.0 3.0
3161 364705 3.0 3.0
3162 364801 3.0 3.0
3163 364904 3.0 3.0
3164 365018 3.0 3.0
3165 365111 3.0 3.0
3166 365207 3.0 3.0
3167 365287 3.0 3.0
3168 365359 3.0 3.0
3169 365523 3.0 3.0
3170 365597 3.0 3.0
3171 365696 3.0 3.0
3172 365792 3.0 3.0
3173 365851 3.0 3.0
3174 365926 3.0 3.0
3175 366005 3.0 3.0
3176 366070 3.0 3.0
3177 366137 3.0 3.0
3178 366209 3.0 3.0
3179 366273 3.0 3.0
3180 366365 3.0 3.0
3181 366462 3.0 3.0
3182 366645 3.0 3.0
3183 366709 3.0 3.0
3184 366779 3.0 3.0
3185 366848 3.0 3.0
3186 366920 3.0 3.0
3187 367009 3.0 3.0
3188 367111 3.0 3.0
3189 367194 3.0 3.0
3190 367263 3.0 3.0
3191 367335 3.0 3.0
3192 367431 3.0 3.0
3193 367511 3.0 3.0
3194 367587 3.0 3.0
3195 367688 3.0 3.0
3196 367860 3.0 3.0
3197 367964 3.0 3.0
3198 368048 3.0 3.0
3199 368136 3.0 3.0
3200 368228 3.0 3.0
3201 368312 3.0 3.0
3202 368397 3.0 3.0
3203 368466 3.0 3.0
3204 368560 3.0 3.0
3205 368665 3.0 3.0
3206 368733 3.0 3.0
3207 368809 3.0 3.0
3208 368896 3.0 3.0
3209 368985 3.0 3.0
3210 369064 3.0 3.0
3211 369149 3.0 3.0
3212 369231 3.0 3.0
3213 369323 3.0 3.0
3214 369422 3.0 3.0
3215 369498 3.0 3.0
3216 369628 3.0 3.0
3217 369701 3.0 3.0
3218 369773 3.0 3.0
3219 369859 3.0 3.0
3220 369946 3.0 3.0
3221 370036 3.0 3.0
3222 370128 3.0 3.0
3223 370189 3.0 3.0
3224 370255 3.0 3.0
3225 370314 3.0 3.0
3226 370408 3.0 3.0
3227 370518 3.0 3.0
3228 370592 3.0 3.0
3229 370665 3.0 3.0
3230 370758 3.0 3.0
3231 370839 3.0 3.0
3232 371004 3.0 3.0
3233 371102 3.0 3.0
3234 371175 3.0 3.0
3235 371269 3.0 3.0
3236 371358 3.0 3.0
3237 371448 3.0 3.0
3238 371549 3.0 3.0
3239 371629 3.0 3.0
3240 371706 3.0 3.0
3241 371799 3.0 3.0
3242 371896 3.0 3.0
3243 372007 3.0 3.0
3244 372096 3.0 3.0
3245 372181 3.0 3.0
3246 372243 3.0 3.0
3247 372327 3.0 3.0
3248 372414 3.0 3.0
3249 372514 3.0 3.0
3250 372588 3.0 3.0
3251 372645 3.0 3.0
3252 372723 3.0 3.0
3253 372790 3.0 3.0
3254 372868 3.0 3.0
3255 372949 3.0 3.0
3256 373055 3.0 3.0
3257 373170 3.0 3.0
3258 373273 3.0 3.0
3259 373350 3.0 3.0
3260 373419 3.0 3.0
3261 373517 3.0 3.0
3262 373585 3.0 3.0
3263 373672 3.0 3.0
3264 373765 3.0 3.0
3265 373829 3.0 3.0
3266 373888 3.0 3.0
3267 373966 3.0 3.0
3268 374106 3.0 3.0
3269 374174 3.0 3.0
3270 374244 3.0 3.0
3271 374323 3.0 3.0
3272 374396 3.0 3.0
3273 374491 3.0 3.0
3274 374577 3.0 3.0
3275 374629 3.0 3.0
3276 374708 3.0 3.0
3277 374775 3.0 3.0
3278 374882 3.0 3.0
3279 374953 3.0 3.0
3280 375013 3.0 3.0
3281 375111 3.0 3.0
3282 375211 3.0 3.0
3283 375288 3.0 3.0
3284 375405 3.0 3.0
3285 375480 3.0 3.0
3286 375546 3.0 3.0
3287 375632 3.0 3.0
3288 375726 3.0 3.0
3289 375820 3.0 3.0
3290 375907 3.0 3.0
3291 376001 3.0 3.0
3292 376063 3.0 3.0
3293 376131 3.0 3.0
3294 376260 3.0 3.0
3295 376332 3.0 3.0
3296 376415 3.0 3.0
3297 376477 3.0 3.0
3298 376556 3.0 3.0
3299 376661 3.0 3.0
3300 376733 3.0 3.0
3301 376854 3.0 3.0
3302 376933 3.0 3.0
3303 377011 3.0 3.0
3304 377117 3.0 3.0
3305 377197 3.0 3.0
3306 377268 3.0 3.0
3307 377386 3.0 3.0
3308 377477 3.0 3.0
3309 377575 3.0 3.0
3310 377671 3.0 3.0
3311 377764 3.0 3.0
3312 377883 3.0 3.0
3313 377980 3.0 3.0
3314 378067 3.0 3.0
3315 378153 3.0 3.0
3316 378233 3.0 3.0
3317 378313 3.0 3.0
3318 378376 3.0 3.0
3319 378477 3.0 3.0
3320 378546 3.0 3.0
3321 378619 3.0 3.0
3322 378713 3.0 3.0
3323 378830 3.0 3.0
3324 378907 3.0 3.0
3325 378983 3.0 3.0
3326 379069 3.0 3.0
3327 379149 3.0 3.0
3328 379252 3.0 3.0
3329 379328 3.0 3.0
3330 379406 3.0 3.0
3331 379484 3.0 3.0
3332 379565 3.0 3.0
3333 379634 3.0 3.0
3334 379696 3.0 3.0
3335 379768 3.0 3.0
3336 379850 3.0 3.0
3337 379938 3.0 3.0
3338 380001 3.0 3.0
3339 380066 3.0 3.0
3340 380155 3.0 3.0
3341 380304 3.0 3.0
3342 380381 3.0 3.0
3343 380465 3.0 3.0
3344 380537 3.0 3.0
3345 380636 3.0 3.0
3346 380723 3.0 3.0
3347 380821 3.0 3.0
3348 380915 3.0 3.0
3349 381018 3.0 3.0
3350 381109 3.0 3.0
3351 381185 3.0 3.0
3352 381269 3.0 3.0
3353 381338 3.0 3.0
3354 381442 3.0 3.0
3355 381538 3.0 3.0
3356 381630 3.0 3.0
3357 381720 3.0 3.0
3358 381815 3.0 3.0
3359 381884 3.0 3.0
3360 381980 3.0 3.0
3361 382064 3.0 3.0
3362 382136 3.0 3.0
3363 382278 3.0 3.0
3364 382346 3.0 3.0
3365 382415 3.0 3.0
3366 382502 3.0 3.0
3367 382597 3.0 3.0
3368 382669 3.0 3.0
3369 382797 3.0 3.0
3370 382878 3.0 3.0
3371 382974 3.0 3.0
3372 383057 3.0 3.0
3373 383131 3.0 3.0
3374 383279 3.0 3.0
3375 383350 3.0 3.0
3376 383405 3.0 3.0
3377 383454 3.0 3.0
3378 383543 3.0 3.0
3379 383600 3.0 3.0
3380 383670 3.0 3.0
3381 383746 3.0 3.0
3382 383832 3.0 3.0
3383 383905 3.0 3.0
3384 383979 3.0 3.0
3385 384047 3.0 3.0
3386 384150 3.0 3.0
3387 384248 3.0 3.0
3388 384330 3.0 3.0
3389 384418 3.0 3.0
3390 384524 3.0 3.0
3391 384599 3.0 3.0
3392 384674 3.0 3.0
3393 384747 3.0 3.0
3394 384846 3.0 3.0
3395 384908 3.0 3.0
3396 384975 3.0 3.0
3397 385055 3.0 3.0
3398 385118 3.0 3.0
3399 385215 3.0 3.0
3400 385307 3.0 3.0
3401 385377 3.0 3.0
3402 385471 3.0 3.0
3403 385556 3.0 3.0
3404 385653 3.0 3.0
3405 385718 3.0 3.0
3406 385803 3.0 3.0
3407 385872 3.0 3.0
3408 385948 3.0 3.0
3409 386015 3.0 3.0
3410 386102 3.0 3.0
3411 386182 3.0 3.0
3412 386277 3.0 3.0
3413 386377 3.0 3.0
3414 386491 3.0 3.0
3415 386568 3.0 3.0
3416 386634 3.0 3.0
3417 386706 3.0 3.0
3418 386811 3.0 3.0
3419 386888 3.0 3.0
3420 386992 3.0 3.0
3421 387086 3.0 3.0
3422 387162 3.0 3.0
3423 387277 3.0 3.0
3424 387354 3.0 3.0
3425 387445 3.0 3.0
3426 387543 3.0 3.0
3427 387616 3.0 3.0
3428 387692 3.0 3.0
3429 387772 3.0 3.0
3430 387846 3.0 3.0
3431 387944 3.0 3.0
3432 388045 3.0 3.0
3433 388105 3.0 3.0
3434 388181 3.0 3.0
3435 388281 3.0 3.0
3436 388405 3.0 3.0
3437 388466 3.0 3.0
3438 388542 3.0 3.0
3439 388613 3.0 3.0
3440 388672 3.0 3.0
3441 388740 3.0 3.0
3442 388801 3.0 3.0
3443 388875 3.0 3.0
3444 388961 3.0 3.0
3445 389043 3.0 3.0
3446 389118 3.0 3.0
3447 389197 3.0 3.0
3448 389272 3.0 3.0
3449 389348 3.0 3.0
3450 389413 3.0 3.0
3451 389519 3.0 3.0
3452 389582 3.0 3.0
3453 389654 3.0 3.0
3454 389846 3.0 3.0
3455 389947 3.0 3.0
3456 390074 3.0 3.0
3457 390130 3.0 3.0
3458 390215 3.0 3.0
3459 390350 3.0 3.0
3460 390419 3.0 3.0
3461 390490 3.0 3.0
3462 390582 3.0 3.0
3463 390669 3.0 3.0
3464 390754 3.0 3.0
3465 390874 3.0 3.0
3466 390968 3.0 3.0
3467 391037 3.0 3.0
3468 391118 3.0 3.0
3469 391188 3.0 3.0
3470 391247 3.0 3.0
3471 391343 3.0 3.0
3472 391417 3.0 3.0
3473 391525 3.0 3.0
3474 391602 3.0 3.0
3475 391691 3.0 3.0
3476 391802 3.0 3.0
3477 391881 3.0 3.0
3478 391973 3.0 3.0
3479 392056 3.0 3.0
3480 392162 3.0 3.0
3481 392306 3.0 3.0
3482 392389 3.0 3.0
3483 392457 3.0 3.0
3484 392540 3.0 3.0
3485 392623 3.0 3.0
3486 392704 3.0 3.0
3487 392812 3.0 3.0
3488 392898 3.0 3.0
3489 392958 3.0 3.0
3490 393050 3.0 3.0
3491 393137 3.0 3.0
3492 393205 3.0 3.0
3493 393307 3.0 3.0
3494 393406 3.0 3.0
3495 393462 3.0 3.0
3496 393550 3.0 3.0
3497 393634 3.0 3.0
3498 393714 3.0 3.0
3499 393798 3.0 3.0
3500 393875 3.0 3.0
3501 393936 3.0 3.0
3502 394015 3.0 3.0
3503 394121 3.0 3.0
3504 394217 3.0 3.0
3505 394310 3.0 3.0
3506 394407 3.0 3.0
3507 394503 3.0 3.0
3508 394580 3.0 3.0
3509 394659 3.0 3.0
3510 394735 3.0 3.0
3511 394838 3.0 3.0
3512 394917 3.0 3.0
3513 395046 3.0 3.0
3514 395139 3.0 3.0
3515 395215 3.0 3.0
3516 395287 3.0 3.0
3517 395467 3.0 3.0
3518 395530 3.0 3.0
3519 395635 3.0 3.0
3520 395736 3.0 3.0
3521 395845 3.0 3.0
3522 395921 3.0 3.0
3523 395985 3.0 3.0
3524 396064 3.0 3.0
3525 396124 3.0 3.0
3526 396216 3.0 3.0
3527 396283 3.0 3.0
3528 396371 3.0 3.0
3529 396444 3.0 3.0
3530 396536 3.0 3.0
3531 396605 3.0 3.0
3532 396664 3.0 3.0
3533 396736 3.0 3.0
3534 396838 3.0 3.0
3535 396923 3.0 3.0
3536 396999 3.0 3.0
3537 397085 3.0 3.0
3538 397151 3.0 3.0
3539 397228 3.0 3.0
3540 397302 3.0 3.0
3541 397410 3.0 3.0
3542 397520 3.0 3.0
3543 397597 3.0 3.0
3544 397679 3.0 3.0
3545 397749 3.0 3.0
3546 397845 3.0 3.0
3547 397916 3.0 3.0
3548 397994 3.0 3.0
3549 398087 3.0 3.0
3550 398156 3.0 3.0
3551 398222 3.0 3.0
3552 398314 3.0 3.0
3553 398396 3.0 3.0
3554 398500 3.0 3.0
3555 398569 3.0 3.0
3556 398755 3.0 3.0
3557 398810 3.0 3.0
3558 398887 3.0 3.0
3559 398962 3.0 3.0
3560 399019 3.0 3.0
3561 399087 3.0 3.0
3562 399154 3.0 3.0
3563 399237 3.0 3.0
3564 399337 3.0 3.0
3565 399441 3.0 3.0
3566 399514 3.0 3.0
3567 399585 3.0 3.0
3568 399656 3.0 3.0
3569 399760 3.0 3.0
3570 399842 3.0 3.0
3571 399901 3.0 3.0
3572 399974 3.0 3.0
3573 400060 3.0 3.0
