1 300 0.0 0.0
2 600 0.0 0.0
3 900 0.0 0.0
4 1200 1.0 0.01
5 1500 0.0 0.01
6 1800 0.0 0.01
7 2100 1.0 0.02
8 2400 0.0 0.02
9 2700 1.0 0.03
10 3000 0.0 0.03
11 3300 1.0 0.04
12 3600 1.0 0.05
13 3900 0.0 0.05
14 4200 0.0 0.05
15 4500 0.0 0.05
16 4800 1.0 0.06
17 5100 0.0 0.06
18 5400 1.0 0.07
19 5700 1.0 0.08
20 6000 1.0 0.09
21 6300 1.0 0.1
22 6600 1.0 0.11
23 6900 0.0 0.11
24 7200 1.0 0.12
25 7500 1.0 0.13
26 7800 1.0 0.14
27 8100 0.0 0.14
28 8400 1.0 0.15
29 8700 1.0 0.16
30 9000 1.0 0.17
31 9300 1.0 0.18
32 9600 1.0 0.19
33 9900 1.0 0.2
34 10200 1.0 0.21
35 10500 1.0 0.22
36 10800 1.0 0.23
37 11100 1.0 0.24
38 11400 1.0 0.25
39 11700 1.0 0.26
40 12000 1.0 0.27
41 12300 1.0 0.28
42 12600 1.0 0.29
43 12900 1.0 0.3
44 13200 1.0 0.31
45 13500 1.0 0.32
46 13800 1.0 0.33
47 14100 1.0 0.34
48 14400 1.0 0.35
49 14700 1.0 0.36
50 15000 1.0 0.37
51 15300 1.0 0.38
52 15600 1.0 0.39
53 15900 1.0 0.4
54 16200 1.0 0.41
55 16500 1.0 0.42
56 16800 1.0 0.43
57 17100 1.0 0.44
58 17400 1.0 0.45
59 17700 1.0 0.46
60 18000 1.0 0.47
61 18300 1.0 0.48
62 18600 1.0 0.49
63 18900 1.0 0.5
64 19200 2.0 0.52
65 19500 1.0 0.53
66 19800 1.0 0.54
67 20100 1.0 0.55
68 20400 1.0 0.56
69 20700 1.0 0.57
70 21000 1.0 0.58
71 21300 1.0 0.59
72 21600 1.0 0.6
73 21900 1.0 0.61
74 22200 1.0 0.62
75 22500 1.0 0.63
76 22800 1.0 0.64
77 23100 1.0 0.65
78 23400 1.0 0.66
79 23700 1.0 0.67
80 24000 1.0 0.68
81 24300 1.0 0.69
82 24600 1.0 0.7
83 24900 1.0 0.71
84 25200 1.0 0.72
85 25500 1.0 0.73
86 25800 1.0 0.74
87 26100 2.0 0.76
88 26400 1.0 0.77
89 26700 1.0 0.78
90 27000 2.0 0.8
91 27258 3.0 0.83
92 27558 2.0 0.85
93 27858 2.0 0.87
94 28158 2.0 0.89
95 28458 2.0 0.91
96 28758 2.0 0.93
97 29058 2.0 0.95
98 29358 2.0 0.97
99 29658 2.0 0.99
100 29958 1.0 1.0
101 30258 2.0 1.02
102 30558 2.0 1.04
103 30858 2.0 1.06
104 31158 2.0 1.07
105 31458 2.0 1.09
106 31758 2.0 1.11
107 32058 2.0 1.12
108 32358 2.0 1.14
109 32582 3.0 1.16
110 32882 2.0 1.18
111 33182 2.0 1.19
112 33379 3.0 1.21
113 33679 1.0 1.22
114 33807 3.0 1.25
115 33979 3.0 1.28
116 34279 2.0 1.29
117 34579 2.0 1.31
118 34879 2.0 1.32
119 35179 2.0 1.33
120 35479 1.0 1.33
121 35779 2.0 1.34
122 36079 0.0 1.33
123 36242 3.0 1.36
124 36452 3.0 1.38
125 36752 2.0 1.39
126 37052 2.0 1.4
127 37352 2.0 1.42
128 37497 3.0 1.44
129 37733 3.0 1.46
130 38033 2.0 1.47
131 38169 3.0 1.49
132 38469 1.0 1.49
133 38769 2.0 1.5
134 39069 2.0 1.51
135 39369 2.0 1.52
136 39620 3.0 1.54
137 39862 3.0 1.56
138 40162 2.0 1.57
139 40462 2.0 1.58
140 40655 3.0 1.6
141 40888 3.0 1.62
142 41187 3.0 1.64
143 41375 3.0 1.66
144 41621 3.0 1.68
145 41793 3.0 1.7
146 42006 3.0 1.72
147 42142 3.0 1.74
148 42369 3.0 1.76
149 42610 3.0 1.78
150 42764 3.0 1.8
151 42955 3.0 1.82
152 43129 3.0 1.84
153 43360 3.0 1.86
154 43559 3.0 1.88
155 43847 3.0 1.9
156 44122 3.0 1.92
157 44422 2.0 1.93
158 44594 3.0 1.95
159 44805 3.0 1.97
160 44942 3.0 1.99
161 45196 3.0 2.01
162 45300 3.0 2.03
163 45435 3.0 2.05
164 45604 3.0 2.06
165 45756 3.0 2.08
166 45992 3.0 2.1
167 46191 3.0 2.12
168 46321 3.0 2.14
169 46614 3.0 2.16
170 46757 3.0 2.18
171 46897 3.0 2.2
172 47039 3.0 2.22
173 47213 3.0 2.24
174 47407 3.0 2.26
175 47707 2.0 2.27
176 47861 3.0 2.29
177 48045 3.0 2.31
178 48179 3.0 2.33
179 48332 3.0 2.35
180 48490 3.0 2.37
181 48675 3.0 2.39
182 48879 3.0 2.41
183 49041 3.0 2.43
184 49115 3.0 2.45
185 49243 3.0 2.47
186 49403 3.0 2.49
187 49602 3.0 2.5
188 49771 3.0 2.52
189 49912 3.0 2.54
190 50070 3.0 2.55
191 50268 3.0 2.55
192 50368 3.0 2.56
193 50484 3.0 2.57
194 50652 3.0 2.58
195 50824 3.0 2.59
196 50962 3.0 2.6
197 51098 3.0 2.61
198 51219 3.0 2.62
199 51389 3.0 2.63
200 51490 3.0 2.65
201 51591 3.0 2.66
202 51688 3.0 2.67
203 51791 3.0 2.68
204 51956 3.0 2.69
205 52068 3.0 2.7
206 52230 3.0 2.71
207 52326 3.0 2.72
208 52427 3.0 2.73
209 52538 3.0 2.73
210 52719 3.0 2.74
211 52829 3.0 2.75
212 52950 3.0 2.75
213 53123 3.0 2.77
214 53270 3.0 2.77
215 53449 3.0 2.77
216 53575 3.0 2.78
217 53736 3.0 2.79
218 53845 3.0 2.8
219 53976 3.0 2.81
220 54078 3.0 2.83
221 54273 3.0 2.84
222 54501 3.0 2.87
223 54645 3.0 2.87
224 54799 3.0 2.87
225 54930 3.0 2.88
226 55056 3.0 2.89
227 55187 3.0 2.9
228 55285 3.0 2.9
229 55374 3.0 2.9
230 55461 3.0 2.91
231 55587 3.0 2.91
232 55676 3.0 2.93
233 55785 3.0 2.94
234 55873 3.0 2.95
235 55997 3.0 2.96
236 56101 3.0 2.96
237 56277 3.0 2.96
238 56425 3.0 2.97
239 56521 3.0 2.98
240 56720 3.0 2.98
241 56870 3.0 2.98
242 56976 3.0 2.98
243 57134 3.0 2.98
244 57327 3.0 2.98
245 57412 3.0 2.98
246 57488 3.0 2.98
247 57702 3.0 2.98
248 57861 3.0 2.98
249 57976 3.0 2.98
250 58276 0.0 2.95
251 58457 3.0 2.95
252 58582 3.0 2.95
253 58723 3.0 2.95
254 58841 3.0 2.95
255 58945 3.0 2.95
256 59108 3.0 2.95
257 59216 3.0 2.96
258 59307 3.0 2.96
259 59488 3.0 2.96
260 59601 3.0 2.96
261 59711 3.0 2.96
262 59822 3.0 2.96
263 59966 3.0 2.96
264 60062 3.0 2.96
265 60186 3.0 2.96
266 60402 3.0 2.96
267 60602 3.0 2.96
268 60719 3.0 2.96
269 60814 3.0 2.96
270 60956 3.0 2.96
271 61064 3.0 2.96
272 61259 3.0 2.96
273 61421 3.0 2.96
274 61526 3.0 2.96
275 61674 3.0 2.97
276 61846 3.0 2.97
277 62099 3.0 2.97
278 62187 3.0 2.97
279 62344 3.0 2.97
280 62501 3.0 2.97
281 62624 3.0 2.97
282 62722 3.0 2.97
283 62869 3.0 2.97
284 62968 3.0 2.97
285 63155 3.0 2.97
286 63258 3.0 2.97
287 63432 3.0 2.97
288 63538 3.0 2.97
289 63675 3.0 2.97
290 63799 3.0 2.97
291 63913 3.0 2.97
292 64107 3.0 2.97
293 64253 3.0 2.97
294 64403 3.0 2.97
295 64520 3.0 2.97
296 64763 3.0 2.97
297 64866 3.0 2.97
298 64940 3.0 2.97
299 65152 3.0 2.97
300 65295 3.0 2.97
301 65552 3.0 2.97
302 65739 3.0 2.97
303 65857 3.0 2.97
304 66012 3.0 2.97
305 66157 3.0 2.97
306 66337 3.0 2.97
307 66476 3.0 2.97
308 66632 3.0 2.97
309 66708 3.0 2.97
310 66843 3.0 2.97
311 67005 3.0 2.97
312 67115 3.0 2.97
313 67234 3.0 2.97
314 67400 3.0 2.97
315 67537 3.0 2.97
316 67728 3.0 2.97
317 67867 3.0 2.97
318 67984 3.0 2.97
319 68059 3.0 2.97
320 68194 3.0 2.97
321 68341 3.0 2.97
322 68427 3.0 2.97
323 68523 3.0 2.97
324 68651 3.0 2.97
325 68800 3.0 2.97
326 69006 3.0 2.97
327 69161 3.0 2.97
328 69266 3.0 2.97
329 69374 3.0 2.97
330 69494 3.0 2.97
331 69703 3.0 2.97
332 69828 3.0 2.97
333 69987 3.0 2.97
334 70126 3.0 2.97
335 70243 3.0 2.97
336 70400 3.0 2.97
337 70542 3.0 2.97
338 70819 3.0 2.97
339 70928 3.0 2.97
340 71021 3.0 2.97
341 71152 3.0 2.97
342 71257 3.0 2.97
343 71336 3.0 2.97
344 71453 3.0 2.97
345 71554 3.0 2.97
346 71742 3.0 2.97
347 71868 3.0 2.97
348 71959 3.0 2.97
349 72065 3.0 2.97
350 72155 3.0 3.0
351 72346 3.0 3.0
352 72532 3.0 3.0
353 72693 3.0 3.0
354 72846 3.0 3.0
355 73012 3.0 3.0
356 73103 3.0 3.0
357 73216 3.0 3.0
358 73308 3.0 3.0
359 73411 3.0 3.0
360 73545 3.0 3.0
361 73700 3.0 3.0
362 73820 3.0 3.0
363 73933 3.0 3.0
364 74046 3.0 3.0
365 74158 3.0 3.0
366 74311 3.0 3.0
367 74398 3.0 3.0
368 74512 3.0 3.0
369 74624 3.0 3.0
370 74704 3.0 3.0
371 74858 3.0 3.0
372 74996 3.0 3.0
373 75177 3.0 3.0
374 75302 3.0 3.0
375 75410 3.0 3.0
376 75509 3.0 3.0
377 75649 3.0 3.0
378 75815 3.0 3.0
379 75942 3.0 3.0
380 76099 3.0 3.0
381 76233 3.0 3.0
382 76416 3.0 3.0
383 76522 3.0 3.0
384 76644 3.0 3.0
385 76749 3.0 3.0
386 76921 3.0 3.0
387 77031 3.0 3.0
388 77135 3.0 3.0
389 77217 3.0 3.0
390 77329 3.0 3.0
391 77406 3.0 3.0
392 77570 3.0 3.0
393 77674 3.0 3.0
394 77780 3.0 3.0
395 77942 3.0 3.0
396 78047 3.0 3.0
397 78157 3.0 3.0
398 78340 3.0 3.0
399 78436 3.0 3.0
400 78536 3.0 3.0
401 78702 3.0 3.0
402 78838 3.0 3.0
403 78946 3.0 3.0
404 79076 3.0 3.0
405 79267 3.0 3.0
406 79434 3.0 3.0
407 79655 3.0 3.0
408 79751 3.0 3.0
409 79867 3.0 3.0
410 80012 3.0 3.0
411 80140 3.0 3.0
412 80234 3.0 3.0
413 80324 3.0 3.0
414 80502 3.0 3.0
415 80608 3.0 3.0
416 80716 3.0 3.0
417 80828 3.0 3.0
418 80952 3.0 3.0
419 81036 3.0 3.0
420 81133 3.0 3.0
421 81239 3.0 3.0
422 81517 3.0 3.0
423 81661 3.0 3.0
424 81767 3.0 3.0
425 81873 3.0 3.0
426 81988 3.0 3.0
427 82132 3.0 3.0
428 82339 3.0 3.0
429 82517 3.0 3.0
430 82634 3.0 3.0
431 82770 3.0 3.0
432 82891 3.0 3.0
433 83051 3.0 3.0
434 83187 3.0 3.0
435 83293 3.0 3.0
436 83397 3.0 3.0
437 83489 3.0 3.0
438 83616 3.0 3.0
439 83758 3.0 3.0
440 83885 3.0 3.0
441 84068 3.0 3.0
442 84171 3.0 3.0
443 84251 3.0 3.0
444 84361 3.0 3.0
445 84453 3.0 3.0
446 84610 3.0 3.0
447 84805 3.0 3.0
448 84941 3.0 3.0
449 85044 3.0 3.0
450 85133 3.0 3.0
451 85342 3.0 3.0
452 85496 3.0 3.0
453 85605 3.0 3.0
454 85736 3.0 3.0
455 85834 3.0 3.0
456 85951 3.0 3.0
457 86067 3.0 3.0
458 86142 3.0 3.0
459 86251 3.0 3.0
460 86378 3.0 3.0
461 86503 3.0 3.0
462 86630 3.0 3.0
463 86834 3.0 3.0
464 86961 3.0 3.0
465 87075 3.0 3.0
466 87214 3.0 3.0
467 87314 3.0 3.0
468 87417 3.0 3.0
469 87532 3.0 3.0
470 87676 3.0 3.0
471 87781 3.0 3.0
472 87861 3.0 3.0
473 87934 3.0 3.0
474 88007 3.0 3.0
475 88110 3.0 3.0
476 88268 3.0 3.0
477 88377 3.0 3.0
478 88476 3.0 3.0
479 88601 3.0 3.0
480 88749 3.0 3.0
481 88867 3.0 3.0
482 88985 3.0 3.0
483 89081 3.0 3.0
484 89271 3.0 3.0
485 89371 3.0 3.0
486 89463 3.0 3.0
487 89661 3.0 3.0
488 89801 3.0 3.0
489 89952 3.0 3.0
490 90045 3.0 3.0
491 90187 3.0 3.0
492 90272 3.0 3.0
493 90377 3.0 3.0
494 90469 3.0 3.0
495 90565 3.0 3.0
496 90685 3.0 3.0
497 90781 3.0 3.0
498 90929 3.0 3.0
499 91046 3.0 3.0
500 91171 3.0 3.0
501 91293 3.0 3.0
502 91443 3.0 3.0
503 91603 3.0 3.0
504 91730 3.0 3.0
505 91884 3.0 3.0
506 92028 3.0 3.0
507 92125 3.0 3.0
508 92293 3.0 3.0
509 92410 3.0 3.0
510 92523 3.0 3.0
511 92645 3.0 3.0
512 92779 3.0 3.0
513 92916 3.0 3.0
514 93011 3.0 3.0
515 93137 3.0 3.0
516 93299 3.0 3.0
517 93400 3.0 3.0
518 93540 3.0 3.0
519 93695 3.0 3.0
520 93917 3.0 3.0
521 94038 3.0 3.0
522 94129 3.0 3.0
523 94296 3.0 3.0
524 94393 3.0 3.0
525 94560 3.0 3.0
526 94644 3.0 3.0
527 94745 3.0 3.0
528 94880 3.0 3.0
529 95032 3.0 3.0
530 95112 3.0 3.0
531 95202 3.0 3.0
532 95333 3.0 3.0
533 95460 3.0 3.0
534 95599 3.0 3.0
535 95743 3.0 3.0
536 95887 3.0 3.0
537 96003 3.0 3.0
538 96123 3.0 3.0
539 96206 3.0 3.0
540 96362 3.0 3.0
541 96503 3.0 3.0
542 96585 3.0 3.0
543 96657 3.0 3.0
544 96763 3.0 3.0
545 96855 3.0 3.0
546 97007 3.0 3.0
547 97178 3.0 3.0
548 97359 3.0 3.0
549 97476 3.0 3.0
550 97571 3.0 3.0
551 97668 3.0 3.0
552 97798 3.0 3.0
553 97871 3.0 3.0
554 97964 3.0 3.0
555 98044 3.0 3.0
556 98172 3.0 3.0
557 98319 3.0 3.0
558 98461 3.0 3.0
559 98543 3.0 3.0
560 98662 3.0 3.0
561 98782 3.0 3.0
562 98868 3.0 3.0
563 98966 3.0 3.0
564 99060 3.0 3.0
565 99173 3.0 3.0
566 99259 3.0 3.0
567 99405 3.0 3.0
568 99523 3.0 3.0
569 99610 3.0 3.0
570 99731 3.0 3.0
571 99909 3.0 3.0
572 100024 3.0 3.0
573 100129 3.0 3.0
574 100241 3.0 3.0
575 100363 3.0 3.0
576 100464 3.0 3.0
577 100641 3.0 3.0
578 100743 3.0 3.0
579 100898 3.0 3.0
580 100997 3.0 3.0
581 101093 3.0 3.0
582 101230 3.0 3.0
583 101322 3.0 3.0
584 101424 3.0 3.0
585 101600 3.0 3.0
586 101724 3.0 3.0
587 101879 3.0 3.0
588 101940 3.0 3.0
589 102033 3.0 3.0
590 102333 2.0 2.99
591 102435 3.0 2.99
592 102539 3.0 2.99
593 102644 3.0 2.99
594 102758 3.0 2.99
595 102858 3.0 2.99
596 103012 3.0 2.99
597 103109 3.0 2.99
598 103229 3.0 2.99
599 103321 3.0 2.99
600 103495 3.0 2.99
601 103586 3.0 2.99
602 103675 3.0 2.99
603 103845 3.0 2.99
604 104020 3.0 2.99
605 104181 3.0 2.99
606 104271 3.0 2.99
607 104473 3.0 2.99
608 104567 3.0 2.99
609 104739 3.0 2.99
610 104843 3.0 2.99
611 104915 3.0 2.99
612 105021 3.0 2.99
613 105128 3.0 2.99
614 105208 3.0 2.99
615 105398 3.0 2.99
616 105521 3.0 2.99
617 105640 3.0 2.99
618 105763 3.0 2.99
619 105865 3.0 2.99
620 105998 3.0 2.99
621 106060 3.0 2.99
622 106176 3.0 2.99
623 106281 3.0 2.99
624 106381 3.0 2.99
625 106470 3.0 2.99
626 106600 3.0 2.99
627 106722 3.0 2.99
628 106872 3.0 2.99
629 106990 3.0 2.99
630 107117 3.0 2.99
631 107260 3.0 2.99
632 107408 3.0 2.99
633 107517 3.0 2.99
634 107628 3.0 2.99
635 107731 3.0 2.99
636 107804 3.0 2.99
637 107916 3.0 2.99
638 107981 3.0 2.99
639 108100 3.0 2.99
640 108187 3.0 2.99
641 108317 3.0 2.99
642 108390 3.0 2.99
643 108527 3.0 2.99
644 108694 3.0 2.99
645 108786 3.0 2.99
646 108861 3.0 2.99
647 108946 3.0 2.99
648 109059 3.0 2.99
649 109158 3.0 2.99
650 109223 3.0 2.99
651 109313 3.0 2.99
652 109430 3.0 2.99
653 109523 3.0 2.99
654 109598 3.0 2.99
655 109725 3.0 2.99
656 109813 3.0 2.99
657 109963 3.0 2.99
658 110093 3.0 2.99
659 110170 3.0 2.99
660 110298 3.0 2.99
661 110433 3.0 2.99
662 110540 3.0 2.99
663 110616 3.0 2.99
664 110916 0.0 2.96
665 111103 3.0 2.96
666 111277 3.0 2.96
667 111397 3.0 2.96
668 111555 3.0 2.96
669 111681 3.0 2.96
670 111851 3.0 2.96
671 111997 3.0 2.96
672 112078 3.0 2.96
673 112210 3.0 2.96
674 112328 3.0 2.96
675 112411 3.0 2.96
676 112517 3.0 2.96
677 112622 3.0 2.96
678 112757 3.0 2.96
679 112891 3.0 2.96
680 112990 3.0 2.96
681 113120 3.0 2.96
682 113244 3.0 2.96
683 113369 3.0 2.96
684 113492 3.0 2.96
685 113582 3.0 2.96
686 113680 3.0 2.96
687 113782 3.0 2.96
688 113929 3.0 2.96
689 114048 3.0 2.96
690 114137 3.0 2.97
691 114250 3.0 2.97
692 114326 3.0 2.97
693 114431 3.0 2.97
694 114512 3.0 2.97
695 114713 3.0 2.97
696 114801 3.0 2.97
697 114922 3.0 2.97
698 115008 3.0 2.97
699 115125 3.0 2.97
700 115245 3.0 2.97
701 115384 3.0 2.97
702 115461 3.0 2.97
703 115551 3.0 2.97
704 115640 3.0 2.97
705 115722 3.0 2.97
706 115802 3.0 2.97
707 115909 3.0 2.97
708 116108 3.0 2.97
709 116270 3.0 2.97
710 116342 3.0 2.97
711 116514 3.0 2.97
712 116595 3.0 2.97
713 116698 3.0 2.97
714 116832 3.0 2.97
715 116960 3.0 2.97
716 117146 3.0 2.97
717 117246 3.0 2.97
718 117467 3.0 2.97
719 117551 3.0 2.97
720 117668 3.0 2.97
721 117860 3.0 2.97
722 117961 3.0 2.97
723 118171 3.0 2.97
724 118294 3.0 2.97
725 118420 3.0 2.97
726 118530 3.0 2.97
727 118628 3.0 2.97
728 118716 3.0 2.97
729 118823 3.0 2.97
730 118904 3.0 2.97
731 119048 3.0 2.97
732 119248 3.0 2.97
733 119345 3.0 2.97
734 119465 3.0 2.97
735 119592 3.0 2.97
736 119680 3.0 2.97
737 119766 3.0 2.97
738 119833 3.0 2.97
739 119912 3.0 2.97
740 119984 3.0 2.97
741 120083 3.0 2.97
742 120227 3.0 2.97
743 120329 3.0 2.97
744 120456 3.0 2.97
745 120543 3.0 2.97
746 120648 3.0 2.97
747 120744 3.0 2.97
748 120837 3.0 2.97
749 120917 3.0 2.97
750 121043 3.0 2.97
751 121146 3.0 2.97
752 121248 3.0 2.97
753 121322 3.0 2.97
754 121386 3.0 2.97
755 121492 3.0 2.97
756 121702 3.0 2.97
757 121803 3.0 2.97
758 121921 3.0 2.97
759 121997 3.0 2.97
760 122179 3.0 2.97
761 122479 0.0 2.94
762 122593 3.0 2.94
763 122692 3.0 2.94
764 122801 3.0 2.97
765 122897 3.0 2.97
766 123025 3.0 2.97
767 123158 3.0 2.97
768 123257 3.0 2.97
769 123375 3.0 2.97
770 123505 3.0 2.97
771 123585 3.0 2.97
772 123740 3.0 2.97
773 123852 3.0 2.97
774 123951 3.0 2.97
775 124093 3.0 2.97
776 124272 3.0 2.97
777 124390 3.0 2.97
778 124508 3.0 2.97
779 124650 3.0 2.97
780 124748 3.0 2.97
781 124856 3.0 2.97
782 125029 3.0 2.97
783 125171 3.0 2.97
784 125302 3.0 2.97
785 125404 3.0 2.97
786 125465 3.0 2.97
787 125550 3.0 2.97
788 125633 3.0 2.97
789 125762 3.0 2.97
790 125979 3.0 2.97
791 126146 3.0 2.97
792 126287 3.0 2.97
793 126393 3.0 2.97
794 126667 3.0 2.97
795 126817 3.0 2.97
796 126937 3.0 2.97
797 127031 3.0 2.97
798 127172 3.0 2.97
799 127291 3.0 2.97
800 127424 3.0 2.97
801 127543 3.0 2.97
802 127693 3.0 2.97
803 127881 3.0 2.97
804 127986 3.0 2.97
805 128089 3.0 2.97
806 128201 3.0 2.97
807 128287 3.0 2.97
808 128436 3.0 2.97
809 128517 3.0 2.97
810 128591 3.0 2.97
811 128678 3.0 2.97
812 128811 3.0 2.97
813 128918 3.0 2.97
814 129078 3.0 2.97
815 129182 3.0 2.97
816 129265 3.0 2.97
817 129396 3.0 2.97
818 129490 3.0 2.97
819 129573 3.0 2.97
820 129802 3.0 2.97
821 129911 3.0 2.97
822 130036 3.0 2.97
823 130126 3.0 2.97
824 130245 3.0 2.97
825 130332 3.0 2.97
826 130431 3.0 2.97
827 130504 3.0 2.97
828 130622 3.0 2.97
829 130761 3.0 2.97
830 130905 3.0 2.97
831 130978 3.0 2.97
832 131063 3.0 2.97
833 131134 3.0 2.97
834 131197 3.0 2.97
835 131293 3.0 2.97
836 131392 3.0 2.97
837 131543 3.0 2.97
838 131656 3.0 2.97
839 131723 3.0 2.97
840 131869 3.0 2.97
841 131987 3.0 2.97
842 132102 3.0 2.97
843 132243 3.0 2.97
844 132325 3.0 2.97
845 132473 3.0 2.97
846 132614 3.0 2.97
847 132754 3.0 2.97
848 132874 3.0 2.97
849 132992 3.0 2.97
850 133083 3.0 2.97
851 133207 3.0 2.97
852 133371 3.0 2.97
853 133501 3.0 2.97
854 133591 3.0 2.97
855 133673 3.0 2.97
856 133794 3.0 2.97
857 133914 3.0 2.97
858 134006 3.0 2.97
859 134119 3.0 2.97
860 134197 3.0 2.97
861 134290 3.0 3.0
862 134551 3.0 3.0
863 134622 3.0 3.0
864 134745 3.0 3.0
865 134872 3.0 3.0
866 135006 3.0 3.0
867 135112 3.0 3.0
868 135212 3.0 3.0
869 135387 3.0 3.0
870 135513 3.0 3.0
871 135623 3.0 3.0
872 135775 3.0 3.0
873 135959 3.0 3.0
874 136098 3.0 3.0
875 136197 3.0 3.0
876 136304 3.0 3.0
877 136414 3.0 3.0
878 136523 3.0 3.0
879 136619 3.0 3.0
880 136695 3.0 3.0
881 136773 3.0 3.0
882 136855 3.0 3.0
883 136949 3.0 3.0
884 137057 3.0 3.0
885 137155 3.0 3.0
886 137265 3.0 3.0
887 137361 3.0 3.0
888 137475 3.0 3.0
889 137532 3.0 3.0
890 137625 3.0 3.0
891 137750 3.0 3.0
892 137882 3.0 3.0
893 137996 3.0 3.0
894 138093 3.0 3.0
895 138230 3.0 3.0
896 138357 3.0 3.0
897 138429 3.0 3.0
898 138558 3.0 3.0
899 138660 3.0 3.0
900 138764 3.0 3.0
901 138826 3.0 3.0
902 138942 3.0 3.0
903 139056 3.0 3.0
904 139160 3.0 3.0
905 139229 3.0 3.0
906 139325 3.0 3.0
907 139444 3.0 3.0
908 139571 3.0 3.0
909 139683 3.0 3.0
910 139763 3.0 3.0
911 139851 3.0 3.0
912 139934 3.0 3.0
913 139991 3.0 3.0
914 140111 3.0 3.0
915 140177 3.0 3.0
916 140282 3.0 3.0
917 140387 3.0 3.0
918 140482 3.0 3.0
919 140586 3.0 3.0
920 140696 3.0 3.0
921 140771 3.0 3.0
922 140876 3.0 3.0
923 140957 3.0 3.0
924 141115 3.0 3.0
925 141177 3.0 3.0
926 141277 3.0 3.0
927 141358 3.0 3.0
928 141446 3.0 3.0
929 141567 3.0 3.0
930 141650 3.0 3.0
931 141805 3.0 3.0
932 141904 3.0 3.0
933 142009 3.0 3.0
934 142129 3.0 3.0
935 142219 3.0 3.0
936 142307 3.0 3.0
937 142421 3.0 3.0
938 142535 3.0 3.0
939 142644 3.0 3.0
940 142724 3.0 3.0
941 142807 3.0 3.0
942 142874 3.0 3.0
943 142946 3.0 3.0
944 143127 3.0 3.0
945 143226 3.0 3.0
946 143347 3.0 3.0
947 143517 3.0 3.0
948 143612 3.0 3.0
949 143717 3.0 3.0
950 143806 3.0 3.0
951 143879 3.0 3.0
952 143987 3.0 3.0
953 144089 3.0 3.0
954 144211 3.0 3.0
955 144294 3.0 3.0
956 144371 3.0 3.0
957 144471 3.0 3.0
958 144558 3.0 3.0
959 144656 3.0 3.0
960 144727 3.0 3.0
961 144803 3.0 3.0
962 144921 3.0 3.0
963 145028 3.0 3.0
964 145179 3.0 3.0
965 145378 3.0 3.0
966 145616 3.0 3.0
967 145843 3.0 3.0
968 145933 3.0 3.0
969 146043 3.0 3.0
970 146175 3.0 3.0
971 146260 3.0 3.0
972 146415 3.0 3.0
973 146536 3.0 3.0
974 146647 3.0 3.0
975 146749 3.0 3.0
976 146826 3.0 3.0
977 146909 3.0 3.0
978 146999 3.0 3.0
979 147120 3.0 3.0
980 147250 3.0 3.0
981 147342 3.0 3.0
982 147455 3.0 3.0
983 147548 3.0 3.0
984 147648 3.0 3.0
985 147785 3.0 3.0
986 147868 3.0 3.0
987 148002 3.0 3.0
988 148229 3.0 3.0
989 148400 3.0 3.0
990 148507 3.0 3.0
991 148590 3.0 3.0
992 148698 3.0 3.0
993 148782 3.0 3.0
994 148916 3.0 3.0
995 148987 3.0 3.0
996 149197 3.0 3.0
997 149290 3.0 3.0
998 149448 3.0 3.0
999 149544 3.0 3.0
1000 149634 3.0 3.0
1001 149738 3.0 3.0
1002 149829 3.0 3.0
1003 149939 3.0 3.0
1004 150029 3.0 3.0
1005 150102 3.0 3.0
1006 150192 3.0 3.0
1007 150287 3.0 3.0
1008 150394 3.0 3.0
1009 150517 3.0 3.0
1010 150620 3.0 3.0
1011 150725 3.0 3.0
1012 150832 3.0 3.0
1013 150931 3.0 3.0
1014 151050 3.0 3.0
1015 151125 3.0 3.0
1016 151213 3.0 3.0
1017 151313 3.0 3.0
1018 151390 3.0 3.0
1019 151495 3.0 3.0
1020 151612 3.0 3.0
1021 151721 3.0 3.0
1022 151827 3.0 3.0
1023 151916 3.0 3.0
1024 151989 3.0 3.0
1025 152107 3.0 3.0
1026 152222 3.0 3.0
1027 152302 3.0 3.0
1028 152385 3.0 3.0
1029 152545 3.0 3.0
1030 152663 3.0 3.0
1031 152784 3.0 3.0
1032 152864 3.0 3.0
1033 152951 3.0 3.0
1034 153087 3.0 3.0
1035 153240 3.0 3.0
1036 153327 3.0 3.0
1037 153407 3.0 3.0
1038 153498 3.0 3.0
1039 153605 3.0 3.0
1040 153702 3.0 3.0
1041 153800 3.0 3.0
1042 153922 3.0 3.0
1043 154029 3.0 3.0
1044 154205 3.0 3.0
1045 154317 3.0 3.0
1046 154454 3.0 3.0
1047 154573 3.0 3.0
1048 154698 3.0 3.0
1049 154828 3.0 3.0
1050 154922 3.0 3.0
1051 155016 3.0 3.0
1052 155101 3.0 3.0
1053 155171 3.0 3.0
1054 155264 3.0 3.0
1055 155340 3.0 3.0
1056 155475 3.0 3.0
1057 155571 3.0 3.0
1058 155690 3.0 3.0
1059 155835 3.0 3.0
1060 155932 3.0 3.0
1061 156057 3.0 3.0
1062 156182 3.0 3.0
1063 156264 3.0 3.0
1064 156351 3.0 3.0
1065 156467 3.0 3.0
1066 156628 3.0 3.0
1067 156714 3.0 3.0
1068 156807 3.0 3.0
1069 156877 3.0 3.0
1070 156991 3.0 3.0
1071 157131 3.0 3.0
1072 157213 3.0 3.0
1073 157342 3.0 3.0
1074 157433 3.0 3.0
1075 157519 3.0 3.0
1076 157600 3.0 3.0
1077 157692 3.0 3.0
1078 157794 3.0 3.0
1079 157889 3.0 3.0
1080 157975 3.0 3.0
1081 158059 3.0 3.0
1082 158153 3.0 3.0
1083 158290 3.0 3.0
1084 158414 3.0 3.0
1085 158512 3.0 3.0
1086 158580 3.0 3.0
1087 158691 3.0 3.0
1088 158790 3.0 3.0
1089 158877 3.0 3.0
1090 158999 3.0 3.0
1091 159101 3.0 3.0
1092 159188 3.0 3.0
1093 159271 3.0 3.0
1094 159375 3.0 3.0
1095 159483 3.0 3.0
1096 159645 3.0 3.0
1097 159728 3.0 3.0
1098 159827 3.0 3.0
1099 159927 3.0 3.0
1100 160027 3.0 3.0
1101 160096 3.0 3.0
1102 160191 3.0 3.0
1103 160281 3.0 3.0
1104 160371 3.0 3.0
1105 160471 3.0 3.0
1106 160575 3.0 3.0
1107 160660 3.0 3.0
1108 160745 3.0 3.0
1109 160960 3.0 3.0
1110 161030 3.0 3.0
1111 161128 3.0 3.0
1112 161291 3.0 3.0
1113 161363 3.0 3.0
1114 161427 3.0 3.0
1115 161499 3.0 3.0
1116 161615 3.0 3.0
1117 161710 3.0 3.0
1118 161874 3.0 3.0
1119 161970 3.0 3.0
1120 162038 3.0 3.0
1121 162136 3.0 3.0
1122 162209 3.0 3.0
1123 162282 3.0 3.0
1124 162429 3.0 3.0
1125 162516 3.0 3.0
1126 162582 3.0 3.0
1127 162714 3.0 3.0
1128 162836 3.0 3.0
1129 162950 3.0 3.0
1130 163040 3.0 3.0
1131 163119 3.0 3.0
1132 163201 3.0 3.0
1133 163295 3.0 3.0
1134 163456 3.0 3.0
1135 163550 3.0 3.0
1136 163659 3.0 3.0
1137 163759 3.0 3.0
1138 163884 3.0 3.0
1139 163961 3.0 3.0
1140 164078 3.0 3.0
1141 164231 3.0 3.0
1142 164371 3.0 3.0
1143 164444 3.0 3.0
1144 164609 3.0 3.0
1145 164707 3.0 3.0
1146 164801 3.0 3.0
1147 164908 3.0 3.0
1148 164999 3.0 3.0
1149 165085 3.0 3.0
1150 165185 3.0 3.0
1151 165278 3.0 3.0
1152 165388 3.0 3.0
1153 165460 3.0 3.0
1154 165572 3.0 3.0
1155 165655 3.0 3.0
1156 165760 3.0 3.0
1157 165904 3.0 3.0
1158 165992 3.0 3.0
1159 166057 3.0 3.0
1160 166140 3.0 3.0
1161 166269 3.0 3.0
1162 166365 3.0 3.0
1163 166477 3.0 3.0
1164 166583 3.0 3.0
1165 166672 3.0 3.0
1166 166767 3.0 3.0
1167 166872 3.0 3.0
1168 166969 3.0 3.0
1169 167052 3.0 3.0
1170 167157 3.0 3.0
1171 167268 3.0 3.0
1172 167388 3.0 3.0
1173 167478 3.0 3.0
1174 167601 3.0 3.0
1175 167685 3.0 3.0
1176 167761 3.0 3.0
1177 167847 3.0 3.0
1178 167928 3.0 3.0
1179 168061 3.0 3.0
1180 168170 3.0 3.0
1181 168246 3.0 3.0
1182 168362 3.0 3.0
1183 168432 3.0 3.0
1184 168539 3.0 3.0
1185 168715 3.0 3.0
1186 168809 3.0 3.0
1187 168877 3.0 3.0
1188 168996 3.0 3.0
1189 169070 3.0 3.0
1190 169149 3.0 3.0
1191 169268 3.0 3.0
1192 169387 3.0 3.0
1193 169489 3.0 3.0
1194 169578 3.0 3.0
1195 169663 3.0 3.0
1196 169745 3.0 3.0
1197 169831 3.0 3.0
1198 169936 3.0 3.0
1199 170040 3.0 3.0
1200 170219 3.0 3.0
1201 170310 3.0 3.0
1202 170429 3.0 3.0
1203 170498 3.0 3.0
1204 170584 3.0 3.0
1205 170687 3.0 3.0
1206 170792 3.0 3.0
1207 170864 3.0 3.0
1208 170965 3.0 3.0
1209 171088 3.0 3.0
1210 171167 3.0 3.0
1211 171317 3.0 3.0
1212 171431 3.0 3.0
1213 171535 3.0 3.0
1214 171596 3.0 3.0
1215 171690 3.0 3.0
1216 171798 3.0 3.0
1217 171922 3.0 3.0
1218 172034 3.0 3.0
1219 172121 3.0 3.0
1220 172208 3.0 3.0
1221 172291 3.0 3.0
1222 172384 3.0 3.0
1223 172465 3.0 3.0
1224 172586 3.0 3.0
1225 172732 3.0 3.0
1226 172841 3.0 3.0
1227 172929 3.0 3.0
1228 173050 3.0 3.0
1229 173139 3.0 3.0
1230 173282 3.0 3.0
1231 173374 3.0 3.0
1232 173491 3.0 3.0
1233 173557 3.0 3.0
1234 173635 3.0 3.0
1235 173791 3.0 3.0
1236 173875 3.0 3.0
1237 173956 3.0 3.0
1238 174062 3.0 3.0
1239 174224 3.0 3.0
1240 174290 3.0 3.0
1241 174385 3.0 3.0
1242 174462 3.0 3.0
1243 174527 3.0 3.0
1244 174625 3.0 3.0
1245 174709 3.0 3.0
1246 174775 3.0 3.0
1247 174882 3.0 3.0
1248 174969 3.0 3.0
1249 175095 3.0 3.0
1250 175191 3.0 3.0
1251 175281 3.0 3.0
1252 175389 3.0 3.0
1253 175503 3.0 3.0
1254 175660 3.0 3.0
1255 175767 3.0 3.0
1256 175942 3.0 3.0
1257 176030 3.0 3.0
1258 176113 3.0 3.0
1259 176275 3.0 3.0
1260 176374 3.0 3.0
1261 176454 3.0 3.0
1262 176549 3.0 3.0
1263 176849 0.0 2.97
1264 176925 3.0 2.97
1265 177105 3.0 2.97
1266 177222 3.0 2.97
1267 177310 3.0 2.97
1268 177405 3.0 2.97
1269 177531 3.0 2.97
1270 177607 3.0 2.97
1271 177730 3.0 2.97
1272 177814 3.0 2.97
1273 177951 3.0 2.97
1274 178082 3.0 2.97
1275 178186 3.0 2.97
1276 178267 3.0 2.97
1277 178377 3.0 2.97
1278 178455 3.0 2.97
1279 178562 3.0 2.97
1280 178673 3.0 2.97
1281 178762 3.0 2.97
1282 178951 3.0 2.97
1283 179101 3.0 2.97
1284 179178 3.0 2.97
1285 179261 3.0 2.97
1286 179347 3.0 2.97
1287 179485 3.0 2.97
1288 179658 3.0 2.97
1289 179753 3.0 2.97
1290 179865 3.0 2.97
1291 179957 3.0 2.97
1292 180045 3.0 2.97
1293 180176 3.0 2.97
1294 180268 3.0 2.97
1295 180431 3.0 2.97
1296 180731 0.0 2.94
1297 180824 3.0 2.94
1298 180913 3.0 2.94
1299 181009 3.0 2.94
1300 181090 3.0 2.94
1301 181172 3.0 2.94
1302 181293 3.0 2.94
1303 181390 3.0 2.94
1304 181511 3.0 2.94
1305 181630 3.0 2.94
1306 181737 3.0 2.94
1307 181832 3.0 2.94
1308 181944 3.0 2.94
1309 182033 3.0 2.94
1310 182146 3.0 2.94
1311 182238 3.0 2.94
1312 182318 3.0 2.94
1313 182427 3.0 2.94
1314 182501 3.0 2.94
1315 182602 3.0 2.94
1316 182704 3.0 2.94
1317 182776 3.0 2.94
1318 182860 3.0 2.94
1319 183014 3.0 2.94
1320 183145 3.0 2.94
1321 183229 3.0 2.94
1322 183301 3.0 2.94
1323 183415 3.0 2.94
1324 183509 3.0 2.94
1325 183630 3.0 2.94
1326 183741 3.0 2.94
1327 183850 3.0 2.94
1328 183954 3.0 2.94
1329 184035 3.0 2.94
1330 184124 3.0 2.94
1331 184198 3.0 2.94
1332 184268 3.0 2.94
1333 184378 3.0 2.94
1334 184480 3.0 2.94
1335 184663 3.0 2.94
1336 184787 3.0 2.94
1337 184877 3.0 2.94
1338 184977 3.0 2.94
1339 185045 3.0 2.94
1340 185189 3.0 2.94
1341 185296 3.0 2.94
1342 185368 3.0 2.94
1343 185468 3.0 2.94
1344 185552 3.0 2.94
1345 185636 3.0 2.94
1346 185729 3.0 2.94
1347 185844 3.0 2.94
1348 185949 3.0 2.94
1349 186032 3.0 2.94
1350 186143 3.0 2.94
1351 186211 3.0 2.94
1352 186296 3.0 2.94
1353 186398 3.0 2.94
1354 186503 3.0 2.94
1355 186595 3.0 2.94
1356 186666 3.0 2.94
1357 186755 3.0 2.94
1358 186865 3.0 2.94
1359 186964 3.0 2.94
1360 187066 3.0 2.94
1361 187149 3.0 2.94
1362 187286 3.0 2.94
1363 187367 3.0 2.97
1364 187488 3.0 2.97
1365 187578 3.0 2.97
1366 187717 3.0 2.97
1367 187865 3.0 2.97
1368 187964 3.0 2.97
1369 188102 3.0 2.97
1370 188201 3.0 2.97
1371 188295 3.0 2.97
1372 188390 3.0 2.97
1373 188467 3.0 2.97
1374 188603 3.0 2.97
1375 188694 3.0 2.97
1376 188862 3.0 2.97
1377 188936 3.0 2.97
1378 189039 3.0 2.97
1379 189161 3.0 2.97
1380 189315 3.0 2.97
1381 189435 3.0 2.97
1382 189563 3.0 2.97
1383 189655 3.0 2.97
1384 189750 3.0 2.97
1385 189883 3.0 2.97
1386 189997 3.0 2.97
1387 190075 3.0 2.97
1388 190187 3.0 2.97
1389 190276 3.0 2.97
1390 190374 3.0 2.97
1391 190494 3.0 2.97
1392 190580 3.0 2.97
1393 190672 3.0 2.97
1394 190757 3.0 2.97
1395 190872 3.0 2.97
1396 190982 3.0 3.0
1397 191062 3.0 3.0
1398 191148 3.0 3.0
1399 191235 3.0 3.0
1400 191347 3.0 3.0
1401 191412 3.0 3.0
1402 191503 3.0 3.0
1403 191567 3.0 3.0
1404 191651 3.0 3.0
1405 191793 3.0 3.0
1406 191927 3.0 3.0
1407 192006 3.0 3.0
1408 192152 3.0 3.0
1409 192233 3.0 3.0
1410 192316 3.0 3.0
1411 192403 3.0 3.0
1412 192491 3.0 3.0
1413 192612 3.0 3.0
1414 192719 3.0 3.0
1415 192796 3.0 3.0
1416 192894 3.0 3.0
1417 193032 3.0 3.0
1418 193142 3.0 3.0
1419 193246 3.0 3.0
1420 193348 3.0 3.0
1421 193455 3.0 3.0
1422 193573 3.0 3.0
1423 193656 3.0 3.0
1424 193746 3.0 3.0
1425 193926 3.0 3.0
1426 193985 3.0 3.0
1427 194092 3.0 3.0
1428 194159 3.0 3.0
1429 194259 3.0 3.0
1430 194382 3.0 3.0
1431 194478 3.0 3.0
1432 194592 3.0 3.0
1433 194700 3.0 3.0
1434 194801 3.0 3.0
1435 194875 3.0 3.0
1436 194967 3.0 3.0
1437 195075 3.0 3.0
1438 195206 3.0 3.0
1439 195283 3.0 3.0
1440 195428 3.0 3.0
1441 195493 3.0 3.0
1442 195554 3.0 3.0
1443 195854 0.0 2.97
1444 195918 3.0 2.97
1445 195987 3.0 2.97
1446 196119 3.0 2.97
1447 196233 3.0 2.97
1448 196411 3.0 2.97
1449 196491 3.0 2.97
1450 196594 3.0 2.97
1451 196710 3.0 2.97
1452 196814 3.0 2.97
1453 196913 3.0 2.97
1454 197044 3.0 2.97
1455 197118 3.0 2.97
1456 197215 3.0 2.97
1457 197293 3.0 2.97
1458 197359 3.0 2.97
1459 197449 3.0 2.97
1460 197570 3.0 2.97
1461 197648 3.0 2.97
1462 197775 3.0 2.97
1463 197881 3.0 2.97
1464 197992 3.0 2.97
1465 198095 3.0 2.97
1466 198175 3.0 2.97
1467 198268 3.0 2.97
1468 198388 3.0 2.97
1469 198502 3.0 2.97
1470 198599 3.0 2.97
1471 198665 3.0 2.97
1472 198754 3.0 2.97
1473 198908 3.0 2.97
1474 198981 3.0 2.97
1475 199069 3.0 2.97
1476 199173 3.0 2.97
1477 199255 3.0 2.97
1478 199385 3.0 2.97
1479 199445 3.0 2.97
1480 199509 3.0 2.97
1481 199595 3.0 2.97
1482 199681 3.0 2.97
1483 199793 3.0 2.97
1484 199867 3.0 2.97
1485 199959 3.0 2.97
1486 200067 3.0 2.97
1487 200190 3.0 2.97
1488 200286 3.0 2.97
1489 200415 3.0 2.97
1490 200492 3.0 2.97
1491 200566 3.0 2.97
1492 200685 3.0 2.97
1493 200778 3.0 2.97
1494 200888 3.0 2.97
1495 200964 3.0 2.97
1496 201047 3.0 2.97
1497 201116 3.0 2.97
1498 201198 3.0 2.97
1499 201291 3.0 2.97
1500 201363 3.0 2.97
1501 201444 3.0 2.97
1502 201512 3.0 2.97
1503 201581 3.0 2.97
1504 201683 3.0 2.97
1505 201768 3.0 2.97
1506 201877 3.0 2.97
1507 201999 3.0 2.97
1508 202081 3.0 2.97
1509 202161 3.0 2.97
1510 202227 3.0 2.97
1511 202308 3.0 2.97
1512 202382 3.0 2.97
1513 202475 3.0 2.97
1514 202582 3.0 2.97
1515 202670 3.0 2.97
1516 202766 3.0 2.97
1517 202870 3.0 2.97
1518 202948 3.0 2.97
1519 203041 3.0 2.97
1520 203129 3.0 2.97
1521 203256 3.0 2.97
1522 203359 3.0 2.97
1523 203446 3.0 2.97
1524 203535 3.0 2.97
1525 203662 3.0 2.97
1526 203756 3.0 2.97
1527 203858 3.0 2.97
1528 204003 3.0 2.97
1529 204120 3.0 2.97
1530 204214 3.0 2.97
1531 204308 3.0 2.97
1532 204412 3.0 2.97
1533 204493 3.0 2.97
1534 204616 3.0 2.97
1535 204713 3.0 2.97
1536 204799 3.0 2.97
1537 204873 3.0 2.97
1538 204958 3.0 2.97
1539 205041 3.0 2.97
1540 205135 3.0 2.97
1541 205254 3.0 2.97
1542 205367 3.0 2.97
1543 205455 3.0 3.0
1544 205572 3.0 3.0
1545 205648 3.0 3.0
1546 205726 3.0 3.0
1547 205805 3.0 3.0
1548 205923 3.0 3.0
1549 206025 3.0 3.0
1550 206136 3.0 3.0
1551 206205 3.0 3.0
1552 206293 3.0 3.0
1553 206394 3.0 3.0
1554 206539 3.0 3.0
1555 206637 3.0 3.0
1556 206782 3.0 3.0
1557 206889 3.0 3.0
1558 206957 3.0 3.0
1559 207075 3.0 3.0
1560 207184 3.0 3.0
1561 207281 3.0 3.0
1562 207383 3.0 3.0
1563 207459 3.0 3.0
1564 207542 3.0 3.0
1565 207656 3.0 3.0
1566 207766 3.0 3.0
1567 207911 3.0 3.0
1568 208007 3.0 3.0
1569 208072 3.0 3.0
1570 208263 3.0 3.0
1571 208332 3.0 3.0
1572 208409 3.0 3.0
1573 208497 3.0 3.0
1574 208587 3.0 3.0
1575 208685 3.0 3.0
1576 208794 3.0 3.0
1577 208911 3.0 3.0
1578 208998 3.0 3.0
1579 209084 3.0 3.0
1580 209177 3.0 3.0
1581 209247 3.0 3.0
1582 209324 3.0 3.0
1583 209406 3.0 3.0
1584 209557 3.0 3.0
1585 209690 3.0 3.0
1586 209787 3.0 3.0
1587 209867 3.0 3.0
1588 209942 3.0 3.0
1589 210031 3.0 3.0
1590 210121 3.0 3.0
1591 210194 3.0 3.0
1592 210298 3.0 3.0
1593 210395 3.0 3.0
1594 210467 3.0 3.0
1595 210554 3.0 3.0
1596 210645 3.0 3.0
1597 210734 3.0 3.0
1598 210886 3.0 3.0
1599 210992 3.0 3.0
1600 211145 3.0 3.0
1601 211235 3.0 3.0
1602 211324 3.0 3.0
1603 211402 3.0 3.0
1604 211522 3.0 3.0
1605 211659 3.0 3.0
1606 211764 3.0 3.0
1607 211878 3.0 3.0
1608 211950 3.0 3.0
1609 212050 3.0 3.0
1610 212126 3.0 3.0
1611 212214 3.0 3.0
1612 212295 3.0 3.0
1613 212380 3.0 3.0
1614 212472 3.0 3.0
1615 212590 3.0 3.0
1616 212723 3.0 3.0
1617 212788 3.0 3.0
1618 212862 3.0 3.0
1619 212974 3.0 3.0
1620 213046 3.0 3.0
1621 213121 3.0 3.0
1622 213237 3.0 3.0
1623 213352 3.0 3.0
1624 213431 3.0 3.0
1625 213511 3.0 3.0
1626 213573 3.0 3.0
1627 213680 3.0 3.0
1628 213763 3.0 3.0
1629 213846 3.0 3.0
1630 213953 3.0 3.0
1631 214023 3.0 3.0
1632 214086 3.0 3.0
1633 214187 3.0 3.0
1634 214288 3.0 3.0
1635 214412 3.0 3.0
1636 214477 3.0 3.0
1637 214586 3.0 3.0
1638 214707 3.0 3.0
1639 214775 3.0 3.0
1640 214853 3.0 3.0
1641 214958 3.0 3.0
1642 215050 3.0 3.0
1643 215140 3.0 3.0
1644 215228 3.0 3.0
1645 215331 3.0 3.0
1646 215413 3.0 3.0
1647 215532 3.0 3.0
1648 215650 3.0 3.0
1649 215720 3.0 3.0
1650 215812 3.0 3.0
1651 215905 3.0 3.0
1652 216051 3.0 3.0
1653 216129 3.0 3.0
1654 216237 3.0 3.0
1655 216315 3.0 3.0
1656 216458 3.0 3.0
1657 216547 3.0 3.0
1658 216673 3.0 3.0
1659 216749 3.0 3.0
1660 216872 3.0 3.0
1661 217011 3.0 3.0
1662 217084 3.0 3.0
1663 217172 3.0 3.0
1664 217291 3.0 3.0
1665 217383 3.0 3.0
1666 217495 3.0 3.0
1667 217562 3.0 3.0
1668 217639 3.0 3.0
1669 217701 3.0 3.0
1670 217774 3.0 3.0
1671 217871 3.0 3.0
1672 217970 3.0 3.0
1673 218048 3.0 3.0
1674 218136 3.0 3.0
1675 218220 3.0 3.0
1676 218310 3.0 3.0
1677 218451 3.0 3.0
1678 218539 3.0 3.0
1679 218590 3.0 3.0
1680 218696 3.0 3.0
1681 218782 3.0 3.0
1682 218860 3.0 3.0
1683 218960 3.0 3.0
1684 219044 3.0 3.0
1685 219344 0.0 2.97
1686 219428 3.0 2.97
1687 219512 3.0 2.97
1688 219580 3.0 2.97
1689 219681 3.0 2.97
1690 219753 3.0 2.97
1691 219839 3.0 2.97
1692 220037 3.0 2.97
1693 220112 3.0 2.97
1694 220176 3.0 2.97
1695 220262 3.0 2.97
1696 220346 3.0 2.97
1697 220419 3.0 2.97
1698 220491 3.0 2.97
1699 220567 3.0 2.97
1700 220657 3.0 2.97
1701 220806 3.0 2.97
1702 220888 3.0 2.97
1703 220955 3.0 2.97
1704 221034 3.0 2.97
1705 221100 3.0 2.97
1706 221239 3.0 2.97
1707 221359 3.0 2.97
1708 221466 3.0 2.97
1709 221604 3.0 2.97
1710 221693 3.0 2.97
1711 221774 3.0 2.97
1712 221847 3.0 2.97
1713 221935 3.0 2.97
1714 222053 3.0 2.97
1715 222156 3.0 2.97
1716 222267 3.0 2.97
1717 222371 3.0 2.97
1718 222487 3.0 2.97
1719 222578 3.0 2.97
1720 222677 3.0 2.97
1721 222781 3.0 2.97
1722 222882 3.0 2.97
1723 222985 3.0 2.97
1724 223076 3.0 2.97
1725 223169 3.0 2.97
1726 223349 3.0 2.97
1727 223419 3.0 2.97
1728 223519 3.0 2.97
1729 223589 3.0 2.97
1730 223685 3.0 2.97
1731 223799 3.0 2.97
1732 223950 3.0 2.97
1733 224008 3.0 2.97
1734 224109 3.0 2.97
1735 224208 3.0 2.97
1736 224302 3.0 2.97
1737 224411 3.0 2.97
1738 224484 3.0 2.97
1739 224578 3.0 2.97
1740 224649 3.0 2.97
1741 224726 3.0 2.97
1742 224820 3.0 2.97
1743 224903 3.0 2.97
1744 224984 3.0 2.97
1745 225284 0.0 2.94
1746 225364 3.0 2.94
1747 225490 3.0 2.94
1748 225567 3.0 2.94
1749 225699 3.0 2.94
1750 225827 3.0 2.94
1751 225920 3.0 2.94
1752 226022 3.0 2.94
1753 226103 3.0 2.94
1754 226196 3.0 2.94
1755 226287 3.0 2.94
1756 226381 3.0 2.94
1757 226445 3.0 2.94
1758 226532 3.0 2.94
1759 226639 3.0 2.94
1760 226716 3.0 2.94
1761 226810 3.0 2.94
1762 226878 3.0 2.94
1763 226954 3.0 2.94
1764 227083 3.0 2.94
1765 227164 3.0 2.94
1766 227464 0.0 2.91
1767 227764 0.0 2.88
1768 227827 3.0 2.88
1769 227927 3.0 2.88
1770 228045 3.0 2.88
1771 228138 3.0 2.88
1772 228207 3.0 2.88
1773 228281 3.0 2.88
1774 228397 3.0 2.88
1775 228563 3.0 2.88
1776 228658 3.0 2.88
1777 228751 3.0 2.88
1778 228839 3.0 2.88
1779 228953 3.0 2.88
1780 229037 3.0 2.88
1781 229129 3.0 2.88
1782 229206 3.0 2.88
1783 229297 3.0 2.88
1784 229398 3.0 2.88
1785 229500 3.0 2.91
1786 229576 3.0 2.91
1787 229652 3.0 2.91
1788 229735 3.0 2.91
1789 229815 3.0 2.91
1790 229897 3.0 2.91
1791 230029 3.0 2.91
1792 230105 3.0 2.91
1793 230183 3.0 2.91
1794 230277 3.0 2.91
1795 230381 3.0 2.91
1796 230506 3.0 2.91
1797 230583 3.0 2.91
1798 230734 3.0 2.91
1799 230804 3.0 2.91
1800 230907 3.0 2.91
1801 231005 3.0 2.91
1802 231094 3.0 2.91
1803 231223 3.0 2.91
1804 231311 3.0 2.91
1805 231387 3.0 2.91
1806 231468 3.0 2.91
1807 231620 3.0 2.91
1808 231707 3.0 2.91
1809 231811 3.0 2.91
1810 231872 3.0 2.91
1811 231965 3.0 2.91
1812 232062 3.0 2.91
1813 232130 3.0 2.91
1814 232192 3.0 2.91
1815 232270 3.0 2.91
1816 232372 3.0 2.91
1817 232472 3.0 2.91
1818 232543 3.0 2.91
1819 232623 3.0 2.91
1820 232725 3.0 2.91
1821 232802 3.0 2.91
1822 232943 3.0 2.91
1823 233015 3.0 2.91
1824 233104 3.0 2.91
1825 233185 3.0 2.91
1826 233305 3.0 2.91
1827 233407 3.0 2.91
1828 233554 3.0 2.91
1829 233649 3.0 2.91
1830 233739 3.0 2.91
1831 233810 3.0 2.91
1832 233876 3.0 2.91
1833 233959 3.0 2.91
1834 234070 3.0 2.91
1835 234195 3.0 2.91
1836 234295 3.0 2.91
1837 234395 3.0 2.91
1838 234475 3.0 2.91
1839 234552 3.0 2.91
1840 234654 3.0 2.91
1841 234754 3.0 2.91
1842 234827 3.0 2.91
1843 234987 3.0 2.91
1844 235069 3.0 2.91
1845 235176 3.0 2.94
1846 235272 3.0 2.94
1847 235345 3.0 2.94
1848 235436 3.0 2.94
1849 235557 3.0 2.94
1850 235634 3.0 2.94
1851 235712 3.0 2.94
1852 235795 3.0 2.94
1853 235896 3.0 2.94
1854 235972 3.0 2.94
1855 236052 3.0 2.94
1856 236137 3.0 2.94
1857 236237 3.0 2.94
1858 236324 3.0 2.94
1859 236402 3.0 2.94
1860 236507 3.0 2.94
1861 236609 3.0 2.94
1862 236705 3.0 2.94
1863 236824 3.0 2.94
1864 236928 3.0 2.94
1865 237003 3.0 2.94
1866 237072 3.0 2.97
1867 237166 3.0 3.0
1868 237278 3.0 3.0
1869 237343 3.0 3.0
1870 237465 3.0 3.0
1871 237540 3.0 3.0
1872 237642 3.0 3.0
1873 237731 3.0 3.0
1874 237831 3.0 3.0
1875 237904 3.0 3.0
1876 237991 3.0 3.0
1877 238088 3.0 3.0
1878 238388 0.0 2.97
1879 238460 3.0 2.97
1880 238566 3.0 2.97
1881 238657 3.0 2.97
1882 238781 3.0 2.97
1883 238900 3.0 2.97
1884 239013 3.0 2.97
1885 239118 3.0 2.97
1886 239183 3.0 2.97
1887 239298 3.0 2.97
1888 239355 3.0 2.97
1889 239442 3.0 2.97
1890 239521 3.0 2.97
1891 239675 3.0 2.97
1892 239773 3.0 2.97
1893 239840 3.0 2.97
1894 239935 3.0 2.97
1895 240017 3.0 2.97
1896 240100 3.0 2.97
1897 240183 3.0 2.97
1898 240290 3.0 2.97
1899 240384 3.0 2.97
1900 240480 3.0 2.97
1901 240549 3.0 2.97
1902 240652 3.0 2.97
1903 240741 3.0 2.97
1904 240897 3.0 2.97
1905 240986 3.0 2.97
1906 241041 3.0 2.97
1907 241161 3.0 2.97
1908 241257 3.0 2.97
1909 241353 3.0 2.97
1910 241417 3.0 2.97
1911 241508 3.0 2.97
1912 241589 3.0 2.97
1913 241679 3.0 2.97
1914 241755 3.0 2.97
1915 241880 3.0 2.97
1916 242014 3.0 2.97
1917 242079 3.0 2.97
1918 242146 3.0 2.97
1919 242242 3.0 2.97
1920 242354 3.0 2.97
1921 242423 3.0 2.97
1922 242513 3.0 2.97
1923 242592 3.0 2.97
1924 242702 3.0 2.97
1925 242847 3.0 2.97
1926 242965 3.0 2.97
1927 243059 3.0 2.97
1928 243139 3.0 2.97
1929 243227 3.0 2.97
1930 243411 3.0 2.97
1931 243493 3.0 2.97
1932 243572 3.0 2.97
1933 243640 3.0 2.97
1934 243714 3.0 2.97
1935 243837 3.0 2.97
1936 243916 3.0 2.97
1937 244014 3.0 2.97
1938 244107 3.0 2.97
1939 244185 3.0 2.97
1940 244309 3.0 2.97
1941 244381 3.0 2.97
1942 244462 3.0 2.97
1943 244566 3.0 2.97
1944 244687 3.0 2.97
1945 244766 3.0 2.97
1946 244864 3.0 2.97
1947 244993 3.0 2.97
1948 245108 3.0 2.97
1949 245222 3.0 2.97
1950 245319 3.0 2.97
1951 245394 3.0 2.97
1952 245501 3.0 2.97
1953 245566 3.0 2.97
1954 245639 3.0 2.97
1955 245708 3.0 2.97
1956 245816 3.0 2.97
1957 245908 3.0 2.97
1958 245972 3.0 2.97
1959 246080 3.0 2.97
1960 246206 3.0 2.97
1961 246277 3.0 2.97
1962 246382 3.0 2.97
1963 246610 3.0 2.97
1964 246722 3.0 2.97
1965 246863 3.0 2.97
1966 246969 3.0 2.97
1967 247056 3.0 2.97
1968 247130 3.0 2.97
1969 247186 3.0 2.97
1970 247275 3.0 2.97
1971 247349 3.0 2.97
1972 247431 3.0 2.97
1973 247518 3.0 2.97
1974 247614 3.0 2.97
1975 247707 3.0 2.97
1976 247775 3.0 2.97
1977 247858 3.0 2.97
1978 247974 3.0 3.0
1979 248041 3.0 3.0
1980 248119 3.0 3.0
1981 248214 3.0 3.0
1982 248317 3.0 3.0
1983 248401 3.0 3.0
1984 248477 3.0 3.0
1985 248646 3.0 3.0
1986 248709 3.0 3.0
1987 248790 3.0 3.0
1988 248862 3.0 3.0
1989 248942 3.0 3.0
1990 249070 3.0 3.0
1991 249169 3.0 3.0
1992 249287 3.0 3.0
1993 249393 3.0 3.0
1994 249510 3.0 3.0
1995 249564 3.0 3.0
1996 249632 3.0 3.0
1997 249701 3.0 3.0
1998 249790 3.0 3.0
1999 249891 3.0 3.0
2000 249988 3.0 3.0
2001 250112 3.0 3.0
2002 250179 3.0 3.0
2003 250250 3.0 3.0
2004 250371 3.0 3.0
2005 250485 3.0 3.0
2006 250585 3.0 3.0
2007 250720 3.0 3.0
2008 250830 3.0 3.0
2009 250897 3.0 3.0
2010 251008 3.0 3.0
2011 251081 3.0 3.0
2012 251203 3.0 3.0
2013 251316 3.0 3.0
2014 251434 3.0 3.0
2015 251528 3.0 3.0
2016 251630 3.0 3.0
2017 251742 3.0 3.0
2018 251826 3.0 3.0
2019 251928 3.0 3.0
2020 252021 3.0 3.0
2021 252099 3.0 3.0
2022 252177 3.0 3.0
2023 252244 3.0 3.0
2024 252320 3.0 3.0
2025 252421 3.0 3.0
2026 252506 3.0 3.0
2027 252582 3.0 3.0
2028 252672 3.0 3.0
2029 252765 3.0 3.0
2030 252859 3.0 3.0
2031 252956 3.0 3.0
2032 253045 3.0 3.0
2033 253146 3.0 3.0
2034 253249 3.0 3.0
2035 253353 3.0 3.0
2036 253442 3.0 3.0
2037 253512 3.0 3.0
2038 253627 3.0 3.0
2039 253712 3.0 3.0
2040 253806 3.0 3.0
2041 253896 3.0 3.0
2042 253995 3.0 3.0
2043 254077 3.0 3.0
2044 254162 3.0 3.0
2045 254282 3.0 3.0
2046 254391 3.0 3.0
2047 254543 3.0 3.0
2048 254624 3.0 3.0
2049 254724 3.0 3.0
2050 254794 3.0 3.0
2051 254887 3.0 3.0
2052 254962 3.0 3.0
2053 255109 3.0 3.0
2054 255207 3.0 3.0
2055 255293 3.0 3.0
2056 255382 3.0 3.0
2057 255459 3.0 3.0
2058 255532 3.0 3.0
2059 255644 3.0 3.0
2060 255727 3.0 3.0
2061 255843 3.0 3.0
2062 255939 3.0 3.0
2063 256047 3.0 3.0
2064 256112 3.0 3.0
2065 256195 3.0 3.0
2066 256291 3.0 3.0
2067 256361 3.0 3.0
2068 256456 3.0 3.0
2069 256530 3.0 3.0
2070 256641 3.0 3.0
2071 256727 3.0 3.0
2072 256800 3.0 3.0
2073 256884 3.0 3.0
2074 256961 3.0 3.0
2075 257057 3.0 3.0
2076 257170 3.0 3.0
2077 257247 3.0 3.0
2078 257311 3.0 3.0
2079 257430 3.0 3.0
2080 257523 3.0 3.0
2081 257636 3.0 3.0
2082 257733 3.0 3.0
2083 257835 3.0 3.0
2084 257917 3.0 3.0
2085 257991 3.0 3.0
2086 258075 3.0 3.0
2087 258145 3.0 3.0
2088 258218 3.0 3.0
2089 258310 3.0 3.0
2090 258395 3.0 3.0
2091 258491 3.0 3.0
2092 258579 3.0 3.0
2093 258683 3.0 3.0
2094 258778 3.0 3.0
2095 258868 3.0 3.0
2096 258950 3.0 3.0
2097 259030 3.0 3.0
2098 259109 3.0 3.0
2099 259185 3.0 3.0
2100 259303 3.0 3.0
2101 259400 3.0 3.0
2102 259478 3.0 3.0
2103 259576 3.0 3.0
2104 259702 3.0 3.0
2105 259766 3.0 3.0
2106 259829 3.0 3.0
2107 259910 3.0 3.0
2108 259976 3.0 3.0
2109 260105 3.0 3.0
2110 260213 3.0 3.0
2111 260315 3.0 3.0
2112 260406 3.0 3.0
2113 260491 3.0 3.0
2114 260613 3.0 3.0
2115 260696 3.0 3.0
2116 260781 3.0 3.0
2117 260905 3.0 3.0
2118 260967 3.0 3.0
2119 261267 0.0 2.97
2120 261351 3.0 2.97
2121 261418 3.0 2.97
2122 261540 3.0 2.97
2123 261610 3.0 2.97
2124 261685 3.0 2.97
2125 261759 3.0 2.97
2126 261841 3.0 2.97
2127 261921 3.0 2.97
2128 261987 3.0 2.97
2129 262088 3.0 2.97
2130 262247 3.0 2.97
2131 262334 3.0 2.97
2132 262424 3.0 2.97
2133 262536 3.0 2.97
2134 262660 3.0 2.97
2135 262743 3.0 2.97
2136 262819 3.0 2.97
2137 262906 3.0 2.97
2138 263019 3.0 2.97
2139 263096 3.0 2.97
2140 263180 3.0 2.97
2141 263261 3.0 2.97
2142 263332 3.0 2.97
2143 263406 3.0 2.97
2144 263547 3.0 2.97
2145 263627 3.0 2.97
2146 263729 3.0 2.97
2147 263816 3.0 2.97
2148 263925 3.0 2.97
2149 264038 3.0 2.97
2150 264123 3.0 2.97
2151 264194 3.0 2.97
2152 264278 3.0 2.97
2153 264400 3.0 2.97
2154 264486 3.0 2.97
2155 264573 3.0 2.97
2156 264639 3.0 2.97
2157 264722 3.0 2.97
2158 264812 3.0 2.97
2159 264908 3.0 2.97
2160 265004 3.0 2.97
2161 265072 3.0 2.97
2162 265167 3.0 2.97
2163 265289 3.0 2.97
2164 265379 3.0 2.97
2165 265461 3.0 2.97
2166 265543 3.0 2.97
2167 265614 3.0 2.97
2168 265711 3.0 2.97
2169 265789 3.0 2.97
2170 265854 3.0 2.97
2171 265930 3.0 2.97
2172 266004 3.0 2.97
2173 266079 3.0 2.97
2174 266172 3.0 2.97
2175 266255 3.0 2.97
2176 266354 3.0 2.97
2177 266434 3.0 2.97
2178 266515 3.0 2.97
2179 266588 3.0 2.97
2180 266675 3.0 2.97
2181 266761 3.0 2.97
2182 266835 3.0 2.97
2183 266913 3.0 2.97
2184 267008 3.0 2.97
2185 267078 3.0 2.97
2186 267164 3.0 2.97
2187 267248 3.0 2.97
2188 267336 3.0 2.97
2189 267409 3.0 2.97
2190 267479 3.0 2.97
2191 267575 3.0 2.97
2192 267689 3.0 2.97
2193 267767 3.0 2.97
2194 267863 3.0 2.97
2195 267951 3.0 2.97
2196 268055 3.0 2.97
2197 268154 3.0 2.97
2198 268247 3.0 2.97
2199 268362 3.0 2.97
2200 268446 3.0 2.97
2201 268519 3.0 2.97
2202 268618 3.0 2.97
2203 268709 3.0 2.97
2204 268794 3.0 2.97
2205 268894 3.0 2.97
2206 268967 3.0 2.97
2207 269042 3.0 2.97
2208 269128 3.0 2.97
2209 269239 3.0 2.97
2210 269337 3.0 2.97
2211 269434 3.0 2.97
2212 269532 3.0 2.97
2213 269613 3.0 2.97
2214 269703 3.0 2.97
2215 269797 3.0 2.97
2216 269869 3.0 2.97
2217 269972 3.0 2.97
2218 270045 3.0 2.97
2219 270133 3.0 3.0
2220 270303 3.0 3.0
2221 270454 3.0 3.0
2222 270555 3.0 3.0
2223 270635 3.0 3.0
2224 270695 3.0 3.0
2225 270769 3.0 3.0
2226 270843 3.0 3.0
2227 270928 3.0 3.0
2228 271064 3.0 3.0
2229 271145 3.0 3.0
2230 271238 3.0 3.0
2231 271328 3.0 3.0
2232 271401 3.0 3.0
2233 271498 3.0 3.0
2234 271581 3.0 3.0
2235 271661 3.0 3.0
2236 271764 3.0 3.0
2237 271876 3.0 3.0
2238 272001 3.0 3.0
2239 272094 3.0 3.0
2240 272182 3.0 3.0
2241 272283 3.0 3.0
2242 272352 3.0 3.0
2243 272470 3.0 3.0
2244 272561 3.0 3.0
2245 272642 3.0 3.0
2246 272738 3.0 3.0
2247 272832 3.0 3.0
2248 272898 3.0 3.0
2249 272977 3.0 3.0
2250 273108 3.0 3.0
2251 273247 3.0 3.0
2252 273352 3.0 3.0
2253 273443 3.0 3.0
2254 273519 3.0 3.0
2255 273659 3.0 3.0
2256 273744 3.0 3.0
2257 273813 3.0 3.0
2258 273898 3.0 3.0
2259 273989 3.0 3.0
2260 274080 3.0 3.0
2261 274204 3.0 3.0
2262 274280 3.0 3.0
2263 274387 3.0 3.0
2264 274482 3.0 3.0
2265 274572 3.0 3.0
2266 274651 3.0 3.0
2267 274738 3.0 3.0
2268 274883 3.0 3.0
2269 274975 3.0 3.0
2270 275073 3.0 3.0
2271 275166 3.0 3.0
2272 275251 3.0 3.0
2273 275328 3.0 3.0
2274 275393 3.0 3.0
2275 275483 3.0 3.0
2276 275600 3.0 3.0
2277 275715 3.0 3.0
2278 275816 3.0 3.0
2279 275898 3.0 3.0
2280 275979 3.0 3.0
2281 276068 3.0 3.0
2282 276174 3.0 3.0
2283 276277 3.0 3.0
2284 276419 3.0 3.0
2285 276493 3.0 3.0
2286 276610 3.0 3.0
2287 276683 3.0 3.0
2288 276760 3.0 3.0
2289 276863 3.0 3.0
2290 276971 3.0 3.0
2291 277050 3.0 3.0
2292 277154 3.0 3.0
2293 277372 3.0 3.0
2294 277464 3.0 3.0
2295 277581 3.0 3.0
2296 277681 3.0 3.0
2297 277751 3.0 3.0
2298 277830 3.0 3.0
2299 277897 3.0 3.0
2300 277956 3.0 3.0
2301 278033 3.0 3.0
2302 278122 3.0 3.0
2303 278192 3.0 3.0
2304 278313 3.0 3.0
2305 278396 3.0 3.0
2306 278502 3.0 3.0
2307 278598 3.0 3.0
2308 278692 3.0 3.0
2309 278784 3.0 3.0
2310 278897 3.0 3.0
2311 279012 3.0 3.0
2312 279101 3.0 3.0
2313 279174 3.0 3.0
2314 279248 3.0 3.0
2315 279310 3.0 3.0
2316 279385 3.0 3.0
2317 279487 3.0 3.0
2318 279580 3.0 3.0
2319 279667 3.0 3.0
2320 279738 3.0 3.0
2321 279840 3.0 3.0
2322 279904 3.0 3.0
2323 279997 3.0 3.0
2324 280064 3.0 3.0
2325 280152 3.0 3.0
2326 280240 3.0 3.0
2327 280318 3.0 3.0
2328 280393 3.0 3.0
2329 280457 3.0 3.0
2330 280547 3.0 3.0
2331 280636 3.0 3.0
2332 280731 3.0 3.0
2333 280843 3.0 3.0
2334 280939 3.0 3.0
2335 281024 3.0 3.0
2336 281092 3.0 3.0
2337 281177 3.0 3.0
2338 281248 3.0 3.0
2339 281359 3.0 3.0
2340 281507 3.0 3.0
2341 281589 3.0 3.0
2342 281688 3.0 3.0
2343 281799 3.0 3.0
2344 281904 3.0 3.0
2345 281986 3.0 3.0
2346 282164 3.0 3.0
2347 282292 3.0 3.0
2348 282383 3.0 3.0
2349 282470 3.0 3.0
2350 282570 3.0 3.0
2351 282644 3.0 3.0
2352 282747 3.0 3.0
2353 282939 3.0 3.0
2354 283029 3.0 3.0
2355 283136 3.0 3.0
2356 283218 3.0 3.0
2357 283315 3.0 3.0
2358 283376 3.0 3.0
2359 283504 3.0 3.0
2360 283621 3.0 3.0
2361 283695 3.0 3.0
2362 283761 3.0 3.0
2363 283841 3.0 3.0
2364 283914 3.0 3.0
2365 283987 3.0 3.0
2366 284068 3.0 3.0
2367 284146 3.0 3.0
2368 284264 3.0 3.0
2369 284350 3.0 3.0
2370 284422 3.0 3.0
2371 284514 3.0 3.0
2372 284581 3.0 3.0
2373 284679 3.0 3.0
2374 284752 3.0 3.0
2375 284829 3.0 3.0
2376 284930 3.0 3.0
2377 285048 3.0 3.0
2378 285142 3.0 3.0
2379 285239 3.0 3.0
2380 285330 3.0 3.0
2381 285421 3.0 3.0
2382 285525 3.0 3.0
2383 285633 3.0 3.0
2384 285772 3.0 3.0
2385 285882 3.0 3.0
2386 285961 3.0 3.0
2387 286040 3.0 3.0
2388 286126 3.0 3.0
2389 286204 3.0 3.0
2390 286283 3.0 3.0
2391 286403 3.0 3.0
2392 286472 3.0 3.0
2393 286558 3.0 3.0
2394 286659 3.0 3.0
2395 286738 3.0 3.0
2396 286809 3.0 3.0
2397 286924 3.0 3.0
2398 287004 3.0 3.0
2399 287089 3.0 3.0
2400 287190 3.0 3.0
2401 287254 3.0 3.0
2402 287332 3.0 3.0
2403 287401 3.0 3.0
2404 287487 3.0 3.0
2405 287560 3.0 3.0
2406 287643 3.0 3.0
2407 287745 3.0 3.0
2408 287866 3.0 3.0
2409 287950 3.0 3.0
2410 288039 3.0 3.0
2411 288131 3.0 3.0
2412 288246 3.0 3.0
2413 288317 3.0 3.0
2414 288390 3.0 3.0
2415 288494 3.0 3.0
2416 288582 3.0 3.0
2417 288708 3.0 3.0
2418 288824 3.0 3.0
2419 288912 3.0 3.0
2420 288986 3.0 3.0
2421 289080 3.0 3.0
2422 289173 3.0 3.0
2423 289294 3.0 3.0
2424 289408 3.0 3.0
2425 289587 3.0 3.0
2426 289864 3.0 3.0
2427 289940 3.0 3.0
2428 290021 3.0 3.0
2429 290102 3.0 3.0
2430 290205 3.0 3.0
2431 290285 3.0 3.0
2432 290363 3.0 3.0
2433 290424 3.0 3.0
2434 290517 3.0 3.0
2435 290604 3.0 3.0
2436 290703 3.0 3.0
2437 290832 3.0 3.0
2438 290911 3.0 3.0
2439 290993 3.0 3.0
2440 291097 3.0 3.0
2441 291184 3.0 3.0
2442 291269 3.0 3.0
2443 291344 3.0 3.0
2444 291421 3.0 3.0
2445 291550 3.0 3.0
2446 291631 3.0 3.0
2447 291721 3.0 3.0
2448 291800 3.0 3.0
2449 291906 3.0 3.0
2450 291980 3.0 3.0
2451 292061 3.0 3.0
2452 292133 3.0 3.0
2453 292274 3.0 3.0
2454 292366 3.0 3.0
2455 292439 3.0 3.0
2456 292540 3.0 3.0
2457 292639 3.0 3.0
2458 292768 3.0 3.0
2459 292857 3.0 3.0
2460 292944 3.0 3.0
2461 293013 3.0 3.0
2462 293127 3.0 3.0
2463 293221 3.0 3.0
2464 293300 3.0 3.0
2465 293408 3.0 3.0
2466 293506 3.0 3.0
2467 293588 3.0 3.0
2468 293651 3.0 3.0
2469 293736 3.0 3.0
2470 293805 3.0 3.0
2471 293942 3.0 3.0
2472 294026 3.0 3.0
2473 294105 3.0 3.0
2474 294181 3.0 3.0
2475 294250 3.0 3.0
2476 294314 3.0 3.0
2477 294417 3.0 3.0
2478 294490 3.0 3.0
2479 294588 3.0 3.0
2480 294654 3.0 3.0
2481 294766 3.0 3.0
2482 294885 3.0 3.0
2483 294988 3.0 3.0
2484 295078 3.0 3.0
2485 295202 3.0 3.0
2486 295278 3.0 3.0
2487 295352 3.0 3.0
2488 295432 3.0 3.0
2489 295528 3.0 3.0
2490 295634 3.0 3.0
2491 295724 3.0 3.0
2492 295797 3.0 3.0
2493 295894 3.0 3.0
2494 295992 3.0 3.0
2495 296106 3.0 3.0
2496 296180 3.0 3.0
2497 296273 3.0 3.0
2498 296352 3.0 3.0
2499 296430 3.0 3.0
2500 296513 3.0 3.0
2501 296597 3.0 3.0
2502 296661 3.0 3.0
2503 296728 3.0 3.0
2504 296818 3.0 3.0
2505 296881 3.0 3.0
2506 296953 3.0 3.0
2507 297024 3.0 3.0
2508 297104 3.0 3.0
2509 297193 3.0 3.0
2510 297257 3.0 3.0
2511 297339 3.0 3.0
2512 297502 3.0 3.0
2513 297578 3.0 3.0
2514 297651 3.0 3.0
2515 297793 3.0 3.0
2516 297905 3.0 3.0
2517 298009 3.0 3.0
2518 298092 3.0 3.0
2519 298185 3.0 3.0
2520 298282 3.0 3.0
2521 298361 3.0 3.0
2522 298471 3.0 3.0
2523 298548 3.0 3.0
2524 298655 3.0 3.0
2525 298724 3.0 3.0
2526 298800 3.0 3.0
2527 298938 3.0 3.0
2528 299005 3.0 3.0
2529 299120 3.0 3.0
2530 299221 3.0 3.0
2531 299301 3.0 3.0
2532 299382 3.0 3.0
2533 299494 3.0 3.0
2534 299626 3.0 3.0
2535 299693 3.0 3.0
2536 299766 3.0 3.0
2537 299859 3.0 3.0
2538 299953 3.0 3.0
2539 300073 3.0 3.0
2540 300147 3.0 3.0
2541 300248 3.0 3.0
2542 300336 3.0 3.0
2543 300426 3.0 3.0
2544 300496 3.0 3.0
2545 300574 3.0 3.0
2546 300646 3.0 3.0
2547 300743 3.0 3.0
2548 300871 3.0 3.0
2549 300952 3.0 3.0
2550 301029 3.0 3.0
2551 301106 3.0 3.0
2552 301211 3.0 3.0
2553 301302 3.0 3.0
2554 301385 3.0 3.0
2555 301501 3.0 3.0
2556 301585 3.0 3.0
2557 301659 3.0 3.0
2558 301723 3.0 3.0
2559 301801 3.0 3.0
2560 301899 3.0 3.0
2561 301968 3.0 3.0
2562 302037 3.0 3.0
2563 302145 3.0 3.0
2564 302236 3.0 3.0
2565 302312 3.0 3.0
2566 302397 3.0 3.0
2567 302528 3.0 3.0
2568 302615 3.0 3.0
2569 302705 3.0 3.0
2570 302785 3.0 3.0
2571 302864 3.0 3.0
2572 302933 3.0 3.0
2573 303003 3.0 3.0
2574 303093 3.0 3.0
2575 303193 3.0 3.0
2576 303328 3.0 3.0
2577 303426 3.0 3.0
2578 303503 3.0 3.0
2579 303583 3.0 3.0
2580 303655 3.0 3.0
2581 303731 3.0 3.0
2582 303810 3.0 3.0
2583 303927 3.0 3.0
2584 304015 3.0 3.0
2585 304087 3.0 3.0
2586 304235 3.0 3.0
2587 304337 3.0 3.0
2588 304443 3.0 3.0
2589 304542 3.0 3.0
2590 304600 3.0 3.0
2591 304670 3.0 3.0
2592 304774 3.0 3.0
2593 304879 3.0 3.0
2594 304981 3.0 3.0
2595 305091 3.0 3.0
2596 305165 3.0 3.0
2597 305244 3.0 3.0
2598 305319 3.0 3.0
2599 305413 3.0 3.0
2600 305470 3.0 3.0
2601 305570 3.0 3.0
2602 305669 3.0 3.0
2603 305779 3.0 3.0
2604 305853 3.0 3.0
2605 305932 3.0 3.0
2606 306014 3.0 3.0
2607 306124 3.0 3.0
2608 306216 3.0 3.0
2609 306313 3.0 3.0
2610 306393 3.0 3.0
2611 306479 3.0 3.0
2612 306547 3.0 3.0
2613 306645 3.0 3.0
2614 306734 3.0 3.0
2615 306818 3.0 3.0
2616 306911 3.0 3.0
2617 307016 3.0 3.0
2618 307106 3.0 3.0
2619 307189 3.0 3.0
2620 307262 3.0 3.0
2621 307329 3.0 3.0
2622 307405 3.0 3.0
2623 307480 3.0 3.0
2624 307569 3.0 3.0
2625 307650 3.0 3.0
2626 307728 3.0 3.0
2627 307803 3.0 3.0
2628 307900 3.0 3.0
2629 307968 3.0 3.0
2630 308046 3.0 3.0
2631 308152 3.0 3.0
2632 308242 3.0 3.0
2633 308336 3.0 3.0
2634 308428 3.0 3.0
2635 308525 3.0 3.0
2636 308603 3.0 3.0
2637 308729 3.0 3.0
2638 308800 3.0 3.0
2639 308875 3.0 3.0
2640 308983 3.0 3.0
2641 309049 3.0 3.0
2642 309170 3.0 3.0
2643 309253 3.0 3.0
2644 309326 3.0 3.0
2645 309406 3.0 3.0
2646 309488 3.0 3.0
2647 309559 3.0 3.0
2648 309622 3.0 3.0
2649 309723 3.0 3.0
2650 309802 3.0 3.0
2651 309876 3.0 3.0
2652 309985 3.0 3.0
2653 310081 3.0 3.0
2654 310159 3.0 3.0
2655 310246 3.0 3.0
2656 310355 3.0 3.0
2657 310424 3.0 3.0
2658 310528 3.0 3.0
2659 310640 3.0 3.0
2660 310750 3.0 3.0
2661 311050 1.0 2.98
2662 311157 3.0 2.98
2663 311233 3.0 2.98
2664 311308 3.0 2.98
2665 311396 3.0 2.98
2666 311489 3.0 2.98
2667 311564 3.0 2.98
2668 311627 3.0 2.98
2669 311699 3.0 2.98
2670 311769 3.0 2.98
2671 311871 3.0 2.98
2672 311943 3.0 2.98
2673 312040 3.0 2.98
2674 312116 3.0 2.98
2675 312183 3.0 2.98
2676 312260 3.0 2.98
2677 312360 3.0 2.98
2678 312436 3.0 2.98
2679 312527 3.0 2.98
2680 312598 3.0 2.98
2681 312652 3.0 2.98
2682 312785 3.0 2.98
2683 312887 3.0 2.98
2684 312995 3.0 2.98
2685 313081 3.0 2.98
2686 313144 3.0 2.98
2687 313237 3.0 2.98
2688 313292 3.0 2.98
2689 313391 3.0 2.98
2690 313448 3.0 2.98
2691 313514 3.0 2.98
2692 313598 3.0 2.98
2693 313684 3.0 2.98
2694 313821 3.0 2.98
2695 313924 3.0 2.98
2696 314000 3.0 2.98
2697 314096 3.0 2.98
2698 314160 3.0 2.98
2699 314220 3.0 2.98
2700 314302 3.0 2.98
2701 314386 3.0 2.98
2702 314474 3.0 2.98
2703 314570 3.0 2.98
2704 314637 3.0 2.98
2705 314742 3.0 2.98
2706 314830 3.0 2.98
2707 314924 3.0 2.98
2708 314988 3.0 2.98
2709 315080 3.0 2.98
2710 315156 3.0 2.98
2711 315284 3.0 2.98
2712 315398 3.0 2.98
2713 315466 3.0 2.98
2714 315533 3.0 2.98
2715 315660 3.0 2.98
2716 315735 3.0 2.98
2717 315807 3.0 2.98
2718 315904 3.0 2.98
2719 315998 3.0 2.98
2720 316082 3.0 2.98
2721 316157 3.0 2.98
2722 316420 3.0 2.98
2723 316492 3.0 2.98
2724 316579 3.0 2.98
2725 316674 3.0 2.98
2726 316779 3.0 2.98
2727 316869 3.0 2.98
2728 316962 3.0 2.98
2729 317073 3.0 2.98
2730 317151 3.0 2.98
2731 317223 3.0 2.98
2732 317294 3.0 2.98
2733 317376 3.0 2.98
2734 317676 1.0 2.96
2735 317770 3.0 2.96
2736 317868 3.0 2.96
2737 317946 3.0 2.96
2738 318032 3.0 2.96
2739 318102 3.0 2.96
2740 318163 3.0 2.96
2741 318250 3.0 2.96
2742 318345 3.0 2.96
2743 318460 3.0 2.96
2744 318546 3.0 2.96
2745 318612 3.0 2.96
2746 318679 3.0 2.96
2747 318764 3.0 2.96
2748 318863 3.0 2.96
2749 318951 3.0 2.96
2750 319024 3.0 2.96
2751 319094 3.0 2.96
2752 319153 3.0 2.96
2753 319270 3.0 2.96
2754 319351 3.0 2.96
2755 319442 3.0 2.96
2756 319509 3.0 2.96
2757 319601 3.0 2.96
2758 319693 3.0 2.96
2759 319777 3.0 2.96
2760 319852 3.0 2.96
2761 319936 3.0 2.98
2762 320023 3.0 2.98
2763 320116 3.0 2.98
2764 320179 3.0 2.98
2765 320269 3.0 2.98
2766 320338 3.0 2.98
2767 320428 3.0 2.98
2768 320512 3.0 2.98
2769 320599 3.0 2.98
2770 320716 3.0 2.98
2771 320908 3.0 2.98
2772 320977 3.0 2.98
2773 321051 3.0 2.98
2774 321132 3.0 2.98
2775 321219 3.0 2.98
2776 321306 3.0 2.98
2777 321408 3.0 2.98
2778 321485 3.0 2.98
2779 321566 3.0 2.98
2780 321651 3.0 2.98
2781 321758 3.0 2.98
2782 321852 3.0 2.98
2783 321918 3.0 2.98
2784 321989 3.0 2.98
2785 322097 3.0 2.98
2786 322163 3.0 2.98
2787 322247 3.0 2.98
2788 322342 3.0 2.98
2789 322452 3.0 2.98
2790 322524 3.0 2.98
2791 322640 3.0 2.98
2792 322719 3.0 2.98
2793 322786 3.0 2.98
2794 322869 3.0 2.98
2795 322973 3.0 2.98
2796 323031 3.0 2.98
2797 323117 3.0 2.98
2798 323204 3.0 2.98
2799 323297 3.0 2.98
2800 323403 3.0 2.98
2801 323494 3.0 2.98
2802 323582 3.0 2.98
2803 323659 3.0 2.98
2804 323734 3.0 2.98
2805 323829 3.0 2.98
2806 323916 3.0 2.98
2807 323998 3.0 2.98
2808 324073 3.0 2.98
2809 324134 3.0 2.98
2810 324213 3.0 2.98
2811 324291 3.0 2.98
2812 324360 3.0 2.98
2813 324422 3.0 2.98
2814 324514 3.0 2.98
2815 324598 3.0 2.98
2816 324664 3.0 2.98
2817 324741 3.0 2.98
2818 324829 3.0 2.98
2819 324920 3.0 2.98
2820 325015 3.0 2.98
2821 325129 3.0 2.98
2822 325204 3.0 2.98
2823 325302 3.0 2.98
2824 325413 3.0 2.98
2825 325533 3.0 2.98
2826 325611 3.0 2.98
2827 325740 3.0 2.98
2828 325812 3.0 2.98
2829 325872 3.0 2.98
2830 325954 3.0 2.98
2831 326032 3.0 2.98
2832 326107 3.0 2.98
2833 326198 3.0 2.98
2834 326285 3.0 3.0
2835 326354 3.0 3.0
2836 326435 3.0 3.0
2837 326503 3.0 3.0
2838 326626 3.0 3.0
2839 326751 3.0 3.0
2840 326827 3.0 3.0
2841 326898 3.0 3.0
2842 326983 3.0 3.0
2843 327051 3.0 3.0
2844 327178 3.0 3.0
2845 327264 3.0 3.0
2846 327359 3.0 3.0
2847 327473 3.0 3.0
2848 327554 3.0 3.0
2849 327634 3.0 3.0
2850 327709 3.0 3.0
2851 327797 3.0 3.0
2852 327856 3.0 3.0
2853 327934 3.0 3.0
2854 328008 3.0 3.0
2855 328090 3.0 3.0
2856 328185 3.0 3.0
2857 328295 3.0 3.0
2858 328367 3.0 3.0
2859 328432 3.0 3.0
2860 328508 3.0 3.0
2861 328580 3.0 3.0
2862 328646 3.0 3.0
2863 328759 3.0 3.0
2864 328861 3.0 3.0
2865 328946 3.0 3.0
2866 329031 3.0 3.0
2867 329120 3.0 3.0
2868 329234 3.0 3.0
2869 329314 3.0 3.0
2870 329423 3.0 3.0
2871 329508 3.0 3.0
2872 329558 3.0 3.0
2873 329618 3.0 3.0
2874 329707 3.0 3.0
2875 329779 3.0 3.0
2876 329858 3.0 3.0
2877 329919 3.0 3.0
2878 329996 3.0 3.0
2879 330075 3.0 3.0
2880 330162 3.0 3.0
2881 330246 3.0 3.0
2882 330322 3.0 3.0
2883 330398 3.0 3.0
2884 330471 3.0 3.0
2885 330594 3.0 3.0
2886 330669 3.0 3.0
2887 330731 3.0 3.0
2888 330815 3.0 3.0
2889 330882 3.0 3.0
2890 330975 3.0 3.0
2891 331090 3.0 3.0
2892 331210 3.0 3.0
2893 331305 3.0 3.0
2894 331410 3.0 3.0
2895 331508 3.0 3.0
2896 331586 3.0 3.0
2897 331684 3.0 3.0
2898 331758 3.0 3.0
2899 331826 3.0 3.0
2900 331924 3.0 3.0
2901 332022 3.0 3.0
2902 332101 3.0 3.0
2903 332187 3.0 3.0
2904 332272 3.0 3.0
2905 332382 3.0 3.0
2906 332464 3.0 3.0
2907 332532 3.0 3.0
2908 332599 3.0 3.0
2909 332699 3.0 3.0
2910 332803 3.0 3.0
2911 332877 3.0 3.0
2912 332995 3.0 3.0
2913 333091 3.0 3.0
2914 333195 3.0 3.0
2915 333258 3.0 3.0
2916 333339 3.0 3.0
2917 333407 3.0 3.0
2918 333471 3.0 3.0
2919 333627 3.0 3.0
2920 333720 3.0 3.0
2921 333797 3.0 3.0
2922 333876 3.0 3.0
2923 333939 3.0 3.0
2924 334056 3.0 3.0
2925 334182 3.0 3.0
2926 334266 3.0 3.0
2927 334330 3.0 3.0
2928 334394 3.0 3.0
2929 334469 3.0 3.0
2930 334558 3.0 3.0
2931 334644 3.0 3.0
2932 334776 3.0 3.0
2933 334862 3.0 3.0
2934 334954 3.0 3.0
2935 335019 3.0 3.0
2936 335095 3.0 3.0
2937 335177 3.0 3.0
2938 335255 3.0 3.0
2939 335370 3.0 3.0
2940 335457 3.0 3.0
2941 335534 3.0 3.0
2942 335606 3.0 3.0
2943 335720 3.0 3.0
2944 335798 3.0 3.0
2945 335864 3.0 3.0
2946 335949 3.0 3.0
2947 336029 3.0 3.0
2948 336132 3.0 3.0
2949 336209 3.0 3.0
2950 336279 3.0 3.0
2951 336368 3.0 3.0
2952 336455 3.0 3.0
2953 336568 3.0 3.0
2954 336662 3.0 3.0
2955 336755 3.0 3.0
2956 336840 3.0 3.0
2957 336925 3.0 3.0
2958 336993 3.0 3.0
2959 337047 3.0 3.0
2960 337113 3.0 3.0
2961 337239 3.0 3.0
2962 337309 3.0 3.0
2963 337376 3.0 3.0
2964 337458 3.0 3.0
2965 337548 3.0 3.0
2966 337641 3.0 3.0
2967 337741 3.0 3.0
2968 337840 3.0 3.0
2969 337937 3.0 3.0
2970 338003 3.0 3.0
2971 338095 3.0 3.0
2972 338203 3.0 3.0
2973 338295 3.0 3.0
2974 338368 3.0 3.0
2975 338452 3.0 3.0
2976 338517 3.0 3.0
2977 338590 3.0 3.0
2978 338708 3.0 3.0
2979 338787 3.0 3.0
2980 338863 3.0 3.0
2981 338938 3.0 3.0
2982 339004 3.0 3.0
2983 339122 3.0 3.0
2984 339234 3.0 3.0
2985 339325 3.0 3.0
2986 339390 3.0 3.0
2987 339478 3.0 3.0
2988 339550 3.0 3.0
2989 339652 3.0 3.0
2990 339716 3.0 3.0
2991 339805 3.0 3.0
2992 339876 3.0 3.0
2993 339975 3.0 3.0
2994 340033 3.0 3.0
2995 340120 3.0 3.0
2996 340195 3.0 3.0
2997 340281 3.0 3.0
2998 340362 3.0 3.0
2999 340469 3.0 3.0
3000 340553 3.0 3.0
3001 340633 3.0 3.0
3002 340711 3.0 3.0
3003 340795 3.0 3.0
3004 340878 3.0 3.0
3005 340970 3.0 3.0
3006 341062 3.0 3.0
3007 341123 3.0 3.0
3008 341238 3.0 3.0
3009 341325 3.0 3.0
3010 341419 3.0 3.0
3011 341507 3.0 3.0
3012 341593 3.0 3.0
3013 341693 3.0 3.0
3014 341761 3.0 3.0
3015 341821 3.0 3.0
3016 341899 3.0 3.0
3017 341968 3.0 3.0
3018 342053 3.0 3.0
3019 342134 3.0 3.0
3020 342220 3.0 3.0
3021 342306 3.0 3.0
3022 342379 3.0 3.0
3023 342476 3.0 3.0
3024 342554 3.0 3.0
3025 342635 3.0 3.0
3026 342715 3.0 3.0
3027 342797 3.0 3.0
3028 342892 3.0 3.0
3029 342965 3.0 3.0
3030 343080 3.0 3.0
3031 343156 3.0 3.0
3032 343237 3.0 3.0
3033 343329 3.0 3.0
3034 343403 3.0 3.0
3035 343514 3.0 3.0
3036 343590 3.0 3.0
3037 343684 3.0 3.0
3038 343821 3.0 3.0
3039 343912 3.0 3.0
3040 343993 3.0 3.0
3041 344072 3.0 3.0
3042 344132 3.0 3.0
3043 344222 3.0 3.0
3044 344313 3.0 3.0
3045 344413 3.0 3.0
3046 344486 3.0 3.0
3047 344586 3.0 3.0
3048 344653 3.0 3.0
3049 344742 3.0 3.0
3050 344844 3.0 3.0
3051 344925 3.0 3.0
3052 345035 3.0 3.0
3053 345093 3.0 3.0
3054 345194 3.0 3.0
3055 345283 3.0 3.0
3056 345364 3.0 3.0
3057 345454 3.0 3.0
3058 345544 3.0 3.0
3059 345625 3.0 3.0
3060 345697 3.0 3.0
3061 345774 3.0 3.0
3062 345878 3.0 3.0
3063 345951 3.0 3.0
3064 346037 3.0 3.0
3065 346114 3.0 3.0
3066 346191 3.0 3.0
3067 346269 3.0 3.0
3068 346338 3.0 3.0
3069 346421 3.0 3.0
3070 346540 3.0 3.0
3071 346629 3.0 3.0
3072 346702 3.0 3.0
3073 346771 3.0 3.0
3074 346849 3.0 3.0
3075 346938 3.0 3.0
3076 347028 3.0 3.0
3077 347095 3.0 3.0
3078 347192 3.0 3.0
3079 347269 3.0 3.0
3080 347401 3.0 3.0
3081 347497 3.0 3.0
3082 347577 3.0 3.0
3083 347660 3.0 3.0
3084 347748 3.0 3.0
3085 347885 3.0 3.0
3086 347962 3.0 3.0
3087 348058 3.0 3.0
3088 348161 3.0 3.0
3089 348247 3.0 3.0
3090 348319 3.0 3.0
3091 348389 3.0 3.0
3092 348488 3.0 3.0
3093 348566 3.0 3.0
3094 348633 3.0 3.0
3095 348728 3.0 3.0
3096 348804 3.0 3.0
3097 348890 3.0 3.0
3098 348976 3.0 3.0
3099 349055 3.0 3.0
3100 349124 3.0 3.0
3101 349197 3.0 3.0
3102 349352 3.0 3.0
3103 349451 3.0 3.0
3104 349535 3.0 3.0
3105 349629 3.0 3.0
3106 349701 3.0 3.0
3107 349797 3.0 3.0
3108 349878 3.0 3.0
3109 349960 3.0 3.0
3110 350035 3.0 3.0
3111 350130 3.0 3.0
3112 350213 3.0 3.0
3113 350309 3.0 3.0
3114 350396 3.0 3.0
3115 350528 3.0 3.0
3116 350623 3.0 3.0
3117 350706 3.0 3.0
3118 350775 3.0 3.0
3119 350849 3.0 3.0
3120 350929 3.0 3.0
3121 351018 3.0 3.0
3122 351088 3.0 3.0
3123 351164 3.0 3.0
3124 351276 3.0 3.0
3125 351386 3.0 3.0
3126 351472 3.0 3.0
3127 351578 3.0 3.0
3128 351675 3.0 3.0
3129 351744 3.0 3.0
3130 351835 3.0 3.0
3131 351889 3.0 3.0
3132 351996 3.0 3.0
3133 352075 3.0 3.0
3134 352158 3.0 3.0
3135 352235 3.0 3.0
3136 352343 3.0 3.0
3137 352463 3.0 3.0
3138 352530 3.0 3.0
3139 352599 3.0 3.0
3140 352693 3.0 3.0
3141 352767 3.0 3.0
3142 352846 3.0 3.0
3143 352929 3.0 3.0
3144 353025 3.0 3.0
3145 353112 3.0 3.0
3146 353178 3.0 3.0
3147 353234 3.0 3.0
3148 353307 3.0 3.0
3149 353396 3.0 3.0
3150 353467 3.0 3.0
3151 353553 3.0 3.0
3152 353643 3.0 3.0
3153 353770 3.0 3.0
3154 353860 3.0 3.0
3155 353925 3.0 3.0
3156 354031 3.0 3.0
3157 354112 3.0 3.0
3158 354182 3.0 3.0
3159 354274 3.0 3.0
3160 354355 3.0 3.0
3161 354448 3.0 3.0
3162 354560 3.0 3.0
3163 354636 3.0 3.0
3164 354712 3.0 3.0
3165 354803 3.0 3.0
3166 354931 3.0 3.0
3167 355009 3.0 3.0
3168 355112 3.0 3.0
3169 355195 3.0 3.0
3170 355282 3.0 3.0
3171 355388 3.0 3.0
3172 355465 3.0 3.0
3173 355526 3.0 3.0
3174 355659 3.0 3.0
3175 355736 3.0 3.0
3176 355814 3.0 3.0
3177 355875 3.0 3.0
3178 355972 3.0 3.0
3179 356029 3.0 3.0
3180 356117 3.0 3.0
3181 356177 3.0 3.0
3182 356244 3.0 3.0
3183 356334 3.0 3.0
3184 356413 3.0 3.0
3185 356508 3.0 3.0
3186 356580 3.0 3.0
3187 356704 3.0 3.0
3188 356820 3.0 3.0
3189 356956 3.0 3.0
3190 357022 3.0 3.0
3191 357138 3.0 3.0
3192 357197 3.0 3.0
3193 357258 3.0 3.0
3194 357335 3.0 3.0
3195 357433 3.0 3.0
3196 357548 3.0 3.0
3197 357640 3.0 3.0
3198 357720 3.0 3.0
3199 357801 3.0 3.0
3200 357877 3.0 3.0
3201 357994 3.0 3.0
3202 358087 3.0 3.0
3203 358187 3.0 3.0
3204 358270 3.0 3.0
3205 358343 3.0 3.0
3206 358472 3.0 3.0
3207 358572 3.0 3.0
3208 358704 3.0 3.0
3209 358777 3.0 3.0
3210 358857 3.0 3.0
3211 358936 3.0 3.0
3212 359029 3.0 3.0
3213 359097 3.0 3.0
3214 359181 3.0 3.0
3215 359282 3.0 3.0
3216 359400 3.0 3.0
3217 359471 3.0 3.0
3218 359572 3.0 3.0
3219 359660 3.0 3.0
3220 359735 3.0 3.0
3221 359791 3.0 3.0
3222 359855 3.0 3.0
3223 359935 3.0 3.0
3224 360007 3.0 3.0
3225 360078 3.0 3.0
3226 360198 3.0 3.0
3227 360274 3.0 3.0
3228 360358 3.0 3.0
3229 360489 3.0 3.0
3230 360597 3.0 3.0
3231 360696 3.0 3.0
3232 360762 3.0 3.0
3233 360832 3.0 3.0
3234 360916 3.0 3.0
3235 361030 3.0 3.0
3236 361091 3.0 3.0
3237 361193 3.0 3.0
3238 361289 3.0 3.0
3239 361372 3.0 3.0
3240 361449 3.0 3.0
3241 361547 3.0 3.0
3242 361638 3.0 3.0
3243 361696 3.0 3.0
3244 361802 3.0 3.0
3245 361876 3.0 3.0
3246 361953 3.0 3.0
3247 362031 3.0 3.0
3248 362120 3.0 3.0
3249 362184 3.0 3.0
3250 362257 3.0 3.0
3251 362337 3.0 3.0
3252 362477 3.0 3.0
3253 362564 3.0 3.0
3254 362646 3.0 3.0
3255 362738 3.0 3.0
3256 362834 3.0 3.0
3257 362941 3.0 3.0
3258 363013 3.0 3.0
3259 363084 3.0 3.0
3260 363175 3.0 3.0
3261 363265 3.0 3.0
3262 363329 3.0 3.0
3263 363406 3.0 3.0
3264 363508 3.0 3.0
3265 363593 3.0 3.0
3266 363665 3.0 3.0
3267 363752 3.0 3.0
3268 363840 3.0 3.0
3269 363916 3.0 3.0
3270 363983 3.0 3.0
3271 364072 3.0 3.0
3272 364188 3.0 3.0
3273 364251 3.0 3.0
3274 364331 3.0 3.0
3275 364417 3.0 3.0
3276 364490 3.0 3.0
3277 364563 3.0 3.0
3278 364637 3.0 3.0
3279 364718 3.0 3.0
3280 364795 3.0 3.0
3281 364860 3.0 3.0
3282 364942 3.0 3.0
3283 365023 3.0 3.0
3284 365091 3.0 3.0
3285 365163 3.0 3.0
3286 365234 3.0 3.0
3287 365296 3.0 3.0
3288 365392 3.0 3.0
3289 365492 3.0 3.0
3290 365566 3.0 3.0
3291 365646 3.0 3.0
3292 365725 3.0 3.0
3293 365836 3.0 3.0
3294 365923 3.0 3.0
3295 366017 3.0 3.0
3296 366100 3.0 3.0
3297 366173 3.0 3.0
3298 366282 3.0 3.0
3299 366364 3.0 3.0
3300 366422 3.0 3.0
3301 366513 3.0 3.0
3302 366626 3.0 3.0
3303 366723 3.0 3.0
3304 366797 3.0 3.0
3305 366884 3.0 3.0
3306 366985 3.0 3.0
3307 367094 3.0 3.0
3308 367219 3.0 3.0
3309 367309 3.0 3.0
3310 367387 3.0 3.0
3311 367458 3.0 3.0
3312 367531 3.0 3.0
3313 367596 3.0 3.0
3314 367665 3.0 3.0
3315 367740 3.0 3.0
3316 367807 3.0 3.0
3317 367886 3.0 3.0
3318 367972 3.0 3.0
3319 368044 3.0 3.0
3320 368137 3.0 3.0
3321 368212 3.0 3.0
3322 368284 3.0 3.0
3323 368384 3.0 3.0
3324 368460 3.0 3.0
3325 368548 3.0 3.0
3326 368641 3.0 3.0
3327 368707 3.0 3.0
3328 368784 3.0 3.0
3329 368845 3.0 3.0
3330 368928 3.0 3.0
3331 369009 3.0 3.0
3332 369100 3.0 3.0
3333 369188 3.0 3.0
3334 369260 3.0 3.0
3335 369326 3.0 3.0
3336 369408 3.0 3.0
3337 369558 3.0 3.0
3338 369666 3.0 3.0
3339 369748 3.0 3.0
3340 369822 3.0 3.0
3341 369892 3.0 3.0
3342 369972 3.0 3.0
3343 370069 3.0 3.0
3344 370146 3.0 3.0
3345 370212 3.0 3.0
3346 370306 3.0 3.0
3347 370392 3.0 3.0
3348 370480 3.0 3.0
3349 370591 3.0 3.0
3350 370696 3.0 3.0
3351 370787 3.0 3.0
3352 370854 3.0 3.0
3353 370979 3.0 3.0
3354 371075 3.0 3.0
3355 371149 3.0 3.0
3356 371269 3.0 3.0
3357 371355 3.0 3.0
3358 371440 3.0 3.0
3359 371510 3.0 3.0
3360 371571 3.0 3.0
3361 371671 3.0 3.0
3362 371763 3.0 3.0
3363 371838 3.0 3.0
3364 371896 3.0 3.0
3365 371961 3.0 3.0
3366 372045 3.0 3.0
3367 372151 3.0 3.0
3368 372219 3.0 3.0
3369 372322 3.0 3.0
3370 372418 3.0 3.0
3371 372494 3.0 3.0
3372 372569 3.0 3.0
3373 372632 3.0 3.0
3374 372715 3.0 3.0
3375 372778 3.0 3.0
3376 372870 3.0 3.0
3377 372959 3.0 3.0
3378 373027 3.0 3.0
3379 373115 3.0 3.0
3380 373192 3.0 3.0
3381 373263 3.0 3.0
3382 373339 3.0 3.0
3383 373428 3.0 3.0
3384 373487 3.0 3.0
3385 373599 3.0 3.0
3386 373666 3.0 3.0
3387 373742 3.0 3.0
3388 373840 3.0 3.0
3389 373916 3.0 3.0
3390 374025 3.0 3.0
3391 374098 3.0 3.0
3392 374171 3.0 3.0
3393 374260 3.0 3.0
3394 374344 3.0 3.0
3395 374447 3.0 3.0
3396 374590 3.0 3.0
3397 374685 3.0 3.0
3398 374763 3.0 3.0
3399 374852 3.0 3.0
3400 374923 3.0 3.0
3401 375000 3.0 3.0
3402 375064 3.0 3.0
3403 375131 3.0 3.0
3404 375216 3.0 3.0
3405 375291 3.0 3.0
3406 375392 3.0 3.0
3407 375482 3.0 3.0
3408 375538 3.0 3.0
3409 375658 3.0 3.0
3410 375726 3.0 3.0
3411 375793 3.0 3.0
3412 375849 3.0 3.0
3413 375953 3.0 3.0
3414 376037 3.0 3.0
3415 376117 3.0 3.0
3416 376190 3.0 3.0
3417 376265 3.0 3.0
3418 376326 3.0 3.0
3419 376440 3.0 3.0
3420 376553 3.0 3.0
3421 376634 3.0 3.0
3422 376727 3.0 3.0
3423 376830 3.0 3.0
3424 376940 3.0 3.0
3425 377014 3.0 3.0
3426 377088 3.0 3.0
3427 377165 3.0 3.0
3428 377257 3.0 3.0
3429 377327 3.0 3.0
3430 377413 3.0 3.0
3431 377490 3.0 3.0
3432 377564 3.0 3.0
3433 377676 3.0 3.0
3434 377766 3.0 3.0
3435 377834 3.0 3.0
3436 377906 3.0 3.0
3437 377999 3.0 3.0
3438 378073 3.0 3.0
3439 378162 3.0 3.0
3440 378237 3.0 3.0
3441 378340 3.0 3.0
3442 378414 3.0 3.0
3443 378507 3.0 3.0
3444 378612 3.0 3.0
3445 378683 3.0 3.0
3446 378767 3.0 3.0
3447 378877 3.0 3.0
3448 378951 3.0 3.0
3449 379038 3.0 3.0
3450 379119 3.0 3.0
3451 379214 3.0 3.0
3452 379289 3.0 3.0
3453 379417 3.0 3.0
3454 379505 3.0 3.0
3455 379563 3.0 3.0
3456 379660 3.0 3.0
3457 379792 3.0 3.0
3458 379880 3.0 3.0
3459 379961 3.0 3.0
3460 380044 3.0 3.0
3461 380127 3.0 3.0
3462 380216 3.0 3.0
3463 380301 3.0 3.0
3464 380383 3.0 3.0
3465 380449 3.0 3.0
3466 380510 3.0 3.0
3467 380575 3.0 3.0
3468 380649 3.0 3.0
3469 380750 3.0 3.0
3470 380842 3.0 3.0
3471 380919 3.0 3.0
3472 381015 3.0 3.0
3473 381123 3.0 3.0
3474 381186 3.0 3.0
3475 381260 3.0 3.0
3476 381354 3.0 3.0
3477 381426 3.0 3.0
3478 381494 3.0 3.0
3479 381579 3.0 3.0
3480 381662 3.0 3.0
3481 381718 3.0 3.0
3482 381782 3.0 3.0
3483 381860 3.0 3.0
3484 381933 3.0 3.0
3485 382010 3.0 3.0
3486 382091 3.0 3.0
3487 382168 3.0 3.0
3488 382252 3.0 3.0
3489 382333 3.0 3.0
3490 382403 3.0 3.0
3491 382483 3.0 3.0
3492 382607 3.0 3.0
3493 382699 3.0 3.0
3494 382779 3.0 3.0
3495 382844 3.0 3.0
3496 382897 3.0 3.0
3497 382980 3.0 3.0
3498 383060 3.0 3.0
3499 383130 3.0 3.0
3500 383215 3.0 3.0
3501 383298 3.0 3.0
3502 383370 3.0 3.0
3503 383443 3.0 3.0
3504 383552 3.0 3.0
3505 383621 3.0 3.0
3506 383718 3.0 3.0
3507 383777 3.0 3.0
3508 383842 3.0 3.0
3509 383958 3.0 3.0
3510 384054 3.0 3.0
3511 384116 3.0 3.0
3512 384201 3.0 3.0
3513 384273 3.0 3.0
3514 384368 3.0 3.0
3515 384434 3.0 3.0
3516 384503 3.0 3.0
3517 384587 3.0 3.0
3518 384668 3.0 3.0
3519 384788 3.0 3.0
3520 384871 3.0 3.0
3521 384939 3.0 3.0
3522 385035 3.0 3.0
3523 385117 3.0 3.0
3524 385225 3.0 3.0
3525 385287 3.0 3.0
3526 385392 3.0 3.0
3527 385501 3.0 3.0
3528 385571 3.0 3.0
3529 385657 3.0 3.0
3530 385740 3.0 3.0
3531 385820 3.0 3.0
3532 385905 3.0 3.0
3533 386027 3.0 3.0
3534 386115 3.0 3.0
3535 386194 3.0 3.0
3536 386278 3.0 3.0
3537 386403 3.0 3.0
3538 386491 3.0 3.0
3539 386548 3.0 3.0
3540 386628 3.0 3.0
3541 386720 3.0 3.0
3542 386805 3.0 3.0
3543 386882 3.0 3.0
3544 386955 3.0 3.0
3545 387022 3.0 3.0
3546 387123 3.0 3.0
3547 387213 3.0 3.0
3548 387302 3.0 3.0
3549 387403 3.0 3.0
3550 387500 3.0 3.0
3551 387604 3.0 3.0
3552 387673 3.0 3.0
3553 387742 3.0 3.0
3554 387839 3.0 3.0
3555 387939 3.0 3.0
3556 388003 3.0 3.0
3557 388100 3.0 3.0
3558 388189 3.0 3.0
3559 388267 3.0 3.0
3560 388345 3.0 3.0
3561 388420 3.0 3.0
3562 388495 3.0 3.0
3563 388584 3.0 3.0
3564 388661 3.0 3.0
3565 388725 3.0 3.0
3566 388811 3.0 3.0
3567 388887 3.0 3.0
3568 388950 3.0 3.0
3569 389072 3.0 3.0
3570 389146 3.0 3.0
3571 389216 3.0 3.0
3572 389296 3.0 3.0
3573 389374 3.0 3.0
3574 389430 3.0 3.0
3575 389512 3.0 3.0
3576 389619 3.0 3.0
3577 389696 3.0 3.0
3578 389760 3.0 3.0
3579 389832 3.0 3.0
3580 389926 3.0 3.0
3581 389993 3.0 3.0
3582 390083 3.0 3.0
3583 390180 3.0 3.0
3584 390257 3.0 3.0
3585 390381 3.0 3.0
3586 390460 3.0 3.0
3587 390526 3.0 3.0
3588 390602 3.0 3.0
3589 390700 3.0 3.0
3590 390783 3.0 3.0
3591 390897 3.0 3.0
3592 390992 3.0 3.0
3593 391062 3.0 3.0
3594 391141 3.0 3.0
3595 391208 3.0 3.0
3596 391289 3.0 3.0
3597 391360 3.0 3.0
3598 391436 3.0 3.0
3599 391499 3.0 3.0
3600 391569 3.0 3.0
3601 391645 3.0 3.0
3602 391739 3.0 3.0
3603 391805 3.0 3.0
3604 391861 3.0 3.0
3605 391939 3.0 3.0
3606 392054 3.0 3.0
3607 392140 3.0 3.0
3608 392214 3.0 3.0
3609 392319 3.0 3.0
3610 392397 3.0 3.0
3611 392465 3.0 3.0
3612 392543 3.0 3.0
3613 392634 3.0 3.0
3614 392723 3.0 3.0
3615 392796 3.0 3.0
3616 392880 3.0 3.0
3617 393007 3.0 3.0
3618 393091 3.0 3.0
3619 393175 3.0 3.0
3620 393252 3.0 3.0
3621 393342 3.0 3.0
3622 393418 3.0 3.0
3623 393506 3.0 3.0
3624 393596 3.0 3.0
3625 393674 3.0 3.0
3626 393780 3.0 3.0
3627 393868 3.0 3.0
3628 393950 3.0 3.0
3629 394023 3.0 3.0
3630 394093 3.0 3.0
3631 394181 3.0 3.0
3632 394254 3.0 3.0
3633 394328 3.0 3.0
3634 394404 3.0 3.0
3635 394474 3.0 3.0
3636 394546 3.0 3.0
3637 394622 3.0 3.0
3638 394729 3.0 3.0
3639 394805 3.0 3.0
3640 394896 3.0 3.0
3641 394973 3.0 3.0
3642 395090 3.0 3.0
3643 395163 3.0 3.0
3644 395259 3.0 3.0
3645 395339 3.0 3.0
3646 395417 3.0 3.0
3647 395519 3.0 3.0
3648 395628 3.0 3.0
3649 395695 3.0 3.0
3650 395774 3.0 3.0
3651 395837 3.0 3.0
3652 395907 3.0 3.0
3653 395981 3.0 3.0
3654 396073 3.0 3.0
3655 396161 3.0 3.0
3656 396255 3.0 3.0
3657 396334 3.0 3.0
3658 396396 3.0 3.0
3659 396459 3.0 3.0
3660 396534 3.0 3.0
3661 396632 3.0 3.0
3662 396695 3.0 3.0
3663 396750 3.0 3.0
3664 396833 3.0 3.0
3665 396890 3.0 3.0
3666 396973 3.0 3.0
3667 397056 3.0 3.0
3668 397131 3.0 3.0
3669 397205 3.0 3.0
3670 397296 3.0 3.0
3671 397377 3.0 3.0
3672 397485 3.0 3.0
3673 397566 3.0 3.0
3674 397645 3.0 3.0
3675 397724 3.0 3.0
3676 397820 3.0 3.0
3677 397898 3.0 3.0
3678 397972 3.0 3.0
3679 398063 3.0 3.0
3680 398142 3.0 3.0
3681 398220 3.0 3.0
3682 398302 3.0 3.0
3683 398361 3.0 3.0
3684 398456 3.0 3.0
3685 398543 3.0 3.0
3686 398626 3.0 3.0
3687 398711 3.0 3.0
3688 398774 3.0 3.0
3689 398895 3.0 3.0
3690 398964 3.0 3.0
3691 399021 3.0 3.0
3692 399091 3.0 3.0
3693 399157 3.0 3.0
3694 399233 3.0 3.0
3695 399296 3.0 3.0
3696 399372 3.0 3.0
3697 399470 3.0 3.0
3698 399551 3.0 3.0
3699 399630 3.0 3.0
3700 399713 3.0 3.0
3701 399901 3.0 3.0
3702 399966 3.0 3.0
3703 400036 3.0 3.0
