1 300 0.0 0.0
2 600 0.0 0.0
3 900 0.0 0.0
4 1200 0.0 0.0
5 1500 1.0 0.01
6 1800 0.0 0.01
7 2100 0.0 0.01
8 2400 1.0 0.02
9 2700 0.0 0.02
10 3000 0.0 0.02
11 3300 0.0 0.02
12 3600 0.0 0.02
13 3900 0.0 0.02
14 4200 1.0 0.03
15 4500 1.0 0.04
16 4800 1.0 0.05
17 5100 1.0 0.06
18 5400 1.0 0.07
19 5700 1.0 0.08
20 6000 1.0 0.09
21 6300 1.0 0.1
22 6600 1.0 0.11
23 6900 1.0 0.12
24 7200 1.0 0.13
25 7500 1.0 0.14
26 7800 1.0 0.15
27 8100 0.0 0.15
28 8400 1.0 0.16
29 8700 1.0 0.17
30 9000 1.0 0.18
31 9300 1.0 0.19
32 9600 1.0 0.2
33 9900 1.0 0.21
34 10200 1.0 0.22
35 10500 1.0 0.23
36 10800 1.0 0.24
37 11100 1.0 0.25
38 11400 1.0 0.26
39 11700 1.0 0.27
40 12000 1.0 0.28
41 12300 1.0 0.29
42 12600 1.0 0.3
43 12900 1.0 0.31
44 13200 1.0 0.32
45 13500 1.0 0.33
46 13800 1.0 0.34
47 14100 1.0 0.35
48 14400 1.0 0.36
49 14700 1.0 0.37
50 15000 1.0 0.38
51 15300 1.0 0.39
52 15600 1.0 0.4
53 15900 1.0 0.41
54 16200 1.0 0.42
55 16500 1.0 0.43
56 16800 1.0 0.44
57 17100 1.0 0.45
58 17400 1.0 0.46
59 17700 1.0 0.47
60 18000 1.0 0.48
61 18300 1.0 0.49
62 18600 1.0 0.5
63 18900 2.0 0.52
64 19200 1.0 0.53
65 19475 3.0 0.56
66 19775 1.0 0.57
67 20075 2.0 0.59
68 20375 0.0 0.59
69 20648 3.0 0.62
70 20948 2.0 0.64
71 21248 1.0 0.65
72 21548 1.0 0.66
73 21848 1.0 0.67
74 22148 1.0 0.68
75 22448 1.0 0.69
76 22748 1.0 0.7
77 23048 1.0 0.71
78 23348 1.0 0.72
79 23648 1.0 0.73
80 23948 1.0 0.74
81 24248 1.0 0.75
82 24548 1.0 0.76
83 24848 1.0 0.77
84 25148 2.0 0.79
85 25448 2.0 0.81
86 25748 1.0 0.82
87 25976 3.0 0.85
88 26276 1.0 0.86
89 26576 1.0 0.87
90 26876 1.0 0.88
91 27176 2.0 0.9
92 27408 3.0 0.93
93 27708 2.0 0.95
94 28008 1.0 0.96
95 28308 1.0 0.97
96 28608 1.0 0.98
97 28908 2.0 1.0
98 29208 2.0 1.02
99 29508 1.0 1.03
100 29808 2.0 1.05
101 30108 2.0 1.07
102 30408 1.0 1.08
103 30708 1.0 1.09
104 31008 2.0 1.11
105 31308 2.0 1.12
106 31565 3.0 1.15
107 31749 3.0 1.18
108 32049 2.0 1.19
109 32349 2.0 1.21
110 32485 3.0 1.24
111 32785 2.0 1.26
112 33085 2.0 1.28
113 33353 3.0 1.31
114 33652 3.0 1.33
115 33952 2.0 1.34
116 34213 3.0 1.36
117 34513 1.0 1.36
118 34813 1.0 1.36
119 35113 2.0 1.37
120 35334 3.0 1.39
121 35634 2.0 1.4
122 35934 2.0 1.41
123 36234 2.0 1.42
124 36534 2.0 1.43
125 36661 3.0 1.45
126 36961 2.0 1.46
127 37224 3.0 1.49
128 37494 3.0 1.51
129 37788 3.0 1.53
130 38088 2.0 1.54
131 38379 3.0 1.56
132 38589 3.0 1.58
133 38889 2.0 1.59
134 39184 3.0 1.61
135 39423 3.0 1.63
136 39699 3.0 1.65
137 39875 3.0 1.67
138 40175 2.0 1.68
139 40354 3.0 1.7
140 40510 3.0 1.72
141 40810 2.0 1.73
142 41098 3.0 1.75
143 41278 3.0 1.77
144 41497 3.0 1.79
145 41708 3.0 1.81
146 41927 3.0 1.83
147 42072 3.0 1.85
148 42303 3.0 1.87
149 42405 3.0 1.89
150 42686 3.0 1.91
151 42798 3.0 1.93
152 42972 3.0 1.95
153 43249 3.0 1.97
154 43385 3.0 1.99
155 43604 3.0 2.01
156 43795 3.0 2.03
157 43994 3.0 2.05
158 44171 3.0 2.07
159 44302 3.0 2.09
160 44397 3.0 2.11
161 44568 3.0 2.13
162 44754 3.0 2.15
163 44919 3.0 2.16
164 45046 3.0 2.18
165 45198 3.0 2.18
166 45384 3.0 2.2
167 45501 3.0 2.21
168 45723 3.0 2.24
169 45949 3.0 2.24
170 46115 3.0 2.25
171 46259 3.0 2.27
172 46436 3.0 2.29
173 46615 3.0 2.31
174 46747 3.0 2.33
175 46880 3.0 2.35
176 47002 3.0 2.37
177 47172 3.0 2.39
178 47363 3.0 2.41
179 47571 3.0 2.43
180 47710 3.0 2.45
181 47802 3.0 2.47
182 47942 3.0 2.49
183 48207 3.0 2.51
184 48388 3.0 2.52
185 48545 3.0 2.53
186 48733 3.0 2.55
187 48996 3.0 2.55
188 49080 3.0 2.57
189 49246 3.0 2.59
190 49374 3.0 2.61
191 49501 3.0 2.62
192 49624 3.0 2.62
193 49715 3.0 2.63
194 49844 3.0 2.65
195 50023 3.0 2.67
196 50192 3.0 2.69
197 50355 3.0 2.7
198 50567 3.0 2.71
199 50738 3.0 2.73
200 50851 3.0 2.74
201 50963 3.0 2.75
202 51158 3.0 2.77
203 51310 3.0 2.79
204 51418 3.0 2.8
205 51609 3.0 2.81
206 51766 3.0 2.81
207 51908 3.0 2.81
208 52045 3.0 2.82
209 52150 3.0 2.83
210 52259 3.0 2.83
211 52421 3.0 2.84
212 52536 3.0 2.85
213 52660 3.0 2.85
214 52851 3.0 2.85
215 53142 3.0 2.86
216 53300 3.0 2.86
217 53389 3.0 2.88
218 53553 3.0 2.9
219 53785 3.0 2.91
220 53903 3.0 2.91
221 54078 3.0 2.92
222 54299 3.0 2.93
223 54453 3.0 2.94
224 54569 3.0 2.95
225 54725 3.0 2.95
226 54876 3.0 2.96
227 55046 3.0 2.96
228 55230 3.0 2.96
229 55360 3.0 2.96
230 55481 3.0 2.97
231 55701 3.0 2.97
232 55872 3.0 2.97
233 56035 3.0 2.98
234 56142 3.0 2.98
235 56382 3.0 2.98
236 56490 3.0 2.98
237 56641 3.0 2.98
238 56841 3.0 2.99
239 57005 3.0 2.99
240 57138 3.0 2.99
241 57293 3.0 3.0
242 57377 3.0 3.0
243 57455 3.0 3.0
244 57583 3.0 3.0
245 57737 3.0 3.0
246 57884 3.0 3.0
247 57984 3.0 3.0
248 58079 3.0 3.0
249 58185 3.0 3.0
250 58355 3.0 3.0
251 58443 3.0 3.0
252 58635 3.0 3.0
253 58745 3.0 3.0
254 58874 3.0 3.0
255 58977 3.0 3.0
256 59115 3.0 3.0
257 59241 3.0 3.0
258 59387 3.0 3.0
259 59503 3.0 3.0
260 59627 3.0 3.0
261 59742 3.0 3.0
262 59861 3.0 3.0
263 59970 3.0 3.0
264 60163 3.0 3.0
265 60254 3.0 3.0
266 60353 3.0 3.0
267 60653 1.0 2.98
268 60856 3.0 2.98
269 60993 3.0 2.98
270 61149 3.0 2.98
271 61243 3.0 2.98
272 61356 3.0 2.98
273 61451 3.0 2.98
274 61560 3.0 2.98
275 61657 3.0 2.98
276 61738 3.0 2.98
277 61891 3.0 2.98
278 62011 3.0 2.98
279 62113 3.0 2.98
280 62242 3.0 2.98
281 62354 3.0 2.98
282 62463 3.0 2.98
283 62595 3.0 2.98
284 62736 3.0 2.98
285 62823 3.0 2.98
286 62997 3.0 2.98
287 63091 3.0 2.98
288 63271 3.0 2.98
289 63391 3.0 2.98
290 63485 3.0 2.98
291 63601 3.0 2.98
292 63682 3.0 2.98
293 63878 3.0 2.98
294 63999 3.0 2.98
295 64166 3.0 2.98
296 64262 3.0 2.98
297 64395 3.0 2.98
298 64494 3.0 2.98
299 64660 3.0 2.98
300 64780 3.0 2.98
301 64945 3.0 2.98
302 65060 3.0 2.98
303 65267 3.0 2.98
304 65416 3.0 2.98
305 65557 3.0 2.98
306 65669 3.0 2.98
307 65805 3.0 2.98
308 65943 3.0 2.98
309 66036 3.0 2.98
310 66145 3.0 2.98
311 66248 3.0 2.98
312 66402 3.0 2.98
313 66553 3.0 2.98
314 66756 3.0 2.98
315 66878 3.0 2.98
316 67018 3.0 2.98
317 67120 3.0 2.98
318 67296 3.0 2.98
319 67538 3.0 2.98
320 67693 3.0 2.98
321 67823 3.0 2.98
322 67922 3.0 2.98
323 68014 3.0 2.98
324 68137 3.0 2.98
325 68241 3.0 2.98
326 68354 3.0 2.98
327 68507 3.0 2.98
328 68631 3.0 2.98
329 68730 3.0 2.98
330 68860 3.0 2.98
331 68982 3.0 2.98
332 69065 3.0 2.98
333 69197 3.0 2.98
334 69386 3.0 2.98
335 69495 3.0 2.98
336 69634 3.0 2.98
337 69732 3.0 2.98
338 69885 3.0 2.98
339 70016 3.0 2.98
340 70141 3.0 2.98
341 70269 3.0 2.98
342 70395 3.0 2.98
343 70536 3.0 2.98
344 70689 3.0 2.98
345 70800 3.0 2.98
346 70959 3.0 2.98
347 71111 3.0 2.98
348 71215 3.0 2.98
349 71438 3.0 2.98
350 71524 3.0 2.98
351 71663 3.0 2.98
352 71847 3.0 2.98
353 72001 3.0 2.98
354 72161 3.0 2.98
355 72324 3.0 2.98
356 72492 3.0 2.98
357 72611 3.0 2.98
358 72743 3.0 2.98
359 72903 3.0 2.98
360 73077 3.0 2.98
361 73171 3.0 2.98
362 73305 3.0 2.98
363 73486 3.0 2.98
364 73605 3.0 2.98
365 73744 3.0 2.98
366 73890 3.0 2.98
367 74075 3.0 3.0
368 74213 3.0 3.0
369 74315 3.0 3.0
370 74452 3.0 3.0
371 74577 3.0 3.0
372 74662 3.0 3.0
373 74812 3.0 3.0
374 74943 3.0 3.0
375 75037 3.0 3.0
376 75129 3.0 3.0
377 75216 3.0 3.0
378 75335 3.0 3.0
379 75441 3.0 3.0
380 75610 3.0 3.0
381 75718 3.0 3.0
382 75832 3.0 3.0
383 75927 3.0 3.0
384 76026 3.0 3.0
385 76164 3.0 3.0
386 76265 3.0 3.0
387 76409 3.0 3.0
388 76535 3.0 3.0
389 76602 3.0 3.0
390 76741 3.0 3.0
391 76867 3.0 3.0
392 76956 3.0 3.0
393 77061 3.0 3.0
394 77181 3.0 3.0
395 77282 3.0 3.0
396 77400 3.0 3.0
397 77520 3.0 3.0
398 77627 3.0 3.0
399 77811 3.0 3.0
400 77902 3.0 3.0
401 77988 3.0 3.0
402 78080 3.0 3.0
403 78169 3.0 3.0
404 78277 3.0 3.0
405 78375 3.0 3.0
406 78469 3.0 3.0
407 78582 3.0 3.0
408 78722 3.0 3.0
409 78845 3.0 3.0
410 78928 3.0 3.0
411 79009 3.0 3.0
412 79105 3.0 3.0
413 79266 3.0 3.0
414 79432 3.0 3.0
415 79626 3.0 3.0
416 79736 3.0 3.0
417 79859 3.0 3.0
418 79985 3.0 3.0
419 80158 3.0 3.0
420 80304 3.0 3.0
421 80445 3.0 3.0
422 80567 3.0 3.0
423 80708 3.0 3.0
424 80845 3.0 3.0
425 80941 3.0 3.0
426 81069 3.0 3.0
427 81220 3.0 3.0
428 81321 3.0 3.0
429 81452 3.0 3.0
430 81575 3.0 3.0
431 81689 3.0 3.0
432 81837 3.0 3.0
433 81955 3.0 3.0
434 82089 3.0 3.0
435 82212 3.0 3.0
436 82371 3.0 3.0
437 82507 3.0 3.0
438 82603 3.0 3.0
439 82721 3.0 3.0
440 82872 3.0 3.0
441 82953 3.0 3.0
442 83059 3.0 3.0
443 83181 3.0 3.0
444 83267 3.0 3.0
445 83392 3.0 3.0
446 83495 3.0 3.0
447 83590 3.0 3.0
448 83709 3.0 3.0
449 83818 3.0 3.0
450 83900 3.0 3.0
451 84008 3.0 3.0
452 84178 3.0 3.0
453 84281 3.0 3.0
454 84398 3.0 3.0
455 84557 3.0 3.0
456 84695 3.0 3.0
457 84803 3.0 3.0
458 84865 3.0 3.0
459 84965 3.0 3.0
460 85129 3.0 3.0
461 85217 3.0 3.0
462 85359 3.0 3.0
463 85496 3.0 3.0
464 85616 3.0 3.0
465 85746 3.0 3.0
466 85886 3.0 3.0
467 86053 3.0 3.0
468 86133 3.0 3.0
469 86270 3.0 3.0
470 86361 3.0 3.0
471 86437 3.0 3.0
472 86565 3.0 3.0
473 86680 3.0 3.0
474 86798 3.0 3.0
475 86958 3.0 3.0
476 87085 3.0 3.0
477 87263 3.0 3.0
478 87387 3.0 3.0
479 87483 3.0 3.0
480 87596 3.0 3.0
481 87692 3.0 3.0
482 87787 3.0 3.0
483 87971 3.0 3.0
484 88082 3.0 3.0
485 88190 3.0 3.0
486 88321 3.0 3.0
487 88436 3.0 3.0
488 88559 3.0 3.0
489 88668 3.0 3.0
490 88759 3.0 3.0
491 88899 3.0 3.0
492 89015 3.0 3.0
493 89101 3.0 3.0
494 89197 3.0 3.0
495 89270 3.0 3.0
496 89357 3.0 3.0
497 89573 3.0 3.0
498 89646 3.0 3.0
499 89751 3.0 3.0
500 89891 3.0 3.0
501 90030 3.0 3.0
502 90175 3.0 3.0
503 90273 3.0 3.0
504 90400 3.0 3.0
505 90560 3.0 3.0
506 90652 3.0 3.0
507 90792 3.0 3.0
508 91018 3.0 3.0
509 91157 3.0 3.0
510 91311 3.0 3.0
511 91436 3.0 3.0
512 91600 3.0 3.0
513 91756 3.0 3.0
514 91830 3.0 3.0
515 91963 3.0 3.0
516 92073 3.0 3.0
517 92173 3.0 3.0
518 92364 3.0 3.0
519 92483 3.0 3.0
520 92606 3.0 3.0
521 92704 3.0 3.0
522 92849 3.0 3.0
523 92998 3.0 3.0
524 93159 3.0 3.0
525 93271 3.0 3.0
526 93395 3.0 3.0
527 93499 3.0 3.0
528 93592 3.0 3.0
529 93683 3.0 3.0
530 93789 3.0 3.0
531 93889 3.0 3.0
532 93990 3.0 3.0
533 94118 3.0 3.0
534 94242 3.0 3.0
535 94385 3.0 3.0
536 94471 3.0 3.0
537 94572 3.0 3.0
538 94689 3.0 3.0
539 94763 3.0 3.0
540 94837 3.0 3.0
541 94960 3.0 3.0
542 95034 3.0 3.0
543 95131 3.0 3.0
544 95272 3.0 3.0
545 95411 3.0 3.0
546 95497 3.0 3.0
547 95797 0.0 2.97
548 95930 3.0 2.97
549 96085 3.0 2.97
550 96199 3.0 2.97
551 96303 3.0 2.97
552 96439 3.0 2.97
553 96531 3.0 2.97
554 96635 3.0 2.97
555 96711 3.0 2.97
556 96791 3.0 2.97
557 96936 3.0 2.97
558 97072 3.0 2.97
559 97164 3.0 2.97
560 97239 3.0 2.97
561 97352 3.0 2.97
562 97516 3.0 2.97
563 97616 3.0 2.97
564 97751 3.0 2.97
565 97826 3.0 2.97
566 97933 3.0 2.97
567 98034 3.0 2.97
568 98130 3.0 2.97
569 98268 3.0 2.97
570 98354 3.0 2.97
571 98526 3.0 2.97
572 98628 3.0 2.97
573 98766 3.0 2.97
574 98950 3.0 2.97
575 99047 3.0 2.97
576 99127 3.0 2.97
577 99216 3.0 2.97
578 99308 3.0 2.97
579 99429 3.0 2.97
580 99550 3.0 2.97
581 99666 3.0 2.97
582 99768 3.0 2.97
583 99907 3.0 2.97
584 99996 3.0 2.97
585 100113 3.0 2.97
586 100191 3.0 2.97
587 100304 3.0 2.97
588 100369 3.0 2.97
589 100464 3.0 2.97
590 100575 3.0 2.97
591 100699 3.0 2.97
592 100790 3.0 2.97
593 100927 3.0 2.97
594 101016 3.0 2.97
595 101163 3.0 2.97
596 101330 3.0 2.97
597 101409 3.0 2.97
598 101508 3.0 2.97
599 101633 3.0 2.97
600 101735 3.0 2.97
601 101835 3.0 2.97
602 101926 3.0 2.97
603 102010 3.0 2.97
604 102106 3.0 2.97
605 102202 3.0 2.97
606 102336 3.0 2.97
607 102435 3.0 2.97
608 102547 3.0 2.97
609 102658 3.0 2.97
610 102734 3.0 2.97
611 102837 3.0 2.97
612 102927 3.0 2.97
613 103093 3.0 2.97
614 103188 3.0 2.97
615 103320 3.0 2.97
616 103440 3.0 2.97
617 103530 3.0 2.97
618 103652 3.0 2.97
619 103827 3.0 2.97
620 103953 3.0 2.97
621 104093 3.0 2.97
622 104199 3.0 2.97
623 104301 3.0 2.97
624 104390 3.0 2.97
625 104465 3.0 2.97
626 104556 3.0 2.97
627 104666 3.0 2.97
628 104810 3.0 2.97
629 104942 3.0 2.97
630 105028 3.0 2.97
631 105159 3.0 2.97
632 105255 3.0 2.97
633 105348 3.0 2.97
634 105434 3.0 2.97
635 105546 3.0 2.97
636 105637 3.0 2.97
637 105741 3.0 2.97
638 105849 3.0 2.97
639 105978 3.0 2.97
640 106084 3.0 2.97
641 106218 3.0 2.97
642 106361 3.0 2.97
643 106498 3.0 2.97
644 106592 3.0 2.97
645 106696 3.0 2.97
646 106810 3.0 2.97
647 106899 3.0 3.0
648 106981 3.0 3.0
649 107078 3.0 3.0
650 107205 3.0 3.0
651 107306 3.0 3.0
652 107394 3.0 3.0
653 107498 3.0 3.0
654 107621 3.0 3.0
655 107713 3.0 3.0
656 107773 3.0 3.0
657 107898 3.0 3.0
658 107997 3.0 3.0
659 108107 3.0 3.0
660 108211 3.0 3.0
661 108363 3.0 3.0
662 108514 3.0 3.0
663 108597 3.0 3.0
664 108712 3.0 3.0
665 108809 3.0 3.0
666 108923 3.0 3.0
667 109047 3.0 3.0
668 109143 3.0 3.0
669 109272 3.0 3.0
670 109393 3.0 3.0
671 109462 3.0 3.0
672 109597 3.0 3.0
673 109680 3.0 3.0
674 109749 3.0 3.0
675 109877 3.0 3.0
676 109984 3.0 3.0
677 110093 3.0 3.0
678 110172 3.0 3.0
679 110318 3.0 3.0
680 110402 3.0 3.0
681 110496 3.0 3.0
682 110586 3.0 3.0
683 110714 3.0 3.0
684 110866 3.0 3.0
685 110966 3.0 3.0
686 111053 3.0 3.0
687 111205 3.0 3.0
688 111331 3.0 3.0
689 111434 3.0 3.0
690 111517 3.0 3.0
691 111623 3.0 3.0
692 111734 3.0 3.0
693 111856 3.0 3.0
694 111984 3.0 3.0
695 112116 3.0 3.0
696 112195 3.0 3.0
697 112270 3.0 3.0
698 112387 3.0 3.0
699 112514 3.0 3.0
700 112612 3.0 3.0
701 112718 3.0 3.0
702 112786 3.0 3.0
703 112905 3.0 3.0
704 113014 3.0 3.0
705 113158 3.0 3.0
706 113267 3.0 3.0
707 113377 3.0 3.0
708 113453 3.0 3.0
709 113571 3.0 3.0
710 113695 3.0 3.0
711 113802 3.0 3.0
712 113925 3.0 3.0
713 114064 3.0 3.0
714 114143 3.0 3.0
715 114252 3.0 3.0
716 114334 3.0 3.0
717 114466 3.0 3.0
718 114597 3.0 3.0
719 114740 3.0 3.0
720 114842 3.0 3.0
721 114940 3.0 3.0
722 115017 3.0 3.0
723 115118 3.0 3.0
724 115210 3.0 3.0
725 115320 3.0 3.0
726 115471 3.0 3.0
727 115588 3.0 3.0
728 115758 3.0 3.0
729 115852 3.0 3.0
730 115967 3.0 3.0
731 116101 3.0 3.0
732 116215 3.0 3.0
733 116286 3.0 3.0
734 116383 3.0 3.0
735 116480 3.0 3.0
736 116587 3.0 3.0
737 116667 3.0 3.0
738 116807 3.0 3.0
739 116915 3.0 3.0
740 117038 3.0 3.0
741 117138 3.0 3.0
742 117272 3.0 3.0
743 117357 3.0 3.0
744 117471 3.0 3.0
745 117598 3.0 3.0
746 117719 3.0 3.0
747 117816 3.0 3.0
748 117884 3.0 3.0
749 118025 3.0 3.0
750 118104 3.0 3.0
751 118241 3.0 3.0
752 118394 3.0 3.0
753 118479 3.0 3.0
754 118586 3.0 3.0
755 118657 3.0 3.0
756 118735 3.0 3.0
757 118809 3.0 3.0
758 118983 3.0 3.0
759 119063 3.0 3.0
760 119186 3.0 3.0
761 119328 3.0 3.0
762 119416 3.0 3.0
763 119556 3.0 3.0
764 119652 3.0 3.0
765 119756 3.0 3.0
766 119891 3.0 3.0
767 120012 3.0 3.0
768 120094 3.0 3.0
769 120169 3.0 3.0
770 120281 3.0 3.0
771 120399 3.0 3.0
772 120520 3.0 3.0
773 120636 3.0 3.0
774 120727 3.0 3.0
775 120855 3.0 3.0
776 120977 3.0 3.0
777 121089 3.0 3.0
778 121232 3.0 3.0
779 121322 3.0 3.0
780 121437 3.0 3.0
781 121550 3.0 3.0
782 121624 3.0 3.0
783 121723 3.0 3.0
784 121827 3.0 3.0
785 121958 3.0 3.0
786 122114 3.0 3.0
787 122235 3.0 3.0
788 122311 3.0 3.0
789 122421 3.0 3.0
790 122533 3.0 3.0
791 122640 3.0 3.0
792 122710 3.0 3.0
793 122834 3.0 3.0
794 122931 3.0 3.0
795 123100 3.0 3.0
796 123191 3.0 3.0
797 123293 3.0 3.0
798 123375 3.0 3.0
799 123460 3.0 3.0
800 123617 3.0 3.0
801 123731 3.0 3.0
802 123826 3.0 3.0
803 123942 3.0 3.0
804 124027 3.0 3.0
805 124157 3.0 3.0
806 124219 3.0 3.0
807 124343 3.0 3.0
808 124432 3.0 3.0
809 124516 3.0 3.0
810 124606 3.0 3.0
811 124758 3.0 3.0
812 124850 3.0 3.0
813 124958 3.0 3.0
814 125070 3.0 3.0
815 125168 3.0 3.0
816 125259 3.0 3.0
817 125410 3.0 3.0
818 125516 3.0 3.0
819 125641 3.0 3.0
820 125760 3.0 3.0
821 125824 3.0 3.0
822 125902 3.0 3.0
823 125976 3.0 3.0
824 126091 3.0 3.0
825 126179 3.0 3.0
826 126271 3.0 3.0
827 126352 3.0 3.0
828 126529 3.0 3.0
829 126620 3.0 3.0
830 126748 3.0 3.0
831 126858 3.0 3.0
832 126962 3.0 3.0
833 127048 3.0 3.0
834 127175 3.0 3.0
835 127250 3.0 3.0
836 127346 3.0 3.0
837 127454 3.0 3.0
838 127566 3.0 3.0
839 127677 3.0 3.0
840 127755 3.0 3.0
841 127917 3.0 3.0
842 128061 3.0 3.0
843 128136 3.0 3.0
844 128254 3.0 3.0
845 128366 3.0 3.0
846 128453 3.0 3.0
847 128559 3.0 3.0
848 128677 3.0 3.0
849 128760 3.0 3.0
850 128877 3.0 3.0
851 129013 3.0 3.0
852 129127 3.0 3.0
853 129210 3.0 3.0
854 129298 3.0 3.0
855 129485 3.0 3.0
856 129593 3.0 3.0
857 129697 3.0 3.0
858 129779 3.0 3.0
859 129915 3.0 3.0
860 130016 3.0 3.0
861 130132 3.0 3.0
862 130214 3.0 3.0
863 130278 3.0 3.0
864 130368 3.0 3.0
865 130502 3.0 3.0
866 130645 3.0 3.0
867 130746 3.0 3.0
868 130853 3.0 3.0
869 131003 3.0 3.0
870 131124 3.0 3.0
871 131243 3.0 3.0
872 131360 3.0 3.0
873 131448 3.0 3.0
874 131589 3.0 3.0
875 131734 3.0 3.0
876 131825 3.0 3.0
877 131905 3.0 3.0
878 132009 3.0 3.0
879 132116 3.0 3.0
880 132217 3.0 3.0
881 132352 3.0 3.0
882 132456 3.0 3.0
883 132582 3.0 3.0
884 132648 3.0 3.0
885 132755 3.0 3.0
886 132830 3.0 3.0
887 132913 3.0 3.0
888 133013 3.0 3.0
889 133087 3.0 3.0
890 133211 3.0 3.0
891 133335 3.0 3.0
892 133437 3.0 3.0
893 133557 3.0 3.0
894 133653 3.0 3.0
895 133768 3.0 3.0
896 133857 3.0 3.0
897 133979 3.0 3.0
898 134072 3.0 3.0
899 134173 3.0 3.0
900 134286 3.0 3.0
901 134399 3.0 3.0
902 134513 3.0 3.0
903 134595 3.0 3.0
904 134699 3.0 3.0
905 134842 3.0 3.0
906 134952 3.0 3.0
907 135018 3.0 3.0
908 135116 3.0 3.0
909 135183 3.0 3.0
910 135257 3.0 3.0
911 135426 3.0 3.0
912 135532 3.0 3.0
913 135611 3.0 3.0
914 135755 3.0 3.0
915 135848 3.0 3.0
916 135980 3.0 3.0
917 136053 3.0 3.0
918 136198 3.0 3.0
919 136299 3.0 3.0
920 136406 3.0 3.0
921 136588 3.0 3.0
922 136671 3.0 3.0
923 136778 3.0 3.0
924 136858 3.0 3.0
925 136955 3.0 3.0
926 137051 3.0 3.0
927 137140 3.0 3.0
928 137252 3.0 3.0
929 137340 3.0 3.0
930 137425 3.0 3.0
931 137618 3.0 3.0
932 137681 3.0 3.0
933 137813 3.0 3.0
934 137926 3.0 3.0
935 138008 3.0 3.0
936 138129 3.0 3.0
937 138247 3.0 3.0
938 138316 3.0 3.0
939 138390 3.0 3.0
940 138464 3.0 3.0
941 138567 3.0 3.0
942 138680 3.0 3.0
943 138786 3.0 3.0
944 138851 3.0 3.0
945 138943 3.0 3.0
946 139073 3.0 3.0
947 139192 3.0 3.0
948 139337 3.0 3.0
949 139418 3.0 3.0
950 139520 3.0 3.0
951 139665 3.0 3.0
952 139752 3.0 3.0
953 139848 3.0 3.0
954 139994 3.0 3.0
955 140099 3.0 3.0
956 140266 3.0 3.0
957 140415 3.0 3.0
958 140513 3.0 3.0
959 140639 3.0 3.0
960 140721 3.0 3.0
961 140870 3.0 3.0
962 140975 3.0 3.0
963 141109 3.0 3.0
964 141297 3.0 3.0
965 141385 3.0 3.0
966 141504 3.0 3.0
967 141617 3.0 3.0
968 141737 3.0 3.0
969 141826 3.0 3.0
970 141925 3.0 3.0
971 142009 3.0 3.0
972 142122 3.0 3.0
973 142230 3.0 3.0
974 142345 3.0 3.0
975 142442 3.0 3.0
976 142577 3.0 3.0
977 142651 3.0 3.0
978 142767 3.0 3.0
979 142873 3.0 3.0
980 142948 3.0 3.0
981 143045 3.0 3.0
982 143135 3.0 3.0
983 143223 3.0 3.0
984 143347 3.0 3.0
985 143422 3.0 3.0
986 143511 3.0 3.0
987 143634 3.0 3.0
988 143729 3.0 3.0
989 143851 3.0 3.0
990 143943 3.0 3.0
991 144017 3.0 3.0
992 144125 3.0 3.0
993 144219 3.0 3.0
994 144333 3.0 3.0
995 144478 3.0 3.0
996 144616 3.0 3.0
997 144739 3.0 3.0
998 144832 3.0 3.0
999 144960 3.0 3.0
1000 145071 3.0 3.0
1001 145150 3.0 3.0
1002 145278 3.0 3.0
1003 145344 3.0 3.0
1004 145514 3.0 3.0
1005 145650 3.0 3.0
1006 145756 3.0 3.0
1007 145859 3.0 3.0
1008 145933 3.0 3.0
1009 146020 3.0 3.0
1010 146167 3.0 3.0
1011 146270 3.0 3.0
1012 146419 3.0 3.0
1013 146512 3.0 3.0
1014 146662 3.0 3.0
1015 146752 3.0 3.0
1016 146831 3.0 3.0
1017 146922 3.0 3.0
1018 147041 3.0 3.0
1019 147155 3.0 3.0
1020 147236 3.0 3.0
1021 147346 3.0 3.0
1022 147508 3.0 3.0
1023 147603 3.0 3.0
1024 147744 3.0 3.0
1025 147852 3.0 3.0
1026 147928 3.0 3.0
1027 148026 3.0 3.0
1028 148130 3.0 3.0
1029 148221 3.0 3.0
1030 148377 3.0 3.0
1031 148484 3.0 3.0
1032 148592 3.0 3.0
1033 148700 3.0 3.0
1034 148796 3.0 3.0
1035 148884 3.0 3.0
1036 148977 3.0 3.0
1037 149076 3.0 3.0
1038 149195 3.0 3.0
1039 149317 3.0 3.0
1040 149390 3.0 3.0
1041 149489 3.0 3.0
1042 149564 3.0 3.0
1043 149658 3.0 3.0
1044 149774 3.0 3.0
1045 149867 3.0 3.0
1046 149955 3.0 3.0
1047 150069 3.0 3.0
1048 150172 3.0 3.0
1049 150261 3.0 3.0
1050 150358 3.0 3.0
1051 150467 3.0 3.0
1052 150573 3.0 3.0
1053 150706 3.0 3.0
1054 150786 3.0 3.0
1055 150865 3.0 3.0
1056 150995 3.0 3.0
1057 151085 3.0 3.0
1058 151223 3.0 3.0
1059 151334 3.0 3.0
1060 151468 3.0 3.0
1061 151555 3.0 3.0
1062 151657 3.0 3.0
1063 151788 3.0 3.0
1064 151875 3.0 3.0
1065 151984 3.0 3.0
1066 152063 3.0 3.0
1067 152160 3.0 3.0
1068 152250 3.0 3.0
1069 152383 3.0 3.0
1070 152523 3.0 3.0
1071 152637 3.0 3.0
1072 152720 3.0 3.0
1073 152845 3.0 3.0
1074 152960 3.0 3.0
1075 153103 3.0 3.0
1076 153233 3.0 3.0
1077 153346 3.0 3.0
1078 153443 3.0 3.0
1079 153539 3.0 3.0
1080 153682 3.0 3.0
1081 153778 3.0 3.0
1082 153902 3.0 3.0
1083 153965 3.0 3.0
1084 154060 3.0 3.0
1085 154177 3.0 3.0
1086 154284 3.0 3.0
1087 154379 3.0 3.0
1088 154459 3.0 3.0
1089 154552 3.0 3.0
1090 154625 3.0 3.0
1091 154783 3.0 3.0
1092 154872 3.0 3.0
1093 155155 3.0 3.0
1094 155228 3.0 3.0
1095 155333 3.0 3.0
1096 155399 3.0 3.0
1097 155500 3.0 3.0
1098 155585 3.0 3.0
1099 155680 3.0 3.0
1100 155807 3.0 3.0
1101 155946 3.0 3.0
1102 156135 3.0 3.0
1103 156244 3.0 3.0
1104 156347 3.0 3.0
1105 156445 3.0 3.0
1106 156554 3.0 3.0
1107 156676 3.0 3.0
1108 156769 3.0 3.0
1109 156866 3.0 3.0
1110 156971 3.0 3.0
1111 157081 3.0 3.0
1112 157186 3.0 3.0
1113 157319 3.0 3.0
1114 157423 3.0 3.0
1115 157523 3.0 3.0
1116 157676 3.0 3.0
1117 157793 3.0 3.0
1118 157907 3.0 3.0
1119 157986 3.0 3.0
1120 158114 3.0 3.0
1121 158177 3.0 3.0
1122 158274 3.0 3.0
1123 158378 3.0 3.0
1124 158454 3.0 3.0
1125 158536 3.0 3.0
1126 158638 3.0 3.0
1127 158722 3.0 3.0
1128 158812 3.0 3.0
1129 158949 3.0 3.0
1130 159025 3.0 3.0
1131 159118 3.0 3.0
1132 159197 3.0 3.0
1133 159314 3.0 3.0
1134 159410 3.0 3.0
1135 159525 3.0 3.0
1136 159614 3.0 3.0
1137 159722 3.0 3.0
1138 159800 3.0 3.0
1139 159894 3.0 3.0
1140 159993 3.0 3.0
1141 160102 3.0 3.0
1142 160225 3.0 3.0
1143 160335 3.0 3.0
1144 160465 3.0 3.0
1145 160535 3.0 3.0
1146 160632 3.0 3.0
1147 160702 3.0 3.0
1148 160797 3.0 3.0
1149 160952 3.0 3.0
1150 161026 3.0 3.0
1151 161136 3.0 3.0
1152 161264 3.0 3.0
1153 161375 3.0 3.0
1154 161458 3.0 3.0
1155 161557 3.0 3.0
1156 161631 3.0 3.0
1157 161767 3.0 3.0
1158 161893 3.0 3.0
1159 161999 3.0 3.0
1160 162084 3.0 3.0
1161 162163 3.0 3.0
1162 162256 3.0 3.0
1163 162428 3.0 3.0
1164 162572 3.0 3.0
1165 162648 3.0 3.0
1166 162707 3.0 3.0
1167 162814 3.0 3.0
1168 162890 3.0 3.0
1169 162975 3.0 3.0
1170 163064 3.0 3.0
1171 163146 3.0 3.0
1172 163256 3.0 3.0
1173 163390 3.0 3.0
1174 163521 3.0 3.0
1175 163612 3.0 3.0
1176 163816 3.0 3.0
1177 163926 3.0 3.0
1178 164017 3.0 3.0
1179 164127 3.0 3.0
1180 164222 3.0 3.0
1181 164295 3.0 3.0
1182 164398 3.0 3.0
1183 164495 3.0 3.0
1184 164596 3.0 3.0
1185 164682 3.0 3.0
1186 164813 3.0 3.0
1187 164903 3.0 3.0
1188 165103 3.0 3.0
1189 165187 3.0 3.0
1190 165261 3.0 3.0
1191 165379 3.0 3.0
1192 165476 3.0 3.0
1193 165554 3.0 3.0
1194 165632 3.0 3.0
1195 165932 0.0 2.97
1196 166052 3.0 2.97
1197 166149 3.0 2.97
1198 166233 3.0 2.97
1199 166349 3.0 2.97
1200 166437 3.0 2.97
1201 166510 3.0 2.97
1202 166605 3.0 2.97
1203 166696 3.0 2.97
1204 166768 3.0 2.97
1205 166840 3.0 2.97
1206 166904 3.0 2.97
1207 167014 3.0 2.97
1208 167137 3.0 2.97
1209 167243 3.0 2.97
1210 167361 3.0 2.97
1211 167478 3.0 2.97
1212 167585 3.0 2.97
1213 167698 3.0 2.97
1214 167784 3.0 2.97
1215 167894 3.0 2.97
1216 167969 3.0 2.97
1217 168086 3.0 2.97
1218 168169 3.0 2.97
1219 168306 3.0 2.97
1220 168395 3.0 2.97
1221 168461 3.0 2.97
1222 168535 3.0 2.97
1223 168641 3.0 2.97
1224 168743 3.0 2.97
1225 168844 3.0 2.97
1226 168927 3.0 2.97
1227 169005 3.0 2.97
1228 169113 3.0 2.97
1229 169217 3.0 2.97
1230 169308 3.0 2.97
1231 169430 3.0 2.97
1232 169551 3.0 2.97
1233 169632 3.0 2.97
1234 169747 3.0 2.97
1235 169889 3.0 2.97
1236 170010 3.0 2.97
1237 170120 3.0 2.97
1238 170191 3.0 2.97
1239 170271 3.0 2.97
1240 170411 3.0 2.97
1241 170572 3.0 2.97
1242 170661 3.0 2.97
1243 170769 3.0 2.97
1244 170843 3.0 2.97
1245 170953 3.0 2.97
1246 171037 3.0 2.97
1247 171151 3.0 2.97
1248 171237 3.0 2.97
1249 171362 3.0 2.97
1250 171440 3.0 2.97
1251 171514 3.0 2.97
1252 171612 3.0 2.97
1253 171725 3.0 2.97
1254 171835 3.0 2.97
1255 171947 3.0 2.97
1256 172061 3.0 2.97
1257 172149 3.0 2.97
1258 172252 3.0 2.97
1259 172358 3.0 2.97
1260 172461 3.0 2.97
1261 172591 3.0 2.97
1262 172690 3.0 2.97
1263 172780 3.0 2.97
1264 172899 3.0 2.97
1265 172991 3.0 2.97
1266 173085 3.0 2.97
1267 173169 3.0 2.97
1268 173236 3.0 2.97
1269 173333 3.0 2.97
1270 173455 3.0 2.97
1271 173579 3.0 2.97
1272 173667 3.0 2.97
1273 173735 3.0 2.97
1274 173860 3.0 2.97
1275 174028 3.0 2.97
1276 174118 3.0 2.97
1277 174245 3.0 2.97
1278 174334 3.0 2.97
1279 174465 3.0 2.97
1280 174563 3.0 2.97
1281 174708 3.0 2.97
1282 174776 3.0 2.97
1283 174851 3.0 2.97
1284 175013 3.0 2.97
1285 175120 3.0 2.97
1286 175256 3.0 2.97
1287 175428 3.0 2.97
1288 175549 3.0 2.97
1289 175647 3.0 2.97
1290 175729 3.0 2.97
1291 175842 3.0 2.97
1292 175918 3.0 2.97
1293 176017 3.0 2.97
1294 176093 3.0 2.97
1295 176188 3.0 3.0
1296 176251 3.0 3.0
1297 176334 3.0 3.0
1298 176497 3.0 3.0
1299 176594 3.0 3.0
1300 176687 3.0 3.0
1301 176775 3.0 3.0
1302 176949 3.0 3.0
1303 177029 3.0 3.0
1304 177124 3.0 3.0
1305 177248 3.0 3.0
1306 177421 3.0 3.0
1307 177527 3.0 3.0
1308 177597 3.0 3.0
1309 177717 3.0 3.0
1310 177839 3.0 3.0
1311 177954 3.0 3.0
1312 178032 3.0 3.0
1313 178128 3.0 3.0
1314 178279 3.0 3.0
1315 178360 3.0 3.0
1316 178459 3.0 3.0
1317 178566 3.0 3.0
1318 178666 3.0 3.0
1319 178746 3.0 3.0
1320 178876 3.0 3.0
1321 178979 3.0 3.0
1322 179072 3.0 3.0
1323 179155 3.0 3.0
1324 179224 3.0 3.0
1325 179321 3.0 3.0
1326 179412 3.0 3.0
1327 179495 3.0 3.0
1328 179558 3.0 3.0
1329 179634 3.0 3.0
1330 179742 3.0 3.0
1331 179813 3.0 3.0
1332 179963 3.0 3.0
1333 180063 3.0 3.0
1334 180202 3.0 3.0
1335 180323 3.0 3.0
1336 180409 3.0 3.0
1337 180492 3.0 3.0
1338 180590 3.0 3.0
1339 180660 3.0 3.0
1340 180735 3.0 3.0
1341 180794 3.0 3.0
1342 180905 3.0 3.0
1343 181019 3.0 3.0
1344 181129 3.0 3.0
1345 181228 3.0 3.0
1346 181341 3.0 3.0
1347 181425 3.0 3.0
1348 181498 3.0 3.0
1349 181575 3.0 3.0
1350 181688 3.0 3.0
1351 181790 3.0 3.0
1352 181904 3.0 3.0
1353 182017 3.0 3.0
1354 182111 3.0 3.0
1355 182203 3.0 3.0
1356 182310 3.0 3.0
1357 182402 3.0 3.0
1358 182505 3.0 3.0
1359 182622 3.0 3.0
1360 182707 3.0 3.0
1361 182790 3.0 3.0
1362 182866 3.0 3.0
1363 182977 3.0 3.0
1364 183044 3.0 3.0
1365 183134 3.0 3.0
1366 183265 3.0 3.0
1367 183368 3.0 3.0
1368 183471 3.0 3.0
1369 183550 3.0 3.0
1370 183618 3.0 3.0
1371 183718 3.0 3.0
1372 183829 3.0 3.0
1373 183923 3.0 3.0
1374 184014 3.0 3.0
1375 184131 3.0 3.0
1376 184271 3.0 3.0
1377 184423 3.0 3.0
1378 184518 3.0 3.0
1379 184587 3.0 3.0
1380 184688 3.0 3.0
1381 184774 3.0 3.0
1382 184856 3.0 3.0
1383 184930 3.0 3.0
1384 185068 3.0 3.0
1385 185134 3.0 3.0
1386 185235 3.0 3.0
1387 185303 3.0 3.0
1388 185426 3.0 3.0
1389 185544 3.0 3.0
1390 185622 3.0 3.0
1391 185700 3.0 3.0
1392 185786 3.0 3.0
1393 185887 3.0 3.0
1394 185958 3.0 3.0
1395 186097 3.0 3.0
1396 186206 3.0 3.0
1397 186272 3.0 3.0
1398 186348 3.0 3.0
1399 186429 3.0 3.0
1400 186548 3.0 3.0
1401 186649 3.0 3.0
1402 186746 3.0 3.0
1403 186840 3.0 3.0
1404 186954 3.0 3.0
1405 187055 3.0 3.0
1406 187119 3.0 3.0
1407 187237 3.0 3.0
1408 187375 3.0 3.0
1409 187484 3.0 3.0
1410 187550 3.0 3.0
1411 187639 3.0 3.0
1412 187714 3.0 3.0
1413 187788 3.0 3.0
1414 187872 3.0 3.0
1415 188050 3.0 3.0
1416 188157 3.0 3.0
1417 188230 3.0 3.0
1418 188355 3.0 3.0
1419 188442 3.0 3.0
1420 188533 3.0 3.0
1421 188608 3.0 3.0
1422 188717 3.0 3.0
1423 188827 3.0 3.0
1424 188931 3.0 3.0
1425 189020 3.0 3.0
1426 189103 3.0 3.0
1427 189216 3.0 3.0
1428 189306 3.0 3.0
1429 189452 3.0 3.0
1430 189546 3.0 3.0
1431 189660 3.0 3.0
1432 189766 3.0 3.0
1433 189864 3.0 3.0
1434 189952 3.0 3.0
1435 190029 3.0 3.0
1436 190114 3.0 3.0
1437 190220 3.0 3.0
1438 190326 3.0 3.0
1439 190393 3.0 3.0
1440 190488 3.0 3.0
1441 190640 3.0 3.0
1442 190730 3.0 3.0
1443 190809 3.0 3.0
1444 190892 3.0 3.0
1445 191114 3.0 3.0
1446 191218 3.0 3.0
1447 191306 3.0 3.0
1448 191406 3.0 3.0
1449 191469 3.0 3.0
1450 191617 3.0 3.0
1451 191705 3.0 3.0
1452 191873 3.0 3.0
1453 191963 3.0 3.0
1454 192088 3.0 3.0
1455 192160 3.0 3.0
1456 192241 3.0 3.0
1457 192308 3.0 3.0
1458 192474 3.0 3.0
1459 192538 3.0 3.0
1460 192621 3.0 3.0
1461 192703 3.0 3.0
1462 192800 3.0 3.0
1463 192910 3.0 3.0
1464 192990 3.0 3.0
1465 193065 3.0 3.0
1466 193160 3.0 3.0
1467 193272 3.0 3.0
1468 193351 3.0 3.0
1469 193440 3.0 3.0
1470 193541 3.0 3.0
1471 193645 3.0 3.0
1472 193728 3.0 3.0
1473 193846 3.0 3.0
1474 193937 3.0 3.0
1475 194029 3.0 3.0
1476 194156 3.0 3.0
1477 194236 3.0 3.0
1478 194317 3.0 3.0
1479 194410 3.0 3.0
1480 194542 3.0 3.0
1481 194605 3.0 3.0
1482 194716 3.0 3.0
1483 194798 3.0 3.0
1484 194890 3.0 3.0
1485 194984 3.0 3.0
1486 195070 3.0 3.0
1487 195167 3.0 3.0
1488 195243 3.0 3.0
1489 195335 3.0 3.0
1490 195419 3.0 3.0
1491 195518 3.0 3.0
1492 195601 3.0 3.0
1493 195681 3.0 3.0
1494 195783 3.0 3.0
1495 195862 3.0 3.0
1496 195965 3.0 3.0
1497 196038 3.0 3.0
1498 196130 3.0 3.0
1499 196216 3.0 3.0
1500 196280 3.0 3.0
1501 196348 3.0 3.0
1502 196434 3.0 3.0
1503 196510 3.0 3.0
1504 196613 3.0 3.0
1505 196727 3.0 3.0
1506 196806 3.0 3.0
1507 196878 3.0 3.0
1508 197000 3.0 3.0
1509 197101 3.0 3.0
1510 197212 3.0 3.0
1511 197313 3.0 3.0
1512 197436 3.0 3.0
1513 197506 3.0 3.0
1514 197602 3.0 3.0
1515 197673 3.0 3.0
1516 197806 3.0 3.0
1517 197894 3.0 3.0
1518 198018 3.0 3.0
1519 198102 3.0 3.0
1520 198190 3.0 3.0
1521 198288 3.0 3.0
1522 198369 3.0 3.0
1523 198498 3.0 3.0
1524 198598 3.0 3.0
1525 198678 3.0 3.0
1526 198814 3.0 3.0
1527 198867 3.0 3.0
1528 198954 3.0 3.0
1529 199040 3.0 3.0
1530 199131 3.0 3.0
1531 199243 3.0 3.0
1532 199330 3.0 3.0
1533 199454 3.0 3.0
1534 199532 3.0 3.0
1535 199625 3.0 3.0
1536 199722 3.0 3.0
1537 199825 3.0 3.0
1538 199907 3.0 3.0
1539 200011 3.0 3.0
1540 200108 3.0 3.0
1541 200237 3.0 3.0
1542 200336 3.0 3.0
1543 200424 3.0 3.0
1544 200530 3.0 3.0
1545 200604 3.0 3.0
1546 200722 3.0 3.0
1547 200811 3.0 3.0
1548 200905 3.0 3.0
1549 201000 3.0 3.0
1550 201112 3.0 3.0
1551 201199 3.0 3.0
1552 201262 3.0 3.0
1553 201381 3.0 3.0
1554 201470 3.0 3.0
1555 201608 3.0 3.0
1556 201723 3.0 3.0
1557 201791 3.0 3.0
1558 201898 3.0 3.0
1559 201974 3.0 3.0
1560 202097 3.0 3.0
1561 202216 3.0 3.0
1562 202318 3.0 3.0
1563 202459 3.0 3.0
1564 202566 3.0 3.0
1565 202625 3.0 3.0
1566 202698 3.0 3.0
1567 202802 3.0 3.0
1568 202870 3.0 3.0
1569 202966 3.0 3.0
1570 203071 3.0 3.0
1571 203208 3.0 3.0
1572 203291 3.0 3.0
1573 203358 3.0 3.0
1574 203477 3.0 3.0
1575 203599 3.0 3.0
1576 203682 3.0 3.0
1577 203773 3.0 3.0
1578 203913 3.0 3.0
1579 204007 3.0 3.0
1580 204080 3.0 3.0
1581 204249 3.0 3.0
1582 204359 3.0 3.0
1583 204452 3.0 3.0
1584 204556 3.0 3.0
1585 204626 3.0 3.0
1586 204735 3.0 3.0
1587 204814 3.0 3.0
1588 204911 3.0 3.0
1589 205002 3.0 3.0
1590 205104 3.0 3.0
1591 205196 3.0 3.0
1592 205280 3.0 3.0
1593 205390 3.0 3.0
1594 205511 3.0 3.0
1595 205596 3.0 3.0
1596 205674 3.0 3.0
1597 205732 3.0 3.0
1598 205811 3.0 3.0
1599 205908 3.0 3.0
1600 205997 3.0 3.0
1601 206094 3.0 3.0
1602 206215 3.0 3.0
1603 206322 3.0 3.0
1604 206427 3.0 3.0
1605 206508 3.0 3.0
1606 206641 3.0 3.0
1607 206776 3.0 3.0
1608 206844 3.0 3.0
1609 206913 3.0 3.0
1610 206984 3.0 3.0
1611 207145 3.0 3.0
1612 207216 3.0 3.0
1613 207291 3.0 3.0
1614 207392 3.0 3.0
1615 207475 3.0 3.0
1616 207546 3.0 3.0
1617 207680 3.0 3.0
1618 207749 3.0 3.0
1619 207829 3.0 3.0
1620 207924 3.0 3.0
1621 208003 3.0 3.0
1622 208105 3.0 3.0
1623 208221 3.0 3.0
1624 208381 3.0 3.0
1625 208478 3.0 3.0
1626 208556 3.0 3.0
1627 208689 3.0 3.0
1628 208792 3.0 3.0
1629 208869 3.0 3.0
1630 208967 3.0 3.0
1631 209051 3.0 3.0
1632 209135 3.0 3.0
1633 209218 3.0 3.0
1634 209319 3.0 3.0
1635 209390 3.0 3.0
1636 209466 3.0 3.0
1637 209550 3.0 3.0
1638 209652 3.0 3.0
1639 209733 3.0 3.0
1640 209824 3.0 3.0
1641 209916 3.0 3.0
1642 210029 3.0 3.0
1643 210117 3.0 3.0
1644 210200 3.0 3.0
1645 210290 3.0 3.0
1646 210367 3.0 3.0
1647 210435 3.0 3.0
1648 210552 3.0 3.0
1649 210640 3.0 3.0
1650 210745 3.0 3.0
1651 210836 3.0 3.0
1652 210950 3.0 3.0
1653 211024 3.0 3.0
1654 211105 3.0 3.0
1655 211197 3.0 3.0
1656 211285 3.0 3.0
1657 211351 3.0 3.0
1658 211461 3.0 3.0
1659 211560 3.0 3.0
1660 211659 3.0 3.0
1661 211721 3.0 3.0
1662 211848 3.0 3.0
1663 211934 3.0 3.0
1664 212012 3.0 3.0
1665 212157 3.0 3.0
1666 212265 3.0 3.0
1667 212403 3.0 3.0
1668 212508 3.0 3.0
1669 212624 3.0 3.0
1670 212709 3.0 3.0
1671 212816 3.0 3.0
1672 212896 3.0 3.0
1673 212977 3.0 3.0
1674 213062 3.0 3.0
1675 213192 3.0 3.0
1676 213311 3.0 3.0
1677 213456 3.0 3.0
1678 213536 3.0 3.0
1679 213629 3.0 3.0
1680 213711 3.0 3.0
1681 213778 3.0 3.0
1682 213867 3.0 3.0
1683 213935 3.0 3.0
1684 214056 3.0 3.0
1685 214118 3.0 3.0
1686 214212 3.0 3.0
1687 214332 3.0 3.0
1688 214409 3.0 3.0
1689 214503 3.0 3.0
1690 214581 3.0 3.0
1691 214804 3.0 3.0
1692 214921 3.0 3.0
1693 215005 3.0 3.0
1694 215100 3.0 3.0
1695 215204 3.0 3.0
1696 215294 3.0 3.0
1697 215415 3.0 3.0
1698 215494 3.0 3.0
1699 215599 3.0 3.0
1700 215675 3.0 3.0
1701 215805 3.0 3.0
1702 215908 3.0 3.0
1703 215988 3.0 3.0
1704 216051 3.0 3.0
1705 216127 3.0 3.0
1706 216212 3.0 3.0
1707 216302 3.0 3.0
1708 216403 3.0 3.0
1709 216473 3.0 3.0
1710 216594 3.0 3.0
1711 216666 3.0 3.0
1712 216765 3.0 3.0
1713 216843 3.0 3.0
1714 216925 3.0 3.0
1715 217010 3.0 3.0
1716 217102 3.0 3.0
1717 217208 3.0 3.0
1718 217299 3.0 3.0
1719 217393 3.0 3.0
1720 217506 3.0 3.0
1721 217591 3.0 3.0
1722 217698 3.0 3.0
1723 217806 3.0 3.0
1724 217935 3.0 3.0
1725 218015 3.0 3.0
1726 218171 3.0 3.0
1727 218264 3.0 3.0
1728 218360 3.0 3.0
1729 218445 3.0 3.0
1730 218527 3.0 3.0
1731 218620 3.0 3.0
1732 218697 3.0 3.0
1733 218786 3.0 3.0
1734 218877 3.0 3.0
1735 218980 3.0 3.0
1736 219126 3.0 3.0
1737 219220 3.0 3.0
1738 219327 3.0 3.0
1739 219403 3.0 3.0
1740 219554 3.0 3.0
1741 219643 3.0 3.0
1742 219727 3.0 3.0
1743 219813 3.0 3.0
1744 219907 3.0 3.0
1745 219993 3.0 3.0
1746 220069 3.0 3.0
1747 220149 3.0 3.0
1748 220278 3.0 3.0
1749 220367 3.0 3.0
1750 220431 3.0 3.0
1751 220579 3.0 3.0
1752 220683 3.0 3.0
1753 220756 3.0 3.0
1754 220837 3.0 3.0
1755 220912 3.0 3.0
1756 221013 3.0 3.0
1757 221088 3.0 3.0
1758 221227 3.0 3.0
1759 221359 3.0 3.0
1760 221467 3.0 3.0
1761 221545 3.0 3.0
1762 221657 3.0 3.0
1763 221743 3.0 3.0
1764 221885 3.0 3.0
1765 221972 3.0 3.0
1766 222053 3.0 3.0
1767 222129 3.0 3.0
1768 222207 3.0 3.0
1769 222330 3.0 3.0
1770 222403 3.0 3.0
1771 222485 3.0 3.0
1772 222647 3.0 3.0
1773 222713 3.0 3.0
1774 222790 3.0 3.0
1775 222861 3.0 3.0
1776 222924 3.0 3.0
1777 222988 3.0 3.0
1778 223083 3.0 3.0
1779 223161 3.0 3.0
1780 223272 3.0 3.0
1781 223342 3.0 3.0
1782 223430 3.0 3.0
1783 223549 3.0 3.0
1784 223660 3.0 3.0
1785 223742 3.0 3.0
1786 223853 3.0 3.0
1787 223993 3.0 3.0
1788 224094 3.0 3.0
1789 224190 3.0 3.0
1790 224281 3.0 3.0
1791 224389 3.0 3.0
1792 224470 3.0 3.0
1793 224543 3.0 3.0
1794 224677 3.0 3.0
1795 224766 3.0 3.0
1796 224845 3.0 3.0
1797 224957 3.0 3.0
1798 225033 3.0 3.0
1799 225153 3.0 3.0
1800 225263 3.0 3.0
1801 225358 3.0 3.0
1802 225451 3.0 3.0
1803 225576 3.0 3.0
1804 225670 3.0 3.0
1805 225769 3.0 3.0
1806 225859 3.0 3.0
1807 225964 3.0 3.0
1808 226057 3.0 3.0
1809 226152 3.0 3.0
1810 226277 3.0 3.0
1811 226378 3.0 3.0
1812 226469 3.0 3.0
1813 226557 3.0 3.0
1814 226657 3.0 3.0
1815 226776 3.0 3.0
1816 226876 3.0 3.0
1817 226953 3.0 3.0
1818 227044 3.0 3.0
1819 227173 3.0 3.0
1820 227280 3.0 3.0
1821 227371 3.0 3.0
1822 227458 3.0 3.0
1823 227547 3.0 3.0
1824 227627 3.0 3.0
1825 227728 3.0 3.0
1826 227822 3.0 3.0
1827 227928 3.0 3.0
1828 228040 3.0 3.0
1829 228143 3.0 3.0
1830 228254 3.0 3.0
1831 228353 3.0 3.0
1832 228459 3.0 3.0
1833 228537 3.0 3.0
1834 228631 3.0 3.0
1835 228740 3.0 3.0
1836 228810 3.0 3.0
1837 228922 3.0 3.0
1838 229015 3.0 3.0
1839 229154 3.0 3.0
1840 229233 3.0 3.0
1841 229308 3.0 3.0
1842 229381 3.0 3.0
1843 229489 3.0 3.0
1844 229584 3.0 3.0
1845 229723 3.0 3.0
1846 229844 3.0 3.0
1847 229961 3.0 3.0
1848 230068 3.0 3.0
1849 230179 3.0 3.0
1850 230318 3.0 3.0
1851 230391 3.0 3.0
1852 230476 3.0 3.0
1853 230568 3.0 3.0
1854 230664 3.0 3.0
1855 230738 3.0 3.0
1856 230855 3.0 3.0
1857 230925 3.0 3.0
1858 231014 3.0 3.0
1859 231146 3.0 3.0
1860 231231 3.0 3.0
1861 231323 3.0 3.0
1862 231421 3.0 3.0
1863 231521 3.0 3.0
1864 231621 3.0 3.0
1865 231697 3.0 3.0
1866 231813 3.0 3.0
1867 231877 3.0 3.0
1868 231953 3.0 3.0
1869 232024 3.0 3.0
1870 232153 3.0 3.0
1871 232223 3.0 3.0
1872 232304 3.0 3.0
1873 232415 3.0 3.0
1874 232538 3.0 3.0
1875 232625 3.0 3.0
1876 232697 3.0 3.0
1877 232805 3.0 3.0
1878 232876 3.0 3.0
1879 232982 3.0 3.0
1880 233073 3.0 3.0
1881 233168 3.0 3.0
1882 233233 3.0 3.0
1883 233355 3.0 3.0
1884 233445 3.0 3.0
1885 233522 3.0 3.0
1886 233603 3.0 3.0
1887 233701 3.0 3.0
1888 233791 3.0 3.0
1889 233874 3.0 3.0
1890 233955 3.0 3.0
1891 234028 3.0 3.0
1892 234138 3.0 3.0
1893 234266 3.0 3.0
1894 234353 3.0 3.0
1895 234445 3.0 3.0
1896 234522 3.0 3.0
1897 234603 3.0 3.0
1898 234679 3.0 3.0
1899 234775 3.0 3.0
1900 234853 3.0 3.0
1901 234924 3.0 3.0
1902 235016 3.0 3.0
1903 235094 3.0 3.0
1904 235240 3.0 3.0
1905 235318 3.0 3.0
1906 235388 3.0 3.0
1907 235498 3.0 3.0
1908 235594 3.0 3.0
1909 235685 3.0 3.0
1910 235767 3.0 3.0
1911 235859 3.0 3.0
1912 235975 3.0 3.0
1913 236048 3.0 3.0
1914 236142 3.0 3.0
1915 236236 3.0 3.0
1916 236329 3.0 3.0
1917 236420 3.0 3.0
1918 236533 3.0 3.0
1919 236672 3.0 3.0
1920 236748 3.0 3.0
1921 236825 3.0 3.0
1922 236950 3.0 3.0
1923 237022 3.0 3.0
1924 237105 3.0 3.0
1925 237195 3.0 3.0
1926 237273 3.0 3.0
1927 237372 3.0 3.0
1928 237472 3.0 3.0
1929 237577 3.0 3.0
1930 237685 3.0 3.0
1931 237790 3.0 3.0
1932 237890 3.0 3.0
1933 238013 3.0 3.0
1934 238094 3.0 3.0
1935 238169 3.0 3.0
1936 238274 3.0 3.0
1937 238399 3.0 3.0
1938 238501 3.0 3.0
1939 238586 3.0 3.0
1940 238705 3.0 3.0
1941 238807 3.0 3.0
1942 238889 3.0 3.0
1943 238987 3.0 3.0
1944 239045 3.0 3.0
1945 239154 3.0 3.0
1946 239274 3.0 3.0
1947 239384 3.0 3.0
1948 239459 3.0 3.0
1949 239565 3.0 3.0
1950 239656 3.0 3.0
1951 239766 3.0 3.0
1952 239918 3.0 3.0
1953 239989 3.0 3.0
1954 240078 3.0 3.0
1955 240179 3.0 3.0
1956 240267 3.0 3.0
1957 240352 3.0 3.0
1958 240426 3.0 3.0
1959 240514 3.0 3.0
1960 240632 3.0 3.0
1961 240752 3.0 3.0
1962 240834 3.0 3.0
1963 240892 3.0 3.0
1964 240977 3.0 3.0
1965 241081 3.0 3.0
1966 241153 3.0 3.0
1967 241234 3.0 3.0
1968 241333 3.0 3.0
1969 241439 3.0 3.0
1970 241507 3.0 3.0
1971 241579 3.0 3.0
1972 241698 3.0 3.0
1973 241770 3.0 3.0
1974 241860 3.0 3.0
1975 241977 3.0 3.0
1976 242074 3.0 3.0
1977 242176 3.0 3.0
1978 242253 3.0 3.0
1979 242327 3.0 3.0
1980 242436 3.0 3.0
1981 242540 3.0 3.0
1982 242634 3.0 3.0
1983 242709 3.0 3.0
1984 242768 3.0 3.0
1985 242862 3.0 3.0
1986 242920 3.0 3.0
1987 243016 3.0 3.0
1988 243095 3.0 3.0
1989 243179 3.0 3.0
1990 243282 3.0 3.0
1991 243381 3.0 3.0
1992 243480 3.0 3.0
1993 243573 3.0 3.0
1994 243687 3.0 3.0
1995 243766 3.0 3.0
1996 243856 3.0 3.0
1997 243921 3.0 3.0
1998 244060 3.0 3.0
1999 244147 3.0 3.0
2000 244244 3.0 3.0
2001 244326 3.0 3.0
2002 244477 3.0 3.0
2003 244550 3.0 3.0
2004 244635 3.0 3.0
2005 244720 3.0 3.0
2006 244792 3.0 3.0
2007 244892 3.0 3.0
2008 245003 3.0 3.0
2009 245098 3.0 3.0
2010 245177 3.0 3.0
2011 245310 3.0 3.0
2012 245415 3.0 3.0
2013 245558 3.0 3.0
2014 245650 3.0 3.0
2015 245755 3.0 3.0
2016 245839 3.0 3.0
2017 245932 3.0 3.0
2018 246033 3.0 3.0
2019 246097 3.0 3.0
2020 246196 3.0 3.0
2021 246290 3.0 3.0
2022 246375 3.0 3.0
2023 246455 3.0 3.0
2024 246549 3.0 3.0
2025 246634 3.0 3.0
2026 246722 3.0 3.0
2027 246793 3.0 3.0
2028 246996 3.0 3.0
2029 247122 3.0 3.0
2030 247214 3.0 3.0
2031 247289 3.0 3.0
2032 247392 3.0 3.0
2033 247460 3.0 3.0
2034 247574 3.0 3.0
2035 247637 3.0 3.0
2036 247748 3.0 3.0
2037 247829 3.0 3.0
2038 247929 3.0 3.0
2039 248002 3.0 3.0
2040 248088 3.0 3.0
2041 248182 3.0 3.0
2042 248285 3.0 3.0
2043 248371 3.0 3.0
2044 248444 3.0 3.0
2045 248535 3.0 3.0
2046 248632 3.0 3.0
2047 248707 3.0 3.0
2048 248812 3.0 3.0
2049 248879 3.0 3.0
2050 248968 3.0 3.0
2051 249045 3.0 3.0
2052 249150 3.0 3.0
2053 249263 3.0 3.0
2054 249358 3.0 3.0
2055 249425 3.0 3.0
2056 249542 3.0 3.0
2057 249610 3.0 3.0
2058 249680 3.0 3.0
2059 249786 3.0 3.0
2060 249884 3.0 3.0
2061 249997 3.0 3.0
2062 250089 3.0 3.0
2063 250160 3.0 3.0
2064 250226 3.0 3.0
2065 250320 3.0 3.0
2066 250410 3.0 3.0
2067 250541 3.0 3.0
2068 250624 3.0 3.0
2069 250697 3.0 3.0
2070 250765 3.0 3.0
2071 250834 3.0 3.0
2072 250918 3.0 3.0
2073 251026 3.0 3.0
2074 251108 3.0 3.0
2075 251184 3.0 3.0
2076 251257 3.0 3.0
2077 251356 3.0 3.0
2078 251496 3.0 3.0
2079 251590 3.0 3.0
2080 251659 3.0 3.0
2081 251743 3.0 3.0
2082 251811 3.0 3.0
2083 251923 3.0 3.0
2084 252063 3.0 3.0
2085 252148 3.0 3.0
2086 252245 3.0 3.0
2087 252319 3.0 3.0
2088 252383 3.0 3.0
2089 252450 3.0 3.0
2090 252523 3.0 3.0
2091 252604 3.0 3.0
2092 252717 3.0 3.0
2093 252791 3.0 3.0
2094 252899 3.0 3.0
2095 252993 3.0 3.0
2096 253096 3.0 3.0
2097 253196 3.0 3.0
2098 253317 3.0 3.0
2099 253391 3.0 3.0
2100 253474 3.0 3.0
2101 253545 3.0 3.0
2102 253599 3.0 3.0
2103 253678 3.0 3.0
2104 253765 3.0 3.0
2105 253882 3.0 3.0
2106 254009 3.0 3.0
2107 254090 3.0 3.0
2108 254168 3.0 3.0
2109 254253 3.0 3.0
2110 254331 3.0 3.0
2111 254415 3.0 3.0
2112 254510 3.0 3.0
2113 254609 3.0 3.0
2114 254673 3.0 3.0
2115 254805 3.0 3.0
2116 254913 3.0 3.0
2117 254977 3.0 3.0
2118 255065 3.0 3.0
2119 255137 3.0 3.0
2120 255225 3.0 3.0
2121 255304 3.0 3.0
2122 255391 3.0 3.0
2123 255495 3.0 3.0
2124 255570 3.0 3.0
2125 255652 3.0 3.0
2126 255744 3.0 3.0
2127 255841 3.0 3.0
2128 255958 3.0 3.0
2129 256046 3.0 3.0
2130 256103 3.0 3.0
2131 256173 3.0 3.0
2132 256248 3.0 3.0
2133 256324 3.0 3.0
2134 256417 3.0 3.0
2135 256488 3.0 3.0
2136 256575 3.0 3.0
2137 256684 3.0 3.0
2138 256747 3.0 3.0
2139 256834 3.0 3.0
2140 256909 3.0 3.0
2141 256990 3.0 3.0
2142 257056 3.0 3.0
2143 257184 3.0 3.0
2144 257266 3.0 3.0
2145 257352 3.0 3.0
2146 257445 3.0 3.0
2147 257536 3.0 3.0
2148 257649 3.0 3.0
2149 257771 3.0 3.0
2150 257844 3.0 3.0
2151 257919 3.0 3.0
2152 258022 3.0 3.0
2153 258090 3.0 3.0
2154 258185 3.0 3.0
2155 258279 3.0 3.0
2156 258385 3.0 3.0
2157 258460 3.0 3.0
2158 258617 3.0 3.0
2159 258693 3.0 3.0
2160 258793 3.0 3.0
2161 258869 3.0 3.0
2162 258960 3.0 3.0
2163 259034 3.0 3.0
2164 259123 3.0 3.0
2165 259219 3.0 3.0
2166 259340 3.0 3.0
2167 259450 3.0 3.0
2168 259534 3.0 3.0
2169 259628 3.0 3.0
2170 259742 3.0 3.0
2171 259841 3.0 3.0
2172 259925 3.0 3.0
2173 260026 3.0 3.0
2174 260103 3.0 3.0
2175 260171 3.0 3.0
2176 260240 3.0 3.0
2177 260344 3.0 3.0
2178 260438 3.0 3.0
2179 260533 3.0 3.0
2180 260600 3.0 3.0
2181 260703 3.0 3.0
2182 260775 3.0 3.0
2183 260847 3.0 3.0
2184 260929 3.0 3.0
2185 261003 3.0 3.0
2186 261088 3.0 3.0
2187 261202 3.0 3.0
2188 261284 3.0 3.0
2189 261414 3.0 3.0
2190 261500 3.0 3.0
2191 261578 3.0 3.0
2192 261649 3.0 3.0
2193 261749 3.0 3.0
2194 261832 3.0 3.0
2195 261910 3.0 3.0
2196 262015 3.0 3.0
2197 262096 3.0 3.0
2198 262171 3.0 3.0
2199 262368 3.0 3.0
2200 262441 3.0 3.0
2201 262558 3.0 3.0
2202 262701 3.0 3.0
2203 262756 3.0 3.0
2204 262840 3.0 3.0
2205 262911 3.0 3.0
2206 263025 3.0 3.0
2207 263098 3.0 3.0
2208 263208 3.0 3.0
2209 263282 3.0 3.0
2210 263431 3.0 3.0
2211 263548 3.0 3.0
2212 263635 3.0 3.0
2213 263775 3.0 3.0
2214 263836 3.0 3.0
2215 263923 3.0 3.0
2216 263999 3.0 3.0
2217 264085 3.0 3.0
2218 264165 3.0 3.0
2219 264350 3.0 3.0
2220 264464 3.0 3.0
2221 264552 3.0 3.0
2222 264685 3.0 3.0
2223 264773 3.0 3.0
2224 264853 3.0 3.0
2225 264956 3.0 3.0
2226 265058 3.0 3.0
2227 265130 3.0 3.0
2228 265215 3.0 3.0
2229 265317 3.0 3.0
2230 265388 3.0 3.0
2231 265483 3.0 3.0
2232 265647 3.0 3.0
2233 265712 3.0 3.0
2234 265809 3.0 3.0
2235 265909 3.0 3.0
2236 266015 3.0 3.0
2237 266104 3.0 3.0
2238 266196 3.0 3.0
2239 266270 3.0 3.0
2240 266413 3.0 3.0
2241 266487 3.0 3.0
2242 266601 3.0 3.0
2243 266691 3.0 3.0
2244 266765 3.0 3.0
2245 266850 3.0 3.0
2246 266934 3.0 3.0
2247 267024 3.0 3.0
2248 267098 3.0 3.0
2249 267207 3.0 3.0
2250 267346 3.0 3.0
2251 267476 3.0 3.0
2252 267573 3.0 3.0
2253 267671 3.0 3.0
2254 267744 3.0 3.0
2255 267829 3.0 3.0
2256 268002 3.0 3.0
2257 268099 3.0 3.0
2258 268194 3.0 3.0
2259 268291 3.0 3.0
2260 268370 3.0 3.0
2261 268453 3.0 3.0
2262 268622 3.0 3.0
2263 268700 3.0 3.0
2264 268811 3.0 3.0
2265 268905 3.0 3.0
2266 269026 3.0 3.0
2267 269123 3.0 3.0
2268 269214 3.0 3.0
2269 269291 3.0 3.0
2270 269406 3.0 3.0
2271 269545 3.0 3.0
2272 269611 3.0 3.0
2273 269675 3.0 3.0
2274 269769 3.0 3.0
2275 269880 3.0 3.0
2276 269948 3.0 3.0
2277 270033 3.0 3.0
2278 270114 3.0 3.0
2279 270305 3.0 3.0
2280 270377 3.0 3.0
2281 270448 3.0 3.0
2282 270527 3.0 3.0
2283 270591 3.0 3.0
2284 270658 3.0 3.0
2285 270762 3.0 3.0
2286 270849 3.0 3.0
2287 270945 3.0 3.0
2288 271074 3.0 3.0
2289 271169 3.0 3.0
2290 271264 3.0 3.0
2291 271446 3.0 3.0
2292 271519 3.0 3.0
2293 271610 3.0 3.0
2294 271687 3.0 3.0
2295 271758 3.0 3.0
2296 271832 3.0 3.0
2297 271925 3.0 3.0
2298 272005 3.0 3.0
2299 272094 3.0 3.0
2300 272163 3.0 3.0
2301 272243 3.0 3.0
2302 272343 3.0 3.0
2303 272430 3.0 3.0
2304 272502 3.0 3.0
2305 272569 3.0 3.0
2306 272654 3.0 3.0
2307 272718 3.0 3.0
2308 272815 3.0 3.0
2309 272909 3.0 3.0
2310 273016 3.0 3.0
2311 273087 3.0 3.0
2312 273163 3.0 3.0
2313 273249 3.0 3.0
2314 273323 3.0 3.0
2315 273426 3.0 3.0
2316 273504 3.0 3.0
2317 273556 3.0 3.0
2318 273632 3.0 3.0
2319 273718 3.0 3.0
2320 273780 3.0 3.0
2321 273849 3.0 3.0
2322 273959 3.0 3.0
2323 274062 3.0 3.0
2324 274176 3.0 3.0
2325 274295 3.0 3.0
2326 274410 3.0 3.0
2327 274487 3.0 3.0
2328 274568 3.0 3.0
2329 274654 3.0 3.0
2330 274793 3.0 3.0
2331 274880 3.0 3.0
2332 274968 3.0 3.0
2333 275053 3.0 3.0
2334 275150 3.0 3.0
2335 275219 3.0 3.0
2336 275305 3.0 3.0
2337 275370 3.0 3.0
2338 275472 3.0 3.0
2339 275545 3.0 3.0
2340 275651 3.0 3.0
2341 275730 3.0 3.0
2342 275802 3.0 3.0
2343 275885 3.0 3.0
2344 275943 3.0 3.0
2345 276071 3.0 3.0
2346 276145 3.0 3.0
2347 276233 3.0 3.0
2348 276303 3.0 3.0
2349 276422 3.0 3.0
2350 276526 3.0 3.0
2351 276606 3.0 3.0
2352 276690 3.0 3.0
2353 276774 3.0 3.0
2354 276875 3.0 3.0
2355 276972 3.0 3.0
2356 277037 3.0 3.0
2357 277100 3.0 3.0
2358 277184 3.0 3.0
2359 277273 3.0 3.0
2360 277364 3.0 3.0
2361 277456 3.0 3.0
2362 277550 3.0 3.0
2363 277656 3.0 3.0
2364 277769 3.0 3.0
2365 277850 3.0 3.0
2366 277930 3.0 3.0
2367 278017 3.0 3.0
2368 278122 3.0 3.0
2369 278190 3.0 3.0
2370 278259 3.0 3.0
2371 278343 3.0 3.0
2372 278421 3.0 3.0
2373 278523 3.0 3.0
2374 278595 3.0 3.0
2375 278690 3.0 3.0
2376 278763 3.0 3.0
2377 278865 3.0 3.0
2378 278949 3.0 3.0
2379 279021 3.0 3.0
2380 279109 3.0 3.0
2381 279177 3.0 3.0
2382 279250 3.0 3.0
2383 279325 3.0 3.0
2384 279413 3.0 3.0
2385 279504 3.0 3.0
2386 279580 3.0 3.0
2387 279703 3.0 3.0
2388 279797 3.0 3.0
2389 279944 3.0 3.0
2390 280033 3.0 3.0
2391 280113 3.0 3.0
2392 280206 3.0 3.0
2393 280273 3.0 3.0
2394 280355 3.0 3.0
2395 280445 3.0 3.0
2396 280554 3.0 3.0
2397 280624 3.0 3.0
2398 280702 3.0 3.0
2399 280777 3.0 3.0
2400 280854 3.0 3.0
2401 280952 3.0 3.0
2402 281020 3.0 3.0
2403 281179 3.0 3.0
2404 281273 3.0 3.0
2405 281376 3.0 3.0
2406 281452 3.0 3.0
2407 281533 3.0 3.0
2408 281661 3.0 3.0
2409 281757 3.0 3.0
2410 281850 3.0 3.0
2411 281923 3.0 3.0
2412 282025 3.0 3.0
2413 282115 3.0 3.0
2414 282206 3.0 3.0
2415 282306 3.0 3.0
2416 282378 3.0 3.0
2417 282492 3.0 3.0
2418 282599 3.0 3.0
2419 282685 3.0 3.0
2420 282756 3.0 3.0
2421 282846 3.0 3.0
2422 282934 3.0 3.0
2423 283032 3.0 3.0
2424 283116 3.0 3.0
2425 283193 3.0 3.0
2426 283275 3.0 3.0
2427 283362 3.0 3.0
2428 283446 3.0 3.0
2429 283523 3.0 3.0
2430 283634 3.0 3.0
2431 283735 3.0 3.0
2432 283828 3.0 3.0
2433 283901 3.0 3.0
2434 283979 3.0 3.0
2435 284072 3.0 3.0
2436 284164 3.0 3.0
2437 284236 3.0 3.0
2438 284322 3.0 3.0
2439 284398 3.0 3.0
2440 284479 3.0 3.0
2441 284578 3.0 3.0
2442 284654 3.0 3.0
2443 284738 3.0 3.0
2444 284846 3.0 3.0
2445 284933 3.0 3.0
2446 285009 3.0 3.0
2447 285082 3.0 3.0
2448 285147 3.0 3.0
2449 285227 3.0 3.0
2450 285289 3.0 3.0
2451 285376 3.0 3.0
2452 285459 3.0 3.0
2453 285543 3.0 3.0
2454 285616 3.0 3.0
2455 285687 3.0 3.0
2456 285774 3.0 3.0
2457 285856 3.0 3.0
2458 285954 3.0 3.0
2459 286026 3.0 3.0
2460 286150 3.0 3.0
2461 286226 3.0 3.0
2462 286315 3.0 3.0
2463 286397 3.0 3.0
2464 286481 3.0 3.0
2465 286621 3.0 3.0
2466 286710 3.0 3.0
2467 286779 3.0 3.0
2468 286906 3.0 3.0
2469 286995 3.0 3.0
2470 287098 3.0 3.0
2471 287194 3.0 3.0
2472 287264 3.0 3.0
2473 287364 3.0 3.0
2474 287467 3.0 3.0
2475 287538 3.0 3.0
2476 287629 3.0 3.0
2477 287717 3.0 3.0
2478 287822 3.0 3.0
2479 287896 3.0 3.0
2480 287951 3.0 3.0
2481 288042 3.0 3.0
2482 288105 3.0 3.0
2483 288217 3.0 3.0
2484 288315 3.0 3.0
2485 288401 3.0 3.0
2486 288473 3.0 3.0
2487 288555 3.0 3.0
2488 288635 3.0 3.0
2489 288702 3.0 3.0
2490 288784 3.0 3.0
2491 288913 3.0 3.0
2492 288990 3.0 3.0
2493 289085 3.0 3.0
2494 289164 3.0 3.0
2495 289288 3.0 3.0
2496 289351 3.0 3.0
2497 289421 3.0 3.0
2498 289533 3.0 3.0
2499 289658 3.0 3.0
2500 289803 3.0 3.0
2501 289874 3.0 3.0
2502 289957 3.0 3.0
2503 290026 3.0 3.0
2504 290162 3.0 3.0
2505 290305 3.0 3.0
2506 290382 3.0 3.0
2507 290457 3.0 3.0
2508 290549 3.0 3.0
2509 290676 3.0 3.0
2510 290758 3.0 3.0
2511 290834 3.0 3.0
2512 290904 3.0 3.0
2513 290992 3.0 3.0
2514 291066 3.0 3.0
2515 291226 3.0 3.0
2516 291304 3.0 3.0
2517 291410 3.0 3.0
2518 291480 3.0 3.0
2519 291570 3.0 3.0
2520 291653 3.0 3.0
2521 291753 3.0 3.0
2522 291831 3.0 3.0
2523 291949 3.0 3.0
2524 292093 3.0 3.0
2525 292165 3.0 3.0
2526 292268 3.0 3.0
2527 292332 3.0 3.0
2528 292426 3.0 3.0
2529 292544 3.0 3.0
2530 292605 3.0 3.0
2531 292675 3.0 3.0
2532 292773 3.0 3.0
2533 292849 3.0 3.0
2534 292929 3.0 3.0
2535 293005 3.0 3.0
2536 293086 3.0 3.0
2537 293283 3.0 3.0
2538 293376 3.0 3.0
2539 293467 3.0 3.0
2540 293647 3.0 3.0
2541 293742 3.0 3.0
2542 293830 3.0 3.0
2543 293906 3.0 3.0
2544 294011 3.0 3.0
2545 294083 3.0 3.0
2546 294168 3.0 3.0
2547 294235 3.0 3.0
2548 294329 3.0 3.0
2549 294448 3.0 3.0
2550 294531 3.0 3.0
2551 294628 3.0 3.0
2552 294702 3.0 3.0
2553 294802 3.0 3.0
2554 294921 3.0 3.0
2555 295012 3.0 3.0
2556 295099 3.0 3.0
2557 295228 3.0 3.0
2558 295359 3.0 3.0
2559 295432 3.0 3.0
2560 295556 3.0 3.0
2561 295650 3.0 3.0
2562 295727 3.0 3.0
2563 295802 3.0 3.0
2564 295899 3.0 3.0
2565 295981 3.0 3.0
2566 296056 3.0 3.0
2567 296206 3.0 3.0
2568 296318 3.0 3.0
2569 296422 3.0 3.0
2570 296499 3.0 3.0
2571 296571 3.0 3.0
2572 296665 3.0 3.0
2573 296718 3.0 3.0
2574 296831 3.0 3.0
2575 297003 3.0 3.0
2576 297092 3.0 3.0
2577 297228 3.0 3.0
2578 297301 3.0 3.0
2579 297363 3.0 3.0
2580 297436 3.0 3.0
2581 297502 3.0 3.0
2582 297590 3.0 3.0
2583 297682 3.0 3.0
2584 297754 3.0 3.0
2585 297894 3.0 3.0
2586 297967 3.0 3.0
2587 298061 3.0 3.0
2588 298141 3.0 3.0
2589 298289 3.0 3.0
2590 298378 3.0 3.0
2591 298472 3.0 3.0
2592 298550 3.0 3.0
2593 298642 3.0 3.0
2594 298725 3.0 3.0
2595 298802 3.0 3.0
2596 298894 3.0 3.0
2597 299000 3.0 3.0
2598 299081 3.0 3.0
2599 299179 3.0 3.0
2600 299312 3.0 3.0
2601 299398 3.0 3.0
2602 299498 3.0 3.0
2603 299597 3.0 3.0
2604 299675 3.0 3.0
2605 299798 3.0 3.0
2606 299885 3.0 3.0
2607 299960 3.0 3.0
2608 300043 3.0 3.0
2609 300155 3.0 3.0
2610 300263 3.0 3.0
2611 300325 3.0 3.0
2612 300462 3.0 3.0
2613 300572 3.0 3.0
2614 300682 3.0 3.0
2615 300766 3.0 3.0
2616 300851 3.0 3.0
2617 300979 3.0 3.0
2618 301044 3.0 3.0
2619 301117 3.0 3.0
2620 301185 3.0 3.0
2621 301249 3.0 3.0
2622 301358 3.0 3.0
2623 301461 3.0 3.0
2624 301541 3.0 3.0
2625 301636 3.0 3.0
2626 301714 3.0 3.0
2627 301791 3.0 3.0
2628 301859 3.0 3.0
2629 301938 3.0 3.0
2630 302019 3.0 3.0
2631 302093 3.0 3.0
2632 302200 3.0 3.0
2633 302297 3.0 3.0
2634 302381 3.0 3.0
2635 302469 3.0 3.0
2636 302534 3.0 3.0
2637 302628 3.0 3.0
2638 302748 3.0 3.0
2639 302855 3.0 3.0
2640 302935 3.0 3.0
2641 303012 3.0 3.0
2642 303087 3.0 3.0
2643 303180 3.0 3.0
2644 303255 3.0 3.0
2645 303318 3.0 3.0
2646 303417 3.0 3.0
2647 303539 3.0 3.0
2648 303604 3.0 3.0
2649 303680 3.0 3.0
2650 303735 3.0 3.0
2651 303835 3.0 3.0
2652 303905 3.0 3.0
2653 304011 3.0 3.0
2654 304102 3.0 3.0
2655 304196 3.0 3.0
2656 304267 3.0 3.0
2657 304359 3.0 3.0
2658 304441 3.0 3.0
2659 304562 3.0 3.0
2660 304667 3.0 3.0
2661 304737 3.0 3.0
2662 304828 3.0 3.0
2663 304914 3.0 3.0
2664 304996 3.0 3.0
2665 305082 3.0 3.0
2666 305226 3.0 3.0
2667 305305 3.0 3.0
2668 305378 3.0 3.0
2669 305445 3.0 3.0
2670 305529 3.0 3.0
2671 305610 3.0 3.0
2672 305683 3.0 3.0
2673 305795 3.0 3.0
2674 305880 3.0 3.0
2675 305962 3.0 3.0
2676 306046 3.0 3.0
2677 306149 3.0 3.0
2678 306244 3.0 3.0
2679 306334 3.0 3.0
2680 306418 3.0 3.0
2681 306492 3.0 3.0
2682 306569 3.0 3.0
2683 306653 3.0 3.0
2684 306761 3.0 3.0
2685 306827 3.0 3.0
2686 306933 3.0 3.0
2687 307050 3.0 3.0
2688 307145 3.0 3.0
2689 307223 3.0 3.0
2690 307288 3.0 3.0
2691 307408 3.0 3.0
2692 307475 3.0 3.0
2693 307561 3.0 3.0
2694 307666 3.0 3.0
2695 307774 3.0 3.0
2696 307864 3.0 3.0
2697 307959 3.0 3.0
2698 308052 3.0 3.0
2699 308129 3.0 3.0
2700 308212 3.0 3.0
2701 308287 3.0 3.0
2702 308368 3.0 3.0
2703 308436 3.0 3.0
2704 308557 3.0 3.0
2705 308651 3.0 3.0
2706 308722 3.0 3.0
2707 308822 3.0 3.0
2708 308909 3.0 3.0
2709 308976 3.0 3.0
2710 309059 3.0 3.0
2711 309139 3.0 3.0
2712 309224 3.0 3.0
2713 309321 3.0 3.0
2714 309397 3.0 3.0
2715 309478 3.0 3.0
2716 309576 3.0 3.0
2717 309644 3.0 3.0
2718 309714 3.0 3.0
2719 309795 3.0 3.0
2720 309876 3.0 3.0
2721 309957 3.0 3.0
2722 310140 3.0 3.0
2723 310213 3.0 3.0
2724 310308 3.0 3.0
2725 310384 3.0 3.0
2726 310464 3.0 3.0
2727 310542 3.0 3.0
2728 310637 3.0 3.0
2729 310705 3.0 3.0
2730 310777 3.0 3.0
2731 310896 3.0 3.0
2732 310964 3.0 3.0
2733 311043 3.0 3.0
2734 311137 3.0 3.0
2735 311231 3.0 3.0
2736 311315 3.0 3.0
2737 311416 3.0 3.0
2738 311484 3.0 3.0
2739 311551 3.0 3.0
2740 311660 3.0 3.0
2741 311742 3.0 3.0
2742 311840 3.0 3.0
2743 311920 3.0 3.0
2744 312052 3.0 3.0
2745 312157 3.0 3.0
2746 312263 3.0 3.0
2747 312328 3.0 3.0
2748 312461 3.0 3.0
2749 312535 3.0 3.0
2750 312622 3.0 3.0
2751 312723 3.0 3.0
2752 312842 3.0 3.0
2753 312930 3.0 3.0
2754 313016 3.0 3.0
2755 313092 3.0 3.0
2756 313152 3.0 3.0
2757 313230 3.0 3.0
2758 313303 3.0 3.0
2759 313374 3.0 3.0
2760 313468 3.0 3.0
2761 313543 3.0 3.0
2762 313611 3.0 3.0
2763 313678 3.0 3.0
2764 313766 3.0 3.0
2765 313871 3.0 3.0
2766 313965 3.0 3.0
2767 314068 3.0 3.0
2768 314156 3.0 3.0
2769 314241 3.0 3.0
2770 314368 3.0 3.0
2771 314490 3.0 3.0
2772 314591 3.0 3.0
2773 314668 3.0 3.0
2774 314747 3.0 3.0
2775 314833 3.0 3.0
2776 314895 3.0 3.0
2777 314997 3.0 3.0
2778 315092 3.0 3.0
2779 315192 3.0 3.0
2780 315283 3.0 3.0
2781 315382 3.0 3.0
2782 315462 3.0 3.0
2783 315517 3.0 3.0
2784 315635 3.0 3.0
2785 315698 3.0 3.0
2786 315778 3.0 3.0
2787 315854 3.0 3.0
2788 315939 3.0 3.0
2789 316024 3.0 3.0
2790 316100 3.0 3.0
2791 316187 3.0 3.0
2792 316258 3.0 3.0
2793 316364 3.0 3.0
2794 316453 3.0 3.0
2795 316558 3.0 3.0
2796 316633 3.0 3.0
2797 316720 3.0 3.0
2798 316791 3.0 3.0
2799 316882 3.0 3.0
2800 316955 3.0 3.0
2801 317050 3.0 3.0
2802 317157 3.0 3.0
2803 317246 3.0 3.0
2804 317324 3.0 3.0
2805 317403 3.0 3.0
2806 317499 3.0 3.0
2807 317578 3.0 3.0
2808 317671 3.0 3.0
2809 317719 3.0 3.0
2810 317788 3.0 3.0
2811 317868 3.0 3.0
2812 317941 3.0 3.0
2813 318028 3.0 3.0
2814 318128 3.0 3.0
2815 318196 3.0 3.0
2816 318285 3.0 3.0
2817 318356 3.0 3.0
2818 318460 3.0 3.0
2819 318570 3.0 3.0
2820 318664 3.0 3.0
2821 318752 3.0 3.0
2822 318857 3.0 3.0
2823 318942 3.0 3.0
2824 319018 3.0 3.0
2825 319081 3.0 3.0
2826 319164 3.0 3.0
2827 319262 3.0 3.0
2828 319321 3.0 3.0
2829 319397 3.0 3.0
2830 319588 3.0 3.0
2831 319652 3.0 3.0
2832 319728 3.0 3.0
2833 319830 3.0 3.0
2834 319921 3.0 3.0
2835 320007 3.0 3.0
2836 320102 3.0 3.0
2837 320202 3.0 3.0
2838 320311 3.0 3.0
2839 320388 3.0 3.0
2840 320476 3.0 3.0
2841 320549 3.0 3.0
2842 320630 3.0 3.0
2843 320709 3.0 3.0
2844 320786 3.0 3.0
2845 320880 3.0 3.0
2846 320981 3.0 3.0
2847 321052 3.0 3.0
2848 321129 3.0 3.0
2849 321221 3.0 3.0
2850 321328 3.0 3.0
2851 321425 3.0 3.0
2852 321516 3.0 3.0
2853 321590 3.0 3.0
2854 321708 3.0 3.0
2855 321821 3.0 3.0
2856 321913 3.0 3.0
2857 322005 3.0 3.0
2858 322069 3.0 3.0
2859 322177 3.0 3.0
2860 322246 3.0 3.0
2861 322340 3.0 3.0
2862 322456 3.0 3.0
2863 322577 3.0 3.0
2864 322657 3.0 3.0
2865 322746 3.0 3.0
2866 322801 3.0 3.0
2867 322920 3.0 3.0
2868 322985 3.0 3.0
2869 323094 3.0 3.0
2870 323202 3.0 3.0
2871 323270 3.0 3.0
2872 323418 3.0 3.0
2873 323542 3.0 3.0
2874 323646 3.0 3.0
2875 323765 3.0 3.0
2876 323834 3.0 3.0
2877 323934 3.0 3.0
2878 324024 3.0 3.0
2879 324124 3.0 3.0
2880 324192 3.0 3.0
2881 324281 3.0 3.0
2882 324349 3.0 3.0
2883 324442 3.0 3.0
2884 324527 3.0 3.0
2885 324627 3.0 3.0
2886 324684 3.0 3.0
2887 324784 3.0 3.0
2888 324869 3.0 3.0
2889 324958 3.0 3.0
2890 325056 3.0 3.0
2891 325151 3.0 3.0
2892 325230 3.0 3.0
2893 325297 3.0 3.0
2894 325445 3.0 3.0
2895 325515 3.0 3.0
2896 325599 3.0 3.0
2897 325672 3.0 3.0
2898 325773 3.0 3.0
2899 325871 3.0 3.0
2900 325953 3.0 3.0
2901 326020 3.0 3.0
2902 326087 3.0 3.0
2903 326220 3.0 3.0
2904 326290 3.0 3.0
2905 326369 3.0 3.0
2906 326460 3.0 3.0
2907 326563 3.0 3.0
2908 326633 3.0 3.0
2909 326730 3.0 3.0
2910 326852 3.0 3.0
2911 326921 3.0 3.0
2912 327000 3.0 3.0
2913 327082 3.0 3.0
2914 327165 3.0 3.0
2915 327321 3.0 3.0
2916 327399 3.0 3.0
2917 327465 3.0 3.0
2918 327540 3.0 3.0
2919 327621 3.0 3.0
2920 327707 3.0 3.0
2921 327869 3.0 3.0
2922 327945 3.0 3.0
2923 328055 3.0 3.0
2924 328141 3.0 3.0
2925 328236 3.0 3.0
2926 328313 3.0 3.0
2927 328404 3.0 3.0
2928 328486 3.0 3.0
2929 328574 3.0 3.0
2930 328647 3.0 3.0
2931 328725 3.0 3.0
2932 328791 3.0 3.0
2933 328874 3.0 3.0
2934 328947 3.0 3.0
2935 329031 3.0 3.0
2936 329098 3.0 3.0
2937 329176 3.0 3.0
2938 329242 3.0 3.0
2939 329322 3.0 3.0
2940 329402 3.0 3.0
2941 329487 3.0 3.0
2942 329618 3.0 3.0
2943 329696 3.0 3.0
2944 329815 3.0 3.0
2945 329905 3.0 3.0
2946 329974 3.0 3.0
2947 330050 3.0 3.0
2948 330140 3.0 3.0
2949 330226 3.0 3.0
2950 330353 3.0 3.0
2951 330436 3.0 3.0
2952 330512 3.0 3.0
2953 330596 3.0 3.0
2954 330664 3.0 3.0
2955 330741 3.0 3.0
2956 330849 3.0 3.0
2957 330942 3.0 3.0
2958 331015 3.0 3.0
2959 331104 3.0 3.0
2960 331176 3.0 3.0
2961 331251 3.0 3.0
2962 331341 3.0 3.0
2963 331439 3.0 3.0
2964 331528 3.0 3.0
2965 331612 3.0 3.0
2966 331703 3.0 3.0
2967 331789 3.0 3.0
2968 331880 3.0 3.0
2969 331955 3.0 3.0
2970 332052 3.0 3.0
2971 332162 3.0 3.0
2972 332226 3.0 3.0
2973 332305 3.0 3.0
2974 332367 3.0 3.0
2975 332484 3.0 3.0
2976 332552 3.0 3.0
2977 332624 3.0 3.0
2978 332700 3.0 3.0
2979 332776 3.0 3.0
2980 332839 3.0 3.0
2981 332913 3.0 3.0
2982 332996 3.0 3.0
2983 333089 3.0 3.0
2984 333175 3.0 3.0
2985 333242 3.0 3.0
2986 333328 3.0 3.0
2987 333412 3.0 3.0
2988 333541 3.0 3.0
2989 333620 3.0 3.0
2990 333674 3.0 3.0
2991 333746 3.0 3.0
2992 333813 3.0 3.0
2993 333881 3.0 3.0
2994 333970 3.0 3.0
2995 334057 3.0 3.0
2996 334116 3.0 3.0
2997 334229 3.0 3.0
2998 334312 3.0 3.0
2999 334404 3.0 3.0
3000 334515 3.0 3.0
3001 334588 3.0 3.0
3002 334659 3.0 3.0
3003 334733 3.0 3.0
3004 334834 3.0 3.0
3005 334905 3.0 3.0
3006 334971 3.0 3.0
3007 335054 3.0 3.0
3008 335118 3.0 3.0
3009 335214 3.0 3.0
3010 335289 3.0 3.0
3011 335449 3.0 3.0
3012 335530 3.0 3.0
3013 335612 3.0 3.0
3014 335712 3.0 3.0
3015 335801 3.0 3.0
3016 335938 3.0 3.0
3017 336037 3.0 3.0
3018 336124 3.0 3.0
3019 336224 3.0 3.0
3020 336297 3.0 3.0
3021 336365 3.0 3.0
3022 336435 3.0 3.0
3023 336511 3.0 3.0
3024 336613 3.0 3.0
3025 336685 3.0 3.0
3026 336765 3.0 3.0
3027 336862 3.0 3.0
3028 336951 3.0 3.0
3029 337045 3.0 3.0
3030 337144 3.0 3.0
3031 337229 3.0 3.0
3032 337322 3.0 3.0
3033 337398 3.0 3.0
3034 337464 3.0 3.0
3035 337543 3.0 3.0
3036 337649 3.0 3.0
3037 337739 3.0 3.0
3038 337818 3.0 3.0
3039 337897 3.0 3.0
3040 337980 3.0 3.0
3041 338077 3.0 3.0
3042 338146 3.0 3.0
3043 338423 3.0 3.0
3044 338496 3.0 3.0
3045 338581 3.0 3.0
3046 338677 3.0 3.0
3047 338749 3.0 3.0
3048 338823 3.0 3.0
3049 338907 3.0 3.0
3050 339020 3.0 3.0
3051 339120 3.0 3.0
3052 339173 3.0 3.0
3053 339249 3.0 3.0
3054 339340 3.0 3.0
3055 339432 3.0 3.0
3056 339497 3.0 3.0
3057 339601 3.0 3.0
3058 339689 3.0 3.0
3059 339770 3.0 3.0
3060 339844 3.0 3.0
3061 339927 3.0 3.0
3062 340027 3.0 3.0
3063 340120 3.0 3.0
3064 340191 3.0 3.0
3065 340258 3.0 3.0
3066 340342 3.0 3.0
3067 340443 3.0 3.0
3068 340511 3.0 3.0
3069 340612 3.0 3.0
3070 340701 3.0 3.0
3071 340830 3.0 3.0
3072 340901 3.0 3.0
3073 340965 3.0 3.0
3074 341049 3.0 3.0
3075 341155 3.0 3.0
3076 341246 3.0 3.0
3077 341322 3.0 3.0
3078 341391 3.0 3.0
3079 341467 3.0 3.0
3080 341563 3.0 3.0
3081 341668 3.0 3.0
3082 341740 3.0 3.0
3083 341823 3.0 3.0
3084 341898 3.0 3.0
3085 341968 3.0 3.0
3086 342047 3.0 3.0
3087 342132 3.0 3.0
3088 342254 3.0 3.0
3089 342354 3.0 3.0
3090 342434 3.0 3.0
3091 342515 3.0 3.0
3092 342588 3.0 3.0
3093 342643 3.0 3.0
3094 342729 3.0 3.0
3095 342810 3.0 3.0
3096 342903 3.0 3.0
3097 342986 3.0 3.0
3098 343104 3.0 3.0
3099 343192 3.0 3.0
3100 343284 3.0 3.0
3101 343379 3.0 3.0
3102 343440 3.0 3.0
3103 343534 3.0 3.0
3104 343683 3.0 3.0
3105 343766 3.0 3.0
3106 343826 3.0 3.0
3107 343950 3.0 3.0
3108 344142 3.0 3.0
3109 344223 3.0 3.0
3110 344291 3.0 3.0
3111 344428 3.0 3.0
3112 344522 3.0 3.0
3113 344614 3.0 3.0
3114 344702 3.0 3.0
3115 344787 3.0 3.0
3116 344856 3.0 3.0
3117 344953 3.0 3.0
3118 345028 3.0 3.0
3119 345111 3.0 3.0
3120 345193 3.0 3.0
3121 345271 3.0 3.0
3122 345353 3.0 3.0
3123 345416 3.0 3.0
3124 345498 3.0 3.0
3125 345582 3.0 3.0
3126 345658 3.0 3.0
3127 345742 3.0 3.0
3128 345823 3.0 3.0
3129 345938 3.0 3.0
3130 346029 3.0 3.0
3131 346118 3.0 3.0
3132 346199 3.0 3.0
3133 346275 3.0 3.0
3134 346397 3.0 3.0
3135 346468 3.0 3.0
3136 346551 3.0 3.0
3137 346621 3.0 3.0
3138 346683 3.0 3.0
3139 346766 3.0 3.0
3140 346831 3.0 3.0
3141 346944 3.0 3.0
3142 347066 3.0 3.0
3143 347139 3.0 3.0
3144 347199 3.0 3.0
3145 347268 3.0 3.0
3146 347347 3.0 3.0
3147 347407 3.0 3.0
3148 347474 3.0 3.0
3149 347590 3.0 3.0
3150 347659 3.0 3.0
3151 347752 3.0 3.0
3152 347850 3.0 3.0
3153 347946 3.0 3.0
3154 348066 3.0 3.0
3155 348131 3.0 3.0
3156 348211 3.0 3.0
3157 348302 3.0 3.0
3158 348380 3.0 3.0
3159 348446 3.0 3.0
3160 348533 3.0 3.0
3161 348615 3.0 3.0
3162 348691 3.0 3.0
3163 348786 3.0 3.0
3164 348872 3.0 3.0
3165 348943 3.0 3.0
3166 349017 3.0 3.0
3167 349087 3.0 3.0
3168 349160 3.0 3.0
3169 349239 3.0 3.0
3170 349346 3.0 3.0
3171 349412 3.0 3.0
3172 349488 3.0 3.0
3173 349578 3.0 3.0
3174 349657 3.0 3.0
3175 349737 3.0 3.0
3176 349831 3.0 3.0
3177 349947 3.0 3.0
3178 350021 3.0 3.0
3179 350090 3.0 3.0
3180 350166 3.0 3.0
3181 350241 3.0 3.0
3182 350310 3.0 3.0
3183 350386 3.0 3.0
3184 350482 3.0 3.0
3185 350566 3.0 3.0
3186 350642 3.0 3.0
3187 350718 3.0 3.0
3188 350832 3.0 3.0
3189 350926 3.0 3.0
3190 350993 3.0 3.0
3191 351072 3.0 3.0
3192 351148 3.0 3.0
3193 351236 3.0 3.0
3194 351369 3.0 3.0
3195 351455 3.0 3.0
3196 351554 3.0 3.0
3197 351627 3.0 3.0
3198 351760 3.0 3.0
3199 351854 3.0 3.0
3200 351923 3.0 3.0
3201 352042 3.0 3.0
3202 352127 3.0 3.0
3203 352193 3.0 3.0
3204 352272 3.0 3.0
3205 352357 3.0 3.0
3206 352447 3.0 3.0
3207 352532 3.0 3.0
3208 352635 3.0 3.0
3209 352720 3.0 3.0
3210 352808 3.0 3.0
3211 352897 3.0 3.0
3212 352973 3.0 3.0
3213 353037 3.0 3.0
3214 353116 3.0 3.0
3215 353211 3.0 3.0
3216 353280 3.0 3.0
3217 353376 3.0 3.0
3218 353444 3.0 3.0
3219 353510 3.0 3.0
3220 353582 3.0 3.0
3221 353681 3.0 3.0
3222 353756 3.0 3.0
3223 353857 3.0 3.0
3224 353944 3.0 3.0
3225 354023 3.0 3.0
3226 354133 3.0 3.0
3227 354256 3.0 3.0
3228 354324 3.0 3.0
3229 354440 3.0 3.0
3230 354522 3.0 3.0
3231 354631 3.0 3.0
3232 354717 3.0 3.0
3233 354782 3.0 3.0
3234 354887 3.0 3.0
3235 354961 3.0 3.0
3236 355032 3.0 3.0
3237 355108 3.0 3.0
3238 355265 3.0 3.0
3239 355339 3.0 3.0
3240 355436 3.0 3.0
3241 355525 3.0 3.0
3242 355616 3.0 3.0
3243 355690 3.0 3.0
3244 355789 3.0 3.0
3245 355856 3.0 3.0
3246 355924 3.0 3.0
3247 356016 3.0 3.0
3248 356096 3.0 3.0
3249 356184 3.0 3.0
3250 356260 3.0 3.0
3251 356345 3.0 3.0
3252 356413 3.0 3.0
3253 356490 3.0 3.0
3254 356566 3.0 3.0
3255 356667 3.0 3.0
3256 356769 3.0 3.0
3257 356837 3.0 3.0
3258 356933 3.0 3.0
3259 357003 3.0 3.0
3260 357078 3.0 3.0
3261 357166 3.0 3.0
3262 357248 3.0 3.0
3263 357335 3.0 3.0
3264 357441 3.0 3.0
3265 357513 3.0 3.0
3266 357602 3.0 3.0
3267 357676 3.0 3.0
3268 357744 3.0 3.0
3269 357820 3.0 3.0
3270 357954 3.0 3.0
3271 358053 3.0 3.0
3272 358130 3.0 3.0
3273 358220 3.0 3.0
3274 358353 3.0 3.0
3275 358428 3.0 3.0
3276 358518 3.0 3.0
3277 358585 3.0 3.0
3278 358666 3.0 3.0
3279 358733 3.0 3.0
3280 358822 3.0 3.0
3281 358913 3.0 3.0
3282 358986 3.0 3.0
3283 359075 3.0 3.0
3284 359137 3.0 3.0
3285 359206 3.0 3.0
3286 359281 3.0 3.0
3287 359408 3.0 3.0
3288 359488 3.0 3.0
3289 359568 3.0 3.0
3290 359667 3.0 3.0
3291 359731 3.0 3.0
3292 359822 3.0 3.0
3293 359912 3.0 3.0
3294 359998 3.0 3.0
3295 360085 3.0 3.0
3296 360165 3.0 3.0
3297 360235 3.0 3.0
3298 360306 3.0 3.0
3299 360404 3.0 3.0
3300 360471 3.0 3.0
3301 360566 3.0 3.0
3302 360629 3.0 3.0
3303 360709 3.0 3.0
3304 360786 3.0 3.0
3305 360905 3.0 3.0
3306 361024 3.0 3.0
3307 361091 3.0 3.0
3308 361165 3.0 3.0
3309 361230 3.0 3.0
3310 361307 3.0 3.0
3311 361453 3.0 3.0
3312 361509 3.0 3.0
3313 361596 3.0 3.0
3314 361677 3.0 3.0
3315 361777 3.0 3.0
3316 361837 3.0 3.0
3317 361902 3.0 3.0
3318 361967 3.0 3.0
3319 362033 3.0 3.0
3320 362105 3.0 3.0
3321 362175 3.0 3.0
3322 362298 3.0 3.0
3323 362380 3.0 3.0
3324 362444 3.0 3.0
3325 362528 3.0 3.0
3326 362602 3.0 3.0
3327 362691 3.0 3.0
3328 362771 3.0 3.0
3329 362858 3.0 3.0
3330 362932 3.0 3.0
3331 363022 3.0 3.0
3332 363096 3.0 3.0
3333 363160 3.0 3.0
3334 363232 3.0 3.0
3335 363297 3.0 3.0
3336 363383 3.0 3.0
3337 363457 3.0 3.0
3338 363533 3.0 3.0
3339 363611 3.0 3.0
3340 363690 3.0 3.0
3341 363785 3.0 3.0
3342 363865 3.0 3.0
3343 363937 3.0 3.0
3344 364013 3.0 3.0
3345 364127 3.0 3.0
3346 364206 3.0 3.0
3347 364276 3.0 3.0
3348 364373 3.0 3.0
3349 364458 3.0 3.0
3350 364532 3.0 3.0
3351 364596 3.0 3.0
3352 364661 3.0 3.0
3353 364804 3.0 3.0
3354 364902 3.0 3.0
3355 364980 3.0 3.0
3356 365055 3.0 3.0
3357 365137 3.0 3.0
3358 365208 3.0 3.0
3359 365283 3.0 3.0
3360 365425 3.0 3.0
3361 365518 3.0 3.0
3362 365573 3.0 3.0
3363 365685 3.0 3.0
3364 365768 3.0 3.0
3365 365841 3.0 3.0
3366 365928 3.0 3.0
3367 366019 3.0 3.0
3368 366096 3.0 3.0
3369 366189 3.0 3.0
3370 366280 3.0 3.0
3371 366356 3.0 3.0
3372 366422 3.0 3.0
3373 366506 3.0 3.0
3374 366597 3.0 3.0
3375 366669 3.0 3.0
3376 366745 3.0 3.0
3377 366824 3.0 3.0
3378 366894 3.0 3.0
3379 366955 3.0 3.0
3380 367024 3.0 3.0
3381 367083 3.0 3.0
3382 367160 3.0 3.0
3383 367232 3.0 3.0
3384 367348 3.0 3.0
3385 367430 3.0 3.0
3386 367499 3.0 3.0
3387 367577 3.0 3.0
3388 367677 3.0 3.0
3389 367767 3.0 3.0
3390 367839 3.0 3.0
3391 367915 3.0 3.0
3392 367988 3.0 3.0
3393 368104 3.0 3.0
3394 368191 3.0 3.0
3395 368275 3.0 3.0
3396 368356 3.0 3.0
3397 368438 3.0 3.0
3398 368541 3.0 3.0
3399 368631 3.0 3.0
3400 368709 3.0 3.0
3401 368794 3.0 3.0
3402 368878 3.0 3.0
3403 368948 3.0 3.0
3404 369024 3.0 3.0
3405 369092 3.0 3.0
3406 369148 3.0 3.0
3407 369233 3.0 3.0
3408 369320 3.0 3.0
3409 369384 3.0 3.0
3410 369445 3.0 3.0
3411 369541 3.0 3.0
3412 369663 3.0 3.0
3413 369762 3.0 3.0
3414 369859 3.0 3.0
3415 369943 3.0 3.0
3416 370029 3.0 3.0
3417 370132 3.0 3.0
3418 370193 3.0 3.0
3419 370273 3.0 3.0
3420 370359 3.0 3.0
3421 370443 3.0 3.0
3422 370530 3.0 3.0
3423 370605 3.0 3.0
3424 370691 3.0 3.0
3425 370791 3.0 3.0
3426 370858 3.0 3.0
3427 370946 3.0 3.0
3428 371019 3.0 3.0
3429 371108 3.0 3.0
3430 371188 3.0 3.0
3431 371305 3.0 3.0
3432 371403 3.0 3.0
3433 371481 3.0 3.0
3434 371555 3.0 3.0
3435 371622 3.0 3.0
3436 371698 3.0 3.0
3437 371786 3.0 3.0
3438 371856 3.0 3.0
3439 371966 3.0 3.0
3440 372044 3.0 3.0
3441 372133 3.0 3.0
3442 372210 3.0 3.0
3443 372280 3.0 3.0
3444 372357 3.0 3.0
3445 372435 3.0 3.0
3446 372529 3.0 3.0
3447 372605 3.0 3.0
3448 372676 3.0 3.0
3449 372748 3.0 3.0
3450 372818 3.0 3.0
3451 372892 3.0 3.0
3452 372965 3.0 3.0
3453 373056 3.0 3.0
3454 373132 3.0 3.0
3455 373202 3.0 3.0
3456 373280 3.0 3.0
3457 373347 3.0 3.0
3458 373415 3.0 3.0
3459 373496 3.0 3.0
3460 373575 3.0 3.0
3461 373684 3.0 3.0
3462 373753 3.0 3.0
3463 373859 3.0 3.0
3464 373953 3.0 3.0
3465 374088 3.0 3.0
3466 374173 3.0 3.0
3467 374248 3.0 3.0
3468 374333 3.0 3.0
3469 374393 3.0 3.0
3470 374466 3.0 3.0
3471 374546 3.0 3.0
3472 374640 3.0 3.0
3473 374735 3.0 3.0
3474 374796 3.0 3.0
3475 374879 3.0 3.0
3476 374996 3.0 3.0
3477 375072 3.0 3.0
3478 375149 3.0 3.0
3479 375224 3.0 3.0
3480 375305 3.0 3.0
3481 375370 3.0 3.0
3482 375466 3.0 3.0
3483 375550 3.0 3.0
3484 375612 3.0 3.0
3485 375702 3.0 3.0
3486 375762 3.0 3.0
3487 375854 3.0 3.0
3488 375947 3.0 3.0
3489 376023 3.0 3.0
3490 376082 3.0 3.0
3491 376174 3.0 3.0
3492 376259 3.0 3.0
3493 376336 3.0 3.0
3494 376417 3.0 3.0
3495 376472 3.0 3.0
3496 376557 3.0 3.0
3497 376647 3.0 3.0
3498 376740 3.0 3.0
3499 376816 3.0 3.0
3500 376906 3.0 3.0
3501 376969 3.0 3.0
3502 377047 3.0 3.0
3503 377130 3.0 3.0
3504 377204 3.0 3.0
3505 377282 3.0 3.0
3506 377350 3.0 3.0
3507 377429 3.0 3.0
3508 377502 3.0 3.0
3509 377572 3.0 3.0
3510 377650 3.0 3.0
3511 377752 3.0 3.0
3512 377843 3.0 3.0
3513 377926 3.0 3.0
3514 378007 3.0 3.0
3515 378085 3.0 3.0
3516 378160 3.0 3.0
3517 378220 3.0 3.0
3518 378289 3.0 3.0
3519 378370 3.0 3.0
3520 378439 3.0 3.0
3521 378524 3.0 3.0
3522 378597 3.0 3.0
3523 378675 3.0 3.0
3524 378754 3.0 3.0
3525 378844 3.0 3.0
3526 378936 3.0 3.0
3527 379025 3.0 3.0
3528 379095 3.0 3.0
3529 379179 3.0 3.0
3530 379300 3.0 3.0
3531 379372 3.0 3.0
3532 379436 3.0 3.0
3533 379525 3.0 3.0
3534 379596 3.0 3.0
3535 379673 3.0 3.0
3536 379745 3.0 3.0
3537 379843 3.0 3.0
3538 379930 3.0 3.0
3539 379983 3.0 3.0
3540 380070 3.0 3.0
3541 380154 3.0 3.0
3542 380234 3.0 3.0
3543 380304 3.0 3.0
3544 380388 3.0 3.0
3545 380467 3.0 3.0
3546 380547 3.0 3.0
3547 380636 3.0 3.0
3548 380715 3.0 3.0
3549 380786 3.0 3.0
3550 380905 3.0 3.0
3551 380992 3.0 3.0
3552 381076 3.0 3.0
3553 381175 3.0 3.0
3554 381258 3.0 3.0
3555 381406 3.0 3.0
3556 381492 3.0 3.0
3557 381573 3.0 3.0
3558 381664 3.0 3.0
3559 381767 3.0 3.0
3560 381831 3.0 3.0
3561 381897 3.0 3.0
3562 381980 3.0 3.0
3563 382069 3.0 3.0
3564 382156 3.0 3.0
3565 382214 3.0 3.0
3566 382314 3.0 3.0
3567 382412 3.0 3.0
3568 382497 3.0 3.0
3569 382576 3.0 3.0
3570 382658 3.0 3.0
3571 382759 3.0 3.0
3572 382837 3.0 3.0
3573 382925 3.0 3.0
3574 383001 3.0 3.0
3575 383079 3.0 3.0
3576 383145 3.0 3.0
3577 383203 3.0 3.0
3578 383355 3.0 3.0
3579 383445 3.0 3.0
3580 383506 3.0 3.0
3581 383591 3.0 3.0
3582 383677 3.0 3.0
3583 383745 3.0 3.0
3584 383824 3.0 3.0
3585 383900 3.0 3.0
3586 383974 3.0 3.0
3587 384063 3.0 3.0
3588 384149 3.0 3.0
3589 384229 3.0 3.0
3590 384298 3.0 3.0
3591 384368 3.0 3.0
3592 384431 3.0 3.0
3593 384520 3.0 3.0
3594 384607 3.0 3.0
3595 384672 3.0 3.0
3596 384758 3.0 3.0
3597 384839 3.0 3.0
3598 384926 3.0 3.0
3599 385024 3.0 3.0
3600 385103 3.0 3.0
3601 385162 3.0 3.0
3602 385229 3.0 3.0
3603 385342 3.0 3.0
3604 385443 3.0 3.0
3605 385527 3.0 3.0
3606 385646 3.0 3.0
3607 385715 3.0 3.0
3608 385951 3.0 3.0
3609 386012 3.0 3.0
3610 386089 3.0 3.0
3611 386160 3.0 3.0
3612 386259 3.0 3.0
3613 386326 3.0 3.0
3614 386426 3.0 3.0
3615 386514 3.0 3.0
3616 386607 3.0 3.0
3617 386766 3.0 3.0
3618 386839 3.0 3.0
3619 386919 3.0 3.0
3620 386988 3.0 3.0
3621 387082 3.0 3.0
3622 387179 3.0 3.0
3623 387246 3.0 3.0
3624 387308 3.0 3.0
3625 387399 3.0 3.0
3626 387463 3.0 3.0
3627 387530 3.0 3.0
3628 387597 3.0 3.0
3629 387673 3.0 3.0
3630 387751 3.0 3.0
3631 387818 3.0 3.0
3632 387890 3.0 3.0
3633 387955 3.0 3.0
3634 388028 3.0 3.0
3635 388090 3.0 3.0
3636 388172 3.0 3.0
3637 388249 3.0 3.0
3638 388332 3.0 3.0
3639 388420 3.0 3.0
3640 388525 3.0 3.0
3641 388639 3.0 3.0
3642 388739 3.0 3.0
3643 388828 3.0 3.0
3644 388905 3.0 3.0
3645 388991 3.0 3.0
3646 389081 3.0 3.0
3647 389189 3.0 3.0
3648 389269 3.0 3.0
3649 389372 3.0 3.0
3650 389444 3.0 3.0
3651 389514 3.0 3.0
3652 389605 3.0 3.0
3653 389698 3.0 3.0
3654 389792 3.0 3.0
3655 389902 3.0 3.0
3656 389991 3.0 3.0
3657 390073 3.0 3.0
3658 390143 3.0 3.0
3659 390202 3.0 3.0
3660 390295 3.0 3.0
3661 390371 3.0 3.0
3662 390446 3.0 3.0
3663 390508 3.0 3.0
3664 390621 3.0 3.0
3665 390678 3.0 3.0
3666 390751 3.0 3.0
3667 390830 3.0 3.0
3668 390902 3.0 3.0
3669 390981 3.0 3.0
3670 391078 3.0 3.0
3671 391154 3.0 3.0
3672 391222 3.0 3.0
3673 391342 3.0 3.0
3674 391411 3.0 3.0
3675 391479 3.0 3.0
3676 391576 3.0 3.0
3677 391660 3.0 3.0
3678 391807 3.0 3.0
3679 391898 3.0 3.0
3680 391981 3.0 3.0
3681 392060 3.0 3.0
3682 392142 3.0 3.0
3683 392236 3.0 3.0
3684 392320 3.0 3.0
3685 392394 3.0 3.0
3686 392467 3.0 3.0
3687 392538 3.0 3.0
3688 392605 3.0 3.0
3689 392663 3.0 3.0
3690 392766 3.0 3.0
3691 392872 3.0 3.0
3692 392945 3.0 3.0
3693 393055 3.0 3.0
3694 393135 3.0 3.0
3695 393210 3.0 3.0
3696 393293 3.0 3.0
3697 393373 3.0 3.0
3698 393450 3.0 3.0
3699 393542 3.0 3.0
3700 393615 3.0 3.0
3701 393700 3.0 3.0
3702 393785 3.0 3.0
3703 393871 3.0 3.0
3704 393941 3.0 3.0
3705 394016 3.0 3.0
3706 394118 3.0 3.0
3707 394200 3.0 3.0
3708 394268 3.0 3.0
3709 394350 3.0 3.0
3710 394430 3.0 3.0
3711 394531 3.0 3.0
3712 394613 3.0 3.0
3713 394689 3.0 3.0
3714 394775 3.0 3.0
3715 394856 3.0 3.0
3716 394926 3.0 3.0
3717 394998 3.0 3.0
3718 395064 3.0 3.0
3719 395137 3.0 3.0
3720 395230 3.0 3.0
3721 395286 3.0 3.0
3722 395360 3.0 3.0
3723 395432 3.0 3.0
3724 395543 3.0 3.0
3725 395637 3.0 3.0
3726 395740 3.0 3.0
3727 395827 3.0 3.0
3728 395901 3.0 3.0
3729 395976 3.0 3.0
3730 396095 3.0 3.0
3731 396189 3.0 3.0
3732 396261 3.0 3.0
3733 396353 3.0 3.0
3734 396449 3.0 3.0
3735 396592 3.0 3.0
3736 396677 3.0 3.0
3737 396741 3.0 3.0
3738 396913 3.0 3.0
3739 396974 3.0 3.0
3740 397061 3.0 3.0
3741 397126 3.0 3.0
3742 397222 3.0 3.0
3743 397307 3.0 3.0
3744 397399 3.0 3.0
3745 397483 3.0 3.0
3746 397565 3.0 3.0
3747 397627 3.0 3.0
3748 397701 3.0 3.0
3749 397792 3.0 3.0
3750 397864 3.0 3.0
3751 397938 3.0 3.0
3752 398022 3.0 3.0
3753 398105 3.0 3.0
3754 398185 3.0 3.0
3755 398291 3.0 3.0
3756 398381 3.0 3.0
3757 398436 3.0 3.0
3758 398515 3.0 3.0
3759 398583 3.0 3.0
3760 398673 3.0 3.0
3761 398732 3.0 3.0
3762 398809 3.0 3.0
3763 398889 3.0 3.0
3764 398953 3.0 3.0
3765 399045 3.0 3.0
3766 399136 3.0 3.0
3767 399222 3.0 3.0
3768 399315 3.0 3.0
3769 399402 3.0 3.0
3770 399482 3.0 3.0
3771 399610 3.0 3.0
3772 399665 3.0 3.0
3773 399746 3.0 3.0
3774 399816 3.0 3.0
3775 399915 3.0 3.0
3776 399986 3.0 3.0
3777 400055 3.0 3.0
