1 300 0.0
2 600 0.0
3 900 0.0
4 1200 0.0
5 1500 0.0
6 1800 0.0
7 2100 0.0
8 2400 0.0
9 2700 0.0
10 3000 0.0
11 3300 0.0
12 3600 0.0
13 3900 0.0
14 4200 0.0
15 4500 0.0
16 4800 0.0
17 5100 0.0
18 5400 0.0
19 5700 0.0
20 6000 0.0
21 6300 0.0
22 6600 0.0
23 6900 0.0
24 7200 0.0
25 7500 0.0
26 7800 0.0
27 8100 0.0
28 8400 0.0
29 8700 0.0
30 9000 0.0
31 9300 0.0
32 9600 0.0
33 9900 0.0
34 10200 0.0
35 10500 0.0
36 10800 0.0
37 11100 0.0
38 11400 0.0
39 11700 0.0
40 12000 0.0
41 12300 0.0
42 12600 0.0
43 12900 0.0
44 13200 0.0
45 13500 0.0
46 13800 0.0
47 14100 0.0
48 14400 0.0
49 14700 0.0
50 15000 0.0
51 15300 0.0
52 15600 0.0
53 15900 0.0
54 16200 0.0
55 16500 0.0
56 16800 0.0
57 17100 0.0
58 17400 0.0
59 17700 0.0
60 18000 0.0
61 18300 0.0
62 18600 0.0
63 18900 0.0
64 19200 0.0
65 19500 0.0
66 19800 0.0
67 20100 0.0
68 20400 0.0
69 20700 0.0
70 21000 0.0
71 21300 0.0
72 21600 0.0
73 21900 0.0
74 22200 0.0
75 22500 0.0
76 22800 0.0
77 23100 0.0
78 23400 0.0
79 23700 0.0
80 24000 0.0
81 24300 0.0
82 24600 0.0
83 24900 0.0
84 25200 0.0
85 25500 0.0
86 25800 0.0
87 26100 0.0
88 26400 0.0
89 26700 0.0
90 27000 0.0
91 27300 0.0
92 27600 0.0
93 27900 0.0
94 28200 0.0
95 28500 0.0
96 28800 0.0
97 29100 0.0
98 29400 0.0
99 29700 0.0
100 30000 0.0
101 30300 0.02
102 30600 0.02
103 30900 0.02
104 31200 0.02
105 31500 0.02
106 31800 0.03
107 32100 0.03
108 32400 0.03
109 32700 0.04
110 33000 0.04
111 33300 0.05
112 33600 0.060000000000000005
113 33900 0.060000000000000005
114 34200 0.07
115 34500 0.07
116 34800 0.07999999999999999
117 35100 0.08999999999999998
118 35400 0.09
119 35700 0.09
120 36000 0.09999999999999999
121 36300 0.12
122 36600 0.13
123 36900 0.14
124 37200 0.15000000000000002
125 37500 0.16000000000000003
126 37800 0.17000000000000004
127 38100 0.18000000000000005
128 38400 0.19000000000000006
129 38700 0.20000000000000004
130 39000 0.21000000000000002
131 39300 0.22000000000000003
132 39600 0.24000000000000002
133 39900 0.25
134 40200 0.26
135 40500 0.27
136 40800 0.28
137 41100 0.29000000000000004
138 41400 0.31000000000000005
139 41700 0.33000000000000007
140 42000 0.3400000000000001
141 42300 0.3600000000000001
142 42600 0.37000000000000005
143 42900 0.38
144 43200 0.4
145 43500 0.41000000000000003
146 43800 0.42000000000000004
147 44100 0.43000000000000005
148 44400 0.44000000000000006
149 44700 0.4600000000000001
150 45000 0.4700000000000001
151 45300 0.4900000000000001
152 45600 0.5100000000000001
153 45900 0.53
154 46200 0.54
155 46500 0.56
156 46800 0.5800000000000001
157 47100 0.6000000000000001
158 47400 0.6200000000000001
159 47700 0.6400000000000001
160 48000 0.6600000000000001
161 48300 0.6800000000000002
162 48600 0.6900000000000001
163 48900 0.7100000000000001
164 49200 0.7300000000000001
165 49500 0.75
166 49800 0.76
167 50100 0.78
168 50400 0.8
169 50700 0.8200000000000001
170 51000 0.8400000000000001
171 51300 0.8600000000000001
172 51600 0.8800000000000001
173 51900 0.9000000000000001
174 52200 0.9200000000000002
175 52500 0.9400000000000002
176 52800 0.9600000000000002
177 53100 0.9700000000000001
178 53400 0.99
179 53700 1.01
180 54000 1.03
181 54300 1.05
182 54600 1.07
183 54900 1.09
184 55200 1.11
185 55500 1.12
186 55800 1.1400000000000001
187 56100 1.1600000000000001
188 56400 1.1800000000000002
189 56700 1.2000000000000002
190 57000 1.2100000000000002
191 57300 1.2300000000000002
192 57600 1.2500000000000002
193 57900 1.2700000000000002
194 58200 1.2900000000000003
195 58500 1.31
196 58800 1.33
197 59100 1.35
198 59400 1.37
199 59700 1.3800000000000001
200 59955 1.4000000000000001
201 60255 1.4000000000000001
202 60555 1.4200000000000002
203 60855 1.44
204 61155 1.46
205 61455 1.48
206 61755 1.49
207 62055 1.51
208 62355 1.53
209 62655 1.54
210 62955 1.56
211 63255 1.57
212 63555 1.58
213 63855 1.6
214 64155 1.61
215 64455 1.6300000000000001
216 64755 1.6400000000000001
217 65055 1.6500000000000001
218 65355 1.6700000000000002
219 65655 1.6900000000000002
220 65823 1.7000000000000002
221 66123 1.7000000000000002
222 66423 1.7100000000000002
223 66723 1.7200000000000002
224 67023 1.7300000000000002
225 67323 1.7400000000000002
226 67623 1.7500000000000002
227 67923 1.7600000000000002
228 68223 1.7700000000000002
229 68523 1.7700000000000002
230 68823 1.7800000000000002
231 69007 1.7900000000000003
232 69307 1.7900000000000003
233 69607 1.8000000000000003
234 69907 1.8100000000000003
235 70207 1.8200000000000003
236 70507 1.8300000000000003
237 70803 1.8400000000000003
238 71088 1.8400000000000003
239 71388 1.8400000000000003
240 71585 1.8500000000000003
241 71885 1.8500000000000003
242 72185 1.8600000000000003
243 72417 1.8700000000000003
244 72717 1.8700000000000003
245 73017 1.8800000000000003
246 73317 1.8900000000000003
247 73617 1.9000000000000004
248 73793 1.9100000000000004
249 74093 1.9100000000000004
250 74340 1.9200000000000004
251 74617 1.9200000000000004
252 74895 1.9200000000000004
253 75195 1.9200000000000004
254 75313 1.9300000000000004
255 75490 1.9300000000000004
256 75710 1.9300000000000004
257 75837 1.9300000000000004
258 76075 1.9300000000000004
259 76318 1.9300000000000004
260 76469 1.9300000000000004
261 76769 1.9300000000000004
262 77005 1.9400000000000004
263 77166 1.9400000000000004
264 77395 1.9400000000000004
265 77695 1.9400000000000004
266 77934 1.9500000000000004
267 78058 1.9500000000000004
268 78209 1.9500000000000004
269 78453 1.9500000000000004
270 78603 1.9500000000000004
271 78809 1.9500000000000004
272 79045 1.9500000000000004
273 79136 1.9500000000000004
274 79302 1.9500000000000004
275 79480 1.9500000000000004
276 79780 1.9500000000000004
277 79927 1.9600000000000004
278 80092 1.9600000000000004
279 80267 1.9600000000000004
280 80365 1.9600000000000004
281 80505 1.9600000000000004
282 80615 1.9600000000000004
283 80822 1.9600000000000004
284 81122 1.9600000000000004
285 81248 1.9700000000000004
286 81443 1.9700000000000004
287 81609 1.9700000000000004
288 81779 1.9700000000000004
289 82079 1.9600000000000004
290 82249 1.9700000000000004
291 82384 1.9700000000000004
292 82488 1.9700000000000004
293 82571 1.9700000000000002
294 82687 1.9700000000000002
295 82779 1.9700000000000002
296 83053 1.9700000000000002
297 83208 1.9700000000000002
298 83508 1.9700000000000002
299 83613 1.9800000000000004
300 83769 1.9800000000000004
301 83954 1.9800000000000004
302 84157 1.9800000000000004
303 84346 1.9800000000000004
304 84482 1.9800000000000004
305 84588 1.9800000000000004
306 84729 1.9800000000000004
307 84872 1.9800000000000004
308 85010 1.9800000000000004
309 85078 1.9800000000000004
310 85350 1.9800000000000004
311 85475 1.9800000000000004
312 85705 1.9800000000000004
313 85843 1.9800000000000004
314 85972 1.9800000000000004
315 86219 1.9800000000000004
316 86382 1.9800000000000004
317 86582 1.9800000000000004
318 86703 1.9800000000000004
319 86911 1.9800000000000004
320 87011 1.9800000000000004
321 87127 1.9800000000000004
322 87240 1.9800000000000004
323 87360 1.9800000000000004
324 87542 1.9800000000000004
325 87792 1.9800000000000004
326 87914 1.9800000000000004
327 88074 1.9800000000000004
328 88374 1.9800000000000004
329 88511 1.9900000000000002
330 88655 1.9900000000000002
331 88738 1.9900000000000002
332 88871 1.9900000000000002
333 88995 1.9900000000000002
334 89156 1.9900000000000002
335 89254 1.9900000000000002
336 89345 1.9900000000000002
337 89554 1.9900000000000002
338 89632 1.9900000000000002
339 89827 1.9900000000000002
340 89943 1.9900000000000002
341 90097 1.9900000000000002
342 90230 1.9900000000000002
343 90344 1.9900000000000002
344 90481 1.9900000000000002
345 90588 1.9900000000000002
346 90704 1.9900000000000002
347 90913 1.9900000000000002
348 91041 1.9900000000000002
349 91244 1.9900000000000002
350 91442 1.9900000000000002
351 91526 1.9900000000000002
352 91657 1.9900000000000002
353 91790 1.9900000000000002
354 91902 1.9900000000000002
355 92009 1.9900000000000002
356 92172 1.9900000000000002
357 92462 1.9900000000000002
358 92671 1.9900000000000002
359 92804 1.9900000000000002
360 92897 1.9900000000000002
361 92999 1.9900000000000002
362 93122 1.9900000000000002
363 93353 1.9900000000000002
364 93441 1.9900000000000002
365 93616 1.9900000000000002
366 93728 1.9900000000000002
367 93848 1.9900000000000002
368 93945 1.9900000000000002
369 94077 1.9900000000000002
370 94181 1.9900000000000002
371 94273 1.9900000000000002
372 94384 1.9900000000000002
373 94485 1.9900000000000002
374 94591 1.9900000000000002
375 94703 1.9900000000000002
376 94870 1.9900000000000002
377 94966 1.9900000000000002
378 95083 1.9900000000000002
379 95289 1.9900000000000002
380 95439 1.9900000000000002
381 95608 1.9900000000000002
382 95726 1.9900000000000002
383 95844 1.9900000000000002
384 95983 1.9900000000000002
385 96097 1.9900000000000002
386 96216 1.9900000000000002
387 96321 1.9900000000000002
388 96621 1.9900000000000002
389 96749 2.0
390 96910 2.0
391 97010 2.0
392 97135 2.0
393 97277 2.0
394 97436 2.0
395 97564 2.0
396 97662 2.0
397 97762 2.0
398 97921 2.0
399 98041 2.0
400 98252 2.0
401 98362 2.0
402 98485 2.0
403 98631 2.0
404 98720 2.0
405 98939 2.0
406 99065 2.0
407 99291 2.0
408 99392 2.0
409 99533 2.0
410 99644 1.9800000000000002
411 99717 1.9800000000000002
412 99809 1.9800000000000002
413 99907 1.9800000000000002
414 100018 1.9800000000000004
415 100121 1.9800000000000004
416 100225 1.9800000000000004
417 100339 1.9800000000000004
418 100446 1.9800000000000004
419 100525 1.9800000000000004
420 100648 1.9800000000000004
421 100743 1.9800000000000004
422 100850 1.9800000000000004
423 100965 1.9800000000000004
424 101067 1.9800000000000004
425 101171 1.9800000000000004
426 101270 1.9800000000000004
427 101386 1.9800000000000004
428 101517 1.9800000000000004
429 101652 1.9800000000000004
430 101764 1.9800000000000004
431 101867 1.9800000000000004
432 101980 1.9800000000000004
433 102151 1.9800000000000004
434 102267 1.9800000000000004
435 102482 1.9800000000000004
436 102607 1.9800000000000004
437 102768 1.9800000000000004
438 102937 1.9800000000000004
439 103087 1.9800000000000004
440 103155 1.9800000000000004
441 103258 1.9800000000000004
442 103349 1.9800000000000004
443 103471 1.9800000000000004
444 103602 1.9800000000000004
445 103742 1.9800000000000004
446 103841 1.9800000000000004
447 104022 1.9800000000000004
448 104100 1.9800000000000004
449 104236 1.9800000000000004
450 104303 1.9800000000000004
451 104403 1.9800000000000004
452 104518 1.9800000000000004
453 104618 1.9800000000000004
454 104716 1.9800000000000004
455 104799 1.9800000000000004
456 104951 1.9800000000000004
457 105119 1.9800000000000004
458 105253 1.9800000000000004
459 105439 1.9800000000000004
460 105530 1.9800000000000004
461 105638 1.9800000000000004
462 105831 1.9800000000000004
463 105954 1.9800000000000004
464 106031 1.9800000000000004
465 106121 1.9800000000000004
466 106218 1.9800000000000004
467 106296 1.9800000000000004
468 106374 1.9800000000000004
469 106476 1.9800000000000004
470 106611 1.9800000000000004
471 106752 1.9800000000000004
472 106925 1.9800000000000004
473 107068 1.9800000000000004
474 107214 1.9800000000000004
475 107304 1.9800000000000004
476 107488 1.9800000000000004
477 107624 1.9800000000000004
478 107711 1.9800000000000004
479 107820 1.9800000000000004
480 107943 1.9800000000000004
481 108082 1.9800000000000004
482 108235 1.9800000000000004
483 108316 1.9800000000000004
484 108480 1.9800000000000004
485 108571 1.9800000000000004
486 108658 1.9800000000000004
487 108797 1.9800000000000004
488 108904 1.9800000000000004
489 109040 1.9800000000000004
490 109120 1.9800000000000004
491 109242 1.9800000000000004
492 109381 1.9800000000000004
493 109490 1.9800000000000004
494 109634 1.9800000000000004
495 109706 1.9800000000000004
496 109832 1.9800000000000004
497 109934 1.9800000000000004
498 110015 1.9800000000000004
499 110197 1.9800000000000004
500 110410 1.9800000000000004
501 110686 1.9800000000000004
502 110793 1.9800000000000004
503 110898 1.9800000000000004
504 110966 1.9800000000000004
505 111062 1.9800000000000004
506 111186 1.9800000000000004
507 111282 1.9800000000000004
508 111429 1.9800000000000004
509 111729 1.9800000000000004
510 111829 2.0
511 111959 2.0
512 112046 2.0
513 112163 2.0
514 112278 2.0
515 112393 2.0
516 112522 2.0
517 112645 2.0
518 112768 2.0
519 112879 2.0
520 112983 2.0
521 113172 2.0
522 113255 2.0
523 113372 2.0
524 113458 2.0
525 113583 2.0
526 113704 2.0
527 113814 2.0
528 113897 2.0
529 114017 2.0
530 114109 2.0
531 114206 2.0
532 114285 2.0
533 114382 2.0
534 114475 2.0
535 114559 2.0
536 114632 2.0
537 114716 2.0
538 114826 2.0
539 114932 2.0
540 115008 2.0
541 115107 2.0
542 115212 2.0
543 115286 2.0
544 115393 2.0
545 115480 2.0
546 115578 2.0
547 115675 2.0
548 115795 2.0
549 115909 2.0
550 116022 2.0
551 116109 2.0
552 116195 2.0
553 116338 2.0
554 116423 2.0
555 116508 2.0
556 116634 2.0
557 116758 2.0
558 116884 2.0
559 116957 2.0
560 117047 2.0
561 117134 2.0
562 117218 2.0
563 117305 2.0
564 117401 2.0
565 117484 2.0
566 117586 2.0
567 117759 2.0
568 117843 2.0
569 117930 2.0
570 118035 2.0
571 118172 2.0
572 118278 2.0
573 118401 2.0
574 118501 2.0
575 118578 2.0
576 118660 2.0
577 118762 2.0
578 118852 2.0
579 118954 2.0
580 119042 2.0
581 119148 2.0
582 119263 2.0
583 119364 2.0
584 119461 2.0
585 119544 2.0
586 119698 2.0
587 119767 2.0
588 119893 2.0
589 120054 2.0
590 120171 2.0
591 120279 2.0
592 120361 2.0
593 120438 2.0
594 120539 2.0
595 120671 2.0
596 120766 2.0
597 120864 2.0
598 120966 2.0
599 121102 2.0
600 121199 2.0
601 121383 2.0
602 121524 2.0
603 121640 2.0
604 121748 2.0
605 121839 2.0
606 121928 2.0
607 122021 2.0
608 122098 2.0
609 122234 2.0
610 122345 2.0
611 122435 2.0
612 122656 2.0
613 122753 2.0
614 122894 2.0
615 122987 2.0
616 123097 2.0
617 123194 2.0
618 123263 2.0
619 123369 2.0
620 123487 2.0
621 123594 2.0
622 123721 2.0
623 123872 2.0
624 123973 2.0
625 124078 2.0
626 124315 2.0
627 124410 2.0
628 124550 2.0
629 124708 2.0
630 124860 2.0
631 124991 2.0
632 125093 2.0
633 125225 2.0
634 125338 2.0
635 125420 2.0
636 125501 2.0
637 125615 2.0
638 125782 2.0
639 126059 2.0
640 126135 2.0
641 126261 2.0
642 126378 2.0
643 126478 2.0
644 126614 2.0
645 126717 2.0
646 126828 2.0
647 126927 2.0
648 127050 2.0
649 127157 2.0
650 127238 2.0
651 127349 2.0
652 127436 2.0
653 127541 2.0
654 127629 2.0
655 127719 2.0
656 127841 2.0
657 127928 2.0
658 128008 2.0
659 128201 2.0
660 128270 2.0
661 128376 2.0
662 128457 2.0
663 128576 2.0
664 128677 2.0
665 128788 2.0
666 128978 2.0
667 129140 2.0
668 129246 2.0
669 129344 2.0
670 129436 2.0
671 129550 2.0
672 129658 2.0
673 129789 2.0
674 129946 2.0
675 130053 2.0
676 130171 2.0
677 130300 2.0
678 130409 2.0
679 130533 2.0
680 130636 2.0
681 130725 2.0
682 130809 2.0
683 130881 2.0
684 130965 2.0
685 131094 2.0
686 131174 2.0
687 131286 2.0
688 131405 2.0
689 131488 2.0
690 131618 2.0
691 131742 2.0
692 131948 2.0
693 132035 2.0
694 132115 2.0
695 132201 2.0
696 132293 2.0
697 132382 2.0
698 132471 2.0
699 132600 2.0
700 132680 2.0
701 132806 2.0
702 132961 2.0
703 133086 2.0
704 133215 2.0
705 133292 2.0
706 133385 2.0
707 133459 2.0
708 133630 2.0
709 133790 2.0
710 133869 2.0
711 134027 2.0
712 134111 2.0
713 134223 2.0
714 134326 2.0
715 134457 2.0
716 134550 2.0
717 134646 2.0
718 134783 2.0
719 134910 2.0
720 135034 2.0
721 135211 2.0
722 135285 2.0
723 135385 2.0
724 135607 2.0
725 135718 2.0
726 135802 2.0
727 135924 2.0
728 135992 2.0
729 136066 2.0
730 136255 2.0
731 136339 2.0
732 136427 2.0
733 136540 2.0
734 136628 2.0
735 136718 2.0
736 136825 2.0
737 136938 2.0
738 137083 2.0
739 137218 2.0
740 137328 2.0
741 137451 2.0
742 137638 2.0
743 137764 2.0
744 137915 2.0
745 138028 2.0
746 138204 2.0
747 138323 2.0
748 138407 2.0
749 138478 2.0
750 138546 2.0
751 138639 2.0
752 138694 2.0
753 138771 2.0
754 138840 2.0
755 138931 2.0
756 139016 2.0
757 139143 2.0
758 139236 2.0
759 139320 2.0
760 139414 2.0
761 139488 2.0
762 139596 2.0
763 139706 2.0
764 139798 2.0
765 139903 2.0
766 139994 2.0
767 140106 2.0
768 140203 2.0
769 140303 2.0
770 140374 2.0
771 140576 2.0
772 140684 2.0
773 140766 2.0
774 140846 2.0
775 140944 2.0
776 141020 2.0
777 141106 2.0
778 141264 2.0
779 141344 2.0
780 141416 2.0
781 141517 2.0
782 141590 2.0
783 141667 2.0
784 141760 2.0
785 141872 2.0
786 141988 2.0
787 142063 2.0
788 142135 2.0
789 142215 2.0
790 142315 2.0
791 142413 2.0
792 142518 2.0
793 142607 2.0
794 142706 2.0
795 142798 2.0
796 142900 2.0
797 142981 2.0
798 143099 2.0
799 143170 2.0
800 143261 2.0
801 143336 2.0
802 143416 2.0
803 143506 2.0
804 143653 2.0
805 143738 2.0
806 143826 2.0
807 143934 2.0
808 144018 2.0
809 144125 2.0
810 144187 2.0
811 144395 2.0
812 144511 2.0
813 144613 2.0
814 144688 2.0
815 144801 2.0
816 144932 2.0
817 145052 2.0
818 145131 2.0
819 145226 2.0
820 145303 2.0
821 145422 2.0
822 145552 2.0
823 145646 2.0
824 145785 2.0
825 145885 2.0
826 145965 2.0
827 146045 2.0
828 146199 2.0
829 146286 2.0
830 146366 2.0
831 146456 2.0
832 146540 2.0
833 146720 2.0
834 146794 2.0
835 146869 2.0
836 146953 2.0
837 147077 2.0
838 147156 2.0
839 147240 2.0
840 147338 2.0
841 147421 2.0
842 147519 2.0
843 147586 2.0
844 147674 2.0
845 147794 2.0
846 147915 2.0
847 148032 2.0
848 148120 2.0
849 148217 2.0
850 148325 2.0
851 148453 2.0
852 148546 2.0
853 148621 2.0
854 148719 2.0
855 148784 2.0
856 148893 2.0
857 148980 2.0
858 149059 2.0
859 149139 2.0
860 149212 2.0
861 149269 2.0
862 149350 2.0
863 149532 2.0
864 149634 2.0
865 149703 2.0
866 149787 2.0
867 149881 2.0
868 149971 2.0
869 150117 2.0
870 150205 2.0
871 150376 2.0
872 150468 2.0
873 150554 2.0
874 150641 2.0
875 150737 2.0
876 150866 2.0
877 150937 2.0
878 151052 2.0
879 151117 2.0
880 151199 2.0
881 151317 2.0
882 151420 2.0
883 151531 2.0
884 151616 2.0
885 151723 2.0
886 151866 2.0
887 151957 2.0
888 152044 2.0
889 152185 2.0
890 152249 2.0
891 152334 2.0
892 152423 2.0
893 152481 2.0
894 152660 2.0
895 152765 2.0
896 152881 2.0
897 152960 2.0
898 153076 2.0
899 153154 2.0
900 153240 2.0
901 153320 2.0
902 153414 2.0
903 153482 2.0
904 153636 2.0
905 153757 2.0
906 153855 2.0
907 154002 2.0
908 154177 2.0
909 154265 2.0
910 154368 2.0
911 154484 2.0
912 154551 2.0
913 154626 2.0
914 154703 2.0
915 154779 2.0
916 154925 2.0
917 155013 2.0
918 155127 2.0
919 155198 2.0
920 155288 2.0
921 155374 2.0
922 155457 2.0
923 155569 2.0
924 155683 2.0
925 155796 2.0
926 155874 2.0
927 155983 2.0
928 156086 2.0
929 156174 2.0
930 156305 2.0
931 156389 2.0
932 156448 2.0
933 156533 2.0
934 156659 2.0
935 156742 2.0
936 156859 2.0
937 156929 2.0
938 157024 2.0
939 157152 2.0
940 157219 2.0
941 157329 2.0
942 157423 2.0
943 157500 2.0
944 157589 2.0
945 157690 2.0
946 157778 2.0
947 157884 2.0
948 157984 2.0
949 158070 2.0
950 158141 2.0
951 158307 2.0
952 158410 2.0
953 158484 2.0
954 158587 2.0
955 158695 2.0
956 158767 2.0
957 158864 2.0
958 158980 2.0
959 159135 2.0
960 159231 2.0
961 159343 2.0
962 159481 2.0
963 159581 2.0
964 159667 2.0
965 159777 2.0
966 159904 2.0
967 159975 2.0
968 160060 2.0
969 160143 2.0
970 160219 2.0
971 160289 2.0
972 160368 2.0
973 160447 2.0
974 160552 2.0
975 160662 2.0
976 160806 2.0
977 160921 2.0
978 161061 2.0
979 161166 2.0
980 161261 2.0
981 161357 2.0
982 161436 2.0
983 161513 2.0
984 161661 2.0
985 161744 2.0
986 161814 2.0
987 161906 2.0
988 161985 2.0
989 162066 2.0
990 162150 2.0
991 162234 2.0
992 162311 2.0
993 162399 2.0
994 162513 2.0
995 162586 2.0
996 162646 2.0
997 162734 2.0
998 162858 2.0
999 162921 2.0
1000 163015 2.0
1001 163095 2.0
1002 163184 2.0
1003 163267 2.0
1004 163473 2.0
1005 163617 2.0
1006 163726 2.0
1007 163870 2.0
1008 163940 2.0
1009 164047 2.0
1010 164116 2.0
1011 164188 2.0
1012 164277 2.0
1013 164362 2.0
1014 164445 2.0
1015 164530 2.0
1016 164636 2.0
1017 164702 2.0
1018 164827 2.0
1019 164902 2.0
1020 164998 2.0
1021 165061 2.0
1022 165150 2.0
1023 165228 2.0
1024 165311 2.0
1025 165402 2.0
1026 165496 2.0
1027 165579 2.0
1028 165752 2.0
1029 165834 2.0
1030 165907 2.0
1031 165982 2.0
1032 166065 2.0
1033 166157 2.0
1034 166259 2.0
1035 166335 2.0
1036 166427 2.0
1037 166490 2.0
1038 166579 2.0
1039 166643 2.0
1040 166807 2.0
1041 166956 2.0
1042 167118 2.0
1043 167204 2.0
1044 167318 2.0
1045 167389 2.0
1046 167486 2.0
1047 167592 2.0
1048 167705 2.0
1049 167772 2.0
1050 167873 2.0
1051 168042 2.0
1052 168126 2.0
1053 168196 2.0
1054 168321 2.0
1055 168404 2.0
1056 168494 2.0
1057 168587 2.0
1058 168698 2.0
1059 168790 2.0
1060 168899 2.0
1061 168982 2.0
1062 169074 2.0
1063 169138 2.0
1064 169263 2.0
1065 169360 2.0
1066 169447 2.0
1067 169533 2.0
1068 169601 2.0
1069 169682 2.0
1070 169776 2.0
1071 169867 2.0
1072 170052 2.0
1073 170145 2.0
1074 170214 2.0
1075 170291 2.0
1076 170392 2.0
1077 170502 2.0
1078 170578 2.0
1079 170710 2.0
1080 170793 2.0
1081 170863 2.0
1082 170985 2.0
1083 171057 2.0
1084 171169 2.0
1085 171255 2.0
1086 171332 2.0
1087 171434 2.0
1088 171521 2.0
1089 171642 2.0
1090 171770 2.0
1091 171854 2.0
1092 171938 2.0
1093 172026 2.0
1094 172097 2.0
1095 172168 2.0
1096 172250 2.0
1097 172331 2.0
1098 172439 2.0
1099 172525 2.0
1100 172595 2.0
1101 172725 2.0
1102 172788 2.0
1103 172930 2.0
1104 173008 2.0
1105 173092 2.0
1106 173183 2.0
1107 173328 2.0
1108 173427 2.0
1109 173534 2.0
1110 173640 2.0
1111 173716 2.0
1112 173811 2.0
1113 173959 2.0
1114 174025 2.0
1115 174112 2.0
1116 174178 2.0
1117 174286 2.0
1118 174355 2.0
1119 174481 2.0
1120 174550 2.0
1121 174614 2.0
1122 174713 2.0
1123 174785 2.0
1124 174874 2.0
1125 174988 2.0
1126 175072 2.0
1127 175148 2.0
1128 175248 2.0
1129 175370 2.0
1130 175441 2.0
1131 175591 2.0
1132 175693 2.0
1133 175769 2.0
1134 175842 2.0
1135 175973 2.0
1136 176063 2.0
1137 176249 2.0
1138 176321 2.0
1139 176447 2.0
1140 176711 2.0
1141 176781 2.0
1142 176858 2.0
1143 176938 2.0
1144 177035 2.0
1145 177127 2.0
1146 177210 2.0
1147 177350 2.0
1148 177421 2.0
1149 177522 2.0
1150 177600 2.0
1151 177678 2.0
1152 177873 2.0
1153 177961 2.0
1154 178069 2.0
1155 178193 2.0
1156 178358 2.0
1157 178419 2.0
1158 178493 2.0
1159 178569 2.0
1160 178643 2.0
1161 178742 2.0
1162 178833 2.0
1163 178925 2.0
1164 178991 2.0
1165 179102 2.0
1166 179184 2.0
1167 179278 2.0
1168 179367 2.0
1169 179459 2.0
1170 179624 2.0
1171 179689 2.0
1172 179773 2.0
1173 179849 2.0
1174 179942 2.0
1175 180026 2.0
1176 180132 2.0
1177 180200 2.0
1178 180336 2.0
1179 180413 2.0
1180 180484 2.0
1181 180594 2.0
1182 180674 2.0
1183 180772 2.0
1184 180843 2.0
1185 180936 2.0
1186 181023 2.0
1187 181083 2.0
1188 181150 2.0
1189 181235 2.0
1190 181312 2.0
1191 181376 2.0
1192 181433 2.0
1193 181533 2.0
1194 181626 2.0
1195 181711 2.0
1196 181790 2.0
1197 181881 2.0
1198 182029 2.0
1199 182118 2.0
1200 182327 2.0
1201 182431 2.0
1202 182506 2.0
1203 182581 2.0
1204 182702 2.0
1205 182815 2.0
1206 182888 2.0
1207 182964 2.0
1208 183088 2.0
1209 183191 2.0
1210 183285 2.0
1211 183396 2.0
1212 183490 2.0
1213 183578 2.0
1214 183654 2.0
1215 183792 2.0
1216 183859 2.0
1217 183934 2.0
1218 184012 2.0
1219 184104 2.0
1220 184190 2.0
1221 184273 2.0
1222 184347 2.0
1223 184447 2.0
1224 184525 2.0
1225 184600 2.0
1226 184684 2.0
1227 184799 2.0
1228 184906 2.0
1229 185014 2.0
1230 185096 2.0
1231 185236 2.0
1232 185318 2.0
1233 185393 2.0
1234 185466 2.0
1235 185541 2.0
1236 185619 2.0
1237 185694 2.0
1238 185778 2.0
1239 185899 2.0
1240 185987 2.0
1241 186155 2.0
1242 186247 2.0
1243 186335 2.0
1244 186452 2.0
1245 186636 2.0
1246 186701 2.0
1247 186783 2.0
1248 186876 2.0
1249 187014 2.0
1250 187103 2.0
1251 187173 2.0
1252 187331 2.0
1253 187438 2.0
1254 187545 2.0
1255 187627 2.0
1256 187708 2.0
1257 187866 2.0
1258 187954 2.0
1259 188026 2.0
1260 188115 2.0
1261 188201 2.0
1262 188290 2.0
1263 188395 2.0
1264 188456 2.0
1265 188526 2.0
1266 188684 2.0
1267 188764 2.0
1268 188851 2.0
1269 188973 2.0
1270 189036 2.0
1271 189141 2.0
1272 189240 2.0
1273 189314 2.0
1274 189429 2.0
1275 189505 2.0
1276 189579 2.0
1277 189704 2.0
1278 189834 2.0
1279 189921 2.0
1280 190014 2.0
1281 190087 2.0
1282 190163 2.0
1283 190269 2.0
1284 190355 2.0
1285 190439 2.0
1286 190504 2.0
1287 190580 2.0
1288 190701 2.0
1289 190781 2.0
1290 190859 2.0
1291 190929 2.0
1292 191012 2.0
1293 191159 2.0
1294 191225 2.0
1295 191301 2.0
1296 191400 2.0
1297 191463 2.0
1298 191531 2.0
1299 191618 2.0
1300 191737 2.0
1301 191838 2.0
1302 191922 2.0
1303 192018 2.0
1304 192084 2.0
1305 192218 2.0
1306 192316 2.0
1307 192373 2.0
1308 192455 2.0
1309 192542 2.0
1310 192682 2.0
1311 192796 2.0
1312 192882 2.0
1313 192997 2.0
1314 193066 2.0
1315 193160 2.0
1316 193223 2.0
1317 193288 2.0
1318 193359 2.0
1319 193425 2.0
1320 193491 2.0
1321 193663 2.0
1322 193784 2.0
1323 193855 2.0
1324 193932 2.0
1325 194028 2.0
1326 194093 2.0
1327 194169 2.0
1328 194245 2.0
1329 194304 2.0
1330 194383 2.0
1331 194446 2.0
1332 194553 2.0
1333 194617 2.0
1334 194735 2.0
1335 194867 2.0
1336 194944 2.0
1337 195058 2.0
1338 195146 2.0
1339 195220 2.0
1340 195292 2.0
1341 195363 2.0
1342 195463 2.0
1343 195565 2.0
1344 195640 2.0
1345 195727 2.0
1346 195829 2.0
1347 195912 2.0
1348 195991 2.0
1349 196053 2.0
1350 196133 2.0
1351 196215 2.0
1352 196292 2.0
1353 196387 2.0
1354 196490 2.0
1355 196569 2.0
1356 196666 2.0
1357 196770 2.0
1358 196905 2.0
1359 196999 2.0
1360 197128 2.0
1361 197205 2.0
1362 197281 2.0
1363 197364 2.0
1364 197565 2.0
1365 197667 2.0
1366 197748 2.0
1367 197818 2.0
1368 197896 2.0
1369 197989 2.0
1370 198081 2.0
1371 198166 2.0
1372 198258 2.0
1373 198417 2.0
1374 198515 2.0
1375 198578 2.0
1376 198760 2.0
1377 198815 2.0
1378 198919 2.0
1379 199002 2.0
1380 199080 2.0
1381 199180 2.0
1382 199304 2.0
1383 199403 2.0
1384 199558 2.0
1385 199616 2.0
1386 199692 2.0
1387 199786 2.0
1388 199905 2.0
1389 200062 2.0
1390 200163 2.0
1391 200289 2.0
1392 200359 2.0
1393 200435 2.0
1394 200567 2.0
1395 200642 2.0
1396 200727 2.0
1397 200852 2.0
1398 201003 2.0
1399 201082 2.0
1400 201160 2.0
1401 201230 2.0
1402 201326 2.0
1403 201526 2.0
1404 201628 2.0
1405 201698 2.0
1406 201785 2.0
1407 201865 2.0
1408 201945 2.0
1409 202028 2.0
1410 202111 2.0
1411 202181 2.0
1412 202266 2.0
1413 202361 2.0
1414 202425 2.0
1415 202495 2.0
1416 202580 2.0
1417 202660 2.0
1418 202779 2.0
1419 202862 2.0
1420 202974 2.0
1421 203046 2.0
1422 203126 2.0
1423 203209 2.0
1424 203387 2.0
1425 203477 2.0
1426 203550 2.0
1427 203621 2.0
1428 203698 2.0
1429 203767 2.0
1430 203858 2.0
1431 203936 2.0
1432 204030 2.0
1433 204106 2.0
1434 204235 2.0
1435 204347 2.0
1436 204429 2.0
1437 204507 2.0
1438 204586 2.0
1439 204660 2.0
1440 204766 2.0
1441 204897 2.0
1442 204977 2.0
1443 205069 2.0
1444 205209 2.0
1445 205301 2.0
1446 205444 2.0
1447 205554 2.0
1448 205632 2.0
1449 205698 2.0
1450 205780 2.0
1451 205851 2.0
1452 205939 2.0
1453 206054 2.0
1454 206122 2.0
1455 206199 2.0
1456 206314 2.0
1457 206435 2.0
1458 206520 2.0
1459 206623 2.0
1460 206684 2.0
1461 206750 2.0
1462 206893 2.0
1463 206972 2.0
1464 207055 2.0
1465 207122 2.0
1466 207188 2.0
1467 207281 2.0
1468 207555 2.0
1469 207635 2.0
1470 207715 2.0
1471 207801 2.0
1472 207885 2.0
1473 207947 2.0
1474 208014 2.0
1475 208086 2.0
1476 208171 2.0
1477 208243 2.0
1478 208333 2.0
1479 208402 2.0
1480 208524 2.0
1481 208588 2.0
1482 208653 2.0
1483 208724 2.0
1484 208790 2.0
1485 208869 2.0
1486 208962 2.0
1487 209119 2.0
1488 209206 2.0
1489 209323 2.0
1490 209388 2.0
1491 209470 2.0
1492 209530 2.0
1493 209588 2.0
1494 209725 2.0
1495 209800 2.0
1496 209894 2.0
1497 209970 2.0
1498 210058 2.0
1499 210167 2.0
1500 210270 2.0
1501 210345 2.0
1502 210430 2.0
1503 210525 2.0
1504 210609 2.0
1505 210680 2.0
1506 210789 2.0
1507 210865 2.0
1508 210965 2.0
1509 211023 2.0
1510 211095 2.0
1511 211184 2.0
1512 211255 2.0
1513 211323 2.0
1514 211390 2.0
1515 211463 2.0
1516 211541 2.0
1517 211663 2.0
1518 211730 2.0
1519 211888 2.0
1520 211954 2.0
1521 212046 2.0
1522 212236 2.0
1523 212321 2.0
1524 212409 2.0
1525 212494 2.0
1526 212585 2.0
1527 212670 2.0
1528 212797 2.0
1529 212895 2.0
1530 212974 2.0
1531 213054 2.0
1532 213150 2.0
1533 213287 2.0
1534 213361 2.0
1535 213453 2.0
1536 213522 2.0
1537 213653 2.0
1538 213742 2.0
1539 213873 2.0
1540 213990 2.0
1541 214075 2.0
1542 214152 2.0
1543 214242 2.0
1544 214316 2.0
1545 214406 2.0
1546 214529 2.0
1547 214607 2.0
1548 214683 2.0
1549 214770 2.0
1550 214851 2.0
1551 214915 2.0
1552 215014 2.0
1553 215087 2.0
1554 215199 2.0
1555 215287 2.0
1556 215400 2.0
1557 215523 2.0
1558 215616 2.0
1559 215680 2.0
1560 215768 2.0
1561 215843 2.0
1562 215936 2.0
1563 216018 2.0
1564 216096 2.0
1565 216195 2.0
1566 216265 2.0
1567 216380 2.0
1568 216456 2.0
1569 216537 2.0
1570 216619 2.0
1571 216679 2.0
1572 216757 2.0
1573 216830 2.0
1574 216908 2.0
1575 216983 2.0
1576 217067 2.0
1577 217195 2.0
1578 217271 2.0
1579 217374 2.0
1580 217453 2.0
1581 217532 2.0
1582 217615 2.0
1583 217680 2.0
1584 217751 2.0
1585 217827 2.0
1586 217901 2.0
1587 218038 2.0
1588 218108 2.0
1589 218223 2.0
1590 218342 2.0
1591 218438 2.0
1592 218516 2.0
1593 218591 2.0
1594 218721 2.0
1595 218804 2.0
1596 218897 2.0
1597 219012 2.0
1598 219115 2.0
1599 219196 2.0
1600 219337 2.0
1601 219433 2.0
1602 219512 2.0
1603 219601 2.0
1604 219754 2.0
1605 219836 2.0
1606 219920 2.0
1607 220019 2.0
1608 220107 2.0
1609 220182 2.0
1610 220284 2.0
1611 220358 2.0
1612 220465 2.0
1613 220553 2.0
1614 220621 2.0
1615 220712 2.0
1616 220805 2.0
1617 220906 2.0
1618 220987 2.0
1619 221064 2.0
1620 221138 2.0
1621 221198 2.0
1622 221263 2.0
1623 221332 2.0
1624 221418 2.0
1625 221486 2.0
1626 221587 2.0
1627 221693 2.0
1628 221785 2.0
1629 221883 2.0
1630 221970 2.0
1631 222032 2.0
1632 222111 2.0
1633 222171 2.0
1634 222235 2.0
1635 222301 2.0
1636 222413 2.0
1637 222500 2.0
1638 222586 2.0
1639 222715 2.0
1640 222854 2.0
1641 222945 2.0
1642 223022 2.0
1643 223099 2.0
1644 223169 2.0
1645 223230 2.0
1646 223350 2.0
1647 223441 2.0
1648 223529 2.0
1649 223633 2.0
1650 223696 2.0
1651 223768 2.0
1652 223867 2.0
1653 223978 2.0
1654 224074 2.0
1655 224151 2.0
1656 224237 2.0
1657 224352 2.0
1658 224449 2.0
1659 224523 2.0
1660 224614 2.0
1661 224900 2.0
1662 224983 2.0
1663 225055 2.0
1664 225161 2.0
1665 225277 2.0
1666 225344 2.0
1667 225429 2.0
1668 225497 2.0
1669 225569 2.0
1670 225656 2.0
1671 225738 2.0
1672 225851 2.0
1673 225953 2.0
1674 226016 2.0
1675 226093 2.0
1676 226179 2.0
1677 226274 2.0
1678 226350 2.0
1679 226430 2.0
1680 226527 2.0
1681 226602 2.0
1682 226676 2.0
1683 226770 2.0
1684 226835 2.0
1685 226914 2.0
1686 226987 2.0
1687 227071 2.0
1688 227169 2.0
1689 227245 2.0
1690 227308 2.0
1691 227374 2.0
1692 227460 2.0
1693 227687 2.0
1694 227773 2.0
1695 227850 2.0
1696 227936 2.0
1697 228022 2.0
1698 228107 2.0
1699 228179 2.0
1700 228236 2.0
1701 228308 2.0
1702 228422 2.0
1703 228494 2.0
1704 228555 2.0
1705 228706 2.0
1706 228852 2.0
1707 228930 2.0
1708 229016 2.0
1709 229102 2.0
1710 229189 2.0
1711 229248 2.0
1712 229309 2.0
1713 229394 2.0
1714 229469 2.0
1715 229553 2.0
1716 229637 2.0
1717 229731 2.0
1718 229827 2.0
1719 229918 2.0
1720 229993 2.0
1721 230087 2.0
1722 230171 2.0
1723 230242 2.0
1724 230344 2.0
1725 230433 2.0
1726 230517 2.0
1727 230596 2.0
1728 230664 2.0
1729 230771 2.0
1730 230844 2.0
1731 230910 2.0
1732 230993 2.0
1733 231058 2.0
1734 231153 2.0
1735 231282 2.0
1736 231360 2.0
1737 231431 2.0
1738 231505 2.0
1739 231673 2.0
1740 231764 2.0
1741 231873 2.0
1742 231950 2.0
1743 232022 2.0
1744 232116 2.0
1745 232181 2.0
1746 232282 2.0
1747 232343 2.0
1748 232415 2.0
1749 232499 2.0
1750 232571 2.0
1751 232668 2.0
1752 232821 2.0
1753 232885 2.0
1754 232964 2.0
1755 233035 2.0
1756 233111 2.0
1757 233184 2.0
1758 233303 2.0
1759 233387 2.0
1760 233474 2.0
1761 233555 2.0
1762 233632 2.0
1763 233705 2.0
1764 233773 2.0
1765 233841 2.0
1766 233929 2.0
1767 233994 2.0
1768 234081 2.0
1769 234190 2.0
1770 234303 2.0
1771 234371 2.0
1772 234449 2.0
1773 234512 2.0
1774 234587 2.0
1775 234692 2.0
1776 234787 2.0
1777 234858 2.0
1778 234932 2.0
1779 235037 2.0
1780 235116 2.0
1781 235240 2.0
1782 235316 2.0
1783 235453 2.0
1784 235536 2.0
1785 235598 2.0
1786 235665 2.0
1787 235742 2.0
1788 235820 2.0
1789 235915 2.0
1790 236013 2.0
1791 236093 2.0
1792 236166 2.0
1793 236226 2.0
1794 236296 2.0
1795 236496 2.0
1796 236589 2.0
1797 236679 2.0
1798 236751 2.0
1799 236849 2.0
1800 236979 2.0
1801 237056 2.0
1802 237129 2.0
1803 237212 2.0
1804 237316 2.0
1805 237456 2.0
1806 237544 2.0
1807 237652 2.0
1808 237785 2.0
1809 237924 2.0
1810 238002 2.0
1811 238080 2.0
1812 238184 2.0
1813 238253 2.0
1814 238402 2.0
1815 238508 2.0
1816 238629 2.0
1817 238703 2.0
1818 238773 2.0
1819 238850 2.0
1820 238923 2.0
1821 239021 2.0
1822 239106 2.0
1823 239174 2.0
1824 239268 2.0
1825 239431 2.0
1826 239498 2.0
1827 239559 2.0
1828 239633 2.0
1829 239696 2.0
1830 239774 2.0
1831 239868 2.0
1832 239962 2.0
1833 240032 2.0
1834 240102 2.0
1835 240220 2.0
1836 240316 2.0
1837 240394 2.0
1838 240492 2.0
1839 240582 2.0
1840 240650 2.0
1841 240744 2.0
1842 240813 2.0
1843 240952 2.0
1844 241050 2.0
1845 241112 2.0
1846 241192 2.0
1847 241276 2.0
1848 241345 2.0
1849 241421 2.0
1850 241491 2.0
1851 241623 2.0
1852 241760 2.0
1853 241869 2.0
1854 241931 2.0
1855 242005 2.0
1856 242127 2.0
1857 242222 2.0
1858 242312 2.0
1859 242383 2.0
1860 242471 2.0
1861 242525 2.0
1862 242614 2.0
1863 242690 2.0
1864 242784 2.0
1865 242897 2.0
1866 243000 2.0
1867 243074 2.0
1868 243155 2.0
1869 243242 2.0
1870 243320 2.0
1871 243490 2.0
1872 243572 2.0
1873 243643 2.0
1874 243724 2.0
1875 243818 2.0
1876 243895 2.0
1877 243955 2.0
1878 244018 2.0
1879 244103 2.0
1880 244201 2.0
1881 244279 2.0
1882 244341 2.0
1883 244411 2.0
1884 244472 2.0
1885 244641 2.0
1886 244710 2.0
1887 244817 2.0
1888 244898 2.0
1889 244985 2.0
1890 245070 2.0
1891 245141 2.0
1892 245244 2.0
1893 245370 2.0
1894 245433 2.0
1895 245530 2.0
1896 245615 2.0
1897 245740 2.0
1898 245830 2.0
1899 245901 2.0
1900 245978 2.0
1901 246054 2.0
1902 246138 2.0
1903 246242 2.0
1904 246378 2.0
1905 246489 2.0
1906 246594 2.0
1907 246680 2.0
1908 246761 2.0
1909 246842 2.0
1910 246938 2.0
1911 247094 2.0
1912 247185 2.0
1913 247279 2.0
1914 247347 2.0
1915 247475 2.0
1916 247586 2.0
1917 247796 2.0
1918 247896 2.0
1919 248015 2.0
1920 248165 2.0
1921 248229 2.0
1922 248297 2.0
1923 248361 2.0
1924 248459 2.0
1925 248523 2.0
1926 248650 2.0
1927 248724 2.0
1928 248797 2.0
1929 248859 2.0
1930 248979 2.0
1931 249066 2.0
1932 249155 2.0
1933 249227 2.0
1934 249287 2.0
1935 249364 2.0
1936 249437 2.0
1937 249512 2.0
1938 249624 2.0
1939 249709 2.0
1940 249813 2.0
1941 249888 2.0
1942 249981 2.0
1943 250138 2.0
1944 250202 2.0
1945 250338 2.0
1946 250419 2.0
1947 250526 2.0
1948 250589 2.0
1949 250689 2.0
1950 250777 2.0
1951 250838 2.0
1952 250919 2.0
1953 250989 2.0
1954 251067 2.0
1955 251134 2.0
1956 251210 2.0
1957 251312 2.0
1958 251389 2.0
1959 251453 2.0
1960 251539 2.0
1961 251619 2.0
1962 251687 2.0
1963 251769 2.0
1964 251823 2.0
1965 251918 2.0
1966 252018 2.0
1967 252102 2.0
1968 252183 2.0
1969 252254 2.0
1970 252319 2.0
1971 252447 2.0
1972 252620 2.0
1973 252701 2.0
1974 252787 2.0
1975 252880 2.0
1976 252962 2.0
1977 253065 2.0
1978 253139 2.0
1979 253224 2.0
1980 253294 2.0
1981 253385 2.0
1982 253456 2.0
1983 253529 2.0
1984 253590 2.0
1985 253671 2.0
1986 253761 2.0
1987 253851 2.0
1988 253924 2.0
1989 254037 2.0
1990 254118 2.0
1991 254198 2.0
1992 254269 2.0
1993 254353 2.0
1994 254442 2.0
1995 254528 2.0
1996 254608 2.0
1997 254686 2.0
1998 254822 2.0
1999 254916 2.0
2000 254996 2.0
2001 255077 2.0
2002 255158 2.0
2003 255256 2.0
2004 255342 2.0
2005 255425 2.0
2006 255500 2.0
2007 255586 2.0
2008 255664 2.0
2009 255750 2.0
2010 255835 2.0
2011 255918 2.0
2012 256101 2.0
2013 256178 2.0
2014 256264 2.0
2015 256373 2.0
2016 256438 2.0
2017 256553 2.0
2018 256730 2.0
2019 256822 2.0
2020 256873 2.0
2021 256963 2.0
2022 257056 2.0
2023 257120 2.0
2024 257172 2.0
2025 257241 2.0
2026 257319 2.0
2027 257395 2.0
2028 257469 2.0
2029 257526 2.0
2030 257611 2.0
2031 257688 2.0
2032 257781 2.0
2033 257855 2.0
2034 257916 2.0
2035 257986 2.0
2036 258043 2.0
2037 258159 2.0
2038 258220 2.0
2039 258301 2.0
2040 258410 2.0
2041 258480 2.0
2042 258605 2.0
2043 258680 2.0
2044 258790 2.0
2045 258845 2.0
2046 258925 2.0
2047 258998 2.0
2048 259066 2.0
2049 259129 2.0
2050 259211 2.0
2051 259277 2.0
2052 259362 2.0
2053 259449 2.0
2054 259535 2.0
2055 259597 2.0
2056 259690 2.0
2057 259749 2.0
2058 259840 2.0
2059 259908 2.0
2060 260012 2.0
2061 260086 2.0
2062 260197 2.0
2063 260264 2.0
2064 260327 2.0
2065 260391 2.0
2066 260456 2.0
2067 260552 2.0
2068 260649 2.0
2069 260701 2.0
2070 260773 2.0
2071 260854 2.0
2072 260928 2.0
2073 261026 2.0
2074 261102 2.0
2075 261159 2.0
2076 261247 2.0
2077 261299 2.0
2078 261368 2.0
2079 261456 2.0
2080 261542 2.0
2081 261647 2.0
2082 261778 2.0
2083 261876 2.0
2084 261935 2.0
2085 262009 2.0
2086 262073 2.0
2087 262136 2.0
2088 262217 2.0
2089 262339 2.0
2090 262421 2.0
2091 262588 2.0
2092 262682 2.0
2093 262737 2.0
2094 262806 2.0
2095 262881 2.0
2096 263010 2.0
2097 263088 2.0
2098 263175 2.0
2099 263240 2.0
2100 263314 2.0
2101 263371 2.0
2102 263475 2.0
2103 263533 2.0
2104 263612 2.0
2105 263701 2.0
2106 263782 2.0
2107 263855 2.0
2108 263947 2.0
2109 264035 2.0
2110 264110 2.0
2111 264169 2.0
2112 264240 2.0
2113 264322 2.0
2114 264419 2.0
2115 264500 2.0
2116 264581 2.0
2117 264639 2.0
2118 264700 2.0
2119 264801 2.0
2120 264895 2.0
2121 265022 2.0
2122 265084 2.0
2123 265157 2.0
2124 265230 2.0
2125 265291 2.0
2126 265408 2.0
2127 265493 2.0
2128 265570 2.0
2129 265673 2.0
2130 265758 2.0
2131 265834 2.0
2132 265916 2.0
2133 265975 2.0
2134 266036 2.0
2135 266115 2.0
2136 266197 2.0
2137 266326 2.0
2138 266457 2.0
2139 266566 2.0
2140 266671 2.0
2141 266746 2.0
2142 266822 2.0
2143 266935 2.0
2144 267018 2.0
2145 267079 2.0
2146 267144 2.0
2147 267211 2.0
2148 267283 2.0
2149 267349 2.0
2150 267438 2.0
2151 267546 2.0
2152 267627 2.0
2153 267690 2.0
2154 267827 2.0
2155 267899 2.0
2156 267974 2.0
2157 268050 2.0
2158 268131 2.0
2159 268199 2.0
2160 268265 2.0
2161 268364 2.0
2162 268431 2.0
2163 268497 2.0
2164 268568 2.0
2165 268649 2.0
2166 268719 2.0
2167 268852 2.0
2168 268996 2.0
2169 269076 2.0
2170 269150 2.0
2171 269220 2.0
2172 269309 2.0
2173 269407 2.0
2174 269470 2.0
2175 269554 2.0
2176 269650 2.0
2177 269722 2.0
2178 269791 2.0
2179 269866 2.0
2180 269953 2.0
2181 270091 2.0
2182 270198 2.0
2183 270272 2.0
2184 270345 2.0
2185 270424 2.0
2186 270498 2.0
2187 270584 2.0
2188 270680 2.0
2189 270769 2.0
2190 270862 2.0
2191 270939 2.0
2192 271004 2.0
2193 271146 2.0
2194 271230 2.0
2195 271393 2.0
2196 271460 2.0
2197 271546 2.0
2198 271641 2.0
2199 271708 2.0
2200 271802 2.0
2201 271906 2.0
2202 271986 2.0
2203 272057 2.0
2204 272135 2.0
2205 272238 2.0
2206 272384 2.0
2207 272465 2.0
2208 272558 2.0
2209 272628 2.0
2210 272695 2.0
2211 272798 2.0
2212 272875 2.0
2213 272948 2.0
2214 273047 2.0
2215 273151 2.0
2216 273224 2.0
2217 273276 2.0
2218 273385 2.0
2219 273501 2.0
2220 273569 2.0
2221 273659 2.0
2222 273739 2.0
2223 273832 2.0
2224 273903 2.0
2225 273983 2.0
2226 274095 2.0
2227 274161 2.0
2228 274256 2.0
2229 274354 2.0
2230 274416 2.0
2231 274489 2.0
2232 274579 2.0
2233 274663 2.0
2234 274732 2.0
2235 274824 2.0
2236 274909 2.0
2237 274989 2.0
2238 275211 2.0
2239 275281 2.0
2240 275345 2.0
2241 275439 2.0
2242 275590 2.0
2243 275651 2.0
2244 275723 2.0
2245 275797 2.0
2246 275870 2.0
2247 275941 2.0
2248 276029 2.0
2249 276101 2.0
2250 276183 2.0
2251 276262 2.0
2252 276345 2.0
2253 276413 2.0
2254 276489 2.0
2255 276560 2.0
2256 276632 2.0
2257 276689 2.0
2258 276784 2.0
2259 276869 2.0
2260 277055 2.0
2261 277125 2.0
2262 277222 2.0
2263 277304 2.0
2264 277380 2.0
2265 277440 2.0
2266 277498 2.0
2267 277568 2.0
2268 277695 2.0
2269 277765 2.0
2270 277860 2.0
2271 277946 2.0
2272 278025 2.0
2273 278104 2.0
2274 278178 2.0
2275 278238 2.0
2276 278313 2.0
2277 278404 2.0
2278 278489 2.0
2279 278552 2.0
2280 278625 2.0
2281 278692 2.0
2282 278784 2.0
2283 278866 2.0
2284 278949 2.0
2285 279024 2.0
2286 279096 2.0
2287 279177 2.0
2288 279255 2.0
2289 279338 2.0
2290 279423 2.0
2291 279507 2.0
2292 279584 2.0
2293 279663 2.0
2294 279749 2.0
2295 279831 2.0
2296 279973 2.0
2297 280070 2.0
2298 280143 2.0
2299 280283 2.0
2300 280374 2.0
2301 280433 2.0
2302 280510 2.0
2303 280579 2.0
2304 280725 2.0
2305 280806 2.0
2306 280878 2.0
2307 280934 2.0
2308 281013 2.0
2309 281091 2.0
2310 281153 2.0
2311 281233 2.0
2312 281317 2.0
2313 281391 2.0
2314 281491 2.0
2315 281561 2.0
2316 281631 2.0
2317 281697 2.0
2318 281764 2.0
2319 281883 2.0
2320 282032 2.0
2321 282099 2.0
2322 282172 2.0
2323 282258 2.0
2324 282350 2.0
2325 282425 2.0
2326 282504 2.0
2327 282578 2.0
2328 282647 2.0
2329 282727 2.0
2330 282796 2.0
2331 282887 2.0
2332 282953 2.0
2333 283039 2.0
2334 283118 2.0
2335 283266 2.0
2336 283328 2.0
2337 283400 2.0
2338 283478 2.0
2339 283569 2.0
2340 283651 2.0
2341 283717 2.0
2342 283840 2.0
2343 283935 2.0
2344 284023 2.0
2345 284113 2.0
2346 284183 2.0
2347 284238 2.0
2348 284304 2.0
2349 284389 2.0
2350 284451 2.0
2351 284515 2.0
2352 284609 2.0
2353 284714 2.0
2354 284768 2.0
2355 284846 2.0
2356 284952 2.0
2357 285015 2.0
2358 285238 2.0
2359 285327 2.0
2360 285390 2.0
2361 285462 2.0
2362 285543 2.0
2363 285614 2.0
2364 285699 2.0
2365 285761 2.0
2366 285827 2.0
2367 285895 2.0
2368 285973 2.0
2369 286036 2.0
2370 286114 2.0
2371 286198 2.0
2372 286258 2.0
2373 286330 2.0
2374 286417 2.0
2375 286485 2.0
2376 286565 2.0
2377 286662 2.0
2378 286731 2.0
2379 286798 2.0
2380 286867 2.0
2381 286977 2.0
2382 287057 2.0
2383 287142 2.0
2384 287215 2.0
2385 287282 2.0
2386 287366 2.0
2387 287453 2.0
2388 287517 2.0
2389 287599 2.0
2390 287713 2.0
2391 287792 2.0
2392 287882 2.0
2393 287973 2.0
2394 288060 2.0
2395 288124 2.0
2396 288227 2.0
2397 288299 2.0
2398 288380 2.0
2399 288434 2.0
2400 288496 2.0
2401 288566 2.0
2402 288666 2.0
2403 288755 2.0
2404 288827 2.0
2405 288893 2.0
2406 288993 2.0
2407 289080 2.0
2408 289152 2.0
2409 289232 2.0
2410 289326 2.0
2411 289456 2.0
2412 289531 2.0
2413 289616 2.0
2414 289681 2.0
2415 289769 2.0
2416 289836 2.0
2417 289937 2.0
2418 290061 2.0
2419 290126 2.0
2420 290203 2.0
2421 290261 2.0
2422 290356 2.0
2423 290427 2.0
2424 290494 2.0
2425 290566 2.0
2426 290626 2.0
2427 290713 2.0
2428 290793 2.0
2429 290851 2.0
2430 290920 2.0
2431 291009 2.0
2432 291077 2.0
2433 291162 2.0
2434 291237 2.0
2435 291320 2.0
2436 291384 2.0
2437 291467 2.0
2438 291583 2.0
2439 291682 2.0
2440 291784 2.0
2441 291862 2.0
2442 291941 2.0
2443 292010 2.0
2444 292080 2.0
2445 292161 2.0
2446 292220 2.0
2447 292281 2.0
2448 292342 2.0
2449 292467 2.0
2450 292537 2.0
2451 292629 2.0
2452 292698 2.0
2453 292772 2.0
2454 292837 2.0
2455 292914 2.0
2456 292977 2.0
2457 293061 2.0
2458 293125 2.0
2459 293182 2.0
2460 293270 2.0
2461 293334 2.0
2462 293429 2.0
2463 293509 2.0
2464 293623 2.0
2465 293693 2.0
2466 293795 2.0
2467 293897 2.0
2468 293976 2.0
2469 294047 2.0
2470 294146 2.0
2471 294266 2.0
2472 294331 2.0
2473 294399 2.0
2474 294468 2.0
2475 294544 2.0
2476 294626 2.0
2477 294719 2.0
2478 294810 2.0
2479 294893 2.0
2480 294978 2.0
2481 295042 2.0
2482 295128 2.0
2483 295315 2.0
2484 295387 2.0
2485 295468 2.0
2486 295549 2.0
2487 295623 2.0
2488 295683 2.0
2489 295746 2.0
2490 295816 2.0
2491 295872 2.0
2492 295966 2.0
2493 296040 2.0
2494 296134 2.0
2495 296215 2.0
2496 296288 2.0
2497 296364 2.0
2498 296455 2.0
2499 296523 2.0
2500 296605 2.0
2501 296688 2.0
2502 296755 2.0
2503 296823 2.0
2504 296908 2.0
2505 296998 2.0
2506 297103 2.0
2507 297175 2.0
2508 297250 2.0
2509 297325 2.0
2510 297440 2.0
2511 297524 2.0
2512 297611 2.0
2513 297697 2.0
2514 297778 2.0
2515 297850 2.0
2516 297936 2.0
2517 298019 2.0
2518 298091 2.0
2519 298178 2.0
2520 298263 2.0
2521 298344 2.0
2522 298428 2.0
2523 298506 2.0
2524 298586 2.0
2525 298681 2.0
2526 298904 2.0
2527 298986 2.0
2528 299068 2.0
2529 299167 2.0
2530 299252 2.0
2531 299322 2.0
2532 299420 2.0
2533 299493 2.0
2534 299550 2.0
2535 299620 2.0
2536 299693 2.0
2537 299787 2.0
2538 299860 2.0
2539 300126 2.0
2540 300192 2.0
2541 300274 2.0
2542 300384 2.0
2543 300455 2.0
2544 300577 2.0
2545 300716 2.0
2546 300774 2.0
2547 300858 2.0
2548 300939 2.0
2549 301028 2.0
2550 301104 2.0
2551 301169 2.0
2552 301233 2.0
2553 301407 2.0
2554 301475 2.0
2555 301547 2.0
2556 301652 2.0
2557 301767 2.0
2558 301822 2.0
2559 301895 2.0
2560 301974 2.0
2561 302076 2.0
2562 302152 2.0
2563 302368 2.0
2564 302431 2.0
2565 302532 2.0
2566 302620 2.0
2567 302699 2.0
2568 302783 2.0
2569 302959 2.0
2570 303020 2.0
2571 303104 2.0
2572 303183 2.0
2573 303238 2.0
2574 303316 2.0
2575 303453 2.0
2576 303550 2.0
2577 303605 2.0
2578 303681 2.0
2579 303762 2.0
2580 303836 2.0
2581 303916 2.0
2582 303987 2.0
2583 304086 2.0
2584 304177 2.0
2585 304260 2.0
2586 304360 2.0
2587 304436 2.0
2588 304511 2.0
2589 304578 2.0
2590 304678 2.0
2591 304926 2.0
2592 305020 2.0
2593 305089 2.0
2594 305186 2.0
2595 305351 2.0
2596 305452 2.0
2597 305533 2.0
2598 305594 2.0
2599 305697 2.0
2600 305773 2.0
2601 305848 2.0
2602 305917 2.0
2603 305986 2.0
2604 306065 2.0
2605 306158 2.0
2606 306231 2.0
2607 306287 2.0
2608 306378 2.0
2609 306438 2.0
2610 306517 2.0
2611 306595 2.0
2612 306660 2.0
2613 306755 2.0
2614 306899 2.0
2615 306973 2.0
2616 307113 2.0
2617 307188 2.0
2618 307270 2.0
2619 307354 2.0
2620 307475 2.0
2621 307541 2.0
2622 307678 2.0
2623 307776 2.0
2624 307850 2.0
2625 307951 2.0
2626 308015 2.0
2627 308086 2.0
2628 308168 2.0
2629 308223 2.0
2630 308303 2.0
2631 308369 2.0
2632 308478 2.0
2633 308564 2.0
2634 308642 2.0
2635 308712 2.0
2636 308787 2.0
2637 308849 2.0
2638 308969 2.0
2639 309045 2.0
2640 309148 2.0
2641 309225 2.0
2642 309301 2.0
2643 309394 2.0
2644 309550 2.0
2645 309615 2.0
2646 309677 2.0
2647 309755 2.0
2648 309839 2.0
2649 309910 2.0
2650 309990 2.0
2651 310102 2.0
2652 310186 2.0
2653 310294 2.0
2654 310363 2.0
2655 310440 2.0
2656 310576 2.0
2657 310690 2.0
2658 310758 2.0
2659 310825 2.0
2660 310881 2.0
2661 310972 2.0
2662 311053 2.0
2663 311123 2.0
2664 311193 2.0
2665 311252 2.0
2666 311319 2.0
2667 311392 2.0
2668 311452 2.0
2669 311526 2.0
2670 311607 2.0
2671 311703 2.0
2672 311820 2.0
2673 311876 2.0
2674 311947 2.0
2675 312010 2.0
2676 312114 2.0
2677 312185 2.0
2678 312251 2.0
2679 312312 2.0
2680 312408 2.0
2681 312503 2.0
2682 312575 2.0
2683 312655 2.0
2684 312714 2.0
2685 312803 2.0
2686 312857 2.0
2687 312922 2.0
2688 313015 2.0
2689 313086 2.0
2690 313149 2.0
2691 313220 2.0
2692 313279 2.0
2693 313364 2.0
2694 313427 2.0
2695 313503 2.0
2696 313565 2.0
2697 313645 2.0
2698 313734 2.0
2699 313817 2.0
2700 313886 2.0
2701 313972 2.0
2702 314032 2.0
2703 314093 2.0
2704 314172 2.0
2705 314243 2.0
2706 314329 2.0
2707 314403 2.0
2708 314564 2.0
2709 314632 2.0
2710 314718 2.0
2711 314792 2.0
2712 314867 2.0
2713 314937 2.0
2714 315014 2.0
2715 315139 2.0
2716 315225 2.0
2717 315315 2.0
2718 315382 2.0
2719 315470 2.0
2720 315556 2.0
2721 315643 2.0
2722 315719 2.0
2723 315804 2.0
2724 315865 2.0
2725 315938 2.0
2726 316080 2.0
2727 316149 2.0
2728 316254 2.0
2729 316351 2.0
2730 316433 2.0
2731 316524 2.0
2732 316595 2.0
2733 316673 2.0
2734 316736 2.0
2735 316810 2.0
2736 316880 2.0
2737 316963 2.0
2738 317033 2.0
2739 317110 2.0
2740 317195 2.0
2741 317275 2.0
2742 317376 2.0
2743 317638 2.0
2744 317701 2.0
2745 317779 2.0
2746 317839 2.0
2747 317936 2.0
2748 318003 2.0
2749 318060 2.0
2750 318129 2.0
2751 318197 2.0
2752 318271 2.0
2753 318348 2.0
2754 318432 2.0
2755 318492 2.0
2756 318575 2.0
2757 318645 2.0
2758 318875 2.0
2759 318955 2.0
2760 319041 2.0
2761 319184 2.0
2762 319290 2.0
2763 319375 2.0
2764 319441 2.0
2765 319526 2.0
2766 319594 2.0
2767 319667 2.0
2768 319748 2.0
2769 319817 2.0
2770 319881 2.0
2771 319955 2.0
2772 320022 2.0
2773 320080 2.0
2774 320135 2.0
2775 320221 2.0
2776 320307 2.0
2777 320377 2.0
2778 320461 2.0
2779 320547 2.0
2780 320621 2.0
2781 320754 2.0
2782 320833 2.0
2783 320918 2.0
2784 320999 2.0
2785 321088 2.0
2786 321197 2.0
2787 321268 2.0
2788 321363 2.0
2789 321430 2.0
2790 321496 2.0
2791 321596 2.0
2792 321654 2.0
2793 321723 2.0
2794 321822 2.0
2795 321889 2.0
2796 321963 2.0
2797 322026 2.0
2798 322094 2.0
2799 322165 2.0
2800 322254 2.0
2801 322313 2.0
2802 322508 2.0
2803 322581 2.0
2804 322646 2.0
2805 322710 2.0
2806 322807 2.0
2807 322936 2.0
2808 322998 2.0
2809 323080 2.0
2810 323140 2.0
2811 323229 2.0
2812 323322 2.0
2813 323403 2.0
2814 323480 2.0
2815 323565 2.0
2816 323634 2.0
2817 323712 2.0
2818 323775 2.0
2819 323845 2.0
2820 323912 2.0
2821 323987 2.0
2822 324063 2.0
2823 324153 2.0
2824 324232 2.0
2825 324307 2.0
2826 324367 2.0
2827 324442 2.0
2828 324511 2.0
2829 324567 2.0
2830 324641 2.0
2831 324717 2.0
2832 324810 2.0
2833 324893 2.0
2834 324959 2.0
2835 325031 2.0
2836 325120 2.0
2837 325187 2.0
2838 325265 2.0
2839 325366 2.0
2840 325440 2.0
2841 325518 2.0
2842 325582 2.0
2843 325662 2.0
2844 325730 2.0
2845 325809 2.0
2846 325923 2.0
2847 325984 2.0
2848 326068 2.0
2849 326149 2.0
2850 326220 2.0
2851 326302 2.0
2852 326380 2.0
2853 326477 2.0
2854 326583 2.0
2855 326655 2.0
2856 326729 2.0
2857 326810 2.0
2858 326872 2.0
2859 326949 2.0
2860 327020 2.0
2861 327120 2.0
2862 327194 2.0
2863 327261 2.0
2864 327349 2.0
2865 327414 2.0
2866 327511 2.0
2867 327599 2.0
2868 327665 2.0
2869 327772 2.0
2870 327861 2.0
2871 327919 2.0
2872 328007 2.0
2873 328155 2.0
2874 328226 2.0
2875 328296 2.0
2876 328388 2.0
2877 328454 2.0
2878 328519 2.0
2879 328593 2.0
2880 328676 2.0
2881 328771 2.0
2882 328853 2.0
2883 328921 2.0
2884 328998 2.0
2885 329070 2.0
2886 329263 2.0
2887 329340 2.0
2888 329411 2.0
2889 329493 2.0
2890 329582 2.0
2891 329666 2.0
2892 329730 2.0
2893 329796 2.0
2894 329891 2.0
2895 329971 2.0
2896 330035 2.0
2897 330139 2.0
2898 330225 2.0
2899 330298 2.0
2900 330421 2.0
2901 330500 2.0
2902 330701 2.0
2903 330781 2.0
2904 330863 2.0
2905 330972 2.0
2906 331045 2.0
2907 331114 2.0
2908 331179 2.0
2909 331234 2.0
2910 331389 2.0
2911 331487 2.0
2912 331552 2.0
2913 331641 2.0
2914 331708 2.0
2915 331772 2.0
2916 331868 2.0
2917 331940 2.0
2918 332016 2.0
2919 332092 2.0
2920 332158 2.0
2921 332271 2.0
2922 332357 2.0
2923 332430 2.0
2924 332497 2.0
2925 332556 2.0
2926 332638 2.0
2927 332720 2.0
2928 332796 2.0
2929 332884 2.0
2930 332970 2.0
2931 333042 2.0
2932 333099 2.0
2933 333176 2.0
2934 333255 2.0
2935 333330 2.0
2936 333390 2.0
2937 333456 2.0
2938 333534 2.0
2939 333594 2.0
2940 333669 2.0
2941 333746 2.0
2942 333821 2.0
2943 333910 2.0
2944 334005 2.0
2945 334070 2.0
2946 334145 2.0
2947 334207 2.0
2948 334284 2.0
2949 334344 2.0
2950 334422 2.0
2951 334520 2.0
2952 334598 2.0
2953 334664 2.0
2954 334763 2.0
2955 334841 2.0
2956 334915 2.0
2957 335056 2.0
2958 335131 2.0
2959 335204 2.0
2960 335269 2.0
2961 335346 2.0
2962 335515 2.0
2963 335589 2.0
2964 335687 2.0
2965 335762 2.0
2966 335833 2.0
2967 335916 2.0
2968 335996 2.0
2969 336059 2.0
2970 336138 2.0
2971 336253 2.0
2972 336331 2.0
2973 336397 2.0
2974 336475 2.0
2975 336571 2.0
2976 336661 2.0
2977 336731 2.0
2978 336798 2.0
2979 336862 2.0
2980 336953 2.0
2981 337029 2.0
2982 337110 2.0
2983 337174 2.0
2984 337263 2.0
2985 337348 2.0
2986 337411 2.0
2987 337475 2.0
2988 337541 2.0
2989 337615 2.0
2990 337680 2.0
2991 337808 2.0
2992 337867 2.0
2993 337939 2.0
2994 338021 2.0
2995 338092 2.0
2996 338174 2.0
2997 338243 2.0
2998 338319 2.0
2999 338405 2.0
3000 338467 2.0
3001 338542 2.0
3002 338632 2.0
3003 338713 2.0
3004 338809 2.0
3005 338906 2.0
3006 338992 2.0
3007 339064 2.0
3008 339128 2.0
3009 339203 2.0
3010 339275 2.0
3011 339346 2.0
3012 339416 2.0
3013 339484 2.0
3014 339554 2.0
3015 339623 2.0
3016 339750 2.0
3017 339811 2.0
3018 339888 2.0
3019 339964 2.0
3020 340031 2.0
3021 340139 2.0
3022 340217 2.0
3023 340324 2.0
3024 340384 2.0
3025 340464 2.0
3026 340677 2.0
3027 340743 2.0
3028 340823 2.0
3029 340894 2.0
3030 340948 2.0
3031 341022 2.0
3032 341094 2.0
3033 341216 2.0
3034 341278 2.0
3035 341372 2.0
3036 341436 2.0
3037 341558 2.0
3038 341684 2.0
3039 341780 2.0
3040 341863 2.0
3041 341928 2.0
3042 342002 2.0
3043 342095 2.0
3044 342173 2.0
3045 342259 2.0
3046 342332 2.0
3047 342410 2.0
3048 342503 2.0
3049 342573 2.0
3050 342653 2.0
3051 342726 2.0
3052 342799 2.0
3053 342884 2.0
3054 342944 2.0
3055 343002 2.0
3056 343106 2.0
3057 343192 2.0
3058 343269 2.0
3059 343344 2.0
3060 343436 2.0
3061 343521 2.0
3062 343595 2.0
3063 343657 2.0
3064 343715 2.0
3065 343904 2.0
3066 343976 2.0
3067 344095 2.0
3068 344183 2.0
3069 344262 2.0
3070 344333 2.0
3071 344396 2.0
3072 344481 2.0
3073 344550 2.0
3074 344683 2.0
3075 344755 2.0
3076 344811 2.0
3077 344876 2.0
3078 344953 2.0
3079 345033 2.0
3080 345087 2.0
3081 345156 2.0
3082 345225 2.0
3083 345300 2.0
3084 345422 2.0
3085 345495 2.0
3086 345568 2.0
3087 345647 2.0
3088 345718 2.0
3089 345796 2.0
3090 345880 2.0
3091 345973 2.0
3092 346032 2.0
3093 346123 2.0
3094 346200 2.0
3095 346273 2.0
3096 346365 2.0
3097 346461 2.0
3098 346535 2.0
3099 346596 2.0
3100 346695 2.0
3101 346760 2.0
3102 346823 2.0
3103 346887 2.0
3104 346953 2.0
3105 347022 2.0
3106 347141 2.0
3107 347205 2.0
3108 347270 2.0
3109 347349 2.0
3110 347420 2.0
3111 347498 2.0
3112 347557 2.0
3113 347635 2.0
3114 347695 2.0
3115 347763 2.0
3116 347835 2.0
3117 347909 2.0
3118 347985 2.0
3119 348063 2.0
3120 348142 2.0
3121 348211 2.0
3122 348286 2.0
3123 348360 2.0
3124 348447 2.0
3125 348516 2.0
3126 348577 2.0
3127 348660 2.0
3128 348759 2.0
3129 348893 2.0
3130 348973 2.0
3131 349073 2.0
3132 349170 2.0
3133 349236 2.0
3134 349303 2.0
3135 349416 2.0
3136 349506 2.0
3137 349587 2.0
3138 349661 2.0
3139 349717 2.0
3140 349783 2.0
3141 349869 2.0
3142 349958 2.0
3143 350016 2.0
3144 350093 2.0
3145 350167 2.0
3146 350244 2.0
3147 350383 2.0
3148 350461 2.0
3149 350534 2.0
3150 350608 2.0
3151 350677 2.0
3152 350748 2.0
3153 350823 2.0
3154 350896 2.0
3155 350961 2.0
3156 351031 2.0
3157 351110 2.0
3158 351172 2.0
3159 351234 2.0
3160 351316 2.0
3161 351396 2.0
3162 351471 2.0
3163 351539 2.0
3164 351626 2.0
3165 351706 2.0
3166 351859 2.0
3167 351934 2.0
3168 352003 2.0
3169 352089 2.0
3170 352169 2.0
3171 352282 2.0
3172 352349 2.0
3173 352436 2.0
3174 352519 2.0
3175 352617 2.0
3176 352682 2.0
3177 352795 2.0
3178 352962 2.0
3179 353027 2.0
3180 353130 2.0
3181 353205 2.0
3182 353348 2.0
3183 353422 2.0
3184 353498 2.0
3185 353582 2.0
3186 353638 2.0
3187 353713 2.0
3188 353787 2.0
3189 353861 2.0
3190 353930 2.0
3191 353991 2.0
3192 354090 2.0
3193 354152 2.0
3194 354212 2.0
3195 354281 2.0
3196 354338 2.0
3197 354408 2.0
3198 354486 2.0
3199 354593 2.0
3200 354671 2.0
3201 354834 2.0
3202 354911 2.0
3203 354981 2.0
3204 355063 2.0
3205 355139 2.0
3206 355229 2.0
3207 355304 2.0
3208 355423 2.0
3209 355480 2.0
3210 355561 2.0
3211 355649 2.0
3212 355703 2.0
3213 355782 2.0
3214 355880 2.0
3215 355952 2.0
3216 356025 2.0
3217 356101 2.0
3218 356173 2.0
3219 356320 2.0
3220 356416 2.0
3221 356499 2.0
3222 356562 2.0
3223 356655 2.0
3224 356733 2.0
3225 356787 2.0
3226 356883 2.0
3227 357013 2.0
3228 357082 2.0
3229 357142 2.0
3230 357209 2.0
3231 357270 2.0
3232 357346 2.0
3233 357414 2.0
3234 357489 2.0
3235 357564 2.0
3236 357630 2.0
3237 357709 2.0
3238 357775 2.0
3239 357851 2.0
3240 357938 2.0
3241 358036 2.0
3242 358103 2.0
3243 358172 2.0
3244 358243 2.0
3245 358315 2.0
3246 358414 2.0
3247 358488 2.0
3248 358564 2.0
3249 358633 2.0
3250 358700 2.0
3251 358773 2.0
3252 358846 2.0
3253 358921 2.0
3254 359006 2.0
3255 359107 2.0
3256 359186 2.0
3257 359271 2.0
3258 359359 2.0
3259 359437 2.0
3260 359553 2.0
3261 359662 2.0
3262 359717 2.0
3263 359792 2.0
3264 359903 2.0
3265 359976 2.0
3266 360071 2.0
3267 360154 2.0
3268 360317 2.0
3269 360372 2.0
3270 360441 2.0
3271 360527 2.0
3272 360601 2.0
3273 360690 2.0
3274 360775 2.0
3275 360868 2.0
3276 360958 2.0
3277 361037 2.0
3278 361106 2.0
3279 361182 2.0
3280 361266 2.0
3281 361331 2.0
3282 361411 2.0
3283 361477 2.0
3284 361544 2.0
3285 361624 2.0
3286 361695 2.0
3287 361762 2.0
3288 361824 2.0
3289 361899 2.0
3290 361987 2.0
3291 362084 2.0
3292 362159 2.0
3293 362233 2.0
3294 362309 2.0
3295 362386 2.0
3296 362454 2.0
3297 362521 2.0
3298 362581 2.0
3299 362687 2.0
3300 362767 2.0
3301 362916 2.0
3302 363000 2.0
3303 363251 2.0
3304 363327 2.0
3305 363393 2.0
3306 363597 2.0
3307 363656 2.0
3308 363749 2.0
3309 363826 2.0
3310 363897 2.0
3311 363982 2.0
3312 364072 2.0
3313 364176 2.0
3314 364238 2.0
3315 364307 2.0
3316 364389 2.0
3317 364462 2.0
3318 364536 2.0
3319 364603 2.0
3320 364671 2.0
3321 364735 2.0
3322 364806 2.0
3323 364936 2.0
3324 365022 2.0
3325 365089 2.0
3326 365161 2.0
3327 365216 2.0
3328 365282 2.0
3329 365355 2.0
3330 365434 2.0
3331 365504 2.0
3332 365584 2.0
3333 365656 2.0
3334 365726 2.0
3335 365804 2.0
3336 365907 2.0
3337 365972 2.0
3338 366049 2.0
3339 366127 2.0
3340 366188 2.0
3341 366259 2.0
3342 366358 2.0
3343 366431 2.0
3344 366509 2.0
3345 366598 2.0
3346 366684 2.0
3347 366752 2.0
3348 366818 2.0
3349 366901 2.0
3350 366978 2.0
3351 367042 2.0
3352 367120 2.0
3353 367189 2.0
3354 367243 2.0
3355 367318 2.0
3356 367382 2.0
3357 367469 2.0
3358 367551 2.0
3359 367605 2.0
3360 367682 2.0
3361 367762 2.0
3362 367841 2.0
3363 367956 2.0
3364 368027 2.0
3365 368120 2.0
3366 368195 2.0
3367 368283 2.0
3368 368370 2.0
3369 368461 2.0
3370 368526 2.0
3371 368613 2.0
3372 368701 2.0
3373 368785 2.0
3374 368874 2.0
3375 368984 2.0
3376 369063 2.0
3377 369147 2.0
3378 369207 2.0
3379 369279 2.0
3380 369354 2.0
3381 369516 2.0
3382 369592 2.0
3383 369660 2.0
3384 369728 2.0
3385 369817 2.0
3386 369920 2.0
3387 369978 2.0
3388 370161 2.0
3389 370259 2.0
3390 370366 2.0
3391 370433 2.0
3392 370496 2.0
3393 370591 2.0
3394 370671 2.0
3395 370745 2.0
3396 370802 2.0
3397 370870 2.0
3398 370946 2.0
3399 371014 2.0
3400 371095 2.0
3401 371299 2.0
3402 371367 2.0
3403 371451 2.0
3404 371515 2.0
3405 371575 2.0
3406 371665 2.0
3407 371745 2.0
3408 371823 2.0
3409 371904 2.0
3410 371975 2.0
3411 372042 2.0
3412 372101 2.0
3413 372169 2.0
3414 372292 2.0
3415 372379 2.0
3416 372449 2.0
3417 372525 2.0
3418 372615 2.0
3419 372679 2.0
3420 372754 2.0
3421 372847 2.0
3422 372920 2.0
3423 372996 2.0
3424 373091 2.0
3425 373191 2.0
3426 373252 2.0
3427 373338 2.0
3428 373412 2.0
3429 373502 2.0
3430 373576 2.0
3431 373653 2.0
3432 373737 2.0
3433 373817 2.0
3434 373909 2.0
3435 373982 2.0
3436 374060 2.0
3437 374138 2.0
3438 374291 2.0
3439 374360 2.0
3440 374417 2.0
3441 374492 2.0
3442 374583 2.0
3443 374673 2.0
3444 374755 2.0
3445 374815 2.0
3446 374888 2.0
3447 374976 2.0
3448 375114 2.0
3449 375171 2.0
3450 375241 2.0
3451 375312 2.0
3452 375371 2.0
3453 375438 2.0
3454 375517 2.0
3455 375616 2.0
3456 375676 2.0
3457 375731 2.0
3458 375783 2.0
3459 375848 2.0
3460 375916 2.0
3461 375979 2.0
3462 376036 2.0
3463 376118 2.0
3464 376178 2.0
3465 376263 2.0
3466 376343 2.0
3467 376418 2.0
3468 376510 2.0
3469 376572 2.0
3470 376637 2.0
3471 376710 2.0
3472 376792 2.0
3473 376866 2.0
3474 376950 2.0
3475 377020 2.0
3476 377095 2.0
3477 377225 2.0
3478 377291 2.0
3479 377380 2.0
3480 377435 2.0
3481 377509 2.0
3482 377580 2.0
3483 377711 2.0
3484 377769 2.0
3485 377840 2.0
3486 377909 2.0
3487 377999 2.0
3488 378079 2.0
3489 378144 2.0
3490 378227 2.0
3491 378314 2.0
3492 378374 2.0
3493 378437 2.0
3494 378532 2.0
3495 378591 2.0
3496 378679 2.0
3497 378764 2.0
3498 378829 2.0
3499 378920 2.0
3500 378998 2.0
3501 379077 2.0
3502 379148 2.0
3503 379219 2.0
3504 379301 2.0
3505 379365 2.0
3506 379453 2.0
3507 379540 2.0
3508 379620 2.0
3509 379676 2.0
3510 379823 2.0
3511 379901 2.0
3512 379978 2.0
3513 380048 2.0
3514 380110 2.0
3515 380195 2.0
3516 380264 2.0
3517 380329 2.0
3518 380445 2.0
3519 380513 2.0
3520 380584 2.0
3521 380646 2.0
3522 380715 2.0
3523 380789 2.0
3524 380868 2.0
3525 380941 2.0
3526 381007 2.0
3527 381060 2.0
3528 381138 2.0
3529 381233 2.0
3530 381316 2.0
3531 381389 2.0
3532 381516 2.0
3533 381600 2.0
3534 381665 2.0
3535 381734 2.0
3536 381813 2.0
3537 381877 2.0
3538 381952 2.0
3539 382022 2.0
3540 382096 2.0
3541 382273 2.0
3542 382344 2.0
3543 382406 2.0
3544 382468 2.0
3545 382551 2.0
3546 382653 2.0
3547 382738 2.0
3548 382804 2.0
3549 382862 2.0
3550 382943 2.0
3551 383015 2.0
3552 383081 2.0
3553 383173 2.0
3554 383244 2.0
3555 383301 2.0
3556 383391 2.0
3557 383480 2.0
3558 383566 2.0
3559 383640 2.0
3560 383718 2.0
3561 383785 2.0
3562 383892 2.0
3563 383954 2.0
3564 384060 2.0
3565 384155 2.0
3566 384217 2.0
3567 384321 2.0
3568 384373 2.0
3569 384457 2.0
3570 384536 2.0
3571 384638 2.0
3572 384725 2.0
3573 384809 2.0
3574 384885 2.0
3575 384966 2.0
3576 385064 2.0
3577 385128 2.0
3578 385188 2.0
3579 385267 2.0
3580 385339 2.0
3581 385410 2.0
3582 385471 2.0
3583 385552 2.0
3584 385633 2.0
3585 385808 2.0
3586 385866 2.0
3587 385949 2.0
3588 386013 2.0
3589 386077 2.0
3590 386145 2.0
3591 386217 2.0
3592 386315 2.0
3593 386397 2.0
3594 386483 2.0
3595 386560 2.0
3596 386620 2.0
3597 386695 2.0
3598 386967 2.0
3599 387030 2.0
3600 387093 2.0
3601 387157 2.0
3602 387228 2.0
3603 387329 2.0
3604 387402 2.0
3605 387476 2.0
3606 387552 2.0
3607 387634 2.0
3608 387702 2.0
3609 387771 2.0
3610 387858 2.0
3611 387925 2.0
3612 388003 2.0
3613 388074 2.0
3614 388217 2.0
3615 388294 2.0
3616 388368 2.0
3617 388442 2.0
3618 388510 2.0
3619 388604 2.0
3620 388700 2.0
3621 388773 2.0
3622 388850 2.0
3623 388912 2.0
3624 388976 2.0
3625 389041 2.0
3626 389115 2.0
3627 389189 2.0
3628 389262 2.0
3629 389328 2.0
3630 389406 2.0
3631 389494 2.0
3632 389558 2.0
3633 389644 2.0
3634 389711 2.0
3635 389776 2.0
3636 389849 2.0
3637 389916 2.0
3638 389996 2.0
3639 390074 2.0
3640 390149 2.0
3641 390210 2.0
3642 390302 2.0
3643 390372 2.0
3644 390438 2.0
3645 390506 2.0
3646 390567 2.0
3647 390637 2.0
3648 390718 2.0
3649 390775 2.0
3650 390839 2.0
3651 390931 2.0
3652 391001 2.0
3653 391061 2.0
3654 391132 2.0
3655 391203 2.0
3656 391282 2.0
3657 391358 2.0
3658 391485 2.0
3659 391558 2.0
3660 391639 2.0
3661 391842 2.0
3662 391898 2.0
3663 391953 2.0
3664 392031 2.0
3665 392105 2.0
3666 392177 2.0
