1 300 0.0
2 600 0.0
3 900 0.0
4 1200 0.0
5 1500 0.0
6 1800 0.0
7 2100 0.0
8 2400 0.0
9 2700 0.0
10 3000 0.0
11 3300 0.0
12 3600 0.0
13 3900 0.0
14 4200 0.0
15 4500 0.0
16 4800 0.0
17 5100 0.0
18 5400 0.0
19 5700 0.0
20 6000 0.0
21 6300 0.0
22 6600 0.0
23 6900 0.0
24 7200 0.0
25 7500 0.0
26 7800 0.0
27 8100 0.0
28 8400 0.0
29 8700 0.0
30 9000 0.0
31 9300 0.0
32 9600 0.0
33 9900 0.0
34 10200 0.0
35 10500 0.0
36 10800 0.0
37 11100 0.0
38 11400 0.0
39 11700 0.0
40 12000 0.0
41 12300 0.0
42 12600 0.0
43 12900 0.0
44 13200 0.0
45 13500 0.0
46 13800 0.0
47 14100 0.0
48 14400 0.0
49 14700 0.0
50 15000 0.0
51 15300 0.0
52 15600 0.0
53 15900 0.0
54 16200 0.0
55 16500 0.0
56 16800 0.0
57 17100 0.0
58 17400 0.0
59 17700 0.0
60 18000 0.0
61 18300 0.0
62 18600 0.0
63 18900 0.0
64 19200 0.0
65 19500 0.0
66 19800 0.0
67 20100 0.0
68 20400 0.0
69 20700 0.0
70 21000 0.0
71 21300 0.0
72 21600 0.0
73 21900 0.0
74 22200 0.0
75 22500 0.0
76 22800 0.0
77 23100 0.0
78 23400 0.0
79 23700 0.0
80 24000 0.0
81 24300 0.0
82 24600 0.0
83 24900 0.0
84 25200 0.0
85 25500 0.0
86 25800 0.0
87 26100 0.0
88 26400 0.0
89 26700 0.0
90 27000 0.0
91 27300 0.0
92 27600 0.0
93 27900 0.0
94 28200 0.0
95 28500 0.0
96 28800 0.0
97 29100 0.0
98 29400 0.0
99 29700 0.0
100 30000 0.0
101 30300 0.0
102 30600 0.0
103 30900 0.0
104 31200 0.0
105 31500 0.0
106 31800 0.0
107 32100 0.0
108 32400 0.0
109 32700 0.0
110 33000 0.0
111 33300 0.0
112 33600 0.0
113 33900 0.0
114 34200 0.0
115 34500 0.0
116 34800 0.0
117 35100 0.0
118 35400 0.0
119 35700 0.0
120 36000 0.0
121 36300 0.0
122 36600 0.0
123 36900 0.0
124 37200 0.0
125 37500 0.0
126 37800 0.0
127 38100 0.0
128 38400 0.0
129 38700 0.0
130 39000 0.0
131 39300 0.0
132 39600 0.0
133 39900 0.0
134 40200 0.0
135 40500 0.0
136 40800 0.0
137 41100 0.0
138 41400 0.0
139 41700 0.0
140 42000 0.0
141 42300 0.0
142 42600 0.0
143 42900 0.0
144 43200 0.0
145 43500 0.0
146 43800 0.0
147 44100 0.0
148 44400 0.0
149 44700 0.0
150 45000 0.0
151 45300 0.0
152 45600 0.0
153 45900 0.0
154 46200 0.0
155 46500 0.0
156 46800 0.0
157 47100 0.0
158 47400 0.0
159 47700 0.0
160 48000 0.0
161 48300 0.0
162 48600 0.0
163 48900 0.0
164 49200 0.0
165 49500 0.0
166 49800 0.0
167 50100 0.0
168 50400 0.0
169 50700 0.0
170 51000 0.0
171 51300 0.0
172 51600 0.0
173 51900 0.0
174 52200 0.0
175 52500 0.0
176 52800 0.0
177 53100 0.0
178 53400 0.0
179 53700 0.0
180 54000 0.0
181 54300 0.0
182 54600 0.0
183 54900 0.0
184 55200 0.0
185 55500 0.0
186 55800 0.0
187 56100 0.0
188 56400 0.0
189 56700 0.0
190 57000 0.0
191 57300 0.0
192 57600 0.0
193 57900 0.0
194 58200 0.0
195 58500 0.0
196 58800 0.0
197 59100 0.0
198 59400 0.0
199 59700 0.0
200 60000 0.0
201 60300 0.0
202 60600 0.0
203 60900 0.0
204 61200 0.0
205 61500 0.0
206 61800 0.0
207 62100 0.0
208 62400 0.0
209 62700 0.0
210 63000 0.0
211 63300 0.0
212 63600 0.0
213 63900 0.0
214 64200 0.0
215 64500 0.0
216 64800 0.0
217 65100 0.0
218 65400 0.0
219 65700 0.0
220 66000 0.0
221 66300 0.0
222 66600 0.0
223 66900 0.0
224 67200 0.0
225 67500 0.0
226 67800 0.0
227 68100 0.0
228 68400 0.0
229 68700 0.0
230 69000 0.0
231 69300 0.0
232 69600 0.0
233 69900 0.0
234 70200 0.0
235 70500 0.0
236 70800 0.0
237 71100 0.0
238 71400 0.0
239 71700 0.0
240 72000 0.0
241 72300 0.0
242 72600 0.0
243 72900 0.0
244 73200 0.0
245 73500 0.0
246 73800 0.0
247 74100 0.0
248 74400 0.0
249 74700 0.0
250 75000 0.0
251 75300 0.0
252 75600 0.0
253 75900 0.0
254 76200 0.0
255 76500 0.0
256 76800 0.0
257 77100 0.0
258 77400 0.0
259 77700 0.0
260 78000 0.0
261 78300 0.0
262 78600 0.0
263 78900 0.0
264 79200 0.0
265 79500 0.0
266 79800 0.0
267 80100 0.0
268 80400 0.0
269 80700 0.0
270 81000 0.0
271 81300 0.0
272 81600 0.0
273 81900 0.0
274 82200 0.0
275 82500 0.0
276 82800 0.0
277 83100 0.0
278 83400 0.0
279 83700 0.0
280 84000 0.0
281 84300 0.0
282 84600 0.0
283 84900 0.0
284 85200 0.0
285 85500 0.0
286 85800 0.0
287 86100 0.0
288 86400 0.0
289 86700 0.0
290 87000 0.0
291 87300 0.0
292 87600 0.0
293 87900 0.0
294 88200 0.0
295 88500 0.0
296 88800 0.0
297 89100 0.0
298 89400 0.0
299 89700 0.0
300 90000 0.0
301 90300 0.0
302 90600 0.0
303 90900 0.0
304 91200 0.0
305 91500 0.0
306 91800 0.0
307 92100 0.0
308 92400 0.0
309 92700 0.0
310 93000 0.0
311 93300 0.0
312 93600 0.0
313 93900 0.0
314 94200 0.0
315 94500 0.0
316 94800 0.0
317 95100 0.0
318 95400 0.0
319 95700 0.0
320 96000 0.0
321 96300 0.0
322 96600 0.0
323 96900 0.0
324 97200 0.0
325 97500 0.0
326 97800 0.0
327 98100 0.0
328 98400 0.0
329 98700 0.0
330 99000 0.0
331 99300 0.0
332 99600 0.0
333 99900 0.0
334 100200 0.0
335 100500 0.0
336 100800 0.0
337 101100 0.0
338 101400 0.0
339 101700 0.0
340 102000 0.0
341 102300 0.0
342 102600 0.0
343 102900 0.0
344 103200 0.0
345 103500 0.0
346 103800 0.0
347 104100 0.0
348 104400 0.0
349 104700 0.0
350 105000 0.0
351 105300 0.0
352 105600 0.0
353 105900 0.0
354 106200 0.0
355 106500 0.0
356 106800 0.0
357 107100 0.0
358 107400 0.0
359 107700 0.0
360 108000 0.0
361 108300 0.0
362 108600 0.0
363 108900 0.0
364 109200 0.0
365 109500 0.0
366 109800 0.0
367 110100 0.0
368 110400 0.0
369 110700 0.0
370 111000 0.0
371 111300 0.0
372 111600 0.0
373 111900 0.0
374 112200 0.0
375 112500 0.0
376 112800 0.0
377 113100 0.0
378 113400 0.0
379 113700 0.0
380 114000 0.0
381 114300 0.0
382 114600 0.0
383 114900 0.0
384 115200 0.0
385 115500 0.0
386 115800 0.0
387 116100 0.0
388 116400 0.0
389 116700 0.0
390 117000 0.0
391 117300 0.0
392 117600 0.0
393 117900 0.0
394 118200 0.0
395 118500 0.0
396 118800 0.0
397 119100 0.0
398 119400 0.0
399 119700 0.0
400 120000 0.0
401 120300 0.0
402 120600 0.0
403 120900 0.0
404 121200 0.0
405 121500 0.0
406 121800 0.0
407 122100 0.0
408 122400 0.0
409 122700 0.0
410 123000 0.0
411 123300 0.0
412 123600 0.0
413 123900 0.0
414 124200 0.0
415 124500 0.0
416 124800 0.0
417 125100 0.0
418 125400 0.0
419 125700 0.0
420 126000 0.0
421 126300 0.0
422 126600 0.0
423 126900 0.0
424 127200 0.0
425 127500 0.0
426 127800 0.0
427 128100 0.0
428 128400 0.0
429 128700 0.0
430 129000 0.0
431 129300 0.0
432 129600 0.0
433 129900 0.0
434 130200 0.0
435 130500 0.0
436 130800 0.0
437 131100 0.0
438 131400 0.0
439 131700 0.0
440 132000 0.0
441 132300 0.0
442 132600 0.0
443 132900 0.0
444 133200 0.0
445 133500 0.0
446 133800 0.0
447 134100 0.0
448 134400 0.0
449 134700 0.0
450 135000 0.0
451 135300 0.0
452 135600 0.0
453 135900 0.0
454 136200 0.0
455 136500 0.0
456 136800 0.0
457 137100 0.0
458 137400 0.0
459 137700 0.0
460 138000 0.0
461 138300 0.0
462 138600 0.0
463 138900 0.0
464 139200 0.0
465 139500 0.0
466 139800 0.0
467 140100 0.0
468 140400 0.0
469 140700 0.0
470 141000 0.0
471 141300 0.0
472 141600 0.0
473 141900 0.0
474 142200 0.0
475 142500 0.0
476 142800 0.0
477 143100 0.0
478 143400 0.0
479 143700 0.0
480 144000 0.0
481 144300 0.0
482 144600 0.0
483 144900 0.0
484 145200 0.0
485 145500 0.0
486 145800 0.0
487 146100 0.0
488 146400 0.0
489 146700 0.0
490 147000 0.0
491 147300 0.0
492 147600 0.0
493 147900 0.0
494 148200 0.0
495 148500 0.0
496 148800 0.0
497 149100 0.0
498 149400 0.0
499 149700 0.0
500 150000 0.0
501 150300 0.0
502 150600 0.0
503 150900 0.0
504 151200 0.0
505 151500 0.0
506 151800 0.0
507 152100 0.0
508 152400 0.0
509 152700 0.0
510 153000 0.0
511 153300 0.0
512 153600 0.0
513 153900 0.0
514 154200 0.0
515 154500 0.0
516 154800 0.0
517 155100 0.0
518 155400 0.0
519 155700 0.0
520 156000 0.0
521 156300 0.0
522 156600 0.0
523 156900 0.0
524 157200 0.0
525 157500 0.0
526 157800 0.0
527 158100 0.0
528 158400 0.0
529 158700 0.0
530 159000 0.0
531 159300 0.0
532 159600 0.0
533 159900 0.0
534 160200 0.0
535 160500 0.0
536 160800 0.0
537 161100 0.0
538 161400 0.0
539 161700 0.0
540 162000 0.0
541 162300 0.0
542 162600 0.0
543 162900 0.0
544 163200 0.0
545 163500 0.0
546 163800 0.0
547 164100 0.0
548 164400 0.0
549 164700 0.0
550 165000 0.0
551 165300 0.0
552 165600 0.0
553 165900 0.0
554 166200 0.0
555 166500 0.0
556 166800 0.0
557 167100 0.0
558 167400 0.0
559 167700 0.0
560 168000 0.0
561 168300 0.0
562 168600 0.0
563 168900 0.0
564 169200 0.0
565 169500 0.0
566 169800 0.0
567 170100 0.0
568 170400 0.0
569 170700 0.0
570 171000 0.0
571 171300 0.0
572 171600 0.0
573 171900 0.0
574 172200 0.0
575 172500 0.0
576 172800 0.0
577 173100 0.0
578 173400 0.0
579 173700 0.0
580 174000 0.0
581 174300 0.0
582 174600 0.0
583 174900 0.0
584 175200 0.0
585 175500 0.0
586 175800 0.0
587 176100 0.0
588 176400 0.0
589 176700 0.0
590 177000 0.0
591 177300 0.0
592 177600 0.0
593 177900 0.0
594 178200 0.0
595 178500 0.0
596 178800 0.0
597 179100 0.0
598 179400 0.0
599 179700 0.0
600 180000 0.0
601 180300 0.0
602 180600 0.0
603 180900 0.0
604 181200 0.0
605 181500 0.0
606 181800 0.0
607 182100 0.0
608 182400 0.0
609 182700 0.0
610 183000 0.0
611 183300 0.0
612 183600 0.0
613 183900 0.0
614 184200 0.0
615 184500 0.0
616 184800 0.0
617 185100 0.0
618 185400 0.0
619 185700 0.0
620 186000 0.0
621 186300 0.0
622 186600 0.0
623 186900 0.0
624 187200 0.0
625 187500 0.0
626 187800 0.0
627 188100 0.0
628 188400 0.0
629 188700 0.0
630 189000 0.0
631 189300 0.0
632 189600 0.0
633 189900 0.0
634 190200 0.0
635 190500 0.0
636 190800 0.0
637 191100 0.0
638 191400 0.0
639 191700 0.0
640 192000 0.0
641 192300 0.0
642 192600 0.0
643 192900 0.0
644 193200 0.0
645 193500 0.0
646 193800 0.0
647 194100 0.0
648 194400 0.0
649 194700 0.0
650 195000 0.0
651 195300 0.0
652 195600 0.0
653 195900 0.0
654 196200 0.0
655 196500 0.0
656 196800 0.01
657 197100 0.02
658 197400 0.03
659 197700 0.03
660 198000 0.04
661 198300 0.05
662 198600 0.060000000000000005
663 198900 0.08
664 199200 0.09
665 199500 0.09999999999999999
666 199800 0.10999999999999999
667 200100 0.10999999999999999
668 200400 0.10999999999999999
669 200700 0.11
670 201000 0.13
671 201300 0.14
672 201600 0.15000000000000002
673 201900 0.17
674 202200 0.19
675 202500 0.2
676 202800 0.19999999999999998
677 203100 0.21
678 203400 0.23
679 203700 0.24000000000000002
680 204000 0.25
681 204300 0.26
682 204600 0.27
683 204900 0.28
684 205200 0.30000000000000004
685 205500 0.32000000000000006
686 205800 0.33000000000000007
687 206100 0.3500000000000001
688 206400 0.37000000000000005
689 206700 0.39000000000000007
690 207000 0.4000000000000001
691 207300 0.41000000000000003
692 207600 0.43000000000000005
693 207900 0.45000000000000007
694 208200 0.4600000000000001
695 208500 0.4700000000000001
696 208800 0.4900000000000001
697 209100 0.5000000000000001
698 209400 0.5100000000000001
699 209700 0.5200000000000001
700 210000 0.54
701 210300 0.56
702 210600 0.5800000000000001
703 210900 0.6000000000000001
704 211200 0.6200000000000001
705 211500 0.6300000000000001
706 211800 0.6500000000000001
707 212100 0.6700000000000002
708 212400 0.6900000000000002
709 212700 0.7100000000000002
710 213000 0.7300000000000001
711 213300 0.74
712 213600 0.76
713 213900 0.78
714 214200 0.8
715 214500 0.81
716 214800 0.8300000000000001
717 215100 0.8500000000000001
718 215400 0.8700000000000001
719 215700 0.8900000000000001
720 216000 0.91
721 216300 0.93
722 216600 0.9500000000000001
723 216900 0.9700000000000001
724 217200 0.9900000000000001
725 217500 1.01
726 217800 1.03
727 218100 1.05
728 218400 1.07
729 218700 1.09
730 219000 1.11
731 219300 1.1300000000000001
732 219600 1.1500000000000001
733 219900 1.1700000000000002
734 220200 1.1900000000000002
735 220500 1.2100000000000002
736 220800 1.2300000000000002
737 221100 1.2500000000000002
738 221400 1.2700000000000002
739 221700 1.2900000000000003
740 222000 1.3100000000000003
741 222300 1.3300000000000003
742 222600 1.35
743 222900 1.37
744 223200 1.3900000000000001
745 223500 1.4100000000000001
746 223800 1.4300000000000002
747 224100 1.4500000000000002
748 224400 1.4700000000000002
749 224700 1.49
750 225000 1.51
751 225300 1.53
752 225600 1.55
753 225900 1.57
754 226200 1.59
755 226500 1.61
756 226800 1.62
757 227100 1.6300000000000001
758 227400 1.6400000000000001
759 227700 1.6600000000000001
760 228000 1.6700000000000002
761 228300 1.6800000000000002
762 228510 1.6900000000000002
763 228810 1.6900000000000002
764 229110 1.7000000000000002
765 229410 1.7100000000000002
766 229710 1.7200000000000002
767 230010 1.7400000000000002
768 230310 1.7600000000000002
769 230442 1.7800000000000002
770 230742 1.7800000000000002
771 231042 1.7900000000000003
772 231151 1.8000000000000003
773 231319 1.8000000000000003
774 231619 1.8000000000000003
775 231919 1.8100000000000003
776 232219 1.8300000000000003
777 232511 1.8400000000000003
778 232811 1.8400000000000003
779 233111 1.8500000000000003
780 233411 1.8600000000000003
781 233711 1.8700000000000003
782 234011 1.8800000000000003
783 234115 1.8900000000000003
784 234349 1.8900000000000003
785 234649 1.8900000000000003
786 234944 1.9000000000000004
787 235130 1.9000000000000004
788 235415 1.9000000000000004
789 235715 1.9000000000000004
790 236015 1.9100000000000004
791 236199 1.9200000000000004
792 236341 1.9200000000000004
793 236641 1.9200000000000004
794 236941 1.9300000000000004
795 237097 1.9400000000000004
796 237397 1.9400000000000004
797 237697 1.9500000000000004
798 237997 1.9600000000000004
799 238224 1.9700000000000002
800 238478 1.9700000000000002
801 238607 1.9700000000000002
802 238749 1.9700000000000002
803 238929 1.9700000000000002
804 239229 1.9700000000000002
805 239505 1.9800000000000004
806 239786 1.9800000000000004
807 239884 1.9800000000000004
808 240061 1.9800000000000004
809 240136 1.9800000000000004
810 240436 1.9800000000000004
811 240630 1.9900000000000002
812 240828 1.9900000000000002
813 240989 1.9900000000000002
814 241289 1.9900000000000002
815 241360 2.0
816 241588 2.0
817 241818 2.0
818 241983 2.0
819 242152 2.0
820 242304 2.0
821 242458 2.0
822 242620 2.0
823 242738 2.0
824 242854 2.0
825 243034 2.0
826 243118 2.0
827 243277 2.0
828 243412 2.0
829 243503 2.0
830 243674 2.0
831 243807 2.0
832 243910 2.0
833 244030 2.0
834 244165 2.0
835 244268 2.0
836 244442 2.0
837 244539 2.0
838 244663 2.0
839 244787 2.0
840 244882 2.0
841 245016 2.0
842 245104 2.0
843 245228 2.0
844 245363 2.0
845 245460 2.0
846 245601 2.0
847 245768 2.0
848 245929 2.0
849 246168 2.0
850 246256 2.0
851 246443 2.0
852 246572 2.0
853 246697 2.0
854 246858 2.0
855 246967 2.0
856 247098 2.0
857 247291 2.0
858 247394 2.0
859 247493 2.0
860 247587 2.0
861 247704 2.0
862 247873 2.0
863 247993 2.0
864 248101 2.0
865 248258 2.0
866 248355 2.0
867 248479 2.0
868 248553 2.0
869 248773 2.0
870 248909 2.0
871 249093 2.0
872 249176 2.0
873 249261 2.0
874 249342 2.0
875 249429 2.0
876 249551 2.0
877 249652 2.0
878 249735 2.0
879 249847 2.0
880 249939 2.0
881 250014 2.0
882 250101 2.0
883 250277 2.0
884 250339 2.0
885 250436 2.0
886 250569 2.0
887 250732 2.0
888 250818 2.0
889 250944 2.0
890 251081 2.0
891 251167 2.0
892 251323 2.0
893 251438 2.0
894 251544 2.0
895 251659 2.0
896 251748 2.0
897 251819 2.0
898 251920 2.0
899 252046 2.0
900 252151 2.0
901 252227 2.0
902 252303 2.0
903 252401 2.0
904 252556 2.0
905 252652 2.0
906 252787 2.0
907 252873 2.0
908 252938 2.0
909 253021 2.0
910 253167 2.0
911 253276 2.0
912 253362 2.0
913 253482 2.0
914 253582 2.0
915 253712 2.0
916 253812 2.0
917 253922 2.0
918 254016 2.0
919 254210 2.0
920 254321 2.0
921 254426 2.0
922 254528 2.0
923 254786 2.0
924 254904 2.0
925 254988 2.0
926 255085 2.0
927 255168 2.0
928 255323 2.0
929 255402 2.0
930 255466 2.0
931 255544 2.0
932 255691 2.0
933 255785 2.0
934 255955 2.0
935 256126 2.0
936 256235 2.0
937 256414 2.0
938 256501 2.0
939 256596 2.0
940 256682 2.0
941 256808 2.0
942 256921 2.0
943 257015 2.0
944 257095 2.0
945 257168 2.0
946 257276 2.0
947 257363 2.0
948 257562 2.0
949 257707 2.0
950 257831 2.0
951 257979 2.0
952 258116 2.0
953 258244 2.0
954 258344 2.0
955 258458 2.0
956 258608 2.0
957 258708 2.0
958 258814 2.0
959 258894 2.0
960 258969 2.0
961 259083 2.0
962 259177 2.0
963 259296 2.0
964 259444 2.0
965 259532 2.0
966 259659 2.0
967 259754 2.0
968 259868 2.0
969 259998 2.0
970 260091 2.0
971 260254 2.0
972 260426 2.0
973 260552 2.0
974 260628 2.0
975 260707 2.0
976 260782 2.0
977 260886 2.0
978 260989 2.0
979 261049 2.0
980 261253 2.0
981 261370 2.0
982 261470 2.0
983 261586 2.0
984 261681 2.0
985 261769 2.0
986 261881 2.0
987 261995 2.0
988 262112 2.0
989 262197 2.0
990 262287 2.0
991 262418 2.0
992 262491 2.0
993 262589 2.0
994 262655 2.0
995 262716 2.0
996 262840 2.0
997 262933 2.0
998 263052 2.0
999 263198 2.0
1000 263293 2.0
1001 263446 2.0
1002 263538 2.0
1003 263604 2.0
1004 263712 2.0
1005 263875 2.0
1006 263959 2.0
1007 264045 2.0
1008 264130 2.0
1009 264260 2.0
1010 264333 2.0
1011 264443 2.0
1012 264538 2.0
1013 264613 2.0
1014 264719 2.0
1015 264798 2.0
1016 264869 2.0
1017 265005 2.0
1018 265087 2.0
1019 265166 2.0
1020 265252 2.0
1021 265362 2.0
1022 265434 2.0
1023 265500 2.0
1024 265655 2.0
1025 265775 2.0
1026 265878 2.0
1027 265952 2.0
1028 266059 2.0
1029 266132 2.0
1030 266214 2.0
1031 266324 2.0
1032 266456 2.0
1033 266540 2.0
1034 266650 2.0
1035 266737 2.0
1036 266849 2.0
1037 266986 2.0
1038 267055 2.0
1039 267168 2.0
1040 267257 2.0
1041 267336 2.0
1042 267412 2.0
1043 267492 2.0
1044 267563 2.0
1045 267625 2.0
1046 267702 2.0
1047 267782 2.0
1048 267854 2.0
1049 267975 2.0
1050 268046 2.0
1051 268116 2.0
1052 268220 2.0
1053 268293 2.0
1054 268443 2.0
1055 268506 2.0
1056 268622 2.0
1057 268728 2.0
1058 268817 2.0
1059 268899 2.0
1060 269119 2.0
1061 269217 2.0
1062 269302 2.0
1063 269431 2.0
1064 269539 2.0
1065 269652 2.0
1066 269719 2.0
1067 269852 2.0
1068 269937 2.0
1069 269999 2.0
1070 270067 2.0
1071 270201 2.0
1072 270287 2.0
1073 270445 2.0
1074 270543 2.0
1075 270644 2.0
1076 270733 2.0
1077 270807 2.0
1078 270887 2.0
1079 271002 2.0
1080 271086 2.0
1081 271175 2.0
1082 271254 2.0
1083 271344 2.0
1084 271462 2.0
1085 271660 2.0
1086 271772 2.0
1087 271883 2.0
1088 271998 2.0
1089 272121 2.0
1090 272269 2.0
1091 272367 2.0
1092 272462 2.0
1093 272570 2.0
1094 272639 2.0
1095 272727 2.0
1096 272899 2.0
1097 272980 2.0
1098 273092 2.0
1099 273225 2.0
1100 273317 2.0
1101 273406 2.0
1102 273479 2.0
1103 273546 2.0
1104 273686 2.0
1105 273785 2.0
1106 273979 2.0
1107 274130 2.0
1108 274222 2.0
1109 274289 2.0
1110 274361 2.0
1111 274507 2.0
1112 274581 2.0
1113 274694 2.0
1114 274778 2.0
1115 274855 2.0
1116 274978 2.0
1117 275075 2.0
1118 275157 2.0
1119 275227 2.0
1120 275314 2.0
1121 275489 2.0
1122 275612 2.0
1123 275668 2.0
1124 275760 2.0
1125 275835 2.0
1126 275920 2.0
1127 275987 2.0
1128 276104 2.0
1129 276182 2.0
1130 276263 2.0
1131 276376 2.0
1132 276454 2.0
1133 276522 2.0
1134 276643 2.0
1135 276723 2.0
1136 276818 2.0
1137 276914 2.0
1138 277018 2.0
1139 277134 2.0
1140 277314 2.0
1141 277419 2.0
1142 277497 2.0
1143 277579 2.0
1144 277661 2.0
1145 277736 2.0
1146 277821 2.0
1147 277910 2.0
1148 278004 2.0
1149 278076 2.0
1150 278193 2.0
1151 278272 2.0
1152 278434 2.0
1153 278517 2.0
1154 278595 2.0
1155 278682 2.0
1156 278812 2.0
1157 278925 2.0
1158 279018 2.0
1159 279087 2.0
1160 279181 2.0
1161 279304 2.0
1162 279380 2.0
1163 279457 2.0
1164 279540 2.0
1165 279649 2.0
1166 279739 2.0
1167 279804 2.0
1168 279920 2.0
1169 280009 2.0
1170 280088 2.0
1171 280189 2.0
1172 280285 2.0
1173 280371 2.0
1174 280496 2.0
1175 280565 2.0
1176 280651 2.0
1177 280754 2.0
1178 280869 2.0
1179 280967 2.0
1180 281071 2.0
1181 281164 2.0
1182 281233 2.0
1183 281305 2.0
1184 281405 2.0
1185 281469 2.0
1186 281581 2.0
1187 281694 2.0
1188 281768 2.0
1189 281866 2.0
1190 281962 2.0
1191 282039 2.0
1192 282102 2.0
1193 282212 2.0
1194 282321 2.0
1195 282448 2.0
1196 282538 2.0
1197 282619 2.0
1198 282725 2.0
1199 282818 2.0
1200 282909 2.0
1201 282989 2.0
1202 283106 2.0
1203 283232 2.0
1204 283320 2.0
1205 283396 2.0
1206 283490 2.0
1207 283556 2.0
1208 283672 2.0
1209 283769 2.0
1210 283851 2.0
1211 283952 2.0
1212 284101 2.0
1213 284175 2.0
1214 284238 2.0
1215 284315 2.0
1216 284399 2.0
1217 284474 2.0
1218 284551 2.0
1219 284705 2.0
1220 284781 2.0
1221 284855 2.0
1222 284965 2.0
1223 285055 2.0
1224 285148 2.0
1225 285225 2.0
1226 285330 2.0
1227 285434 2.0
1228 285561 2.0
1229 285629 2.0
1230 285728 2.0
1231 285807 2.0
1232 285915 2.0
1233 285979 2.0
1234 286048 2.0
1235 286168 2.0
1236 286239 2.0
1237 286318 2.0
1238 286394 2.0
1239 286515 2.0
1240 286605 2.0
1241 286695 2.0
1242 286818 2.0
1243 286908 2.0
1244 287008 2.0
1245 287069 2.0
1246 287170 2.0
1247 287243 2.0
1248 287315 2.0
1249 287411 2.0
1250 287521 2.0
1251 287639 2.0
1252 287752 2.0
1253 287824 2.0
1254 287894 2.0
1255 287972 2.0
1256 288064 2.0
1257 288151 2.0
1258 288256 2.0
1259 288318 2.0
1260 288382 2.0
1261 288496 2.0
1262 288556 2.0
1263 288653 2.0
1264 288736 2.0
1265 288818 2.0
1266 288893 2.0
1267 288968 2.0
1268 289037 2.0
1269 289152 2.0
1270 289270 2.0
1271 289363 2.0
1272 289472 2.0
1273 289566 2.0
1274 289731 2.0
1275 289821 2.0
1276 289888 2.0
1277 290001 2.0
1278 290081 2.0
1279 290169 2.0
1280 290233 2.0
1281 290308 2.0
1282 290391 2.0
1283 290539 2.0
1284 290650 2.0
1285 290729 2.0
1286 290893 2.0
1287 290957 2.0
1288 291039 2.0
1289 291100 2.0
1290 291207 2.0
1291 291306 2.0
1292 291386 2.0
1293 291525 2.0
1294 291612 2.0
1295 291688 2.0
1296 291756 2.0
1297 291857 2.0
1298 291921 2.0
1299 292011 2.0
1300 292097 2.0
1301 292204 2.0
1302 292293 2.0
1303 292398 2.0
1304 292461 2.0
1305 292561 2.0
1306 292629 2.0
1307 292699 2.0
1308 292775 2.0
1309 292838 2.0
1310 292916 2.0
1311 292975 2.0
1312 293041 2.0
1313 293145 2.0
1314 293237 2.0
1315 293322 2.0
1316 293393 2.0
1317 293483 2.0
1318 293582 2.0
1319 293653 2.0
1320 293747 2.0
1321 293804 2.0
1322 293898 2.0
1323 294001 2.0
1324 294091 2.0
1325 294273 2.0
1326 294371 2.0
1327 294506 2.0
1328 294589 2.0
1329 294717 2.0
1330 294797 2.0
1331 294879 2.0
1332 294949 2.0
1333 295023 2.0
1334 295103 2.0
1335 295222 2.0
1336 295298 2.0
1337 295457 2.0
1338 295545 2.0
1339 295644 2.0
1340 295714 2.0
1341 295785 2.0
1342 295957 2.0
1343 296033 2.0
1344 296142 2.0
1345 296220 2.0
1346 296336 2.0
1347 296462 2.0
1348 296561 2.0
1349 296651 2.0
1350 296793 2.0
1351 296906 2.0
1352 297138 2.0
1353 297244 2.0
1354 297346 2.0
1355 297429 2.0
1356 297553 2.0
1357 297699 2.0
1358 297772 2.0
1359 297854 2.0
1360 297918 2.0
1361 298002 2.0
1362 298116 2.0
1363 298189 2.0
1364 298308 2.0
1365 298373 2.0
1366 298457 2.0
1367 298540 2.0
1368 298695 2.0
1369 298774 2.0
1370 298886 2.0
1371 299015 2.0
1372 299098 2.0
1373 299190 2.0
1374 299316 2.0
1375 299459 2.0
1376 299516 2.0
1377 299616 2.0
1378 299714 2.0
1379 299799 2.0
1380 299969 2.0
1381 300043 2.0
1382 300140 2.0
1383 300237 2.0
1384 300320 2.0
1385 300421 2.0
1386 300502 2.0
1387 300598 2.0
1388 300670 2.0
1389 300741 2.0
1390 300812 2.0
1391 300896 2.0
1392 300978 2.0
1393 301055 2.0
1394 301184 2.0
1395 301292 2.0
1396 301367 2.0
1397 301470 2.0
1398 301562 2.0
1399 301741 2.0
1400 301808 2.0
1401 301901 2.0
1402 302000 2.0
1403 302127 2.0
1404 302198 2.0
1405 302294 2.0
1406 302381 2.0
1407 302504 2.0
1408 302585 2.0
1409 302688 2.0
1410 302778 2.0
1411 302849 2.0
1412 302950 2.0
1413 303053 2.0
1414 303152 2.0
1415 303239 2.0
1416 303327 2.0
1417 303393 2.0
1418 303498 2.0
1419 303567 2.0
1420 303667 2.0
1421 303766 2.0
1422 303842 2.0
1423 303985 2.0
1424 304065 2.0
1425 304135 2.0
1426 304188 2.0
1427 304276 2.0
1428 304392 2.0
1429 304549 2.0
1430 304614 2.0
1431 304785 2.0
1432 304894 2.0
1433 304974 2.0
1434 305095 2.0
1435 305170 2.0
1436 305240 2.0
1437 305297 2.0
1438 305484 2.0
1439 305551 2.0
1440 305668 2.0
1441 305766 2.0
1442 305836 2.0
1443 305976 2.0
1444 306057 2.0
1445 306137 2.0
1446 306222 2.0
1447 306341 2.0
1448 306424 2.0
1449 306523 2.0
1450 306635 2.0
1451 306707 2.0
1452 306795 2.0
1453 306871 2.0
1454 306945 2.0
1455 307022 2.0
1456 307094 2.0
1457 307158 2.0
1458 307244 2.0
1459 307327 2.0
1460 307500 2.0
1461 307584 2.0
1462 307730 2.0
1463 307806 2.0
1464 307885 2.0
1465 307991 2.0
1466 308048 2.0
1467 308143 2.0
1468 308211 2.0
1469 308274 2.0
1470 308383 2.0
1471 308457 2.0
1472 308540 2.0
1473 308642 2.0
1474 308776 2.0
1475 308843 2.0
1476 308925 2.0
1477 309033 2.0
1478 309105 2.0
1479 309170 2.0
1480 309238 2.0
1481 309363 2.0
1482 309451 2.0
1483 309602 2.0
1484 309672 2.0
1485 309854 2.0
1486 310062 2.0
1487 310160 2.0
1488 310267 2.0
1489 310336 2.0
1490 310419 2.0
1491 310501 2.0
1492 310622 2.0
1493 310800 2.0
1494 310879 2.0
1495 310995 2.0
1496 311074 2.0
1497 311199 2.0
1498 311293 2.0
1499 311360 2.0
1500 311432 2.0
1501 311537 2.0
1502 311636 2.0
1503 311727 2.0
1504 311813 2.0
1505 311886 2.0
1506 311955 2.0
1507 312047 2.0
1508 312144 2.0
1509 312238 2.0
1510 312323 2.0
1511 312386 2.0
1512 312454 2.0
1513 312527 2.0
1514 312647 2.0
1515 312718 2.0
1516 312819 2.0
1517 312940 2.0
1518 313044 2.0
1519 313135 2.0
1520 313266 2.0
1521 313333 2.0
1522 313426 2.0
1523 313563 2.0
1524 313629 2.0
1525 313773 2.0
1526 313878 2.0
1527 313951 2.0
1528 314049 2.0
1529 314145 2.0
1530 314297 2.0
1531 314396 2.0
1532 314481 2.0
1533 314588 2.0
1534 314676 2.0
1535 314807 2.0
1536 314880 2.0
1537 314987 2.0
1538 315142 2.0
1539 315232 2.0
1540 315323 2.0
1541 315483 2.0
1542 315576 2.0
1543 315653 2.0
1544 315746 2.0
1545 315822 2.0
1546 315892 2.0
1547 315986 2.0
1548 316046 2.0
1549 316168 2.0
1550 316265 2.0
1551 316346 2.0
1552 316428 2.0
1553 316495 2.0
1554 316553 2.0
1555 316629 2.0
1556 316716 2.0
1557 316839 2.0
1558 316959 2.0
1559 317071 2.0
1560 317204 2.0
1561 317276 2.0
1562 317348 2.0
1563 317432 2.0
1564 317511 2.0
1565 317601 2.0
1566 317728 2.0
1567 317810 2.0
1568 317990 2.0
1569 318069 2.0
1570 318148 2.0
1571 318271 2.0
1572 318349 2.0
1573 318430 2.0
1574 318551 2.0
1575 318609 2.0
1576 318711 2.0
1577 318783 2.0
1578 318850 2.0
1579 318982 2.0
1580 319072 2.0
1581 319212 2.0
1582 319310 2.0
1583 319389 2.0
1584 319491 2.0
1585 319570 2.0
1586 319667 2.0
1587 319767 2.0
1588 319961 2.0
1589 320033 2.0
1590 320092 2.0
1591 320216 2.0
1592 320310 2.0
1593 320393 2.0
1594 320487 2.0
1595 320563 2.0
1596 320649 2.0
1597 320717 2.0
1598 320770 2.0
1599 320837 2.0
1600 320901 2.0
1601 320966 2.0
1602 321024 2.0
1603 321132 2.0
1604 321231 2.0
1605 321308 2.0
1606 321418 2.0
1607 321490 2.0
1608 321624 2.0
1609 321725 2.0
1610 321791 2.0
1611 321871 2.0
1612 321959 2.0
1613 322019 2.0
1614 322111 2.0
1615 322195 2.0
1616 322322 2.0
1617 322388 2.0
1618 322456 2.0
1619 322543 2.0
1620 322646 2.0
1621 322733 2.0
1622 322851 2.0
1623 322944 2.0
1624 323017 2.0
1625 323081 2.0
1626 323165 2.0
1627 323240 2.0
1628 323305 2.0
1629 323393 2.0
1630 323453 2.0
1631 323551 2.0
1632 323628 2.0
1633 323702 2.0
1634 323787 2.0
1635 323887 2.0
1636 323977 2.0
1637 324094 2.0
1638 324184 2.0
1639 324249 2.0
1640 324369 2.0
1641 324442 2.0
1642 324550 2.0
1643 324745 2.0
1644 324809 2.0
1645 324874 2.0
1646 324963 2.0
1647 325028 2.0
1648 325106 2.0
1649 325175 2.0
1650 325277 2.0
1651 325355 2.0
1652 325433 2.0
1653 325510 2.0
1654 325583 2.0
1655 325713 2.0
1656 325807 2.0
1657 325882 2.0
1658 325947 2.0
1659 326059 2.0
1660 326173 2.0
1661 326254 2.0
1662 326330 2.0
1663 326421 2.0
1664 326528 2.0
1665 326608 2.0
1666 326708 2.0
1667 326772 2.0
1668 326851 2.0
1669 326935 2.0
1670 327044 2.0
1671 327150 2.0
1672 327229 2.0
1673 327318 2.0
1674 327389 2.0
1675 327477 2.0
1676 327556 2.0
1677 327693 2.0
1678 327817 2.0
1679 327901 2.0
1680 327972 2.0
1681 328081 2.0
1682 328156 2.0
1683 328243 2.0
1684 328316 2.0
1685 328415 2.0
1686 328534 2.0
1687 328697 2.0
1688 328782 2.0
1689 328878 2.0
1690 328981 2.0
1691 329152 2.0
1692 329219 2.0
1693 329282 2.0
1694 329445 2.0
1695 329548 2.0
1696 329655 2.0
1697 329749 2.0
1698 329815 2.0
1699 329931 2.0
1700 330014 2.0
1701 330099 2.0
1702 330154 2.0
1703 330218 2.0
1704 330286 2.0
1705 330359 2.0
1706 330439 2.0
1707 330513 2.0
1708 330682 2.0
1709 330753 2.0
1710 330832 2.0
1711 330894 2.0
1712 330975 2.0
1713 331054 2.0
1714 331154 2.0
1715 331254 2.0
1716 331335 2.0
1717 331412 2.0
1718 331484 2.0
1719 331603 2.0
1720 331710 2.0
1721 331802 2.0
1722 331910 2.0
1723 332023 2.0
1724 332086 2.0
1725 332225 2.0
1726 332300 2.0
1727 332377 2.0
1728 332457 2.0
1729 332569 2.0
1730 332656 2.0
1731 332756 2.0
1732 332824 2.0
1733 332901 2.0
1734 333051 2.0
1735 333128 2.0
1736 333214 2.0
1737 333305 2.0
1738 333387 2.0
1739 333497 2.0
1740 333565 2.0
1741 333636 2.0
1742 333716 2.0
1743 333777 2.0
1744 333855 2.0
1745 333931 2.0
1746 333994 2.0
1747 334069 2.0
1748 334160 2.0
1749 334258 2.0
1750 334340 2.0
1751 334417 2.0
1752 334489 2.0
1753 334593 2.0
1754 334754 2.0
1755 334843 2.0
1756 334915 2.0
1757 335037 2.0
1758 335132 2.0
1759 335206 2.0
1760 335302 2.0
1761 335399 2.0
1762 335534 2.0
1763 335606 2.0
1764 335688 2.0
1765 335766 2.0
1766 335843 2.0
1767 335938 2.0
1768 336023 2.0
1769 336076 2.0
1770 336148 2.0
1771 336228 2.0
1772 336325 2.0
1773 336403 2.0
1774 336471 2.0
1775 336552 2.0
1776 336644 2.0
1777 336710 2.0
1778 336788 2.0
1779 336860 2.0
1780 336932 2.0
1781 336993 2.0
1782 337142 2.0
1783 337234 2.0
1784 337317 2.0
1785 337424 2.0
1786 337515 2.0
1787 337603 2.0
1788 337682 2.0
1789 337758 2.0
1790 337826 2.0
1791 337918 2.0
1792 337993 2.0
1793 338059 2.0
1794 338142 2.0
1795 338235 2.0
1796 338310 2.0
1797 338395 2.0
1798 338493 2.0
1799 338572 2.0
1800 338663 2.0
1801 338763 2.0
1802 338853 2.0
1803 338915 2.0
1804 339021 2.0
1805 339107 2.0
1806 339190 2.0
1807 339266 2.0
1808 339366 2.0
1809 339452 2.0
1810 339541 2.0
1811 339668 2.0
1812 339749 2.0
1813 339851 2.0
1814 339979 2.0
1815 340047 2.0
1816 340120 2.0
1817 340198 2.0
1818 340339 2.0
1819 340397 2.0
1820 340467 2.0
1821 340584 2.0
1822 340654 2.0
1823 340752 2.0
1824 340819 2.0
1825 340894 2.0
1826 340947 2.0
1827 341075 2.0
1828 341179 2.0
1829 341242 2.0
1830 341319 2.0
1831 341406 2.0
1832 341490 2.0
1833 341563 2.0
1834 341625 2.0
1835 341708 2.0
1836 341803 2.0
1837 341873 2.0
1838 341940 2.0
1839 342004 2.0
1840 342059 2.0
1841 342138 2.0
1842 342231 2.0
1843 342304 2.0
1844 342390 2.0
1845 342469 2.0
1846 342572 2.0
1847 342632 2.0
1848 342711 2.0
1849 342789 2.0
1850 342869 2.0
1851 342941 2.0
1852 343013 2.0
1853 343111 2.0
1854 343182 2.0
1855 343253 2.0
1856 343327 2.0
1857 343454 2.0
1858 343525 2.0
1859 343605 2.0
1860 343682 2.0
1861 343772 2.0
1862 343857 2.0
1863 343972 2.0
1864 344082 2.0
1865 344199 2.0
1866 344343 2.0
1867 344410 2.0
1868 344525 2.0
1869 344595 2.0
1870 344683 2.0
1871 344756 2.0
1872 344833 2.0
1873 344908 2.0
1874 344993 2.0
1875 345081 2.0
1876 345179 2.0
1877 345360 2.0
1878 345432 2.0
1879 345502 2.0
1880 345675 2.0
1881 345763 2.0
1882 345839 2.0
1883 345910 2.0
1884 345975 2.0
1885 346054 2.0
1886 346146 2.0
1887 346226 2.0
1888 346351 2.0
1889 346468 2.0
1890 346552 2.0
1891 346613 2.0
1892 346735 2.0
1893 346807 2.0
1894 346891 2.0
1895 347011 2.0
1896 347080 2.0
1897 347169 2.0
1898 347245 2.0
1899 347329 2.0
1900 347386 2.0
1901 347454 2.0
1902 347549 2.0
1903 347666 2.0
1904 347850 2.0
1905 347936 2.0
1906 347991 2.0
1907 348063 2.0
1908 348155 2.0
1909 348228 2.0
1910 348300 2.0
1911 348376 2.0
1912 348463 2.0
1913 348526 2.0
1914 348616 2.0
1915 348709 2.0
1916 348787 2.0
1917 348870 2.0
1918 348956 2.0
1919 349029 2.0
1920 349095 2.0
1921 349176 2.0
1922 349246 2.0
1923 349331 2.0
1924 349400 2.0
1925 349468 2.0
1926 349554 2.0
1927 349627 2.0
1928 349702 2.0
1929 349769 2.0
1930 349844 2.0
1931 349928 2.0
1932 350006 2.0
1933 350110 2.0
1934 350180 2.0
1935 350262 2.0
1936 350340 2.0
1937 350417 2.0
1938 350507 2.0
1939 350637 2.0
1940 350705 2.0
1941 350810 2.0
1942 350965 2.0
1943 351070 2.0
1944 351149 2.0
1945 351300 2.0
1946 351371 2.0
1947 351441 2.0
1948 351616 2.0
1949 351701 2.0
1950 351776 2.0
1951 351880 2.0
1952 351974 2.0
1953 352041 2.0
1954 352172 2.0
1955 352282 2.0
1956 352385 2.0
1957 352459 2.0
1958 352543 2.0
1959 352618 2.0
1960 352728 2.0
1961 352814 2.0
1962 352919 2.0
1963 353132 2.0
1964 353211 2.0
1965 353276 2.0
1966 353373 2.0
1967 353480 2.0
1968 353554 2.0
1969 353615 2.0
1970 353675 2.0
1971 353770 2.0
1972 353854 2.0
1973 353954 2.0
1974 354070 2.0
1975 354155 2.0
1976 354256 2.0
1977 354364 2.0
1978 354447 2.0
1979 354520 2.0
1980 354589 2.0
1981 354689 2.0
1982 354764 2.0
1983 354896 2.0
1984 354976 2.0
1985 355070 2.0
1986 355140 2.0
1987 355219 2.0
1988 355301 2.0
1989 355361 2.0
1990 355438 2.0
1991 355525 2.0
1992 355683 2.0
1993 355764 2.0
1994 355862 2.0
1995 355960 2.0
1996 356024 2.0
1997 356088 2.0
1998 356182 2.0
1999 356257 2.0
2000 356346 2.0
2001 356428 2.0
2002 356531 2.0
2003 356654 2.0
2004 356719 2.0
2005 356814 2.0
2006 356989 2.0
2007 357120 2.0
2008 357178 2.0
2009 357253 2.0
2010 357356 2.0
2011 357447 2.0
2012 357544 2.0
2013 357610 2.0
2014 357693 2.0
2015 357756 2.0
2016 357858 2.0
2017 357933 2.0
2018 358050 2.0
2019 358118 2.0
2020 358193 2.0
2021 358264 2.0
2022 358344 2.0
2023 358465 2.0
2024 358531 2.0
2025 358616 2.0
2026 358684 2.0
2027 358819 2.0
2028 358945 2.0
2029 359027 2.0
2030 359130 2.0
2031 359234 2.0
2032 359315 2.0
2033 359398 2.0
2034 359471 2.0
2035 359580 2.0
2036 359661 2.0
2037 359750 2.0
2038 359824 2.0
2039 359891 2.0
2040 359960 2.0
2041 360020 2.0
2042 360109 2.0
2043 360182 2.0
2044 360244 2.0
2045 360313 2.0
2046 360367 2.0
2047 360445 2.0
2048 360506 2.0
2049 360604 2.0
2050 360832 2.0
2051 360903 2.0
2052 361012 2.0
2053 361214 2.0
2054 361274 2.0
2055 361360 2.0
2056 361493 2.0
2057 361586 2.0
2058 361652 2.0
2059 361714 2.0
2060 361790 2.0
2061 361906 2.0
2062 362004 2.0
2063 362086 2.0
2064 362162 2.0
2065 362244 2.0
2066 362373 2.0
2067 362449 2.0
2068 362525 2.0
2069 362595 2.0
2070 362719 2.0
2071 362804 2.0
2072 362878 2.0
2073 362955 2.0
2074 363015 2.0
2075 363096 2.0
2076 363244 2.0
2077 363315 2.0
2078 363460 2.0
2079 363553 2.0
2080 363631 2.0
2081 363712 2.0
2082 363795 2.0
2083 363860 2.0
2084 363944 2.0
2085 364019 2.0
2086 364092 2.0
2087 364176 2.0
2088 364291 2.0
2089 364356 2.0
2090 364433 2.0
2091 364550 2.0
2092 364610 2.0
2093 364677 2.0
2094 364764 2.0
2095 364854 2.0
2096 364958 2.0
2097 365022 2.0
2098 365102 2.0
2099 365191 2.0
2100 365317 2.0
2101 365400 2.0
2102 365465 2.0
2103 365664 2.0
2104 365778 2.0
2105 365876 2.0
2106 365967 2.0
2107 366043 2.0
2108 366099 2.0
2109 366167 2.0
2110 366233 2.0
2111 366330 2.0
2112 366399 2.0
2113 366470 2.0
2114 366538 2.0
2115 366618 2.0
2116 366712 2.0
2117 366825 2.0
2118 366905 2.0
2119 366976 2.0
2120 367082 2.0
2121 367162 2.0
2122 367279 2.0
2123 367379 2.0
2124 367448 2.0
2125 367541 2.0
2126 367623 2.0
2127 367685 2.0
2128 367798 2.0
2129 367877 2.0
2130 368012 2.0
2131 368188 2.0
2132 368268 2.0
2133 368353 2.0
2134 368428 2.0
2135 368497 2.0
2136 368567 2.0
2137 368679 2.0
2138 368770 2.0
2139 368852 2.0
2140 368921 2.0
2141 368999 2.0
2142 369088 2.0
2143 369190 2.0
2144 369287 2.0
2145 369386 2.0
2146 369457 2.0
2147 369660 2.0
2148 369734 2.0
2149 369824 2.0
2150 369883 2.0
2151 369965 2.0
2152 370029 2.0
2153 370142 2.0
2154 370286 2.0
2155 370388 2.0
2156 370476 2.0
2157 370541 2.0
2158 370633 2.0
2159 370718 2.0
2160 370803 2.0
2161 370908 2.0
2162 371026 2.0
2163 371086 2.0
2164 371152 2.0
2165 371216 2.0
2166 371291 2.0
2167 371392 2.0
2168 371490 2.0
2169 371606 2.0
2170 371681 2.0
2171 371749 2.0
2172 371828 2.0
2173 371893 2.0
2174 371959 2.0
2175 372039 2.0
2176 372123 2.0
2177 372187 2.0
2178 372255 2.0
2179 372413 2.0
2180 372475 2.0
2181 372618 2.0
2182 372693 2.0
2183 372773 2.0
2184 372849 2.0
2185 372931 2.0
2186 373048 2.0
2187 373215 2.0
2188 373316 2.0
2189 373410 2.0
2190 373493 2.0
2191 373563 2.0
2192 373639 2.0
2193 373739 2.0
2194 373873 2.0
2195 373930 2.0
2196 374032 2.0
2197 374110 2.0
2198 374172 2.0
2199 374255 2.0
2200 374373 2.0
2201 374447 2.0
2202 374515 2.0
2203 374572 2.0
2204 374697 2.0
2205 374826 2.0
2206 374919 2.0
2207 374995 2.0
2208 375125 2.0
2209 375190 2.0
2210 375293 2.0
2211 375365 2.0
2212 375447 2.0
2213 375541 2.0
2214 375615 2.0
2215 375765 2.0
2216 375834 2.0
2217 375947 2.0
2218 376045 2.0
2219 376196 2.0
2220 376321 2.0
2221 376396 2.0
2222 376470 2.0
2223 376564 2.0
2224 376641 2.0
2225 376751 2.0
2226 376828 2.0
2227 376901 2.0
2228 377009 2.0
2229 377180 2.0
2230 377291 2.0
2231 377383 2.0
2232 377469 2.0
2233 377597 2.0
2234 377687 2.0
2235 377779 2.0
2236 377858 2.0
2237 377942 2.0
2238 378025 2.0
2239 378115 2.0
2240 378205 2.0
2241 378296 2.0
2242 378408 2.0
2243 378478 2.0
2244 378556 2.0
2245 378687 2.0
2246 378772 2.0
2247 378829 2.0
2248 378922 2.0
2249 379026 2.0
2250 379116 2.0
2251 379197 2.0
2252 379341 2.0
2253 379417 2.0
2254 379489 2.0
2255 379619 2.0
2256 379710 2.0
2257 379786 2.0
2258 379864 2.0
2259 379931 2.0
2260 380009 2.0
2261 380105 2.0
2262 380171 2.0
2263 380236 2.0
2264 380313 2.0
2265 380380 2.0
2266 380462 2.0
2267 380540 2.0
2268 380626 2.0
2269 380701 2.0
2270 380805 2.0
2271 380942 2.0
2272 381001 2.0
2273 381107 2.0
2274 381245 2.0
2275 381364 2.0
2276 381442 2.0
2277 381535 2.0
2278 381609 2.0
2279 381681 2.0
2280 381770 2.0
2281 381839 2.0
2282 381907 2.0
2283 381982 2.0
2284 382060 2.0
2285 382202 2.0
2286 382274 2.0
2287 382334 2.0
2288 382407 2.0
2289 382490 2.0
2290 382562 2.0
2291 382645 2.0
2292 382708 2.0
2293 382798 2.0
2294 382881 2.0
2295 382950 2.0
2296 383056 2.0
2297 383133 2.0
2298 383230 2.0
2299 383323 2.0
2300 383466 2.0
2301 383538 2.0
2302 383637 2.0
2303 383710 2.0
2304 383773 2.0
2305 383836 2.0
2306 383922 2.0
2307 384079 2.0
2308 384157 2.0
2309 384226 2.0
2310 384305 2.0
2311 384368 2.0
2312 384459 2.0
2313 384749 2.0
2314 384866 2.0
2315 384944 2.0
2316 385067 2.0
2317 385152 2.0
2318 385231 2.0
2319 385325 2.0
2320 385418 2.0
2321 385558 2.0
2322 385672 2.0
2323 385738 2.0
2324 385815 2.0
2325 385890 2.0
2326 385991 2.0
2327 386091 2.0
2328 386166 2.0
2329 386258 2.0
2330 386357 2.0
2331 386448 2.0
2332 386528 2.0
2333 386644 2.0
2334 386718 2.0
2335 386889 2.0
2336 386989 2.0
2337 387068 2.0
2338 387210 2.0
2339 387271 2.0
2340 387333 2.0
2341 387404 2.0
2342 387505 2.0
2343 387571 2.0
2344 387659 2.0
2345 387720 2.0
2346 387795 2.0
2347 387862 2.0
2348 387938 2.0
2349 388027 2.0
2350 388114 2.0
2351 388176 2.0
2352 388259 2.0
2353 388314 2.0
2354 388396 2.0
2355 388479 2.0
2356 388544 2.0
2357 388636 2.0
2358 388759 2.0
2359 388838 2.0
2360 388914 2.0
2361 389009 2.0
2362 389094 2.0
2363 389154 2.0
2364 389227 2.0
2365 389306 2.0
2366 389385 2.0
2367 389464 2.0
2368 389536 2.0
2369 389637 2.0
2370 389710 2.0
2371 389783 2.0
2372 389859 2.0
2373 389932 2.0
2374 390035 2.0
2375 390121 2.0
2376 390201 2.0
2377 390279 2.0
2378 390359 2.0
2379 390438 2.0
2380 390542 2.0
2381 390601 2.0
2382 390672 2.0
2383 390750 2.0
2384 390852 2.0
2385 390972 2.0
2386 391061 2.0
2387 391226 2.0
2388 391343 2.0
2389 391420 2.0
2390 391488 2.0
2391 391574 2.0
2392 391661 2.0
