1 300 0.0
2 600 0.0
3 900 0.0
4 1200 0.0
5 1500 0.0
6 1800 0.0
7 2100 0.0
8 2400 0.0
9 2700 0.0
10 3000 0.0
11 3300 0.0
12 3600 0.0
13 3900 0.0
14 4200 0.0
15 4500 0.0
16 4800 0.0
17 5100 0.0
18 5400 0.0
19 5700 0.0
20 6000 0.0
21 6300 0.0
22 6600 0.0
23 6900 0.0
24 7200 0.0
25 7500 0.0
26 7800 0.0
27 8100 0.0
28 8400 0.0
29 8700 0.0
30 9000 0.0
31 9300 0.0
32 9600 0.0
33 9900 0.0
34 10200 0.0
35 10500 0.0
36 10800 0.0
37 11100 0.0
38 11400 0.0
39 11700 0.0
40 12000 0.0
41 12300 0.0
42 12600 0.0
43 12900 0.0
44 13200 0.0
45 13500 0.0
46 13800 0.0
47 14100 0.0
48 14400 0.0
49 14700 0.0
50 15000 0.0
51 15300 0.0
52 15600 0.0
53 15900 0.0
54 16200 0.0
55 16500 0.0
56 16800 0.0
57 17100 0.0
58 17400 0.0
59 17700 0.0
60 18000 0.0
61 18300 0.0
62 18600 0.0
63 18900 0.0
64 19200 0.0
65 19500 0.0
66 19800 0.0
67 20100 0.0
68 20400 0.0
69 20700 0.0
70 21000 0.0
71 21300 0.0
72 21600 0.0
73 21900 0.0
74 22200 0.0
75 22500 0.0
76 22800 0.0
77 23100 0.0
78 23400 0.0
79 23700 0.0
80 24000 0.0
81 24300 0.0
82 24600 0.0
83 24900 0.0
84 25200 0.0
85 25500 0.0
86 25800 0.0
87 26100 0.0
88 26400 0.0
89 26700 0.0
90 27000 0.0
91 27300 0.0
92 27600 0.0
93 27900 0.0
94 28200 0.0
95 28500 0.0
96 28800 0.0
97 29100 0.0
98 29400 0.0
99 29700 0.0
100 30000 0.0
101 30300 0.0
102 30600 0.0
103 30900 0.0
104 31200 0.0
105 31500 0.0
106 31800 0.0
107 32100 0.0
108 32400 0.0
109 32700 0.0
110 33000 0.0
111 33300 0.0
112 33600 0.0
113 33900 0.0
114 34200 0.0
115 34500 0.0
116 34800 0.0
117 35100 0.0
118 35400 0.0
119 35700 0.0
120 36000 0.0
121 36300 0.0
122 36600 0.0
123 36900 0.0
124 37200 0.0
125 37500 0.0
126 37800 0.0
127 38100 0.0
128 38400 0.0
129 38700 0.0
130 39000 0.0
131 39300 0.0
132 39600 0.0
133 39900 0.0
134 40200 0.0
135 40500 0.0
136 40800 0.0
137 41100 0.0
138 41400 0.0
139 41700 0.0
140 42000 0.0
141 42300 0.0
142 42600 0.0
143 42900 0.0
144 43200 0.0
145 43500 0.0
146 43800 0.0
147 44100 0.0
148 44400 0.0
149 44700 0.0
150 45000 0.0
151 45300 0.0
152 45600 0.0
153 45900 0.0
154 46200 0.0
155 46500 0.0
156 46800 0.0
157 47100 0.0
158 47400 0.0
159 47700 0.0
160 48000 0.0
161 48300 0.0
162 48600 0.0
163 48900 0.0
164 49200 0.0
165 49500 0.0
166 49800 0.0
167 50100 0.0
168 50400 0.0
169 50700 0.0
170 51000 0.0
171 51300 0.0
172 51600 0.0
173 51900 0.0
174 52200 0.0
175 52500 0.0
176 52800 0.0
177 53100 0.0
178 53400 0.0
179 53700 0.0
180 54000 0.0
181 54300 0.0
182 54600 0.0
183 54900 0.0
184 55200 0.0
185 55500 0.0
186 55800 0.0
187 56100 0.01
188 56400 0.02
189 56700 0.03
190 57000 0.03
191 57300 0.04
192 57600 0.04
193 57900 0.05
194 58200 0.060000000000000005
195 58500 0.07
196 58800 0.07
197 59100 0.08
198 59400 0.07999999999999999
199 59700 0.1
200 60000 0.1
201 60300 0.11
202 60600 0.11
203 60900 0.12
204 61200 0.13
205 61500 0.14
206 61800 0.14
207 62100 0.15000000000000002
208 62400 0.16000000000000003
209 62700 0.18000000000000002
210 63000 0.19000000000000003
211 63300 0.20000000000000004
212 63600 0.21000000000000002
213 63900 0.23000000000000004
214 64200 0.25
215 64500 0.26
216 64800 0.26999999999999996
217 65100 0.28
218 65400 0.29000000000000004
219 65700 0.30000000000000004
220 66000 0.31000000000000005
221 66300 0.33000000000000007
222 66600 0.3400000000000001
223 66900 0.3600000000000001
224 67200 0.3700000000000001
225 67500 0.3800000000000001
226 67800 0.4000000000000001
227 68100 0.41000000000000003
228 68400 0.43000000000000005
229 68700 0.45000000000000007
230 69000 0.4700000000000001
231 69300 0.4900000000000001
232 69600 0.5000000000000001
233 69900 0.5200000000000001
234 70200 0.54
235 70500 0.56
236 70800 0.5700000000000001
237 71100 0.5900000000000001
238 71400 0.6100000000000001
239 71700 0.6200000000000001
240 72000 0.6400000000000001
241 72300 0.66
242 72600 0.68
243 72900 0.7000000000000001
244 73200 0.7200000000000001
245 73500 0.7400000000000001
246 73800 0.7600000000000001
247 74100 0.7700000000000001
248 74400 0.79
249 74700 0.81
250 75000 0.8300000000000001
251 75300 0.8500000000000001
252 75600 0.8700000000000001
253 75900 0.8900000000000001
254 76200 0.91
255 76500 0.93
256 76800 0.9500000000000001
257 77100 0.9600000000000001
258 77400 0.9800000000000001
259 77700 0.9900000000000001
260 78000 1.01
261 78300 1.03
262 78600 1.05
263 78900 1.07
264 79200 1.09
265 79500 1.11
266 79800 1.1300000000000001
267 80100 1.1500000000000001
268 80400 1.1700000000000002
269 80700 1.1900000000000002
270 81000 1.2100000000000002
271 81300 1.2300000000000002
272 81600 1.2500000000000002
273 81900 1.27
274 82200 1.29
275 82500 1.31
276 82800 1.33
277 83100 1.35
278 83400 1.37
279 83700 1.3900000000000001
280 84000 1.4100000000000001
281 84300 1.4300000000000002
282 84600 1.4500000000000002
283 84900 1.4700000000000002
284 85200 1.4900000000000002
285 85500 1.5100000000000002
286 85800 1.53
287 86100 1.54
288 86400 1.55
289 86700 1.56
290 87000 1.58
291 87300 1.59
292 87600 1.61
293 87900 1.62
294 88200 1.6300000000000001
295 88500 1.6400000000000001
296 88800 1.6600000000000001
297 89100 1.6700000000000002
298 89365 1.6900000000000002
299 89665 1.6900000000000002
300 89965 1.7100000000000002
301 90265 1.7200000000000002
302 90565 1.7400000000000002
303 90865 1.7500000000000002
304 91165 1.7600000000000002
305 91465 1.7700000000000002
306 91765 1.7900000000000003
307 92065 1.8000000000000003
308 92277 1.8100000000000003
309 92577 1.8100000000000003
310 92877 1.8200000000000003
311 93177 1.8300000000000003
312 93296 1.8400000000000003
313 93516 1.8400000000000003
314 93816 1.8400000000000003
315 94116 1.8500000000000003
316 94416 1.8600000000000003
317 94716 1.8700000000000003
318 95016 1.8800000000000003
319 95316 1.8900000000000003
320 95615 1.9000000000000004
321 95915 1.9000000000000004
322 96034 1.9100000000000004
323 96334 1.9100000000000004
324 96634 1.9200000000000004
325 96918 1.9300000000000004
326 97218 1.9300000000000004
327 97484 1.9400000000000004
328 97673 1.9400000000000004
329 97852 1.9400000000000004
330 98123 1.9400000000000004
331 98423 1.9400000000000004
332 98634 1.9500000000000004
333 98738 1.9500000000000004
334 98869 1.9500000000000004
335 99169 1.9500000000000004
336 99350 1.9600000000000004
337 99475 1.9600000000000004
338 99775 1.9600000000000004
339 99930 1.9700000000000002
340 100129 1.9700000000000002
341 100266 1.9700000000000002
342 100515 1.9700000000000002
343 100652 1.9700000000000002
344 100802 1.9700000000000002
345 100940 1.9700000000000002
346 101240 1.9700000000000002
347 101440 1.9800000000000004
348 101572 1.9800000000000004
349 101787 1.9800000000000004
350 102077 1.9800000000000004
351 102182 1.9800000000000004
352 102437 1.9800000000000004
353 102607 1.9800000000000004
354 102756 1.9800000000000004
355 102877 1.9800000000000004
356 103177 1.9800000000000004
357 103347 1.9900000000000002
358 103647 1.9900000000000002
359 103869 2.0
360 104004 2.0
361 104173 2.0
362 104275 2.0
363 104375 2.0
364 104522 2.0
365 104755 2.0
366 104935 2.0
367 105091 2.0
368 105228 2.0
369 105469 2.0
370 105571 2.0
371 105692 2.0
372 105843 2.0
373 105992 2.0
374 106136 2.0
375 106215 2.0
376 106309 2.0
377 106430 2.0
378 106595 2.0
379 106716 2.0
380 106831 2.0
381 106925 2.0
382 107022 2.0
383 107147 2.0
384 107343 2.0
385 107427 2.0
386 107606 2.0
387 107750 2.0
388 107859 2.0
389 107986 2.0
390 108111 2.0
391 108223 2.0
392 108436 2.0
393 108588 2.0
394 108670 2.0
395 108827 2.0
396 108949 2.0
397 109142 2.0
398 109330 2.0
399 109455 2.0
400 109558 2.0
401 109669 2.0
402 109830 2.0
403 109935 2.0
404 110055 2.0
405 110190 2.0
406 110352 2.0
407 110445 2.0
408 110536 2.0
409 110703 2.0
410 110962 2.0
411 111068 2.0
412 111195 2.0
413 111329 2.0
414 111431 2.0
415 111598 2.0
416 111823 2.0
417 111917 2.0
418 111993 2.0
419 112131 2.0
420 112245 2.0
421 112342 2.0
422 112455 2.0
423 112526 2.0
424 112665 2.0
425 112798 2.0
426 112941 2.0
427 113096 2.0
428 113177 2.0
429 113281 2.0
430 113374 2.0
431 113499 2.0
432 113628 2.0
433 113773 2.0
434 113870 2.0
435 113969 2.0
436 114059 2.0
437 114162 2.0
438 114229 2.0
439 114333 2.0
440 114446 2.0
441 114603 2.0
442 114705 2.0
443 114796 2.0
444 114891 1.9900000000000002
445 114969 1.9900000000000002
446 115112 1.9900000000000002
447 115257 1.9900000000000002
448 115427 1.9900000000000002
449 115590 1.9900000000000002
450 115820 1.9900000000000002
451 115938 1.9900000000000002
452 116052 1.9900000000000002
453 116230 1.9900000000000002
454 116368 1.9900000000000002
455 116452 1.9900000000000002
456 116533 1.9900000000000002
457 116641 1.9900000000000002
458 116848 1.9900000000000002
459 117028 1.9900000000000002
460 117140 1.9900000000000002
461 117250 1.9900000000000002
462 117344 1.9900000000000002
463 117439 1.9900000000000002
464 117522 1.9900000000000002
465 117684 1.9900000000000002
466 117767 1.9900000000000002
467 117972 1.9900000000000002
468 118055 1.9900000000000002
469 118238 1.9900000000000002
470 118366 1.9900000000000002
471 118436 1.9900000000000002
472 118527 1.9900000000000002
473 118627 1.9900000000000002
474 118726 1.9900000000000002
475 118804 1.9900000000000002
476 118984 1.9900000000000002
477 119110 1.9900000000000002
478 119212 1.9900000000000002
479 119314 1.9900000000000002
480 119445 1.9900000000000002
481 119524 1.9900000000000002
482 119642 1.9900000000000002
483 119825 1.9900000000000002
484 119909 1.9900000000000002
485 120016 1.9900000000000002
486 120091 1.9900000000000002
487 120178 1.9900000000000002
488 120252 1.9900000000000002
489 120344 1.9900000000000002
490 120481 1.9900000000000002
491 120617 1.9900000000000002
492 120750 1.9900000000000002
493 120822 1.9900000000000002
494 120925 1.9900000000000002
495 121008 1.9900000000000002
496 121088 1.9900000000000002
497 121220 1.9900000000000002
498 121312 1.9900000000000002
499 121424 1.9900000000000002
500 121506 1.9900000000000002
501 121610 1.9900000000000002
502 121769 1.9900000000000002
503 121879 1.9900000000000002
504 121999 1.9900000000000002
505 122068 1.9900000000000002
506 122219 1.9900000000000002
507 122322 1.9900000000000002
508 122400 1.9900000000000002
509 122487 1.9900000000000002
510 122588 1.9900000000000002
511 122736 1.9900000000000002
512 122855 1.9900000000000002
513 122971 1.9900000000000002
514 123103 1.9900000000000002
515 123227 1.9900000000000002
516 123381 1.9900000000000002
517 123513 1.9900000000000002
518 123636 1.9900000000000002
519 123926 1.9900000000000002
520 124022 1.9900000000000002
521 124176 1.9900000000000002
522 124242 1.9900000000000002
523 124335 1.9900000000000002
524 124508 1.9900000000000002
525 124636 1.9900000000000002
526 124726 1.9900000000000002
527 124837 1.9900000000000002
528 125002 1.9900000000000002
529 125120 1.9900000000000002
530 125219 1.9900000000000002
531 125336 1.9900000000000002
532 125452 1.9900000000000002
533 125537 1.9900000000000002
534 125636 1.9900000000000002
535 125771 1.9900000000000002
536 125856 1.9900000000000002
537 125994 1.9900000000000002
538 126110 1.9900000000000002
539 126202 1.9900000000000002
540 126273 1.9900000000000002
541 126368 1.9900000000000002
542 126460 1.9900000000000002
543 126760 1.9900000000000002
544 126850 2.0
545 127001 2.0
546 127116 2.0
547 127199 2.0
548 127295 2.0
549 127382 2.0
550 127481 2.0
551 127618 2.0
552 127739 2.0
553 127841 2.0
554 127938 2.0
555 128094 2.0
556 128224 2.0
557 128350 2.0
558 128486 2.0
559 128576 2.0
560 128669 2.0
561 128744 2.0
562 128829 2.0
563 128919 2.0
564 129015 2.0
565 129111 2.0
566 129203 2.0
567 129325 2.0
568 129434 2.0
569 129547 2.0
570 129645 2.0
571 129740 2.0
572 129851 2.0
573 129974 2.0
574 130036 2.0
575 130158 2.0
576 130255 2.0
577 130361 2.0
578 130456 2.0
579 130556 2.0
580 130743 2.0
581 130829 2.0
582 130915 2.0
583 130994 2.0
584 131097 2.0
585 131233 2.0
586 131331 2.0
587 131460 2.0
588 131553 2.0
589 131674 2.0
590 131786 2.0
591 131903 2.0
592 131995 2.0
593 132128 2.0
594 132227 2.0
595 132348 2.0
596 132418 2.0
597 132526 2.0
598 132629 2.0
599 132716 2.0
600 132814 2.0
601 132876 2.0
602 132963 2.0
603 133060 2.0
604 133166 2.0
605 133307 2.0
606 133393 2.0
607 133478 2.0
608 133549 2.0
609 133714 2.0
610 133834 2.0
611 133949 2.0
612 134091 2.0
613 134241 2.0
614 134350 2.0
615 134434 2.0
616 134520 2.0
617 134605 2.0
618 134690 2.0
619 134824 2.0
620 134900 2.0
621 135038 2.0
622 135125 2.0
623 135201 2.0
624 135280 2.0
625 135452 2.0
626 135568 2.0
627 135674 2.0
628 135810 2.0
629 135947 2.0
630 136057 2.0
631 136154 2.0
632 136264 2.0
633 136432 2.0
634 136618 2.0
635 136708 2.0
636 136815 2.0
637 136889 2.0
638 136995 2.0
639 137099 2.0
640 137183 2.0
641 137247 2.0
642 137310 2.0
643 137419 2.0
644 137525 2.0
645 137728 2.0
646 137824 2.0
647 137910 2.0
648 138025 2.0
649 138128 2.0
650 138225 2.0
651 138321 2.0
652 138402 2.0
653 138495 2.0
654 138626 2.0
655 138775 2.0
656 138862 2.0
657 139043 2.0
658 139115 2.0
659 139208 2.0
660 139305 2.0
661 139393 2.0
662 139490 2.0
663 139631 2.0
664 139786 2.0
665 139863 2.0
666 139936 2.0
667 140006 2.0
668 140121 2.0
669 140205 2.0
670 140310 2.0
671 140385 2.0
672 140461 2.0
673 140545 2.0
674 140640 2.0
675 140747 2.0
676 140889 2.0
677 140972 2.0
678 141039 2.0
679 141176 2.0
680 141255 2.0
681 141324 2.0
682 141424 2.0
683 141604 2.0
684 141708 2.0
685 141783 2.0
686 141870 2.0
687 141958 2.0
688 142107 2.0
689 142210 2.0
690 142288 2.0
691 142429 2.0
692 142525 2.0
693 142631 2.0
694 142709 2.0
695 142806 2.0
696 142920 2.0
697 143012 2.0
698 143082 2.0
699 143238 2.0
700 143318 2.0
701 143413 2.0
702 143520 2.0
703 143649 2.0
704 143777 2.0
705 143897 2.0
706 143964 2.0
707 144029 2.0
708 144155 2.0
709 144228 2.0
710 144392 2.0
711 144503 2.0
712 144614 2.0
713 144726 2.0
714 144794 2.0
715 144921 2.0
716 145018 2.0
717 145110 2.0
718 145302 2.0
719 145385 2.0
720 145476 2.0
721 145551 2.0
722 145678 2.0
723 145797 2.0
724 145893 2.0
725 145982 2.0
726 146121 2.0
727 146198 2.0
728 146326 2.0
729 146391 2.0
730 146454 2.0
731 146633 2.0
732 146769 2.0
733 146830 2.0
734 146919 2.0
735 147015 2.0
736 147096 2.0
737 147176 2.0
738 147279 2.0
739 147408 2.0
740 147506 2.0
741 147577 2.0
742 147689 2.0
743 147764 2.0
744 147838 2.0
745 147921 2.0
746 148003 2.0
747 148072 2.0
748 148207 2.0
749 148282 2.0
750 148415 2.0
751 148544 2.0
752 148666 2.0
753 148734 2.0
754 148805 2.0
755 148926 2.0
756 149024 2.0
757 149121 2.0
758 149213 2.0
759 149266 2.0
760 149362 2.0
761 149451 2.0
762 149537 2.0
763 149592 2.0
764 149687 2.0
765 149835 2.0
766 149965 2.0
767 150066 2.0
768 150138 2.0
769 150318 2.0
770 150421 2.0
771 150534 2.0
772 150602 2.0
773 150690 2.0
774 150844 2.0
775 150958 2.0
776 151093 2.0
777 151262 2.0
778 151369 2.0
779 151484 2.0
780 151598 2.0
781 151696 2.0
782 151794 2.0
783 151876 2.0
784 151942 2.0
785 152043 2.0
786 152171 2.0
787 152279 2.0
788 152375 2.0
789 152441 2.0
790 152627 2.0
791 152734 2.0
792 152826 2.0
793 152926 2.0
794 153064 2.0
795 153143 2.0
796 153220 2.0
797 153292 2.0
798 153493 2.0
799 153615 2.0
800 153726 2.0
801 153851 2.0
802 153971 2.0
803 154075 2.0
804 154165 2.0
805 154278 2.0
806 154361 2.0
807 154465 2.0
808 154555 2.0
809 154632 2.0
810 154706 2.0
811 154841 2.0
812 154934 2.0
813 155010 2.0
814 155090 2.0
815 155224 2.0
816 155342 2.0
817 155427 2.0
818 155513 2.0
819 155586 2.0
820 155684 2.0
821 155744 2.0
822 155843 2.0
823 155945 2.0
824 156038 2.0
825 156154 2.0
826 156261 2.0
827 156355 2.0
828 156429 2.0
829 156628 2.0
830 156702 2.0
831 156795 2.0
832 156897 2.0
833 156976 2.0
834 157060 2.0
835 157164 2.0
836 157243 2.0
837 157340 2.0
838 157437 2.0
839 157540 2.0
840 157621 2.0
841 157765 2.0
842 157924 2.0
843 158047 2.0
844 158130 2.0
845 158216 2.0
846 158343 2.0
847 158416 2.0
848 158471 2.0
849 158579 2.0
850 158674 2.0
851 158767 2.0
852 158888 2.0
853 158985 2.0
854 159072 2.0
855 159160 2.0
856 159245 2.0
857 159318 2.0
858 159392 2.0
859 159469 2.0
860 159570 2.0
861 159649 2.0
862 159743 2.0
863 159853 2.0
864 159940 2.0
865 160016 2.0
866 160132 2.0
867 160275 2.0
868 160353 2.0
869 160434 2.0
870 160535 2.0
871 160636 2.0
872 160704 2.0
873 160774 2.0
874 160850 2.0
875 160955 2.0
876 161038 2.0
877 161124 2.0
878 161219 2.0
879 161302 2.0
880 161396 2.0
881 161534 2.0
882 161613 2.0
883 161715 2.0
884 161826 2.0
885 161946 2.0
886 162063 2.0
887 162149 2.0
888 162226 2.0
889 162307 2.0
890 162482 2.0
891 162621 2.0
892 162707 2.0
893 162785 2.0
894 162929 2.0
895 163023 2.0
896 163128 2.0
897 163229 2.0
898 163305 2.0
899 163392 2.0
900 163491 2.0
901 163580 2.0
902 163686 2.0
903 163780 2.0
904 163875 2.0
905 163952 2.0
906 164044 2.0
907 164121 2.0
908 164207 2.0
909 164306 2.0
910 164389 2.0
911 164528 2.0
912 164620 2.0
913 164700 2.0
914 164795 2.0
915 164878 2.0
916 165079 2.0
917 165212 2.0
918 165290 2.0
919 165382 2.0
920 165463 2.0
921 165615 2.0
922 165682 2.0
923 165781 2.0
924 165888 2.0
925 166001 2.0
926 166067 2.0
927 166199 2.0
928 166284 2.0
929 166390 2.0
930 166511 2.0
931 166591 2.0
932 166680 2.0
933 166762 2.0
934 166886 2.0
935 166958 2.0
936 167067 2.0
937 167236 2.0
938 167360 2.0
939 167422 2.0
940 167513 2.0
941 167613 2.0
942 167686 2.0
943 167779 2.0
944 167912 2.0
945 168004 2.0
946 168115 2.0
947 168193 2.0
948 168371 2.0
949 168553 2.0
950 168639 2.0
951 168726 2.0
952 168796 2.0
953 168891 2.0
954 169029 2.0
955 169179 2.0
956 169280 2.0
957 169376 2.0
958 169450 2.0
959 169530 2.0
960 169610 2.0
961 169692 2.0
962 169880 2.0
963 169996 2.0
964 170062 2.0
965 170204 2.0
966 170309 2.0
967 170376 2.0
968 170490 2.0
969 170592 2.0
970 170677 2.0
971 170792 2.0
972 170866 2.0
973 170974 2.0
974 171047 2.0
975 171128 2.0
976 171192 2.0
977 171313 2.0
978 171441 2.0
979 171574 2.0
980 171689 2.0
981 171790 2.0
982 171886 2.0
983 171960 2.0
984 172053 2.0
985 172135 2.0
986 172239 2.0
987 172311 2.0
988 172435 2.0
989 172571 2.0
990 172701 2.0
991 172952 2.0
992 173051 2.0
993 173236 2.0
994 173335 2.0
995 173418 2.0
996 173511 2.0
997 173634 2.0
998 173787 2.0
999 173876 2.0
1000 173962 2.0
1001 174092 2.0
1002 174215 2.0
1003 174338 2.0
1004 174426 2.0
1005 174570 2.0
1006 174716 2.0
1007 174789 2.0
1008 174952 2.0
1009 175083 2.0
1010 175175 2.0
1011 175279 2.0
1012 175397 2.0
1013 175472 2.0
1014 175571 2.0
1015 175674 2.0
1016 175807 2.0
1017 175920 2.0
1018 176027 2.0
1019 176099 2.0
1020 176183 2.0
1021 176252 2.0
1022 176328 2.0
1023 176396 2.0
1024 176559 2.0
1025 176633 2.0
1026 176704 2.0
1027 176798 2.0
1028 176869 2.0
1029 176937 2.0
1030 177013 2.0
1031 177105 2.0
1032 177175 2.0
1033 177255 2.0
1034 177343 2.0
1035 177446 2.0
1036 177562 2.0
1037 177670 2.0
1038 177757 2.0
1039 177836 2.0
1040 177933 2.0
1041 178094 2.0
1042 178151 2.0
1043 178285 2.0
1044 178375 2.0
1045 178445 2.0
1046 178521 2.0
1047 178615 2.0
1048 178714 2.0
1049 178833 2.0
1050 178920 2.0
1051 178981 2.0
1052 179060 2.0
1053 179149 2.0
1054 179231 2.0
1055 179321 2.0
1056 179392 2.0
1057 179465 2.0
1058 179547 2.0
1059 179740 2.0
1060 179840 2.0
1061 179941 2.0
1062 180050 2.0
1063 180116 2.0
1064 180200 2.0
1065 180287 2.0
1066 180348 2.0
1067 180472 2.0
1068 180637 2.0
1069 180721 2.0
1070 180791 2.0
1071 180862 2.0
1072 180995 2.0
1073 181083 2.0
1074 181154 2.0
1075 181287 2.0
1076 181380 2.0
1077 181461 2.0
1078 181532 2.0
1079 181636 2.0
1080 181757 2.0
1081 181858 2.0
1082 181943 2.0
1083 182062 2.0
1084 182170 2.0
1085 182286 2.0
1086 182352 2.0
1087 182440 2.0
1088 182522 2.0
1089 182597 2.0
1090 182681 2.0
1091 182812 2.0
1092 182899 2.0
1093 182967 2.0
1094 183087 2.0
1095 183187 2.0
1096 183247 2.0
1097 183376 2.0
1098 183460 2.0
1099 183570 2.0
1100 183677 2.0
1101 183813 2.0
1102 183939 2.0
1103 184018 2.0
1104 184092 2.0
1105 184172 2.0
1106 184244 2.0
1107 184323 2.0
1108 184410 2.0
1109 184481 2.0
1110 184585 2.0
1111 184666 2.0
1112 184735 2.0
1113 184830 2.0
1114 184996 2.0
1115 185098 2.0
1116 185193 2.0
1117 185278 2.0
1118 185394 2.0
1119 185489 2.0
1120 185582 2.0
1121 185647 2.0
1122 185720 2.0
1123 185797 2.0
1124 185878 2.0
1125 185960 2.0
1126 186052 2.0
1127 186208 2.0
1128 186281 2.0
1129 186361 2.0
1130 186436 2.0
1131 186518 2.0
1132 186618 2.0
1133 186714 2.0
1134 186800 2.0
1135 186862 2.0
1136 186963 2.0
1137 187084 2.0
1138 187149 2.0
1139 187237 2.0
1140 187315 2.0
1141 187401 2.0
1142 187512 2.0
1143 187617 2.0
1144 187690 2.0
1145 187776 2.0
1146 187922 2.0
1147 187991 2.0
1148 188083 2.0
1149 188192 2.0
1150 188422 2.0
1151 188590 2.0
1152 188689 2.0
1153 188769 2.0
1154 188867 2.0
1155 189046 2.0
1156 189128 2.0
1157 189231 2.0
1158 189313 2.0
1159 189381 2.0
1160 189555 2.0
1161 189634 2.0
1162 189717 2.0
1163 189804 2.0
1164 189891 2.0
1165 190015 2.0
1166 190090 2.0
1167 190204 2.0
1168 190342 2.0
1169 190459 2.0
1170 190558 2.0
1171 190674 2.0
1172 190775 2.0
1173 190888 2.0
1174 190955 2.0
1175 191089 2.0
1176 191161 2.0
1177 191261 2.0
1178 191386 2.0
1179 191471 2.0
1180 191555 2.0
1181 191622 2.0
1182 191704 2.0
1183 191830 2.0
1184 191923 2.0
1185 192010 2.0
1186 192110 2.0
1187 192179 2.0
1188 192265 2.0
1189 192368 2.0
1190 192456 2.0
1191 192527 2.0
1192 192604 2.0
1193 192693 2.0
1194 192810 2.0
1195 192900 2.0
1196 193027 2.0
1197 193096 2.0
1198 193175 2.0
1199 193267 2.0
1200 193398 2.0
1201 193477 2.0
1202 193554 2.0
1203 193632 2.0
1204 193710 2.0
1205 193776 2.0
1206 193868 2.0
1207 193938 2.0
1208 194107 2.0
1209 194207 2.0
1210 194290 2.0
1211 194390 2.0
1212 194477 2.0
1213 194574 2.0
1214 194647 2.0
1215 194762 2.0
1216 194842 2.0
1217 194937 2.0
1218 195026 2.0
1219 195124 2.0
1220 195239 2.0
1221 195311 2.0
1222 195396 2.0
1223 195506 2.0
1224 195581 2.0
1225 195681 2.0
1226 195767 2.0
1227 195857 2.0
1228 195927 2.0
1229 196072 2.0
1230 196229 2.0
1231 196306 2.0
1232 196398 2.0
1233 196462 2.0
1234 196607 2.0
1235 196698 2.0
1236 196871 2.0
1237 196955 2.0
1238 197053 2.0
1239 197134 2.0
1240 197252 2.0
1241 197355 2.0
1242 197441 2.0
1243 197612 2.0
1244 197700 2.0
1245 197775 2.0
1246 197886 2.0
1247 198076 2.0
1248 198149 2.0
1249 198218 2.0
1250 198279 2.0
1251 198373 2.0
1252 198467 2.0
1253 198540 2.0
1254 198657 2.0
1255 198767 2.0
1256 198847 2.0
1257 198936 2.0
1258 199033 2.0
1259 199105 2.0
1260 199178 2.0
1261 199378 2.0
1262 199470 2.0
1263 199604 2.0
1264 199691 2.0
1265 199786 2.0
1266 199914 2.0
1267 199990 2.0
1268 200065 2.0
1269 200136 2.0
1270 200220 2.0
1271 200365 2.0
1272 200462 2.0
1273 200524 2.0
1274 200646 2.0
1275 200711 2.0
1276 200840 2.0
1277 200929 2.0
1278 201034 2.0
1279 201137 2.0
1280 201218 2.0
1281 201348 2.0
1282 201437 2.0
1283 201529 2.0
1284 201636 2.0
1285 201709 2.0
1286 201795 2.0
1287 201863 2.0
1288 201940 2.0
1289 202010 2.0
1290 202091 2.0
1291 202162 2.0
1292 202255 2.0
1293 202338 2.0
1294 202451 2.0
1295 202531 2.0
1296 202684 2.0
1297 202757 2.0
1298 202832 2.0
1299 202910 2.0
1300 203034 2.0
1301 203149 2.0
1302 203232 2.0
1303 203370 2.0
1304 203479 2.0
1305 203565 2.0
1306 203634 2.0
1307 203728 2.0
1308 203841 2.0
1309 203963 2.0
1310 204097 2.0
1311 204178 2.0
1312 204263 2.0
1313 204410 2.0
1314 204470 2.0
1315 204579 2.0
1316 204655 2.0
1317 204743 2.0
1318 204828 2.0
1319 204913 2.0
1320 205012 2.0
1321 205088 2.0
1322 205156 2.0
1323 205220 2.0
1324 205308 2.0
1325 205375 2.0
1326 205466 2.0
1327 205548 2.0
1328 205631 2.0
1329 205702 2.0
1330 205784 2.0
1331 205885 2.0
1332 205958 2.0
1333 206036 2.0
1334 206183 2.0
1335 206255 2.0
1336 206365 2.0
1337 206446 2.0
1338 206557 2.0
1339 206679 2.0
1340 206749 2.0
1341 206810 2.0
1342 206882 2.0
1343 206940 2.0
1344 207007 2.0
1345 207085 2.0
1346 207171 2.0
1347 207270 2.0
1348 207349 2.0
1349 207418 2.0
1350 207490 2.0
1351 207607 2.0
1352 207683 2.0
1353 207746 2.0
1354 207812 2.0
1355 207891 2.0
1356 207955 2.0
1357 208035 2.0
1358 208148 2.0
1359 208235 2.0
1360 208319 2.0
1361 208420 2.0
1362 208509 2.0
1363 208592 2.0
1364 208664 2.0
1365 208760 2.0
1366 208842 2.0
1367 208914 2.0
1368 209066 2.0
1369 209151 2.0
1370 209227 2.0
1371 209334 2.0
1372 209458 2.0
1373 209561 2.0
1374 209643 2.0
1375 209758 2.0
1376 209888 2.0
1377 209980 2.0
1378 210092 2.0
1379 210154 2.0
1380 210225 2.0
1381 210315 2.0
1382 210380 2.0
1383 210454 2.0
1384 210525 2.0
1385 210596 2.0
1386 210698 2.0
1387 210777 2.0
1388 210843 2.0
1389 210918 2.0
1390 211006 2.0
1391 211091 2.0
1392 211188 2.0
1393 211281 2.0
1394 211392 2.0
1395 211512 2.0
1396 211609 2.0
1397 211689 2.0
1398 211766 2.0
1399 211886 2.0
1400 211985 2.0
1401 212103 2.0
1402 212164 2.0
1403 212280 2.0
1404 212355 2.0
1405 212455 2.0
1406 212560 2.0
1407 212682 2.0
1408 212753 2.0
1409 212985 2.0
1410 213054 2.0
1411 213180 2.0
1412 213252 2.0
1413 213357 2.0
1414 213475 2.0
1415 213575 2.0
1416 213703 2.0
1417 213794 2.0
1418 213860 2.0
1419 213947 2.0
1420 214020 2.0
1421 214094 2.0
1422 214153 2.0
1423 214222 2.0
1424 214304 2.0
1425 214383 2.0
1426 214467 2.0
1427 214542 2.0
1428 214671 2.0
1429 214751 2.0
1430 214865 2.0
1431 214974 2.0
1432 215061 2.0
1433 215132 2.0
1434 215218 2.0
1435 215288 2.0
1436 215353 2.0
1437 215438 2.0
1438 215544 2.0
1439 215630 2.0
1440 215718 2.0
1441 215781 2.0
1442 215881 2.0
1443 216008 2.0
1444 216109 2.0
1445 216203 2.0
1446 216280 2.0
1447 216362 2.0
1448 216509 2.0
1449 216584 2.0
1450 216674 2.0
1451 216742 2.0
1452 216874 2.0
1453 216957 2.0
1454 217066 2.0
1455 217131 2.0
1456 217189 2.0
1457 217303 2.0
1458 217410 2.0
1459 217488 2.0
1460 217564 2.0
1461 217665 2.0
1462 217746 2.0
1463 217951 2.0
1464 218028 2.0
1465 218102 2.0
1466 218254 2.0
1467 218382 2.0
1468 218460 2.0
1469 218552 2.0
1470 218621 2.0
1471 218713 2.0
1472 218796 2.0
1473 218871 2.0
1474 218945 2.0
1475 219033 2.0
1476 219109 2.0
1477 219198 2.0
1478 219266 2.0
1479 219356 2.0
1480 219479 2.0
1481 219556 2.0
1482 219675 2.0
1483 219780 2.0
1484 219863 2.0
1485 220023 2.0
1486 220092 2.0
1487 220163 2.0
1488 220266 2.0
1489 220342 2.0
1490 220420 2.0
1491 220497 2.0
1492 220598 2.0
1493 220682 2.0
1494 220774 2.0
1495 220856 2.0
1496 220918 2.0
1497 221019 2.0
1498 221097 2.0
1499 221163 2.0
1500 221241 2.0
1501 221320 2.0
1502 221386 2.0
1503 221442 2.0
1504 221510 2.0
1505 221584 2.0
1506 221667 2.0
1507 221746 2.0
1508 221821 2.0
1509 221893 2.0
1510 221972 2.0
1511 222062 2.0
1512 222124 2.0
1513 222204 2.0
1514 222304 2.0
1515 222394 2.0
1516 222488 2.0
1517 222547 2.0
1518 222620 2.0
1519 222756 2.0
1520 222833 2.0
1521 222920 2.0
1522 223000 2.0
1523 223130 2.0
1524 223189 2.0
1525 223262 2.0
1526 223326 2.0
1527 223438 2.0
1528 223543 2.0
1529 223630 2.0
1530 223716 2.0
1531 223766 2.0
1532 223907 2.0
1533 223994 2.0
1534 224073 2.0
1535 224164 2.0
1536 224230 2.0
1537 224348 2.0
1538 224427 2.0
1539 224613 2.0
1540 224689 2.0
1541 224761 2.0
1542 224835 2.0
1543 224968 2.0
1544 225053 2.0
1545 225164 2.0
1546 225225 2.0
1547 225336 2.0
1548 225429 2.0
1549 225533 2.0
1550 225628 2.0
1551 225705 2.0
1552 225774 2.0
1553 225847 2.0
1554 225936 2.0
1555 226017 2.0
1556 226137 2.0
1557 226219 2.0
1558 226325 2.0
1559 226422 2.0
1560 226491 2.0
1561 226572 2.0
1562 226661 2.0
1563 226726 2.0
1564 226808 2.0
1565 226876 2.0
1566 226951 2.0
1567 227030 2.0
1568 227149 2.0
1569 227239 2.0
1570 227329 2.0
1571 227412 2.0
1572 227511 2.0
1573 227637 2.0
1574 227705 2.0
1575 227782 2.0
1576 227874 2.0
1577 227950 2.0
1578 228017 2.0
1579 228109 2.0
1580 228184 2.0
1581 228413 2.0
1582 228493 2.0
1583 228578 2.0
1584 228669 2.0
1585 228769 2.0
1586 228845 2.0
1587 228925 2.0
1588 229049 2.0
1589 229168 2.0
1590 229263 2.0
1591 229363 2.0
1592 229439 2.0
1593 229505 2.0
1594 229571 2.0
1595 229644 2.0
1596 229719 2.0
1597 229781 2.0
1598 229869 2.0
1599 229973 2.0
1600 230055 2.0
1601 230136 2.0
1602 230224 2.0
1603 230412 2.0
1604 230517 2.0
1605 230618 2.0
1606 230695 2.0
1607 230780 2.0
1608 230863 2.0
1609 230934 2.0
1610 230994 2.0
1611 231069 2.0
1612 231136 2.0
1613 231206 2.0
1614 231339 2.0
1615 231407 2.0
1616 231478 2.0
1617 231564 2.0
1618 231655 2.0
1619 231746 2.0
1620 231833 2.0
1621 231974 2.0
1622 232084 2.0
1623 232166 2.0
1624 232302 2.0
1625 232445 2.0
1626 232525 2.0
1627 232602 2.0
1628 232664 2.0
1629 232725 2.0
1630 232858 2.0
1631 232937 2.0
1632 233089 2.0
1633 233182 2.0
1634 233261 2.0
1635 233366 2.0
1636 233495 2.0
1637 233576 2.0
1638 233661 2.0
1639 233753 2.0
1640 233831 2.0
1641 233959 2.0
1642 234062 2.0
1643 234247 2.0
1644 234337 2.0
1645 234427 2.0
1646 234543 2.0
1647 234761 2.0
1648 234826 2.0
1649 234915 2.0
1650 234975 2.0
1651 235039 2.0
1652 235125 2.0
1653 235221 2.0
1654 235293 2.0
1655 235371 2.0
1656 235461 2.0
1657 235601 2.0
1658 235718 2.0
1659 235788 2.0
1660 235857 2.0
1661 235947 2.0
1662 236026 2.0
1663 236117 2.0
1664 236232 2.0
1665 236289 2.0
1666 236373 2.0
1667 236448 2.0
1668 236562 2.0
1669 236628 2.0
1670 236711 2.0
1671 236778 2.0
1672 236858 2.0
1673 236947 2.0
1674 237044 2.0
1675 237161 2.0
1676 237241 2.0
1677 237314 2.0
1678 237396 2.0
1679 237479 2.0
1680 237557 2.0
1681 237668 2.0
1682 237771 2.0
1683 237841 2.0
1684 237913 2.0
1685 237987 2.0
1686 238057 2.0
1687 238136 2.0
1688 238201 2.0
1689 238261 2.0
1690 238325 2.0
1691 238489 2.0
1692 238555 2.0
1693 238748 2.0
1694 238836 2.0
1695 238949 2.0
1696 239015 2.0
1697 239092 2.0
1698 239188 2.0
1699 239277 2.0
1700 239356 2.0
1701 239448 2.0
1702 239523 2.0
1703 239586 2.0
1704 239660 2.0
1705 239740 2.0
1706 239839 2.0
1707 239942 2.0
1708 240049 2.0
1709 240114 2.0
1710 240194 2.0
1711 240287 2.0
1712 240361 2.0
1713 240461 2.0
1714 240600 2.0
1715 240688 2.0
1716 240775 2.0
1717 240914 2.0
1718 241016 2.0
1719 241167 2.0
1720 241256 2.0
1721 241349 2.0
1722 241412 2.0
1723 241499 2.0
1724 241591 2.0
1725 241723 2.0
1726 241811 2.0
1727 241922 2.0
1728 241997 2.0
1729 242082 2.0
1730 242163 2.0
1731 242247 2.0
1732 242326 2.0
1733 242401 2.0
1734 242473 2.0
1735 242544 2.0
1736 242645 2.0
1737 242755 2.0
1738 242894 2.0
1739 243019 2.0
1740 243104 2.0
1741 243194 2.0
1742 243292 2.0
1743 243372 2.0
1744 243440 2.0
1745 243512 2.0
1746 243572 2.0
1747 243635 2.0
1748 243740 2.0
1749 243856 2.0
1750 243933 2.0
1751 244053 2.0
1752 244256 2.0
1753 244343 2.0
1754 244430 2.0
1755 244508 2.0
1756 244601 2.0
1757 244687 2.0
1758 244763 2.0
1759 244878 2.0
1760 244950 2.0
1761 245025 2.0
1762 245147 2.0
1763 245207 2.0
1764 245280 2.0
1765 245350 2.0
1766 245418 2.0
1767 245576 2.0
1768 245685 2.0
1769 245756 2.0
1770 245866 2.0
1771 245969 2.0
1772 246044 2.0
1773 246112 2.0
1774 246203 2.0
1775 246272 2.0
1776 246378 2.0
1777 246470 2.0
1778 246565 2.0
1779 246629 2.0
1780 246705 2.0
1781 246770 2.0
1782 246838 2.0
1783 247000 2.0
1784 247085 2.0
1785 247147 2.0
1786 247244 2.0
1787 247357 2.0
1788 247513 2.0
1789 247617 2.0
1790 247729 2.0
1791 247796 2.0
1792 247868 2.0
1793 247991 2.0
1794 248087 2.0
1795 248145 2.0
1796 248206 2.0
1797 248275 2.0
1798 248365 2.0
1799 248427 2.0
1800 248507 2.0
1801 248638 2.0
1802 248718 2.0
1803 248789 2.0
1804 248937 2.0
1805 249033 2.0
1806 249127 2.0
1807 249209 2.0
1808 249269 2.0
1809 249379 2.0
1810 249448 2.0
1811 249523 2.0
1812 249616 2.0
1813 249699 2.0
1814 249791 2.0
1815 249874 2.0
1816 249952 2.0
1817 250058 2.0
1818 250137 2.0
1819 250238 2.0
1820 250320 2.0
1821 250416 2.0
1822 250513 2.0
1823 250621 2.0
1824 250680 2.0
1825 250748 2.0
1826 250839 2.0
1827 250926 2.0
1828 251010 2.0
1829 251090 2.0
1830 251145 2.0
1831 251224 2.0
1832 251300 2.0
1833 251382 2.0
1834 251463 2.0
1835 251545 2.0
1836 251618 2.0
1837 251747 2.0
1838 251828 2.0
1839 251904 2.0
1840 251959 2.0
1841 252025 2.0
1842 252107 2.0
1843 252195 2.0
1844 252284 2.0
1845 252368 2.0
1846 252504 2.0
1847 252585 2.0
1848 252653 2.0
1849 252737 2.0
1850 252798 2.0
1851 252866 2.0
1852 252958 2.0
1853 253026 2.0
1854 253165 2.0
1855 253241 2.0
1856 253306 2.0
1857 253378 2.0
1858 253490 2.0
1859 253577 2.0
1860 253679 2.0
1861 253771 2.0
1862 253868 2.0
1863 253969 2.0
1864 254042 2.0
1865 254113 2.0
1866 254182 2.0
1867 254265 2.0
1868 254338 2.0
1869 254434 2.0
1870 254539 2.0
1871 254609 2.0
1872 254690 2.0
1873 254758 2.0
1874 254875 2.0
1875 254954 2.0
1876 255031 2.0
1877 255117 2.0
1878 255189 2.0
1879 255279 2.0
1880 255355 2.0
1881 255446 2.0
1882 255547 2.0
1883 255622 2.0
1884 255712 2.0
1885 255799 2.0
1886 255906 2.0
1887 255983 2.0
1888 256058 2.0
1889 256305 2.0
1890 256395 2.0
1891 256471 2.0
1892 256556 2.0
1893 256641 2.0
1894 256715 2.0
1895 256794 2.0
1896 256876 2.0
1897 256973 2.0
1898 257066 2.0
1899 257184 2.0
1900 257262 2.0
1901 257350 2.0
1902 257425 2.0
1903 257490 2.0
1904 257555 2.0
1905 257641 2.0
1906 257726 2.0
1907 257846 2.0
1908 257942 2.0
1909 258021 2.0
1910 258109 2.0
1911 258198 2.0
1912 258316 2.0
1913 258386 2.0
1914 258460 2.0
1915 258550 2.0
1916 258630 2.0
1917 258718 2.0
1918 258783 2.0
1919 258926 2.0
1920 259008 2.0
1921 259080 2.0
1922 259148 2.0
1923 259229 2.0
1924 259314 2.0
1925 259396 2.0
1926 259471 2.0
1927 259581 2.0
1928 259670 2.0
1929 259746 2.0
1930 259832 2.0
1931 259921 2.0
1932 259991 2.0
1933 260067 2.0
1934 260131 2.0
1935 260202 2.0
1936 260264 2.0
1937 260364 2.0
1938 260440 2.0
1939 260573 2.0
1940 260639 2.0
1941 260705 2.0
1942 260764 2.0
1943 260883 2.0
1944 260960 2.0
1945 261043 2.0
1946 261106 2.0
1947 261227 2.0
1948 261337 2.0
1949 261484 2.0
1950 261566 2.0
1951 261635 2.0
1952 261730 2.0
1953 261812 2.0
1954 261879 2.0
1955 261992 2.0
1956 262070 2.0
1957 262202 2.0
1958 262269 2.0
1959 262331 2.0
1960 262397 2.0
1961 262453 2.0
1962 262525 2.0
1963 262608 2.0
1964 262680 2.0
1965 262738 2.0
1966 262818 2.0
1967 262893 2.0
1968 262982 2.0
1969 263059 2.0
1970 263154 2.0
1971 263216 2.0
1972 263292 2.0
1973 263361 2.0
1974 263453 2.0
1975 263541 2.0
1976 263622 2.0
1977 263680 2.0
1978 263759 2.0
1979 263832 2.0
1980 263922 2.0
1981 264049 2.0
1982 264112 2.0
1983 264257 2.0
1984 264350 2.0
1985 264408 2.0
1986 264492 2.0
1987 264572 2.0
1988 264698 2.0
1989 264786 2.0
1990 264852 2.0
1991 264937 2.0
1992 265045 2.0
1993 265114 2.0
1994 265209 2.0
1995 265275 2.0
1996 265382 2.0
1997 265464 2.0
1998 265644 2.0
1999 265718 2.0
2000 265795 2.0
2001 265861 2.0
2002 265948 2.0
2003 266018 2.0
2004 266092 2.0
2005 266207 2.0
2006 266305 2.0
2007 266377 2.0
2008 266443 2.0
2009 266517 2.0
2010 266608 2.0
2011 266669 2.0
2012 266747 2.0
2013 266813 2.0
2014 266887 2.0
2015 267072 2.0
2016 267145 2.0
2017 267225 2.0
2018 267302 2.0
2019 267391 2.0
2020 267448 2.0
2021 267541 2.0
2022 267635 2.0
2023 267735 2.0
2024 267813 2.0
2025 267901 2.0
2026 267977 2.0
2027 268037 2.0
2028 268114 2.0
2029 268188 2.0
2030 268265 2.0
2031 268349 2.0
2032 268431 2.0
2033 268506 2.0
2034 268583 2.0
2035 268666 2.0
2036 268771 2.0
2037 268883 2.0
2038 268975 2.0
2039 269060 2.0
2040 269129 2.0
2041 269197 2.0
2042 269278 2.0
2043 269354 2.0
2044 269417 2.0
2045 269506 2.0
2046 269576 2.0
2047 269645 2.0
2048 269733 2.0
2049 269804 2.0
2050 269922 2.0
2051 270028 2.0
2052 270115 2.0
2053 270182 2.0
2054 270256 2.0
2055 270332 2.0
2056 270392 2.0
2057 270460 2.0
2058 270527 2.0
2059 270605 2.0
2060 270741 2.0
2061 270800 2.0
2062 270887 2.0
2063 270960 2.0
2064 271051 2.0
2065 271122 2.0
2066 271243 2.0
2067 271328 2.0
2068 271425 2.0
2069 271495 2.0
2070 271632 2.0
2071 271775 2.0
2072 271879 2.0
2073 271965 2.0
2074 272038 2.0
2075 272120 2.0
2076 272182 2.0
2077 272263 2.0
2078 272329 2.0
2079 272392 2.0
2080 272451 2.0
2081 272511 2.0
2082 272588 2.0
2083 272754 2.0
2084 272853 2.0
2085 272948 2.0
2086 273044 2.0
2087 273118 2.0
2088 273211 2.0
2089 273329 2.0
2090 273420 2.0
2091 273472 2.0
2092 273569 2.0
2093 273658 2.0
2094 273729 2.0
2095 273809 2.0
2096 273878 2.0
2097 273985 2.0
2098 274042 2.0
2099 274129 2.0
2100 274245 2.0
2101 274326 2.0
2102 274412 2.0
2103 274477 2.0
2104 274544 2.0
2105 274658 2.0
2106 274732 2.0
2107 274797 2.0
2108 274866 2.0
2109 274973 2.0
2110 275038 2.0
2111 275115 2.0
2112 275182 2.0
2113 275266 2.0
2114 275343 2.0
2115 275434 2.0
2116 275492 2.0
2117 275574 2.0
2118 275644 2.0
2119 275724 2.0
2120 275830 2.0
2121 275905 2.0
2122 275978 2.0
2123 276049 2.0
2124 276133 2.0
2125 276204 2.0
2126 276284 2.0
2127 276373 2.0
2128 276460 2.0
2129 276559 2.0
2130 276652 2.0
2131 276738 2.0
2132 276817 2.0
2133 276895 2.0
2134 276969 2.0
2135 277031 2.0
2136 277101 2.0
2137 277210 2.0
2138 277297 2.0
2139 277354 2.0
2140 277438 2.0
2141 277585 2.0
2142 277648 2.0
2143 277728 2.0
2144 277813 2.0
2145 277943 2.0
2146 278001 2.0
2147 278079 2.0
2148 278163 2.0
2149 278228 2.0
2150 278285 2.0
2151 278372 2.0
2152 278495 2.0
2153 278595 2.0
2154 278677 2.0
2155 278743 2.0
2156 278819 2.0
2157 278883 2.0
2158 278978 2.0
2159 279069 2.0
2160 279144 2.0
2161 279251 2.0
2162 279330 2.0
2163 279400 2.0
2164 279521 2.0
2165 279596 2.0
2166 279665 2.0
2167 279726 2.0
2168 279817 2.0
2169 279906 2.0
2170 280035 2.0
2171 280123 2.0
2172 280217 2.0
2173 280287 2.0
2174 280351 2.0
2175 280419 2.0
2176 280484 2.0
2177 280589 2.0
2178 280678 2.0
2179 280788 2.0
2180 280879 2.0
2181 280970 2.0
2182 281031 2.0
2183 281100 2.0
2184 281192 2.0
2185 281258 2.0
2186 281333 2.0
2187 281395 2.0
2188 281471 2.0
2189 281529 2.0
2190 281598 2.0
2191 281685 2.0
2192 281765 2.0
2193 281873 2.0
2194 281953 2.0
2195 282028 2.0
2196 282109 2.0
2197 282184 2.0
2198 282248 2.0
2199 282363 2.0
2200 282447 2.0
2201 282530 2.0
2202 282605 2.0
2203 282677 2.0
2204 282771 2.0
2205 282840 2.0
2206 282929 2.0
2207 283012 2.0
2208 283085 2.0
2209 283150 2.0
2210 283218 2.0
2211 283329 2.0
2212 283396 2.0
2213 283469 2.0
2214 283540 2.0
2215 283631 2.0
2216 283699 2.0
2217 283774 2.0
2218 283873 2.0
2219 283946 2.0
2220 284043 2.0
2221 284144 2.0
2222 284216 2.0
2223 284385 2.0
2224 284456 2.0
2225 284549 2.0
2226 284639 2.0
2227 284713 2.0
2228 284801 2.0
2229 284867 2.0
2230 284932 2.0
2231 285007 2.0
2232 285092 2.0
2233 285149 2.0
2234 285281 2.0
2235 285368 2.0
2236 285449 2.0
2237 285523 2.0
2238 285630 2.0
2239 285823 2.0
2240 285897 2.0
2241 285962 2.0
2242 286071 2.0
2243 286192 2.0
2244 286281 2.0
2245 286352 2.0
2246 286415 2.0
2247 286487 2.0
2248 286608 2.0
2249 286686 2.0
2250 286785 2.0
2251 286860 2.0
2252 286941 2.0
2253 287063 2.0
2254 287136 2.0
2255 287218 2.0
2256 287285 2.0
2257 287389 2.0
2258 287485 2.0
2259 287546 2.0
2260 287614 2.0
2261 287703 2.0
2262 287787 2.0
2263 287856 2.0
2264 287958 2.0
2265 288027 2.0
2266 288132 2.0
2267 288291 2.0
2268 288351 2.0
2269 288410 2.0
2270 288488 2.0
2271 288635 2.0
2272 288710 2.0
2273 288779 2.0
2274 288855 2.0
2275 288962 2.0
2276 289033 2.0
2277 289112 2.0
2278 289198 2.0
2279 289280 2.0
2280 289355 2.0
2281 289429 2.0
2282 289514 2.0
2283 289581 2.0
2284 289673 2.0
2285 289749 2.0
2286 289865 2.0
2287 289949 2.0
2288 290170 2.0
2289 290272 2.0
2290 290355 2.0
2291 290413 2.0
2292 290530 2.0
2293 290617 2.0
2294 290695 2.0
2295 290800 2.0
2296 290889 2.0
2297 290943 2.0
2298 291005 2.0
2299 291094 2.0
2300 291158 2.0
2301 291213 2.0
2302 291279 2.0
2303 291417 2.0
2304 291488 2.0
2305 291572 2.0
2306 291630 2.0
2307 291720 2.0
2308 291804 2.0
2309 291869 2.0
2310 291932 2.0
2311 291988 2.0
2312 292050 2.0
2313 292135 2.0
2314 292203 2.0
2315 292336 2.0
2316 292429 2.0
2317 292508 2.0
2318 292571 2.0
2319 292662 2.0
2320 292732 2.0
2321 292808 2.0
2322 292877 2.0
2323 292964 2.0
2324 293049 2.0
2325 293117 2.0
2326 293210 2.0
2327 293300 2.0
2328 293402 2.0
2329 293477 2.0
2330 293595 2.0
2331 293693 2.0
2332 293755 2.0
2333 293863 2.0
2334 293955 2.0
2335 294024 2.0
2336 294153 2.0
2337 294231 2.0
2338 294316 2.0
2339 294409 2.0
2340 294471 2.0
2341 294569 2.0
2342 294656 2.0
2343 294824 2.0
2344 294958 2.0
2345 295055 2.0
2346 295149 2.0
2347 295265 2.0
2348 295329 2.0
2349 295446 2.0
2350 295612 2.0
2351 295673 2.0
2352 295754 2.0
2353 295863 2.0
2354 295935 2.0
2355 296005 2.0
2356 296071 2.0
2357 296148 2.0
2358 296245 2.0
2359 296330 2.0
2360 296398 2.0
2361 296513 2.0
2362 296644 2.0
2363 296763 2.0
2364 296834 2.0
2365 296918 2.0
2366 297012 2.0
2367 297116 2.0
2368 297185 2.0
2369 297265 2.0
2370 297318 2.0
2371 297394 2.0
2372 297504 2.0
2373 297595 2.0
2374 297696 2.0
2375 297770 2.0
2376 297837 2.0
2377 297916 2.0
2378 297988 2.0
2379 298052 2.0
2380 298123 2.0
2381 298193 2.0
2382 298286 2.0
2383 298347 2.0
2384 298460 2.0
2385 298558 2.0
2386 298636 2.0
2387 298724 2.0
2388 298808 2.0
2389 298898 2.0
2390 298978 2.0
2391 299063 2.0
2392 299153 2.0
2393 299276 2.0
2394 299396 2.0
2395 299463 2.0
2396 299557 2.0
2397 299625 2.0
2398 299696 2.0
2399 299761 2.0
2400 299851 2.0
2401 299924 2.0
2402 299990 2.0
2403 300077 2.0
2404 300146 2.0
2405 300244 2.0
2406 300338 2.0
2407 300393 2.0
2408 300460 2.0
2409 300526 2.0
2410 300600 2.0
2411 300720 2.0
2412 300816 2.0
2413 300891 2.0
2414 300992 2.0
2415 301074 2.0
2416 301223 2.0
2417 301293 2.0
2418 301365 2.0
2419 301462 2.0
2420 301547 2.0
2421 301642 2.0
2422 301710 2.0
2423 301783 2.0
2424 301860 2.0
2425 301974 2.0
2426 302058 2.0
2427 302131 2.0
2428 302222 2.0
2429 302305 2.0
2430 302398 2.0
2431 302467 2.0
2432 302591 2.0
2433 302678 2.0
2434 302813 2.0
2435 302891 2.0
2436 302973 2.0
2437 303037 2.0
2438 303102 2.0
2439 303198 2.0
2440 303289 2.0
2441 303366 2.0
2442 303446 2.0
2443 303519 2.0
2444 303615 2.0
2445 303839 2.0
2446 303913 2.0
2447 303995 2.0
2448 304072 2.0
2449 304168 2.0
2450 304262 2.0
2451 304334 2.0
2452 304433 2.0
2453 304511 2.0
2454 304594 2.0
2455 304695 2.0
2456 304798 2.0
2457 304864 2.0
2458 304946 2.0
2459 305015 2.0
2460 305085 2.0
2461 305197 2.0
2462 305286 2.0
2463 305365 2.0
2464 305528 2.0
2465 305604 2.0
2466 305663 2.0
2467 305736 2.0
2468 305804 2.0
2469 305891 2.0
2470 305972 2.0
2471 306045 2.0
2472 306112 2.0
2473 306189 2.0
2474 306243 2.0
2475 306372 2.0
2476 306439 2.0
2477 306571 2.0
2478 306683 2.0
2479 306811 2.0
2480 306896 2.0
2481 306985 2.0
2482 307066 2.0
2483 307166 2.0
2484 307244 2.0
2485 307321 2.0
2486 307443 2.0
2487 307513 2.0
2488 307589 2.0
2489 307680 2.0
2490 307765 2.0
2491 307868 2.0
2492 307949 2.0
2493 308033 2.0
2494 308106 2.0
2495 308183 2.0
2496 308262 2.0
2497 308322 2.0
2498 308396 2.0
2499 308465 2.0
2500 308536 2.0
2501 308638 2.0
2502 308716 2.0
2503 308805 2.0
2504 308872 2.0
2505 308943 2.0
2506 309005 2.0
2507 309082 2.0
2508 309160 2.0
2509 309224 2.0
2510 309298 2.0
2511 309386 2.0
2512 309482 2.0
2513 309576 2.0
2514 309647 2.0
2515 309762 2.0
2516 309861 2.0
2517 310048 2.0
2518 310112 2.0
2519 310176 2.0
2520 310246 2.0
2521 310445 2.0
2522 310516 2.0
2523 310577 2.0
2524 310681 2.0
2525 310757 2.0
2526 310857 2.0
2527 310937 2.0
2528 311041 2.0
2529 311138 2.0
2530 311230 2.0
2531 311301 2.0
2532 311381 2.0
2533 311455 2.0
2534 311531 2.0
2535 311619 2.0
2536 311713 2.0
2537 311779 2.0
2538 311848 2.0
2539 311918 2.0
2540 311993 2.0
2541 312062 2.0
2542 312141 2.0
2543 312259 2.0
2544 312360 2.0
2545 312472 2.0
2546 312609 2.0
2547 312684 2.0
2548 312749 2.0
2549 312842 2.0
2550 312960 2.0
2551 313041 2.0
2552 313152 2.0
2553 313226 2.0
2554 313305 2.0
2555 313365 2.0
2556 313434 2.0
2557 313510 2.0
2558 313609 2.0
2559 313700 2.0
2560 313765 2.0
2561 313838 2.0
2562 313944 2.0
2563 314015 2.0
2564 314095 2.0
2565 314155 2.0
2566 314213 2.0
2567 314287 2.0
2568 314349 2.0
2569 314426 2.0
2570 314502 2.0
2571 314607 2.0
2572 314695 2.0
2573 314760 2.0
2574 314826 2.0
2575 315001 2.0
2576 315105 2.0
2577 315186 2.0
2578 315267 2.0
2579 315346 2.0
2580 315419 2.0
2581 315494 2.0
2582 315584 2.0
2583 315659 2.0
2584 315732 2.0
2585 315792 2.0
2586 315872 2.0
2587 315974 2.0
2588 316077 2.0
2589 316182 2.0
2590 316249 2.0
2591 316338 2.0
2592 316408 2.0
2593 316465 2.0
2594 316524 2.0
2595 316614 2.0
2596 316688 2.0
2597 316753 2.0
2598 316815 2.0
2599 316910 2.0
2600 316978 2.0
2601 317035 2.0
2602 317123 2.0
2603 317188 2.0
2604 317296 2.0
2605 317368 2.0
2606 317439 2.0
2607 317518 2.0
2608 317606 2.0
2609 317700 2.0
2610 317759 2.0
2611 317854 2.0
2612 317917 2.0
2613 318007 2.0
2614 318086 2.0
2615 318172 2.0
2616 318262 2.0
2617 318334 2.0
2618 318408 2.0
2619 318492 2.0
2620 318582 2.0
2621 318668 2.0
2622 318766 2.0
2623 318846 2.0
2624 318924 2.0
2625 318994 2.0
2626 319089 2.0
2627 319165 2.0
2628 319227 2.0
2629 319325 2.0
2630 319451 2.0
2631 319531 2.0
2632 319610 2.0
2633 319725 2.0
2634 319797 2.0
2635 319879 2.0
2636 319970 2.0
2637 320024 2.0
2638 320096 2.0
2639 320176 2.0
2640 320234 2.0
2641 320300 2.0
2642 320372 2.0
2643 320439 2.0
2644 320524 2.0
2645 320597 2.0
2646 320659 2.0
2647 320763 2.0
2648 320899 2.0
2649 320980 2.0
2650 321105 2.0
2651 321167 2.0
2652 321238 2.0
2653 321351 2.0
2654 321429 2.0
2655 321514 2.0
2656 321625 2.0
2657 321697 2.0
2658 321769 2.0
2659 321847 2.0
2660 321920 2.0
2661 321994 2.0
2662 322076 2.0
2663 322174 2.0
2664 322272 2.0
2665 322361 2.0
2666 322438 2.0
2667 322529 2.0
2668 322610 2.0
2669 322707 2.0
2670 322773 2.0
2671 322856 2.0
2672 322972 2.0
2673 323078 2.0
2674 323147 2.0
2675 323236 2.0
2676 323306 2.0
2677 323387 2.0
2678 323481 2.0
2679 323559 2.0
2680 323644 2.0
2681 323720 2.0
2682 323801 2.0
2683 323872 2.0
2684 323971 2.0
2685 324038 2.0
2686 324117 2.0
2687 324181 2.0
2688 324256 2.0
2689 324326 2.0
2690 324387 2.0
2691 324476 2.0
2692 324536 2.0
2693 324589 2.0
2694 324667 2.0
2695 324733 2.0
2696 324816 2.0
2697 324898 2.0
2698 325041 2.0
2699 325154 2.0
2700 325273 2.0
2701 325332 2.0
2702 325417 2.0
2703 325480 2.0
2704 325549 2.0
2705 325616 2.0
2706 325705 2.0
2707 325776 2.0
2708 325848 2.0
2709 325911 2.0
2710 326014 2.0
2711 326103 2.0
2712 326179 2.0
2713 326283 2.0
2714 326357 2.0
2715 326415 2.0
2716 326492 2.0
2717 326596 2.0
2718 326685 2.0
2719 326748 2.0
2720 326819 2.0
2721 326909 2.0
2722 326969 2.0
2723 327040 2.0
2724 327113 2.0
2725 327202 2.0
2726 327280 2.0
2727 327363 2.0
2728 327451 2.0
2729 327541 2.0
2730 327610 2.0
2731 327679 2.0
2732 327827 2.0
2733 327897 2.0
2734 327983 2.0
2735 328069 2.0
2736 328161 2.0
2737 328240 2.0
2738 328333 2.0
2739 328411 2.0
2740 328527 2.0
2741 328609 2.0
2742 328673 2.0
2743 328737 2.0
2744 328948 2.0
2745 329031 2.0
2746 329105 2.0
2747 329172 2.0
2748 329287 2.0
2749 329376 2.0
2750 329455 2.0
2751 329564 2.0
2752 329645 2.0
2753 329713 2.0
2754 329801 2.0
2755 329881 2.0
2756 329968 2.0
2757 330110 2.0
2758 330182 2.0
2759 330280 2.0
2760 330345 2.0
2761 330433 2.0
2762 330505 2.0
2763 330608 2.0
2764 330672 2.0
2765 330738 2.0
2766 330818 2.0
2767 330915 2.0
2768 330988 2.0
2769 331056 2.0
2770 331134 2.0
2771 331214 2.0
2772 331282 2.0
2773 331363 2.0
2774 331433 2.0
2775 331521 2.0
2776 331579 2.0
2777 331693 2.0
2778 331788 2.0
2779 331873 2.0
2780 331966 2.0
2781 332092 2.0
2782 332192 2.0
2783 332259 2.0
2784 332337 2.0
2785 332439 2.0
2786 332522 2.0
2787 332599 2.0
2788 332704 2.0
2789 332773 2.0
2790 332837 2.0
2791 332929 2.0
2792 333032 2.0
2793 333128 2.0
2794 333254 2.0
2795 333347 2.0
2796 333409 2.0
2797 333496 2.0
2798 333579 2.0
2799 333636 2.0
2800 333784 2.0
2801 333943 2.0
2802 334016 2.0
2803 334092 2.0
2804 334212 2.0
2805 334297 2.0
2806 334413 2.0
2807 334497 2.0
2808 334560 2.0
2809 334650 2.0
2810 334721 2.0
2811 334780 2.0
2812 334866 2.0
2813 334944 2.0
2814 335010 2.0
2815 335075 2.0
2816 335141 2.0
2817 335204 2.0
2818 335273 2.0
2819 335346 2.0
2820 335421 2.0
2821 335497 2.0
2822 335589 2.0
2823 335702 2.0
2824 335786 2.0
2825 335860 2.0
2826 335948 2.0
2827 336030 2.0
2828 336143 2.0
2829 336226 2.0
2830 336300 2.0
2831 336404 2.0
2832 336473 2.0
2833 336584 2.0
2834 336659 2.0
2835 336774 2.0
2836 336848 2.0
2837 336931 2.0
2838 337005 2.0
2839 337111 2.0
2840 337258 2.0
2841 337328 2.0
2842 337397 2.0
2843 337580 2.0
2844 337671 2.0
2845 337749 2.0
2846 337829 2.0
2847 337906 2.0
2848 337981 2.0
2849 338046 2.0
2850 338127 2.0
2851 338206 2.0
2852 338270 2.0
2853 338342 2.0
2854 338418 2.0
2855 338510 2.0
2856 338650 2.0
2857 338712 2.0
2858 338798 2.0
2859 338869 2.0
2860 338934 2.0
2861 339000 2.0
2862 339079 2.0
2863 339133 2.0
2864 339214 2.0
2865 339310 2.0
2866 339381 2.0
2867 339537 2.0
2868 339625 2.0
2869 339710 2.0
2870 339794 2.0
2871 339882 2.0
2872 339969 2.0
2873 340058 2.0
2874 340164 2.0
2875 340239 2.0
2876 340349 2.0
2877 340497 2.0
2878 340562 2.0
2879 340638 2.0
2880 340709 2.0
2881 340783 2.0
2882 340882 2.0
2883 340942 2.0
2884 341016 2.0
2885 341139 2.0
2886 341229 2.0
2887 341316 2.0
2888 341404 2.0
2889 341465 2.0
2890 341554 2.0
2891 341617 2.0
2892 341688 2.0
2893 341770 2.0
2894 341844 2.0
2895 341920 2.0
2896 341986 2.0
2897 342069 2.0
2898 342196 2.0
2899 342263 2.0
2900 342327 2.0
2901 342421 2.0
2902 342488 2.0
2903 342567 2.0
2904 342630 2.0
2905 342691 2.0
2906 342750 2.0
2907 342825 2.0
2908 342912 2.0
2909 342973 2.0
2910 343099 2.0
2911 343189 2.0
2912 343266 2.0
2913 343341 2.0
2914 343424 2.0
2915 343516 2.0
2916 343587 2.0
2917 343669 2.0
2918 343760 2.0
2919 343840 2.0
2920 343908 2.0
2921 343995 2.0
2922 344071 2.0
2923 344158 2.0
2924 344226 2.0
2925 344324 2.0
2926 344394 2.0
2927 344458 2.0
2928 344544 2.0
2929 344607 2.0
2930 344683 2.0
2931 344748 2.0
2932 344867 2.0
2933 344929 2.0
2934 345029 2.0
2935 345155 2.0
2936 345311 2.0
2937 345379 2.0
2938 345451 2.0
2939 345534 2.0
2940 345652 2.0
2941 345808 2.0
2942 345894 2.0
2943 346003 2.0
2944 346080 2.0
2945 346187 2.0
2946 346249 2.0
2947 346319 2.0
2948 346390 2.0
2949 346450 2.0
2950 346530 2.0
2951 346610 2.0
2952 346670 2.0
2953 346749 2.0
2954 346821 2.0
2955 346892 2.0
2956 346973 2.0
2957 347029 2.0
2958 347102 2.0
2959 347178 2.0
2960 347292 2.0
2961 347366 2.0
2962 347433 2.0
2963 347501 2.0
2964 347570 2.0
2965 347690 2.0
2966 347764 2.0
2967 347852 2.0
2968 347949 2.0
2969 348043 2.0
2970 348126 2.0
2971 348192 2.0
2972 348298 2.0
2973 348368 2.0
2974 348442 2.0
2975 348518 2.0
2976 348607 2.0
2977 348681 2.0
2978 348763 2.0
2979 348823 2.0
2980 348878 2.0
2981 348969 2.0
2982 349047 2.0
2983 349136 2.0
2984 349213 2.0
2985 349280 2.0
2986 349389 2.0
2987 349454 2.0
2988 349535 2.0
2989 349611 2.0
2990 349686 2.0
2991 349760 2.0
2992 349823 2.0
2993 349904 2.0
2994 349978 2.0
2995 350053 2.0
2996 350127 2.0
2997 350240 2.0
2998 350310 2.0
2999 350386 2.0
3000 350446 2.0
3001 350523 2.0
3002 350609 2.0
3003 350694 2.0
3004 350767 2.0
3005 350894 2.0
3006 350967 2.0
3007 351031 2.0
3008 351123 2.0
3009 351195 2.0
3010 351265 2.0
3011 351335 2.0
3012 351429 2.0
3013 351496 2.0
3014 351565 2.0
3015 351637 2.0
3016 351692 2.0
3017 351924 2.0
3018 352015 2.0
3019 352088 2.0
3020 352171 2.0
3021 352440 2.0
3022 352521 2.0
3023 352599 2.0
3024 352681 2.0
3025 352810 2.0
3026 352879 2.0
3027 352972 2.0
3028 353041 2.0
3029 353109 2.0
3030 353191 2.0
3031 353268 2.0
3032 353353 2.0
3033 353418 2.0
3034 353494 2.0
3035 353567 2.0
3036 353641 2.0
3037 353705 2.0
3038 353777 2.0
3039 353874 2.0
3040 353952 2.0
3041 354023 2.0
3042 354117 2.0
3043 354203 2.0
3044 354314 2.0
3045 354373 2.0
3046 354451 2.0
3047 354522 2.0
3048 354714 2.0
3049 354775 2.0
3050 354848 2.0
3051 354925 2.0
3052 355014 2.0
3053 355104 2.0
3054 355191 2.0
3055 355263 2.0
3056 355325 2.0
3057 355391 2.0
3058 355460 2.0
3059 355522 2.0
3060 355593 2.0
3061 355674 2.0
3062 355791 2.0
3063 355879 2.0
3064 355952 2.0
3065 356031 2.0
3066 356099 2.0
3067 356168 2.0
3068 356249 2.0
3069 356328 2.0
3070 356386 2.0
3071 356464 2.0
3072 356528 2.0
3073 356612 2.0
3074 356689 2.0
3075 356756 2.0
3076 356834 2.0
3077 356944 2.0
3078 357027 2.0
3079 357101 2.0
3080 357270 2.0
3081 357336 2.0
3082 357431 2.0
3083 357507 2.0
3084 357604 2.0
3085 357682 2.0
3086 357752 2.0
3087 357824 2.0
3088 357897 2.0
3089 357955 2.0
3090 358024 2.0
3091 358175 2.0
3092 358253 2.0
3093 358349 2.0
3094 358427 2.0
3095 358524 2.0
3096 358650 2.0
3097 358779 2.0
3098 358854 2.0
3099 358920 2.0
3100 358999 2.0
3101 359064 2.0
3102 359129 2.0
3103 359197 2.0
3104 359257 2.0
3105 359402 2.0
3106 359633 2.0
3107 359704 2.0
3108 359767 2.0
3109 359852 2.0
3110 359916 2.0
3111 360002 2.0
3112 360075 2.0
3113 360261 2.0
3114 360370 2.0
3115 360477 2.0
3116 360562 2.0
3117 360639 2.0
3118 360709 2.0
3119 360797 2.0
3120 360864 2.0
3121 360961 2.0
3122 361038 2.0
3123 361111 2.0
3124 361179 2.0
3125 361247 2.0
3126 361332 2.0
3127 361403 2.0
3128 361503 2.0
3129 361587 2.0
3130 361646 2.0
3131 361744 2.0
3132 361813 2.0
3133 361897 2.0
3134 361995 2.0
3135 362069 2.0
3136 362130 2.0
3137 362199 2.0
3138 362274 2.0
3139 362354 2.0
3140 362430 2.0
3141 362504 2.0
3142 362578 2.0
3143 362673 2.0
3144 362769 2.0
3145 362863 2.0
3146 362950 2.0
3147 363009 2.0
3148 363092 2.0
3149 363174 2.0
3150 363290 2.0
3151 363372 2.0
3152 363476 2.0
3153 363545 2.0
3154 363623 2.0
3155 363718 2.0
3156 363784 2.0
3157 363860 2.0
3158 363931 2.0
3159 364036 2.0
3160 364140 2.0
3161 364217 2.0
3162 364293 2.0
3163 364379 2.0
3164 364459 2.0
3165 364571 2.0
3166 364640 2.0
3167 364725 2.0
3168 364806 2.0
3169 364883 2.0
3170 364962 2.0
3171 365034 2.0
3172 365113 2.0
3173 365193 2.0
3174 365280 2.0
3175 365350 2.0
3176 365516 2.0
3177 365618 2.0
3178 365710 2.0
3179 365779 2.0
3180 365907 2.0
3181 365972 2.0
3182 366078 2.0
3183 366141 2.0
3184 366231 2.0
3185 366315 2.0
3186 366397 2.0
3187 366479 2.0
3188 366553 2.0
3189 366634 2.0
3190 366715 2.0
3191 366807 2.0
3192 366893 2.0
3193 366963 2.0
3194 367020 2.0
3195 367095 2.0
3196 367174 2.0
3197 367242 2.0
3198 367377 2.0
3199 367473 2.0
3200 367571 2.0
3201 367663 2.0
3202 367738 2.0
3203 367828 2.0
3204 367894 2.0
3205 367994 2.0
3206 368071 2.0
3207 368134 2.0
3208 368208 2.0
3209 368324 2.0
3210 368403 2.0
3211 368480 2.0
3212 368557 2.0
3213 368641 2.0
3214 368706 2.0
3215 368782 2.0
3216 368868 2.0
3217 368927 2.0
3218 368999 2.0
3219 369072 2.0
3220 369150 2.0
3221 369219 2.0
3222 369288 2.0
3223 369401 2.0
3224 369485 2.0
3225 369550 2.0
3226 369643 2.0
3227 369736 2.0
3228 369802 2.0
3229 369926 2.0
3230 370000 2.0
3231 370075 2.0
3232 370174 2.0
3233 370236 2.0
3234 370298 2.0
3235 370386 2.0
3236 370463 2.0
3237 370562 2.0
3238 370639 2.0
3239 370748 2.0
3240 370813 2.0
3241 370875 2.0
3242 370951 2.0
3243 371040 2.0
3244 371135 2.0
3245 371238 2.0
3246 371305 2.0
3247 371405 2.0
3248 371463 2.0
3249 371545 2.0
3250 371616 2.0
3251 371706 2.0
3252 371766 2.0
3253 371824 2.0
3254 371904 2.0
3255 371972 2.0
3256 372048 2.0
3257 372129 2.0
3258 372203 2.0
3259 372283 2.0
3260 372353 2.0
3261 372417 2.0
3262 372486 2.0
3263 372573 2.0
3264 372706 2.0
3265 372808 2.0
3266 372886 2.0
3267 372944 2.0
3268 373008 2.0
3269 373111 2.0
3270 373191 2.0
3271 373290 2.0
3272 373378 2.0
3273 373461 2.0
3274 373517 2.0
3275 373612 2.0
3276 373690 2.0
3277 373772 2.0
3278 373849 2.0
3279 373980 2.0
3280 374041 2.0
3281 374131 2.0
3282 374238 2.0
3283 374335 2.0
3284 374417 2.0
3285 374511 2.0
3286 374589 2.0
3287 374655 2.0
3288 374749 2.0
3289 374819 2.0
3290 374883 2.0
3291 374962 2.0
3292 375050 2.0
3293 375120 2.0
3294 375172 2.0
3295 375249 2.0
3296 375353 2.0
3297 375414 2.0
3298 375492 2.0
3299 375594 2.0
3300 375687 2.0
3301 375800 2.0
3302 375877 2.0
3303 375949 2.0
3304 376087 2.0
3305 376142 2.0
3306 376235 2.0
3307 376298 2.0
3308 376367 2.0
3309 376428 2.0
3310 376504 2.0
3311 376712 2.0
3312 376811 2.0
3313 376880 2.0
3314 376963 2.0
3315 377043 2.0
3316 377115 2.0
3317 377217 2.0
3318 377305 2.0
3319 377370 2.0
3320 377467 2.0
3321 377643 2.0
3322 377724 2.0
3323 377797 2.0
3324 377863 2.0
3325 377946 2.0
3326 378044 2.0
3327 378136 2.0
3328 378226 2.0
3329 378301 2.0
3330 378360 2.0
3331 378446 2.0
3332 378523 2.0
3333 378655 2.0
3334 378727 2.0
3335 378811 2.0
3336 378898 2.0
3337 378974 2.0
3338 379048 2.0
3339 379143 2.0
3340 379212 2.0
3341 379297 2.0
3342 379367 2.0
3343 379454 2.0
3344 379534 2.0
3345 379597 2.0
3346 379667 2.0
3347 379739 2.0
3348 379827 2.0
3349 379909 2.0
3350 379971 2.0
3351 380056 2.0
3352 380147 2.0
3353 380223 2.0
3354 380313 2.0
3355 380394 2.0
3356 380497 2.0
3357 380587 2.0
3358 380668 2.0
3359 380739 2.0
3360 380815 2.0
3361 380883 2.0
3362 380964 2.0
3363 381062 2.0
3364 381158 2.0
3365 381219 2.0
3366 381317 2.0
3367 381412 2.0
3368 381497 2.0
3369 381580 2.0
3370 381656 2.0
3371 381718 2.0
3372 381793 2.0
3373 381886 2.0
3374 381948 2.0
3375 382026 2.0
3376 382110 2.0
3377 382183 2.0
3378 382280 2.0
3379 382359 2.0
3380 382422 2.0
3381 382507 2.0
3382 382584 2.0
3383 382661 2.0
3384 382756 2.0
3385 382838 2.0
3386 382935 2.0
3387 383030 2.0
3388 383101 2.0
3389 383179 2.0
3390 383244 2.0
3391 383323 2.0
3392 383386 2.0
3393 383469 2.0
3394 383540 2.0
3395 383633 2.0
3396 383745 2.0
3397 383819 2.0
3398 383883 2.0
3399 383952 2.0
3400 384025 2.0
3401 384091 2.0
3402 384177 2.0
3403 384273 2.0
3404 384343 2.0
3405 384414 2.0
3406 384477 2.0
3407 384578 2.0
3408 384633 2.0
3409 384698 2.0
3410 384759 2.0
3411 384829 2.0
3412 384897 2.0
3413 384973 2.0
3414 385043 2.0
3415 385111 2.0
3416 385222 2.0
3417 385284 2.0
3418 385355 2.0
3419 385424 2.0
3420 385490 2.0
3421 385558 2.0
3422 385632 2.0
3423 385729 2.0
3424 385797 2.0
3425 385868 2.0
3426 385926 2.0
3427 385996 2.0
3428 386070 2.0
3429 386140 2.0
3430 386215 2.0
3431 386288 2.0
3432 386359 2.0
3433 386441 2.0
3434 386531 2.0
3435 386678 2.0
3436 386777 2.0
3437 386863 2.0
3438 386980 2.0
3439 387093 2.0
3440 387167 2.0
3441 387277 2.0
3442 387357 2.0
3443 387430 2.0
3444 387498 2.0
3445 387579 2.0
3446 387646 2.0
3447 387728 2.0
3448 387800 2.0
3449 387859 2.0
3450 387924 2.0
3451 388011 2.0
3452 388103 2.0
3453 388183 2.0
3454 388310 2.0
3455 388377 2.0
3456 388455 2.0
3457 388524 2.0
3458 388627 2.0
3459 388695 2.0
3460 388765 2.0
3461 388841 2.0
3462 388951 2.0
3463 389034 2.0
3464 389144 2.0
3465 389231 2.0
3466 389307 2.0
3467 389404 2.0
3468 389505 2.0
3469 389593 2.0
3470 389675 2.0
3471 389854 2.0
3472 389934 2.0
3473 390013 2.0
3474 390080 2.0
3475 390158 2.0
3476 390224 2.0
3477 390292 2.0
3478 390365 2.0
3479 390437 2.0
3480 390517 2.0
3481 390585 2.0
3482 390664 2.0
3483 390735 2.0
3484 390792 2.0
3485 390871 2.0
3486 390953 2.0
3487 391041 2.0
3488 391124 2.0
3489 391227 2.0
3490 391331 2.0
3491 391418 2.0
3492 391485 2.0
3493 391669 2.0
3494 391746 2.0
3495 391808 2.0
3496 391888 2.0
3497 391963 2.0
