1 300 0.37000000000000005
2 600 0.37000000000000005
3 900 0.38
4 1200 0.38
5 1500 0.4
6 1800 0.41000000000000003
7 2100 0.43000000000000005
8 2400 0.43000000000000005
9 2700 0.44000000000000006
10 3000 0.4600000000000001
11 3300 0.4600000000000001
12 3600 0.4600000000000001
13 3900 0.4800000000000001
14 4200 0.48000000000000004
15 4500 0.5
16 4800 0.5
17 5100 0.52
18 5400 0.51
19 5700 0.51
20 6000 0.51
21 6300 0.53
22 6600 0.54
23 6900 0.56
24 7200 0.5700000000000001
25 7500 0.5700000000000001
26 7800 0.5900000000000001
27 8100 0.5900000000000001
28 8400 0.5900000000000001
29 8700 0.6100000000000001
30 9000 0.6100000000000001
31 9300 0.6100000000000001
32 9600 0.6000000000000001
33 9900 0.62
34 10200 0.6300000000000001
35 10500 0.6500000000000001
36 10800 0.6400000000000001
37 11092 0.64
38 11392 0.63
39 11692 0.65
40 11992 0.67
41 12292 0.67
42 12592 0.6900000000000001
43 12892 0.7100000000000001
44 13192 0.7100000000000001
45 13492 0.7200000000000001
46 13792 0.7400000000000001
47 14092 0.7600000000000001
48 14392 0.78
49 14692 0.78
50 14992 0.77
51 15292 0.79
52 15592 0.81
53 15892 0.81
54 16192 0.8
55 16492 0.8
56 16792 0.81
57 17092 0.8300000000000001
58 17392 0.8400000000000001
59 17692 0.8600000000000001
60 17992 0.8800000000000001
61 18292 0.9000000000000001
62 18592 0.8900000000000001
63 18892 0.9000000000000001
64 19192 0.89
65 19492 0.91
66 19792 0.92
67 20092 0.92
68 20392 0.9400000000000002
69 20692 0.9500000000000002
70 20992 0.9600000000000002
71 21292 0.9800000000000002
72 21592 0.9900000000000001
73 21892 1.01
74 22192 1.02
75 22492 1.02
76 22792 1.04
77 23092 1.04
78 23392 1.0600000000000003
79 23692 1.07
80 23992 1.07
81 24292 1.08
82 24592 1.07
83 24892 1.08
84 25192 1.08
85 25492 1.09
86 25792 1.1100000000000003
87 26092 1.1199999999999999
88 26270 1.14
89 26570 1.1400000000000001
90 26870 1.1600000000000001
91 27170 1.1700000000000002
92 27470 1.18
93 27770 1.1800000000000002
94 28018 1.18
95 28318 1.1600000000000001
96 28618 1.17
97 28866 1.1800000000000002
98 29166 1.16
99 29466 1.18
100 29691 1.18
101 29991 1.1600000000000001
102 30286 1.1600000000000001
103 30586 1.1600000000000001
104 30759 1.1600000000000001
105 31059 1.1400000000000001
106 31301 1.15
107 31601 1.1500000000000001
108 31901 1.1600000000000001
109 32081 1.1500000000000001
110 32381 1.1500000000000001
111 32681 1.1700000000000002
112 32873 1.19
113 33173 1.1700000000000002
114 33414 1.1900000000000002
115 33714 1.1900000000000002
116 33899 1.1900000000000002
117 34199 1.1900000000000002
118 34499 1.2100000000000002
119 34799 1.2300000000000002
120 34992 1.2500000000000002
121 35257 1.2500000000000002
122 35450 1.2500000000000002
123 35721 1.2400000000000002
124 36021 1.2400000000000002
125 36202 1.2400000000000002
126 36502 1.2400000000000002
127 36802 1.2600000000000002
128 36943 1.2700000000000002
129 37243 1.2700000000000002
130 37543 1.2900000000000003
131 37843 1.3100000000000003
132 38027 1.33
133 38327 1.33
134 38558 1.3400000000000003
135 38858 1.3400000000000003
136 39158 1.3600000000000003
137 39458 1.3800000000000003
138 39668 1.37
139 39842 1.35
140 40142 1.35
141 40377 1.35
142 40676 1.34
143 40976 1.34
144 41228 1.3300000000000003
145 41485 1.3300000000000003
146 41683 1.31
147 41937 1.31
148 42237 1.31
149 42537 1.33
150 42796 1.33
151 43041 1.33
152 43341 1.31
153 43641 1.33
154 43941 1.35
155 44113 1.34
156 44367 1.3400000000000003
157 44572 1.3400000000000003
158 44801 1.3300000000000003
159 45040 1.3100000000000003
160 45143 1.3100000000000003
161 45443 1.3000000000000003
162 45743 1.3
163 46043 1.29
164 46248 1.31
165 46548 1.29
166 46848 1.3000000000000003
167 46986 1.3100000000000003
168 47286 1.3100000000000003
169 47473 1.31
170 47612 1.31
171 47853 1.29
172 48052 1.29
173 48352 1.28
174 48652 1.2800000000000002
175 48890 1.3000000000000003
176 49190 1.2800000000000002
177 49470 1.2900000000000003
178 49710 1.27
179 50010 1.27
180 50238 1.29
181 50538 1.29
182 50838 1.29
183 51138 1.3
184 51438 1.3
185 51723 1.29
186 51869 1.29
187 52127 1.27
188 52255 1.27
189 52436 1.27
190 52736 1.27
191 53016 1.2800000000000002
192 53316 1.2600000000000002
193 53616 1.27
194 53916 1.28
195 54055 1.28
196 54355 1.2600000000000002
197 54655 1.27
198 54821 1.29
199 55121 1.2900000000000003
200 55421 1.3100000000000003
201 55721 1.33
202 55861 1.33
203 56161 1.33
204 56461 1.35
205 56687 1.37
206 56793 1.37
207 57093 1.37
208 57393 1.3800000000000003
209 57609 1.4000000000000001
210 57844 1.3800000000000001
211 58080 1.36
212 58380 1.3400000000000003
213 58638 1.3600000000000003
214 58775 1.3600000000000003
215 59075 1.3600000000000003
216 59288 1.3800000000000001
217 59526 1.3800000000000001
218 59784 1.3800000000000001
219 60020 1.3800000000000001
220 60276 1.3800000000000003
221 60432 1.3800000000000003
222 60732 1.3800000000000003
223 60966 1.3800000000000001
224 61266 1.3800000000000001
225 61552 1.3800000000000001
226 61797 1.3800000000000001
227 62086 1.38
228 62360 1.3800000000000001
229 62489 1.36
230 62731 1.36
231 62919 1.3600000000000003
232 63119 1.36
233 63251 1.36
234 63473 1.36
235 63773 1.36
236 63956 1.3400000000000003
237 64256 1.3400000000000003
238 64556 1.35
239 64719 1.37
240 65019 1.37
241 65319 1.39
242 65480 1.4
243 65780 1.4000000000000001
244 65927 1.4200000000000002
245 66227 1.4
246 66436 1.4
247 66598 1.4
248 66815 1.4
249 67115 1.4
250 67324 1.42
251 67624 1.4000000000000004
252 67708 1.4000000000000001
253 67845 1.38
254 68145 1.3599999999999999
255 68407 1.3800000000000001
256 68694 1.3800000000000001
257 68994 1.38
258 69294 1.3900000000000001
259 69476 1.4000000000000001
260 69776 1.4000000000000001
261 70076 1.41
262 70376 1.41
263 70552 1.4300000000000002
264 70852 1.4300000000000002
265 71065 1.43
266 71365 1.4300000000000002
267 71649 1.43
268 71949 1.43
269 72155 1.44
270 72455 1.4400000000000002
271 72614 1.46
272 72914 1.44
273 73214 1.45
274 73498 1.46
275 73798 1.44
276 73997 1.46
277 74297 1.46
278 74528 1.48
279 74818 1.48
280 74994 1.47
281 75294 1.45
282 75522 1.47
283 75822 1.47
284 76122 1.49
285 76310 1.51
286 76610 1.51
287 76834 1.53
288 77070 1.52
289 77345 1.52
290 77634 1.52
291 77934 1.52
292 78117 1.54
293 78384 1.52
294 78684 1.52
295 78984 1.54
296 79108 1.55
297 79354 1.55
298 79602 1.55
299 79782 1.53
300 79978 1.52
301 80278 1.52
302 80440 1.53
303 80582 1.51
304 80767 1.51
305 80951 1.51
306 81170 1.5
307 81444 1.5
308 81690 1.48
309 81990 1.48
310 82290 1.49
311 82590 1.49
312 82776 1.51
313 82874 1.51
314 83145 1.51
315 83310 1.51
316 83554 1.51
317 83755 1.51
318 83921 1.51
319 84090 1.4900000000000002
320 84268 1.4900000000000002
321 84501 1.49
322 84801 1.49
323 84980 1.5
324 85280 1.5
325 85394 1.52
326 85553 1.52
327 85657 1.52
328 85957 1.52
329 86171 1.52
330 86378 1.52
331 86546 1.52
332 86679 1.52
333 86925 1.52
334 87116 1.52
335 87416 1.52
336 87599 1.53
337 87899 1.51
338 88160 1.52
339 88291 1.52
340 88564 1.51
341 88821 1.49
342 89007 1.49
343 89245 1.47
344 89545 1.47
345 89845 1.49
346 90009 1.51
347 90218 1.51
348 90387 1.51
349 90587 1.4900000000000002
350 90887 1.4700000000000002
351 91187 1.4900000000000002
352 91487 1.5100000000000002
353 91787 1.52
354 91951 1.54
355 92168 1.54
356 92441 1.52
357 92710 1.52
358 93010 1.5
359 93149 1.5100000000000002
360 93380 1.5100000000000002
361 93680 1.49
362 93915 1.51
363 94155 1.51
364 94455 1.51
365 94546 1.53
366 94846 1.53
367 94975 1.52
368 95192 1.51
369 95387 1.51
370 95515 1.51
371 95815 1.51
372 96062 1.53
373 96319 1.51
374 96619 1.51
375 96830 1.53
376 97058 1.53
377 97271 1.53
378 97364 1.53
379 97664 1.5300000000000002
380 97964 1.54
381 98192 1.56
382 98300 1.56
383 98541 1.56
384 98671 1.54
385 98946 1.54
386 99052 1.54
387 99352 1.54
388 99600 1.55
389 99890 1.55
390 100096 1.55
391 100290 1.55
392 100590 1.55
393 100794 1.57
394 101063 1.57
395 101363 1.57
396 101498 1.56
397 101584 1.54
398 101884 1.52
399 102184 1.52
400 102361 1.52
401 102661 1.52
402 102961 1.53
403 103140 1.55
404 103265 1.55
405 103565 1.55
406 103715 1.56
407 104015 1.56
408 104182 1.56
409 104482 1.55
410 104782 1.56
411 105073 1.58
412 105256 1.56
413 105461 1.56
414 105665 1.56
415 105920 1.56
416 106049 1.56
417 106228 1.54
418 106528 1.52
419 106699 1.54
420 106998 1.54
421 107118 1.54
422 107245 1.54
423 107494 1.54
424 107642 1.54
425 107818 1.54
426 107917 1.54
427 108028 1.54
428 108328 1.54
429 108462 1.56
430 108717 1.56
431 109017 1.56
432 109248 1.56
433 109351 1.56
434 109564 1.54
435 109864 1.54
436 110164 1.54
437 110325 1.54
438 110422 1.53
439 110722 1.53
440 111022 1.54
441 111155 1.56
442 111455 1.56
443 111680 1.56
444 111804 1.56
445 112006 1.54
446 112250 1.52
447 112501 1.52
448 112801 1.5
449 113101 1.52
450 113326 1.54
451 113550 1.54
452 113850 1.52
453 114094 1.51
454 114360 1.5100000000000002
455 114660 1.5100000000000002
456 114770 1.53
457 115070 1.53
458 115302 1.55
459 115481 1.55
460 115781 1.54
461 115954 1.56
462 116233 1.5600000000000003
463 116499 1.5600000000000003
464 116784 1.56
465 116950 1.56
466 117250 1.56
467 117550 1.58
468 117799 1.59
469 117935 1.57
470 118051 1.5700000000000003
471 118133 1.5700000000000003
472 118433 1.57
473 118498 1.59
474 118796 1.57
475 118932 1.57
476 119035 1.57
477 119333 1.57
478 119493 1.5700000000000003
479 119733 1.5700000000000003
480 120023 1.57
481 120279 1.57
482 120471 1.5700000000000003
483 120771 1.5500000000000003
484 120939 1.57
485 121112 1.57
486 121270 1.5600000000000003
487 121529 1.5600000000000003
488 121797 1.56
489 122036 1.56
490 122188 1.56
491 122481 1.56
492 122700 1.56
493 122808 1.54
494 123081 1.54
495 123381 1.54
496 123681 1.54
497 123981 1.56
498 124281 1.58
499 124581 1.58
500 124773 1.59
501 125058 1.59
502 125196 1.58
503 125317 1.58
504 125432 1.56
505 125587 1.56
506 125754 1.56
507 126054 1.56
508 126354 1.58
509 126491 1.57
510 126769 1.57
511 127069 1.55
512 127199 1.57
513 127421 1.56
514 127658 1.56
515 127785 1.56
516 128085 1.56
517 128385 1.58
518 128568 1.6
519 128843 1.6
520 129055 1.6
521 129201 1.6
522 129404 1.6
523 129692 1.6
524 129879 1.6
525 130085 1.6
526 130207 1.59
527 130314 1.59
528 130562 1.59
529 130679 1.59
530 130788 1.59
531 130932 1.59
532 131049 1.59
533 131349 1.59
534 131554 1.61
535 131854 1.61
536 132154 1.62
537 132454 1.6400000000000001
538 132696 1.6500000000000001
539 132807 1.6500000000000001
540 133100 1.6500000000000001
541 133234 1.6500000000000001
542 133534 1.6400000000000001
543 133664 1.6600000000000001
544 133964 1.6600000000000001
545 134264 1.6600000000000001
546 134502 1.6800000000000002
547 134802 1.6800000000000002
548 134981 1.7000000000000002
549 135125 1.7000000000000002
550 135361 1.7000000000000002
551 135661 1.7000000000000002
552 135961 1.7200000000000002
553 136130 1.7200000000000002
554 136258 1.7200000000000002
555 136390 1.7200000000000002
556 136495 1.7200000000000002
557 136633 1.7200000000000002
558 136815 1.7200000000000002
559 137115 1.7200000000000002
560 137257 1.7100000000000002
561 137364 1.7100000000000002
562 137471 1.7100000000000002
563 137733 1.7100000000000002
564 137867 1.6900000000000002
565 138045 1.6900000000000002
566 138329 1.6900000000000002
567 138517 1.6900000000000002
568 138817 1.6900000000000002
569 138952 1.7100000000000002
570 139142 1.6900000000000002
571 139300 1.6900000000000002
572 139477 1.6800000000000002
573 139777 1.6800000000000002
574 139925 1.7000000000000002
575 140117 1.7000000000000002
576 140254 1.7000000000000002
577 140461 1.6800000000000002
578 140632 1.6600000000000001
579 140741 1.6600000000000001
580 140831 1.6600000000000001
581 141048 1.6600000000000001
582 141348 1.6600000000000001
583 141553 1.6600000000000001
584 141732 1.6600000000000001
585 142032 1.6600000000000001
586 142168 1.6700000000000002
587 142332 1.6700000000000002
588 142422 1.6700000000000002
589 142590 1.6700000000000002
590 142767 1.6600000000000001
591 142937 1.6600000000000001
592 143237 1.6400000000000001
593 143471 1.6600000000000001
594 143609 1.6600000000000001
595 143909 1.6500000000000001
596 144034 1.6700000000000002
597 144309 1.6700000000000002
598 144609 1.6700000000000002
599 144808 1.6900000000000002
600 145059 1.6900000000000002
601 145359 1.6900000000000002
602 145533 1.7000000000000002
603 145833 1.6800000000000002
604 146015 1.7000000000000002
605 146172 1.7000000000000002
606 146298 1.7000000000000002
607 146391 1.7000000000000002
608 146691 1.7000000000000002
609 146922 1.7200000000000002
610 147222 1.7200000000000002
611 147325 1.7400000000000002
612 147625 1.7400000000000002
613 147810 1.7500000000000002
614 148022 1.7500000000000002
615 148191 1.7300000000000002
616 148317 1.7200000000000002
617 148602 1.7200000000000002
618 148837 1.7200000000000002
619 149039 1.7200000000000002
620 149249 1.7200000000000002
621 149354 1.7100000000000002
622 149583 1.6900000000000002
623 149717 1.6800000000000002
624 149885 1.6800000000000002
625 150185 1.6800000000000002
626 150359 1.6700000000000002
627 150587 1.6700000000000002
628 150799 1.6500000000000001
629 150968 1.6500000000000001
630 151188 1.6500000000000001
631 151431 1.6300000000000001
632 151611 1.6300000000000001
633 151770 1.6300000000000001
634 151974 1.6300000000000001
635 152066 1.6300000000000001
636 152264 1.6300000000000001
637 152428 1.6300000000000001
638 152531 1.6300000000000001
639 152695 1.6300000000000001
640 152983 1.6300000000000001
641 153283 1.6300000000000001
642 153397 1.62
643 153495 1.6
644 153795 1.6
645 154053 1.62
646 154259 1.62
647 154481 1.62
648 154624 1.62
649 154732 1.6
650 154901 1.6
651 155042 1.6
652 155342 1.6
653 155525 1.62
654 155794 1.62
655 156032 1.62
656 156151 1.62
657 156373 1.62
658 156479 1.62
659 156779 1.62
660 157005 1.6400000000000001
661 157165 1.6400000000000001
662 157421 1.6400000000000001
663 157721 1.6400000000000001
664 157834 1.6400000000000001
665 157963 1.6400000000000001
666 158128 1.6400000000000001
667 158358 1.62
668 158491 1.62
669 158791 1.62
670 158963 1.6400000000000001
671 159263 1.6400000000000001
672 159560 1.6500000000000001
673 159812 1.6500000000000001
674 160029 1.6500000000000001
675 160210 1.6500000000000001
676 160510 1.6500000000000001
677 160810 1.6700000000000002
678 161011 1.6900000000000002
679 161134 1.6900000000000002
680 161390 1.6900000000000002
681 161546 1.6900000000000002
682 161846 1.6900000000000002
683 162144 1.7100000000000002
684 162255 1.7000000000000002
685 162349 1.7000000000000002
686 162481 1.7000000000000002
687 162672 1.7000000000000002
688 162925 1.7000000000000002
689 163225 1.7000000000000002
690 163402 1.7100000000000002
691 163702 1.7100000000000002
692 163930 1.7300000000000002
693 164042 1.7300000000000002
694 164342 1.7300000000000002
695 164433 1.7400000000000002
696 164588 1.7400000000000002
697 164736 1.7400000000000002
698 164868 1.7400000000000002
699 164972 1.7400000000000002
700 165086 1.7400000000000002
701 165216 1.7400000000000002
702 165516 1.7400000000000002
703 165650 1.7600000000000002
704 165815 1.7600000000000002
705 165925 1.7600000000000002
706 166159 1.7600000000000002
707 166264 1.7600000000000002
708 166457 1.7600000000000002
709 166740 1.7500000000000002
710 166865 1.7500000000000002
711 167071 1.7500000000000002
712 167204 1.7500000000000002
713 167331 1.7300000000000002
714 167631 1.7300000000000002
715 167931 1.7500000000000002
716 168024 1.7600000000000002
717 168180 1.7600000000000002
718 168408 1.7600000000000002
719 168556 1.7600000000000002
720 168856 1.7600000000000002
721 169156 1.7700000000000002
722 169456 1.7900000000000003
723 169623 1.8000000000000003
724 169761 1.8000000000000003
725 170061 1.8000000000000003
726 170212 1.8200000000000003
727 170512 1.8200000000000003
728 170698 1.8400000000000003
729 170822 1.8400000000000003
730 171122 1.8400000000000003
731 171382 1.8600000000000003
732 171519 1.8600000000000003
733 171635 1.8600000000000003
734 171910 1.8600000000000003
735 172028 1.8600000000000003
736 172222 1.8600000000000003
737 172491 1.8600000000000003
738 172639 1.8600000000000003
739 172763 1.8600000000000003
740 172889 1.8600000000000003
741 173189 1.8600000000000003
742 173489 1.8800000000000003
743 173746 1.9000000000000004
744 173836 1.9000000000000004
745 174084 1.9000000000000004
746 174190 1.9000000000000004
747 174391 1.9000000000000004
748 174691 1.9000000000000004
749 174940 1.9200000000000004
750 175144 1.9200000000000004
751 175270 1.9200000000000004
752 175536 1.9200000000000004
753 175717 1.9200000000000004
754 176008 1.9200000000000004
755 176150 1.9200000000000004
756 176397 1.9200000000000004
757 176623 1.9200000000000004
758 176739 1.9200000000000004
759 176849 1.9200000000000004
760 177090 1.9200000000000004
761 177177 1.9200000000000004
762 177417 1.9200000000000004
763 177717 1.9200000000000004
764 177857 1.9400000000000004
765 178010 1.9400000000000004
766 178310 1.9400000000000004
767 178467 1.9600000000000004
768 178554 1.9600000000000004
769 178726 1.9600000000000004
770 178850 1.9600000000000004
771 179126 1.9600000000000004
772 179264 1.9400000000000004
773 179394 1.9400000000000004
774 179493 1.9400000000000004
775 179586 1.9300000000000004
776 179681 1.9300000000000004
777 179840 1.9300000000000004
778 180002 1.9300000000000004
779 180106 1.9300000000000004
780 180212 1.9300000000000004
781 180379 1.9300000000000004
782 180522 1.9300000000000004
783 180822 1.9300000000000004
784 180973 1.9400000000000004
785 181068 1.9400000000000004
786 181165 1.9400000000000004
787 181278 1.9400000000000004
788 181421 1.9400000000000004
789 181712 1.9400000000000004
790 181897 1.9400000000000004
791 181977 1.9400000000000004
792 182082 1.9200000000000004
793 182198 1.9200000000000004
794 182287 1.9200000000000004
795 182517 1.9200000000000004
796 182777 1.9200000000000004
797 182918 1.9200000000000004
798 183019 1.9200000000000004
799 183187 1.9200000000000004
800 183297 1.9200000000000004
801 183475 1.9200000000000004
802 183734 1.9200000000000004
803 183809 1.9200000000000004
804 183990 1.9200000000000004
805 184236 1.9200000000000004
806 184377 1.9200000000000004
807 184466 1.9200000000000004
808 184766 1.9200000000000004
809 184846 1.9300000000000004
810 184940 1.9300000000000004
811 185065 1.9300000000000004
812 185365 1.9300000000000004
813 185512 1.9500000000000002
814 185692 1.9500000000000002
815 185934 1.9500000000000002
816 186134 1.9500000000000002
817 186228 1.9500000000000002
818 186337 1.9500000000000002
819 186428 1.9500000000000002
820 186503 1.9500000000000002
821 186616 1.9500000000000002
822 186832 1.9500000000000002
823 187053 1.9500000000000002
824 187138 1.9500000000000002
825 187377 1.9500000000000002
826 187519 1.9500000000000002
827 187713 1.9500000000000004
828 187888 1.9500000000000004
829 188020 1.9500000000000004
830 188163 1.9500000000000004
831 188327 1.9500000000000004
832 188436 1.9500000000000004
833 188582 1.9500000000000004
834 188658 1.9500000000000004
835 188916 1.9500000000000004
836 189150 1.9300000000000004
837 189416 1.9300000000000004
838 189646 1.9300000000000004
839 189798 1.9300000000000004
840 190017 1.9300000000000004
841 190236 1.9300000000000004
842 190322 1.9200000000000004
843 190504 1.9200000000000004
844 190726 1.9200000000000004
845 190795 1.9200000000000004
846 190915 1.9200000000000004
847 191044 1.9200000000000004
848 191201 1.9200000000000004
849 191413 1.9200000000000004
850 191672 1.9200000000000004
851 191880 1.9200000000000004
852 192132 1.9200000000000004
853 192358 1.9200000000000004
854 192470 1.9200000000000004
855 192597 1.9200000000000004
856 192732 1.9200000000000004
857 192821 1.9200000000000004
858 192939 1.9200000000000004
859 193005 1.9200000000000004
860 193086 1.9200000000000004
861 193205 1.9200000000000004
862 193436 1.9200000000000004
863 193602 1.9200000000000004
864 193783 1.9200000000000004
865 193978 1.9200000000000004
866 194144 1.9200000000000004
867 194241 1.9200000000000004
868 194389 1.9200000000000004
869 194494 1.9200000000000004
870 194593 1.9200000000000004
871 194893 1.9200000000000004
872 195181 1.9400000000000004
873 195285 1.9400000000000004
874 195585 1.9400000000000004
875 195722 1.9500000000000002
876 195941 1.9500000000000002
877 196015 1.9500000000000002
878 196083 1.9500000000000002
879 196214 1.9500000000000002
880 196380 1.9500000000000002
881 196532 1.9500000000000002
882 196715 1.9500000000000002
883 196855 1.9500000000000002
884 196972 1.9500000000000002
885 197196 1.9500000000000002
886 197361 1.9500000000000002
887 197541 1.9500000000000002
888 197693 1.9500000000000002
889 197865 1.9500000000000002
890 197945 1.9500000000000002
891 198245 1.9500000000000002
892 198401 1.9700000000000002
893 198503 1.9700000000000002
894 198673 1.9700000000000002
895 198797 1.9700000000000002
896 198982 1.9700000000000002
897 199117 1.9700000000000002
898 199286 1.9700000000000002
899 199462 1.9600000000000002
900 199597 1.9600000000000002
901 199693 1.9600000000000002
902 199836 1.9600000000000002
903 199951 1.9600000000000004
904 200149 1.9600000000000004
905 200291 1.9600000000000004
906 200368 1.9600000000000004
907 200587 1.9600000000000004
908 200866 1.9600000000000004
909 200999 1.9600000000000004
910 201132 1.9600000000000004
911 201241 1.9600000000000004
912 201366 1.9600000000000004
913 201632 1.9600000000000004
914 201839 1.9600000000000004
915 202021 1.9400000000000004
916 202226 1.9400000000000004
917 202299 1.9400000000000004
918 202474 1.9400000000000004
919 202656 1.9400000000000004
920 202746 1.9400000000000004
921 202881 1.9400000000000004
922 202982 1.9400000000000004
923 203110 1.9400000000000004
924 203238 1.9400000000000004
925 203366 1.9400000000000004
926 203500 1.9400000000000004
927 203611 1.9400000000000004
928 203750 1.9400000000000004
929 203931 1.9400000000000004
930 204041 1.9400000000000004
931 204228 1.9400000000000004
932 204454 1.9400000000000004
933 204617 1.9400000000000004
934 204751 1.9400000000000004
935 205051 1.9400000000000004
936 205197 1.9600000000000004
937 205358 1.9600000000000004
938 205512 1.9500000000000004
939 205618 1.9500000000000004
940 205722 1.9500000000000004
941 206022 1.9500000000000004
942 206225 1.9600000000000004
943 206373 1.9600000000000004
944 206511 1.9600000000000004
945 206611 1.9600000000000004
946 206770 1.9600000000000004
947 207047 1.9600000000000004
948 207301 1.9600000000000004
949 207555 1.9600000000000004
950 207693 1.9600000000000004
951 207852 1.9600000000000004
952 208000 1.9600000000000004
953 208190 1.9600000000000004
954 208353 1.9600000000000004
955 208424 1.9600000000000004
956 208595 1.9600000000000004
957 208776 1.9600000000000004
958 208962 1.9600000000000004
959 209157 1.9600000000000004
960 209393 1.9600000000000004
961 209521 1.9600000000000004
962 209763 1.9600000000000004
963 209942 1.9600000000000004
964 210058 1.9600000000000004
965 210120 1.9600000000000004
966 210262 1.9600000000000004
967 210385 1.9600000000000004
968 210506 1.9600000000000004
969 210651 1.9600000000000004
970 210856 1.9600000000000004
971 211089 1.9600000000000004
972 211215 1.9600000000000004
973 211389 1.9600000000000004
974 211559 1.9600000000000004
975 211663 1.9600000000000004
976 211863 1.9600000000000004
977 212078 1.9400000000000004
978 212209 1.9400000000000004
979 212440 1.9400000000000004
980 212659 1.9400000000000004
981 212800 1.9400000000000004
982 212936 1.9400000000000004
983 213159 1.9400000000000004
984 213232 1.9400000000000004
985 213385 1.9400000000000004
986 213479 1.9400000000000004
987 213590 1.9400000000000004
988 213747 1.9400000000000004
989 213890 1.9400000000000004
990 213997 1.9400000000000004
991 214092 1.9400000000000004
992 214233 1.9400000000000004
993 214360 1.9400000000000004
994 214495 1.9400000000000004
995 214610 1.9400000000000004
996 214779 1.9400000000000004
997 214903 1.9400000000000004
998 215203 1.9400000000000004
999 215329 1.9500000000000004
1000 215442 1.9500000000000004
1001 215549 1.9500000000000004
1002 215652 1.9500000000000004
1003 215766 1.9500000000000004
1004 215907 1.9500000000000004
1005 216048 1.9500000000000004
1006 216212 1.9500000000000004
1007 216445 1.9500000000000004
1008 216556 1.9500000000000004
1009 216633 1.9500000000000004
1010 216773 1.9500000000000004
1011 216889 1.9500000000000004
1012 216969 1.9500000000000004
1013 217184 1.9500000000000004
1014 217484 1.9500000000000004
1015 217763 1.9700000000000004
1016 217839 1.9700000000000004
1017 218009 1.9700000000000004
1018 218139 1.9700000000000004
1019 218251 1.9700000000000004
1020 218373 1.9700000000000004
1021 218473 1.9700000000000004
1022 218548 1.9700000000000004
1023 218658 1.9700000000000004
1024 218820 1.9700000000000004
1025 218951 1.9700000000000004
1026 219109 1.9700000000000004
1027 219221 1.9700000000000004
1028 219325 1.9700000000000004
1029 219420 1.9700000000000004
1030 219523 1.9700000000000004
1031 219606 1.9700000000000004
1032 219679 1.9700000000000004
1033 219753 1.9700000000000004
1034 219882 1.9700000000000004
1035 220018 1.9700000000000004
1036 220225 1.9700000000000004
1037 220525 1.9700000000000004
1038 220618 1.9700000000000004
1039 220696 1.9700000000000004
1040 220799 1.9700000000000004
1041 220976 1.9700000000000004
1042 221123 1.9700000000000002
1043 221339 1.9700000000000002
1044 221435 1.9700000000000002
1045 221567 1.9700000000000002
1046 221653 1.9700000000000002
1047 221950 1.9700000000000002
1048 222230 1.9700000000000002
1049 222359 1.9700000000000002
1050 222509 1.9700000000000002
1051 222627 1.9700000000000002
1052 222702 1.9700000000000002
1053 222984 1.9700000000000002
1054 223159 1.9700000000000002
1055 223236 1.9700000000000002
1056 223335 1.9700000000000002
1057 223469 1.9700000000000002
1058 223546 1.9700000000000002
1059 223707 1.9700000000000002
1060 223887 1.9700000000000002
1061 223978 1.9700000000000002
1062 224140 1.9700000000000002
1063 224337 1.9700000000000002
1064 224544 1.9700000000000002
1065 224670 1.9700000000000002
1066 224810 1.9700000000000002
1067 225007 1.9700000000000002
1068 225079 1.9700000000000002
1069 225169 1.9700000000000002
1070 225263 1.9700000000000002
1071 225427 1.9500000000000002
1072 225507 1.9500000000000002
1073 225654 1.9500000000000002
1074 225849 1.9500000000000002
1075 225969 1.9500000000000002
1076 226269 1.9500000000000002
1077 226344 1.9700000000000002
1078 226456 1.9700000000000002
1079 226583 1.9700000000000002
1080 226691 1.9700000000000002
1081 226796 1.9700000000000002
1082 226899 1.9700000000000002
1083 227008 1.9700000000000002
1084 227229 1.9700000000000002
1085 227461 1.9700000000000002
1086 227567 1.9700000000000002
1087 227678 1.9700000000000002
1088 227945 1.9700000000000002
1089 228061 1.9700000000000002
1090 228167 1.9700000000000004
1091 228277 1.9700000000000004
1092 228460 1.9700000000000004
1093 228638 1.9700000000000004
1094 228741 1.9700000000000004
1095 228996 1.9700000000000004
1096 229135 1.9700000000000004
1097 229215 1.9700000000000004
1098 229304 1.9700000000000004
1099 229424 1.9700000000000004
1100 229546 1.9700000000000004
1101 229823 1.9700000000000004
1102 229944 1.9700000000000004
1103 230044 1.9700000000000004
1104 230122 1.9700000000000004
1105 230339 1.9700000000000004
1106 230431 1.9700000000000004
1107 230520 1.9700000000000004
1108 230623 1.9700000000000004
1109 230759 1.9700000000000004
1110 230855 1.9700000000000004
1111 230952 1.9700000000000004
1112 231018 1.9700000000000004
1113 231117 1.9700000000000004
1114 231217 1.9700000000000004
1115 231291 1.9700000000000004
1116 231374 1.9700000000000004
1117 231520 1.9700000000000004
1118 231622 1.9700000000000004
1119 231731 1.9700000000000004
1120 231929 1.9700000000000004
1121 232069 1.9700000000000004
1122 232172 1.9700000000000004
1123 232274 1.9700000000000004
1124 232346 1.9700000000000004
1125 232468 1.9700000000000004
1126 232613 1.9700000000000004
1127 232788 1.9700000000000004
1128 232910 1.9700000000000004
1129 233001 1.9700000000000004
1130 233217 1.9700000000000004
1131 233351 1.9700000000000004
1132 233495 1.9700000000000004
1133 233631 1.9700000000000004
1134 233726 1.9700000000000004
1135 233921 1.9700000000000004
1136 234003 1.9700000000000004
1137 234303 1.9500000000000004
1138 234440 1.9600000000000004
1139 234539 1.9600000000000004
1140 234703 1.9600000000000004
1141 234854 1.9600000000000004
1142 234996 1.9600000000000004
1143 235140 1.9600000000000004
1144 235242 1.9600000000000004
1145 235332 1.9600000000000004
1146 235538 1.9600000000000004
1147 235666 1.9600000000000004
1148 235811 1.9600000000000004
1149 235907 1.9600000000000004
1150 236027 1.9600000000000004
1151 236186 1.9400000000000004
1152 236380 1.9400000000000004
1153 236471 1.9400000000000004
1154 236574 1.9400000000000004
1155 236676 1.9400000000000004
1156 236794 1.9400000000000004
1157 236919 1.9400000000000004
1158 237106 1.9400000000000004
1159 237186 1.9400000000000004
1160 237288 1.9400000000000004
1161 237588 1.9400000000000004
1162 237769 1.9400000000000004
1163 237928 1.9400000000000004
1164 238023 1.9400000000000004
1165 238088 1.9400000000000004
1166 238146 1.9400000000000004
1167 238336 1.9400000000000004
1168 238406 1.9400000000000004
1169 238501 1.9300000000000004
1170 238801 1.9300000000000004
1171 238936 1.9500000000000004
1172 239016 1.9500000000000004
1173 239132 1.9500000000000002
1174 239265 1.9500000000000002
1175 239362 1.9500000000000002
1176 239473 1.9500000000000002
1177 239586 1.9500000000000002
1178 239796 1.9500000000000002
1179 239895 1.9500000000000002
1180 239989 1.9500000000000002
1181 240108 1.9500000000000002
1182 240183 1.9500000000000002
1183 240283 1.9500000000000002
1184 240377 1.9500000000000002
1185 240475 1.9500000000000002
1186 240558 1.9500000000000002
1187 240712 1.9500000000000002
1188 240825 1.9500000000000002
1189 240918 1.9500000000000002
1190 241031 1.9500000000000002
1191 241137 1.9500000000000002
1192 241290 1.9500000000000002
1193 241394 1.9500000000000002
1194 241468 1.9500000000000002
1195 241541 1.9500000000000002
1196 241683 1.9500000000000002
1197 241795 1.9500000000000002
1198 241909 1.9500000000000002
1199 242000 1.9500000000000002
1200 242094 1.9500000000000002
1201 242272 1.9500000000000002
1202 242339 1.9500000000000002
1203 242505 1.9500000000000002
1204 242637 1.9500000000000002
1205 242718 1.9500000000000002
1206 242917 1.9500000000000002
1207 243001 1.9500000000000002
1208 243100 1.9500000000000002
1209 243180 1.9500000000000002
1210 243297 1.9500000000000002
1211 243403 1.9500000000000002
1212 243464 1.9500000000000002
1213 243537 1.9500000000000002
1214 243637 1.9500000000000002
1215 243752 1.9500000000000002
1216 243947 1.9500000000000002
1217 244069 1.9500000000000002
1218 244173 1.9500000000000002
1219 244255 1.9500000000000002
1220 244333 1.9500000000000002
1221 244457 1.9500000000000002
1222 244694 1.9500000000000002
1223 244789 1.9500000000000002
1224 244875 1.9500000000000002
1225 245095 1.9500000000000002
1226 245251 1.9500000000000002
1227 245406 1.9500000000000002
1228 245480 1.9500000000000002
1229 245552 1.9500000000000002
1230 245651 1.9500000000000002
1231 245793 1.9500000000000002
1232 245843 1.9500000000000002
1233 245999 1.9500000000000002
1234 246074 1.9500000000000002
1235 246156 1.9500000000000002
1236 246456 1.9500000000000002
1237 246621 1.9700000000000002
1238 246766 1.9700000000000002
1239 247005 1.9700000000000002
1240 247100 1.9700000000000002
1241 247281 1.9700000000000002
1242 247361 1.9700000000000002
1243 247562 1.9700000000000002
1244 247684 1.9700000000000002
1245 247834 1.9700000000000002
1246 247998 1.9700000000000002
1247 248201 1.9700000000000002
1248 248310 1.9700000000000002
1249 248458 1.9700000000000002
1250 248758 1.9700000000000002
1251 248907 1.9900000000000002
1252 248985 1.9900000000000002
1253 249226 1.9900000000000002
1254 249338 1.9900000000000002
1255 249429 1.9900000000000002
1256 249593 1.9900000000000002
1257 249717 1.9900000000000002
1258 249844 1.9900000000000002
1259 249922 1.9900000000000002
1260 250032 1.9900000000000002
1261 250113 1.9900000000000002
1262 250382 1.9900000000000002
1263 250479 1.9900000000000002
1264 250613 1.9900000000000002
1265 250727 1.9900000000000002
1266 250934 1.9900000000000002
1267 251080 1.9900000000000002
1268 251380 1.9900000000000002
1269 251543 2.0
1270 251657 2.0
1271 251740 2.0
1272 251843 2.0
1273 251961 2.0
1274 252097 2.0
1275 252395 2.0
1276 252509 2.0
1277 252599 2.0
1278 252708 2.0
1279 252854 2.0
1280 253011 2.0
1281 253118 2.0
1282 253278 2.0
1283 253460 2.0
1284 253673 2.0
1285 253761 2.0
1286 253881 2.0
1287 253959 2.0
1288 254137 2.0
1289 254260 2.0
1290 254376 2.0
1291 254475 2.0
1292 254553 2.0
1293 254665 2.0
1294 254853 2.0
1295 254972 2.0
1296 255067 2.0
1297 255216 2.0
1298 255300 2.0
1299 255389 2.0
1300 255469 2.0
1301 255559 2.0
1302 255772 2.0
1303 255854 2.0
1304 255927 2.0
1305 256035 2.0
1306 256141 2.0
1307 256242 2.0
1308 256336 2.0
1309 256544 2.0
1310 256673 2.0
1311 256779 2.0
1312 256903 2.0
1313 256977 2.0
1314 257094 2.0
1315 257282 2.0
1316 257394 2.0
1317 257573 2.0
1318 257643 2.0
1319 257756 2.0
1320 257894 2.0
1321 258006 2.0
1322 258099 2.0
1323 258213 2.0
1324 258355 2.0
1325 258480 2.0
1326 258569 2.0
1327 258664 2.0
1328 258759 2.0
1329 258846 2.0
1330 258937 2.0
1331 259037 2.0
1332 259149 2.0
1333 259285 2.0
1334 259432 2.0
1335 259583 2.0
1336 259686 2.0
1337 259942 2.0
1338 260025 2.0
1339 260166 2.0
1340 260232 2.0
1341 260410 2.0
1342 260499 2.0
1343 260649 2.0
1344 260740 2.0
1345 260875 2.0
1346 261113 2.0
1347 261225 2.0
1348 261309 2.0
1349 261372 2.0
1350 261440 2.0
1351 261521 2.0
1352 261616 2.0
1353 261713 2.0
1354 261854 2.0
1355 261929 2.0
1356 262001 2.0
1357 262097 2.0
1358 262196 2.0
1359 262267 2.0
1360 262395 2.0
1361 262463 2.0
1362 262608 2.0
1363 262701 2.0
1364 262782 2.0
1365 262909 2.0
1366 262969 2.0
1367 263093 2.0
1368 263227 2.0
1369 263329 2.0
1370 263540 2.0
1371 263668 2.0
1372 263729 2.0
1373 263827 2.0
1374 264000 2.0
1375 264083 2.0
1376 264212 2.0
1377 264391 2.0
1378 264497 2.0
1379 264612 2.0
1380 264771 2.0
1381 264882 2.0
1382 265023 2.0
1383 265123 2.0
1384 265209 2.0
1385 265333 2.0
1386 265414 2.0
1387 265530 2.0
1388 265635 2.0
1389 265786 2.0
1390 265937 2.0
1391 266084 2.0
1392 266202 2.0
1393 266364 2.0
1394 266502 2.0
1395 266586 2.0
1396 266746 2.0
1397 266932 2.0
1398 267086 2.0
1399 267160 2.0
1400 267233 2.0
1401 267338 2.0
1402 267498 2.0
1403 267594 2.0
1404 267741 2.0
1405 267917 2.0
1406 268040 2.0
1407 268209 2.0
1408 268297 2.0
1409 268407 2.0
1410 268504 2.0
1411 268607 2.0
1412 268754 2.0
1413 268906 2.0
1414 268970 2.0
1415 269085 2.0
1416 269149 2.0
1417 269289 2.0
1418 269404 2.0
1419 269547 2.0
1420 269677 2.0
1421 269735 2.0
1422 269814 2.0
1423 269952 2.0
1424 270036 2.0
1425 270146 2.0
1426 270234 2.0
1427 270317 2.0
1428 270446 2.0
1429 270596 2.0
1430 270726 2.0
1431 270903 2.0
1432 271028 2.0
1433 271085 2.0
1434 271209 2.0
1435 271312 2.0
1436 271562 2.0
1437 271844 2.0
1438 271929 2.0
1439 272100 2.0
1440 272214 2.0
1441 272306 2.0
1442 272399 2.0
1443 272461 2.0
1444 272581 1.9900000000000002
1445 272668 1.9900000000000002
1446 272775 1.9900000000000002
1447 272861 1.9900000000000002
1448 272999 1.9900000000000002
1449 273075 1.9900000000000002
1450 273224 1.9900000000000002
1451 273307 1.9900000000000002
1452 273423 1.9900000000000002
1453 273546 1.9900000000000002
1454 273645 1.9900000000000002
1455 273804 1.9900000000000002
1456 273895 1.9900000000000002
1457 274015 1.9900000000000002
1458 274134 1.9900000000000002
1459 274244 1.9900000000000002
1460 274333 1.9900000000000002
1461 274462 1.9900000000000002
1462 274684 1.9900000000000002
1463 274783 1.9900000000000002
1464 274881 1.9900000000000002
1465 275015 1.9900000000000002
1466 275126 1.9900000000000002
1467 275221 1.9900000000000002
1468 275377 1.9900000000000002
1469 275501 1.9900000000000002
1470 275623 1.9900000000000002
1471 275717 1.9900000000000002
1472 275847 1.9900000000000002
1473 275937 1.9900000000000002
1474 276127 1.9900000000000002
1475 276238 1.9900000000000002
1476 276336 1.9900000000000002
1477 276439 1.9900000000000002
1478 276605 1.9900000000000002
1479 276758 1.9900000000000002
1480 276982 1.9900000000000002
1481 277114 1.9900000000000002
1482 277219 1.9900000000000002
1483 277279 1.9900000000000002
1484 277348 1.9900000000000002
1485 277459 1.9900000000000002
1486 277667 1.9900000000000002
1487 277788 1.9900000000000002
1488 277868 1.9900000000000002
1489 277949 1.9900000000000002
1490 278035 1.9900000000000002
1491 278171 1.9900000000000002
1492 278258 1.9900000000000002
1493 278350 1.9900000000000002
1494 278484 1.9900000000000002
1495 278613 1.9900000000000002
1496 278811 1.9900000000000002
1497 278914 1.9900000000000002
1498 279014 1.9900000000000002
1499 279133 1.9900000000000002
1500 279198 1.9900000000000002
1501 279449 1.9900000000000002
1502 279559 1.9900000000000002
1503 279669 1.9900000000000002
1504 279811 1.9900000000000002
1505 279907 1.9900000000000002
1506 280067 1.9900000000000002
1507 280260 1.9900000000000002
1508 280412 1.9900000000000002
1509 280526 1.9900000000000002
1510 280616 1.9900000000000002
1511 280706 1.9900000000000002
1512 280829 1.9900000000000002
1513 280945 1.9900000000000002
1514 281077 1.9900000000000002
1515 281257 1.9900000000000002
1516 281352 1.9900000000000002
1517 281460 1.9900000000000002
1518 281553 1.9900000000000002
1519 281690 1.9900000000000002
1520 281784 1.9900000000000002
1521 281911 1.9900000000000002
1522 282026 1.9900000000000002
1523 282108 1.9900000000000002
1524 282196 1.9900000000000002
1525 282296 1.9900000000000002
1526 282360 1.9900000000000002
1527 282484 1.9900000000000002
1528 282568 1.9900000000000002
1529 282695 1.9900000000000002
1530 282788 1.9900000000000002
1531 282983 1.9900000000000002
1532 283089 1.9900000000000002
1533 283190 1.9900000000000002
1534 283351 1.9900000000000002
1535 283465 1.9900000000000002
1536 283738 1.9900000000000002
1537 283852 1.9900000000000002
1538 283938 1.9900000000000002
1539 284010 1.9900000000000002
1540 284142 1.9900000000000002
1541 284224 1.9900000000000002
1542 284306 1.9900000000000002
1543 284606 1.9900000000000002
1544 284722 2.0
1545 284962 2.0
1546 285034 1.9900000000000002
1547 285116 1.9900000000000002
1548 285247 1.9900000000000002
1549 285362 1.9900000000000002
1550 285515 1.9900000000000002
1551 285667 1.9900000000000002
1552 285769 1.9900000000000002
1553 285845 1.9900000000000002
1554 285945 1.9900000000000002
1555 286070 1.9900000000000002
1556 286143 1.9900000000000002
1557 286243 1.9900000000000002
1558 286310 1.9900000000000002
1559 286404 1.9900000000000002
1560 286558 1.9900000000000002
1561 286749 1.9900000000000002
1562 286845 1.9900000000000002
1563 286919 1.9900000000000002
1564 287010 1.9900000000000002
1565 287078 1.9900000000000002
1566 287191 1.9900000000000002
1567 287425 1.9900000000000002
1568 287502 1.9900000000000002
1569 287572 1.9900000000000002
1570 287645 1.9900000000000002
1571 287826 1.9900000000000002
1572 287905 1.9900000000000002
1573 287982 1.9900000000000002
1574 288054 1.9900000000000002
1575 288202 1.9900000000000002
1576 288363 1.9900000000000002
1577 288494 1.9900000000000002
1578 288682 1.9900000000000002
1579 288796 1.9900000000000002
1580 288933 1.9900000000000002
1581 289044 1.9900000000000002
1582 289168 1.9900000000000002
1583 289277 1.9900000000000002
1584 289347 1.9900000000000002
1585 289398 1.9900000000000002
1586 289463 1.9900000000000002
1587 289581 1.9900000000000002
1588 289697 1.9900000000000002
1589 289895 1.9900000000000002
1590 290087 1.9900000000000002
1591 290236 1.9900000000000002
1592 290385 1.9900000000000002
1593 290477 1.9900000000000002
1594 290614 1.9900000000000002
1595 290733 1.9900000000000002
1596 290944 1.9900000000000002
1597 291047 1.9900000000000002
1598 291175 1.9900000000000002
1599 291323 1.9900000000000002
1600 291409 1.9900000000000002
1601 291514 1.9900000000000002
1602 291625 1.9900000000000002
1603 291753 1.9900000000000002
1604 291852 1.9900000000000002
1605 291969 1.9900000000000002
1606 292128 1.9900000000000002
1607 292197 1.9900000000000002
1608 292277 1.9900000000000002
1609 292391 1.9900000000000002
1610 292542 1.9900000000000002
1611 292704 1.9900000000000002
1612 292844 1.9900000000000002
1613 292921 1.9900000000000002
1614 293045 1.9900000000000002
1615 293292 1.9900000000000002
1616 293364 1.9900000000000002
1617 293456 1.9900000000000002
1618 293577 1.9900000000000002
1619 293676 1.9900000000000002
1620 293748 1.9900000000000002
1621 293836 1.9900000000000002
1622 294002 1.9900000000000002
1623 294172 1.9900000000000002
1624 294279 1.9900000000000002
1625 294373 1.9900000000000002
1626 294463 1.9900000000000002
1627 294555 1.9900000000000002
1628 294682 1.9900000000000002
1629 294877 1.9900000000000002
1630 294939 1.9900000000000002
1631 295033 1.9900000000000002
1632 295137 1.9900000000000002
1633 295214 1.9900000000000002
1634 295311 1.9900000000000002
1635 295454 1.9900000000000002
1636 295533 1.9900000000000002
1637 295632 1.9900000000000002
1638 295752 1.9900000000000002
1639 295861 1.9900000000000002
1640 295928 1.9900000000000002
1641 295998 1.9900000000000002
1642 296254 1.9900000000000002
1643 296352 1.9900000000000002
1644 296448 1.9900000000000002
1645 296748 1.9900000000000002
1646 296812 2.0
1647 296882 2.0
1648 296945 2.0
1649 297027 2.0
1650 297114 2.0
1651 297180 2.0
1652 297253 2.0
1653 297353 2.0
1654 297447 2.0
1655 297537 2.0
1656 297628 2.0
1657 297791 2.0
1658 297949 2.0
1659 298103 2.0
1660 298206 2.0
1661 298271 2.0
1662 298347 2.0
1663 298526 2.0
1664 298647 2.0
1665 298719 2.0
1666 298822 2.0
1667 298957 2.0
1668 299039 2.0
1669 299151 2.0
1670 299296 2.0
1671 299350 2.0
1672 299438 2.0
1673 299535 2.0
1674 299700 2.0
1675 299842 2.0
1676 299926 2.0
1677 300014 2.0
1678 300103 2.0
1679 300170 2.0
1680 300248 2.0
1681 300343 2.0
1682 300430 2.0
1683 300523 2.0
1684 300588 2.0
1685 300681 2.0
1686 300865 2.0
1687 300988 2.0
1688 301077 2.0
1689 301170 2.0
1690 301298 2.0
1691 301427 2.0
1692 301523 2.0
1693 301602 2.0
1694 301712 2.0
1695 301818 2.0
1696 302014 2.0
1697 302097 2.0
1698 302226 2.0
1699 302303 2.0
1700 302379 2.0
1701 302451 2.0
1702 302548 2.0
1703 302615 2.0
1704 302754 2.0
1705 302845 2.0
1706 302911 2.0
1707 303013 2.0
1708 303210 2.0
1709 303390 2.0
1710 303451 2.0
1711 303537 2.0
1712 303691 2.0
1713 303790 2.0
1714 303905 2.0
1715 304006 2.0
1716 304121 2.0
1717 304217 2.0
1718 304303 2.0
1719 304395 2.0
1720 304484 2.0
1721 304621 2.0
1722 304722 2.0
1723 304803 2.0
1724 304887 2.0
1725 305029 2.0
1726 305153 2.0
1727 305262 2.0
1728 305315 2.0
1729 305450 2.0
1730 305525 2.0
1731 305650 2.0
1732 305730 2.0
1733 305846 2.0
1734 305984 2.0
1735 306086 2.0
1736 306169 2.0
1737 306286 2.0
1738 306408 2.0
1739 306500 2.0
1740 306627 2.0
1741 306726 2.0
1742 306813 2.0
1743 306923 2.0
1744 307050 2.0
1745 307251 2.0
1746 307409 2.0
1747 307489 2.0
1748 307618 2.0
1749 307694 2.0
1750 307757 2.0
1751 307842 2.0
1752 307936 2.0
1753 308051 2.0
1754 308146 2.0
1755 308232 2.0
1756 308440 2.0
1757 308536 2.0
1758 308599 2.0
1759 308680 2.0
1760 308832 2.0
1761 308895 2.0
1762 308959 2.0
1763 309048 2.0
1764 309113 2.0
1765 309202 2.0
1766 309263 2.0
1767 309354 2.0
1768 309433 2.0
1769 309541 2.0
1770 309636 2.0
1771 309742 2.0
1772 309810 2.0
1773 309911 2.0
1774 309998 2.0
1775 310064 2.0
1776 310139 2.0
1777 310242 2.0
1778 310351 2.0
1779 310430 2.0
1780 310513 2.0
1781 310617 2.0
1782 310701 2.0
1783 310770 2.0
1784 310960 2.0
1785 311068 2.0
1786 311169 2.0
1787 311264 2.0
1788 311344 2.0
1789 311407 2.0
1790 311476 2.0
1791 311539 2.0
1792 311619 2.0
1793 311728 2.0
1794 311863 2.0
1795 311932 2.0
1796 312032 2.0
1797 312104 2.0
1798 312178 2.0
1799 312251 2.0
1800 312309 2.0
1801 312396 2.0
1802 312509 2.0
1803 312601 2.0
1804 312732 2.0
1805 312810 2.0
1806 312870 2.0
1807 312939 2.0
1808 313025 2.0
1809 313094 2.0
1810 313158 2.0
1811 313239 2.0
1812 313359 2.0
1813 313432 2.0
1814 313570 2.0
1815 313677 2.0
1816 313762 2.0
1817 313889 2.0
1818 313993 2.0
1819 314079 2.0
1820 314174 2.0
1821 314267 2.0
1822 314375 2.0
1823 314501 2.0
1824 314602 2.0
1825 314720 2.0
1826 314835 2.0
1827 314926 2.0
1828 315047 2.0
1829 315230 2.0
1830 315329 2.0
1831 315394 2.0
1832 315459 2.0
1833 315565 2.0
1834 315642 2.0
1835 315722 2.0
1836 315818 2.0
1837 315908 2.0
1838 315999 2.0
1839 316081 2.0
1840 316232 2.0
1841 316331 2.0
1842 316484 2.0
1843 316765 2.0
1844 316848 2.0
1845 316964 2.0
1846 317047 2.0
1847 317210 2.0
1848 317319 2.0
1849 317396 2.0
1850 317550 2.0
1851 317626 2.0
1852 317754 2.0
1853 317854 2.0
1854 318021 2.0
1855 318111 2.0
1856 318199 2.0
1857 318285 2.0
1858 318377 2.0
1859 318523 2.0
1860 318638 2.0
1861 318721 2.0
1862 318816 2.0
1863 319004 2.0
1864 319073 2.0
1865 319140 2.0
1866 319210 2.0
1867 319316 2.0
1868 319423 2.0
1869 319589 2.0
1870 319740 2.0
1871 319808 2.0
1872 319896 2.0
1873 320011 2.0
1874 320104 2.0
1875 320183 2.0
1876 320282 2.0
1877 320373 2.0
1878 320507 2.0
1879 320650 2.0
1880 320794 2.0
1881 320931 2.0
1882 321031 2.0
1883 321103 2.0
1884 321200 2.0
1885 321278 2.0
1886 321370 2.0
1887 321497 2.0
1888 321619 2.0
1889 321677 2.0
1890 321762 2.0
1891 321836 2.0
1892 321939 2.0
1893 322076 2.0
1894 322140 2.0
1895 322233 2.0
1896 322376 2.0
1897 322447 2.0
1898 322565 2.0
1899 322634 2.0
1900 322732 2.0
1901 322819 2.0
1902 322938 2.0
1903 323009 2.0
1904 323076 2.0
1905 323136 2.0
1906 323216 2.0
1907 323302 2.0
1908 323384 2.0
1909 323467 2.0
1910 323580 2.0
1911 323702 2.0
1912 323773 2.0
1913 323912 2.0
1914 323997 2.0
1915 324124 2.0
1916 324207 2.0
1917 324262 2.0
1918 324360 2.0
1919 324439 2.0
1920 324578 2.0
1921 324703 2.0
1922 324954 2.0
1923 325062 2.0
1924 325147 2.0
1925 325271 2.0
1926 325370 2.0
1927 325492 2.0
1928 325645 2.0
1929 325816 2.0
1930 325892 2.0
1931 326016 2.0
1932 326187 2.0
1933 326276 2.0
1934 326455 2.0
1935 326540 2.0
1936 326629 2.0
1937 326719 2.0
1938 326832 2.0
1939 326955 2.0
1940 327035 2.0
1941 327161 2.0
1942 327294 2.0
1943 327398 2.0
1944 327492 2.0
1945 327553 2.0
1946 327644 2.0
1947 327727 2.0
1948 327787 2.0
1949 327897 2.0
1950 327969 2.0
1951 328120 2.0
1952 328228 2.0
1953 328369 2.0
1954 328480 2.0
1955 328567 2.0
1956 328682 2.0
1957 328777 2.0
1958 328871 2.0
1959 328976 2.0
1960 329053 2.0
1961 329171 2.0
1962 329230 2.0
1963 329330 2.0
1964 329414 2.0
1965 329508 2.0
1966 329582 2.0
1967 329648 2.0
1968 329762 2.0
1969 329863 2.0
1970 329951 2.0
1971 330030 2.0
1972 330119 2.0
1973 330197 2.0
1974 330325 2.0
1975 330381 2.0
1976 330521 2.0
1977 330604 2.0
1978 330672 2.0
1979 330798 2.0
1980 330895 2.0
1981 330980 2.0
1982 331099 2.0
1983 331174 2.0
1984 331243 2.0
1985 331363 2.0
1986 331448 2.0
1987 331597 2.0
1988 331720 2.0
1989 331782 2.0
1990 331867 2.0
1991 331953 2.0
1992 332059 2.0
1993 332131 2.0
1994 332206 2.0
1995 332261 2.0
1996 332350 2.0
1997 332423 2.0
1998 332499 2.0
1999 332609 2.0
2000 332701 2.0
2001 332807 2.0
2002 332903 2.0
2003 332993 2.0
2004 333068 2.0
2005 333137 2.0
2006 333251 2.0
2007 333380 2.0
2008 333493 2.0
2009 333573 2.0
2010 333648 2.0
2011 333712 2.0
2012 333827 2.0
2013 333894 2.0
2014 333954 2.0
2015 334060 2.0
2016 334157 2.0
2017 334249 2.0
2018 334338 2.0
2019 334485 2.0
2020 334652 2.0
2021 334792 2.0
2022 334862 2.0
2023 334930 2.0
2024 335012 2.0
2025 335082 2.0
2026 335243 2.0
2027 335313 2.0
2028 335367 2.0
2029 335449 2.0
2030 335561 2.0
2031 335639 2.0
2032 335695 2.0
2033 335792 2.0
2034 335875 2.0
2035 335949 2.0
2036 336022 2.0
2037 336185 2.0
2038 336247 2.0
2039 336362 2.0
2040 336451 2.0
2041 336542 2.0
2042 336617 2.0
2043 336681 2.0
2044 336791 2.0
2045 336946 2.0
2046 337036 2.0
2047 337173 2.0
2048 337294 2.0
2049 337387 2.0
2050 337500 2.0
2051 337569 2.0
2052 337646 2.0
2053 337729 2.0
2054 337825 2.0
2055 337976 2.0
2056 338044 2.0
2057 338143 2.0
2058 338238 2.0
2059 338311 2.0
2060 338437 2.0
2061 338573 2.0
2062 338648 2.0
2063 338716 2.0
2064 338799 2.0
2065 338873 2.0
2066 338983 2.0
2067 339046 2.0
2068 339164 2.0
2069 339278 2.0
2070 339367 2.0
2071 339466 2.0
2072 339564 2.0
2073 339634 2.0
2074 339716 2.0
2075 339815 2.0
2076 339932 2.0
2077 340005 2.0
2078 340083 2.0
2079 340197 2.0
2080 340272 2.0
2081 340352 2.0
2082 340457 2.0
2083 340543 2.0
2084 340612 2.0
2085 340699 2.0
2086 340770 2.0
2087 340850 2.0
2088 340950 2.0
2089 341061 2.0
2090 341134 2.0
2091 341206 2.0
2092 341277 2.0
2093 341416 2.0
2094 341506 2.0
2095 341583 2.0
2096 341707 2.0
2097 341815 2.0
2098 341970 2.0
2099 342053 2.0
2100 342138 2.0
2101 342202 2.0
2102 342319 2.0
2103 342395 2.0
2104 342537 2.0
2105 342650 2.0
2106 342731 2.0
2107 342807 2.0
2108 342878 2.0
2109 342963 2.0
2110 343077 2.0
2111 343132 2.0
2112 343269 2.0
2113 343364 2.0
2114 343437 2.0
2115 343536 2.0
2116 343612 2.0
2117 343704 2.0
2118 343896 2.0
2119 344043 2.0
2120 344145 2.0
2121 344220 2.0
2122 344295 2.0
2123 344366 2.0
2124 344426 2.0
2125 344515 2.0
2126 344604 2.0
2127 344668 2.0
2128 344783 2.0
2129 344885 2.0
2130 344946 2.0
2131 345085 2.0
2132 345223 2.0
2133 345308 2.0
2134 345402 2.0
2135 345486 2.0
2136 345573 2.0
2137 345658 2.0
2138 345759 2.0
2139 345841 2.0
2140 345905 2.0
2141 345968 2.0
2142 346163 2.0
2143 346246 2.0
2144 346344 2.0
2145 346448 2.0
2146 346514 2.0
2147 346604 2.0
2148 346671 2.0
2149 346731 2.0
2150 346808 2.0
2151 346943 2.0
2152 347064 2.0
2153 347212 2.0
2154 347319 2.0
2155 347396 2.0
2156 347486 2.0
2157 347763 2.0
2158 347839 2.0
2159 347926 2.0
2160 348012 2.0
2161 348124 2.0
2162 348225 2.0
2163 348357 2.0
2164 348494 2.0
2165 348566 2.0
2166 348646 2.0
2167 348767 2.0
2168 348844 2.0
2169 348925 2.0
2170 348989 2.0
2171 349055 2.0
2172 349163 2.0
2173 349243 2.0
2174 349338 2.0
2175 349432 2.0
2176 349537 2.0
2177 349628 2.0
2178 349717 2.0
2179 349801 2.0
2180 349881 2.0
2181 349958 2.0
2182 350033 2.0
2183 350121 2.0
2184 350194 2.0
2185 350317 2.0
2186 350427 2.0
2187 350537 2.0
2188 350607 2.0
2189 350728 2.0
2190 350834 2.0
2191 350932 2.0
2192 351003 2.0
2193 351114 2.0
2194 351221 2.0
2195 351282 2.0
2196 351343 2.0
2197 351408 2.0
2198 351484 2.0
2199 351604 2.0
2200 351697 2.0
2201 351762 2.0
2202 351815 2.0
2203 351937 2.0
2204 352021 2.0
2205 352084 2.0
2206 352159 2.0
2207 352230 2.0
2208 352358 2.0
2209 352428 2.0
2210 352518 2.0
2211 352602 2.0
2212 352663 2.0
2213 352729 2.0
2214 352867 2.0
2215 352953 2.0
2216 353044 2.0
2217 353123 2.0
2218 353216 2.0
2219 353299 2.0
2220 353385 2.0
2221 353479 2.0
2222 353553 2.0
2223 353712 2.0
2224 353793 2.0
2225 353879 2.0
2226 354054 2.0
2227 354183 2.0
2228 354268 2.0
2229 354396 2.0
2230 354483 2.0
2231 354590 2.0
2232 354687 2.0
2233 354753 2.0
2234 354870 2.0
2235 354966 2.0
2236 355074 2.0
2237 355147 2.0
2238 355267 2.0
2239 355400 2.0
2240 355482 2.0
2241 355551 2.0
2242 355659 2.0
2243 355758 2.0
2244 355853 2.0
2245 355913 2.0
2246 356000 2.0
2247 356068 2.0
2248 356150 2.0
2249 356243 2.0
2250 356338 2.0
2251 356474 2.0
2252 356558 2.0
2253 356724 2.0
2254 356801 2.0
2255 356915 2.0
2256 356988 2.0
2257 357054 2.0
2258 357126 2.0
2259 357179 2.0
2260 357281 2.0
2261 357354 2.0
2262 357436 2.0
2263 357498 2.0
2264 357583 2.0
2265 357762 2.0
2266 357820 2.0
2267 357954 2.0
2268 358102 2.0
2269 358180 2.0
2270 358313 2.0
2271 358475 2.0
2272 358577 2.0
2273 358665 2.0
2274 358744 2.0
2275 358809 2.0
2276 358932 2.0
2277 359012 2.0
2278 359098 2.0
2279 359188 2.0
2280 359259 2.0
2281 359341 2.0
2282 359415 2.0
2283 359585 2.0
2284 359659 2.0
2285 359757 2.0
2286 359822 2.0
2287 359886 2.0
2288 359995 2.0
2289 360067 2.0
2290 360134 2.0
2291 360204 2.0
2292 360266 2.0
2293 360341 2.0
2294 360425 2.0
2295 360492 2.0
2296 360575 2.0
2297 360644 2.0
2298 360737 2.0
2299 360865 2.0
2300 360950 2.0
2301 361035 2.0
2302 361121 2.0
2303 361199 2.0
2304 361288 2.0
2305 361346 2.0
2306 361413 2.0
2307 361534 2.0
2308 361606 2.0
2309 361702 2.0
2310 361847 2.0
2311 361946 2.0
2312 362043 2.0
2313 362113 2.0
2314 362235 2.0
2315 362326 2.0
2316 362460 2.0
2317 362552 2.0
2318 362638 2.0
2319 362713 2.0
2320 362805 2.0
2321 362870 2.0
2322 362961 2.0
2323 363028 2.0
2324 363098 2.0
2325 363177 2.0
2326 363273 2.0
2327 363342 2.0
2328 363421 2.0
2329 363554 2.0
2330 363685 2.0
2331 363744 2.0
2332 363822 2.0
2333 363943 2.0
2334 364060 2.0
2335 364148 2.0
2336 364231 2.0
2337 364307 2.0
2338 364377 2.0
2339 364448 2.0
2340 364560 2.0
2341 364650 2.0
2342 364830 2.0
2343 364917 2.0
2344 364974 2.0
2345 365033 2.0
2346 365120 2.0
2347 365202 2.0
2348 365321 2.0
2349 365392 2.0
2350 365470 2.0
2351 365623 2.0
2352 365703 2.0
2353 365795 2.0
2354 365865 2.0
2355 365933 2.0
2356 366004 2.0
2357 366126 2.0
2358 366247 2.0
2359 366333 2.0
2360 366425 2.0
2361 366543 2.0
2362 366609 2.0
2363 366678 2.0
2364 366803 2.0
2365 366890 2.0
2366 367106 2.0
2367 367176 2.0
2368 367305 2.0
2369 367393 2.0
2370 367494 2.0
2371 367611 2.0
2372 367742 2.0
2373 367801 2.0
2374 367863 2.0
2375 367999 2.0
2376 368121 2.0
2377 368222 2.0
2378 368309 2.0
2379 368405 2.0
2380 368504 2.0
2381 368602 2.0
2382 368676 2.0
2383 368749 2.0
2384 368832 2.0
2385 368925 2.0
2386 369008 2.0
2387 369106 2.0
2388 369231 2.0
2389 369340 2.0
2390 369507 2.0
2391 369581 2.0
2392 369668 2.0
2393 369743 2.0
2394 369842 2.0
2395 369939 2.0
2396 370043 2.0
2397 370109 2.0
2398 370180 2.0
2399 370231 2.0
2400 370303 2.0
2401 370407 2.0
2402 370494 2.0
2403 370652 2.0
2404 370806 2.0
2405 370877 2.0
2406 370949 2.0
2407 371038 2.0
2408 371107 2.0
2409 371193 2.0
2410 371271 2.0
2411 371421 2.0
2412 371487 2.0
2413 371563 2.0
2414 371644 2.0
2415 371726 2.0
2416 371791 2.0
2417 371860 2.0
2418 371948 2.0
2419 372024 2.0
2420 372102 2.0
2421 372278 2.0
2422 372380 2.0
2423 372459 2.0
2424 372544 2.0
2425 372618 2.0
2426 372696 2.0
2427 372783 2.0
2428 372856 2.0
2429 372920 2.0
2430 373025 2.0
2431 373094 2.0
2432 373178 2.0
2433 373271 2.0
2434 373333 2.0
2435 373425 2.0
2436 373596 2.0
2437 373698 2.0
2438 373761 2.0
2439 373902 2.0
2440 374012 2.0
2441 374094 2.0
2442 374179 2.0
2443 374245 2.0
2444 374313 2.0
2445 374469 2.0
2446 374528 2.0
2447 374605 2.0
2448 374769 2.0
2449 374865 2.0
2450 374999 2.0
2451 375063 2.0
2452 375155 2.0
2453 375322 2.0
2454 375436 2.0
2455 375511 2.0
2456 375612 2.0
2457 375701 2.0
2458 375783 2.0
2459 375922 2.0
2460 376044 2.0
2461 376129 2.0
2462 376211 2.0
2463 376280 2.0
2464 376358 2.0
2465 376432 2.0
2466 376553 2.0
2467 376629 2.0
2468 376750 2.0
2469 376842 2.0
2470 376937 2.0
2471 377014 2.0
2472 377136 2.0
2473 377220 2.0
2474 377297 2.0
2475 377368 2.0
2476 377486 2.0
2477 377594 2.0
2478 377691 2.0
2479 377782 2.0
2480 377904 2.0
2481 377955 2.0
2482 378043 2.0
2483 378198 2.0
2484 378308 2.0
2485 378424 2.0
2486 378543 2.0
2487 378604 2.0
2488 378689 2.0
2489 378853 2.0
2490 378919 2.0
2491 379005 2.0
2492 379110 2.0
2493 379208 2.0
2494 379359 2.0
2495 379442 2.0
2496 379562 2.0
2497 379632 2.0
2498 379733 2.0
2499 379840 2.0
2500 379924 2.0
2501 380010 2.0
2502 380093 2.0
2503 380152 2.0
2504 380234 2.0
2505 380292 2.0
2506 380348 2.0
2507 380421 2.0
2508 380525 2.0
2509 380601 2.0
2510 380673 2.0
2511 380738 2.0
2512 380842 2.0
2513 380920 2.0
2514 381003 2.0
2515 381100 2.0
2516 381229 2.0
2517 381306 2.0
2518 381429 2.0
2519 381493 2.0
2520 381611 2.0
2521 381667 2.0
2522 381764 2.0
2523 381844 2.0
2524 381908 2.0
2525 381982 2.0
2526 382036 2.0
2527 382127 2.0
2528 382204 2.0
2529 382281 2.0
2530 382346 2.0
2531 382420 2.0
2532 382488 2.0
2533 382568 2.0
2534 382681 2.0
2535 382748 2.0
2536 382801 2.0
2537 382922 2.0
2538 383028 2.0
2539 383159 2.0
2540 383221 2.0
2541 383308 2.0
2542 383430 2.0
2543 383509 2.0
2544 383570 2.0
2545 383686 2.0
2546 383800 2.0
2547 383889 2.0
2548 383952 2.0
2549 384023 2.0
2550 384168 2.0
2551 384249 2.0
2552 384316 2.0
2553 384381 2.0
2554 384478 2.0
2555 384559 2.0
2556 384671 2.0
2557 384746 2.0
2558 384861 2.0
2559 384960 2.0
2560 385026 2.0
2561 385118 2.0
2562 385211 2.0
2563 385315 2.0
2564 385435 2.0
2565 385548 2.0
2566 385612 2.0
2567 385738 2.0
2568 385836 2.0
2569 385914 2.0
2570 386049 2.0
2571 386143 2.0
2572 386243 2.0
2573 386323 2.0
2574 386419 2.0
2575 386527 2.0
2576 386579 2.0
2577 386659 2.0
2578 386727 2.0
2579 386846 2.0
2580 386911 2.0
2581 386969 2.0
2582 387101 2.0
2583 387162 2.0
2584 387242 2.0
2585 387304 2.0
2586 387424 2.0
2587 387524 2.0
2588 387645 2.0
2589 387800 2.0
2590 387859 2.0
2591 387944 2.0
2592 388061 2.0
2593 388123 2.0
2594 388192 2.0
2595 388302 2.0
2596 388367 2.0
2597 388448 2.0
2598 388535 2.0
2599 388680 2.0
2600 388766 2.0
2601 388873 2.0
2602 388959 2.0
2603 389042 2.0
2604 389152 2.0
2605 389250 2.0
2606 389309 2.0
2607 389403 2.0
2608 389497 2.0
2609 389603 2.0
2610 389698 2.0
2611 389772 2.0
2612 389837 2.0
2613 389917 2.0
2614 390046 2.0
2615 390159 2.0
2616 390237 2.0
2617 390324 2.0
2618 390418 2.0
2619 390539 2.0
2620 390646 2.0
2621 390700 2.0
2622 390770 2.0
2623 390875 2.0
2624 390946 2.0
2625 391117 2.0
2626 391218 2.0
2627 391369 2.0
