1 300 0.0
2 600 0.0
3 900 0.0
4 1200 0.0
5 1500 0.0
6 1800 0.0
7 2100 0.0
8 2400 0.0
9 2700 0.0
10 3000 0.0
11 3300 0.0
12 3600 0.0
13 3900 0.0
14 4200 0.0
15 4500 0.0
16 4800 0.0
17 5100 0.0
18 5400 0.0
19 5700 0.0
20 6000 0.0
21 6300 0.0
22 6600 0.0
23 6900 0.0
24 7200 0.0
25 7500 0.0
26 7800 0.0
27 8100 0.0
28 8400 0.0
29 8700 0.0
30 9000 0.0
31 9300 0.0
32 9600 0.0
33 9900 0.0
34 10200 0.0
35 10500 0.0
36 10800 0.0
37 11100 0.0
38 11400 0.0
39 11700 0.0
40 12000 0.0
41 12300 0.0
42 12600 0.0
43 12900 0.0
44 13200 0.0
45 13500 0.0
46 13800 0.0
47 14100 0.0
48 14400 0.0
49 14700 0.0
50 15000 0.0
51 15300 0.0
52 15600 0.0
53 15900 0.0
54 16200 0.0
55 16500 0.0
56 16800 0.0
57 17100 0.0
58 17400 0.0
59 17700 0.0
60 18000 0.0
61 18300 0.0
62 18600 0.0
63 18900 0.0
64 19200 0.0
65 19500 0.0
66 19800 0.0
67 20100 0.0
68 20400 0.0
69 20700 0.0
70 21000 0.0
71 21300 0.0
72 21600 0.0
73 21900 0.0
74 22200 0.0
75 22500 0.0
76 22800 0.0
77 23100 0.0
78 23400 0.0
79 23700 0.0
80 24000 0.0
81 24300 0.0
82 24600 0.0
83 24900 0.0
84 25200 0.0
85 25500 0.0
86 25800 0.0
87 26100 0.0
88 26400 0.0
89 26700 0.0
90 27000 0.0
91 27300 0.0
92 27600 0.0
93 27900 0.0
94 28200 0.0
95 28500 0.0
96 28800 0.0
97 29100 0.0
98 29400 0.0
99 29700 0.0
100 30000 0.0
101 30300 0.0
102 30600 0.0
103 30900 0.0
104 31200 0.0
105 31500 0.0
106 31800 0.0
107 32100 0.0
108 32400 0.0
109 32700 0.0
110 33000 0.0
111 33300 0.0
112 33600 0.0
113 33900 0.0
114 34200 0.0
115 34500 0.0
116 34800 0.0
117 35100 0.0
118 35400 0.0
119 35700 0.0
120 36000 0.0
121 36300 0.0
122 36600 0.0
123 36900 0.0
124 37200 0.0
125 37500 0.0
126 37800 0.0
127 38100 0.0
128 38400 0.0
129 38700 0.0
130 39000 0.0
131 39300 0.0
132 39600 0.0
133 39900 0.0
134 40200 0.0
135 40500 0.0
136 40800 0.0
137 41100 0.0
138 41400 0.0
139 41700 0.0
140 42000 0.0
141 42300 0.0
142 42600 0.0
143 42900 0.0
144 43200 0.0
145 43500 0.0
146 43800 0.0
147 44100 0.0
148 44400 0.0
149 44700 0.0
150 45000 0.0
151 45300 0.0
152 45600 0.0
153 45900 0.0
154 46200 0.0
155 46500 0.0
156 46800 0.0
157 47100 0.0
158 47400 0.0
159 47700 0.0
160 48000 0.0
161 48300 0.0
162 48600 0.0
163 48900 0.0
164 49200 0.0
165 49500 0.0
166 49800 0.0
167 50100 0.0
168 50400 0.0
169 50700 0.0
170 51000 0.0
171 51300 0.0
172 51600 0.0
173 51900 0.0
174 52200 0.0
175 52500 0.0
176 52800 0.0
177 53100 0.0
178 53400 0.0
179 53700 0.0
180 54000 0.0
181 54300 0.0
182 54600 0.0
183 54900 0.0
184 55200 0.0
185 55500 0.0
186 55800 0.0
187 56100 0.0
188 56400 0.0
189 56700 0.0
190 57000 0.0
191 57300 0.0
192 57600 0.0
193 57900 0.0
194 58200 0.0
195 58500 0.0
196 58800 0.0
197 59100 0.0
198 59400 0.0
199 59700 0.0
200 60000 0.0
201 60300 0.0
202 60600 0.0
203 60900 0.0
204 61200 0.0
205 61500 0.0
206 61800 0.0
207 62100 0.0
208 62400 0.0
209 62700 0.0
210 63000 0.0
211 63300 0.0
212 63600 0.0
213 63900 0.0
214 64200 0.0
215 64500 0.0
216 64800 0.0
217 65100 0.0
218 65400 0.0
219 65700 0.0
220 66000 0.0
221 66300 0.0
222 66600 0.0
223 66900 0.0
224 67200 0.0
225 67500 0.0
226 67800 0.0
227 68100 0.0
228 68400 0.0
229 68700 0.0
230 69000 0.0
231 69300 0.0
232 69600 0.0
233 69900 0.0
234 70200 0.0
235 70500 0.0
236 70800 0.0
237 71100 0.0
238 71400 0.0
239 71700 0.0
240 72000 0.0
241 72300 0.0
242 72600 0.0
243 72900 0.0
244 73200 0.0
245 73500 0.0
246 73800 0.0
247 74100 0.0
248 74400 0.0
249 74700 0.0
250 75000 0.0
251 75300 0.0
252 75600 0.0
253 75900 0.0
254 76200 0.0
255 76500 0.0
256 76800 0.0
257 77100 0.0
258 77400 0.0
259 77700 0.0
260 78000 0.0
261 78300 0.0
262 78600 0.0
263 78900 0.0
264 79200 0.0
265 79500 0.0
266 79800 0.0
267 80100 0.0
268 80400 0.0
269 80700 0.0
270 81000 0.0
271 81300 0.0
272 81600 0.0
273 81900 0.0
274 82200 0.0
275 82500 0.0
276 82800 0.0
277 83100 0.0
278 83400 0.0
279 83700 0.0
280 84000 0.0
281 84300 0.0
282 84600 0.0
283 84900 0.0
284 85200 0.0
285 85500 0.0
286 85800 0.0
287 86100 0.0
288 86400 0.0
289 86700 0.0
290 87000 0.0
291 87300 0.0
292 87600 0.0
293 87900 0.0
294 88200 0.0
295 88500 0.0
296 88800 0.0
297 89100 0.0
298 89400 0.0
299 89700 0.0
300 90000 0.0
301 90300 0.0
302 90600 0.0
303 90900 0.0
304 91200 0.0
305 91500 0.0
306 91800 0.0
307 92100 0.0
308 92400 0.0
309 92700 0.0
310 93000 0.0
311 93300 0.0
312 93600 0.0
313 93900 0.0
314 94200 0.0
315 94500 0.0
316 94800 0.0
317 95100 0.0
318 95400 0.0
319 95700 0.0
320 96000 0.0
321 96300 0.0
322 96600 0.0
323 96900 0.0
324 97200 0.0
325 97500 0.0
326 97800 0.0
327 98100 0.0
328 98400 0.0
329 98700 0.0
330 99000 0.0
331 99300 0.01
332 99600 0.01
333 99900 0.01
334 100200 0.01
335 100500 0.01
336 100800 0.01
337 101100 0.01
338 101400 0.01
339 101700 0.01
340 102000 0.01
341 102300 0.01
342 102600 0.01
343 102900 0.01
344 103200 0.01
345 103500 0.01
346 103800 0.01
347 104100 0.01
348 104400 0.01
349 104700 0.01
350 105000 0.01
351 105300 0.01
352 105600 0.01
353 105900 0.01
354 106200 0.01
355 106500 0.01
356 106800 0.01
357 107100 0.01
358 107400 0.01
359 107700 0.01
360 108000 0.01
361 108300 0.01
362 108600 0.01
363 108900 0.01
364 109200 0.01
365 109500 0.01
366 109800 0.01
367 110100 0.01
368 110400 0.01
369 110700 0.01
370 111000 0.01
371 111300 0.01
372 111600 0.01
373 111900 0.01
374 112200 0.01
375 112500 0.01
376 112800 0.01
377 113100 0.01
378 113400 0.01
379 113700 0.01
380 114000 0.01
381 114300 0.01
382 114600 0.01
383 114900 0.01
384 115200 0.01
385 115500 0.01
386 115800 0.01
387 116100 0.01
388 116400 0.01
389 116700 0.01
390 117000 0.01
391 117300 0.01
392 117600 0.01
393 117900 0.01
394 118200 0.01
395 118500 0.01
396 118800 0.01
397 119100 0.01
398 119400 0.01
399 119700 0.01
400 120000 0.01
401 120300 0.01
402 120600 0.01
403 120900 0.01
404 121200 0.01
405 121500 0.01
406 121800 0.01
407 122100 0.01
408 122400 0.01
409 122700 0.01
410 123000 0.01
411 123300 0.01
412 123600 0.01
413 123900 0.01
414 124200 0.01
415 124500 0.01
416 124800 0.01
417 125100 0.01
418 125400 0.01
419 125700 0.01
420 126000 0.01
421 126300 0.01
422 126600 0.01
423 126900 0.01
424 127200 0.01
425 127500 0.02
426 127800 0.02
427 128100 0.02
428 128400 0.03
429 128700 0.03
430 128995 0.03
431 129295 0.02
432 129595 0.03
433 129895 0.03
434 130195 0.03
435 130495 0.03
436 130795 0.03
437 131095 0.03
438 131395 0.03
439 131695 0.03
440 131995 0.04
441 132295 0.04
442 132595 0.04
443 132895 0.04
444 133195 0.04
445 133495 0.04
446 133795 0.04
447 134095 0.04
448 134395 0.04
449 134695 0.04
450 134995 0.04
451 135295 0.04
452 135595 0.04
453 135895 0.04
454 136195 0.04
455 136495 0.04
456 136795 0.04
457 137095 0.04
458 137395 0.04
459 137695 0.04
460 137995 0.04
461 138295 0.04
462 138595 0.04
463 138895 0.04
464 139195 0.04
465 139495 0.04
466 139795 0.04
467 140095 0.04
468 140395 0.04
469 140695 0.04
470 140995 0.04
471 141295 0.04
472 141595 0.04
473 141895 0.04
474 142195 0.04
475 142495 0.04
476 142795 0.04
477 143095 0.04
478 143395 0.05
479 143695 0.05
480 143995 0.060000000000000005
481 144295 0.060000000000000005
482 144595 0.060000000000000005
483 144895 0.060000000000000005
484 145195 0.060000000000000005
485 145495 0.060000000000000005
486 145795 0.060000000000000005
487 146095 0.060000000000000005
488 146395 0.060000000000000005
489 146695 0.060000000000000005
490 146995 0.060000000000000005
491 147295 0.060000000000000005
492 147595 0.07
493 147895 0.08
494 148195 0.08
495 148495 0.08
496 148795 0.07999999999999999
497 149095 0.09
498 149395 0.09999999999999999
499 149695 0.09999999999999999
500 149995 0.09999999999999999
501 150295 0.09999999999999999
502 150595 0.09999999999999999
503 150895 0.09999999999999999
504 151195 0.1
505 151495 0.1
506 151795 0.1
507 152095 0.1
508 152395 0.1
509 152695 0.11
510 152995 0.10999999999999999
511 153295 0.10999999999999999
512 153595 0.11
513 153895 0.11000000000000001
514 154195 0.11000000000000001
515 154495 0.11000000000000001
516 154795 0.11000000000000001
517 155095 0.11000000000000001
518 155395 0.11999999999999998
519 155695 0.11999999999999998
520 155995 0.12000000000000001
521 156295 0.12000000000000001
522 156595 0.12
523 156895 0.12
524 157193 0.12
525 157493 0.11
526 157793 0.11
527 158031 0.11
528 158331 0.1
529 158631 0.1
530 158931 0.1
531 159219 0.1
532 159519 0.09
533 159819 0.09
534 160119 0.09
535 160419 0.09
536 160719 0.09
537 161019 0.09
538 161319 0.09999999999999999
539 161599 0.09999999999999999
540 161899 0.09
541 162199 0.09
542 162499 0.09
543 162799 0.09
544 163099 0.09
545 163399 0.09
546 163699 0.09
547 163999 0.09999999999999999
548 164299 0.10999999999999999
549 164599 0.10999999999999999
550 164899 0.10999999999999999
551 165199 0.11
552 165499 0.11000000000000001
553 165799 0.11000000000000001
554 166099 0.11000000000000001
555 166399 0.11000000000000001
556 166699 0.12000000000000001
557 166999 0.12000000000000001
558 167299 0.13
559 167599 0.13
560 167899 0.13
561 168199 0.13
562 168499 0.13
563 168799 0.13
564 169099 0.13
565 169399 0.13
566 169699 0.14
567 169999 0.14
568 170299 0.15000000000000002
569 170599 0.15000000000000002
570 170899 0.15000000000000002
571 171199 0.15000000000000002
572 171499 0.15
573 171799 0.16
574 172099 0.17
575 172399 0.17
576 172699 0.17
577 172946 0.17
578 173246 0.17
579 173498 0.17
580 173798 0.16000000000000003
581 174098 0.16000000000000003
582 174398 0.16
583 174698 0.16
584 174998 0.17
585 175298 0.17
586 175598 0.17
587 175898 0.17
588 176198 0.17
589 176498 0.17
590 176798 0.16999999999999998
591 176915 0.16999999999999998
592 177139 0.16
593 177439 0.15
594 177739 0.16
595 178039 0.17
596 178207 0.18000000000000005
597 178459 0.18000000000000005
598 178759 0.18000000000000005
599 179059 0.19000000000000003
600 179359 0.20000000000000004
601 179659 0.21000000000000002
602 179959 0.21000000000000002
603 180259 0.21000000000000002
604 180559 0.22000000000000003
605 180859 0.23000000000000004
606 181159 0.23000000000000004
607 181459 0.23000000000000004
608 181727 0.23
609 182027 0.22
610 182327 0.22000000000000003
611 182627 0.22000000000000003
612 182927 0.22000000000000003
613 183227 0.23000000000000004
614 183527 0.23
615 183827 0.23
616 184127 0.24000000000000002
617 184369 0.25
618 184669 0.25000000000000006
619 184969 0.25000000000000006
620 185269 0.25000000000000006
621 185569 0.26000000000000006
622 185869 0.27
623 186169 0.28
624 186469 0.28
625 186769 0.28
626 187069 0.28
627 187369 0.27999999999999997
628 187669 0.28
629 187969 0.28
630 188269 0.28
631 188569 0.29000000000000004
632 188869 0.29000000000000004
633 189169 0.29000000000000004
634 189469 0.29
635 189769 0.29
636 190069 0.30000000000000004
637 190276 0.31000000000000005
638 190576 0.31000000000000005
639 190876 0.32000000000000006
640 191176 0.32000000000000006
641 191476 0.32000000000000006
642 191776 0.32
643 192076 0.33
644 192376 0.33
645 192676 0.33
646 192889 0.33
647 193010 0.32
648 193310 0.31000000000000005
649 193610 0.31000000000000005
650 193910 0.32000000000000006
651 194210 0.32000000000000006
652 194510 0.32
653 194810 0.32
654 195110 0.32
655 195225 0.32
656 195525 0.31000000000000005
657 195754 0.31000000000000005
658 196054 0.30000000000000004
659 196354 0.30000000000000004
660 196654 0.30000000000000004
661 196954 0.30000000000000004
662 197254 0.30000000000000004
663 197554 0.30000000000000004
664 197854 0.30000000000000004
665 198053 0.30000000000000004
666 198353 0.29000000000000004
667 198650 0.29000000000000004
668 198950 0.28
669 199250 0.28
670 199550 0.28
671 199850 0.29000000000000004
672 200109 0.29000000000000004
673 200250 0.28
674 200550 0.27
675 200850 0.27
676 201150 0.27
677 201370 0.27
678 201670 0.26
679 201970 0.26
680 202270 0.26
681 202570 0.27
682 202870 0.27
683 203052 0.28
684 203352 0.27
685 203652 0.28
686 203952 0.28
687 204252 0.28
688 204552 0.28
689 204852 0.28
690 205152 0.28
691 205452 0.29000000000000004
692 205752 0.29000000000000004
693 206001 0.29
694 206091 0.28
695 206258 0.27
696 206373 0.27
697 206463 0.26
698 206553 0.25
699 206818 0.24000000000000005
700 206971 0.23000000000000004
701 207271 0.23000000000000004
702 207571 0.23000000000000004
703 207856 0.24000000000000005
704 208097 0.23000000000000004
705 208397 0.22000000000000003
706 208697 0.22000000000000003
707 208997 0.22
708 209297 0.22
709 209597 0.23
710 209897 0.23
711 210197 0.23000000000000004
712 210380 0.23000000000000004
713 210680 0.23000000000000004
714 210980 0.23000000000000004
715 211148 0.23
716 211276 0.22
717 211479 0.22
718 211779 0.22000000000000003
719 212079 0.22000000000000003
720 212326 0.22000000000000003
721 212614 0.21000000000000002
722 212772 0.2
723 213072 0.19
724 213372 0.2
725 213672 0.2
726 213972 0.21000000000000002
727 214272 0.22000000000000003
728 214572 0.22000000000000003
729 214872 0.22000000000000003
730 215131 0.22000000000000003
731 215431 0.22000000000000003
732 215731 0.23000000000000004
733 216031 0.23000000000000004
734 216331 0.23000000000000004
735 216532 0.23000000000000004
736 216645 0.23000000000000004
737 216922 0.22000000000000003
738 217056 0.21000000000000002
739 217356 0.2
740 217656 0.21000000000000002
741 217956 0.21000000000000002
742 218256 0.22000000000000003
743 218556 0.21000000000000002
744 218856 0.21000000000000002
745 219156 0.22000000000000003
746 219456 0.22
747 219756 0.22
748 220056 0.23
749 220257 0.23
750 220557 0.22000000000000003
751 220857 0.22000000000000003
752 221157 0.22
753 221457 0.23
754 221757 0.24000000000000002
755 222057 0.24000000000000002
756 222357 0.24000000000000002
757 222657 0.24000000000000002
758 222957 0.24000000000000002
759 223257 0.24000000000000002
760 223557 0.24000000000000002
761 223857 0.25
762 224157 0.26
763 224457 0.26
764 224757 0.26
765 225057 0.26
766 225357 0.26
767 225657 0.27
768 225957 0.27
769 226257 0.27
770 226429 0.28
771 226729 0.27
772 227029 0.28
773 227329 0.28
774 227629 0.28
775 227929 0.28
776 228229 0.28
777 228529 0.29000000000000004
778 228829 0.29000000000000004
779 229129 0.29000000000000004
780 229375 0.29000000000000004
781 229675 0.28
782 229825 0.28
783 230125 0.27
784 230349 0.28
785 230649 0.27
786 230949 0.27
787 231249 0.27
788 231549 0.27
789 231849 0.27
790 231958 0.27
791 232258 0.26
792 232558 0.26
793 232858 0.27
794 233158 0.27
795 233322 0.27
796 233622 0.26
797 233922 0.26
798 234222 0.26
799 234522 0.26
800 234772 0.26
801 235072 0.25
802 235216 0.25
803 235516 0.25
804 235816 0.25
805 236116 0.25
806 236416 0.26
807 236716 0.26
808 236913 0.26
809 237213 0.25
810 237513 0.25
811 237813 0.25
812 238063 0.25
813 238363 0.25
814 238663 0.25
815 238963 0.25
816 239130 0.26
817 239371 0.25
818 239671 0.24000000000000002
819 239971 0.24000000000000002
820 240271 0.24000000000000002
821 240571 0.25
822 240871 0.26
823 241155 0.27
824 241455 0.26
825 241755 0.26
826 241943 0.25
827 242243 0.24000000000000002
828 242543 0.24000000000000002
829 242843 0.24000000000000002
830 243115 0.25
831 243205 0.24000000000000002
832 243505 0.24000000000000005
833 243805 0.24000000000000005
834 244105 0.24000000000000002
835 244237 0.25
836 244537 0.24000000000000002
837 244837 0.24000000000000002
838 245137 0.25
839 245390 0.26
840 245690 0.26
841 245899 0.2700000000000001
842 246199 0.27
843 246499 0.28
844 246787 0.29000000000000004
845 247087 0.28
846 247387 0.28
847 247556 0.28
848 247856 0.27
849 248156 0.27
850 248456 0.27
851 248756 0.27
852 248940 0.28
853 249093 0.28
854 249393 0.28
855 249693 0.28
856 249993 0.28
857 250293 0.29000000000000004
858 250593 0.30000000000000004
859 250893 0.30000000000000004
860 251193 0.30000000000000004
861 251490 0.29000000000000004
862 251790 0.29000000000000004
863 252090 0.30000000000000004
864 252390 0.31000000000000005
865 252690 0.31000000000000005
866 252936 0.31000000000000005
867 253236 0.30000000000000004
868 253536 0.31
869 253793 0.32
870 254093 0.32000000000000006
871 254314 0.33000000000000007
872 254614 0.32000000000000006
873 254914 0.32000000000000006
874 255214 0.33000000000000007
875 255514 0.33000000000000007
876 255718 0.33
877 256018 0.32
878 256318 0.33000000000000007
879 256618 0.3400000000000001
880 256918 0.35000000000000003
881 257218 0.36000000000000004
882 257518 0.36000000000000004
883 257688 0.37000000000000005
884 257988 0.36000000000000004
885 258288 0.36
886 258588 0.37
887 258888 0.37
888 259188 0.38
889 259488 0.38
890 259788 0.38
891 260088 0.39
892 260334 0.4
893 260634 0.4
894 260934 0.4
895 261234 0.41000000000000003
896 261534 0.41000000000000003
897 261834 0.42000000000000004
898 262134 0.43000000000000005
899 262434 0.44000000000000006
900 262734 0.45000000000000007
901 263034 0.45000000000000007
902 263122 0.4600000000000001
903 263422 0.45000000000000007
904 263722 0.45000000000000007
905 263946 0.4600000000000001
906 264246 0.45000000000000007
907 264546 0.4600000000000001
908 264846 0.47000000000000003
909 265146 0.48
910 265446 0.49000000000000005
911 265746 0.5
912 265992 0.5
913 266292 0.49
914 266592 0.5
915 266763 0.51
916 267063 0.51
917 267363 0.51
918 267663 0.52
919 267963 0.53
920 268196 0.53
921 268432 0.53
922 268612 0.52
923 268912 0.51
924 269212 0.52
925 269512 0.52
926 269812 0.52
927 270112 0.52
928 270412 0.53
929 270635 0.53
930 270935 0.53
931 271088 0.54
932 271388 0.54
933 271688 0.54
934 271927 0.55
935 272227 0.55
936 272527 0.56
937 272649 0.56
938 272872 0.55
939 273034 0.55
940 273243 0.55
941 273418 0.54
942 273657 0.53
943 273867 0.53
944 274167 0.52
945 274467 0.53
946 274767 0.53
947 275067 0.54
948 275367 0.54
949 275667 0.54
950 275967 0.55
951 276065 0.56
952 276164 0.55
953 276336 0.54
954 276636 0.53
955 276936 0.54
956 277158 0.54
957 277272 0.53
958 277572 0.52
959 277872 0.52
960 278172 0.52
961 278348 0.52
962 278559 0.51
963 278731 0.5
964 279031 0.49
965 279331 0.49
966 279631 0.5
967 279751 0.5
968 279886 0.5
969 279982 0.5
970 280075 0.5
971 280375 0.5
972 280675 0.51
973 280856 0.52
974 281156 0.52
975 281456 0.53
976 281756 0.54
977 282007 0.55
978 282196 0.54
979 282437 0.54
980 282520 0.54
981 282820 0.54
982 283004 0.55
983 283304 0.54
984 283604 0.54
985 283746 0.55
986 284046 0.54
987 284237 0.55
988 284537 0.54
989 284837 0.54
990 285050 0.54
991 285186 0.54
992 285483 0.54
993 285783 0.54
994 285894 0.55
995 286194 0.55
996 286334 0.56
997 286496 0.56
998 286592 0.56
999 286772 0.56
1000 287072 0.56
1001 287253 0.5700000000000001
1002 287553 0.5700000000000001
1003 287853 0.5800000000000001
1004 287934 0.5900000000000001
1005 288234 0.5900000000000001
1006 288407 0.6000000000000001
1007 288542 0.5900000000000001
1008 288649 0.5900000000000001
1009 288741 0.5900000000000001
1010 288887 0.5800000000000001
1011 289187 0.5800000000000001
1012 289487 0.5900000000000001
1013 289689 0.5900000000000001
1014 289856 0.5900000000000001
1015 289952 0.5900000000000001
1016 290252 0.5800000000000001
1017 290396 0.5900000000000001
1018 290657 0.5800000000000001
1019 290957 0.5700000000000001
1020 291099 0.5800000000000001
1021 291399 0.5800000000000001
1022 291699 0.5900000000000001
1023 291862 0.6000000000000001
1024 292162 0.6000000000000001
1025 292462 0.6000000000000001
1026 292762 0.6100000000000001
1027 293029 0.6200000000000001
1028 293329 0.6200000000000001
1029 293616 0.6200000000000001
1030 293860 0.6100000000000001
1031 294005 0.6000000000000001
1032 294305 0.5900000000000001
1033 294511 0.5900000000000001
1034 294628 0.5800000000000001
1035 294912 0.5800000000000001
1036 295212 0.5800000000000001
1037 295512 0.5800000000000001
1038 295647 0.5800000000000001
1039 295770 0.5700000000000001
1040 296070 0.56
1041 296370 0.56
1042 296578 0.5700000000000001
1043 296878 0.56
1044 296996 0.56
1045 297296 0.56
1046 297503 0.56
1047 297803 0.55
1048 298103 0.55
1049 298233 0.56
1050 298306 0.56
1051 298606 0.56
1052 298906 0.5700000000000001
1053 299206 0.5700000000000001
1054 299362 0.5800000000000001
1055 299662 0.5800000000000001
1056 299962 0.5900000000000001
1057 300262 0.6000000000000001
1058 300562 0.6100000000000001
1059 300862 0.6200000000000001
1060 301162 0.6200000000000001
1061 301462 0.6300000000000001
1062 301762 0.6400000000000001
1063 302062 0.6400000000000001
1064 302362 0.6400000000000001
1065 302517 0.65
1066 302817 0.65
1067 303005 0.65
1068 303148 0.64
1069 303365 0.64
1070 303468 0.64
1071 303632 0.63
1072 303807 0.63
1073 303901 0.62
1074 304157 0.62
1075 304270 0.61
1076 304454 0.6100000000000001
1077 304754 0.6000000000000001
1078 304856 0.6100000000000001
1079 305048 0.6100000000000001
1080 305136 0.6000000000000001
1081 305262 0.5900000000000001
1082 305562 0.5900000000000001
1083 305862 0.5900000000000001
1084 306095 0.5900000000000001
1085 306395 0.5900000000000001
1086 306492 0.6000000000000001
1087 306792 0.6000000000000001
1088 307092 0.6000000000000001
1089 307392 0.6100000000000001
1090 307475 0.6200000000000001
1091 307616 0.6100000000000001
1092 307809 0.6000000000000001
1093 307964 0.5900000000000001
1094 308061 0.5800000000000001
1095 308130 0.5800000000000001
1096 308220 0.5700000000000001
1097 308388 0.56
1098 308554 0.55
1099 308734 0.54
1100 308859 0.53
1101 309088 0.52
1102 309264 0.52
1103 309393 0.51
1104 309581 0.5
1105 309692 0.5
1106 309992 0.5
1107 310123 0.51
1108 310394 0.5
1109 310694 0.49
1110 310889 0.49
1111 311069 0.49
1112 311369 0.49
1113 311517 0.5
1114 311684 0.49
1115 311984 0.49
1116 312228 0.49
1117 312528 0.49
1118 312828 0.5
1119 312967 0.5
1120 313139 0.5
1121 313265 0.5
1122 313524 0.49
1123 313614 0.49000000000000005
1124 313914 0.49
1125 313994 0.49
1126 314159 0.49000000000000005
1127 314315 0.4900000000000001
1128 314615 0.4900000000000001
1129 314915 0.5
1130 315215 0.5
1131 315515 0.51
1132 315815 0.52
1133 316115 0.53
1134 316305 0.54
1135 316531 0.54
1136 316831 0.54
1137 317131 0.54
1138 317431 0.54
1139 317731 0.54
1140 318031 0.55
1141 318157 0.55
1142 318457 0.54
1143 318757 0.54
1144 319029 0.54
1145 319329 0.54
1146 319629 0.55
1147 319929 0.55
1148 320029 0.55
1149 320193 0.55
1150 320287 0.55
1151 320471 0.54
1152 320771 0.54
1153 320860 0.55
1154 320999 0.55
1155 321279 0.55
1156 321482 0.55
1157 321565 0.55
1158 321693 0.54
1159 321993 0.53
1160 322260 0.54
1161 322398 0.54
1162 322698 0.53
1163 322998 0.53
1164 323109 0.54
1165 323289 0.53
1166 323589 0.53
1167 323889 0.54
1168 323997 0.55
1169 324189 0.55
1170 324489 0.55
1171 324631 0.55
1172 324931 0.54
1173 325025 0.54
1174 325325 0.53
1175 325521 0.54
1176 325821 0.54
1177 325950 0.54
1178 326156 0.54
1179 326456 0.53
1180 326756 0.53
1181 326989 0.53
1182 327289 0.52
1183 327589 0.53
1184 327880 0.54
1185 327997 0.54
1186 328155 0.54
1187 328455 0.53
1188 328679 0.54
1189 328779 0.54
1190 329079 0.54
1191 329379 0.54
1192 329679 0.54
1193 329979 0.54
1194 330212 0.55
1195 330512 0.55
1196 330812 0.55
1197 331112 0.55
1198 331412 0.56
1199 331712 0.5700000000000001
1200 332012 0.5800000000000001
1201 332212 0.5800000000000001
1202 332512 0.5700000000000001
1203 332812 0.5800000000000001
1204 332982 0.5900000000000001
1205 333152 0.5900000000000001
1206 333356 0.5800000000000001
1207 333656 0.5700000000000001
1208 333956 0.5800000000000001
1209 334256 0.5800000000000001
1210 334539 0.5900000000000001
1211 334690 0.5800000000000001
1212 334920 0.5800000000000001
1213 335220 0.5800000000000001
1214 335306 0.5900000000000001
1215 335606 0.5900000000000001
1216 335864 0.6000000000000001
1217 336000 0.6000000000000001
1218 336300 0.5900000000000001
1219 336477 0.5900000000000001
1220 336604 0.5800000000000001
1221 336904 0.5800000000000001
1222 337041 0.5800000000000001
1223 337204 0.5700000000000001
1224 337504 0.56
1225 337599 0.5700000000000001
1226 337892 0.56
1227 338117 0.55
1228 338311 0.54
1229 338611 0.54
1230 338781 0.55
1231 338964 0.55
1232 339110 0.55
1233 339251 0.54
1234 339356 0.54
1235 339538 0.54
1236 339838 0.54
1237 340138 0.55
1238 340438 0.56
1239 340624 0.5700000000000001
1240 340924 0.5700000000000001
1241 341224 0.5700000000000001
1242 341524 0.5800000000000001
1243 341824 0.5900000000000001
1244 342100 0.6000000000000001
1245 342280 0.6000000000000001
1246 342580 0.5900000000000001
1247 342880 0.6000000000000001
1248 343003 0.6100000000000001
1249 343112 0.6100000000000001
1250 343412 0.6100000000000001
1251 343572 0.6200000000000001
1252 343826 0.6100000000000001
1253 343985 0.6100000000000001
1254 344232 0.6100000000000001
1255 344432 0.6000000000000001
1256 344523 0.6000000000000001
1257 344823 0.5900000000000001
1258 345123 0.5900000000000001
1259 345317 0.5900000000000001
1260 345486 0.5800000000000001
1261 345786 0.5800000000000001
1262 346086 0.5800000000000001
1263 346249 0.5800000000000001
1264 346549 0.5700000000000001
1265 346779 0.5800000000000001
1266 346972 0.5700000000000001
1267 347176 0.56
1268 347444 0.55
1269 347639 0.55
1270 347939 0.54
1271 348239 0.55
1272 348539 0.56
1273 348839 0.5700000000000001
1274 348913 0.5800000000000001
1275 349032 0.5800000000000001
1276 349332 0.5700000000000001
1277 349466 0.5800000000000001
1278 349766 0.5700000000000001
1279 350066 0.5800000000000001
1280 350366 0.5800000000000001
1281 350666 0.5800000000000001
1282 350751 0.5800000000000001
1283 350860 0.5700000000000001
1284 350944 0.56
1285 351043 0.56
1286 351343 0.56
1287 351482 0.5700000000000001
1288 351635 0.5700000000000001
1289 351726 0.5700000000000001
1290 352026 0.5700000000000001
1291 352326 0.5800000000000001
1292 352626 0.5900000000000001
1293 352806 0.6000000000000001
1294 352887 0.6000000000000001
1295 353187 0.6000000000000001
1296 353487 0.6000000000000001
1297 353695 0.6
1298 353804 0.6
1299 353951 0.5900000000000001
1300 354251 0.5900000000000001
1301 354551 0.59
1302 354703 0.6
1303 354912 0.6000000000000001
1304 355052 0.6000000000000001
1305 355352 0.6000000000000001
1306 355652 0.6100000000000001
1307 355871 0.6200000000000001
1308 356171 0.6100000000000001
1309 356442 0.6100000000000001
1310 356742 0.6000000000000001
1311 357005 0.6100000000000001
1312 357157 0.6100000000000001
1313 357331 0.6100000000000001
1314 357444 0.6000000000000001
1315 357519 0.6000000000000001
1316 357663 0.6000000000000001
1317 357963 0.6000000000000001
1318 358263 0.6100000000000001
1319 358563 0.62
1320 358697 0.62
1321 358997 0.61
1322 359297 0.62
1323 359597 0.62
1324 359833 0.63
1325 360133 0.63
1326 360433 0.64
1327 360733 0.6500000000000001
1328 360930 0.66
1329 361042 0.6599999999999999
1330 361164 0.66
1331 361445 0.6600000000000001
1332 361745 0.6600000000000001
1333 361880 0.67
1334 361986 0.6599999999999999
1335 362130 0.66
1336 362358 0.66
1337 362482 0.6499999999999999
1338 362594 0.65
1339 362674 0.6500000000000001
1340 362974 0.6500000000000001
1341 363114 0.65
1342 363274 0.65
1343 363364 0.6400000000000001
1344 363447 0.64
1345 363747 0.6399999999999999
1346 363985 0.65
1347 364096 0.6500000000000001
1348 364333 0.6500000000000001
1349 364566 0.6400000000000001
1350 364817 0.6400000000000001
1351 365117 0.6400000000000001
1352 365228 0.6400000000000001
1353 365355 0.6400000000000001
1354 365655 0.6300000000000001
1355 365897 0.6300000000000001
1356 366197 0.6300000000000001
1357 366497 0.6400000000000001
1358 366797 0.64
1359 367097 0.64
1360 367249 0.65
1361 367549 0.64
1362 367849 0.6400000000000001
1363 368149 0.6400000000000001
1364 368225 0.6400000000000001
1365 368525 0.6400000000000001
1366 368825 0.6500000000000001
1367 369125 0.66
1368 369366 0.67
1369 369666 0.67
1370 369783 0.68
1371 369940 0.68
1372 370045 0.68
1373 370266 0.6800000000000002
1374 370418 0.6700000000000002
1375 370718 0.67
1376 370855 0.68
1377 371155 0.67
1378 371416 0.6799999999999999
1379 371716 0.6799999999999999
1380 372016 0.6799999999999999
1381 372316 0.6900000000000001
1382 372616 0.7000000000000001
1383 372916 0.7
1384 373077 0.71
1385 373187 0.71
1386 373313 0.71
1387 373599 0.71
1388 373814 0.71
1389 374083 0.71
1390 374205 0.71
1391 374346 0.7
1392 374525 0.7
1393 374811 0.7
1394 374956 0.7
1395 375256 0.7000000000000001
1396 375556 0.7100000000000001
1397 375724 0.71
1398 376024 0.7
1399 376242 0.71
1400 376542 0.7
1401 376715 0.71
1402 376954 0.71
1403 377208 0.71
1404 377281 0.7100000000000001
1405 377436 0.7000000000000001
1406 377602 0.7
1407 377902 0.69
1408 378202 0.7
1409 378502 0.7
1410 378641 0.71
1411 378740 0.71
1412 378909 0.7000000000000001
1413 379209 0.6900000000000001
