1 200 0.14
2 400 0.14
3 600 0.15000000000000002
4 800 0.15000000000000002
5 1000 0.15000000000000002
6 1200 0.15000000000000002
7 1400 0.15000000000000002
8 1600 0.15
9 1800 0.15
10 2000 0.15
11 2200 0.15
12 2400 0.15000000000000002
13 2600 0.15000000000000002
14 2800 0.15000000000000002
15 3000 0.14
16 3200 0.14
17 3400 0.14
18 3600 0.13
19 3800 0.13
20 4000 0.12000000000000001
21 4200 0.11
22 4400 0.1
23 4600 0.1
24 4800 0.09
25 5000 0.09
26 5200 0.09
27 5400 0.08
28 5600 0.08
29 5800 0.08
30 6000 0.09
31 6200 0.09
32 6400 0.09
33 6600 0.08
34 6800 0.08
35 7000 0.08
36 7200 0.08
37 7400 0.08
38 7600 0.08
39 7800 0.08
40 8000 0.08
41 8200 0.09
42 8400 0.09
43 8600 0.09
44 8800 0.09
45 9000 0.09
46 9200 0.09
47 9400 0.09
48 9600 0.09
49 9800 0.09
50 10000 0.09
51 10200 0.09
52 10400 0.09
53 10600 0.09
54 10800 0.08
55 11000 0.08
56 11200 0.09
57 11400 0.09
58 11600 0.09
59 11800 0.09999999999999999
60 12000 0.10999999999999999
61 12200 0.10999999999999999
62 12400 0.11999999999999998
63 12600 0.13
64 12800 0.14
65 13000 0.15000000000000002
66 13200 0.15000000000000002
67 13400 0.15000000000000002
68 13600 0.15000000000000002
69 13800 0.15000000000000002
70 14000 0.15000000000000002
71 14200 0.15000000000000002
72 14400 0.15000000000000002
73 14600 0.15000000000000002
74 14800 0.14
75 15000 0.14
76 15200 0.15000000000000002
77 15400 0.15000000000000002
78 15600 0.15000000000000002
79 15800 0.15000000000000002
80 16000 0.15000000000000002
81 16200 0.15000000000000002
82 16400 0.15
83 16600 0.15
84 16800 0.15000000000000002
85 17000 0.15000000000000002
86 17200 0.15000000000000002
87 17400 0.14
88 17600 0.14
89 17800 0.14
90 18000 0.14
91 18200 0.14
92 18400 0.14
93 18600 0.13
94 18800 0.13
95 19000 0.13
96 19200 0.14
97 19400 0.14
98 19600 0.14
99 19800 0.14
100 20000 0.15000000000000002
101 20200 0.15000000000000002
102 20400 0.15000000000000002
103 20600 0.14
104 20800 0.14
105 21000 0.15000000000000002
106 21200 0.15000000000000002
107 21400 0.16000000000000003
108 21600 0.16000000000000003
109 21800 0.16
110 22000 0.16
111 22200 0.16
112 22400 0.16
113 22600 0.16
114 22800 0.17
115 23000 0.18000000000000002
116 23200 0.18000000000000002
117 23400 0.19000000000000003
118 23600 0.20000000000000004
119 23800 0.21000000000000002
120 24000 0.21000000000000002
121 24200 0.22000000000000003
122 24400 0.23000000000000004
123 24600 0.23000000000000004
124 24800 0.24000000000000005
125 25000 0.26000000000000006
126 25200 0.26000000000000006
127 25400 0.26000000000000006
128 25600 0.26
129 25800 0.27
130 26000 0.26
131 26200 0.28
132 26400 0.29000000000000004
133 26600 0.31000000000000005
134 26800 0.32000000000000006
135 27000 0.3400000000000001
136 27200 0.3400000000000001
137 27400 0.36000000000000004
138 27600 0.36000000000000004
139 27800 0.38000000000000006
140 28000 0.39000000000000007
141 28200 0.38000000000000006
142 28400 0.39000000000000007
143 28600 0.39
144 28800 0.41000000000000003
145 29000 0.42000000000000004
146 29200 0.42000000000000004
147 29400 0.42000000000000004
148 29600 0.42
149 29800 0.44000000000000006
150 30000 0.4600000000000001
151 30200 0.4600000000000001
152 30400 0.4600000000000001
153 30600 0.46
154 30800 0.46
155 31000 0.48000000000000004
156 31200 0.47000000000000003
157 31400 0.47000000000000003
158 31600 0.47000000000000003
159 31800 0.46
160 32000 0.47000000000000003
161 32200 0.49000000000000005
162 32400 0.5
163 32600 0.51
164 32800 0.52
165 33000 0.53
166 33200 0.53
167 33400 0.54
168 33600 0.54
169 33800 0.54
170 34000 0.54
171 34200 0.54
172 34400 0.55
173 34600 0.55
174 34800 0.55
175 35000 0.55
176 35200 0.54
177 35400 0.54
178 35600 0.54
179 35800 0.55
180 36000 0.55
181 36200 0.55
182 36400 0.55
183 36600 0.5499999999999999
184 36800 0.57
185 37000 0.5900000000000001
186 37200 0.6100000000000001
187 37400 0.6300000000000001
188 37600 0.6300000000000001
189 37800 0.6300000000000001
190 38000 0.6300000000000001
191 38200 0.63
192 38400 0.65
193 38600 0.65
194 38800 0.65
195 39000 0.65
196 39200 0.66
197 39400 0.68
198 39600 0.7000000000000001
199 39800 0.7100000000000002
200 40000 0.7000000000000002
201 40200 0.7200000000000001
202 40400 0.7400000000000001
203 40600 0.7600000000000001
204 40800 0.7800000000000001
205 41000 0.7900000000000001
206 41200 0.81
207 41400 0.81
208 41600 0.8300000000000001
209 41800 0.8500000000000001
210 42000 0.8700000000000001
211 42200 0.8700000000000001
212 42400 0.8700000000000001
213 42600 0.8700000000000001
214 42800 0.8800000000000001
215 43000 0.8700000000000001
216 43200 0.8700000000000001
217 43400 0.8800000000000001
218 43600 0.8900000000000001
219 43800 0.8800000000000001
220 44000 0.8800000000000001
221 44200 0.8700000000000001
222 44400 0.8600000000000001
223 44600 0.8600000000000001
224 44728 0.8700000000000001
225 44928 0.8500000000000001
226 45128 0.8700000000000001
227 45328 0.8900000000000001
228 45528 0.91
229 45728 0.9200000000000002
230 45916 0.9200000000000002
231 46116 0.9000000000000001
232 46255 0.9100000000000001
233 46455 0.8900000000000001
234 46629 0.8800000000000001
235 46829 0.8600000000000001
236 46930 0.86
237 47130 0.84
238 47283 0.84
239 47483 0.83
240 47683 0.8400000000000001
241 47883 0.8600000000000001
242 48083 0.8700000000000001
243 48238 0.8900000000000001
244 48438 0.8900000000000001
245 48638 0.9000000000000001
246 48838 0.9
247 49038 0.9
248 49160 0.9000000000000001
249 49256 0.8800000000000001
250 49456 0.88
251 49656 0.88
252 49856 0.8800000000000001
253 50056 0.9000000000000001
254 50153 0.92
255 50353 0.92
256 50553 0.9400000000000002
257 50753 0.9600000000000002
258 50953 0.9800000000000001
259 51101 1.0
260 51243 1.0
261 51375 0.9800000000000001
262 51475 0.9600000000000001
263 51606 0.9600000000000001
264 51786 0.9400000000000001
265 51986 0.9400000000000001
266 52186 0.9600000000000001
267 52386 0.9700000000000001
268 52586 0.9800000000000001
269 52786 1.0
270 52986 1.02
271 53102 1.02
272 53302 1.0
273 53502 1.0
274 53702 1.0
275 53902 1.0
276 54102 1.02
277 54302 1.04
278 54502 1.04
279 54702 1.04
280 54902 1.06
281 55102 1.06
282 55302 1.07
283 55407 1.09
284 55553 1.09
285 55656 1.09
286 55750 1.09
287 55950 1.09
288 56150 1.11
289 56350 1.1300000000000001
290 56550 1.1300000000000001
291 56681 1.1500000000000001
292 56881 1.1300000000000001
293 57081 1.1500000000000001
294 57281 1.1600000000000001
295 57372 1.1600000000000001
296 57511 1.1600000000000001
297 57614 1.1600000000000001
298 57774 1.1400000000000001
299 57974 1.1400000000000001
300 58060 1.1600000000000001
301 58183 1.1400000000000001
302 58343 1.12
303 58455 1.1
304 58603 1.08
305 58679 1.06
306 58879 1.06
307 59077 1.06
308 59161 1.06
309 59311 1.06
310 59511 1.04
311 59711 1.06
312 59911 1.06
313 60040 1.08
314 60240 1.08
315 60440 1.08
316 60587 1.08
317 60744 1.08
318 60944 1.06
319 61144 1.06
320 61344 1.06
321 61544 1.06
322 61744 1.06
323 61943 1.06
324 62143 1.04
325 62234 1.06
326 62430 1.04
327 62577 1.04
328 62712 1.03
329 62912 1.02
330 63112 1.04
331 63272 1.06
332 63472 1.06
333 63672 1.08
334 63872 1.1
335 64072 1.12
336 64272 1.1400000000000001
337 64472 1.1600000000000001
338 64672 1.1800000000000002
339 64780 1.1900000000000002
340 64916 1.1900000000000002
341 65010 1.17
342 65163 1.15
343 65261 1.1300000000000001
344 65458 1.1300000000000001
345 65658 1.1300000000000001
346 65858 1.1300000000000001
347 66058 1.1300000000000001
348 66258 1.1500000000000001
349 66348 1.1700000000000002
350 66548 1.1500000000000001
351 66748 1.1500000000000001
352 66887 1.1700000000000002
353 67034 1.17
354 67217 1.17
355 67377 1.1500000000000001
356 67450 1.1500000000000001
357 67590 1.1300000000000001
358 67772 1.1300000000000001
359 67897 1.11
360 68097 1.09
361 68297 1.0899999999999999
362 68458 1.0899999999999999
363 68658 1.07
364 68764 1.08
365 68882 1.06
366 69043 1.06
367 69243 1.06
368 69410 1.07
369 69547 1.05
370 69747 1.05
371 69947 1.05
372 70147 1.05
373 70347 1.05
374 70547 1.07
375 70692 1.07
376 70834 1.07
377 71034 1.07
378 71234 1.09
379 71390 1.1
380 71590 1.1
381 71790 1.12
382 71932 1.1300000000000001
383 72051 1.1300000000000001
384 72154 1.1300000000000001
385 72231 1.1300000000000001
386 72354 1.1300000000000001
387 72519 1.1300000000000001
388 72719 1.1300000000000001
389 72919 1.1300000000000001
390 73100 1.15
391 73300 1.13
392 73394 1.1300000000000001
393 73594 1.11
394 73794 1.1
395 73915 1.1
396 74108 1.1
397 74308 1.08
398 74497 1.08
399 74629 1.08
400 74829 1.06
401 75029 1.06
402 75229 1.08
403 75429 1.08
404 75629 1.1
405 75720 1.12
406 75920 1.12
407 75983 1.11
408 76136 1.09
409 76336 1.09
410 76485 1.09
411 76685 1.08
412 76768 1.1
413 76902 1.09
414 77102 1.09
415 77302 1.09
416 77406 1.09
417 77606 1.0700000000000003
418 77806 1.07
419 78006 1.09
420 78206 1.11
421 78406 1.11
422 78606 1.11
423 78806 1.11
424 78896 1.11
425 79096 1.11
426 79260 1.1300000000000001
427 79460 1.1300000000000001
428 79660 1.12
429 79770 1.1300000000000001
430 79877 1.1300000000000001
431 80036 1.1300000000000001
432 80114 1.11
433 80291 1.11
434 80418 1.11
435 80575 1.09
436 80733 1.0700000000000003
437 80857 1.05
438 81017 1.03
439 81115 1.0300000000000002
440 81315 1.03
441 81515 1.03
442 81715 1.03
443 81847 1.0300000000000002
444 81991 1.0100000000000002
445 82191 1.01
446 82391 1.03
447 82559 1.03
448 82676 1.01
449 82876 1.01
450 83076 1.03
451 83157 1.03
452 83268 1.03
453 83372 1.03
454 83572 1.01
455 83654 1.02
456 83854 1.02
457 83926 1.02
458 84126 1.0
459 84326 1.02
460 84526 1.04
461 84726 1.06
462 84926 1.08
463 85126 1.1
464 85326 1.09
465 85493 1.09
466 85622 1.09
467 85734 1.09
468 85934 1.09
469 86097 1.11
470 86297 1.11
471 86497 1.1300000000000001
472 86697 1.1500000000000001
473 86777 1.1700000000000002
474 86977 1.1700000000000002
475 87149 1.1900000000000002
476 87321 1.1900000000000002
477 87371 1.1900000000000002
478 87448 1.1900000000000002
479 87559 1.1700000000000002
480 87634 1.1700000000000002
481 87788 1.1700000000000002
482 87966 1.1500000000000001
483 88135 1.1300000000000001
484 88214 1.11
485 88319 1.11
486 88402 1.11
487 88469 1.11
488 88574 1.09
489 88634 1.09
490 88834 1.09
491 89034 1.11
492 89234 1.1300000000000001
493 89434 1.1500000000000001
494 89634 1.1700000000000002
495 89833 1.1900000000000002
496 90033 1.1900000000000002
497 90233 1.2100000000000002
498 90431 1.2300000000000002
499 90631 1.2300000000000002
500 90831 1.2500000000000002
501 91022 1.2700000000000002
502 91222 1.2700000000000002
503 91305 1.2900000000000003
504 91434 1.2900000000000003
505 91592 1.2900000000000003
506 91792 1.2700000000000002
507 91992 1.2900000000000003
508 92111 1.3100000000000003
509 92311 1.3100000000000003
510 92511 1.3300000000000003
511 92684 1.3400000000000003
512 92884 1.3400000000000003
513 93007 1.35
514 93207 1.35
515 93407 1.37
516 93607 1.3900000000000001
517 93807 1.4100000000000001
518 93924 1.4300000000000002
519 94074 1.4300000000000002
520 94274 1.4300000000000002
521 94474 1.4500000000000002
522 94674 1.4700000000000002
523 94874 1.4900000000000002
524 95041 1.51
525 95167 1.51
526 95264 1.51
527 95464 1.51
528 95586 1.53
529 95779 1.53
530 95975 1.53
531 96175 1.53
532 96348 1.55
533 96500 1.55
534 96700 1.55
535 96900 1.57
536 97100 1.59
537 97300 1.61
538 97381 1.6300000000000001
539 97543 1.6300000000000001
540 97743 1.6300000000000001
541 97943 1.6500000000000001
542 98143 1.6700000000000002
543 98343 1.6700000000000002
544 98448 1.6900000000000002
545 98585 1.6900000000000002
546 98785 1.6900000000000002
547 98985 1.7100000000000002
548 99136 1.7300000000000002
549 99274 1.7300000000000002
550 99474 1.7300000000000002
551 99628 1.7300000000000002
552 99735 1.7300000000000002
553 99935 1.7300000000000002
554 100135 1.7500000000000002
555 100292 1.7600000000000002
556 100492 1.7600000000000002
557 100692 1.7800000000000002
558 100779 1.8000000000000003
559 100905 1.8000000000000003
560 101043 1.7900000000000003
561 101147 1.7700000000000002
562 101249 1.7700000000000002
563 101449 1.7500000000000002
564 101649 1.7700000000000002
565 101735 1.7900000000000003
566 101929 1.7700000000000002
567 102081 1.7500000000000002
568 102155 1.7500000000000002
569 102252 1.7300000000000002
570 102397 1.7300000000000002
571 102512 1.7300000000000002
572 102623 1.7300000000000002
573 102760 1.7100000000000002
574 102876 1.6900000000000002
575 102994 1.6900000000000002
576 103108 1.6900000000000002
577 103194 1.6700000000000002
578 103394 1.6700000000000002
579 103493 1.6900000000000002
580 103639 1.6700000000000002
581 103839 1.6700000000000002
582 104039 1.6900000000000002
583 104239 1.7000000000000002
584 104358 1.7200000000000002
585 104457 1.7200000000000002
586 104583 1.7000000000000002
587 104783 1.7000000000000002
588 104945 1.7200000000000002
589 105067 1.7200000000000002
590 105165 1.7000000000000002
591 105295 1.6800000000000002
592 105368 1.6800000000000002
593 105429 1.6800000000000002
594 105542 1.6800000000000002
595 105666 1.6800000000000002
596 105736 1.6800000000000002
597 105827 1.6800000000000002
598 105958 1.6800000000000002
599 106097 1.6800000000000002
600 106175 1.6600000000000001
601 106252 1.6400000000000001
602 106398 1.6400000000000001
603 106483 1.6400000000000001
604 106581 1.6400000000000001
605 106781 1.62
606 106884 1.62
607 106972 1.6
608 107085 1.58
609 107153 1.56
610 107215 1.56
611 107367 1.56
612 107508 1.56
613 107593 1.56
614 107676 1.56
615 107781 1.56
616 107874 1.56
617 107948 1.54
618 108029 1.54
619 108146 1.54
620 108234 1.54
621 108325 1.54
622 108417 1.52
623 108494 1.52
624 108578 1.52
625 108650 1.52
626 108788 1.52
627 108879 1.5
628 108956 1.48
629 109035 1.46
630 109126 1.44
631 109204 1.44
632 109284 1.44
633 109342 1.44
634 109434 1.44
635 109512 1.4400000000000002
636 109598 1.4400000000000002
637 109716 1.42
638 109824 1.42
639 109919 1.42
640 110039 1.42
641 110192 1.42
642 110392 1.42
643 110448 1.4400000000000002
644 110574 1.4400000000000002
645 110698 1.44
646 110836 1.44
647 110933 1.44
648 111017 1.44
649 111173 1.44
650 111373 1.44
651 111452 1.46
652 111529 1.46
653 111627 1.46
654 111702 1.46
655 111810 1.46
656 111894 1.46
657 111979 1.44
658 112086 1.44
659 112286 1.42
660 112486 1.4100000000000001
661 112573 1.4300000000000002
662 112773 1.4300000000000002
663 112914 1.4500000000000002
664 112981 1.4500000000000002
665 113181 1.4500000000000002
666 113381 1.4700000000000002
667 113503 1.4900000000000002
668 113703 1.4700000000000002
669 113869 1.49
670 114068 1.48
671 114196 1.4600000000000002
672 114396 1.4400000000000002
673 114596 1.46
674 114693 1.48
675 114831 1.48
676 115031 1.47
677 115115 1.49
678 115202 1.49
679 115402 1.49
680 115570 1.4900000000000002
681 115662 1.49
682 115862 1.49
683 116031 1.48
684 116163 1.48
685 116363 1.48
686 116458 1.48
687 116638 1.46
688 116723 1.44
689 116923 1.44
690 117123 1.44
691 117231 1.46
692 117342 1.46
693 117456 1.46
694 117610 1.44
695 117670 1.4200000000000002
696 117786 1.4000000000000001
697 117923 1.38
698 118030 1.3800000000000001
699 118230 1.3800000000000001
700 118430 1.4
701 118513 1.42
702 118628 1.4000000000000001
703 118734 1.4000000000000004
704 118934 1.4000000000000001
705 119134 1.42
706 119334 1.4200000000000002
707 119534 1.4200000000000002
708 119734 1.44
709 119921 1.46
710 120006 1.4600000000000002
711 120097 1.4600000000000002
712 120208 1.46
713 120325 1.46
714 120412 1.4600000000000002
715 120502 1.4600000000000002
716 120702 1.4600000000000002
717 120822 1.4800000000000002
718 120927 1.4800000000000002
719 121072 1.4800000000000002
720 121224 1.48
721 121424 1.48
722 121557 1.48
723 121648 1.47
724 121841 1.4700000000000002
725 121937 1.4700000000000002
726 122137 1.4700000000000002
727 122337 1.4900000000000002
728 122537 1.5100000000000002
729 122737 1.5300000000000002
730 122848 1.55
731 122996 1.53
732 123146 1.5100000000000002
733 123287 1.5100000000000002
734 123420 1.4900000000000002
735 123508 1.4900000000000002
736 123708 1.4900000000000002
737 123797 1.5100000000000002
738 123891 1.5100000000000002
739 123973 1.4900000000000002
740 124069 1.4900000000000002
741 124185 1.4900000000000002
742 124274 1.4900000000000002
743 124474 1.4900000000000002
744 124548 1.4900000000000002
745 124605 1.4900000000000002
746 124776 1.4900000000000002
747 124848 1.4900000000000002
748 124936 1.4700000000000002
749 125093 1.4700000000000002
750 125186 1.4500000000000002
751 125340 1.4300000000000002
752 125395 1.4100000000000001
753 125483 1.4100000000000001
754 125631 1.4100000000000001
755 125736 1.3900000000000001
756 125936 1.3900000000000001
757 126088 1.3900000000000001
758 126288 1.3900000000000001
759 126488 1.4100000000000001
760 126613 1.4300000000000002
761 126710 1.4300000000000002
762 126903 1.4300000000000002
763 127018 1.4300000000000002
764 127157 1.4300000000000002
765 127276 1.4100000000000001
766 127404 1.4100000000000001
767 127604 1.4100000000000001
768 127692 1.4300000000000002
769 127892 1.4300000000000002
770 128092 1.44
771 128292 1.46
772 128412 1.46
773 128553 1.46
774 128696 1.46
775 128896 1.44
776 129067 1.4500000000000002
777 129123 1.4300000000000002
778 129204 1.4100000000000001
779 129404 1.4100000000000001
780 129504 1.43
781 129670 1.4300000000000002
782 129870 1.4100000000000001
783 130039 1.4200000000000002
784 130105 1.4200000000000002
785 130305 1.4200000000000002
786 130505 1.4200000000000002
787 130705 1.42
788 130785 1.42
789 130985 1.4
790 131094 1.4200000000000002
791 131231 1.42
792 131356 1.42
793 131556 1.42
794 131756 1.42
795 131956 1.42
796 132156 1.42
797 132335 1.42
798 132486 1.42
799 132683 1.42
800 132845 1.4
801 133045 1.38
802 133139 1.38
803 133248 1.38
804 133320 1.3599999999999999
805 133520 1.3599999999999999
806 133720 1.38
807 133826 1.4
808 133914 1.4
809 134061 1.4
810 134178 1.4
811 134275 1.4
812 134406 1.38
813 134491 1.38
814 134595 1.3599999999999999
815 134658 1.3399999999999999
816 134748 1.3199999999999998
817 134831 1.3199999999999998
818 134936 1.3
819 135024 1.2800000000000002
820 135114 1.26
821 135314 1.26
822 135514 1.2600000000000002
823 135624 1.27
824 135698 1.27
825 135779 1.27
826 135844 1.27
827 135966 1.27
828 136065 1.25
829 136167 1.25
830 136367 1.25
831 136567 1.25
832 136765 1.27
833 136965 1.27
834 137017 1.29
835 137115 1.29
836 137209 1.29
837 137357 1.27
838 137557 1.25
839 137669 1.25
840 137798 1.25
841 137878 1.25
842 137940 1.25
843 138114 1.2500000000000002
844 138179 1.2500000000000002
845 138294 1.25
846 138368 1.25
847 138568 1.2500000000000002
848 138679 1.2700000000000002
849 138879 1.27
850 139079 1.29
851 139279 1.2900000000000003
852 139359 1.3100000000000003
853 139445 1.31
854 139645 1.31
855 139753 1.3300000000000003
856 139953 1.3300000000000003
857 140078 1.35
858 140165 1.35
859 140301 1.35
860 140371 1.33
861 140433 1.33
862 140616 1.33
863 140766 1.33
864 140966 1.33
865 141079 1.33
866 141183 1.31
867 141235 1.29
868 141337 1.28
869 141424 1.26
870 141494 1.24
871 141694 1.24
872 141774 1.2600000000000002
873 141840 1.2600000000000002
874 142040 1.2600000000000002
875 142114 1.2800000000000002
876 142314 1.2800000000000002
877 142514 1.3000000000000003
878 142684 1.3200000000000003
879 142770 1.3200000000000003
880 142891 1.3200000000000003
881 143091 1.3200000000000003
882 143291 1.3400000000000003
883 143365 1.35
884 143521 1.35
885 143721 1.35
886 143921 1.37
887 144121 1.3900000000000001
888 144321 1.4100000000000001
889 144435 1.4300000000000002
890 144555 1.4300000000000002
891 144722 1.4300000000000002
892 144832 1.4300000000000002
893 145032 1.4300000000000002
894 145232 1.4500000000000002
895 145432 1.4700000000000002
896 145632 1.47
897 145716 1.4900000000000002
898 145859 1.4900000000000002
899 146059 1.4900000000000002
900 146259 1.51
901 146459 1.53
902 146572 1.55
903 146772 1.54
904 146830 1.56
905 146970 1.55
906 147032 1.5500000000000003
907 147232 1.53
908 147318 1.51
909 147446 1.51
910 147550 1.51
911 147750 1.51
912 147868 1.53
913 148068 1.53
914 148268 1.5500000000000003
915 148468 1.5700000000000003
916 148628 1.59
917 148828 1.59
918 149028 1.61
919 149228 1.6300000000000001
920 149331 1.6500000000000001
921 149531 1.6500000000000001
922 149695 1.6700000000000002
923 149828 1.6500000000000001
924 149927 1.6500000000000001
925 150017 1.6500000000000001
926 150153 1.6500000000000001
927 150353 1.6500000000000001
928 150440 1.6500000000000001
929 150617 1.6400000000000001
930 150817 1.62
931 150935 1.6400000000000001
932 151049 1.6400000000000001
933 151129 1.6400000000000001
934 151209 1.6400000000000001
935 151304 1.62
936 151504 1.62
937 151704 1.6400000000000001
938 151904 1.6600000000000001
939 151993 1.6800000000000002
940 152096 1.6800000000000002
941 152179 1.6800000000000002
942 152272 1.6800000000000002
943 152417 1.6800000000000002
944 152503 1.6800000000000002
945 152592 1.6800000000000002
946 152771 1.6800000000000002
947 152952 1.6800000000000002
948 153027 1.6800000000000002
949 153120 1.6800000000000002
950 153320 1.6800000000000002
951 153451 1.7000000000000002
952 153541 1.7000000000000002
953 153669 1.6800000000000002
954 153752 1.6800000000000002
955 153850 1.6600000000000001
956 153994 1.6600000000000001
957 154057 1.6500000000000001
958 154144 1.6500000000000001
959 154344 1.6500000000000001
960 154395 1.6700000000000002
961 154472 1.6700000000000002
962 154552 1.6700000000000002
963 154746 1.6700000000000002
964 154946 1.6700000000000002
965 155146 1.6900000000000002
966 155346 1.7100000000000002
967 155546 1.7100000000000002
968 155746 1.7200000000000002
969 155946 1.7400000000000002
970 156093 1.7600000000000002
971 156168 1.7600000000000002
972 156285 1.7400000000000002
973 156398 1.7400000000000002
974 156537 1.7200000000000002
975 156639 1.7000000000000002
976 156727 1.7000000000000002
977 156810 1.6800000000000002
978 156920 1.6800000000000002
979 156970 1.6700000000000002
980 157045 1.6700000000000002
981 157166 1.6700000000000002
982 157288 1.6700000000000002
983 157398 1.6700000000000002
984 157530 1.6700000000000002
985 157644 1.6700000000000002
986 157749 1.6700000000000002
987 157839 1.6700000000000002
988 157917 1.6700000000000002
989 157981 1.6600000000000001
990 158128 1.6600000000000001
991 158289 1.6600000000000001
992 158414 1.6600000000000001
993 158508 1.6500000000000001
994 158606 1.6300000000000001
995 158806 1.6300000000000001
996 158890 1.6500000000000001
997 158994 1.6500000000000001
998 159069 1.6500000000000001
999 159196 1.6500000000000001
1000 159344 1.6500000000000001
1001 159507 1.6500000000000001
1002 159707 1.6400000000000001
1003 159824 1.6500000000000001
1004 160024 1.6500000000000001
1005 160070 1.6600000000000001
1006 160270 1.6600000000000001
1007 160470 1.6800000000000002
1008 160604 1.7000000000000002
1009 160687 1.7000000000000002
1010 160770 1.7000000000000002
1011 160874 1.7000000000000002
1012 160957 1.7000000000000002
1013 161044 1.6800000000000002
1014 161104 1.6800000000000002
1015 161185 1.6800000000000002
1016 161273 1.6800000000000002
1017 161334 1.6800000000000002
1018 161442 1.6800000000000002
1019 161516 1.6800000000000002
1020 161573 1.6800000000000002
1021 161676 1.6800000000000002
1022 161876 1.6800000000000002
1023 161970 1.7000000000000002
1024 162074 1.7000000000000002
1025 162200 1.7000000000000002
1026 162362 1.6800000000000002
1027 162562 1.6800000000000002
1028 162762 1.7000000000000002
1029 162962 1.7100000000000002
1030 163010 1.7300000000000002
1031 163076 1.7300000000000002
1032 163146 1.7100000000000002
1033 163267 1.7100000000000002
1034 163467 1.7100000000000002
1035 163562 1.7300000000000002
1036 163647 1.7300000000000002
1037 163840 1.7300000000000002
1038 163966 1.7300000000000002
1039 164120 1.7100000000000002
1040 164216 1.7100000000000002
1041 164315 1.7100000000000002
1042 164425 1.7100000000000002
1043 164503 1.7100000000000002
1044 164570 1.7100000000000002
1045 164673 1.7100000000000002
1046 164755 1.7100000000000002
1047 164832 1.7100000000000002
1048 164897 1.7100000000000002
1049 164970 1.6900000000000002
1050 165052 1.6900000000000002
1051 165129 1.6900000000000002
1052 165329 1.6900000000000002
1053 165474 1.6900000000000002
1054 165674 1.6700000000000002
1055 165798 1.6900000000000002
1056 165998 1.6700000000000002
1057 166148 1.6800000000000002
1058 166266 1.6800000000000002
1059 166324 1.6800000000000002
1060 166402 1.6800000000000002
1061 166481 1.6800000000000002
1062 166548 1.6700000000000002
1063 166647 1.6700000000000002
1064 166719 1.6700000000000002
1065 166890 1.6700000000000002
1066 167090 1.6700000000000002
1067 167190 1.6900000000000002
1068 167275 1.6900000000000002
1069 167362 1.6900000000000002
1070 167484 1.6900000000000002
1071 167684 1.6900000000000002
1072 167756 1.7100000000000002
1073 167956 1.7100000000000002
1074 168156 1.7300000000000002
1075 168278 1.7500000000000002
1076 168478 1.7500000000000002
1077 168615 1.7700000000000002
1078 168815 1.7700000000000002
1079 168900 1.7800000000000002
1080 169018 1.7800000000000002
1081 169085 1.7800000000000002
1082 169182 1.7800000000000002
1083 169255 1.7600000000000002
1084 169357 1.7600000000000002
1085 169510 1.7600000000000002
1086 169610 1.7600000000000002
1087 169692 1.7500000000000002
1088 169892 1.7500000000000002
1089 169961 1.7600000000000002
1090 170043 1.7400000000000002
1091 170113 1.7200000000000002
1092 170313 1.7200000000000002
1093 170513 1.7300000000000002
1094 170680 1.7500000000000002
1095 170760 1.7500000000000002
1096 170826 1.7300000000000002
1097 170920 1.7300000000000002
1098 171037 1.7300000000000002
1099 171180 1.7100000000000002
1100 171277 1.7100000000000002
1101 171477 1.6900000000000002
1102 171552 1.6800000000000002
1103 171614 1.6800000000000002
1104 171703 1.6800000000000002
1105 171781 1.6600000000000001
1106 171875 1.6600000000000001
1107 171958 1.6600000000000001
1108 172011 1.6600000000000001
1109 172153 1.6600000000000001
1110 172271 1.6600000000000001
1111 172362 1.6600000000000001
1112 172562 1.6600000000000001
1113 172730 1.6600000000000001
1114 172876 1.6600000000000001
1115 172999 1.6500000000000001
1116 173093 1.6500000000000001
1117 173238 1.6500000000000001
1118 173332 1.6500000000000001
1119 173415 1.6300000000000001
1120 173552 1.6300000000000001
1121 173653 1.6300000000000001
1122 173796 1.6300000000000001
1123 173908 1.6300000000000003
1124 174040 1.6300000000000003
1125 174240 1.6300000000000001
1126 174294 1.6500000000000001
1127 174389 1.6500000000000001
1128 174496 1.6500000000000001
1129 174574 1.6500000000000001
1130 174630 1.6500000000000001
1131 174830 1.6500000000000004
1132 174959 1.6700000000000004
1133 175019 1.6700000000000002
1134 175175 1.6700000000000002
1135 175312 1.6700000000000002
1136 175397 1.6700000000000002
1137 175492 1.6700000000000002
1138 175692 1.6700000000000002
1139 175755 1.6900000000000004
1140 175836 1.6900000000000004
1141 175948 1.6900000000000002
1142 176072 1.6900000000000002
1143 176144 1.6900000000000002
1144 176306 1.6900000000000002
1145 176393 1.6900000000000002
1146 176501 1.6900000000000002
1147 176671 1.6900000000000004
1148 176871 1.6900000000000004
1149 176949 1.7100000000000002
1150 177049 1.7100000000000002
1151 177107 1.7100000000000002
1152 177307 1.7100000000000002
1153 177507 1.7200000000000002
1154 177608 1.7400000000000002
1155 177808 1.7400000000000002
1156 177902 1.7400000000000002
1157 178099 1.7400000000000002
1158 178197 1.7400000000000002
1159 178288 1.7400000000000002
1160 178382 1.7400000000000002
1161 178582 1.7400000000000002
1162 178688 1.7500000000000002
1163 178745 1.7500000000000002
1164 178824 1.7400000000000002
1165 178930 1.7200000000000002
1166 179028 1.7200000000000002
1167 179093 1.7000000000000002
1168 179177 1.7000000000000002
1169 179246 1.7000000000000002
1170 179325 1.7000000000000002
1171 179410 1.6800000000000002
1172 179489 1.6800000000000002
1173 179615 1.6800000000000002
1174 179683 1.6800000000000002
1175 179787 1.6800000000000002
1176 179914 1.6800000000000002
1177 180001 1.6800000000000002
1178 180060 1.6800000000000002
1179 180136 1.6800000000000002
1180 180288 1.6700000000000002
1181 180367 1.6700000000000002
1182 180567 1.6700000000000002
1183 180733 1.6900000000000002
1184 180794 1.6900000000000002
1185 180847 1.6900000000000002
1186 181047 1.6900000000000002
1187 181146 1.7000000000000002
1188 181231 1.7000000000000002
1189 181431 1.7000000000000002
1190 181631 1.7200000000000002
1191 181742 1.7400000000000002
1192 181869 1.7400000000000002
1193 181994 1.7200000000000002
1194 182119 1.7200000000000002
1195 182319 1.7200000000000002
1196 182416 1.7200000000000002
1197 182491 1.7200000000000002
1198 182691 1.7200000000000002
1199 182809 1.7400000000000002
1200 183009 1.7400000000000002
1201 183209 1.7600000000000002
1202 183302 1.7600000000000002
1203 183415 1.7600000000000002
1204 183615 1.7600000000000002
1205 183801 1.7800000000000002
1206 183877 1.7800000000000002
1207 183945 1.7600000000000002
1208 184016 1.7500000000000002
1209 184106 1.7300000000000002
1210 184241 1.7300000000000002
1211 184334 1.7100000000000002
1212 184534 1.7100000000000002
1213 184620 1.7300000000000002
1214 184820 1.7300000000000002
1215 184899 1.7400000000000002
1216 184988 1.7400000000000002
1217 185052 1.7400000000000002
1218 185252 1.7400000000000002
1219 185319 1.7600000000000002
1220 185370 1.7600000000000002
1221 185427 1.7600000000000002
1222 185497 1.7600000000000002
1223 185631 1.7600000000000002
1224 185694 1.7600000000000002
1225 185822 1.7600000000000002
1226 185950 1.7600000000000002
1227 186050 1.7600000000000002
1228 186126 1.7400000000000002
1229 186185 1.7400000000000002
1230 186277 1.7400000000000002
1231 186360 1.7400000000000002
1232 186438 1.7400000000000002
1233 186580 1.7400000000000002
1234 186677 1.7400000000000002
1235 186746 1.7400000000000002
1236 186918 1.7400000000000002
1237 187072 1.7400000000000002
1238 187211 1.7400000000000002
1239 187325 1.7400000000000002
1240 187392 1.7400000000000002
1241 187459 1.7400000000000002
1242 187522 1.7400000000000002
1243 187598 1.7400000000000002
1244 187693 1.7400000000000002
1245 187844 1.7400000000000002
1246 188026 1.7400000000000002
1247 188085 1.7400000000000002
1248 188245 1.7400000000000002
1249 188340 1.7400000000000002
1250 188471 1.7400000000000002
1251 188523 1.7400000000000002
1252 188723 1.7400000000000002
1253 188823 1.7500000000000002
1254 188880 1.7500000000000002
1255 189080 1.7500000000000002
