1 200 0.060000000000000005
2 400 0.060000000000000005
3 600 0.060000000000000005
4 800 0.060000000000000005
5 1000 0.060000000000000005
6 1200 0.05
7 1400 0.05
8 1600 0.05
9 1800 0.05
10 2000 0.05
11 2200 0.05
12 2400 0.05
13 2600 0.05
14 2800 0.05
15 3000 0.05
16 3200 0.04
17 3400 0.04
18 3600 0.03
19 3800 0.03
20 4000 0.03
21 4200 0.03
22 4400 0.03
23 4600 0.03
24 4800 0.02
25 5000 0.01
26 5200 0.01
27 5400 0.01
28 5600 0.0
29 5800 0.0
30 6000 0.0
31 6200 0.0
32 6400 0.0
33 6600 0.0
34 6800 0.0
35 7000 0.0
36 7200 0.0
37 7400 0.0
38 7600 0.01
39 7800 0.01
40 8000 0.01
41 8200 0.01
42 8400 0.01
43 8600 0.01
44 8800 0.01
45 9000 0.01
46 9200 0.02
47 9400 0.02
48 9600 0.02
49 9800 0.02
50 10000 0.02
51 10200 0.02
52 10400 0.02
53 10600 0.03
54 10800 0.04
55 11000 0.04
56 11200 0.04
57 11400 0.04
58 11600 0.04
59 11800 0.04
60 12000 0.04
61 12200 0.05
62 12400 0.05
63 12600 0.05
64 12800 0.05
65 13000 0.05
66 13200 0.05
67 13400 0.05
68 13600 0.05
69 13800 0.05
70 14000 0.05
71 14200 0.05
72 14400 0.05
73 14600 0.05
74 14800 0.05
75 15000 0.05
76 15200 0.060000000000000005
77 15400 0.060000000000000005
78 15600 0.07
79 15800 0.07
80 16000 0.06999999999999999
81 16200 0.06999999999999999
82 16400 0.07
83 16600 0.07
84 16800 0.07
85 17000 0.07
86 17200 0.07
87 17400 0.07
88 17600 0.07
89 17800 0.07
90 18000 0.07
91 18200 0.07
92 18400 0.08
93 18600 0.09
94 18800 0.09
95 19000 0.09
96 19200 0.09
97 19400 0.09
98 19600 0.09999999999999999
99 19800 0.09999999999999999
100 20000 0.09999999999999999
101 20200 0.10999999999999999
102 20400 0.11
103 20600 0.12
104 20800 0.13
105 21000 0.13
106 21200 0.14
107 21400 0.14
108 21600 0.14
109 21800 0.14
110 22000 0.14
111 22200 0.14
112 22400 0.15000000000000002
113 22600 0.15000000000000002
114 22800 0.16000000000000003
115 23000 0.17000000000000004
116 23200 0.17000000000000004
117 23400 0.18000000000000005
118 23600 0.18000000000000005
119 23800 0.18000000000000002
120 24000 0.18
121 24200 0.18
122 24400 0.18
123 24600 0.19
124 24800 0.19
125 25000 0.19
126 25200 0.19000000000000003
127 25400 0.19
128 25600 0.19
129 25800 0.19
130 26000 0.19
131 26200 0.19
132 26400 0.2
133 26600 0.2
134 26800 0.21000000000000002
135 27000 0.21000000000000002
136 27200 0.21000000000000002
137 27400 0.22000000000000003
138 27600 0.21000000000000002
139 27800 0.21000000000000002
140 28000 0.22000000000000003
141 28200 0.22
142 28400 0.23000000000000004
143 28600 0.24000000000000005
144 28800 0.25
145 29000 0.26
146 29200 0.25
147 29400 0.25
148 29600 0.25
149 29800 0.25
150 30000 0.25
151 30200 0.26
152 30400 0.27
153 30600 0.27
154 30800 0.27
155 31000 0.28
156 31200 0.28
157 31400 0.29000000000000004
158 31600 0.30000000000000004
159 31800 0.31000000000000005
160 32000 0.33000000000000007
161 32200 0.32000000000000006
162 32400 0.32000000000000006
163 32600 0.32000000000000006
164 32800 0.32
165 33000 0.32
166 33200 0.32
167 33400 0.32
168 33600 0.32
169 33800 0.32
170 34000 0.32
171 34200 0.32
172 34400 0.32
173 34600 0.34
174 34800 0.35000000000000003
175 35000 0.35000000000000003
176 35200 0.3400000000000001
177 35400 0.34
178 35600 0.32999999999999996
179 35800 0.32999999999999996
180 36000 0.33
181 36200 0.33
182 36400 0.33999999999999997
183 36600 0.33999999999999997
184 36800 0.34
185 37000 0.35000000000000003
186 37200 0.36
187 37400 0.36
188 37600 0.36000000000000004
189 37800 0.36
190 38000 0.36
191 38200 0.36
192 38400 0.36
193 38600 0.35
194 38800 0.35
195 39000 0.35
196 39200 0.35
197 39400 0.35
198 39600 0.35
199 39800 0.35
200 40000 0.36
201 40200 0.35000000000000003
202 40400 0.35000000000000003
203 40600 0.34
204 40800 0.33
205 41000 0.33
206 41200 0.32
207 41400 0.32
208 41600 0.32
209 41800 0.32
210 42000 0.32
211 42200 0.32
212 42400 0.32000000000000006
213 42600 0.32000000000000006
214 42800 0.31000000000000005
215 43000 0.31000000000000005
216 43200 0.31000000000000005
217 43400 0.30000000000000004
218 43600 0.3
219 43800 0.3
220 44000 0.31000000000000005
221 44200 0.31000000000000005
222 44400 0.31
223 44600 0.3
224 44800 0.32
225 45000 0.32
226 45200 0.32
227 45400 0.32
228 45600 0.32
229 45800 0.32
230 46000 0.32
231 46200 0.32
232 46400 0.31
233 46600 0.31
234 46800 0.3
235 47000 0.3
236 47200 0.3
237 47400 0.31000000000000005
238 47600 0.31000000000000005
239 47800 0.31000000000000005
240 48000 0.30000000000000004
241 48200 0.3
242 48400 0.29000000000000004
243 48600 0.28
244 48800 0.27
245 49000 0.26
246 49200 0.26
247 49400 0.26
248 49600 0.26
249 49800 0.26
250 50000 0.26
251 50200 0.26
252 50400 0.25
253 50600 0.24000000000000005
254 50800 0.23000000000000004
255 51000 0.24
256 51200 0.24
257 51400 0.23
258 51600 0.24
259 51797 0.22999999999999998
260 51997 0.21
261 52197 0.21
262 52397 0.21000000000000002
263 52597 0.21000000000000002
264 52797 0.21000000000000002
265 52997 0.21000000000000002
266 53197 0.21000000000000002
267 53397 0.22999999999999998
268 53597 0.22999999999999998
269 53797 0.24000000000000002
270 53997 0.24000000000000002
271 54197 0.24000000000000002
272 54356 0.24000000000000002
273 54556 0.22000000000000003
274 54756 0.21000000000000002
275 54956 0.21
276 55156 0.21
277 55356 0.21000000000000002
278 55556 0.21000000000000002
279 55756 0.22000000000000003
280 55956 0.24000000000000002
281 56156 0.24000000000000002
282 56356 0.25
283 56556 0.27
284 56756 0.29000000000000004
285 56956 0.28
286 57156 0.27
287 57356 0.29000000000000004
288 57556 0.29000000000000004
289 57756 0.29000000000000004
290 57956 0.29000000000000004
291 58156 0.29000000000000004
292 58356 0.28
293 58556 0.28
294 58756 0.28
295 58956 0.30000000000000004
296 59156 0.30000000000000004
297 59356 0.32000000000000006
298 59556 0.33000000000000007
299 59756 0.33000000000000007
300 59956 0.33000000000000007
301 60156 0.35000000000000003
302 60356 0.37000000000000005
303 60556 0.3900000000000001
304 60756 0.3900000000000001
305 60956 0.4100000000000001
306 61156 0.43000000000000005
307 61356 0.45000000000000007
308 61556 0.4700000000000001
309 61756 0.49000000000000005
310 61956 0.51
311 62156 0.53
312 62356 0.54
313 62556 0.56
314 62756 0.5800000000000001
315 62956 0.5900000000000001
316 63156 0.6000000000000001
317 63356 0.6100000000000001
318 63556 0.6300000000000001
319 63756 0.6300000000000001
320 63956 0.6400000000000001
321 64156 0.66
322 64356 0.66
323 64475 0.6600000000000001
324 64675 0.6400000000000001
325 64875 0.66
326 65075 0.66
327 65275 0.66
328 65475 0.68
329 65675 0.68
330 65875 0.68
331 66075 0.7000000000000001
332 66275 0.7200000000000001
333 66475 0.7200000000000001
334 66675 0.7400000000000001
335 66875 0.7500000000000001
336 67068 0.77
337 67268 0.75
338 67468 0.75
339 67668 0.77
340 67868 0.77
341 68068 0.79
342 68268 0.8
343 68468 0.8
344 68668 0.8
345 68868 0.8200000000000001
346 69068 0.8200000000000001
347 69268 0.8200000000000001
348 69468 0.8200000000000001
349 69668 0.8200000000000001
350 69868 0.8200000000000001
351 70068 0.8200000000000001
352 70268 0.8200000000000001
353 70468 0.84
354 70627 0.85
355 70827 0.8300000000000001
356 71027 0.8500000000000001
357 71217 0.8500000000000001
358 71417 0.8500000000000001
359 71617 0.8500000000000001
360 71817 0.8700000000000001
361 72017 0.87
362 72217 0.87
363 72417 0.8700000000000001
364 72617 0.8700000000000001
365 72817 0.8700000000000001
366 72948 0.8700000000000001
367 73148 0.8500000000000001
368 73348 0.8500000000000001
369 73548 0.8400000000000001
370 73748 0.8600000000000001
371 73948 0.8800000000000001
372 74148 0.8800000000000001
373 74348 0.8800000000000001
374 74548 0.8800000000000001
375 74748 0.8799999999999999
376 74948 0.8999999999999999
377 75148 0.92
378 75348 0.92
379 75536 0.91
380 75736 0.89
381 75925 0.8899999999999999
382 76019 0.8899999999999999
383 76119 0.87
384 76319 0.8700000000000001
385 76519 0.8700000000000001
386 76667 0.89
387 76867 0.8700000000000001
388 77067 0.8700000000000001
389 77267 0.8700000000000001
390 77467 0.87
391 77667 0.87
392 77867 0.8700000000000001
393 78067 0.8900000000000001
394 78245 0.89
395 78445 0.89
396 78593 0.8900000000000001
397 78706 0.8900000000000001
398 78906 0.8700000000000001
399 79106 0.8900000000000001
400 79190 0.8800000000000001
401 79360 0.8800000000000001
402 79548 0.8700000000000001
403 79748 0.8700000000000001
404 79843 0.8900000000000001
405 79994 0.8900000000000001
406 80105 0.8700000000000001
407 80189 0.8500000000000001
408 80317 0.8500000000000001
409 80424 0.8500000000000001
410 80489 0.8400000000000001
411 80592 0.8400000000000001
412 80688 0.8400000000000001
413 80789 0.8400000000000001
414 80948 0.8200000000000001
415 81148 0.8
416 81348 0.81
417 81410 0.8
418 81610 0.78
419 81683 0.8
420 81776 0.78
421 81976 0.76
422 82176 0.78
423 82376 0.78
424 82521 0.78
425 82721 0.76
426 82921 0.76
427 83098 0.78
428 83298 0.76
429 83498 0.76
430 83628 0.76
431 83811 0.74
432 84011 0.72
433 84120 0.74
434 84320 0.73
435 84432 0.74
436 84632 0.7400000000000001
437 84832 0.7400000000000001
438 85023 0.76
439 85223 0.76
440 85399 0.76
441 85599 0.76
442 85799 0.75
443 85999 0.75
444 86196 0.75
445 86396 0.73
446 86596 0.73
447 86796 0.73
448 86996 0.75
449 87196 0.77
450 87396 0.79
451 87596 0.78
452 87768 0.8
453 87968 0.8
454 88168 0.79
455 88328 0.79
456 88528 0.77
457 88644 0.79
458 88844 0.77
459 88910 0.77
460 89110 0.75
461 89310 0.77
462 89510 0.77
463 89710 0.7700000000000001
464 89910 0.77
465 90110 0.77
466 90310 0.77
467 90510 0.77
468 90710 0.79
469 90829 0.79
470 91017 0.79
471 91217 0.7700000000000001
472 91417 0.79
473 91617 0.81
474 91817 0.8300000000000001
475 91934 0.8500000000000001
476 92062 0.8500000000000001
477 92262 0.8500000000000001
478 92462 0.8700000000000001
479 92662 0.8900000000000001
480 92862 0.9100000000000001
481 93041 0.9300000000000002
482 93241 0.9100000000000001
483 93366 0.93
484 93566 0.93
485 93699 0.9500000000000001
486 93899 0.9500000000000001
487 94099 0.9700000000000001
488 94299 0.9900000000000001
489 94499 0.9900000000000001
490 94699 1.01
491 94899 1.01
492 95020 1.01
493 95220 0.9900000000000001
494 95392 0.99
495 95592 0.99
496 95676 1.01
497 95876 1.0
498 96012 1.0
499 96212 1.0
500 96374 1.02
501 96574 1.0
502 96767 1.0
503 96966 1.0
504 97078 0.98
505 97278 0.98
506 97478 1.0
507 97620 1.01
508 97783 1.01
509 97983 1.0
510 98111 1.01
511 98174 1.01
512 98316 1.01
513 98516 0.99
514 98716 1.01
515 98827 1.03
516 99027 1.03
517 99227 1.05
518 99403 1.07
519 99603 1.07
520 99803 1.07
521 99975 1.08
522 100175 1.06
523 100375 1.06
524 100575 1.08
525 100775 1.1
526 100848 1.12
527 101048 1.12
528 101248 1.1400000000000001
529 101448 1.1600000000000001
530 101648 1.1800000000000002
531 101848 1.2000000000000002
532 102044 1.2200000000000002
533 102244 1.2000000000000002
534 102368 1.2100000000000002
535 102497 1.2100000000000002
536 102697 1.21
537 102816 1.23
538 102895 1.23
539 103095 1.23
540 103161 1.2400000000000002
541 103361 1.2400000000000002
542 103561 1.2400000000000002
543 103761 1.2600000000000002
544 103961 1.2800000000000002
545 104161 1.3000000000000003
546 104361 1.3200000000000003
547 104551 1.3400000000000003
548 104630 1.3300000000000003
549 104777 1.3100000000000003
550 104977 1.3100000000000003
551 105066 1.3300000000000003
552 105174 1.33
553 105374 1.33
554 105574 1.33
555 105774 1.33
556 105964 1.34
557 106164 1.34
558 106364 1.34
559 106564 1.36
560 106666 1.38
561 106866 1.36
562 107066 1.36
563 107266 1.36
564 107466 1.3800000000000001
565 107666 1.38
566 107866 1.4
567 107974 1.42
568 108174 1.42
569 108283 1.44
570 108483 1.44
571 108671 1.46
572 108816 1.46
573 108887 1.46
574 109067 1.44
575 109179 1.44
576 109289 1.44
577 109386 1.44
578 109582 1.4200000000000002
579 109680 1.4200000000000002
580 109826 1.42
581 110026 1.42
582 110151 1.44
583 110243 1.44
584 110431 1.44
585 110515 1.44
586 110629 1.4400000000000002
587 110777 1.4400000000000002
588 110977 1.42
589 111093 1.44
590 111293 1.42
591 111493 1.42
592 111693 1.42
593 111893 1.44
594 112032 1.46
595 112206 1.46
596 112406 1.46
597 112606 1.4500000000000002
598 112758 1.45
599 112847 1.44
600 113047 1.43
601 113247 1.45
602 113346 1.46
603 113546 1.4600000000000002
604 113718 1.48
605 113834 1.46
606 114034 1.44
607 114184 1.45
608 114384 1.43
609 114486 1.42
610 114627 1.42
611 114756 1.42
612 114956 1.4
613 115065 1.42
614 115183 1.4
615 115284 1.38
616 115422 1.3699999999999999
617 115512 1.3599999999999999
618 115590 1.34
619 115790 1.32
620 115990 1.34
621 116190 1.35
622 116390 1.36
623 116498 1.3800000000000001
624 116594 1.3800000000000001
625 116683 1.36
626 116790 1.36
627 116938 1.36
628 117034 1.3399999999999999
629 117186 1.3199999999999998
630 117249 1.3199999999999998
631 117328 1.2999999999999998
632 117528 1.2899999999999998
633 117613 1.29
634 117758 1.2800000000000002
635 117850 1.2600000000000002
636 117961 1.26
637 118074 1.26
638 118187 1.26
639 118387 1.2500000000000002
640 118488 1.24
641 118688 1.22
642 118777 1.22
643 118854 1.2000000000000002
644 119052 1.1800000000000002
645 119155 1.1600000000000001
646 119236 1.1400000000000001
647 119436 1.12
648 119636 1.1099999999999999
649 119763 1.1099999999999999
650 119920 1.0899999999999999
651 120037 1.0699999999999998
652 120143 1.0699999999999998
653 120343 1.05
654 120543 1.05
655 120743 1.05
656 120892 1.06
657 121092 1.06
658 121263 1.06
659 121435 1.04
660 121635 1.02
661 121835 1.02
662 122035 1.02
663 122156 1.04
664 122356 1.04
665 122446 1.06
666 122511 1.04
667 122649 1.04
668 122714 1.04
669 122812 1.02
670 122897 1.02
671 123051 1.02
672 123183 1.02
673 123383 1.02
674 123546 1.04
675 123695 1.04
676 123788 1.03
677 123988 1.03
678 124136 1.03
679 124297 1.03
680 124422 1.03
681 124563 1.03
682 124651 1.03
683 124772 1.03
684 124908 1.03
685 124982 1.03
686 125054 1.03
687 125254 1.01
688 125346 1.01
689 125546 1.01
690 125746 1.01
691 125946 1.01
692 126117 1.03
693 126261 1.01
694 126368 1.01
695 126481 1.01
696 126681 1.01
697 126881 1.03
698 127081 1.05
699 127281 1.06
700 127461 1.07
701 127633 1.07
702 127718 1.07
703 127843 1.07
704 128043 1.07
705 128243 1.09
706 128416 1.09
707 128616 1.09
708 128816 1.11
709 128902 1.11
710 128989 1.11
711 129189 1.11
712 129279 1.1300000000000001
713 129479 1.11
714 129679 1.1300000000000001
715 129879 1.1500000000000001
716 130079 1.1400000000000001
717 130279 1.1300000000000001
718 130479 1.1300000000000001
719 130623 1.1300000000000001
720 130767 1.11
721 130967 1.11
722 131113 1.12
723 131251 1.1
724 131451 1.1
725 131572 1.1
726 131696 1.08
727 131896 1.08
728 132096 1.08
729 132291 1.08
730 132491 1.07
731 132691 1.08
732 132891 1.09
733 133091 1.09
734 133291 1.09
735 133363 1.11
736 133526 1.09
737 133628 1.09
738 133828 1.09
739 134028 1.1
740 134228 1.12
741 134428 1.1400000000000001
742 134628 1.1600000000000001
743 134828 1.1800000000000002
744 135028 1.2000000000000002
745 135228 1.2200000000000002
746 135428 1.2400000000000002
747 135628 1.26
748 135828 1.2600000000000002
749 136028 1.2600000000000002
750 136228 1.2800000000000002
751 136391 1.3
752 136591 1.3
753 136791 1.32
754 136991 1.34
755 137147 1.3599999999999999
756 137328 1.3399999999999999
757 137528 1.34
758 137728 1.36
759 137928 1.3599999999999999
760 138128 1.3599999999999999
761 138328 1.3699999999999999
762 138462 1.3699999999999999
763 138615 1.3499999999999999
764 138692 1.3299999999999998
765 138892 1.3299999999999998
766 138954 1.3499999999999999
767 139036 1.3499999999999999
768 139236 1.35
769 139297 1.35
770 139390 1.35
771 139585 1.33
772 139709 1.31
773 139775 1.29
774 139834 1.27
775 140034 1.27
776 140132 1.2800000000000002
777 140332 1.2800000000000002
778 140399 1.3000000000000003
779 140494 1.3000000000000003
780 140598 1.3000000000000003
781 140767 1.2900000000000003
782 140858 1.2900000000000003
783 141001 1.2900000000000003
784 141104 1.2900000000000003
785 141227 1.2700000000000002
786 141427 1.2700000000000002
787 141627 1.2900000000000003
788 141755 1.3100000000000003
789 141955 1.2900000000000003
790 142155 1.3
791 142249 1.32
792 142449 1.32
793 142608 1.34
794 142791 1.3200000000000003
795 142953 1.3200000000000003
796 143019 1.3200000000000003
797 143137 1.3200000000000003
798 143294 1.3200000000000003
799 143396 1.3200000000000003
800 143474 1.3200000000000003
801 143561 1.3100000000000003
802 143667 1.3100000000000003
803 143787 1.3100000000000003
804 143873 1.3100000000000003
805 144073 1.31
806 144213 1.3300000000000003
807 144332 1.3300000000000003
808 144532 1.33
809 144725 1.35
810 144808 1.3500000000000003
811 144911 1.3500000000000003
812 145111 1.3500000000000003
813 145292 1.37
814 145441 1.37
815 145641 1.3700000000000003
816 145841 1.3900000000000001
817 146041 1.4100000000000001
818 146241 1.4300000000000002
819 146441 1.4500000000000002
820 146613 1.4500000000000002
821 146727 1.4500000000000002
822 146927 1.4300000000000002
823 147032 1.4500000000000002
824 147232 1.4500000000000002
825 147432 1.4700000000000002
826 147557 1.4900000000000002
827 147757 1.4900000000000002
828 147957 1.51
829 148157 1.53
830 148357 1.54
831 148528 1.55
832 148728 1.55
833 148928 1.57
834 149062 1.58
835 149262 1.58
836 149437 1.6
837 149554 1.6
838 149626 1.6
839 149697 1.6
840 149796 1.6
841 149916 1.58
842 149999 1.58
843 150169 1.56
844 150228 1.54
845 150360 1.54
846 150435 1.54
847 150635 1.52
848 150835 1.53
849 150970 1.55
850 151130 1.55
851 151249 1.55
852 151429 1.55
853 151550 1.55
854 151732 1.53
855 151932 1.53
856 152075 1.55
857 152242 1.55
858 152442 1.55
859 152642 1.57
860 152842 1.57
861 153042 1.58
862 153242 1.58
863 153442 1.6
864 153510 1.62
865 153631 1.62
866 153815 1.61
867 153980 1.59
868 154180 1.59
869 154312 1.59
870 154512 1.57
871 154712 1.57
872 154912 1.59
873 155112 1.61
874 155220 1.6300000000000001
875 155342 1.6300000000000001
876 155485 1.6300000000000001
877 155540 1.6300000000000001
878 155613 1.6300000000000001
879 155773 1.62
880 155973 1.6
881 156081 1.61
882 156233 1.61
883 156323 1.61
884 156523 1.61
885 156634 1.6300000000000001
886 156730 1.6300000000000001
887 156808 1.6300000000000001
888 157008 1.6300000000000001
889 157208 1.6500000000000001
890 157385 1.6600000000000001
891 157551 1.6400000000000001
892 157627 1.6400000000000001
893 157827 1.6400000000000001
894 157974 1.6600000000000001
895 158111 1.6600000000000001
896 158176 1.6600000000000001
897 158251 1.6600000000000001
898 158326 1.6600000000000001
899 158476 1.6600000000000001
900 158676 1.6600000000000001
901 158876 1.6700000000000002
902 158966 1.6700000000000002
903 159055 1.6700000000000002
904 159223 1.6700000000000002
905 159423 1.6700000000000002
906 159540 1.6700000000000002
907 159607 1.6700000000000002
908 159718 1.6700000000000002
909 159835 1.6700000000000002
910 159927 1.6700000000000002
911 159998 1.6700000000000002
912 160111 1.6700000000000002
913 160301 1.6700000000000002
914 160395 1.6700000000000002
915 160538 1.6700000000000002
916 160717 1.6700000000000002
917 160797 1.6700000000000002
918 160863 1.6700000000000002
919 161063 1.6700000000000002
920 161162 1.6700000000000002
921 161362 1.6700000000000002
922 161469 1.6900000000000002
923 161568 1.6700000000000002
924 161672 1.6700000000000002
925 161789 1.6700000000000002
926 161904 1.6500000000000001
927 162004 1.6500000000000001
928 162088 1.6300000000000001
929 162174 1.62
930 162286 1.6
931 162398 1.58
932 162461 1.56
933 162601 1.56
934 162719 1.56
935 162808 1.56
936 162955 1.56
937 163095 1.56
938 163292 1.54
939 163409 1.52
940 163609 1.5
941 163755 1.5
942 163955 1.5
943 164155 1.5
944 164311 1.52
945 164401 1.52
946 164601 1.52
947 164801 1.54
948 164908 1.55
949 165049 1.55
950 165113 1.55
951 165243 1.55
952 165318 1.55
953 165518 1.55
954 165580 1.57
955 165635 1.57
956 165821 1.57
957 165924 1.57
958 165988 1.57
959 166188 1.57
960 166270 1.57
961 166470 1.57
962 166554 1.57
963 166670 1.57
964 166818 1.56
965 167018 1.56
966 167218 1.57
967 167371 1.59
968 167571 1.59
969 167771 1.61
970 167971 1.6300000000000001
971 168128 1.6500000000000001
972 168235 1.6500000000000001
973 168327 1.6500000000000001
974 168394 1.6500000000000001
975 168578 1.6300000000000001
976 168699 1.6300000000000001
977 168851 1.6300000000000001
978 169051 1.61
979 169251 1.62
980 169324 1.6400000000000001
981 169430 1.6400000000000001
982 169524 1.62
983 169628 1.62
984 169782 1.62
985 169875 1.62
986 169949 1.62
987 170129 1.62
988 170268 1.62
989 170348 1.62
990 170548 1.62
991 170661 1.6400000000000001
992 170767 1.6400000000000001
993 170868 1.6400000000000001
994 170950 1.6400000000000001
995 171069 1.6400000000000001
996 171150 1.6400000000000001
997 171208 1.6400000000000001
998 171300 1.62
999 171363 1.62
1000 171445 1.62
1001 171521 1.62
1002 171588 1.62
1003 171722 1.62
1004 171801 1.62
1005 171897 1.62
1006 172055 1.62
1007 172130 1.62
1008 172191 1.6
1009 172265 1.58
1010 172341 1.58
1011 172435 1.58
1012 172506 1.58
1013 172689 1.56
1014 172791 1.54
1015 172911 1.54
1016 173037 1.52
1017 173183 1.52
1018 173307 1.52
1019 173507 1.52
1020 173615 1.54
1021 173708 1.54
1022 173908 1.54
1023 174090 1.56
1024 174188 1.56
1025 174388 1.54
1026 174479 1.54
1027 174679 1.54
1028 174879 1.54
1029 175079 1.5400000000000003
1030 175279 1.5600000000000003
1031 175479 1.5800000000000003
1032 175562 1.6
1033 175683 1.6
1034 175810 1.6
1035 175911 1.6
1036 176018 1.6
1037 176218 1.6
1038 176418 1.6
1039 176618 1.62
1040 176818 1.6400000000000001
1041 176917 1.6500000000000001
1042 177117 1.6500000000000001
1043 177294 1.6500000000000001
1044 177410 1.6300000000000001
1045 177497 1.6300000000000003
1046 177578 1.6100000000000003
1047 177642 1.5900000000000003
1048 177748 1.59
1049 177861 1.59
1050 177960 1.5900000000000003
1051 178097 1.5900000000000003
1052 178190 1.5900000000000003
1053 178295 1.5900000000000003
1054 178382 1.5900000000000003
1055 178460 1.5900000000000003
1056 178561 1.59
1057 178627 1.57
1058 178762 1.5700000000000003
1059 178962 1.5700000000000003
1060 179104 1.5900000000000003
1061 179304 1.5900000000000003
1062 179416 1.6100000000000003
1063 179616 1.6100000000000003
1064 179706 1.62
1065 179779 1.62
1066 179935 1.62
1067 180072 1.61
1068 180239 1.61
1069 180341 1.61
1070 180402 1.61
1071 180460 1.59
1072 180595 1.57
1073 180719 1.55
1074 180919 1.55
1075 180994 1.57
1076 181102 1.5700000000000003
1077 181302 1.5700000000000003
1078 181389 1.59
1079 181549 1.59
1080 181704 1.59
1081 181904 1.59
1082 182003 1.61
1083 182072 1.61
1084 182143 1.61
1085 182253 1.61
1086 182425 1.61
1087 182504 1.61
1088 182632 1.61
1089 182798 1.61
1090 182929 1.61
1091 183023 1.61
1092 183170 1.61
1093 183231 1.61
1094 183419 1.61
1095 183590 1.61
1096 183777 1.61
1097 183977 1.61
1098 184058 1.6300000000000001
1099 184135 1.6300000000000001
1100 184276 1.6300000000000001
1101 184362 1.6300000000000001
1102 184472 1.6300000000000001
1103 184557 1.6300000000000001
1104 184640 1.6300000000000001
1105 184699 1.6300000000000001
1106 184769 1.6300000000000001
1107 184969 1.6300000000000001
1108 185169 1.6500000000000001
1109 185242 1.6500000000000001
1110 185373 1.6500000000000001
1111 185494 1.6500000000000001
1112 185694 1.6500000000000001
1113 185894 1.6700000000000002
1114 185977 1.6900000000000002
1115 186177 1.6900000000000002
1116 186262 1.7100000000000002
1117 186331 1.6900000000000002
1118 186444 1.6700000000000002
1119 186537 1.6700000000000002
1120 186611 1.6700000000000002
1121 186680 1.6700000000000002
1122 186855 1.6700000000000002
1123 186954 1.6700000000000002
1124 187154 1.6700000000000002
1125 187354 1.6900000000000002
1126 187554 1.7100000000000002
1127 187754 1.7100000000000002
1128 187954 1.7300000000000002
1129 188072 1.7400000000000002
1130 188191 1.7400000000000002
1131 188280 1.7400000000000002
1132 188384 1.7400000000000002
