1 200 1.8199999999999998
2 400 1.82
3 600 1.82
4 800 1.8499999999999999
5 1000 1.8499999999999999
6 1200 1.8499999999999999
7 1400 1.88
8 1600 1.8699999999999999
9 1800 1.8699999999999999
10 2000 1.8699999999999999
11 2200 1.8599999999999999
12 2400 1.8599999999999999
13 2600 1.85
14 2800 1.8699999999999999
15 3000 1.8599999999999999
16 3200 1.84
17 3400 1.84
18 3600 1.82
19 3800 1.82
20 4000 1.83
21 4200 1.85
22 4400 1.87
23 4600 1.8900000000000001
24 4800 1.9200000000000002
25 5000 1.9500000000000002
26 5200 1.9700000000000002
27 5400 1.9900000000000002
28 5600 2.0
29 5800 2.0100000000000002
30 6000 2.02
31 6200 2.0399999999999996
32 6400 2.07
33 6600 2.0799999999999996
34 6800 2.099999999999999
35 7000 2.119999999999999
36 7200 2.119999999999999
37 7400 2.1399999999999992
38 7600 2.149999999999999
39 7800 2.1599999999999993
40 8000 2.1799999999999993
41 8177 2.1899999999999995
42 8357 2.1899999999999995
43 8513 2.189999999999999
44 8669 2.189999999999999
45 8775 2.1899999999999995
46 8975 2.1899999999999995
47 9149 2.1999999999999993
48 9349 2.1999999999999993
49 9464 2.209999999999999
50 9632 2.209999999999999
51 9832 2.209999999999999
52 10030 2.189999999999999
53 10230 2.1899999999999995
54 10410 2.2099999999999995
55 10525 2.2099999999999995
56 10696 2.1799999999999993
57 10896 2.1499999999999995
58 11052 2.17
59 11230 2.1699999999999995
60 11403 2.1699999999999995
61 11556 2.169999999999999
62 11644 2.1399999999999992
63 11844 2.1099999999999994
64 11962 2.1399999999999997
65 12162 2.1399999999999997
66 12296 2.1699999999999995
67 12434 2.1399999999999992
68 12634 2.119999999999999
69 12834 2.0999999999999996
70 13015 2.09
71 13152 2.0899999999999994
72 13301 2.09
73 13408 2.0599999999999996
74 13560 2.0599999999999996
75 13664 2.0599999999999996
76 13809 2.03
77 13961 2.03
78 14091 2.03
79 14221 2.0
80 14276 2.0
81 14476 1.97
82 14572 1.95
83 14771 1.9500000000000002
84 14928 1.9500000000000002
85 15076 1.92
86 15160 1.9200000000000002
87 15249 1.9200000000000002
88 15319 1.9200000000000002
89 15421 1.92
90 15515 1.89
91 15688 1.8900000000000001
92 15888 1.86
93 16088 1.8900000000000001
94 16269 1.9200000000000002
95 16457 1.9200000000000002
96 16657 1.92
97 16857 1.9300000000000002
98 17057 1.96
99 17257 1.99
100 17457 2.02
101 17657 2.02
102 17857 2.04
103 18005 2.07
104 18205 2.0699999999999994
105 18405 2.099999999999999
106 18561 2.129999999999999
107 18761 2.129999999999999
108 18961 2.1599999999999993
109 19161 2.1899999999999995
110 19361 2.2199999999999993
111 19561 2.249999999999999
112 19761 2.2799999999999994
113 19936 2.309999999999999
114 20136 2.2799999999999994
115 20336 2.2699999999999996
116 20536 2.27
117 20736 2.3
118 20936 2.3299999999999996
119 21041 2.3499999999999996
120 21164 2.3499999999999996
121 21309 2.3199999999999994
122 21429 2.3199999999999994
123 21564 2.32
124 21684 2.29
125 21775 2.26
126 21911 2.2399999999999998
127 22066 2.2399999999999998
128 22132 2.2399999999999993
129 22281 2.2099999999999995
130 22372 2.2099999999999995
131 22508 2.2099999999999995
132 22623 2.1799999999999997
133 22738 2.1499999999999995
134 22825 2.1499999999999995
135 23025 2.1199999999999997
136 23138 2.1399999999999997
137 23238 2.1399999999999992
138 23366 2.1399999999999992
139 23469 2.1399999999999992
140 23564 2.1399999999999992
141 23674 2.1399999999999992
142 23782 2.1399999999999992
143 23858 2.1399999999999992
144 23931 2.1399999999999992
145 24080 2.1399999999999992
146 24137 2.1399999999999992
147 24223 2.1399999999999992
148 24315 2.1399999999999992
149 24375 2.1099999999999994
150 24491 2.1099999999999994
151 24691 2.0799999999999996
152 24846 2.0999999999999996
153 24951 2.07
154 25043 2.07
155 25243 2.07
156 25443 2.0999999999999996
157 25574 2.129999999999999
158 25736 2.119999999999999
159 25833 2.11
160 25986 2.11
161 26186 2.1099999999999994
162 26386 2.1399999999999997
163 26566 2.1699999999999995
164 26724 2.1699999999999995
165 26828 2.169999999999999
166 27028 2.169999999999999
167 27228 2.1999999999999993
168 27428 2.2199999999999993
169 27628 2.249999999999999
170 27697 2.279999999999999
171 27846 2.2499999999999996
172 28046 2.2499999999999996
173 28208 2.2599999999999993
174 28334 2.2599999999999993
175 28534 2.2599999999999993
176 28623 2.289999999999999
177 28805 2.2599999999999993
178 29005 2.2599999999999993
179 29124 2.28
180 29324 2.28
181 29524 2.3099999999999996
182 29613 2.3399999999999994
183 29683 2.339999999999999
184 29883 2.339999999999999
185 30047 2.369999999999999
186 30240 2.369999999999999
187 30313 2.369999999999999
188 30413 2.369999999999999
189 30613 2.3399999999999994
190 30742 2.3699999999999997
191 30942 2.3499999999999996
192 31060 2.3799999999999994
193 31184 2.3799999999999994
194 31287 2.3499999999999996
195 31381 2.329999999999999
196 31468 2.329999999999999
197 31663 2.329999999999999
198 31856 2.3299999999999996
199 32020 2.2999999999999994
200 32220 2.2999999999999994
201 32420 2.3
202 32605 2.3099999999999996
203 32735 2.309999999999999
204 32822 2.2799999999999994
205 32930 2.2799999999999994
206 33116 2.2499999999999996
207 33207 2.2499999999999996
208 33318 2.2499999999999996
209 33396 2.2499999999999996
210 33507 2.249999999999999
211 33615 2.249999999999999
212 33769 2.249999999999999
213 33969 2.249999999999999
214 34169 2.279999999999999
215 34369 2.3099999999999987
216 34515 2.339999999999999
217 34590 2.339999999999999
218 34722 2.339999999999999
219 34825 2.339999999999999
220 35025 2.339999999999999
221 35139 2.369999999999999
222 35307 2.369999999999999
223 35507 2.369999999999999
224 35707 2.369999999999999
225 35907 2.399999999999999
226 36039 2.4199999999999995
227 36109 2.4199999999999995
228 36309 2.419999999999999
229 36405 2.4499999999999993
230 36519 2.4499999999999993
231 36719 2.4399999999999995
232 36919 2.4699999999999993
233 37026 2.499999999999999
234 37226 2.499999999999999
235 37304 2.5299999999999994
236 37394 2.5299999999999994
237 37485 2.5299999999999994
238 37560 2.5299999999999994
239 37653 2.5299999999999994
240 37716 2.5299999999999994
241 37767 2.529999999999999
242 37860 2.529999999999999
243 37916 2.4999999999999996
244 37989 2.4999999999999996
245 38093 2.4999999999999996
246 38232 2.4999999999999996
247 38297 2.499999999999999
248 38497 2.499999999999999
249 38663 2.5299999999999994
250 38863 2.5299999999999994
251 39063 2.559999999999999
252 39263 2.5699999999999994
253 39357 2.5999999999999996
254 39424 2.5999999999999996
255 39518 2.599999999999999
256 39697 2.599999999999999
257 39897 2.5999999999999996
258 40097 2.6099999999999994
259 40250 2.619999999999999
260 40345 2.619999999999999
261 40421 2.619999999999999
262 40494 2.619999999999999
263 40664 2.5899999999999994
264 40743 2.5899999999999994
265 40807 2.5599999999999996
266 40993 2.5599999999999996
267 41066 2.559999999999999
268 41173 2.559999999999999
269 41240 2.559999999999999
270 41440 2.559999999999999
271 41529 2.589999999999999
272 41729 2.589999999999999
273 41838 2.609999999999999
274 41985 2.609999999999999
275 42095 2.609999999999999
276 42295 2.609999999999999
277 42364 2.639999999999999
278 42564 2.639999999999999
279 42640 2.649999999999999
280 42712 2.649999999999999
281 42891 2.649999999999999
282 42981 2.649999999999999
283 43042 2.649999999999999
284 43109 2.649999999999999
285 43206 2.649999999999999
286 43271 2.649999999999999
287 43374 2.649999999999999
288 43574 2.649999999999999
289 43694 2.679999999999999
290 43894 2.679999999999999
291 43963 2.699999999999999
292 44023 2.699999999999999
293 44223 2.6999999999999993
294 44423 2.729999999999999
295 44547 2.749999999999999
296 44646 2.749999999999999
297 44746 2.749999999999999
298 44946 2.749999999999999
299 45083 2.779999999999999
300 45283 2.779999999999999
301 45382 2.8099999999999987
302 45509 2.8099999999999987
303 45709 2.8099999999999987
304 45803 2.829999999999999
305 46003 2.7999999999999994
306 46105 2.8299999999999996
307 46170 2.8299999999999996
308 46358 2.7999999999999994
309 46443 2.7699999999999996
310 46558 2.7699999999999996
311 46629 2.7699999999999996
312 46782 2.769999999999999
313 46926 2.7699999999999987
314 47034 2.7699999999999987
315 47113 2.769999999999999
316 47214 2.769999999999999
317 47299 2.769999999999999
318 47414 2.769999999999999
319 47504 2.7699999999999987
320 47569 2.7699999999999987
321 47632 2.7699999999999987
322 47807 2.7699999999999987
323 48007 2.7399999999999993
324 48194 2.7399999999999993
325 48277 2.7399999999999993
326 48445 2.7399999999999993
327 48498 2.7399999999999993
328 48631 2.7399999999999993
329 48817 2.7399999999999993
330 49017 2.7399999999999993
331 49081 2.749999999999999
332 49248 2.749999999999999
333 49341 2.749999999999999
334 49437 2.749999999999999
335 49526 2.749999999999999
336 49623 2.749999999999999
337 49763 2.749999999999999
338 49898 2.749999999999999
339 50003 2.749999999999999
340 50124 2.749999999999999
341 50201 2.749999999999999
342 50401 2.749999999999999
343 50480 2.779999999999999
344 50672 2.779999999999999
345 50747 2.779999999999999
346 50836 2.779999999999999
347 50975 2.7799999999999994
348 51063 2.7799999999999994
349 51182 2.7499999999999996
350 51254 2.7499999999999996
351 51433 2.749999999999999
352 51579 2.749999999999999
353 51701 2.749999999999999
354 51878 2.749999999999999
355 51954 2.749999999999999
356 52030 2.7199999999999993
357 52120 2.7199999999999993
358 52199 2.6899999999999995
359 52279 2.6899999999999995
360 52395 2.689999999999999
361 52525 2.689999999999999
362 52725 2.689999999999999
363 52809 2.719999999999999
364 53009 2.719999999999999
365 53144 2.749999999999999
366 53320 2.749999999999999
367 53426 2.749999999999999
368 53498 2.749999999999999
369 53595 2.749999999999999
370 53725 2.749999999999999
371 53805 2.7199999999999993
372 53912 2.7199999999999993
373 54024 2.7199999999999993
374 54145 2.7199999999999993
375 54225 2.7199999999999993
376 54329 2.7199999999999993
377 54413 2.7199999999999993
378 54488 2.7199999999999993
379 54631 2.7199999999999993
380 54704 2.7199999999999993
381 54804 2.7199999999999993
382 54852 2.7199999999999993
383 54912 2.7199999999999993
384 55024 2.7199999999999993
385 55085 2.7199999999999993
386 55151 2.7199999999999993
387 55278 2.7199999999999993
388 55363 2.7199999999999993
389 55443 2.7199999999999993
390 55560 2.7199999999999993
391 55701 2.7199999999999993
392 55794 2.7199999999999993
393 55885 2.7199999999999993
394 55973 2.7199999999999993
395 56032 2.7199999999999993
396 56164 2.7199999999999993
397 56240 2.7199999999999993
398 56346 2.7199999999999993
399 56459 2.7199999999999993
400 56561 2.7199999999999993
401 56625 2.7199999999999993
402 56682 2.7199999999999993
403 56882 2.7199999999999993
404 57082 2.729999999999999
405 57240 2.759999999999999
406 57421 2.749999999999999
407 57621 2.7399999999999993
408 57821 2.7699999999999996
409 57878 2.7999999999999994
410 57961 2.799999999999999
411 58031 2.799999999999999
412 58201 2.799999999999999
413 58308 2.799999999999999
414 58373 2.799999999999999
415 58454 2.799999999999999
416 58564 2.799999999999999
417 58711 2.799999999999999
418 58783 2.799999999999999
419 58964 2.799999999999999
420 59112 2.769999999999999
421 59249 2.769999999999999
422 59449 2.769999999999999
423 59649 2.7999999999999994
424 59724 2.829999999999999
425 59811 2.7999999999999994
426 59943 2.7999999999999994
427 60096 2.7999999999999994
428 60205 2.7999999999999994
429 60307 2.799999999999999
430 60389 2.799999999999999
431 60585 2.799999999999999
432 60699 2.799999999999999
433 60830 2.799999999999999
434 60999 2.799999999999999
435 61094 2.799999999999999
436 61212 2.799999999999999
437 61297 2.799999999999999
438 61378 2.799999999999999
439 61481 2.799999999999999
440 61560 2.799999999999999
441 61641 2.799999999999999
442 61727 2.799999999999999
443 61829 2.799999999999999
444 61892 2.799999999999999
445 61985 2.769999999999999
446 62087 2.769999999999999
447 62197 2.769999999999999
448 62397 2.769999999999999
449 62515 2.799999999999999
450 62646 2.799999999999999
451 62691 2.799999999999999
452 62831 2.799999999999999
453 62925 2.799999999999999
454 62982 2.799999999999999
455 63182 2.799999999999999
456 63285 2.829999999999999
457 63485 2.829999999999999
458 63575 2.859999999999999
459 63638 2.859999999999999
460 63756 2.859999999999999
461 63898 2.859999999999999
462 63962 2.849999999999999
463 64035 2.849999999999999
464 64126 2.849999999999999
465 64191 2.849999999999999
466 64373 2.8499999999999988
467 64443 2.8499999999999988
468 64529 2.8499999999999988
469 64625 2.8499999999999988
470 64825 2.8499999999999988
471 64898 2.879999999999999
472 64984 2.879999999999999
473 65074 2.849999999999999
474 65134 2.849999999999999
475 65219 2.8199999999999994
476 65285 2.8199999999999994
477 65355 2.819999999999999
478 65439 2.819999999999999
479 65506 2.8199999999999994
480 65570 2.8199999999999994
481 65652 2.8199999999999994
482 65738 2.8199999999999994
483 65806 2.8199999999999994
484 65871 2.8199999999999994
485 66000 2.8199999999999994
486 66059 2.8199999999999994
487 66130 2.8099999999999996
488 66206 2.8099999999999996
489 66275 2.8099999999999996
490 66357 2.7899999999999996
491 66433 2.7899999999999987
492 66488 2.7899999999999987
493 66594 2.7899999999999987
494 66667 2.789999999999999
495 66826 2.789999999999999
496 66889 2.789999999999999
497 67015 2.789999999999999
498 67160 2.7599999999999993
499 67228 2.7599999999999993
500 67327 2.7599999999999993
501 67398 2.7599999999999993
502 67480 2.759999999999999
503 67670 2.759999999999999
504 67828 2.759999999999999
505 68028 2.759999999999999
506 68228 2.769999999999999
507 68306 2.7799999999999994
508 68381 2.7799999999999994
509 68427 2.779999999999999
510 68592 2.779999999999999
511 68714 2.7799999999999994
512 68875 2.7799999999999994
513 68936 2.7699999999999996
514 69032 2.7399999999999998
515 69113 2.71
516 69206 2.71
517 69352 2.709999999999999
518 69454 2.709999999999999
519 69654 2.709999999999999
520 69742 2.7099999999999995
521 69811 2.7099999999999995
522 69908 2.6999999999999997
523 70053 2.6999999999999997
524 70253 2.6999999999999993
525 70352 2.729999999999999
526 70432 2.699999999999999
527 70519 2.699999999999999
528 70628 2.699999999999999
529 70701 2.699999999999999
530 70787 2.699999999999999
531 70879 2.699999999999999
532 70988 2.699999999999999
533 71066 2.669999999999999
534 71125 2.669999999999999
535 71314 2.669999999999999
536 71429 2.669999999999999
537 71509 2.669999999999999
538 71638 2.669999999999999
539 71770 2.669999999999999
540 71866 2.669999999999999
541 71955 2.669999999999999
542 72048 2.669999999999999
543 72204 2.669999999999999
544 72404 2.669999999999999
545 72528 2.699999999999999
546 72626 2.699999999999999
547 72720 2.699999999999999
548 72856 2.699999999999999
549 72954 2.699999999999999
550 73019 2.699999999999999
551 73101 2.699999999999999
552 73187 2.699999999999999
553 73262 2.699999999999999
554 73338 2.699999999999999
555 73414 2.699999999999999
556 73492 2.699999999999999
557 73578 2.699999999999999
558 73746 2.6999999999999993
559 73841 2.6999999999999993
560 73928 2.689999999999999
561 74128 2.689999999999999
562 74217 2.6999999999999993
563 74303 2.6999999999999993
564 74349 2.699999999999999
565 74443 2.699999999999999
566 74548 2.699999999999999
567 74615 2.699999999999999
568 74697 2.699999999999999
569 74819 2.669999999999999
570 74918 2.669999999999999
571 75043 2.669999999999999
572 75243 2.669999999999999
573 75319 2.699999999999999
574 75519 2.699999999999999
575 75645 2.7299999999999986
576 75726 2.7299999999999986
577 75791 2.7299999999999986
578 75875 2.7299999999999986
579 75944 2.729999999999999
580 76024 2.729999999999999
581 76102 2.6999999999999993
582 76265 2.6999999999999993
583 76337 2.699999999999999
584 76505 2.669999999999999
585 76676 2.669999999999999
586 76876 2.669999999999999
587 76989 2.6799999999999993
588 77056 2.6799999999999993
589 77256 2.6799999999999993
590 77383 2.6999999999999993
591 77500 2.6999999999999993
592 77586 2.699999999999999
593 77684 2.6699999999999995
594 77820 2.6699999999999995
595 77984 2.6699999999999995
596 78067 2.6699999999999995
597 78267 2.669999999999999
598 78406 2.669999999999999
599 78503 2.669999999999999
600 78565 2.6399999999999992
601 78613 2.6399999999999997
602 78673 2.6399999999999992
603 78796 2.6399999999999992
604 78846 2.639999999999999
605 78920 2.639999999999999
606 78990 2.639999999999999
607 79060 2.639999999999999
608 79197 2.639999999999999
609 79267 2.639999999999999
610 79354 2.639999999999999
611 79530 2.639999999999999
612 79730 2.639999999999999
613 79930 2.649999999999999
614 80130 2.6799999999999993
615 80234 2.709999999999999
616 80342 2.709999999999999
617 80424 2.709999999999999
618 80562 2.709999999999999
619 80762 2.6799999999999993
620 80861 2.709999999999999
621 81061 2.709999999999999
622 81149 2.7099999999999995
623 81227 2.709999999999999
624 81320 2.7099999999999995
625 81520 2.709999999999999
626 81630 2.739999999999999
627 81721 2.739999999999999
628 81839 2.7399999999999993
629 81946 2.7399999999999993
630 82014 2.739999999999999
631 82068 2.7399999999999993
632 82268 2.7399999999999993
633 82355 2.769999999999999
634 82404 2.7699999999999987
635 82464 2.7699999999999987
636 82563 2.769999999999999
637 82637 2.769999999999999
638 82706 2.7699999999999987
639 82765 2.7699999999999987
640 82861 2.769999999999999
641 82933 2.769999999999999
642 83004 2.7699999999999987
643 83109 2.7699999999999987
644 83209 2.769999999999999
645 83304 2.769999999999999
646 83386 2.7699999999999987
647 83506 2.7699999999999987
648 83635 2.769999999999999
649 83751 2.769999999999999
650 83821 2.7699999999999987
651 83875 2.7699999999999987
652 83958 2.769999999999999
653 84039 2.769999999999999
654 84184 2.739999999999999
655 84278 2.739999999999999
656 84375 2.7399999999999993
657 84442 2.7399999999999993
658 84508 2.709999999999999
659 84708 2.709999999999999
660 84796 2.7199999999999993
661 84878 2.7099999999999995
662 85057 2.709999999999999
663 85234 2.709999999999999
664 85348 2.709999999999999
665 85457 2.709999999999999
666 85626 2.709999999999999
667 85730 2.709999999999999
668 85930 2.709999999999999
669 86011 2.739999999999999
670 86111 2.739999999999999
671 86285 2.739999999999999
672 86351 2.739999999999999
673 86455 2.739999999999999
674 86570 2.739999999999999
675 86702 2.709999999999999
676 86828 2.709999999999999
677 86984 2.709999999999999
678 87092 2.709999999999999
679 87215 2.709999999999999
680 87415 2.709999999999999
681 87502 2.739999999999999
682 87592 2.739999999999999
683 87792 2.739999999999999
684 87930 2.7499999999999987
685 87989 2.7499999999999987
686 88050 2.7499999999999987
687 88130 2.7499999999999987
688 88234 2.7199999999999993
689 88311 2.7199999999999993
690 88387 2.7199999999999993
691 88529 2.7199999999999993
692 88729 2.719999999999999
693 88808 2.749999999999999
694 88904 2.749999999999999
695 88973 2.749999999999999
696 89080 2.749999999999999
697 89280 2.749999999999999
698 89346 2.7799999999999994
699 89546 2.7799999999999994
700 89656 2.8099999999999987
701 89756 2.8099999999999987
702 89842 2.809999999999999
703 89905 2.809999999999999
704 89992 2.8099999999999987
705 90104 2.8099999999999987
706 90218 2.8099999999999987
707 90284 2.8099999999999987
708 90396 2.8099999999999987
709 90465 2.8099999999999987
710 90553 2.7799999999999994
711 90648 2.7799999999999994
712 90828 2.779999999999999
713 90996 2.779999999999999
714 91096 2.7799999999999994
715 91181 2.7799999999999994
716 91250 2.7599999999999993
717 91320 2.7599999999999993
718 91520 2.7599999999999993
719 91697 2.789999999999999
720 91781 2.789999999999999
721 91981 2.789999999999999
722 92075 2.769999999999999
723 92156 2.769999999999999
724 92240 2.749999999999999
725 92321 2.749999999999999
726 92388 2.749999999999999
727 92472 2.749999999999999
728 92536 2.749999999999999
729 92623 2.749999999999999
730 92750 2.749999999999999
731 92862 2.749999999999999
732 92964 2.749999999999999
733 93079 2.749999999999999
734 93199 2.729999999999999
735 93307 2.729999999999999
736 93377 2.729999999999999
737 93509 2.729999999999999
738 93572 2.729999999999999
739 93645 2.729999999999999
740 93767 2.729999999999999
741 93837 2.729999999999999
742 93900 2.729999999999999
743 93962 2.729999999999999
744 94022 2.729999999999999
745 94133 2.729999999999999
746 94210 2.729999999999999
747 94367 2.729999999999999
748 94435 2.729999999999999
749 94515 2.729999999999999
750 94631 2.729999999999999
751 94696 2.729999999999999
752 94771 2.729999999999999
753 94971 2.729999999999999
754 95028 2.7599999999999993
755 95085 2.7599999999999993
756 95139 2.759999999999999
757 95339 2.759999999999999
758 95445 2.789999999999999
759 95622 2.789999999999999
760 95822 2.789999999999999
761 95923 2.799999999999999
762 96113 2.799999999999999
763 96209 2.799999999999999
764 96325 2.799999999999999
765 96425 2.799999999999999
766 96530 2.799999999999999
767 96622 2.799999999999999
768 96722 2.799999999999999
769 96811 2.799999999999999
770 96882 2.799999999999999
771 96984 2.799999999999999
772 97069 2.799999999999999
773 97135 2.799999999999999
774 97335 2.799999999999999
775 97387 2.829999999999999
776 97467 2.829999999999999
777 97582 2.829999999999999
778 97665 2.829999999999999
779 97737 2.829999999999999
780 97797 2.829999999999999
781 97943 2.829999999999999
782 98015 2.829999999999999
783 98215 2.829999999999999
784 98301 2.849999999999999
785 98400 2.849999999999999
786 98482 2.849999999999999
787 98682 2.849999999999999
788 98791 2.879999999999999
789 98844 2.879999999999999
790 98901 2.879999999999999
791 99065 2.879999999999999
792 99140 2.879999999999999
793 99202 2.879999999999999
794 99315 2.879999999999999
795 99436 2.879999999999999
796 99507 2.879999999999999
797 99579 2.879999999999999
798 99652 2.879999999999999
799 99766 2.879999999999999
800 99887 2.879999999999999
801 99955 2.879999999999999
802 100024 2.879999999999999
803 100116 2.879999999999999
804 100181 2.879999999999999
805 100237 2.879999999999999
806 100295 2.879999999999999
807 100351 2.879999999999999
808 100424 2.879999999999999
809 100624 2.879999999999999
810 100689 2.9099999999999993
811 100759 2.9099999999999993
812 100901 2.9099999999999993
813 101016 2.9099999999999993
814 101117 2.9099999999999993
815 101317 2.9099999999999993
816 101388 2.929999999999999
817 101484 2.929999999999999
818 101558 2.929999999999999
819 101599 2.929999999999999
820 101672 2.929999999999999
821 101872 2.929999999999999
822 101952 2.959999999999999
823 102152 2.9299999999999993
824 102310 2.9499999999999993
825 102375 2.9499999999999993
826 102496 2.9499999999999993
827 102558 2.9499999999999993
828 102620 2.9499999999999993
829 102695 2.9499999999999993
830 102784 2.9499999999999993
831 102869 2.9499999999999993
832 102939 2.9499999999999993
833 103139 2.9499999999999993
834 103212 2.969999999999999
835 103263 2.969999999999999
836 103342 2.969999999999999
837 103429 2.969999999999999
838 103595 2.939999999999999
839 103661 2.939999999999999
840 103824 2.9099999999999993
841 103942 2.9099999999999993
842 104056 2.9099999999999993
843 104149 2.9099999999999993
844 104258 2.9099999999999993
845 104322 2.9099999999999993
846 104407 2.9099999999999993
847 104537 2.9099999999999993
848 104604 2.9099999999999993
849 104684 2.9099999999999993
850 104852 2.9099999999999993
851 104922 2.9099999999999993
852 105002 2.9099999999999993
853 105088 2.9099999999999993
854 105166 2.9099999999999993
855 105241 2.9099999999999993
856 105338 2.9099999999999993
857 105438 2.9099999999999993
858 105491 2.9099999999999993
859 105605 2.9099999999999993
860 105798 2.9099999999999993
861 105853 2.9099999999999993
862 105962 2.8799999999999994
863 106087 2.8799999999999994
864 106160 2.8799999999999994
865 106281 2.8799999999999994
866 106369 2.879999999999999
867 106453 2.879999999999999
868 106523 2.879999999999999
869 106624 2.879999999999999
870 106761 2.879999999999999
871 106835 2.879999999999999
872 106919 2.879999999999999
873 106981 2.879999999999999
874 107062 2.879999999999999
875 107166 2.879999999999999
876 107229 2.879999999999999
877 107311 2.879999999999999
878 107381 2.879999999999999
879 107447 2.879999999999999
880 107520 2.849999999999999
881 107597 2.849999999999999
882 107662 2.849999999999999
883 107726 2.849999999999999
884 107789 2.8499999999999988
885 107848 2.8499999999999988
886 107929 2.8499999999999988
887 107990 2.8499999999999988
888 108136 2.8499999999999988
889 108237 2.8499999999999988
890 108317 2.8499999999999988
891 108408 2.8499999999999988
892 108466 2.8499999999999988
893 108563 2.8499999999999988
894 108639 2.8499999999999988
895 108729 2.8499999999999988
896 108775 2.8499999999999988
897 108848 2.8499999999999988
898 108984 2.8499999999999988
899 109111 2.8499999999999988
900 109197 2.8499999999999988
901 109330 2.8499999999999988
902 109406 2.8299999999999987
903 109458 2.8299999999999987
904 109515 2.8299999999999987
905 109585 2.8299999999999987
906 109649 2.8199999999999994
907 109760 2.8199999999999994
908 109807 2.8199999999999994
909 109893 2.8199999999999994
910 110052 2.819999999999999
911 110101 2.819999999999999
912 110171 2.8199999999999994
913 110298 2.8199999999999994
914 110383 2.819999999999999
915 110465 2.819999999999999
916 110537 2.8199999999999994
917 110634 2.8199999999999994
918 110701 2.819999999999999
919 110752 2.819999999999999
920 110849 2.8199999999999994
921 110991 2.8199999999999994
922 111191 2.819999999999999
923 111270 2.8499999999999988
924 111441 2.849999999999999
925 111630 2.849999999999999
926 111747 2.8499999999999988
927 111816 2.8499999999999988
928 111903 2.849999999999999
929 112039 2.849999999999999
930 112126 2.8499999999999988
931 112198 2.8499999999999988
932 112274 2.849999999999999
933 112335 2.849999999999999
934 112401 2.8499999999999988
935 112471 2.8499999999999988
936 112601 2.849999999999999
937 112801 2.849999999999999
938 112939 2.879999999999999
939 113139 2.879999999999999
940 113240 2.9099999999999993
941 113306 2.9099999999999993
942 113393 2.9099999999999993
943 113466 2.9099999999999993
944 113564 2.8999999999999995
945 113709 2.8999999999999995
946 113787 2.8999999999999995
947 113853 2.8999999999999995
948 113930 2.899999999999999
949 114000 2.899999999999999
950 114071 2.899999999999999
951 114134 2.899999999999999
952 114243 2.899999999999999
953 114378 2.899999999999999
954 114453 2.899999999999999
955 114534 2.899999999999999
956 114593 2.899999999999999
957 114667 2.899999999999999
958 114738 2.899999999999999
959 114805 2.899999999999999
960 114925 2.899999999999999
961 115125 2.899999999999999
962 115210 2.929999999999999
963 115300 2.929999999999999
964 115429 2.929999999999999
965 115491 2.929999999999999
966 115575 2.929999999999999
967 115639 2.929999999999999
968 115738 2.929999999999999
969 115811 2.929999999999999
970 115929 2.929999999999999
971 115987 2.929999999999999
972 116057 2.929999999999999
973 116136 2.929999999999999
974 116271 2.929999999999999
975 116357 2.899999999999999
976 116476 2.899999999999999
977 116541 2.899999999999999
978 116597 2.899999999999999
979 116797 2.899999999999999
980 116973 2.929999999999999
981 117044 2.929999999999999
982 117168 2.929999999999999
983 117277 2.929999999999999
984 117409 2.929999999999999
985 117474 2.929999999999999
986 117543 2.929999999999999
987 117614 2.929999999999999
988 117684 2.929999999999999
989 117755 2.929999999999999
990 117829 2.929999999999999
991 117960 2.899999999999999
992 118087 2.899999999999999
993 118138 2.899999999999999
994 118272 2.899999999999999
995 118327 2.899999999999999
996 118450 2.899999999999999
997 118519 2.899999999999999
998 118603 2.899999999999999
999 118723 2.899999999999999
1000 118810 2.899999999999999
1001 119010 2.899999999999999
1002 119090 2.919999999999999
1003 119156 2.919999999999999
1004 119350 2.919999999999999
1005 119550 2.919999999999999
1006 119639 2.929999999999999
1007 119740 2.929999999999999
1008 119819 2.929999999999999
1009 119918 2.929999999999999
1010 120093 2.929999999999999
1011 120235 2.929999999999999
1012 120302 2.929999999999999
1013 120374 2.929999999999999
1014 120446 2.929999999999999
1015 120517 2.929999999999999
1016 120585 2.929999999999999
1017 120637 2.929999999999999
1018 120728 2.929999999999999
1019 120799 2.929999999999999
1020 120868 2.929999999999999
1021 120928 2.929999999999999
1022 120983 2.929999999999999
1023 121078 2.929999999999999
1024 121162 2.929999999999999
1025 121245 2.929999999999999
1026 121301 2.929999999999999
1027 121362 2.929999999999999
1028 121452 2.929999999999999
1029 121516 2.929999999999999
1030 121575 2.929999999999999
1031 121646 2.929999999999999
1032 121709 2.929999999999999
1033 121815 2.929999999999999
1034 121892 2.929999999999999
1035 122002 2.919999999999999
1036 122087 2.919999999999999
1037 122186 2.919999999999999
1038 122256 2.919999999999999
1039 122325 2.919999999999999
1040 122416 2.919999999999999
1041 122478 2.919999999999999
1042 122591 2.919999999999999
1043 122791 2.919999999999999
1044 122861 2.929999999999999
1045 122923 2.929999999999999
1046 122981 2.929999999999999
1047 123063 2.929999999999999
1048 123139 2.929999999999999
1049 123211 2.899999999999999
1050 123293 2.899999999999999
1051 123365 2.899999999999999
1052 123531 2.899999999999999
1053 123613 2.899999999999999
1054 123675 2.899999999999999
1055 123729 2.899999999999999
1056 123805 2.899999999999999
1057 124005 2.899999999999999
1058 124070 2.899999999999999
1059 124152 2.899999999999999
1060 124226 2.899999999999999
1061 124291 2.899999999999999
1062 124440 2.899999999999999
1063 124548 2.899999999999999
1064 124604 2.899999999999999
1065 124697 2.899999999999999
1066 124768 2.899999999999999
1067 124930 2.899999999999999
1068 125036 2.899999999999999
1069 125150 2.899999999999999
1070 125221 2.899999999999999
1071 125291 2.899999999999999
1072 125340 2.899999999999999
1073 125458 2.899999999999999
1074 125658 2.899999999999999
1075 125753 2.929999999999999
1076 125926 2.929999999999999
1077 126022 2.929999999999999
1078 126096 2.929999999999999
1079 126203 2.929999999999999
1080 126277 2.929999999999999
1081 126428 2.929999999999999
1082 126569 2.929999999999999
1083 126766 2.929999999999999
1084 126930 2.929999999999999
1085 126998 2.929999999999999
1086 127075 2.929999999999999
1087 127166 2.929999999999999
1088 127286 2.929999999999999
1089 127369 2.929999999999999
1090 127569 2.929999999999999
1091 127651 2.959999999999999
1092 127728 2.959999999999999
1093 127859 2.959999999999999
1094 127921 2.959999999999999
1095 127979 2.959999999999999
1096 128038 2.9299999999999993
1097 128099 2.9299999999999993
1098 128175 2.9299999999999993
1099 128251 2.9299999999999993
1100 128373 2.929999999999999
1101 128457 2.929999999999999
1102 128534 2.929999999999999
1103 128620 2.929999999999999
1104 128709 2.929999999999999
1105 128789 2.929999999999999
1106 128853 2.929999999999999
1107 129009 2.929999999999999
1108 129068 2.929999999999999
1109 129131 2.929999999999999
1110 129189 2.929999999999999
1111 129274 2.929999999999999
1112 129323 2.929999999999999
1113 129381 2.929999999999999
1114 129496 2.929999999999999
1115 129564 2.929999999999999
1116 129630 2.929999999999999
1117 129705 2.929999999999999
1118 129808 2.929999999999999
1119 129858 2.929999999999999
1120 129913 2.929999999999999
1121 129995 2.929999999999999
1122 130050 2.929999999999999
1123 130143 2.929999999999999
1124 130279 2.929999999999999
1125 130382 2.929999999999999
1126 130487 2.929999999999999
1127 130535 2.929999999999999
1128 130608 2.929999999999999
1129 130674 2.929999999999999
1130 130793 2.929999999999999
1131 130904 2.929999999999999
1132 130997 2.929999999999999
1133 131049 2.929999999999999
1134 131249 2.929999999999999
1135 131444 2.939999999999999
1136 131549 2.939999999999999
1137 131625 2.9099999999999993
1138 131781 2.9099999999999993
1139 131883 2.9099999999999993
1140 131991 2.9099999999999993
1141 132160 2.9099999999999993
1142 132251 2.9099999999999993
1143 132383 2.9099999999999993
1144 132471 2.9099999999999993
1145 132557 2.9099999999999993
1146 132631 2.9099999999999993
1147 132718 2.9099999999999993
1148 132918 2.9099999999999993
1149 133026 2.939999999999999
1150 133131 2.939999999999999
1151 133188 2.939999999999999
1152 133296 2.939999999999999
1153 133410 2.939999999999999
1154 133516 2.939999999999999
1155 133617 2.939999999999999
1156 133696 2.939999999999999
1157 133827 2.939999999999999
1158 133902 2.939999999999999
1159 133958 2.939999999999999
1160 134040 2.939999999999999
1161 134135 2.939999999999999
1162 134198 2.939999999999999
1163 134262 2.939999999999999
1164 134342 2.939999999999999
1165 134442 2.939999999999999
1166 134508 2.939999999999999
1167 134627 2.939999999999999
1168 134758 2.939999999999999
1169 134841 2.939999999999999
1170 134916 2.939999999999999
1171 134977 2.939999999999999
1172 135034 2.939999999999999
1173 135117 2.939999999999999
1174 135184 2.939999999999999
1175 135263 2.939999999999999
1176 135322 2.9099999999999993
1177 135378 2.9099999999999993
1178 135484 2.9099999999999993
1179 135633 2.9099999999999993
1180 135775 2.9099999999999993
1181 135845 2.9099999999999993
1182 135923 2.9099999999999993
1183 136054 2.9099999999999993
1184 136166 2.9099999999999993
1185 136242 2.9099999999999993
1186 136307 2.9099999999999993
1187 136464 2.9099999999999993
1188 136534 2.9099999999999993
1189 136657 2.9099999999999993
1190 136761 2.9099999999999993
1191 136817 2.8799999999999994
1192 136892 2.8699999999999997
1193 136967 2.8699999999999997
1194 137050 2.84
1195 137250 2.8399999999999994
1196 137339 2.869999999999999
1197 137409 2.869999999999999
1198 137481 2.869999999999999
1199 137561 2.869999999999999
1200 137644 2.869999999999999
1201 137711 2.869999999999999
1202 137788 2.869999999999999
1203 137869 2.869999999999999
1204 137929 2.869999999999999
1205 137979 2.869999999999999
1206 138060 2.869999999999999
1207 138142 2.869999999999999
1208 138225 2.869999999999999
1209 138319 2.869999999999999
1210 138385 2.869999999999999
1211 138441 2.869999999999999
1212 138504 2.869999999999999
1213 138614 2.869999999999999
1214 138674 2.869999999999999
1215 138752 2.869999999999999
1216 138811 2.869999999999999
1217 138869 2.8599999999999994
1218 138962 2.8599999999999994
1219 139042 2.8599999999999994
1220 139104 2.8599999999999994
1221 139186 2.859999999999999
1222 139244 2.8599999999999994
1223 139379 2.8599999999999994
1224 139464 2.829999999999999
1225 139535 2.829999999999999
1226 139651 2.8299999999999996
1227 139700 2.8299999999999996
1228 139786 2.829999999999999
1229 139863 2.829999999999999
1230 139978 2.829999999999999
1231 140040 2.829999999999999
1232 140152 2.829999999999999
1233 140213 2.829999999999999
1234 140321 2.829999999999999
1235 140400 2.829999999999999
1236 140600 2.829999999999999
1237 140758 2.859999999999999
1238 140829 2.859999999999999
1239 140896 2.859999999999999
1240 140949 2.859999999999999
1241 141015 2.859999999999999
1242 141071 2.859999999999999
1243 141167 2.859999999999999
1244 141230 2.859999999999999
1245 141283 2.859999999999999
1246 141343 2.859999999999999
1247 141415 2.859999999999999
1248 141479 2.859999999999999
1249 141551 2.859999999999999
1250 141620 2.859999999999999
1251 141724 2.859999999999999
1252 141775 2.859999999999999
1253 141847 2.859999999999999
1254 141898 2.859999999999999
1255 141964 2.859999999999999
1256 142044 2.859999999999999
1257 142110 2.859999999999999
1258 142179 2.859999999999999
1259 142249 2.859999999999999
1260 142375 2.859999999999999
1261 142542 2.859999999999999
1262 142621 2.859999999999999
1263 142703 2.859999999999999
1264 142806 2.859999999999999
1265 142870 2.859999999999999
1266 142958 2.859999999999999
1267 143010 2.829999999999999
1268 143093 2.829999999999999
1269 143161 2.829999999999999
1270 143261 2.829999999999999
1271 143413 2.829999999999999
1272 143501 2.829999999999999
1273 143585 2.829999999999999
1274 143679 2.829999999999999
1275 143879 2.829999999999999
1276 143941 2.859999999999999
1277 144013 2.859999999999999
1278 144101 2.8599999999999994
1279 144161 2.8599999999999994
1280 144266 2.859999999999999
1281 144345 2.859999999999999
1282 144420 2.8599999999999994
1283 144601 2.8599999999999994
1284 144727 2.859999999999999
1285 144836 2.859999999999999
1286 144914 2.8599999999999994
1287 144980 2.8599999999999994
1288 145114 2.859999999999999
1289 145291 2.859999999999999
1290 145491 2.8599999999999994
1291 145691 2.8899999999999992
1292 145778 2.899999999999999
1293 145978 2.899999999999999
1294 146081 2.929999999999999
1295 146144 2.929999999999999
1296 146255 2.929999999999999
1297 146311 2.929999999999999
1298 146381 2.929999999999999
1299 146451 2.929999999999999
1300 146546 2.929999999999999
1301 146598 2.929999999999999
1302 146657 2.929999999999999
1303 146773 2.929999999999999
1304 146823 2.929999999999999
1305 146903 2.929999999999999
1306 147045 2.929999999999999
1307 147111 2.929999999999999
1308 147179 2.929999999999999
1309 147275 2.929999999999999
1310 147347 2.929999999999999
1311 147406 2.929999999999999
1312 147481 2.929999999999999
1313 147555 2.929999999999999
1314 147639 2.929999999999999
1315 147685 2.899999999999999
1316 147885 2.899999999999999
1317 147947 2.9099999999999993
1318 147994 2.9099999999999993
1319 148080 2.9099999999999993
1320 148156 2.9099999999999993
1321 148220 2.9099999999999993
1322 148278 2.9099999999999993
1323 148478 2.9099999999999993
1324 148601 2.939999999999999
1325 148723 2.939999999999999
1326 148790 2.939999999999999
1327 148855 2.939999999999999
1328 148930 2.939999999999999
1329 149036 2.939999999999999
1330 149107 2.939999999999999
1331 149160 2.939999999999999
1332 149244 2.939999999999999
1333 149319 2.939999999999999
1334 149440 2.939999999999999
1335 149506 2.939999999999999
1336 149581 2.939999999999999
1337 149736 2.939999999999999
1338 149851 2.939999999999999
1339 149918 2.939999999999999
1340 150037 2.939999999999999
1341 150112 2.939999999999999
1342 150190 2.939999999999999
1343 150272 2.939999999999999
1344 150385 2.939999999999999
1345 150476 2.939999999999999
1346 150524 2.939999999999999
1347 150597 2.939999999999999
1348 150685 2.9099999999999993
1349 150741 2.9099999999999993
1350 150820 2.8999999999999995
1351 150905 2.8999999999999995
1352 150954 2.8999999999999995
1353 151031 2.8999999999999995
1354 151125 2.899999999999999
1355 151256 2.899999999999999
1356 151363 2.899999999999999
1357 151439 2.899999999999999
1358 151578 2.899999999999999
1359 151689 2.899999999999999
1360 151783 2.899999999999999
1361 151854 2.899999999999999
1362 151939 2.899999999999999
1363 151999 2.899999999999999
1364 152097 2.869999999999999
1365 152159 2.869999999999999
1366 152359 2.869999999999999
1367 152430 2.899999999999999
1368 152491 2.899999999999999
1369 152612 2.899999999999999
1370 152699 2.899999999999999
1371 152762 2.899999999999999
1372 152823 2.899999999999999
1373 152912 2.899999999999999
1374 152999 2.899999999999999
1375 153068 2.869999999999999
1376 153170 2.869999999999999
1377 153242 2.869999999999999
1378 153339 2.869999999999999
1379 153399 2.869999999999999
1380 153535 2.869999999999999
1381 153597 2.869999999999999
1382 153672 2.869999999999999
1383 153757 2.869999999999999
1384 153836 2.869999999999999
1385 153889 2.869999999999999
1386 153975 2.869999999999999
1387 154052 2.869999999999999
1388 154133 2.869999999999999
1389 154190 2.869999999999999
1390 154260 2.869999999999999
1391 154330 2.869999999999999
1392 154394 2.869999999999999
1393 154508 2.869999999999999
1394 154609 2.869999999999999
1395 154772 2.869999999999999
1396 154843 2.869999999999999
1397 154931 2.869999999999999
1398 155072 2.869999999999999
1399 155170 2.869999999999999
1400 155345 2.869999999999999
1401 155410 2.869999999999999
1402 155481 2.869999999999999
1403 155591 2.869999999999999
1404 155653 2.869999999999999
1405 155711 2.869999999999999
1406 155779 2.869999999999999
1407 155827 2.869999999999999
1408 155869 2.8399999999999994
1409 155947 2.8399999999999994
1410 156003 2.8399999999999994
1411 156082 2.8399999999999994
1412 156175 2.839999999999999
1413 156259 2.839999999999999
1414 156459 2.809999999999999
1415 156520 2.8399999999999994
1416 156579 2.8399999999999994
1417 156643 2.8399999999999994
1418 156710 2.839999999999999
1419 156759 2.839999999999999
1420 156829 2.839999999999999
1421 156898 2.839999999999999
1422 156960 2.839999999999999
1423 157031 2.839999999999999
1424 157104 2.839999999999999
1425 157180 2.839999999999999
1426 157279 2.839999999999999
1427 157341 2.839999999999999
1428 157414 2.839999999999999
1429 157501 2.839999999999999
1430 157601 2.839999999999999
1431 157681 2.839999999999999
1432 157763 2.839999999999999
1433 157823 2.839999999999999
1434 157884 2.839999999999999
1435 157986 2.839999999999999
1436 158051 2.839999999999999
1437 158112 2.839999999999999
1438 158250 2.839999999999999
1439 158327 2.839999999999999
1440 158404 2.839999999999999
1441 158465 2.839999999999999
1442 158538 2.839999999999999
1443 158585 2.839999999999999
1444 158738 2.839999999999999
1445 158799 2.829999999999999
1446 158916 2.829999999999999
1447 159116 2.829999999999999
1448 159185 2.8599999999999994
1449 159385 2.859999999999999
1450 159459 2.869999999999999
1451 159538 2.869999999999999
1452 159600 2.869999999999999
1453 159671 2.869999999999999
1454 159741 2.869999999999999
1455 159808 2.869999999999999
1456 159874 2.869999999999999
1457 159932 2.869999999999999
1458 160023 2.869999999999999
1459 160087 2.869999999999999
1460 160163 2.869999999999999
1461 160294 2.869999999999999
1462 160423 2.869999999999999
1463 160623 2.869999999999999
1464 160704 2.899999999999999
1465 160753 2.899999999999999
1466 160862 2.899999999999999
1467 160924 2.899999999999999
1468 160995 2.899999999999999
1469 161075 2.899999999999999
1470 161140 2.899999999999999
1471 161189 2.899999999999999
1472 161240 2.899999999999999
1473 161298 2.899999999999999
1474 161498 2.899999999999999
1475 161653 2.929999999999999
1476 161718 2.929999999999999
1477 161821 2.929999999999999
1478 161916 2.929999999999999
1479 161992 2.929999999999999
1480 162063 2.929999999999999
1481 162154 2.929999999999999
1482 162254 2.929999999999999
1483 162346 2.929999999999999
1484 162409 2.929999999999999
1485 162479 2.929999999999999
1486 162590 2.929999999999999
1487 162638 2.929999999999999
1488 162721 2.929999999999999
1489 162814 2.929999999999999
1490 162898 2.929999999999999
1491 163097 2.929999999999999
1492 163184 2.929999999999999
1493 163235 2.929999999999999
1494 163332 2.929999999999999
1495 163392 2.929999999999999
1496 163486 2.929999999999999
1497 163561 2.929999999999999
1498 163664 2.929999999999999
1499 163713 2.929999999999999
1500 163775 2.929999999999999
1501 163866 2.929999999999999
1502 164034 2.929999999999999
1503 164090 2.929999999999999
1504 164149 2.929999999999999
1505 164216 2.929999999999999
1506 164354 2.929999999999999
1507 164554 2.929999999999999
1508 164622 2.959999999999999
1509 164733 2.959999999999999
1510 164822 2.959999999999999
1511 164933 2.959999999999999
1512 165014 2.959999999999999
1513 165214 2.959999999999999
1514 165270 2.9899999999999993
1515 165346 2.9899999999999993
1516 165398 2.9899999999999993
1517 165471 2.9899999999999993
1518 165529 2.9899999999999993
1519 165609 2.9899999999999993
1520 165668 2.9899999999999993
1521 165768 2.9899999999999993
1522 165851 2.9899999999999993
1523 165955 2.9899999999999993
1524 166016 2.9899999999999993
1525 166104 2.9899999999999993
1526 166165 2.9899999999999993
1527 166255 2.9899999999999993
1528 166345 2.9899999999999993
1529 166410 2.9899999999999993
1530 166475 2.9899999999999993
1531 166540 2.9899999999999993
1532 166632 2.9899999999999993
1533 166710 2.9899999999999993
1534 166783 2.9899999999999993
1535 166894 2.9899999999999993
1536 166948 2.9899999999999993
1537 167040 2.9899999999999993
1538 167121 2.9899999999999993
1539 167166 2.9899999999999993
1540 167216 2.9899999999999993
1541 167275 2.9899999999999993
1542 167330 2.9899999999999993
1543 167426 2.9899999999999993
1544 167626 2.9899999999999993
1545 167695 2.999999999999999
1546 167757 2.999999999999999
1547 167825 2.999999999999999
1548 167886 2.999999999999999
1549 167949 2.999999999999999
1550 168053 2.999999999999999
1551 168192 2.999999999999999
1552 168268 2.999999999999999
1553 168423 2.999999999999999
1554 168536 2.999999999999999
1555 168596 2.999999999999999
1556 168676 2.999999999999999
1557 168783 2.999999999999999
1558 168878 2.999999999999999
1559 168947 2.999999999999999
1560 169049 2.999999999999999
1561 169190 2.999999999999999
1562 169260 2.999999999999999
1563 169327 2.999999999999999
1564 169392 2.999999999999999
1565 169462 2.9699999999999993
1566 169539 2.9699999999999993
1567 169592 2.9699999999999993
1568 169682 2.9699999999999993
1569 169758 2.969999999999999
1570 169818 2.969999999999999
1571 169921 2.969999999999999
1572 170075 2.969999999999999
1573 170137 2.969999999999999
1574 170206 2.939999999999999
1575 170273 2.939999999999999
1576 170340 2.939999999999999
1577 170403 2.939999999999999
1578 170459 2.939999999999999
1579 170558 2.939999999999999
1580 170614 2.939999999999999
1581 170675 2.939999999999999
1582 170752 2.939999999999999
1583 170831 2.939999999999999
1584 170921 2.939999999999999
1585 171023 2.939999999999999
1586 171082 2.939999999999999
1587 171138 2.939999999999999
1588 171216 2.939999999999999
1589 171294 2.939999999999999
1590 171366 2.939999999999999
1591 171495 2.939999999999999
1592 171568 2.939999999999999
1593 171651 2.939999999999999
1594 171713 2.939999999999999
1595 171766 2.939999999999999
1596 171845 2.939999999999999
1597 171912 2.939999999999999
1598 171976 2.939999999999999
1599 172041 2.939999999999999
1600 172092 2.939999999999999
1601 172261 2.939999999999999
1602 172335 2.939999999999999
1603 172428 2.939999999999999
1604 172520 2.939999999999999
1605 172583 2.939999999999999
1606 172628 2.939999999999999
1607 172689 2.939999999999999
1608 172783 2.939999999999999
1609 172924 2.939999999999999
1610 173070 2.939999999999999
1611 173150 2.939999999999999
1612 173212 2.939999999999999
1613 173335 2.939999999999999
1614 173446 2.939999999999999
1615 173520 2.939999999999999
1616 173637 2.939999999999999
1617 173712 2.939999999999999
1618 173781 2.939999999999999
1619 173844 2.939999999999999
1620 173926 2.939999999999999
1621 174027 2.939999999999999
1622 174090 2.939999999999999
1623 174151 2.939999999999999
1624 174285 2.939999999999999
1625 174375 2.939999999999999
1626 174433 2.939999999999999
1627 174506 2.939999999999999
1628 174593 2.939999999999999
1629 174637 2.939999999999999
1630 174725 2.939999999999999
1631 174810 2.939999999999999
1632 174899 2.939999999999999
1633 174950 2.939999999999999
1634 175020 2.939999999999999
1635 175088 2.939999999999999
1636 175159 2.939999999999999
1637 175229 2.939999999999999
1638 175286 2.939999999999999
1639 175394 2.939999999999999
1640 175501 2.939999999999999
1641 175561 2.939999999999999
1642 175635 2.939999999999999
1643 175709 2.939999999999999
1644 175763 2.939999999999999
1645 175848 2.939999999999999
1646 175918 2.939999999999999
1647 175979 2.939999999999999
1648 176121 2.939999999999999
1649 176187 2.939999999999999
1650 176275 2.939999999999999
1651 176440 2.939999999999999
1652 176497 2.939999999999999
1653 176580 2.939999999999999
1654 176658 2.939999999999999
1655 176724 2.939999999999999
1656 176823 2.939999999999999
1657 176901 2.939999999999999
1658 177019 2.939999999999999
1659 177104 2.939999999999999
1660 177301 2.939999999999999
1661 177464 2.939999999999999
1662 177601 2.939999999999999
1663 177673 2.939999999999999
1664 177873 2.939999999999999
1665 177927 2.969999999999999
1666 177991 2.969999999999999
1667 178044 2.969999999999999
1668 178096 2.969999999999999
1669 178169 2.969999999999999
1670 178254 2.969999999999999
1671 178340 2.969999999999999
1672 178403 2.969999999999999
1673 178603 2.969999999999999
1674 178724 2.999999999999999
1675 178783 2.999999999999999
1676 178857 2.999999999999999
1677 178924 2.999999999999999
1678 179036 2.999999999999999
1679 179157 2.999999999999999
1680 179219 2.999999999999999
1681 179328 2.999999999999999
1682 179441 2.999999999999999
1683 179488 2.999999999999999
1684 179556 2.999999999999999
1685 179619 2.999999999999999
1686 179703 2.999999999999999
1687 179771 2.999999999999999
1688 179844 2.999999999999999
1689 179954 2.999999999999999
1690 180014 2.999999999999999
1691 180101 2.999999999999999
1692 180244 2.999999999999999
1693 180300 2.999999999999999
1694 180347 2.999999999999999
1695 180432 2.999999999999999
1696 180504 2.999999999999999
1697 180592 2.999999999999999
1698 180657 2.999999999999999
1699 180716 2.999999999999999
1700 180786 2.999999999999999
1701 180849 2.999999999999999
1702 180954 2.999999999999999
1703 181014 2.999999999999999
1704 181070 2.999999999999999
1705 181188 2.999999999999999
1706 181235 2.979999999999999
1707 181317 2.979999999999999
1708 181441 2.979999999999999
1709 181499 2.979999999999999
1710 181556 2.979999999999999
1711 181626 2.979999999999999
1712 181730 2.979999999999999
1713 181803 2.979999999999999
1714 181853 2.979999999999999
1715 181911 2.979999999999999
1716 182096 2.979999999999999
1717 182180 2.979999999999999
1718 182236 2.979999999999999
1719 182294 2.979999999999999
1720 182364 2.979999999999999
1721 182452 2.979999999999999
1722 182524 2.979999999999999
1723 182578 2.979999999999999
1724 182715 2.979999999999999
1725 182773 2.979999999999999
1726 182925 2.979999999999999
1727 183008 2.979999999999999
1728 183068 2.979999999999999
1729 183123 2.979999999999999
1730 183202 2.979999999999999
1731 183268 2.979999999999999
1732 183331 2.979999999999999
1733 183378 2.979999999999999
1734 183442 2.979999999999999
1735 183508 2.979999999999999
1736 183553 2.979999999999999
1737 183611 2.9699999999999993
1738 183668 2.9699999999999993
1739 183740 2.9699999999999993
1740 183802 2.9699999999999993
1741 183901 2.969999999999999
1742 183966 2.969999999999999
1743 184012 2.969999999999999
1744 184067 2.969999999999999
1745 184135 2.969999999999999
1746 184229 2.969999999999999
1747 184314 2.939999999999999
1748 184384 2.939999999999999
1749 184466 2.939999999999999
1750 184526 2.939999999999999
1751 184600 2.939999999999999
1752 184768 2.939999999999999
1753 184914 2.939999999999999
1754 185002 2.939999999999999
1755 185084 2.939999999999999
1756 185148 2.939999999999999
1757 185231 2.939999999999999
1758 185294 2.939999999999999
1759 185381 2.939999999999999
1760 185453 2.939999999999999
1761 185530 2.939999999999999
1762 185591 2.939999999999999
1763 185675 2.939999999999999
1764 185736 2.939999999999999
1765 185835 2.939999999999999
1766 185888 2.939999999999999
1767 185942 2.939999999999999
1768 186038 2.939999999999999
1769 186107 2.919999999999999
1770 186176 2.919999999999999
1771 186230 2.919999999999999
1772 186283 2.919999999999999
1773 186337 2.919999999999999
1774 186396 2.919999999999999
1775 186456 2.919999999999999
1776 186510 2.919999999999999
1777 186564 2.919999999999999
1778 186621 2.919999999999999
1779 186674 2.919999999999999
1780 186753 2.919999999999999
1781 186812 2.919999999999999
1782 186902 2.919999999999999
1783 186971 2.919999999999999
1784 187023 2.919999999999999
1785 187074 2.919999999999999
1786 187148 2.919999999999999
1787 187201 2.919999999999999
1788 187275 2.919999999999999
1789 187384 2.919999999999999
1790 187457 2.919999999999999
1791 187592 2.919999999999999
1792 187654 2.919999999999999
1793 187740 2.919999999999999
1794 187810 2.919999999999999
1795 187893 2.919999999999999
1796 187991 2.919999999999999
1797 188048 2.919999999999999
1798 188110 2.919999999999999
1799 188161 2.919999999999999
1800 188219 2.919999999999999
1801 188319 2.919999999999999
1802 188378 2.919999999999999
1803 188460 2.919999999999999
1804 188516 2.919999999999999
1805 188716 2.919999999999999
1806 188778 2.939999999999999
1807 188843 2.939999999999999
1808 188940 2.939999999999999
1809 189007 2.939999999999999
1810 189089 2.939999999999999
1811 189152 2.939999999999999
1812 189212 2.939999999999999
1813 189298 2.939999999999999
1814 189365 2.939999999999999
1815 189423 2.919999999999999
1816 189498 2.919999999999999
1817 189545 2.919999999999999
1818 189596 2.919999999999999
1819 189654 2.919999999999999
1820 189738 2.919999999999999
1821 189800 2.919999999999999
1822 189864 2.919999999999999
1823 189937 2.919999999999999
1824 190016 2.919999999999999
1825 190092 2.919999999999999
1826 190149 2.919999999999999
1827 190246 2.919999999999999
1828 190294 2.919999999999999
1829 190354 2.919999999999999
1830 190539 2.919999999999999
1831 190588 2.919999999999999
1832 190657 2.919999999999999
1833 190728 2.919999999999999
1834 190783 2.919999999999999
1835 190849 2.919999999999999
1836 191049 2.919999999999999
1837 191152 2.929999999999999
1838 191325 2.929999999999999
1839 191449 2.929999999999999
1840 191524 2.929999999999999
1841 191626 2.929999999999999
1842 191697 2.929999999999999
1843 191846 2.929999999999999
1844 191914 2.929999999999999
1845 191969 2.929999999999999
1846 192169 2.929999999999999
1847 192239 2.959999999999999
1848 192334 2.959999999999999
