1 200 0.21000000000000002
2 400 0.22
3 600 0.23000000000000004
4 800 0.23000000000000004
5 1000 0.24000000000000005
6 1200 0.26
7 1400 0.27
8 1600 0.27
9 1800 0.28
10 2000 0.29000000000000004
11 2200 0.30000000000000004
12 2400 0.31000000000000005
13 2600 0.32000000000000006
14 2800 0.33000000000000007
15 3000 0.3400000000000001
16 3200 0.35000000000000003
17 3400 0.36000000000000004
18 3600 0.37000000000000005
19 3800 0.38
20 4000 0.39
21 4200 0.4
22 4400 0.41000000000000003
23 4600 0.43000000000000005
24 4800 0.44000000000000006
25 5000 0.45000000000000007
26 5200 0.4700000000000001
27 5400 0.4800000000000001
28 5600 0.49000000000000005
29 5800 0.5
30 6000 0.51
31 6200 0.52
32 6400 0.53
33 6600 0.54
34 6800 0.55
35 7000 0.5700000000000001
36 7200 0.5800000000000001
37 7400 0.6000000000000001
38 7600 0.6100000000000001
39 7800 0.6200000000000001
40 8000 0.6300000000000001
41 8200 0.6400000000000001
42 8400 0.66
43 8600 0.67
44 8800 0.6900000000000001
45 9000 0.7000000000000001
46 9200 0.7200000000000001
47 9400 0.7300000000000001
48 9600 0.7400000000000001
49 9800 0.75
50 10000 0.75
51 10200 0.77
52 10400 0.78
53 10600 0.79
54 10800 0.8
55 11000 0.81
56 11200 0.8200000000000001
57 11400 0.8400000000000001
58 11600 0.8600000000000001
59 11800 0.8700000000000001
60 12000 0.8800000000000001
61 12200 0.8900000000000001
62 12400 0.9100000000000001
63 12600 0.9200000000000002
64 12800 0.9400000000000001
65 13000 0.9600000000000001
66 13200 0.9600000000000001
67 13400 0.9800000000000001
68 13600 0.9900000000000002
69 13800 1.01
70 14000 1.03
71 14200 1.05
72 14400 1.07
73 14600 1.08
74 14800 1.1
75 15000 1.11
76 15200 1.12
77 15400 1.1300000000000001
78 15600 1.1300000000000001
79 15800 1.1400000000000001
80 16000 1.1600000000000001
81 16200 1.1700000000000002
82 16400 1.1900000000000002
83 16600 1.2100000000000002
84 16800 1.2300000000000002
85 17000 1.2300000000000002
86 17200 1.2500000000000002
87 17400 1.2700000000000002
88 17600 1.2900000000000003
89 17800 1.3000000000000003
90 17990 1.3200000000000003
91 18190 1.3200000000000003
92 18390 1.33
93 18590 1.34
94 18790 1.34
95 18990 1.3500000000000003
96 19190 1.3600000000000003
97 19390 1.3700000000000003
98 19541 1.3800000000000003
99 19741 1.3800000000000001
100 19941 1.3900000000000001
101 20141 1.4000000000000001
102 20341 1.4100000000000001
103 20541 1.4200000000000004
104 20741 1.4400000000000002
105 20873 1.4400000000000002
106 21073 1.4400000000000002
107 21273 1.45
108 21473 1.47
109 21673 1.48
110 21873 1.4800000000000002
111 22073 1.49
112 22273 1.5
113 22473 1.51
114 22673 1.52
115 22873 1.53
116 23073 1.54
117 23273 1.55
118 23473 1.56
119 23673 1.57
120 23873 1.58
121 24073 1.59
122 24183 1.59
123 24383 1.59
124 24583 1.6
125 24756 1.61
126 24956 1.61
127 25156 1.62
128 25356 1.6300000000000001
129 25556 1.6400000000000001
130 25756 1.6500000000000001
131 25956 1.6600000000000001
132 26156 1.6700000000000002
133 26356 1.6800000000000002
134 26446 1.6900000000000002
135 26646 1.6900000000000002
136 26772 1.7000000000000002
137 26972 1.7000000000000002
138 27172 1.7100000000000002
139 27372 1.7200000000000002
140 27572 1.7300000000000002
141 27683 1.7400000000000002
142 27883 1.7400000000000002
143 27984 1.7500000000000002
144 28184 1.7500000000000002
145 28315 1.7600000000000002
146 28515 1.7600000000000002
147 28662 1.7700000000000002
148 28862 1.7700000000000002
149 29062 1.7800000000000002
150 29116 1.7900000000000003
151 29316 1.7900000000000003
152 29516 1.8000000000000003
153 29716 1.8100000000000003
154 29916 1.8200000000000003
155 30116 1.8300000000000003
156 30211 1.8400000000000003
157 30378 1.8400000000000003
158 30578 1.8400000000000003
159 30778 1.8500000000000003
160 30978 1.8600000000000003
161 31059 1.8700000000000003
162 31259 1.8700000000000003
163 31413 1.8800000000000003
164 31571 1.8800000000000003
165 31771 1.8800000000000003
166 31891 1.8900000000000003
167 32014 1.8900000000000003
168 32207 1.8900000000000003
169 32328 1.8900000000000003
170 32498 1.8900000000000003
171 32624 1.8900000000000003
172 32824 1.8900000000000003
173 32966 1.9000000000000004
174 33166 1.9000000000000004
175 33339 1.9100000000000004
176 33539 1.9100000000000004
177 33739 1.9200000000000004
178 33939 1.9300000000000004
179 34102 1.9400000000000004
180 34302 1.9400000000000004
181 34375 1.9500000000000004
182 34567 1.9500000000000004
183 34686 1.9500000000000004
184 34886 1.9500000000000004
185 35025 1.9600000000000004
186 35189 1.9600000000000004
187 35273 1.9600000000000004
188 35375 1.9600000000000004
189 35498 1.9600000000000004
190 35582 1.9600000000000004
191 35662 1.9600000000000004
192 35751 1.9600000000000004
193 35951 1.9600000000000004
194 36036 1.9700000000000004
195 36107 1.9700000000000004
196 36211 1.9700000000000004
197 36322 1.9700000000000004
198 36421 1.9700000000000004
199 36493 1.9700000000000004
200 36587 1.9700000000000004
201 36680 1.9700000000000004
202 36809 1.9700000000000004
203 36923 1.9700000000000004
204 37123 1.9700000000000004
205 37191 1.9800000000000004
206 37353 1.9800000000000004
207 37456 1.9800000000000004
208 37548 1.9800000000000004
209 37748 1.9800000000000004
210 37896 1.9900000000000002
211 37984 1.9900000000000002
212 38065 1.9900000000000002
213 38144 1.9900000000000002
214 38262 1.9900000000000002
215 38377 1.9900000000000002
216 38450 1.9900000000000002
217 38615 1.9900000000000002
218 38693 1.9900000000000002
219 38792 1.9900000000000002
220 38923 1.9900000000000002
221 39123 1.9900000000000002
222 39195 2.0
223 39328 2.0
224 39498 2.0
225 39596 2.0
226 39727 2.0
227 39825 2.0
228 39934 2.0
229 39989 2.0
230 40065 2.0
231 40169 2.0
232 40295 2.0
233 40407 2.0
234 40480 2.0
235 40553 2.0
236 40641 2.0
237 40735 2.0
238 40806 2.0
239 40884 2.0
240 40969 2.0
241 41106 2.0
242 41190 2.0
243 41292 2.0
244 41378 2.0
245 41461 2.0
246 41529 2.0
247 41617 2.0
248 41704 2.0
249 41788 2.0
250 41900 2.0
251 41953 2.0
252 42105 2.0
253 42182 2.0
254 42269 2.0
255 42384 2.0
256 42441 2.0
257 42516 2.0
258 42622 2.0
259 42703 2.0
260 42776 2.0
261 42832 2.0
262 42981 2.0
263 43072 2.0
264 43196 2.0
265 43260 2.0
266 43352 2.0
267 43430 2.0
268 43543 2.0
269 43642 2.0
270 43695 2.0
271 43755 2.0
272 43813 2.0
273 43895 2.0
274 44028 2.0
275 44120 2.0
276 44188 2.0
277 44272 2.0
278 44336 2.0
279 44526 2.0
280 44597 2.0
281 44683 2.0
282 44756 2.0
283 44806 2.0
284 44886 2.0
285 44960 2.0
286 45090 2.0
287 45195 2.0
288 45265 2.0
289 45362 2.0
290 45437 2.0
291 45549 2.0
292 45630 2.0
293 45698 2.0
294 45757 2.0
295 45871 2.0
296 45973 2.0
297 46078 2.0
298 46154 2.0
299 46260 2.0
300 46325 2.0
301 46406 2.0
302 46534 2.0
303 46609 2.0
304 46679 2.0
305 46741 2.0
306 46857 2.0
307 46947 2.0
308 47083 2.0
309 47174 2.0
310 47240 2.0
311 47310 2.0
312 47383 2.0
313 47472 2.0
314 47535 2.0
315 47605 2.0
316 47684 2.0
317 47827 2.0
318 47881 2.0
319 47952 2.0
320 48014 2.0
321 48090 2.0
322 48206 2.0
323 48286 2.0
324 48346 2.0
325 48413 2.0
326 48476 2.0
327 48552 2.0
328 48623 2.0
329 48715 2.0
330 48832 2.0
331 48957 2.0
332 49046 2.0
333 49195 2.0
334 49319 2.0
335 49469 2.0
336 49606 2.0
337 49706 2.0
338 49765 2.0
339 49838 2.0
340 49927 2.0
341 49998 2.0
342 50051 2.0
343 50107 2.0
344 50183 2.0
345 50241 2.0
346 50338 2.0
347 50400 2.0
348 50471 2.0
349 50532 2.0
350 50607 2.0
351 50691 2.0
352 50758 2.0
353 50819 2.0
354 50951 2.0
355 51018 2.0
356 51088 2.0
357 51170 2.0
358 51229 2.0
359 51301 2.0
360 51386 2.0
361 51450 2.0
362 51516 2.0
363 51612 2.0
364 51690 2.0
365 51771 2.0
366 51881 2.0
367 51941 2.0
368 52040 2.0
369 52138 2.0
370 52227 2.0
371 52314 2.0
372 52420 2.0
373 52484 2.0
374 52536 2.0
375 52595 2.0
376 52660 2.0
377 52737 2.0
378 52791 2.0
379 52854 2.0
380 52919 2.0
381 52981 2.0
382 53051 2.0
383 53111 2.0
384 53167 2.0
385 53225 2.0
386 53307 2.0
387 53379 2.0
388 53463 2.0
389 53558 2.0
390 53620 2.0
391 53765 2.0
392 53892 2.0
393 53978 2.0
394 54043 2.0
395 54132 2.0
396 54193 2.0
397 54267 2.0
398 54336 2.0
399 54405 2.0
400 54460 2.0
401 54530 2.0
402 54598 2.0
403 54697 2.0
404 54768 2.0
405 54842 2.0
406 54923 2.0
407 55016 2.0
408 55076 2.0
409 55146 2.0
410 55214 2.0
411 55286 2.0
412 55347 2.0
413 55413 2.0
414 55468 2.0
415 55551 2.0
416 55627 2.0
417 55726 2.0
418 55792 2.0
419 55874 2.0
420 55974 2.0
421 56014 2.0
422 56079 2.0
423 56158 2.0
424 56215 2.0
425 56290 2.0
426 56400 2.0
427 56471 2.0
428 56545 2.0
429 56609 2.0
430 56687 2.0
431 56741 2.0
432 56797 2.0
433 56841 2.0
434 56927 2.0
435 56995 2.0
436 57064 2.0
437 57176 2.0
438 57265 2.0
439 57334 2.0
440 57407 2.0
441 57498 2.0
442 57577 2.0
443 57638 2.0
444 57723 2.0
445 57825 2.0
446 57920 2.0
447 58015 2.0
448 58064 2.0
449 58124 2.0
450 58174 2.0
451 58228 2.0
452 58290 2.0
453 58352 2.0
454 58425 2.0
455 58506 2.0
456 58577 2.0
457 58655 2.0
458 58734 2.0
459 58813 2.0
460 58921 2.0
461 59005 2.0
462 59058 2.0
463 59151 2.0
464 59218 2.0
465 59296 2.0
466 59462 2.0
467 59532 2.0
468 59597 2.0
469 59655 2.0
470 59728 2.0
471 59782 2.0
472 59855 2.0
473 59924 2.0
474 59989 2.0
475 60061 2.0
476 60150 2.0
477 60222 2.0
478 60286 2.0
479 60342 2.0
480 60408 2.0
481 60490 2.0
482 60600 2.0
483 60672 2.0
484 60744 2.0
485 60796 2.0
486 60860 2.0
487 60932 2.0
488 61022 2.0
489 61119 2.0
490 61183 2.0
491 61235 2.0
492 61307 2.0
493 61371 2.0
494 61432 2.0
495 61506 2.0
496 61584 2.0
497 61690 2.0
498 61756 2.0
499 61856 2.0
500 61943 2.0
501 62019 2.0
502 62118 2.0
503 62209 2.0
504 62272 2.0
505 62325 2.0
506 62398 2.0
507 62468 2.0
508 62533 2.0
509 62627 2.0
510 62706 2.0
511 62780 2.0
512 62853 2.0
513 62903 2.0
514 62985 2.0
515 63068 2.0
516 63183 2.0
517 63248 2.0
518 63325 2.0
519 63390 2.0
520 63468 2.0
521 63516 2.0
522 63602 2.0
523 63696 2.0
524 63761 2.0
525 63832 2.0
526 63909 2.0
527 63951 2.0
528 64047 2.0
529 64123 2.0
530 64191 2.0
531 64306 2.0
532 64370 2.0
533 64435 2.0
534 64483 2.0
535 64535 2.0
536 64604 2.0
537 64655 2.0
538 64783 2.0
539 64850 2.0
540 64931 2.0
541 64990 2.0
542 65069 2.0
543 65127 2.0
544 65206 2.0
545 65274 2.0
546 65368 2.0
547 65513 2.0
548 65572 2.0
549 65644 2.0
550 65722 2.0
551 65841 2.0
552 65898 2.0
553 65985 2.0
554 66042 2.0
555 66120 2.0
556 66194 2.0
557 66237 2.0
558 66305 2.0
559 66378 2.0
560 66438 2.0
561 66496 2.0
562 66597 2.0
563 66656 2.0
564 66726 2.0
565 66806 2.0
566 66885 2.0
567 66953 2.0
568 67001 2.0
569 67060 2.0
570 67142 2.0
571 67222 2.0
572 67283 2.0
573 67349 2.0
574 67414 2.0
575 67473 2.0
576 67562 2.0
577 67646 2.0
578 67698 2.0
579 67763 2.0
580 67818 2.0
581 67904 2.0
582 67961 2.0
583 68021 2.0
584 68121 2.0
585 68179 2.0
586 68241 2.0
587 68314 2.0
588 68379 2.0
589 68429 2.0
590 68502 2.0
591 68547 2.0
592 68639 2.0
593 68689 2.0
594 68733 2.0
595 68801 2.0
596 68876 2.0
597 68939 2.0
598 68996 2.0
599 69044 2.0
600 69101 2.0
601 69192 2.0
602 69344 2.0
603 69419 2.0
604 69488 2.0
605 69564 2.0
606 69631 2.0
607 69697 2.0
608 69755 2.0
609 69819 2.0
610 69896 2.0
611 69950 2.0
612 70022 2.0
613 70097 2.0
614 70211 2.0
615 70265 2.0
616 70310 2.0
617 70403 2.0
618 70482 2.0
619 70560 2.0
620 70657 2.0
621 70726 2.0
622 70804 2.0
623 70876 2.0
624 70938 2.0
625 71015 2.0
626 71107 2.0
627 71185 2.0
628 71261 2.0
629 71332 2.0
630 71385 2.0
631 71462 2.0
632 71525 2.0
633 71595 2.0
634 71658 2.0
635 71730 2.0
636 71781 2.0
637 71836 2.0
638 71918 2.0
639 71983 2.0
640 72038 2.0
641 72101 2.0
642 72167 2.0
643 72234 2.0
644 72314 2.0
645 72401 2.0
646 72459 2.0
647 72573 2.0
648 72632 2.0
649 72694 2.0
650 72746 2.0
651 72795 2.0
652 72856 2.0
653 72923 2.0
654 72985 2.0
655 73053 2.0
656 73109 2.0
657 73216 2.0
658 73333 2.0
659 73456 2.0
660 73503 2.0
661 73568 2.0
662 73647 2.0
663 73719 2.0
664 73760 2.0
665 73814 2.0
666 73909 2.0
667 73962 2.0
668 74034 2.0
669 74088 2.0
670 74149 2.0
671 74210 2.0
672 74281 2.0
673 74371 2.0
674 74461 2.0
675 74522 2.0
676 74597 2.0
677 74670 2.0
678 74742 2.0
679 74788 2.0
680 74867 2.0
681 74926 2.0
682 74990 2.0
683 75063 2.0
684 75159 2.0
685 75229 2.0
686 75297 2.0
687 75365 2.0
688 75441 2.0
689 75498 2.0
690 75550 2.0
691 75612 2.0
692 75679 2.0
693 75797 2.0
694 75888 2.0
695 75945 2.0
696 76037 2.0
697 76108 2.0
698 76196 2.0
699 76311 2.0
700 76399 2.0
701 76474 2.0
702 76521 2.0
703 76609 2.0
704 76687 2.0
705 76734 2.0
706 76790 2.0
707 76851 2.0
708 76900 2.0
709 76972 2.0
710 77033 2.0
711 77085 2.0
712 77143 2.0
713 77217 2.0
714 77302 2.0
715 77358 2.0
716 77410 2.0
717 77465 2.0
718 77526 2.0
719 77601 2.0
720 77657 2.0
721 77711 2.0
722 77782 2.0
723 77846 2.0
724 77909 2.0
725 77960 2.0
726 78015 2.0
727 78090 2.0
728 78147 2.0
729 78231 2.0
730 78324 2.0
731 78425 2.0
732 78479 2.0
733 78538 2.0
734 78639 2.0
735 78715 2.0
736 78802 2.0
737 78864 2.0
738 78954 2.0
739 79028 2.0
740 79087 2.0
741 79141 2.0
742 79205 2.0
743 79268 2.0
744 79336 2.0
745 79394 2.0
746 79455 2.0
747 79511 2.0
748 79574 2.0
749 79654 2.0
750 79702 2.0
751 79754 2.0
752 79838 2.0
753 79895 2.0
754 79948 2.0
755 80012 2.0
756 80113 2.0
757 80194 2.0
758 80265 2.0
759 80316 2.0
760 80363 2.0
761 80416 2.0
762 80477 2.0
763 80542 2.0
764 80619 2.0
765 80663 2.0
766 80736 2.0
767 80803 2.0
768 80881 2.0
769 80948 2.0
770 81097 2.0
771 81151 2.0
772 81207 2.0
773 81262 2.0
774 81324 2.0
775 81394 2.0
776 81451 2.0
777 81530 2.0
778 81582 2.0
779 81672 2.0
780 81750 2.0
781 81809 2.0
782 81888 2.0
783 81941 2.0
784 82000 2.0
785 82056 2.0
786 82145 2.0
787 82235 2.0
788 82299 2.0
789 82363 2.0
790 82437 2.0
791 82510 2.0
792 82560 2.0
793 82649 2.0
794 82716 2.0
795 82775 2.0
796 82835 2.0
797 82905 2.0
798 82978 2.0
799 83046 2.0
800 83091 2.0
801 83185 2.0
802 83242 2.0
803 83305 2.0
804 83359 2.0
805 83438 2.0
806 83490 2.0
807 83562 2.0
808 83648 2.0
809 83711 2.0
810 83792 2.0
811 83859 2.0
812 83908 2.0
813 83984 2.0
814 84102 2.0
815 84157 2.0
816 84231 2.0
817 84280 2.0
818 84346 2.0
819 84407 2.0
820 84461 2.0
821 84525 2.0
822 84598 2.0
823 84669 2.0
824 84730 2.0
825 84787 2.0
826 84852 2.0
827 84973 2.0
828 85028 2.0
829 85104 2.0
830 85175 2.0
831 85269 2.0
832 85349 2.0
833 85425 2.0
834 85520 2.0
835 85588 2.0
836 85643 2.0
837 85705 2.0
838 85774 2.0
839 85837 2.0
840 85920 2.0
841 85963 2.0
842 86054 2.0
843 86109 2.0
844 86172 2.0
845 86243 2.0
846 86296 2.0
847 86360 2.0
848 86407 2.0
849 86480 2.0
850 86529 2.0
851 86621 2.0
852 86692 2.0
853 86758 2.0
854 86816 2.0
855 86890 2.0
856 86963 2.0
857 87029 2.0
858 87097 2.0
859 87162 2.0
860 87248 2.0
861 87348 2.0
862 87426 2.0
863 87467 2.0
864 87530 2.0
865 87584 2.0
866 87662 2.0
867 87726 2.0
868 87787 2.0
869 87876 2.0
870 87926 2.0
871 88042 2.0
872 88096 2.0
873 88152 2.0
874 88210 2.0
875 88293 2.0
876 88348 2.0
877 88407 2.0
878 88477 2.0
879 88527 2.0
880 88611 2.0
881 88664 2.0
882 88733 2.0
883 88781 2.0
884 88845 2.0
885 88890 2.0
886 88945 2.0
887 89000 2.0
888 89047 2.0
889 89112 2.0
890 89169 2.0
891 89223 2.0
892 89282 2.0
893 89362 2.0
894 89412 2.0
895 89466 2.0
896 89548 2.0
897 89598 2.0
898 89649 2.0
899 89709 2.0
900 89765 2.0
901 89846 2.0
902 89888 2.0
903 89940 2.0
904 90020 2.0
905 90063 2.0
906 90127 2.0
907 90180 2.0
908 90232 2.0
909 90276 2.0
910 90326 2.0
911 90392 2.0
912 90450 2.0
913 90517 2.0
914 90575 2.0
915 90619 2.0
916 90699 2.0
917 90757 2.0
918 90816 2.0
919 90880 2.0
920 90934 2.0
921 90986 2.0
922 91044 2.0
923 91114 2.0
924 91175 2.0
925 91253 2.0
926 91305 2.0
927 91362 2.0
928 91415 2.0
929 91488 2.0
930 91551 2.0
931 91615 2.0
932 91682 2.0
933 91754 2.0
934 91819 2.0
935 91891 2.0
936 91968 2.0
937 92050 2.0
938 92119 2.0
939 92179 2.0
940 92243 2.0
941 92293 2.0
942 92355 2.0
943 92415 2.0
944 92467 2.0
945 92520 2.0
946 92607 2.0
947 92685 2.0
948 92734 2.0
949 92812 2.0
950 92872 2.0
951 92936 2.0
952 92995 2.0
953 93041 2.0
954 93129 2.0
955 93189 2.0
956 93263 2.0
957 93323 2.0
958 93396 2.0
959 93462 2.0
960 93537 2.0
961 93586 2.0
962 93633 2.0
963 93701 2.0
964 93768 2.0
965 93822 2.0
966 93863 2.0
967 93928 2.0
968 93999 2.0
969 94054 2.0
970 94115 2.0
971 94178 2.0
972 94249 2.0
973 94296 2.0
974 94375 2.0
975 94437 2.0
976 94499 2.0
977 94568 2.0
978 94625 2.0
979 94677 2.0
980 94736 2.0
981 94791 2.0
982 94841 2.0
983 94943 2.0
984 95014 2.0
985 95109 2.0
986 95167 2.0
987 95228 2.0
988 95290 2.0
989 95350 2.0
990 95427 2.0
991 95471 2.0
992 95546 2.0
993 95617 2.0
994 95666 2.0
995 95722 2.0
996 95772 2.0
997 95819 2.0
998 95897 2.0
999 95954 2.0
1000 96067 2.0
1001 96128 2.0
1002 96206 2.0
1003 96276 2.0
1004 96325 2.0
1005 96399 2.0
1006 96442 2.0
1007 96517 2.0
1008 96568 2.0
1009 96623 2.0
1010 96686 2.0
1011 96748 2.0
1012 96806 2.0
1013 96859 2.0
1014 96910 2.0
1015 96984 2.0
1016 97052 2.0
1017 97114 2.0
1018 97183 2.0
1019 97264 2.0
1020 97310 2.0
1021 97357 2.0
1022 97435 2.0
1023 97485 2.0
1024 97548 2.0
1025 97600 2.0
1026 97646 2.0
1027 97712 2.0
1028 97797 2.0
1029 97889 2.0
1030 97940 2.0
1031 98008 2.0
1032 98088 2.0
1033 98145 2.0
1034 98212 2.0
1035 98303 2.0
1036 98361 2.0
1037 98435 2.0
1038 98485 2.0
1039 98552 2.0
1040 98627 2.0
1041 98711 2.0
1042 98771 2.0
1043 98833 2.0
1044 98900 2.0
1045 98973 2.0
1046 99042 2.0
1047 99098 2.0
1048 99165 2.0
1049 99272 2.0
1050 99320 2.0
1051 99430 2.0
1052 99479 2.0
1053 99567 2.0
1054 99649 2.0
1055 99708 2.0
1056 99766 2.0
1057 99853 2.0
1058 99907 2.0
1059 99960 2.0
1060 100049 2.0
1061 100095 2.0
1062 100140 2.0
1063 100215 2.0
1064 100273 2.0
1065 100320 2.0
1066 100380 2.0
1067 100469 2.0
1068 100527 2.0
1069 100617 2.0
1070 100687 2.0
1071 100753 2.0
1072 100808 2.0
1073 100867 2.0
1074 100947 2.0
1075 101003 2.0
1076 101062 2.0
1077 101105 2.0
1078 101168 2.0
1079 101219 2.0
1080 101267 2.0
1081 101363 2.0
1082 101422 2.0
1083 101480 2.0
1084 101589 2.0
1085 101652 2.0
1086 101717 2.0
1087 101813 2.0
1088 101876 2.0
1089 101921 2.0
1090 101975 2.0
1091 102030 2.0
1092 102079 2.0
1093 102145 2.0
1094 102208 2.0
1095 102270 2.0
1096 102336 2.0
1097 102382 2.0
1098 102448 2.0
1099 102538 2.0
1100 102586 2.0
1101 102649 2.0
1102 102710 2.0
1103 102774 2.0
1104 102831 2.0
1105 102892 2.0
1106 102950 2.0
1107 103033 2.0
1108 103095 2.0
1109 103160 2.0
1110 103207 2.0
1111 103267 2.0
1112 103327 2.0
1113 103385 2.0
1114 103440 2.0
1115 103508 2.0
1116 103562 2.0
1117 103643 2.0
1118 103711 2.0
1119 103778 2.0
1120 103827 2.0
1121 103881 2.0
1122 103930 2.0
1123 103989 2.0
1124 104046 2.0
1125 104105 2.0
1126 104184 2.0
1127 104234 2.0
1128 104281 2.0
1129 104374 2.0
1130 104434 2.0
1131 104501 2.0
1132 104558 2.0
1133 104616 2.0
1134 104674 2.0
1135 104734 2.0
1136 104789 2.0
1137 104840 2.0
1138 104904 2.0
1139 104958 2.0
1140 105039 2.0
1141 105109 2.0
1142 105166 2.0
1143 105237 2.0
1144 105293 2.0
1145 105352 2.0
1146 105413 2.0
1147 105478 2.0
1148 105531 2.0
1149 105599 2.0
1150 105646 2.0
1151 105707 2.0
1152 105757 2.0
1153 105808 2.0
1154 105898 2.0
1155 105964 2.0
1156 106013 2.0
1157 106084 2.0
1158 106158 2.0
1159 106234 2.0
1160 106294 2.0
1161 106365 2.0
1162 106420 2.0
1163 106472 2.0
1164 106537 2.0
1165 106591 2.0
1166 106670 2.0
1167 106736 2.0
1168 106803 2.0
1169 106860 2.0
1170 106906 2.0
1171 106980 2.0
1172 107077 2.0
1173 107130 2.0
1174 107188 2.0
1175 107265 2.0
1176 107311 2.0
1177 107387 2.0
1178 107442 2.0
1179 107494 2.0
1180 107545 2.0
1181 107612 2.0
1182 107664 2.0
1183 107708 2.0
1184 107770 2.0
1185 107827 2.0
1186 107919 2.0
1187 107981 2.0
1188 108041 2.0
1189 108115 2.0
1190 108168 2.0
1191 108214 2.0
1192 108302 2.0
1193 108361 2.0
1194 108427 2.0
1195 108498 2.0
1196 108563 2.0
1197 108625 2.0
1198 108712 2.0
1199 108822 2.0
1200 108872 2.0
1201 108917 2.0
1202 108992 2.0
1203 109037 2.0
1204 109108 2.0
1205 109171 2.0
1206 109232 2.0
1207 109319 2.0
1208 109378 2.0
1209 109452 2.0
1210 109512 2.0
1211 109564 2.0
1212 109634 2.0
1213 109686 2.0
1214 109726 2.0
1215 109776 2.0
1216 109828 2.0
1217 109872 2.0
1218 109916 2.0
1219 109962 2.0
1220 110042 2.0
1221 110102 2.0
1222 110151 2.0
1223 110198 2.0
1224 110277 2.0
1225 110329 2.0
1226 110384 2.0
1227 110462 2.0
1228 110509 2.0
1229 110571 2.0
1230 110624 2.0
1231 110686 2.0
1232 110727 2.0
1233 110784 2.0
1234 110827 2.0
1235 110895 2.0
1236 110956 2.0
1237 111030 2.0
1238 111091 2.0
1239 111180 2.0
1240 111237 2.0
1241 111287 2.0
1242 111334 2.0
1243 111393 2.0
1244 111475 2.0
1245 111519 2.0
1246 111567 2.0
1247 111622 2.0
1248 111679 2.0
1249 111744 2.0
1250 111856 2.0
1251 111918 2.0
1252 111997 2.0
1253 112066 2.0
1254 112141 2.0
1255 112207 2.0
1256 112260 2.0
1257 112361 2.0
1258 112411 2.0
1259 112474 2.0
1260 112542 2.0
1261 112593 2.0
1262 112756 2.0
1263 112809 2.0
1264 112882 2.0
1265 112948 2.0
1266 113010 2.0
1267 113061 2.0
1268 113130 2.0
1269 113183 2.0
1270 113237 2.0
1271 113303 2.0
1272 113374 2.0
1273 113437 2.0
1274 113503 2.0
1275 113562 2.0
1276 113629 2.0
1277 113697 2.0
1278 113751 2.0
1279 113814 2.0
1280 113865 2.0
1281 113922 2.0
1282 114003 2.0
1283 114053 2.0
1284 114102 2.0
1285 114154 2.0
1286 114203 2.0
1287 114272 2.0
1288 114321 2.0
1289 114391 2.0
1290 114464 2.0
1291 114522 2.0
1292 114590 2.0
1293 114653 2.0
1294 114723 2.0
1295 114801 2.0
1296 114851 2.0
1297 114906 2.0
1298 114982 2.0
1299 115084 2.0
1300 115141 2.0
1301 115197 2.0
1302 115256 2.0
1303 115315 2.0
1304 115375 2.0
1305 115430 2.0
1306 115493 2.0
1307 115555 2.0
1308 115607 2.0
1309 115687 2.0
1310 115744 2.0
1311 115792 2.0
1312 115847 2.0
1313 115905 2.0
1314 115966 2.0
1315 116037 2.0
1316 116089 2.0
1317 116136 2.0
1318 116199 2.0
1319 116263 2.0
1320 116318 2.0
1321 116412 2.0
1322 116461 2.0
1323 116527 2.0
1324 116576 2.0
1325 116622 2.0
1326 116676 2.0
1327 116737 2.0
1328 116783 2.0
1329 116871 2.0
1330 116915 2.0
1331 116959 2.0
1332 117023 2.0
1333 117071 2.0
1334 117128 2.0
1335 117189 2.0
1336 117252 2.0
1337 117347 2.0
1338 117396 2.0
1339 117445 2.0
1340 117500 2.0
1341 117557 2.0
1342 117606 2.0
1343 117658 2.0
1344 117705 2.0
1345 117773 2.0
1346 117869 2.0
1347 117921 2.0
1348 117984 2.0
1349 118049 2.0
1350 118106 2.0
1351 118163 2.0
1352 118239 2.0
1353 118299 2.0
1354 118369 2.0
1355 118441 2.0
1356 118510 2.0
1357 118562 2.0
1358 118618 2.0
1359 118691 2.0
1360 118772 2.0
1361 118834 2.0
1362 118905 2.0
1363 118956 2.0
1364 119003 2.0
1365 119065 2.0
1366 119124 2.0
1367 119179 2.0
1368 119242 2.0
1369 119305 2.0
1370 119380 2.0
1371 119434 2.0
1372 119485 2.0
1373 119534 2.0
1374 119585 2.0
1375 119641 2.0
1376 119700 2.0
1377 119749 2.0
1378 119797 2.0
1379 119851 2.0
1380 119905 2.0
1381 119990 2.0
1382 120084 2.0
1383 120134 2.0
1384 120194 2.0
1385 120249 2.0
1386 120305 2.0
1387 120372 2.0
1388 120432 2.0
1389 120507 2.0
1390 120580 2.0
1391 120623 2.0
1392 120669 2.0
1393 120715 2.0
1394 120766 2.0
1395 120822 2.0
1396 120874 2.0
1397 120940 2.0
1398 121001 2.0
1399 121055 2.0
1400 121103 2.0
1401 121161 2.0
1402 121223 2.0
1403 121293 2.0
1404 121356 2.0
1405 121422 2.0
1406 121482 2.0
1407 121555 2.0
1408 121603 2.0
1409 121663 2.0
1410 121723 2.0
1411 121793 2.0
1412 121846 2.0
1413 121909 2.0
1414 121974 2.0
1415 122036 2.0
1416 122110 2.0
1417 122160 2.0
1418 122218 2.0
1419 122313 2.0
1420 122379 2.0
1421 122445 2.0
1422 122501 2.0
1423 122578 2.0
1424 122635 2.0
1425 122687 2.0
1426 122751 2.0
1427 122816 2.0
1428 122879 2.0
1429 122947 2.0
1430 123012 2.0
1431 123066 2.0
1432 123116 2.0
1433 123167 2.0
1434 123232 2.0
1435 123280 2.0
1436 123346 2.0
1437 123394 2.0
1438 123467 2.0
1439 123522 2.0
1440 123592 2.0
1441 123639 2.0
1442 123683 2.0
1443 123724 2.0
1444 123766 2.0
1445 123816 2.0
1446 123897 2.0
1447 123953 2.0
1448 124017 2.0
1449 124060 2.0
1450 124120 2.0
1451 124184 2.0
1452 124232 2.0
1453 124281 2.0
1454 124366 2.0
1455 124405 2.0
1456 124467 2.0
1457 124528 2.0
1458 124591 2.0
1459 124661 2.0
1460 124705 2.0
1461 124761 2.0
1462 124808 2.0
1463 124865 2.0
1464 124923 2.0
1465 124981 2.0
1466 125052 2.0
1467 125140 2.0
1468 125208 2.0
1469 125255 2.0
1470 125308 2.0
1471 125364 2.0
1472 125431 2.0
1473 125487 2.0
1474 125538 2.0
1475 125605 2.0
1476 125685 2.0
1477 125740 2.0
1478 125828 2.0
1479 125903 2.0
1480 125965 2.0
1481 126018 2.0
1482 126079 2.0
1483 126150 2.0
1484 126228 2.0
1485 126296 2.0
1486 126377 2.0
1487 126430 2.0
1488 126498 2.0
1489 126605 2.0
1490 126648 2.0
1491 126696 2.0
1492 126741 2.0
1493 126795 2.0
1494 126861 2.0
1495 126958 2.0
1496 127027 2.0
1497 127087 2.0
1498 127148 2.0
1499 127189 2.0
1500 127267 2.0
1501 127318 2.0
1502 127384 2.0
1503 127461 2.0
1504 127523 2.0
1505 127589 2.0
1506 127647 2.0
1507 127714 2.0
1508 127765 2.0
1509 127825 2.0
1510 127880 2.0
1511 127940 2.0
1512 128003 2.0
1513 128049 2.0
1514 128102 2.0
1515 128152 2.0
1516 128216 2.0
1517 128280 2.0
1518 128355 2.0
1519 128414 2.0
1520 128487 2.0
1521 128541 2.0
1522 128637 2.0
1523 128704 2.0
1524 128763 2.0
1525 128808 2.0
1526 128865 2.0
1527 128936 2.0
1528 128980 2.0
1529 129052 2.0
1530 129102 2.0
1531 129157 2.0
1532 129214 2.0
1533 129271 2.0
1534 129324 2.0
1535 129377 2.0
1536 129436 2.0
1537 129491 2.0
1538 129546 2.0
1539 129596 2.0
1540 129645 2.0
1541 129696 2.0
1542 129757 2.0
1543 129819 2.0
1544 129869 2.0
1545 129920 2.0
1546 129978 2.0
1547 130026 2.0
1548 130075 2.0
1549 130141 2.0
1550 130199 2.0
1551 130267 2.0
1552 130325 2.0
1553 130393 2.0
1554 130486 2.0
1555 130545 2.0
1556 130587 2.0
1557 130650 2.0
1558 130712 2.0
1559 130771 2.0
1560 130840 2.0
1561 130892 2.0
1562 130956 2.0
1563 131017 2.0
1564 131097 2.0
1565 131152 2.0
1566 131200 2.0
1567 131279 2.0
1568 131359 2.0
1569 131407 2.0
1570 131481 2.0
1571 131535 2.0
1572 131589 2.0
1573 131659 2.0
1574 131731 2.0
1575 131792 2.0
1576 131866 2.0
1577 131914 2.0
1578 131953 2.0
1579 132005 2.0
1580 132061 2.0
1581 132115 2.0
1582 132159 2.0
1583 132211 2.0
1584 132276 2.0
1585 132346 2.0
1586 132416 2.0
1587 132481 2.0
1588 132527 2.0
1589 132581 2.0
1590 132629 2.0
1591 132675 2.0
1592 132722 2.0
1593 132809 2.0
1594 132870 2.0
1595 132919 2.0
1596 132978 2.0
1597 133103 2.0
1598 133151 2.0
1599 133221 2.0
1600 133283 2.0
1601 133336 2.0
1602 133409 2.0
1603 133461 2.0
1604 133527 2.0
1605 133571 2.0
1606 133639 2.0
1607 133687 2.0
1608 133755 2.0
1609 133808 2.0
1610 133853 2.0
1611 133926 2.0
1612 133985 2.0
1613 134044 2.0
1614 134092 2.0
1615 134156 2.0
1616 134210 2.0
1617 134265 2.0
1618 134309 2.0
1619 134371 2.0
1620 134413 2.0
1621 134461 2.0
1622 134530 2.0
1623 134582 2.0
1624 134649 2.0
1625 134699 2.0
1626 134762 2.0
1627 134808 2.0
1628 134878 2.0
1629 134930 2.0
1630 135004 2.0
1631 135070 2.0
1632 135129 2.0
1633 135201 2.0
1634 135251 2.0
1635 135313 2.0
1636 135370 2.0
1637 135426 2.0
1638 135479 2.0
1639 135549 2.0
1640 135606 2.0
1641 135656 2.0
1642 135698 2.0
1643 135766 2.0
1644 135818 2.0
1645 135890 2.0
1646 135952 2.0
1647 135994 2.0
1648 136035 2.0
1649 136102 2.0
1650 136163 2.0
1651 136227 2.0
1652 136312 2.0
1653 136359 2.0
1654 136420 2.0
1655 136467 2.0
1656 136547 2.0
1657 136608 2.0
1658 136681 2.0
1659 136750 2.0
1660 136797 2.0
1661 136878 2.0
1662 136934 2.0
1663 136999 2.0
1664 137064 2.0
1665 137140 2.0
1666 137192 2.0
1667 137257 2.0
1668 137308 2.0
1669 137364 2.0
1670 137417 2.0
1671 137477 2.0
1672 137531 2.0
1673 137588 2.0
1674 137653 2.0
1675 137713 2.0
1676 137786 2.0
1677 137844 2.0
1678 137919 2.0
1679 138009 2.0
1680 138059 2.0
1681 138133 2.0
1682 138184 2.0
1683 138241 2.0
1684 138313 2.0
1685 138357 2.0
1686 138415 2.0
1687 138478 2.0
1688 138563 2.0
1689 138634 2.0
1690 138687 2.0
1691 138739 2.0
1692 138786 2.0
1693 138855 2.0
1694 138915 2.0
1695 138968 2.0
1696 139016 2.0
1697 139083 2.0
1698 139129 2.0
1699 139186 2.0
1700 139245 2.0
1701 139307 2.0
1702 139379 2.0
1703 139455 2.0
1704 139518 2.0
1705 139571 2.0
1706 139636 2.0
1707 139690 2.0
1708 139766 2.0
1709 139833 2.0
1710 139890 2.0
1711 139951 2.0
1712 140014 2.0
1713 140112 2.0
1714 140177 2.0
1715 140231 2.0
1716 140276 2.0
1717 140338 2.0
1718 140385 2.0
1719 140460 2.0
1720 140517 2.0
1721 140575 2.0
1722 140629 2.0
1723 140698 2.0
1724 140754 2.0
1725 140802 2.0
1726 140859 2.0
1727 140919 2.0
1728 140972 2.0
1729 141013 2.0
1730 141057 2.0
1731 141110 2.0
1732 141170 2.0
1733 141243 2.0
1734 141284 2.0
1735 141350 2.0
1736 141405 2.0
1737 141479 2.0
1738 141529 2.0
1739 141578 2.0
1740 141647 2.0
1741 141708 2.0
1742 141756 2.0
1743 141803 2.0
1744 141856 2.0
1745 141919 2.0
1746 141960 2.0
1747 142010 2.0
1748 142080 2.0
1749 142135 2.0
1750 142208 2.0
1751 142284 2.0
1752 142355 2.0
1753 142417 2.0
1754 142478 2.0
1755 142530 2.0
1756 142575 2.0
1757 142662 2.0
1758 142731 2.0
1759 142779 2.0
1760 142838 2.0
1761 142911 2.0
1762 142961 2.0
1763 143017 2.0
1764 143069 2.0
1765 143136 2.0
1766 143221 2.0
1767 143264 2.0
1768 143340 2.0
1769 143402 2.0
1770 143463 2.0
1771 143545 2.0
1772 143618 2.0
1773 143670 2.0
1774 143729 2.0
1775 143793 2.0
1776 143851 2.0
1777 143921 2.0
1778 143998 2.0
1779 144084 2.0
1780 144149 2.0
1781 144198 2.0
1782 144267 2.0
1783 144364 2.0
1784 144409 2.0
1785 144464 2.0
1786 144517 2.0
1787 144580 2.0
1788 144648 2.0
1789 144715 2.0
1790 144773 2.0
1791 144823 2.0
1792 144872 2.0
1793 144947 2.0
1794 144999 2.0
1795 145040 2.0
1796 145087 2.0
1797 145150 2.0
1798 145197 2.0
1799 145242 2.0
1800 145292 2.0
1801 145339 2.0
1802 145385 2.0
1803 145453 2.0
1804 145506 2.0
1805 145563 2.0
1806 145617 2.0
1807 145667 2.0
1808 145714 2.0
1809 145769 2.0
1810 145820 2.0
1811 145863 2.0
1812 145913 2.0
1813 145980 2.0
1814 146037 2.0
1815 146088 2.0
1816 146154 2.0
1817 146230 2.0
1818 146304 2.0
1819 146360 2.0
1820 146433 2.0
1821 146508 2.0
1822 146579 2.0
1823 146629 2.0
1824 146713 2.0
1825 146785 2.0
1826 146857 2.0
1827 146909 2.0
1828 146998 2.0
1829 147061 2.0
1830 147147 2.0
1831 147199 2.0
1832 147252 2.0
1833 147303 2.0
1834 147359 2.0
1835 147413 2.0
1836 147456 2.0
1837 147508 2.0
1838 147563 2.0
1839 147621 2.0
1840 147687 2.0
1841 147749 2.0
1842 147818 2.0
1843 147875 2.0
1844 147932 2.0
1845 147989 2.0
1846 148060 2.0
1847 148163 2.0
1848 148244 2.0
1849 148287 2.0
1850 148341 2.0
1851 148442 2.0
1852 148490 2.0
1853 148554 2.0
1854 148614 2.0
1855 148676 2.0
1856 148750 2.0
1857 148794 2.0
1858 148878 2.0
1859 148921 2.0
1860 148975 2.0
1861 149036 2.0
1862 149080 2.0
1863 149133 2.0
1864 149189 2.0
1865 149239 2.0
1866 149309 2.0
1867 149351 2.0
1868 149404 2.0
1869 149467 2.0
1870 149533 2.0
1871 149585 2.0
1872 149625 2.0
1873 149683 2.0
1874 149749 2.0
1875 149796 2.0
1876 149844 2.0
1877 149901 2.0
1878 149969 2.0
1879 150023 2.0
1880 150091 2.0
1881 150145 2.0
1882 150206 2.0
1883 150270 2.0
1884 150320 2.0
1885 150381 2.0
1886 150433 2.0
1887 150493 2.0
1888 150538 2.0
1889 150591 2.0
1890 150641 2.0
1891 150703 2.0
1892 150762 2.0
1893 150813 2.0
1894 150877 2.0
1895 150940 2.0
1896 151005 2.0
1897 151055 2.0
1898 151108 2.0
1899 151167 2.0
1900 151268 2.0
1901 151311 2.0
1902 151389 2.0
1903 151442 2.0
1904 151524 2.0
1905 151586 2.0
1906 151654 2.0
1907 151714 2.0
1908 151771 2.0
1909 151828 2.0
1910 151886 2.0
1911 151930 2.0
1912 151986 2.0
1913 152038 2.0
1914 152083 2.0
1915 152152 2.0
1916 152211 2.0
1917 152260 2.0
1918 152313 2.0
1919 152377 2.0
1920 152435 2.0
1921 152485 2.0
1922 152529 2.0
1923 152583 2.0
1924 152628 2.0
1925 152698 2.0
1926 152752 2.0
1927 152802 2.0
1928 152864 2.0
1929 152948 2.0
1930 153035 2.0
1931 153083 2.0
1932 153147 2.0
1933 153217 2.0
1934 153266 2.0
1935 153345 2.0
1936 153389 2.0
1937 153448 2.0
1938 153494 2.0
1939 153571 2.0
1940 153651 2.0
1941 153705 2.0
1942 153769 2.0
1943 153814 2.0
1944 153857 2.0
1945 153907 2.0
1946 153955 2.0
1947 154010 2.0
1948 154063 2.0
1949 154142 2.0
1950 154195 2.0
1951 154251 2.0
1952 154312 2.0
1953 154361 2.0
1954 154428 2.0
1955 154490 2.0
1956 154560 2.0
1957 154619 2.0
1958 154673 2.0
1959 154728 2.0
1960 154777 2.0
1961 154827 2.0
1962 154880 2.0
1963 154953 2.0
1964 155010 2.0
1965 155071 2.0
1966 155117 2.0
1967 155168 2.0
1968 155226 2.0
1969 155275 2.0
1970 155344 2.0
1971 155413 2.0
1972 155492 2.0
1973 155543 2.0
1974 155596 2.0
1975 155665 2.0
1976 155734 2.0
1977 155783 2.0
1978 155856 2.0
1979 155908 2.0
1980 155954 2.0
1981 156036 2.0
1982 156089 2.0
1983 156139 2.0
1984 156197 2.0
1985 156250 2.0
1986 156313 2.0
1987 156406 2.0
1988 156467 2.0
1989 156518 2.0
1990 156580 2.0
1991 156621 2.0
1992 156679 2.0
1993 156722 2.0
1994 156777 2.0
1995 156850 2.0
1996 156921 2.0
1997 156968 2.0
1998 157036 2.0
1999 157099 2.0
2000 157150 2.0
2001 157206 2.0
2002 157261 2.0
2003 157321 2.0
2004 157372 2.0
2005 157423 2.0
2006 157473 2.0
2007 157540 2.0
2008 157586 2.0
2009 157652 2.0
2010 157698 2.0
2011 157749 2.0
2012 157805 2.0
2013 157851 2.0
2014 157930 2.0
2015 157986 2.0
2016 158047 2.0
2017 158097 2.0
2018 158152 2.0
2019 158210 2.0
2020 158262 2.0
2021 158308 2.0
2022 158380 2.0
2023 158429 2.0
2024 158483 2.0
2025 158535 2.0
2026 158652 2.0
2027 158727 2.0
2028 158807 2.0
2029 158858 2.0
2030 158921 2.0
2031 158986 2.0
2032 159042 2.0
2033 159099 2.0
2034 159146 2.0
2035 159212 2.0
2036 159263 2.0
2037 159324 2.0
2038 159377 2.0
2039 159455 2.0
2040 159508 2.0
2041 159574 2.0
2042 159624 2.0
2043 159692 2.0
2044 159747 2.0
2045 159806 2.0
2046 159860 2.0
2047 159912 2.0
2048 159962 2.0
2049 160011 2.0
2050 160067 2.0
2051 160118 2.0
2052 160159 2.0
2053 160221 2.0
2054 160267 2.0
2055 160337 2.0
2056 160398 2.0
2057 160453 2.0
2058 160504 2.0
2059 160550 2.0
2060 160596 2.0
2061 160644 2.0
2062 160699 2.0
2063 160758 2.0
2064 160860 2.0
2065 160906 2.0
2066 160971 2.0
2067 161018 2.0
2068 161080 2.0
2069 161138 2.0
2070 161192 2.0
2071 161251 2.0
2072 161309 2.0
2073 161356 2.0
2074 161411 2.0
2075 161472 2.0
2076 161555 2.0
2077 161609 2.0
2078 161663 2.0
2079 161712 2.0
2080 161780 2.0
2081 161824 2.0
2082 161884 2.0
2083 161947 2.0
2084 161995 2.0
2085 162055 2.0
2086 162112 2.0
2087 162181 2.0
2088 162256 2.0
2089 162311 2.0
2090 162371 2.0
2091 162417 2.0
2092 162461 2.0
2093 162521 2.0
2094 162579 2.0
2095 162632 2.0
2096 162688 2.0
2097 162741 2.0
2098 162789 2.0
2099 162847 2.0
2100 162902 2.0
2101 162966 2.0
2102 163014 2.0
2103 163074 2.0
2104 163164 2.0
2105 163222 2.0
2106 163273 2.0
2107 163340 2.0
2108 163389 2.0
2109 163443 2.0
2110 163503 2.0
2111 163578 2.0
2112 163631 2.0
2113 163686 2.0
2114 163741 2.0
2115 163800 2.0
2116 163864 2.0
2117 163903 2.0
2118 163950 2.0
2119 164031 2.0
2120 164077 2.0
2121 164126 2.0
2122 164177 2.0
2123 164234 2.0
2124 164317 2.0
2125 164363 2.0
2126 164431 2.0
2127 164500 2.0
2128 164564 2.0
2129 164638 2.0
2130 164700 2.0
2131 164743 2.0
2132 164792 2.0
2133 164835 2.0
2134 164884 2.0
2135 164931 2.0
2136 164993 2.0
2137 165037 2.0
2138 165107 2.0
2139 165164 2.0
2140 165204 2.0
2141 165273 2.0
2142 165325 2.0
2143 165390 2.0
2144 165441 2.0
2145 165509 2.0
2146 165563 2.0
2147 165610 2.0
2148 165683 2.0
2149 165738 2.0
2150 165793 2.0
2151 165843 2.0
2152 165891 2.0
2153 165934 2.0
2154 165988 2.0
2155 166047 2.0
2156 166097 2.0
2157 166158 2.0
2158 166221 2.0
2159 166265 2.0
2160 166310 2.0
2161 166370 2.0
2162 166423 2.0
2163 166482 2.0
2164 166543 2.0
2165 166595 2.0
2166 166648 2.0
2167 166709 2.0
2168 166758 2.0
2169 166809 2.0
2170 166865 2.0
2171 166922 2.0
2172 166977 2.0
2173 167038 2.0
2174 167090 2.0
2175 167155 2.0
2176 167225 2.0
2177 167286 2.0
2178 167338 2.0
2179 167378 2.0
2180 167452 2.0
2181 167533 2.0
2182 167581 2.0
2183 167653 2.0
2184 167708 2.0
2185 167777 2.0
2186 167829 2.0
2187 167884 2.0
2188 167937 2.0
2189 167979 2.0
2190 168043 2.0
2191 168098 2.0
2192 168163 2.0
2193 168209 2.0
2194 168262 2.0
2195 168308 2.0
2196 168355 2.0
2197 168415 2.0
2198 168473 2.0
2199 168522 2.0
2200 168576 2.0
2201 168660 2.0
2202 168714 2.0
2203 168768 2.0
2204 168837 2.0
2205 168896 2.0
2206 168963 2.0
2207 169027 2.0
2208 169117 2.0
2209 169191 2.0
2210 169241 2.0
2211 169294 2.0
2212 169347 2.0
2213 169417 2.0
2214 169467 2.0
2215 169521 2.0
2216 169568 2.0
2217 169641 2.0
2218 169695 2.0
2219 169758 2.0
2220 169813 2.0
2221 169865 2.0
2222 169919 2.0
2223 169962 2.0
2224 170012 2.0
2225 170064 2.0
2226 170107 2.0
2227 170147 2.0
2228 170213 2.0
2229 170261 2.0
2230 170313 2.0
2231 170361 2.0
2232 170444 2.0
2233 170504 2.0
2234 170560 2.0
2235 170605 2.0
2236 170674 2.0
2237 170737 2.0
2238 170799 2.0
2239 170876 2.0
2240 170926 2.0
2241 170971 2.0
2242 171023 2.0
2243 171076 2.0
2244 171138 2.0
2245 171190 2.0
2246 171239 2.0
2247 171288 2.0
2248 171345 2.0
2249 171407 2.0
2250 171462 2.0
2251 171512 2.0
2252 171567 2.0
2253 171651 2.0
2254 171713 2.0
2255 171768 2.0
2256 171820 2.0
2257 171866 2.0
2258 171921 2.0
2259 171976 2.0
2260 172022 2.0
2261 172078 2.0
2262 172123 2.0
2263 172182 2.0
2264 172229 2.0
2265 172288 2.0
2266 172339 2.0
2267 172387 2.0
2268 172435 2.0
2269 172517 2.0
2270 172570 2.0
2271 172656 2.0
2272 172705 2.0
2273 172755 2.0
2274 172809 2.0
2275 172869 2.0
2276 172921 2.0
2277 172976 2.0
2278 173036 2.0
2279 173087 2.0
2280 173146 2.0
2281 173196 2.0
2282 173250 2.0
2283 173319 2.0
2284 173379 2.0
2285 173432 2.0
2286 173493 2.0
2287 173547 2.0
2288 173606 2.0
2289 173662 2.0
2290 173720 2.0
2291 173787 2.0
2292 173832 2.0
2293 173934 2.0
2294 174013 2.0
2295 174070 2.0
2296 174119 2.0
2297 174174 2.0
2298 174231 2.0
2299 174282 2.0
2300 174334 2.0
2301 174383 2.0
2302 174436 2.0
2303 174484 2.0
2304 174559 2.0
2305 174628 2.0
2306 174688 2.0
2307 174747 2.0
2308 174818 2.0
2309 174899 2.0
2310 174956 2.0
2311 175001 2.0
2312 175050 2.0
2313 175126 2.0
2314 175192 2.0
2315 175260 2.0
2316 175325 2.0
2317 175382 2.0
2318 175431 2.0
2319 175492 2.0
2320 175555 2.0
2321 175611 2.0
2322 175656 2.0
2323 175723 2.0
2324 175783 2.0
2325 175834 2.0
2326 175888 2.0
2327 175947 2.0
2328 175997 2.0
2329 176056 2.0
2330 176117 2.0
2331 176181 2.0
2332 176251 2.0
2333 176315 2.0
2334 176363 2.0
2335 176406 2.0
2336 176465 2.0
2337 176511 2.0
2338 176580 2.0
2339 176628 2.0
2340 176688 2.0
2341 176750 2.0
2342 176790 2.0
2343 176841 2.0
2344 176906 2.0
2345 176958 2.0
2346 177012 2.0
2347 177066 2.0
2348 177110 2.0
2349 177156 2.0
2350 177202 2.0
2351 177249 2.0
2352 177312 2.0
2353 177372 2.0
2354 177449 2.0
2355 177502 2.0
2356 177558 2.0
2357 177605 2.0
2358 177671 2.0
2359 177729 2.0
2360 177795 2.0
2361 177838 2.0
2362 177889 2.0
2363 177955 2.0
2364 178016 2.0
2365 178075 2.0
2366 178148 2.0
2367 178201 2.0
2368 178255 2.0
2369 178319 2.0
2370 178370 2.0
2371 178456 2.0
2372 178498 2.0
2373 178550 2.0
2374 178616 2.0
2375 178661 2.0
2376 178706 2.0
2377 178761 2.0
2378 178821 2.0
2379 178884 2.0
2380 178946 2.0
2381 178998 2.0
2382 179047 2.0
2383 179104 2.0
2384 179152 2.0
2385 179230 2.0
2386 179274 2.0
2387 179332 2.0
2388 179392 2.0
2389 179445 2.0
2390 179510 2.0
2391 179570 2.0
2392 179640 2.0
2393 179687 2.0
2394 179750 2.0
2395 179817 2.0
2396 179869 2.0
2397 179916 2.0
2398 179981 2.0
2399 180037 2.0
2400 180080 2.0
2401 180128 2.0
2402 180199 2.0
2403 180251 2.0
2404 180319 2.0
2405 180398 2.0
2406 180447 2.0
2407 180490 2.0
2408 180551 2.0
2409 180601 2.0
2410 180666 2.0
2411 180719 2.0
2412 180787 2.0
2413 180852 2.0
2414 180909 2.0
2415 180965 2.0
2416 181019 2.0
2417 181076 2.0
2418 181136 2.0
2419 181189 2.0
2420 181256 2.0
2421 181302 2.0
2422 181360 2.0
2423 181420 2.0
2424 181471 2.0
2425 181519 2.0
2426 181567 2.0
2427 181607 2.0
2428 181649 2.0
2429 181708 2.0
2430 181757 2.0
2431 181810 2.0
2432 181868 2.0
2433 181921 2.0
2434 181989 2.0
2435 182050 2.0
2436 182104 2.0
2437 182159 2.0
2438 182212 2.0
2439 182280 2.0
2440 182334 2.0
2441 182386 2.0
2442 182435 2.0
2443 182479 2.0
2444 182523 2.0
2445 182572 2.0
2446 182622 2.0
2447 182666 2.0
2448 182712 2.0
2449 182781 2.0
2450 182835 2.0
2451 182880 2.0
2452 182939 2.0
2453 183006 2.0
2454 183071 2.0
2455 183149 2.0
2456 183194 2.0
2457 183246 2.0
2458 183317 2.0
2459 183365 2.0
2460 183418 2.0
2461 183496 2.0
2462 183559 2.0
2463 183619 2.0
2464 183708 2.0
2465 183748 2.0
2466 183816 2.0
2467 183874 2.0
2468 183913 2.0
2469 183974 2.0
2470 184031 2.0
2471 184124 2.0
2472 184190 2.0
2473 184280 2.0
2474 184330 2.0
2475 184387 2.0
2476 184438 2.0
2477 184485 2.0
2478 184534 2.0
2479 184577 2.0
2480 184664 2.0
2481 184714 2.0
2482 184754 2.0
2483 184811 2.0
2484 184870 2.0
2485 184923 2.0
2486 184983 2.0
2487 185030 2.0
2488 185084 2.0
2489 185128 2.0
2490 185211 2.0
2491 185259 2.0
2492 185301 2.0
2493 185355 2.0
2494 185411 2.0
2495 185457 2.0
2496 185513 2.0
2497 185584 2.0
2498 185632 2.0
2499 185694 2.0
2500 185742 2.0
2501 185794 2.0
2502 185872 2.0
2503 185943 2.0
2504 185998 2.0
2505 186043 2.0
2506 186101 2.0
2507 186143 2.0
2508 186210 2.0
2509 186268 2.0
2510 186316 2.0
2511 186363 2.0
2512 186413 2.0
2513 186467 2.0
2514 186517 2.0
2515 186570 2.0
2516 186618 2.0
2517 186662 2.0
2518 186713 2.0
2519 186758 2.0
2520 186803 2.0
2521 186856 2.0
2522 186903 2.0
2523 186988 2.0
2524 187040 2.0
2525 187080 2.0
2526 187125 2.0
2527 187183 2.0
2528 187227 2.0
2529 187295 2.0
2530 187363 2.0
2531 187407 2.0
2532 187451 2.0
2533 187502 2.0
2534 187565 2.0
2535 187625 2.0
2536 187677 2.0
2537 187752 2.0
2538 187825 2.0
2539 187880 2.0
2540 187938 2.0
2541 188002 2.0
2542 188057 2.0
2543 188121 2.0
2544 188165 2.0
2545 188221 2.0
2546 188284 2.0
2547 188330 2.0
2548 188390 2.0
2549 188445 2.0
2550 188507 2.0
2551 188579 2.0
2552 188632 2.0
2553 188677 2.0
2554 188732 2.0
2555 188788 2.0
2556 188850 2.0
2557 188901 2.0
2558 188961 2.0
2559 189021 2.0
2560 189067 2.0
2561 189112 2.0
2562 189178 2.0
2563 189230 2.0
2564 189269 2.0
2565 189330 2.0
2566 189379 2.0
2567 189440 2.0
2568 189510 2.0
2569 189568 2.0
2570 189628 2.0
2571 189684 2.0
2572 189741 2.0
2573 189804 2.0
2574 189856 2.0
2575 189908 2.0
2576 189957 2.0
2577 190011 2.0
2578 190106 2.0
2579 190160 2.0
2580 190218 2.0
2581 190279 2.0
2582 190326 2.0
2583 190387 2.0
2584 190430 2.0
2585 190482 2.0
2586 190549 2.0
2587 190602 2.0
2588 190666 2.0
2589 190714 2.0
2590 190765 2.0
2591 190818 2.0
2592 190855 2.0
2593 190901 2.0
2594 190963 2.0
2595 191005 2.0
2596 191055 2.0
2597 191104 2.0
2598 191181 2.0
2599 191260 2.0
2600 191309 2.0
2601 191362 2.0
2602 191417 2.0
2603 191475 2.0
2604 191532 2.0
2605 191590 2.0
2606 191638 2.0
2607 191695 2.0
2608 191737 2.0
2609 191797 2.0
2610 191853 2.0
2611 191902 2.0
2612 191972 2.0
2613 192016 2.0
2614 192064 2.0
2615 192141 2.0
2616 192212 2.0
2617 192267 2.0
2618 192329 2.0
2619 192398 2.0
2620 192442 2.0
2621 192501 2.0
2622 192552 2.0
2623 192608 2.0
2624 192654 2.0
2625 192706 2.0
2626 192751 2.0
2627 192807 2.0
2628 192859 2.0
2629 192926 2.0
2630 192976 2.0
2631 193032 2.0
2632 193078 2.0
2633 193151 2.0
2634 193224 2.0
2635 193268 2.0
2636 193341 2.0
2637 193394 2.0
2638 193480 2.0
2639 193534 2.0
2640 193583 2.0
2641 193634 2.0
2642 193705 2.0
2643 193760 2.0
2644 193843 2.0
2645 193896 2.0
2646 193947 2.0
2647 194007 2.0
2648 194070 2.0
2649 194112 2.0
2650 194175 2.0
2651 194257 2.0
2652 194318 2.0
2653 194379 2.0
2654 194433 2.0
2655 194490 2.0
2656 194534 2.0
2657 194587 2.0
