1 200 0.14
2 400 0.15000000000000002
3 600 0.17
4 800 0.18000000000000002
5 1000 0.2
6 1200 0.21000000000000002
7 1400 0.22000000000000003
8 1600 0.23
9 1800 0.24000000000000005
10 2000 0.25000000000000006
11 2200 0.26000000000000006
12 2400 0.27
13 2600 0.28
14 2800 0.29000000000000004
15 3000 0.30000000000000004
16 3200 0.31000000000000005
17 3400 0.32000000000000006
18 3600 0.33000000000000007
19 3800 0.3400000000000001
20 4000 0.3500000000000001
21 4200 0.36000000000000004
22 4400 0.37
23 4600 0.38
24 4800 0.39
25 5000 0.4
26 5200 0.41000000000000003
27 5400 0.42000000000000004
28 5600 0.43000000000000005
29 5800 0.44000000000000006
30 6000 0.4600000000000001
31 6200 0.4800000000000001
32 6400 0.49000000000000005
33 6600 0.5000000000000001
34 6800 0.51
35 7000 0.52
36 7200 0.53
37 7400 0.54
38 7600 0.55
39 7800 0.5700000000000001
40 8000 0.5800000000000001
41 8200 0.5900000000000001
42 8400 0.6000000000000001
43 8600 0.6100000000000001
44 8800 0.6200000000000001
45 9000 0.6400000000000001
46 9200 0.6500000000000001
47 9400 0.6600000000000001
48 9600 0.67
49 9800 0.6799999999999999
50 10000 0.6900000000000001
51 10200 0.7000000000000001
52 10400 0.72
53 10600 0.73
54 10800 0.73
55 11000 0.75
56 11200 0.75
57 11400 0.76
58 11600 0.77
59 11800 0.78
60 12000 0.8
61 12200 0.8200000000000001
62 12400 0.8400000000000001
63 12600 0.8500000000000001
64 12800 0.8700000000000001
65 13000 0.8900000000000001
66 13200 0.9000000000000001
67 13400 0.9200000000000002
68 13600 0.9400000000000001
69 13800 0.9500000000000001
70 14000 0.9700000000000001
71 14200 0.99
72 14400 1.01
73 14600 1.02
74 14800 1.04
75 15000 1.05
76 15200 1.07
77 15400 1.08
78 15600 1.1
79 15800 1.12
80 16000 1.1400000000000001
81 16200 1.1600000000000001
82 16400 1.1800000000000002
83 16600 1.2000000000000002
84 16800 1.2100000000000002
85 17000 1.2300000000000002
86 17200 1.2500000000000002
87 17400 1.2700000000000002
88 17600 1.2900000000000003
89 17800 1.3000000000000003
90 18000 1.3200000000000003
91 18200 1.3400000000000003
92 18400 1.3600000000000003
93 18600 1.3700000000000003
94 18800 1.3800000000000003
95 19000 1.3900000000000001
96 19200 1.4000000000000001
97 19400 1.4100000000000001
98 19600 1.42
99 19800 1.43
100 20000 1.44
101 20200 1.4500000000000002
102 20337 1.46
103 20537 1.46
104 20676 1.47
105 20876 1.4700000000000002
106 21076 1.48
107 21276 1.49
108 21476 1.5
109 21676 1.51
110 21876 1.52
111 22076 1.53
112 22276 1.54
113 22476 1.55
114 22676 1.56
115 22876 1.57
116 23076 1.58
117 23276 1.59
118 23476 1.6
119 23676 1.61
120 23876 1.62
121 24076 1.6300000000000001
122 24276 1.6400000000000001
123 24476 1.6500000000000001
124 24676 1.6600000000000001
125 24876 1.6700000000000002
126 25076 1.6800000000000002
127 25276 1.6900000000000002
128 25476 1.7000000000000002
129 25631 1.7100000000000002
130 25780 1.7100000000000002
131 25980 1.7100000000000002
132 26180 1.7200000000000002
133 26380 1.7300000000000002
134 26580 1.7400000000000002
135 26780 1.7500000000000002
136 26980 1.7600000000000002
137 27180 1.7700000000000002
138 27371 1.7800000000000002
139 27571 1.7700000000000002
140 27771 1.7800000000000002
141 27971 1.7900000000000003
142 28171 1.8000000000000003
143 28371 1.8100000000000003
144 28502 1.8200000000000003
145 28702 1.8200000000000003
146 28902 1.8300000000000003
147 29102 1.8400000000000003
148 29302 1.8400000000000003
149 29502 1.8500000000000003
150 29702 1.8600000000000003
151 29846 1.8700000000000003
152 30046 1.8700000000000003
153 30246 1.8800000000000003
154 30332 1.8900000000000003
155 30532 1.8900000000000003
156 30732 1.9000000000000004
157 30932 1.9100000000000004
158 31132 1.9200000000000004
159 31277 1.9300000000000002
160 31386 1.9300000000000002
161 31525 1.9300000000000002
162 31725 1.9300000000000002
163 31909 1.9400000000000004
164 32044 1.9400000000000004
165 32220 1.9400000000000004
166 32375 1.9400000000000004
167 32532 1.9400000000000004
168 32732 1.9400000000000004
169 32842 1.9500000000000002
170 32967 1.9500000000000002
171 33057 1.9500000000000002
172 33257 1.9500000000000002
173 33344 1.9600000000000004
174 33544 1.9600000000000004
175 33657 1.9700000000000002
176 33857 1.9700000000000002
177 33968 1.9800000000000002
178 34114 1.9800000000000002
179 34243 1.9800000000000002
180 34383 1.9800000000000002
181 34514 1.9600000000000002
182 34616 1.9600000000000002
183 34691 1.9600000000000002
184 34832 1.9600000000000002
185 34908 1.9500000000000004
186 35076 1.9500000000000004
187 35252 1.9500000000000004
188 35429 1.9500000000000004
189 35619 1.9500000000000002
190 35730 1.9500000000000002
191 35823 1.9500000000000002
192 35940 1.9500000000000002
193 35997 1.9500000000000002
194 36054 1.9500000000000002
195 36152 1.9500000000000002
196 36242 1.9500000000000002
197 36355 1.9500000000000002
198 36454 1.9500000000000002
199 36567 1.9500000000000002
200 36693 1.9500000000000004
201 36824 1.9500000000000004
202 36974 1.9500000000000004
203 37079 1.9500000000000004
204 37180 1.9500000000000004
205 37329 1.9500000000000004
206 37416 1.9500000000000004
207 37539 1.9500000000000004
208 37623 1.9500000000000004
209 37712 1.9500000000000004
210 37780 1.9500000000000004
211 37845 1.9500000000000004
212 38002 1.9500000000000004
213 38134 1.9500000000000004
214 38227 1.9500000000000004
215 38360 1.9500000000000004
216 38479 1.9500000000000004
217 38567 1.9500000000000004
218 38635 1.9500000000000004
219 38729 1.9500000000000004
220 38842 1.9500000000000004
221 38946 1.9500000000000004
222 39087 1.9500000000000004
223 39160 1.9500000000000004
224 39270 1.9500000000000004
225 39333 1.9500000000000004
226 39412 1.9500000000000004
227 39572 1.9500000000000004
228 39672 1.9500000000000004
229 39755 1.9500000000000004
230 39901 1.9500000000000004
231 40033 1.9500000000000004
232 40111 1.9500000000000004
233 40185 1.9500000000000004
234 40248 1.9500000000000004
235 40346 1.9500000000000004
236 40410 1.9500000000000004
237 40486 1.9500000000000004
238 40686 1.9500000000000004
239 40810 1.9600000000000004
240 40861 1.9600000000000004
241 40944 1.9600000000000004
242 41024 1.9600000000000004
243 41107 1.9600000000000004
244 41165 1.9600000000000004
245 41278 1.9600000000000004
246 41410 1.9600000000000004
247 41610 1.9600000000000004
248 41735 1.9700000000000002
249 41872 1.9700000000000002
250 41955 1.9500000000000002
251 42061 1.9500000000000002
252 42161 1.9500000000000002
253 42299 1.9500000000000002
254 42361 1.9500000000000004
255 42441 1.9500000000000004
256 42529 1.9500000000000004
257 42597 1.9500000000000004
258 42793 1.9500000000000004
259 42862 1.9500000000000004
260 42929 1.9500000000000004
261 43005 1.9500000000000004
262 43129 1.9500000000000004
263 43216 1.9500000000000004
264 43315 1.9500000000000004
265 43396 1.9500000000000004
266 43458 1.9500000000000004
267 43550 1.9500000000000004
268 43606 1.9500000000000004
269 43714 1.9500000000000004
270 43779 1.9500000000000004
271 43864 1.9500000000000004
272 43950 1.9500000000000004
273 44095 1.9500000000000004
274 44164 1.9500000000000004
275 44220 1.9500000000000004
276 44316 1.9500000000000004
277 44399 1.9500000000000004
278 44482 1.9500000000000004
279 44538 1.9500000000000004
280 44738 1.9500000000000004
281 44830 1.9700000000000004
282 44914 1.9700000000000004
283 45030 1.9700000000000004
284 45230 1.9700000000000004
285 45299 1.9800000000000004
286 45392 1.9800000000000004
287 45497 1.9800000000000004
288 45552 1.9800000000000004
289 45690 1.9800000000000004
290 45775 1.9800000000000004
291 45898 1.9800000000000004
292 46038 1.9800000000000004
293 46133 1.9800000000000004
294 46246 1.9800000000000004
295 46338 1.9800000000000004
296 46416 1.9800000000000004
297 46480 1.9800000000000004
298 46552 1.9800000000000004
299 46664 1.9800000000000004
300 46766 1.9800000000000004
301 46858 1.9800000000000004
302 46966 1.9800000000000004
303 47036 1.9800000000000004
304 47130 1.9800000000000004
305 47228 1.9800000000000004
306 47308 1.9800000000000004
307 47390 1.9800000000000004
308 47489 1.9800000000000004
309 47564 1.9800000000000004
310 47663 1.9800000000000004
311 47730 1.9800000000000004
312 47819 1.9800000000000004
313 47934 1.9800000000000004
314 48032 1.9800000000000004
315 48101 1.9800000000000004
316 48167 1.9800000000000004
317 48236 1.9800000000000004
318 48316 1.9800000000000004
319 48376 1.9800000000000004
320 48430 1.9800000000000004
321 48506 1.9800000000000004
322 48588 1.9800000000000004
323 48666 1.9800000000000004
324 48767 1.9800000000000004
325 48865 1.9800000000000004
326 48938 1.9800000000000004
327 49029 1.9800000000000004
328 49097 1.9800000000000004
329 49151 1.9800000000000004
330 49212 1.9800000000000004
331 49284 1.9800000000000004
332 49399 1.9800000000000004
333 49465 1.9800000000000004
334 49534 1.9800000000000004
335 49593 1.9800000000000004
336 49652 1.9800000000000004
337 49711 1.9800000000000004
338 49838 1.9800000000000004
339 49910 1.9800000000000004
340 50012 1.9800000000000004
341 50128 1.9800000000000004
342 50209 1.9800000000000004
343 50279 1.9800000000000004
344 50328 1.9800000000000004
345 50406 1.9800000000000004
346 50469 1.9800000000000004
347 50559 1.9800000000000004
348 50631 1.9800000000000004
349 50831 1.9800000000000004
350 50897 2.0
351 50985 2.0
352 51069 2.0
353 51128 2.0
354 51228 2.0
355 51294 2.0
356 51374 2.0
357 51426 2.0
358 51495 2.0
359 51572 2.0
360 51635 2.0
361 51714 2.0
362 51796 2.0
363 51849 2.0
364 51933 2.0
365 52028 2.0
366 52196 2.0
367 52274 2.0
368 52348 2.0
369 52426 2.0
370 52504 2.0
371 52596 2.0
372 52680 2.0
373 52759 2.0
374 52845 2.0
375 52956 2.0
376 53020 2.0
377 53125 2.0
378 53207 2.0
379 53269 2.0
380 53349 2.0
381 53408 2.0
382 53534 2.0
383 53612 2.0
384 53663 2.0
385 53760 2.0
386 53861 2.0
387 53927 2.0
388 53982 2.0
389 54055 2.0
390 54126 2.0
391 54227 2.0
392 54290 2.0
393 54360 2.0
394 54431 2.0
395 54488 2.0
396 54571 2.0
397 54636 2.0
398 54697 2.0
399 54748 2.0
400 54844 2.0
401 54922 2.0
402 55012 2.0
403 55113 2.0
404 55224 2.0
405 55326 2.0
406 55382 2.0
407 55451 2.0
408 55522 2.0
409 55598 2.0
410 55686 2.0
411 55777 2.0
412 55852 2.0
413 55908 2.0
414 56022 2.0
415 56128 2.0
416 56241 2.0
417 56320 2.0
418 56409 2.0
419 56462 2.0
420 56538 2.0
421 56631 2.0
422 56762 2.0
423 56879 2.0
424 56980 2.0
425 57034 2.0
426 57137 2.0
427 57195 2.0
428 57264 2.0
429 57375 2.0
430 57429 2.0
431 57477 2.0
432 57545 2.0
433 57629 2.0
434 57706 2.0
435 57779 2.0
436 57862 2.0
437 57947 2.0
438 58004 2.0
439 58099 2.0
440 58164 2.0
441 58226 2.0
442 58293 2.0
443 58347 2.0
444 58430 2.0
445 58485 2.0
446 58549 2.0
447 58622 2.0
448 58708 2.0
449 58763 2.0
450 58844 2.0
451 58950 2.0
452 59022 2.0
453 59085 2.0
454 59162 2.0
455 59210 2.0
456 59280 2.0
457 59419 2.0
458 59507 2.0
459 59570 2.0
460 59649 2.0
461 59712 1.9800000000000002
462 59781 1.9800000000000002
463 59849 1.9800000000000002
464 59911 1.9800000000000002
465 59983 1.9800000000000004
466 60063 1.9800000000000004
467 60126 1.9800000000000004
468 60231 1.9800000000000004
469 60303 1.9800000000000004
470 60387 1.9800000000000004
471 60462 1.9800000000000004
472 60522 1.9800000000000004
473 60664 1.9800000000000004
474 60715 1.9800000000000004
475 60776 1.9800000000000004
476 60830 1.9800000000000004
477 60909 1.9800000000000004
478 61005 1.9800000000000004
479 61079 1.9800000000000004
480 61145 1.9800000000000004
481 61204 1.9800000000000004
482 61283 1.9800000000000004
483 61346 1.9800000000000004
484 61405 1.9800000000000004
485 61499 1.9800000000000004
486 61565 1.9800000000000004
487 61656 1.9800000000000004
488 61711 1.9800000000000004
489 61780 1.9800000000000004
490 61854 1.9800000000000004
491 61925 1.9800000000000004
492 62006 1.9800000000000004
493 62078 1.9800000000000004
494 62171 1.9800000000000004
495 62230 1.9800000000000004
496 62320 1.9800000000000004
497 62369 1.9800000000000004
498 62441 1.9800000000000004
499 62498 1.9800000000000004
500 62580 1.9800000000000004
501 62656 1.9800000000000004
502 62716 1.9800000000000004
503 62811 1.9800000000000004
504 62937 1.9800000000000004
505 62998 1.9800000000000004
506 63081 1.9800000000000004
507 63131 1.9800000000000004
508 63199 1.9800000000000004
509 63271 1.9800000000000004
510 63333 1.9800000000000004
511 63401 1.9800000000000004
512 63459 1.9800000000000004
513 63525 1.9800000000000004
514 63612 1.9800000000000004
515 63683 1.9800000000000004
516 63737 1.9800000000000004
517 63787 1.9800000000000004
518 63858 1.9800000000000004
519 63919 1.9800000000000004
520 63997 1.9800000000000004
521 64063 1.9800000000000004
522 64145 1.9800000000000004
523 64209 1.9800000000000004
524 64294 1.9800000000000004
525 64351 1.9800000000000004
526 64416 1.9800000000000004
527 64483 1.9800000000000004
528 64554 1.9800000000000004
529 64711 1.9800000000000004
530 64832 1.9800000000000004
531 64894 1.9800000000000004
532 64964 1.9800000000000004
533 65036 1.9800000000000004
534 65157 1.9800000000000004
535 65225 1.9800000000000004
536 65301 1.9800000000000004
537 65362 1.9800000000000004
538 65463 1.9800000000000004
539 65517 1.9800000000000004
540 65579 1.9800000000000004
541 65627 1.9800000000000004
542 65732 1.9800000000000004
543 65821 1.9800000000000004
544 65889 1.9800000000000004
545 65987 1.9800000000000004
546 66055 1.9800000000000004
547 66124 1.9800000000000004
548 66185 1.9800000000000004
549 66275 1.9800000000000004
550 66330 1.9800000000000004
551 66400 1.9800000000000004
552 66485 1.9800000000000004
553 66554 1.9800000000000004
554 66616 1.9800000000000004
555 66658 1.9800000000000004
556 66726 1.9800000000000004
557 66775 1.9800000000000004
558 66853 1.9800000000000004
559 66918 1.9800000000000004
560 67118 1.9800000000000004
561 67180 2.0
562 67227 2.0
563 67292 2.0
564 67349 2.0
565 67414 2.0
566 67479 2.0
567 67538 2.0
568 67601 2.0
569 67703 2.0
570 67793 2.0
571 67863 2.0
572 67927 2.0
573 67989 2.0
574 68061 2.0
575 68157 2.0
576 68233 2.0
577 68290 2.0
578 68338 2.0
579 68416 2.0
580 68477 2.0
581 68543 2.0
582 68613 2.0
583 68698 2.0
584 68769 2.0
585 68841 2.0
586 68890 2.0
587 68949 2.0
588 69014 2.0
589 69079 2.0
590 69146 2.0
591 69196 2.0
592 69269 2.0
593 69362 2.0
594 69423 2.0
595 69544 2.0
596 69658 2.0
597 69744 2.0
598 69819 2.0
599 69893 2.0
600 69970 2.0
601 70052 2.0
602 70124 2.0
603 70295 2.0
604 70376 2.0
605 70447 2.0
606 70541 2.0
607 70628 2.0
608 70681 2.0
609 70753 2.0
610 70813 2.0
611 70908 2.0
612 71032 2.0
613 71108 2.0
614 71167 2.0
615 71258 2.0
616 71325 2.0
617 71378 2.0
618 71450 2.0
619 71511 2.0
620 71618 2.0
621 71697 2.0
622 71773 2.0
623 71821 2.0
624 71893 2.0
625 71971 2.0
626 72047 2.0
627 72113 2.0
628 72174 2.0
629 72241 2.0
630 72340 2.0
631 72407 2.0
632 72474 2.0
633 72526 2.0
634 72610 2.0
635 72683 2.0
636 72742 2.0
637 72789 2.0
638 72836 2.0
639 72893 2.0
640 72974 2.0
641 73068 2.0
642 73159 2.0
643 73211 2.0
644 73391 2.0
645 73435 2.0
646 73505 2.0
647 73593 2.0
648 73638 2.0
649 73703 2.0
650 73764 2.0
651 73834 2.0
652 73897 2.0
653 73968 2.0
654 74030 2.0
655 74094 2.0
656 74168 2.0
657 74225 2.0
658 74283 2.0
659 74411 2.0
660 74461 2.0
661 74522 2.0
662 74597 2.0
663 74644 2.0
664 74718 2.0
665 74781 2.0
666 74843 2.0
667 74901 2.0
668 74975 2.0
669 75026 2.0
670 75100 2.0
671 75163 2.0
672 75229 2.0
673 75295 2.0
674 75336 2.0
675 75401 2.0
676 75470 2.0
677 75555 2.0
678 75626 2.0
679 75700 2.0
680 75754 2.0
681 75822 2.0
682 75901 2.0
683 75958 2.0
684 76013 2.0
685 76095 2.0
686 76153 2.0
687 76209 2.0
688 76257 2.0
689 76329 2.0
690 76373 2.0
691 76444 2.0
692 76498 2.0
693 76548 2.0
694 76602 2.0
695 76666 2.0
696 76722 2.0
697 76770 2.0
698 76821 2.0
699 76902 2.0
700 76970 2.0
701 77021 2.0
702 77108 2.0
703 77173 2.0
704 77233 2.0
705 77310 2.0
706 77363 2.0
707 77442 2.0
708 77507 2.0
709 77573 2.0
710 77636 2.0
711 77707 2.0
712 77775 2.0
713 77846 2.0
714 77903 2.0
715 77988 2.0
716 78072 2.0
717 78131 2.0
718 78193 2.0
719 78251 2.0
720 78316 2.0
721 78389 2.0
722 78488 2.0
723 78558 2.0
724 78625 2.0
725 78706 2.0
726 78777 2.0
727 78877 2.0
728 78935 2.0
729 79043 2.0
730 79102 2.0
731 79205 2.0
732 79321 2.0
733 79389 2.0
734 79445 2.0
735 79510 2.0
736 79575 2.0
737 79652 2.0
738 79710 2.0
739 79797 2.0
740 79857 2.0
741 79913 2.0
742 79969 2.0
743 80038 2.0
744 80100 2.0
745 80160 2.0
746 80220 2.0
747 80285 2.0
748 80350 2.0
749 80411 2.0
750 80487 2.0
751 80568 2.0
752 80638 2.0
753 80740 2.0
754 80798 2.0
755 80867 2.0
756 80913 2.0
757 80997 2.0
758 81070 2.0
759 81165 2.0
760 81269 2.0
761 81318 2.0
762 81409 2.0
763 81504 2.0
764 81566 2.0
765 81624 2.0
766 81696 2.0
767 81760 2.0
768 81843 2.0
769 81904 2.0
770 81968 2.0
771 82022 2.0
772 82090 2.0
773 82145 2.0
774 82225 2.0
775 82300 2.0
776 82365 2.0
777 82420 2.0
778 82492 2.0
779 82573 2.0
780 82653 2.0
781 82708 2.0
782 82763 2.0
783 82816 2.0
784 82873 2.0
785 82954 2.0
786 83056 2.0
787 83105 2.0
788 83194 2.0
789 83250 2.0
790 83354 2.0
791 83405 2.0
792 83461 2.0
793 83518 2.0
794 83584 2.0
795 83661 2.0
796 83731 2.0
797 83819 2.0
798 83896 2.0
799 83958 2.0
800 84008 2.0
801 84075 2.0
802 84168 2.0
803 84235 2.0
804 84297 2.0
805 84369 2.0
806 84453 2.0
807 84514 2.0
808 84595 2.0
809 84669 2.0
810 84751 2.0
811 84830 2.0
812 84923 2.0
813 84989 2.0
814 85039 2.0
815 85114 2.0
816 85180 2.0
817 85272 2.0
818 85325 2.0
819 85376 2.0
820 85452 2.0
821 85522 2.0
822 85596 2.0
823 85670 2.0
824 85724 2.0
825 85787 2.0
826 85866 2.0
827 85938 2.0
828 85994 2.0
829 86105 2.0
830 86163 2.0
831 86212 2.0
832 86278 2.0
833 86358 2.0
834 86428 2.0
835 86527 2.0
836 86596 2.0
837 86668 2.0
838 86732 2.0
839 86782 2.0
840 86844 2.0
841 86891 2.0
842 86931 2.0
843 86988 2.0
844 87039 2.0
845 87113 2.0
846 87189 2.0
847 87270 2.0
848 87322 2.0
849 87403 2.0
850 87448 2.0
851 87498 2.0
852 87576 2.0
853 87646 2.0
854 87712 2.0
855 87797 2.0
856 87879 2.0
857 87953 2.0
858 88031 2.0
859 88093 2.0
860 88148 2.0
861 88212 2.0
862 88267 2.0
863 88318 2.0
864 88373 2.0
865 88443 2.0
866 88526 2.0
867 88588 2.0
868 88675 2.0
869 88754 2.0
870 88829 2.0
871 88898 2.0
872 88970 2.0
873 89023 2.0
874 89083 2.0
875 89161 2.0
876 89238 2.0
877 89299 2.0
878 89359 2.0
879 89434 2.0
880 89480 2.0
881 89565 2.0
882 89615 2.0
883 89700 2.0
884 89765 2.0
885 89820 2.0
886 89868 2.0
887 89923 2.0
888 89972 2.0
889 90033 2.0
890 90090 2.0
891 90163 2.0
892 90258 2.0
893 90343 2.0
894 90418 2.0
895 90496 2.0
896 90554 2.0
897 90603 2.0
898 90711 2.0
899 90757 2.0
900 90837 2.0
901 90905 2.0
902 90970 2.0
903 91044 2.0
904 91122 2.0
905 91195 2.0
906 91241 2.0
907 91323 2.0
908 91419 2.0
909 91474 2.0
910 91526 2.0
911 91599 2.0
912 91691 2.0
913 91750 2.0
914 91806 2.0
915 91873 2.0
916 91936 2.0
917 91994 2.0
918 92103 2.0
919 92161 2.0
920 92218 2.0
921 92273 2.0
922 92335 2.0
923 92399 2.0
924 92477 2.0
925 92540 2.0
926 92603 2.0
927 92663 2.0
928 92717 2.0
929 92761 2.0
930 92860 2.0
931 92924 2.0
932 92971 2.0
933 93033 2.0
934 93082 2.0
935 93156 2.0
936 93209 2.0
937 93276 2.0
938 93343 2.0
939 93401 2.0
940 93448 2.0
941 93514 2.0
942 93602 2.0
943 93672 2.0
944 93724 2.0
945 93781 2.0
946 93845 2.0
947 93928 2.0
948 93975 2.0
949 94039 2.0
950 94103 2.0
951 94159 2.0
952 94221 2.0
953 94299 2.0
954 94358 2.0
955 94426 2.0
956 94497 2.0
957 94568 2.0
958 94619 2.0
959 94676 2.0
960 94748 2.0
961 94819 2.0
962 94889 2.0
963 94942 2.0
964 94993 2.0
965 95049 2.0
966 95107 2.0
967 95166 2.0
968 95230 2.0
969 95305 2.0
970 95361 2.0
971 95443 2.0
972 95520 2.0
973 95572 2.0
974 95644 2.0
975 95696 2.0
976 95764 2.0
977 95816 2.0
978 95873 2.0
979 95941 2.0
980 95990 2.0
981 96069 2.0
982 96124 2.0
983 96179 2.0
984 96245 2.0
985 96327 2.0
986 96396 2.0
987 96473 2.0
988 96559 2.0
989 96622 2.0
990 96669 2.0
991 96729 2.0
992 96797 2.0
993 96856 2.0
994 96915 2.0
995 96966 2.0
996 97055 2.0
997 97119 2.0
998 97179 2.0
999 97222 2.0
1000 97286 2.0
1001 97409 2.0
1002 97478 2.0
1003 97554 2.0
1004 97605 2.0
1005 97671 2.0
1006 97726 2.0
1007 97778 2.0
1008 97848 2.0
1009 97905 2.0
1010 97971 2.0
1011 98025 2.0
1012 98089 2.0
1013 98149 2.0
1014 98215 2.0
1015 98275 2.0
1016 98330 2.0
1017 98393 2.0
1018 98460 2.0
1019 98515 2.0
1020 98565 2.0
1021 98612 2.0
1022 98671 2.0
1023 98718 2.0
1024 98779 2.0
1025 98882 2.0
1026 98932 2.0
1027 98994 2.0
1028 99058 2.0
1029 99134 2.0
1030 99181 2.0
1031 99290 2.0
1032 99359 2.0
1033 99441 2.0
1034 99514 2.0
1035 99583 2.0
1036 99670 2.0
1037 99729 2.0
1038 99807 2.0
1039 99856 2.0
1040 99945 2.0
1041 100016 2.0
1042 100088 2.0
1043 100134 2.0
1044 100195 2.0
1045 100267 2.0
1046 100314 2.0
1047 100367 2.0
1048 100423 2.0
1049 100471 2.0
1050 100531 2.0
1051 100581 2.0
1052 100642 2.0
1053 100710 2.0
1054 100809 2.0
1055 100877 2.0
1056 100942 2.0
1057 100996 2.0
1058 101056 2.0
1059 101150 2.0
1060 101231 2.0
1061 101291 2.0
1062 101342 2.0
1063 101382 2.0
1064 101430 2.0
1065 101480 2.0
1066 101560 2.0
1067 101627 2.0
1068 101701 2.0
1069 101793 2.0
1070 101835 2.0
1071 101893 2.0
1072 101949 2.0
1073 101991 2.0
1074 102039 2.0
1075 102088 2.0
1076 102210 2.0
1077 102271 2.0
1078 102336 2.0
1079 102405 2.0
1080 102465 2.0
1081 102533 2.0
1082 102588 2.0
1083 102647 2.0
1084 102711 2.0
1085 102773 2.0
1086 102837 2.0
1087 102916 2.0
1088 102968 2.0
1089 103047 2.0
1090 103124 2.0
1091 103188 2.0
1092 103250 2.0
1093 103308 2.0
1094 103369 2.0
1095 103431 2.0
1096 103484 2.0
1097 103549 2.0
1098 103606 2.0
1099 103669 2.0
1100 103734 2.0
1101 103783 2.0
1102 103843 2.0
1103 103908 2.0
1104 103967 2.0
1105 104029 2.0
1106 104113 2.0
1107 104157 2.0
1108 104218 2.0
1109 104285 2.0
1110 104361 2.0
1111 104454 2.0
1112 104516 2.0
1113 104578 2.0
1114 104652 2.0
1115 104726 2.0
1116 104783 2.0
1117 104836 2.0
1118 104901 2.0
1119 104965 2.0
1120 105026 2.0
1121 105071 2.0
1122 105121 2.0
1123 105187 2.0
1124 105273 2.0
1125 105324 2.0
1126 105384 2.0
1127 105445 2.0
1128 105504 2.0
1129 105559 2.0
1130 105628 2.0
1131 105706 2.0
1132 105767 2.0
1133 105816 2.0
1134 105875 2.0
1135 105923 2.0
1136 105973 2.0
1137 106050 2.0
1138 106143 2.0
1139 106219 2.0
1140 106292 2.0
1141 106350 2.0
1142 106403 2.0
1143 106466 2.0
1144 106524 2.0
1145 106586 2.0
1146 106666 2.0
1147 106728 2.0
1148 106797 2.0
1149 106878 2.0
1150 106947 2.0
1151 106998 2.0
1152 107050 2.0
1153 107098 2.0
1154 107160 2.0
1155 107232 2.0
1156 107288 2.0
1157 107340 2.0
1158 107383 2.0
1159 107430 2.0
1160 107485 2.0
1161 107563 2.0
1162 107610 2.0
1163 107705 2.0
1164 107766 2.0
1165 107831 2.0
1166 107899 2.0
1167 107945 2.0
1168 108068 2.0
1169 108128 2.0
1170 108190 2.0
1171 108252 2.0
1172 108329 2.0
1173 108383 2.0
1174 108452 2.0
1175 108532 2.0
1176 108587 2.0
1177 108651 2.0
1178 108703 2.0
1179 108752 2.0
1180 108806 2.0
1181 108859 2.0
1182 108916 2.0
1183 108978 2.0
1184 109059 2.0
1185 109116 2.0
1186 109170 2.0
1187 109233 2.0
1188 109298 2.0
1189 109361 2.0
1190 109415 2.0
1191 109486 2.0
1192 109532 2.0
1193 109621 2.0
1194 109685 2.0
1195 109760 2.0
1196 109821 2.0
1197 109890 2.0
1198 109954 2.0
1199 110048 2.0
1200 110114 2.0
1201 110177 2.0
1202 110238 2.0
1203 110292 2.0
1204 110357 2.0
1205 110424 2.0
1206 110485 2.0
1207 110544 2.0
1208 110619 2.0
1209 110676 2.0
1210 110740 2.0
1211 110820 2.0
1212 110880 2.0
1213 110940 2.0
1214 110994 2.0
1215 111058 2.0
1216 111112 2.0
1217 111222 2.0
1218 111286 2.0
1219 111338 2.0
1220 111408 2.0
1221 111478 2.0
1222 111541 2.0
1223 111598 2.0
1224 111655 2.0
1225 111715 2.0
1226 111790 2.0
1227 111862 2.0
1228 111924 2.0
1229 111975 2.0
1230 112034 2.0
1231 112084 2.0
1232 112151 2.0
1233 112208 2.0
1234 112278 2.0
1235 112336 2.0
1236 112396 2.0
1237 112460 2.0
1238 112514 2.0
1239 112564 2.0
1240 112628 2.0
1241 112695 2.0
1242 112754 2.0
1243 112802 2.0
1244 112872 2.0
1245 112932 2.0
1246 112992 2.0
1247 113045 2.0
1248 113108 2.0
1249 113158 2.0
1250 113206 2.0
1251 113262 2.0
1252 113315 2.0
1253 113361 2.0
1254 113411 2.0
1255 113479 2.0
1256 113572 2.0
1257 113629 2.0
1258 113690 2.0
1259 113748 2.0
1260 113801 2.0
1261 113860 2.0
1262 113929 2.0
1263 113992 2.0
1264 114080 2.0
1265 114142 2.0
1266 114210 2.0
1267 114257 2.0
1268 114384 2.0
1269 114442 2.0
1270 114511 2.0
1271 114580 2.0
1272 114643 2.0
1273 114704 2.0
1274 114776 2.0
1275 114843 2.0
1276 114915 2.0
1277 114972 2.0
1278 115021 2.0
1279 115075 2.0
1280 115142 2.0
1281 115190 2.0
1282 115247 2.0
1283 115295 2.0
1284 115394 2.0
1285 115453 2.0
1286 115526 2.0
1287 115581 2.0
1288 115687 2.0
1289 115745 2.0
1290 115792 2.0
1291 115840 2.0
1292 115896 2.0
1293 115980 2.0
1294 116064 2.0
1295 116129 2.0
1296 116191 2.0
1297 116265 2.0
1298 116339 2.0
1299 116456 2.0
1300 116521 2.0
1301 116653 2.0
1302 116726 2.0
1303 116779 2.0
1304 116830 2.0
1305 116890 2.0
1306 116966 2.0
1307 117015 2.0
1308 117067 2.0
1309 117115 2.0
1310 117174 2.0
1311 117218 2.0
1312 117278 2.0
1313 117359 2.0
1314 117406 2.0
1315 117471 2.0
1316 117526 2.0
1317 117592 2.0
1318 117655 2.0
1319 117707 2.0
1320 117763 2.0
1321 117835 2.0
1322 117906 2.0
1323 117984 2.0
1324 118062 2.0
1325 118141 2.0
1326 118192 2.0
1327 118259 2.0
1328 118315 2.0
1329 118375 2.0
1330 118425 2.0
1331 118539 2.0
1332 118597 2.0
1333 118646 2.0
1334 118738 2.0
1335 118810 2.0
1336 118854 2.0
1337 118900 2.0
1338 118969 2.0
1339 119023 2.0
1340 119076 2.0
1341 119123 2.0
1342 119201 2.0
1343 119270 2.0
1344 119354 2.0
1345 119428 2.0
1346 119478 2.0
1347 119570 2.0
1348 119624 2.0
1349 119684 2.0
1350 119738 2.0
1351 119786 2.0
1352 119840 2.0
1353 119887 2.0
1354 119933 2.0
1355 119983 2.0
1356 120053 2.0
1357 120107 2.0
1358 120181 2.0
1359 120267 2.0
1360 120320 2.0
1361 120381 2.0
1362 120435 2.0
1363 120509 2.0
1364 120555 2.0
1365 120610 2.0
1366 120670 2.0
1367 120725 2.0
1368 120808 2.0
1369 120856 2.0
1370 120919 2.0
1371 120977 2.0
1372 121030 2.0
1373 121084 2.0
1374 121139 2.0
1375 121216 2.0
1376 121282 2.0
1377 121336 2.0
1378 121413 2.0
1379 121479 2.0
1380 121532 2.0
1381 121619 2.0
1382 121699 2.0
1383 121773 2.0
1384 121844 2.0
1385 121909 2.0
1386 121979 2.0
1387 122058 2.0
1388 122125 2.0
1389 122177 2.0
1390 122289 2.0
1391 122342 2.0
1392 122396 2.0
1393 122469 2.0
1394 122512 2.0
1395 122552 2.0
1396 122600 2.0
1397 122660 2.0
1398 122704 2.0
1399 122755 2.0
1400 122817 2.0
1401 122880 2.0
1402 122962 2.0
1403 123062 2.0
1404 123142 2.0
1405 123188 2.0
1406 123244 2.0
1407 123307 2.0
1408 123384 2.0
1409 123443 2.0
1410 123512 2.0
1411 123582 2.0
1412 123649 2.0
1413 123742 2.0
1414 123801 2.0
1415 123878 2.0
1416 123931 2.0
1417 123992 2.0
1418 124047 2.0
1419 124096 2.0
1420 124174 2.0
1421 124227 2.0
1422 124285 2.0
1423 124403 2.0
1424 124477 2.0
1425 124535 2.0
1426 124580 2.0
1427 124629 2.0
1428 124727 2.0
1429 124802 2.0
1430 124870 2.0
1431 124917 2.0
1432 124976 2.0
1433 125033 2.0
1434 125088 2.0
1435 125169 2.0
1436 125227 2.0
1437 125295 2.0
1438 125349 2.0
1439 125421 2.0
1440 125488 2.0
1441 125561 2.0
1442 125632 2.0
1443 125685 2.0
1444 125733 2.0
1445 125837 2.0
1446 125887 2.0
1447 125945 2.0
1448 125986 2.0
1449 126037 2.0
1450 126103 2.0
1451 126167 2.0
1452 126238 2.0
1453 126306 2.0
1454 126358 2.0
1455 126406 2.0
1456 126466 2.0
1457 126539 2.0
1458 126621 2.0
1459 126693 2.0
1460 126744 2.0
1461 126801 2.0
1462 126863 2.0
1463 126929 2.0
1464 127014 2.0
1465 127069 2.0
1466 127140 2.0
1467 127199 2.0
1468 127271 2.0
1469 127334 2.0
1470 127403 2.0
1471 127478 2.0
1472 127523 2.0
1473 127601 2.0
1474 127658 2.0
1475 127722 2.0
1476 127784 2.0
1477 127837 2.0
1478 127887 2.0
1479 127968 2.0
1480 128036 2.0
1481 128091 2.0
1482 128146 2.0
1483 128202 2.0
1484 128243 2.0
1485 128289 2.0
1486 128358 2.0
1487 128427 2.0
1488 128500 2.0
1489 128548 2.0
1490 128609 2.0
1491 128670 2.0
1492 128719 2.0
1493 128789 2.0
1494 128835 2.0
1495 128882 2.0
1496 128937 2.0
1497 128991 2.0
1498 129059 2.0
1499 129123 2.0
1500 129174 2.0
1501 129243 2.0
1502 129309 2.0
1503 129366 2.0
1504 129447 2.0
1505 129519 2.0
1506 129583 2.0
1507 129650 2.0
1508 129698 2.0
1509 129780 2.0
1510 129859 2.0
1511 129926 2.0
1512 129978 2.0
1513 130044 2.0
1514 130108 2.0
1515 130166 2.0
1516 130233 2.0
1517 130279 2.0
1518 130353 2.0
1519 130419 2.0
1520 130478 2.0
1521 130548 2.0
1522 130605 2.0
1523 130647 2.0
1524 130697 2.0
1525 130756 2.0
1526 130855 2.0
1527 130906 2.0
1528 130992 2.0
1529 131086 2.0
1530 131159 2.0
1531 131219 2.0
1532 131273 2.0
1533 131329 2.0
1534 131397 2.0
1535 131447 2.0
1536 131496 2.0
1537 131571 2.0
1538 131624 2.0
1539 131668 2.0
1540 131745 2.0
1541 131796 2.0
1542 131874 2.0
1543 131928 2.0
1544 131990 2.0
1545 132052 2.0
1546 132110 2.0
1547 132178 2.0
1548 132240 2.0
1549 132320 2.0
1550 132373 2.0
1551 132437 2.0
1552 132495 2.0
1553 132549 2.0
1554 132607 2.0
1555 132671 2.0
1556 132738 2.0
1557 132798 2.0
1558 132847 2.0
1559 132904 2.0
1560 132955 2.0
1561 133006 2.0
1562 133070 2.0
1563 133137 2.0
1564 133254 2.0
1565 133301 2.0
1566 133370 2.0
1567 133416 2.0
1568 133477 2.0
1569 133528 2.0
1570 133591 2.0
1571 133642 2.0
1572 133692 2.0
1573 133747 2.0
1574 133817 2.0
1575 133872 2.0
1576 133937 2.0
1577 133976 2.0
1578 134025 2.0
1579 134086 2.0
1580 134131 2.0
1581 134198 2.0
1582 134252 2.0
1583 134331 2.0
1584 134389 2.0
1585 134457 2.0
1586 134523 2.0
1587 134630 2.0
1588 134683 2.0
1589 134744 2.0
1590 134790 2.0
1591 134856 2.0
1592 134910 2.0
1593 134960 2.0
1594 135029 2.0
1595 135085 2.0
1596 135135 2.0
1597 135213 2.0
1598 135273 2.0
1599 135320 2.0
1600 135411 2.0
1601 135461 2.0
1602 135540 2.0
1603 135597 2.0
1604 135647 2.0
1605 135716 2.0
1606 135776 2.0
1607 135823 2.0
1608 135895 2.0
1609 135940 2.0
1610 135982 2.0
1611 136062 2.0
1612 136116 2.0
1613 136162 2.0
1614 136216 2.0
1615 136314 2.0
1616 136379 2.0
1617 136434 2.0
1618 136500 2.0
1619 136559 2.0
1620 136613 2.0
1621 136663 2.0
1622 136723 2.0
1623 136802 2.0
1624 136859 2.0
1625 136907 2.0
1626 136959 2.0
1627 137009 2.0
1628 137078 2.0
1629 137146 2.0
1630 137198 2.0
1631 137265 2.0
1632 137334 2.0
1633 137398 2.0
1634 137443 2.0
1635 137507 2.0
1636 137581 2.0
1637 137631 2.0
1638 137690 2.0
1639 137751 2.0
1640 137797 2.0
1641 137855 2.0
1642 137897 2.0
1643 137974 2.0
1644 138042 2.0
1645 138109 2.0
1646 138174 2.0
1647 138229 2.0
1648 138314 2.0
1649 138382 2.0
1650 138435 2.0
1651 138498 2.0
1652 138560 2.0
1653 138642 2.0
1654 138693 2.0
1655 138766 2.0
1656 138817 2.0
1657 138885 2.0
1658 138946 2.0
1659 139005 2.0
1660 139072 2.0
1661 139148 2.0
1662 139249 2.0
1663 139317 2.0
1664 139384 2.0
1665 139436 2.0
1666 139503 2.0
1667 139560 2.0
1668 139618 2.0
1669 139677 2.0
1670 139735 2.0
1671 139789 2.0
1672 139854 2.0
1673 139904 2.0
1674 139962 2.0
1675 140045 2.0
1676 140112 2.0
1677 140180 2.0
1678 140257 2.0
1679 140316 2.0
1680 140369 2.0
1681 140414 2.0
1682 140452 2.0
1683 140507 2.0
1684 140566 2.0
1685 140640 2.0
1686 140697 2.0
1687 140755 2.0
1688 140821 2.0
1689 140883 2.0
1690 140945 2.0
1691 141007 2.0
1692 141072 2.0
1693 141133 2.0
1694 141192 2.0
1695 141250 2.0
1696 141328 2.0
1697 141394 2.0
1698 141442 2.0
1699 141514 2.0
1700 141564 2.0
1701 141633 2.0
1702 141674 2.0
1703 141723 2.0
1704 141764 2.0
1705 141820 2.0
1706 141877 2.0
1707 141949 2.0
1708 142009 2.0
1709 142065 2.0
1710 142125 2.0
1711 142194 2.0
1712 142264 2.0
1713 142330 2.0
1714 142382 2.0
1715 142446 2.0
1716 142512 2.0
1717 142565 2.0
1718 142626 2.0
1719 142681 2.0
1720 142729 2.0
1721 142780 2.0
1722 142826 2.0
1723 142874 2.0
1724 142913 2.0
1725 142964 2.0
1726 143021 2.0
1727 143068 2.0
1728 143124 2.0
1729 143181 2.0
1730 143284 2.0
1731 143338 2.0
1732 143388 2.0
1733 143450 2.0
1734 143506 2.0
1735 143559 2.0
1736 143652 2.0
1737 143711 2.0
1738 143769 2.0
1739 143849 2.0
1740 143901 2.0
1741 143969 2.0
1742 144032 2.0
1743 144100 2.0
1744 144151 2.0
1745 144213 2.0
1746 144277 2.0
1747 144325 2.0
1748 144379 2.0
1749 144447 2.0
1750 144506 2.0
1751 144610 2.0
1752 144667 2.0
1753 144724 2.0
1754 144831 2.0
1755 144881 2.0
1756 144941 2.0
1757 145020 2.0
1758 145065 2.0
1759 145128 2.0
1760 145175 2.0
1761 145251 2.0
1762 145319 2.0
1763 145372 2.0
1764 145439 2.0
1765 145501 2.0
1766 145561 2.0
1767 145661 2.0
1768 145735 2.0
1769 145787 2.0
1770 145844 1.9800000000000002
1771 145906 1.9800000000000002
1772 145957 1.9800000000000002
1773 146014 1.9800000000000002
1774 146089 1.9800000000000004
1775 146136 1.9800000000000004
1776 146193 1.9800000000000004
1777 146255 1.9800000000000004
1778 146315 1.9800000000000004
1779 146382 1.9800000000000004
1780 146441 1.9800000000000004
1781 146512 1.9800000000000004
1782 146570 1.9800000000000004
1783 146607 1.9800000000000004
1784 146653 1.9800000000000004
1785 146703 1.9800000000000004
1786 146756 1.9800000000000004
1787 146808 1.9800000000000004
1788 146855 1.9800000000000004
1789 146899 1.9800000000000004
1790 146961 1.9800000000000004
1791 147022 1.9800000000000004
1792 147073 1.9800000000000004
1793 147119 1.9800000000000004
1794 147174 1.9800000000000004
1795 147244 1.9800000000000004
1796 147297 1.9800000000000004
1797 147352 1.9800000000000004
1798 147408 1.9800000000000004
1799 147475 1.9800000000000004
1800 147519 1.9800000000000004
1801 147592 1.9800000000000004
1802 147654 1.9800000000000004
1803 147697 1.9800000000000004
1804 147748 1.9800000000000004
1805 147804 1.9800000000000004
1806 147856 1.9800000000000004
1807 147929 1.9800000000000004
1808 147983 1.9800000000000004
1809 148025 1.9800000000000004
1810 148095 1.9800000000000004
1811 148135 1.9800000000000004
1812 148195 1.9800000000000004
1813 148241 1.9800000000000004
1814 148290 1.9800000000000004
1815 148335 1.9800000000000004
1816 148389 1.9800000000000004
1817 148438 1.9800000000000004
1818 148501 1.9800000000000004
1819 148567 1.9800000000000004
1820 148623 1.9800000000000004
1821 148670 1.9800000000000004
1822 148717 1.9800000000000004
1823 148766 1.9800000000000004
1824 148822 1.9800000000000004
1825 148898 1.9800000000000004
1826 148956 1.9800000000000004
1827 149020 1.9800000000000004
1828 149089 1.9800000000000004
1829 149166 1.9800000000000004
1830 149222 1.9800000000000004
1831 149264 1.9800000000000004
1832 149316 1.9800000000000004
1833 149381 1.9800000000000004
1834 149438 1.9800000000000004
1835 149484 1.9800000000000004
1836 149548 1.9800000000000004
1837 149605 1.9800000000000004
1838 149666 1.9800000000000004
1839 149721 1.9800000000000004
1840 149780 1.9800000000000004
1841 149863 1.9800000000000004
1842 149923 1.9800000000000004
1843 149991 1.9800000000000004
1844 150047 1.9800000000000004
1845 150115 1.9800000000000004
1846 150170 1.9800000000000004
1847 150231 1.9800000000000004
1848 150289 1.9800000000000004
1849 150363 1.9800000000000004
1850 150428 1.9800000000000004
1851 150491 1.9800000000000004
1852 150541 1.9800000000000004
1853 150621 1.9800000000000004
1854 150716 1.9800000000000004
1855 150769 1.9800000000000004
1856 150813 1.9800000000000004
1857 150871 1.9800000000000004
1858 150913 1.9800000000000004
1859 150974 1.9800000000000004
1860 151051 1.9800000000000004
1861 151119 1.9800000000000004
1862 151183 1.9800000000000004
1863 151237 1.9800000000000004
1864 151305 1.9800000000000004
1865 151358 1.9800000000000004
1866 151414 1.9800000000000004
1867 151490 1.9800000000000004
1868 151546 1.9800000000000004
1869 151746 1.9800000000000004
1870 151804 2.0
1871 151875 2.0
1872 151930 2.0
1873 151983 2.0
1874 152043 2.0
1875 152106 2.0
1876 152176 2.0
1877 152227 2.0
1878 152287 2.0
1879 152337 2.0
1880 152378 2.0
1881 152428 2.0
1882 152491 2.0
1883 152553 2.0
1884 152592 2.0
1885 152635 2.0
1886 152696 2.0
1887 152749 2.0
1888 152810 2.0
1889 152878 2.0
1890 152938 2.0
1891 153016 2.0
1892 153071 2.0
1893 153142 2.0
1894 153194 2.0
1895 153258 2.0
1896 153309 2.0
1897 153369 2.0
1898 153415 2.0
1899 153462 2.0
1900 153504 2.0
1901 153547 2.0
1902 153597 2.0
1903 153684 2.0
1904 153734 2.0
1905 153791 2.0
1906 153853 2.0
1907 153944 2.0
1908 153995 2.0
1909 154052 2.0
1910 154138 2.0
1911 154198 2.0
1912 154255 2.0
1913 154304 2.0
1914 154356 2.0
1915 154425 2.0
1916 154490 2.0
1917 154544 2.0
1918 154611 2.0
1919 154662 2.0
1920 154709 2.0
1921 154754 2.0
1922 154808 2.0
1923 154862 2.0
1924 154926 2.0
1925 154999 2.0
1926 155069 2.0
1927 155129 2.0
1928 155210 2.0
1929 155256 2.0
1930 155315 2.0
1931 155392 2.0
1932 155435 2.0
1933 155497 2.0
1934 155555 2.0
1935 155603 2.0
1936 155662 2.0
1937 155727 2.0
1938 155782 2.0
1939 155830 2.0
1940 155890 2.0
1941 155984 2.0
1942 156051 2.0
1943 156129 2.0
1944 156182 2.0
1945 156247 2.0
1946 156313 2.0
1947 156376 2.0
1948 156425 2.0
1949 156481 2.0
1950 156534 2.0
1951 156599 2.0
1952 156660 2.0
1953 156713 2.0
1954 156772 2.0
1955 156827 2.0
1956 156894 2.0
1957 156944 2.0
1958 157010 2.0
1959 157074 2.0
1960 157122 2.0
1961 157184 2.0
1962 157239 2.0
1963 157304 2.0
1964 157375 2.0
1965 157438 2.0
1966 157500 2.0
1967 157548 2.0
1968 157601 2.0
1969 157643 2.0
1970 157694 2.0
1971 157756 2.0
1972 157804 2.0
1973 157863 2.0
1974 157913 2.0
1975 157973 2.0
1976 158023 2.0
1977 158078 2.0
1978 158123 2.0
1979 158176 2.0
1980 158232 2.0
1981 158278 2.0
1982 158337 2.0
1983 158397 2.0
1984 158479 2.0
1985 158549 2.0
1986 158591 2.0
1987 158646 2.0
1988 158694 2.0
1989 158746 2.0
1990 158796 2.0
1991 158842 2.0
1992 158895 2.0
1993 158955 2.0
1994 159002 2.0
1995 159063 2.0
1996 159110 2.0
1997 159180 2.0
1998 159226 2.0
1999 159270 2.0
2000 159323 2.0
2001 159377 2.0
2002 159426 2.0
2003 159470 2.0
2004 159536 2.0
2005 159582 2.0
2006 159638 2.0
2007 159710 2.0
2008 159764 2.0
2009 159820 2.0
2010 159872 2.0
2011 159945 2.0
2012 160002 2.0
2013 160052 2.0
2014 160108 2.0
2015 160150 2.0
2016 160195 2.0
2017 160262 2.0
2018 160325 2.0
2019 160375 2.0
2020 160434 2.0
2021 160484 2.0
2022 160541 2.0
2023 160590 2.0
2024 160664 2.0
2025 160715 2.0
2026 160766 2.0
2027 160834 2.0
2028 160882 2.0
2029 160948 2.0
2030 161015 2.0
2031 161068 2.0
2032 161124 2.0
2033 161184 2.0
2034 161239 2.0
2035 161288 2.0
2036 161336 2.0
2037 161388 2.0
2038 161443 2.0
2039 161494 2.0
2040 161563 2.0
2041 161614 2.0
2042 161673 2.0
2043 161727 2.0
2044 161789 2.0
2045 161837 2.0
2046 161901 2.0
2047 161986 2.0
2048 162028 2.0
2049 162087 2.0
2050 162146 2.0
2051 162268 2.0
2052 162325 2.0
2053 162391 2.0
2054 162463 2.0
2055 162542 2.0
2056 162634 2.0
2057 162706 2.0
2058 162782 2.0
2059 162827 2.0
2060 162902 2.0
2061 162964 2.0
2062 163019 2.0
2063 163082 2.0
2064 163127 2.0
2065 163187 2.0
2066 163248 2.0
2067 163328 2.0
2068 163376 2.0
2069 163431 2.0
2070 163493 2.0
2071 163546 2.0
2072 163642 2.0
2073 163702 2.0
2074 163761 2.0
2075 163826 2.0
2076 163879 2.0
2077 163935 2.0
2078 163990 2.0
2079 164033 2.0
2080 164075 2.0
2081 164129 2.0
2082 164194 2.0
2083 164260 2.0
2084 164313 2.0
2085 164369 2.0
2086 164430 2.0
2087 164496 2.0
2088 164562 2.0
2089 164609 2.0
2090 164665 2.0
2091 164732 2.0
2092 164803 2.0
2093 164854 2.0
2094 164915 2.0
2095 164961 2.0
2096 165000 2.0
2097 165052 2.0
2098 165094 2.0
2099 165145 2.0
2100 165207 2.0
2101 165255 2.0
2102 165298 2.0
2103 165343 2.0
2104 165393 2.0
2105 165442 2.0
2106 165503 2.0
2107 165567 2.0
2108 165632 2.0
2109 165687 2.0
2110 165750 2.0
2111 165820 2.0
2112 165898 2.0
2113 165963 2.0
2114 166020 2.0
2115 166088 2.0
2116 166144 2.0
2117 166201 2.0
2118 166256 2.0
2119 166330 2.0
2120 166402 2.0
2121 166466 2.0
2122 166526 2.0
2123 166574 2.0
2124 166624 2.0
2125 166675 2.0
2126 166728 2.0
2127 166783 2.0
2128 166837 2.0
2129 166882 2.0
2130 166943 2.0
2131 166989 2.0
2132 167043 2.0
2133 167088 2.0
2134 167157 2.0
2135 167202 2.0
2136 167258 2.0
2137 167325 2.0
2138 167386 2.0
2139 167439 2.0
2140 167487 2.0
2141 167541 2.0
2142 167583 2.0
2143 167641 2.0
2144 167693 2.0
2145 167749 2.0
2146 167798 2.0
2147 167858 2.0
2148 167908 2.0
2149 167975 2.0
2150 168024 2.0
2151 168075 2.0
2152 168118 2.0
2153 168267 2.0
2154 168323 2.0
2155 168389 2.0
2156 168458 2.0
2157 168508 2.0
2158 168590 2.0
2159 168657 2.0
2160 168714 2.0
2161 168789 2.0
2162 168841 2.0
2163 168904 2.0
2164 168972 2.0
2165 169032 2.0
2166 169103 2.0
2167 169150 2.0
2168 169222 2.0
2169 169293 2.0
2170 169367 2.0
2171 169420 2.0
2172 169487 2.0
2173 169529 2.0
2174 169583 2.0
2175 169638 2.0
2176 169690 2.0
2177 169741 2.0
2178 169786 2.0
2179 169829 2.0
2180 169876 2.0
2181 169923 2.0
2182 169967 2.0
2183 170018 2.0
2184 170076 2.0
2185 170131 2.0
2186 170186 2.0
2187 170235 2.0
2188 170284 2.0
2189 170340 2.0
2190 170411 2.0
2191 170464 2.0
2192 170511 2.0
2193 170583 2.0
2194 170648 2.0
2195 170700 2.0
2196 170745 2.0
2197 170798 2.0
2198 170868 2.0
2199 170949 2.0
2200 170994 2.0
2201 171043 2.0
2202 171091 2.0
2203 171142 2.0
2204 171187 2.0
2205 171237 2.0
2206 171296 2.0
2207 171348 2.0
2208 171401 2.0
2209 171470 2.0
2210 171512 2.0
2211 171588 2.0
2212 171641 2.0
2213 171704 2.0
2214 171752 2.0
2215 171796 2.0
2216 171859 2.0
2217 171927 2.0
2218 171982 2.0
2219 172034 2.0
2220 172107 2.0
2221 172161 2.0
2222 172236 2.0
2223 172284 2.0
2224 172352 2.0
2225 172429 2.0
2226 172471 2.0
2227 172509 2.0
2228 172554 2.0
2229 172617 2.0
2230 172664 2.0
2231 172714 2.0
2232 172762 2.0
2233 172804 2.0
2234 172843 2.0
2235 172894 2.0
2236 172940 2.0
2237 173005 2.0
2238 173083 2.0
2239 173135 2.0
2240 173198 2.0
2241 173253 2.0
2242 173328 2.0
2243 173377 2.0
2244 173434 2.0
2245 173500 2.0
2246 173550 2.0
2247 173607 2.0
2248 173667 2.0
2249 173740 2.0
2250 173793 2.0
2251 173851 2.0
2252 173924 2.0
2253 173988 2.0
2254 174042 2.0
2255 174102 2.0
2256 174157 2.0
2257 174214 2.0
2258 174264 2.0
2259 174310 2.0
2260 174357 2.0
2261 174419 2.0
2262 174463 2.0
2263 174516 2.0
2264 174565 2.0
2265 174618 2.0
2266 174688 2.0
2267 174749 2.0
2268 174801 2.0
2269 174851 2.0
2270 174913 2.0
2271 174958 2.0
2272 175013 2.0
2273 175062 2.0
2274 175112 2.0
2275 175155 2.0
2276 175228 2.0
2277 175276 2.0
2278 175341 2.0
2279 175389 2.0
2280 175442 2.0
2281 175491 2.0
2282 175570 2.0
2283 175626 2.0
2284 175670 2.0
2285 175721 2.0
2286 175777 2.0
2287 175850 2.0
2288 175904 2.0
2289 176008 2.0
2290 176072 2.0
2291 176139 2.0
2292 176194 2.0
2293 176253 2.0
2294 176340 2.0
2295 176413 2.0
2296 176471 2.0
2297 176522 2.0
2298 176593 2.0
2299 176650 2.0
2300 176700 2.0
2301 176757 2.0
2302 176810 2.0
2303 176867 2.0
2304 176927 2.0
2305 177003 2.0
2306 177056 2.0
2307 177096 2.0
2308 177197 2.0
2309 177246 2.0
2310 177311 2.0
2311 177356 2.0
2312 177411 2.0
2313 177459 2.0
2314 177510 2.0
2315 177564 2.0
2316 177609 2.0
2317 177661 2.0
2318 177711 2.0
2319 177756 2.0
2320 177848 2.0
2321 177909 2.0
2322 177960 2.0
2323 178045 2.0
2324 178109 2.0
2325 178184 2.0
2326 178230 2.0
2327 178276 2.0
2328 178330 2.0
2329 178380 2.0
2330 178434 2.0
2331 178487 2.0
2332 178556 2.0
2333 178601 2.0
2334 178688 2.0
2335 178736 2.0
2336 178784 2.0
2337 178834 2.0
2338 178879 2.0
2339 178935 2.0
2340 178980 2.0
2341 179030 2.0
2342 179087 2.0
2343 179149 2.0
2344 179200 2.0
2345 179247 2.0
2346 179303 2.0
2347 179353 2.0
2348 179410 2.0
2349 179460 2.0
2350 179516 2.0
2351 179567 2.0
2352 179613 2.0
2353 179660 2.0
2354 179714 2.0
2355 179763 2.0
2356 179829 2.0
2357 179895 2.0
2358 179968 2.0
2359 180035 2.0
2360 180099 2.0
2361 180160 2.0
2362 180222 2.0
2363 180280 2.0
2364 180341 2.0
2365 180399 2.0
2366 180450 2.0
2367 180505 2.0
2368 180560 2.0
2369 180611 2.0
2370 180678 2.0
2371 180734 2.0
2372 180812 2.0
2373 180856 2.0
2374 180910 2.0
2375 180974 2.0
2376 181024 2.0
2377 181083 2.0
2378 181135 2.0
2379 181187 2.0
2380 181248 2.0
2381 181312 2.0
2382 181365 2.0
2383 181416 2.0
2384 181457 2.0
2385 181521 2.0
2386 181581 2.0
2387 181636 2.0
2388 181690 2.0
2389 181762 2.0
2390 181806 2.0
2391 181851 2.0
2392 181921 2.0
2393 181985 2.0
2394 182061 2.0
2395 182126 2.0
2396 182171 2.0
2397 182215 2.0
2398 182324 2.0
2399 182387 2.0
2400 182429 2.0
2401 182490 2.0
2402 182541 2.0
2403 182586 2.0
2404 182636 2.0
2405 182681 2.0
2406 182727 2.0
2407 182771 2.0
2408 182825 2.0
2409 182875 2.0
2410 182920 2.0
2411 182962 2.0
2412 183031 2.0
2413 183100 2.0
2414 183166 2.0
2415 183237 2.0
2416 183293 2.0
2417 183352 2.0
2418 183407 2.0
2419 183461 2.0
2420 183512 2.0
2421 183560 2.0
2422 183607 2.0
2423 183646 2.0
2424 183699 2.0
2425 183745 2.0
2426 183804 2.0
2427 183854 2.0
2428 183900 2.0
2429 183953 2.0
2430 184004 2.0
2431 184047 2.0
2432 184116 2.0
2433 184181 2.0
2434 184252 2.0
2435 184301 2.0
2436 184360 2.0
2437 184415 2.0
2438 184476 2.0
2439 184527 2.0
2440 184581 2.0
2441 184621 2.0
2442 184666 2.0
2443 184719 2.0
2444 184776 2.0
2445 184852 2.0
2446 184942 2.0
2447 185016 2.0
2448 185057 2.0
2449 185106 2.0
2450 185162 2.0
2451 185203 2.0
2452 185261 2.0
2453 185307 2.0
2454 185375 2.0
2455 185438 2.0
2456 185480 2.0
2457 185547 2.0
2458 185610 2.0
2459 185669 2.0
2460 185721 2.0
2461 185775 2.0
2462 185840 2.0
2463 185890 2.0
2464 185967 2.0
2465 186026 2.0
2466 186077 2.0
2467 186129 2.0
2468 186197 2.0
2469 186249 2.0
2470 186300 2.0
2471 186369 2.0
2472 186429 2.0
2473 186483 2.0
2474 186539 2.0
2475 186579 2.0
2476 186637 2.0
2477 186687 2.0
2478 186731 2.0
2479 186793 2.0
2480 186847 2.0
2481 186908 2.0
2482 186959 2.0
2483 187017 2.0
2484 187074 2.0
2485 187127 2.0
2486 187180 2.0
2487 187229 2.0
2488 187281 2.0
2489 187335 2.0
2490 187399 2.0
2491 187454 2.0
2492 187510 2.0
2493 187563 2.0
2494 187608 2.0
2495 187656 2.0
2496 187704 2.0
2497 187763 2.0
2498 187813 2.0
2499 187870 2.0
2500 187918 2.0
2501 187988 2.0
2502 188057 2.0
2503 188096 2.0
2504 188152 2.0
2505 188222 2.0
2506 188276 2.0
2507 188337 2.0
2508 188393 2.0
2509 188453 2.0
2510 188501 2.0
2511 188546 2.0
2512 188605 2.0
2513 188675 2.0
2514 188725 2.0
2515 188782 2.0
2516 188829 2.0
2517 188878 2.0
2518 188931 2.0
2519 188985 2.0
2520 189030 2.0
2521 189074 2.0
2522 189137 2.0
2523 189187 2.0
2524 189233 2.0
2525 189286 2.0
2526 189339 2.0
2527 189390 2.0
2528 189448 2.0
2529 189507 2.0
2530 189560 2.0
2531 189620 2.0
2532 189677 2.0
2533 189731 2.0
2534 189772 2.0
2535 189824 2.0
2536 189891 2.0
2537 189958 2.0
2538 190007 2.0
2539 190058 2.0
2540 190115 2.0
2541 190166 2.0
2542 190225 2.0
2543 190281 2.0
2544 190326 2.0
2545 190390 2.0
2546 190438 2.0
2547 190478 2.0
2548 190522 2.0
2549 190576 2.0
2550 190630 2.0
2551 190678 2.0
2552 190755 2.0
2553 190820 2.0
2554 190873 2.0
2555 190935 2.0
2556 190985 2.0
2557 191062 2.0
2558 191118 2.0
2559 191176 2.0
2560 191227 2.0
2561 191291 2.0
2562 191349 2.0
2563 191395 2.0
2564 191457 2.0
2565 191517 2.0
2566 191586 2.0
2567 191641 2.0
2568 191697 2.0
2569 191738 2.0
2570 191779 2.0
2571 191867 2.0
2572 191944 2.0
2573 192021 2.0
2574 192083 2.0
2575 192163 2.0
2576 192235 2.0
2577 192291 2.0
2578 192355 2.0
2579 192406 2.0
2580 192525 2.0
2581 192585 2.0
2582 192641 2.0
2583 192692 2.0
2584 192740 2.0
2585 192804 2.0
2586 192852 2.0
2587 192911 2.0
2588 192995 2.0
2589 193043 2.0
2590 193102 2.0
2591 193153 2.0
2592 193213 2.0
2593 193278 2.0
2594 193328 2.0
2595 193377 2.0
2596 193435 2.0
2597 193493 2.0
2598 193561 2.0
2599 193613 2.0
2600 193671 2.0
2601 193718 2.0
2602 193764 2.0
2603 193818 2.0
2604 193867 2.0
2605 193913 2.0
2606 193966 2.0
2607 194022 2.0
2608 194067 2.0
2609 194120 2.0
2610 194167 2.0
2611 194220 2.0
2612 194285 2.0
2613 194341 2.0
2614 194398 2.0
2615 194453 2.0
2616 194501 2.0
2617 194583 2.0
