1 300 0.0
2 600 0.0
3 900 0.0
4 1200 0.0
5 1500 0.0
6 1800 0.0
7 2100 0.0
8 2400 0.0
9 2700 0.0
10 3000 0.0
11 3300 0.0
12 3600 0.0
13 3900 0.0
14 4200 0.0
15 4500 0.0
16 4800 0.0
17 5100 0.0
18 5400 0.0
19 5700 0.0
20 6000 0.0
21 6300 0.0
22 6600 0.0
23 6900 0.0
24 7200 0.0
25 7500 0.0
26 7800 0.0
27 8100 0.0
28 8400 0.0
29 8700 0.0
30 9000 0.0
31 9300 0.0
32 9600 0.0
33 9900 0.0
34 10200 0.0
35 10500 0.0
36 10800 0.0
37 11100 0.0
38 11400 0.0
39 11700 0.0
40 12000 0.0
41 12300 0.0
42 12600 0.0
43 12900 0.0
44 13200 0.0
45 13500 0.0
46 13800 0.0
47 14100 0.0
48 14400 0.0
49 14700 0.0
50 15000 0.0
51 15300 0.0
52 15600 0.0
53 15900 0.0
54 16200 0.0
55 16500 0.0
56 16800 0.0
57 17100 0.0
58 17400 0.0
59 17700 0.0
60 18000 0.0
61 18300 0.0
62 18600 0.0
63 18900 0.0
64 19200 0.0
65 19500 0.0
66 19800 0.0
67 20100 0.0
68 20400 0.0
69 20700 0.0
70 21000 0.0
71 21300 0.0
72 21600 0.0
73 21900 0.0
74 22200 0.0
75 22500 0.0
76 22800 0.0
77 23100 0.0
78 23400 0.0
79 23700 0.0
80 24000 0.0
81 24300 0.0
82 24600 0.0
83 24900 0.0
84 25200 0.0
85 25500 0.0
86 25800 0.0
87 26100 0.0
88 26400 0.0
89 26700 0.0
90 27000 0.0
91 27300 0.0
92 27600 0.0
93 27900 0.0
94 28200 0.0
95 28500 0.0
96 28800 0.0
97 29100 0.0
98 29400 0.0
99 29700 0.0
100 30000 0.0
101 30300 0.0
102 30600 0.0
103 30900 0.0
104 31200 0.0
105 31500 0.0
106 31800 0.0
107 32100 0.0
108 32400 0.0
109 32700 0.0
110 33000 0.0
111 33300 0.0
112 33600 0.0
113 33900 0.0
114 34200 0.0
115 34500 0.0
116 34800 0.0
117 35100 0.0
118 35400 0.0
119 35700 0.0
120 36000 0.0
121 36300 0.0
122 36600 0.0
123 36900 0.0
124 37200 0.0
125 37500 0.0
126 37800 0.0
127 38100 0.0
128 38400 0.0
129 38700 0.0
130 39000 0.0
131 39300 0.0
132 39600 0.0
133 39900 0.0
134 40200 0.0
135 40500 0.0
136 40800 0.0
137 41100 0.0
138 41400 0.0
139 41700 0.0
140 42000 0.0
141 42300 0.0
142 42600 0.0
143 42900 0.0
144 43200 0.0
145 43500 0.0
146 43800 0.0
147 44100 0.0
148 44400 0.0
149 44700 0.0
150 45000 0.0
151 45300 0.0
152 45600 0.0
153 45900 0.0
154 46200 0.0
155 46500 0.0
156 46800 0.0
157 47100 0.0
158 47400 0.0
159 47700 0.0
160 48000 0.0
161 48300 0.0
162 48600 0.0
163 48900 0.0
164 49200 0.0
165 49500 0.0
166 49800 0.0
167 50100 0.0
168 50400 0.0
169 50700 0.0
170 51000 0.0
171 51300 0.0
172 51600 0.0
173 51900 0.0
174 52200 0.0
175 52500 0.01
176 52800 0.01
177 53100 0.02
178 53400 0.02
179 53700 0.02
180 54000 0.02
181 54300 0.02
182 54600 0.02
183 54900 0.02
184 55200 0.02
185 55500 0.02
186 55800 0.02
187 56100 0.02
188 56400 0.02
189 56700 0.02
190 57000 0.02
191 57300 0.02
192 57600 0.03
193 57900 0.04
194 58200 0.05
195 58500 0.05
196 58800 0.05
197 59100 0.05
198 59400 0.05
199 59700 0.05
200 60000 0.060000000000000005
201 60300 0.07
202 60600 0.07
203 60900 0.07
204 61200 0.06999999999999999
205 61500 0.07
206 61800 0.08
207 62100 0.08
208 62400 0.09
209 62700 0.09
210 63000 0.09
211 63300 0.09
212 63600 0.09999999999999999
213 63900 0.10999999999999999
214 64200 0.10999999999999999
215 64500 0.10999999999999999
216 64800 0.12
217 65100 0.13
218 65400 0.13
219 65700 0.14
220 66000 0.15000000000000002
221 66300 0.15000000000000002
222 66600 0.16000000000000003
223 66900 0.17000000000000004
224 67200 0.18000000000000005
225 67500 0.19000000000000006
226 67800 0.19000000000000003
227 68100 0.19
228 68400 0.2
229 68700 0.21000000000000002
230 69000 0.22000000000000003
231 69300 0.23000000000000004
232 69600 0.24000000000000005
233 69900 0.25000000000000006
234 70200 0.26000000000000006
235 70500 0.27
236 70800 0.28
237 71100 0.29000000000000004
238 71400 0.30000000000000004
239 71700 0.31000000000000005
240 72000 0.32000000000000006
241 72300 0.33000000000000007
242 72600 0.3400000000000001
243 72900 0.35000000000000003
244 73200 0.36000000000000004
245 73500 0.37000000000000005
246 73800 0.38
247 74100 0.39
248 74400 0.4
249 74700 0.41000000000000003
250 75000 0.42000000000000004
251 75300 0.43000000000000005
252 75600 0.44000000000000006
253 75900 0.45000000000000007
254 76200 0.4600000000000001
255 76500 0.4700000000000001
256 76800 0.4800000000000001
257 77100 0.4900000000000001
258 77400 0.5
259 77700 0.51
260 78000 0.52
261 78300 0.53
262 78600 0.54
263 78900 0.55
264 79200 0.56
265 79500 0.5700000000000001
266 79800 0.5800000000000001
267 80100 0.5900000000000001
268 80400 0.6000000000000001
269 80700 0.6100000000000001
270 81000 0.6200000000000001
271 81300 0.6300000000000001
272 81600 0.6400000000000001
273 81900 0.6500000000000001
274 82032 0.6600000000000001
275 82332 0.6600000000000001
276 82630 0.6700000000000002
277 82930 0.6700000000000002
278 83230 0.6800000000000002
279 83530 0.6900000000000002
280 83830 0.7000000000000002
281 84130 0.7100000000000001
282 84430 0.72
283 84730 0.73
284 85030 0.74
285 85330 0.75
286 85630 0.76
287 85930 0.77
288 86230 0.78
289 86530 0.79
290 86830 0.8
291 87006 0.81
292 87255 0.81
293 87470 0.81
294 87770 0.81
295 88070 0.8200000000000001
296 88370 0.8300000000000001
297 88670 0.8400000000000001
298 88970 0.8500000000000001
299 89058 0.8600000000000001
300 89314 0.8600000000000001
301 89614 0.8600000000000001
302 89914 0.8700000000000001
303 90214 0.8800000000000001
304 90514 0.8900000000000001
305 90766 0.9000000000000001
306 91066 0.9000000000000001
307 91238 0.9100000000000001
308 91538 0.9100000000000001
309 91838 0.9200000000000002
310 92138 0.9300000000000002
311 92364 0.9400000000000002
312 92557 0.9400000000000002
313 92857 0.9400000000000002
314 93157 0.9500000000000002
315 93439 0.9600000000000002
316 93695 0.9600000000000002
317 93995 0.9600000000000002
318 94102 0.9700000000000002
319 94255 0.9700000000000002
320 94555 0.9700000000000002
321 94837 0.9800000000000002
322 95041 0.9800000000000002
323 95315 0.9800000000000002
324 95518 0.9800000000000002
325 95818 0.9800000000000002
326 96118 0.9900000000000002
327 96343 1.0
328 96615 1.0
329 96815 1.0
330 96958 1.0
331 97225 1.0
332 97390 1.0
333 97607 1.0
334 97697 1.0
335 97931 1.0
336 98141 1.0
337 98262 1.0
338 98414 1.0
339 98527 1.0
340 98696 1.0
341 98957 1.0
342 99054 1.0
343 99213 1.0
344 99346 1.0
345 99612 1.0
346 99795 1.0
347 99954 1.0
348 100163 1.0
349 100277 1.0
350 100404 1.0
351 100601 1.0
352 100754 1.0
353 100851 1.0
354 100982 1.0
355 101170 1.0
356 101352 1.0
357 101493 1.0
358 101652 1.0
359 101828 1.0
360 101908 1.0
361 102019 1.0
362 102187 1.0
363 102374 1.0
364 102518 1.0
365 102672 1.0
366 102829 1.0
367 102965 1.0
368 103076 1.0
369 103283 1.0
370 103418 1.0
371 103667 1.0
372 103815 1.0
373 104004 1.0
374 104101 1.0
375 104240 1.0
376 104381 1.0
377 104527 1.0
378 104651 1.0
379 104754 1.0
380 104910 1.0
381 105071 1.0
382 105168 1.0
383 105273 1.0
384 105376 1.0
385 105495 1.0
386 105597 1.0
387 105712 1.0
388 105827 1.0
389 106059 1.0
390 106193 1.0
391 106298 1.0
392 106417 1.0
393 106554 1.0
394 106753 1.0
395 106899 1.0
396 107002 1.0
397 107111 1.0
398 107234 1.0
399 107390 1.0
400 107544 1.0
401 107632 1.0
402 107727 1.0
403 107846 1.0
404 107955 1.0
405 108159 1.0
406 108299 1.0
407 108429 1.0
408 108540 1.0
409 108730 1.0
410 108855 1.0
411 109003 1.0
412 109115 1.0
413 109272 1.0
414 109400 1.0
415 109533 1.0
416 109643 1.0
417 109744 1.0
418 109871 1.0
419 109980 1.0
420 110102 1.0
421 110195 1.0
422 110310 1.0
423 110462 1.0
424 110563 1.0
425 110672 1.0
426 110780 1.0
427 110880 1.0
428 110971 1.0
429 111102 1.0
430 111204 1.0
431 111287 1.0
432 111392 1.0
433 111538 1.0
434 111700 1.0
435 111871 1.0
436 111967 1.0
437 112153 1.0
438 112320 1.0
439 112436 1.0
440 112562 1.0
441 112709 1.0
442 112825 1.0
443 112978 1.0
444 113087 1.0
445 113164 1.0
446 113340 1.0
447 113452 1.0
448 113660 1.0
449 113771 1.0
450 113909 1.0
451 113983 1.0
452 114103 1.0
453 114245 1.0
454 114378 1.0
455 114547 1.0
456 114641 1.0
457 114742 1.0
458 114849 1.0
459 114946 1.0
460 115012 1.0
461 115177 1.0
462 115294 1.0
463 115431 1.0
464 115518 1.0
465 115631 1.0
466 115777 1.0
467 115945 1.0
468 116079 1.0
469 116194 1.0
470 116377 1.0
471 116469 1.0
472 116565 1.0
473 116711 1.0
474 116949 1.0
475 117129 1.0
476 117276 1.0
477 117467 1.0
478 117643 1.0
479 117709 1.0
480 117863 1.0
481 118016 1.0
482 118158 1.0
483 118291 1.0
484 118398 1.0
485 118520 1.0
486 118714 1.0
487 118796 1.0
488 118880 1.0
489 119010 1.0
490 119121 1.0
491 119201 1.0
492 119332 1.0
493 119430 1.0
494 119558 1.0
495 119692 1.0
496 119778 1.0
497 119910 1.0
498 120054 1.0
499 120158 1.0
500 120279 1.0
501 120351 1.0
502 120431 1.0
503 120509 1.0
504 120590 1.0
505 120697 1.0
506 120782 1.0
507 120873 1.0
508 121035 1.0
509 121130 1.0
510 121301 1.0
511 121402 1.0
512 121555 1.0
513 121632 1.0
514 121740 1.0
515 121847 1.0
516 121945 1.0
517 122039 1.0
518 122140 1.0
519 122233 1.0
520 122312 1.0
521 122438 1.0
522 122521 1.0
523 122616 1.0
524 122719 1.0
525 122842 1.0
526 122959 1.0
527 123162 1.0
528 123269 1.0
529 123387 1.0
530 123499 1.0
531 123573 1.0
532 123672 1.0
533 123903 1.0
534 124001 1.0
535 124119 1.0
536 124212 1.0
537 124311 1.0
538 124404 1.0
539 124524 1.0
540 124627 1.0
541 124732 1.0
542 124809 1.0
543 124953 1.0
544 125041 1.0
545 125120 1.0
546 125244 1.0
547 125318 1.0
548 125441 1.0
549 125528 1.0
550 125651 1.0
551 125905 1.0
552 126004 1.0
553 126146 1.0
554 126243 1.0
555 126344 1.0
556 126436 1.0
557 126551 1.0
558 126674 1.0
559 126788 1.0
560 126881 1.0
561 126994 1.0
562 127068 1.0
563 127176 1.0
564 127288 1.0
565 127387 1.0
566 127497 1.0
567 127575 1.0
568 127665 1.0
569 127787 1.0
570 127906 1.0
571 128076 1.0
572 128181 1.0
573 128276 1.0
574 128379 1.0
575 128454 1.0
576 128554 1.0
577 128710 1.0
578 128828 1.0
579 128994 1.0
580 129083 1.0
581 129149 1.0
582 129280 1.0
583 129369 1.0
584 129468 1.0
585 129587 1.0
586 129707 1.0
587 129792 1.0
588 129914 1.0
589 130011 1.0
590 130108 1.0
591 130214 1.0
592 130366 1.0
593 130450 1.0
594 130626 1.0
595 130704 1.0
596 130825 1.0
597 131012 1.0
598 131099 1.0
599 131227 1.0
600 131327 1.0
601 131414 1.0
602 131497 1.0
603 131571 1.0
604 131664 1.0
605 131740 1.0
606 131832 1.0
607 131901 1.0
608 132018 1.0
609 132116 1.0
610 132189 1.0
611 132299 1.0
612 132384 1.0
613 132487 1.0
614 132548 1.0
615 132642 1.0
616 132789 1.0
617 132917 1.0
618 133030 1.0
619 133169 1.0
620 133314 1.0
621 133478 1.0
622 133585 1.0
623 133717 1.0
624 133806 1.0
625 133901 1.0
626 134070 1.0
627 134179 1.0
628 134259 1.0
629 134359 1.0
630 134444 1.0
631 134540 1.0
632 134645 1.0
633 134717 1.0
634 134822 1.0
635 134908 1.0
636 135013 1.0
637 135077 1.0
638 135172 1.0
639 135271 1.0
640 135378 1.0
641 135465 1.0
642 135560 1.0
643 135659 1.0
644 135737 1.0
645 135827 1.0
646 135953 1.0
647 136032 1.0
648 136127 1.0
649 136224 1.0
650 136309 1.0
651 136432 1.0
652 136532 1.0
653 136631 1.0
654 136715 1.0
655 136840 1.0
656 136912 1.0
657 137022 1.0
658 137106 1.0
659 137189 1.0
660 137288 1.0
661 137377 1.0
662 137463 1.0
663 137574 1.0
664 137690 1.0
665 137756 1.0
666 137858 1.0
667 137951 1.0
668 138031 1.0
669 138108 1.0
670 138237 1.0
671 138371 1.0
672 138465 1.0
673 138585 1.0
674 138751 1.0
675 138888 1.0
676 138982 1.0
677 139093 1.0
678 139200 1.0
679 139282 1.0
680 139358 1.0
681 139442 1.0
682 139529 1.0
683 139622 1.0
684 139737 1.0
685 139839 1.0
686 139928 1.0
687 140032 1.0
688 140155 1.0
689 140263 1.0
690 140473 1.0
691 140626 1.0
692 140723 1.0
693 140820 1.0
694 140908 1.0
695 140993 1.0
696 141122 1.0
697 141274 1.0
698 141357 1.0
699 141488 1.0
700 141574 1.0
701 141671 1.0
702 141753 1.0
703 141863 1.0
704 141925 1.0
705 142027 1.0
706 142095 1.0
707 142183 1.0
708 142286 1.0
709 142387 1.0
710 142489 1.0
711 142625 1.0
712 142693 1.0
713 142844 1.0
714 142942 1.0
715 143100 1.0
716 143161 1.0
717 143257 1.0
718 143357 1.0
719 143464 1.0
720 143634 1.0
721 143697 1.0
722 143792 1.0
723 143891 1.0
724 144011 1.0
725 144166 1.0
726 144263 1.0
727 144333 1.0
728 144440 1.0
729 144502 1.0
730 144581 1.0
731 144669 1.0
732 144788 1.0
733 144914 1.0
734 145126 1.0
735 145200 1.0
736 145298 1.0
737 145411 1.0
738 145552 1.0
739 145640 1.0
740 145749 1.0
741 145829 1.0
742 145918 1.0
743 146057 1.0
744 146184 1.0
745 146287 1.0
746 146384 1.0
747 146480 1.0
748 146561 1.0
749 146625 1.0
750 146720 1.0
751 146806 1.0
752 146877 1.0
753 146954 1.0
754 147066 1.0
755 147210 1.0
756 147287 1.0
757 147403 1.0
758 147489 1.0
759 147589 1.0
760 147664 1.0
761 147750 1.0
762 147850 1.0
763 147905 1.0
764 147980 1.0
765 148064 1.0
766 148125 1.0
767 148251 1.0
768 148376 1.0
769 148472 1.0
770 148544 1.0
771 148638 1.0
772 148714 1.0
773 148801 1.0
774 148878 1.0
775 148958 1.0
776 149063 1.0
777 149197 1.0
778 149305 1.0
779 149391 1.0
780 149508 1.0
781 149582 1.0
782 149655 1.0
783 149741 1.0
784 149820 1.0
785 149892 1.0
786 150026 1.0
787 150095 1.0
788 150191 1.0
789 150277 1.0
790 150387 1.0
791 150530 1.0
792 150659 1.0
793 150784 1.0
794 150931 1.0
795 151120 1.0
796 151247 1.0
797 151360 1.0
798 151430 1.0
799 151539 1.0
800 151631 1.0
801 151713 1.0
802 151813 1.0
803 151910 1.0
804 151983 1.0
805 152096 1.0
806 152184 1.0
807 152257 1.0
808 152313 1.0
809 152399 1.0
810 152473 1.0
811 152560 1.0
812 152649 1.0
813 152756 1.0
814 152876 1.0
815 152970 1.0
816 153054 1.0
817 153179 1.0
818 153257 1.0
819 153365 1.0
820 153430 1.0
821 153507 1.0
822 153631 1.0
823 153721 1.0
824 153812 1.0
825 153933 1.0
826 154001 1.0
827 154089 1.0
828 154194 1.0
829 154292 1.0
830 154369 1.0
831 154467 1.0
832 154576 1.0
833 154676 1.0
834 154811 1.0
835 154885 1.0
836 154972 1.0
837 155050 1.0
838 155177 1.0
839 155238 1.0
840 155353 1.0
841 155503 1.0
842 155598 1.0
843 155695 1.0
844 155847 1.0
845 155943 1.0
846 156014 1.0
847 156098 1.0
848 156202 1.0
849 156305 1.0
850 156370 1.0
851 156490 1.0
852 156563 1.0
853 156706 1.0
854 156796 1.0
855 156885 1.0
856 156945 1.0
857 157044 1.0
858 157104 1.0
859 157182 1.0
860 157337 1.0
861 157419 1.0
862 157486 1.0
863 157603 1.0
864 157672 1.0
865 157761 1.0
866 157906 1.0
867 157984 1.0
868 158067 1.0
869 158168 1.0
870 158259 1.0
871 158360 1.0
872 158479 1.0
873 158557 1.0
874 158668 1.0
875 158738 1.0
876 158817 1.0
877 158893 1.0
878 158967 1.0
879 159061 1.0
880 159159 1.0
881 159251 1.0
882 159347 1.0
883 159449 1.0
884 159544 1.0
885 159610 1.0
886 159683 1.0
887 159767 1.0
888 159875 1.0
889 159966 1.0
890 160083 1.0
891 160172 1.0
892 160262 1.0
893 160347 1.0
894 160420 1.0
895 160590 1.0
896 160681 1.0
897 160805 1.0
898 160984 1.0
899 161059 1.0
900 161157 1.0
901 161258 1.0
902 161376 1.0
903 161479 1.0
904 161543 1.0
905 161663 1.0
906 161773 1.0
907 161886 1.0
908 161990 1.0
909 162094 1.0
910 162167 1.0
911 162252 1.0
912 162341 1.0
913 162409 1.0
914 162494 1.0
915 162587 1.0
916 162679 1.0
917 162737 1.0
918 162833 1.0
919 162935 1.0
920 163050 1.0
921 163120 1.0
922 163224 1.0
923 163287 1.0
924 163391 1.0
925 163496 1.0
926 163574 1.0
927 163677 1.0
928 163780 1.0
929 163887 1.0
930 163976 1.0
931 164052 1.0
932 164148 1.0
933 164268 1.0
934 164341 1.0
935 164425 1.0
936 164530 1.0
937 164638 1.0
938 164759 1.0
939 164926 1.0
940 165064 1.0
941 165141 1.0
942 165225 1.0
943 165316 1.0
944 165408 1.0
945 165516 1.0
946 165612 1.0
947 165686 1.0
948 165822 1.0
949 165898 1.0
950 165983 1.0
951 166071 1.0
952 166145 1.0
953 166227 1.0
954 166318 1.0
955 166416 1.0
956 166483 1.0
957 166604 1.0
958 166714 1.0
959 166839 1.0
960 166946 1.0
961 167033 1.0
962 167137 1.0
963 167230 1.0
964 167293 1.0
965 167372 1.0
966 167450 1.0
967 167533 1.0
968 167606 1.0
969 167680 1.0
970 167775 1.0
971 167855 1.0
972 167964 1.0
973 168050 1.0
974 168128 1.0
975 168221 1.0
976 168310 1.0
977 168394 1.0
978 168484 1.0
979 168592 1.0
980 168683 1.0
981 168827 1.0
982 169005 1.0
983 169102 1.0
984 169184 1.0
985 169258 1.0
986 169331 1.0
987 169423 1.0
988 169515 1.0
989 169599 1.0
990 169712 1.0
991 169803 1.0
992 169890 1.0
993 169998 1.0
994 170085 1.0
995 170188 1.0
996 170283 1.0
997 170416 1.0
998 170489 1.0
999 170616 1.0
1000 170747 1.0
1001 170842 1.0
1002 170935 1.0
1003 171019 1.0
1004 171126 1.0
1005 171194 1.0
1006 171288 1.0
1007 171367 1.0
1008 171634 1.0
1009 171697 1.0
1010 171808 1.0
1011 171888 1.0
1012 172043 1.0
1013 172157 1.0
1014 172235 1.0
1015 172314 1.0
1016 172404 1.0
1017 172524 1.0
1018 172599 1.0
1019 172688 1.0
1020 172795 1.0
1021 172903 1.0
1022 172993 1.0
1023 173181 1.0
1024 173282 1.0
1025 173362 1.0
1026 173601 1.0
1027 173676 1.0
1028 173760 1.0
1029 173831 1.0
1030 173923 1.0
1031 174013 1.0
1032 174120 1.0
1033 174203 1.0
1034 174337 1.0
1035 174442 1.0
1036 174563 1.0
1037 174657 1.0
1038 174742 1.0
1039 174853 1.0
1040 174937 1.0
1041 175040 1.0
1042 175139 1.0
1043 175226 1.0
1044 175333 1.0
1045 175398 1.0
1046 175479 1.0
1047 175555 1.0
1048 175652 1.0
1049 175732 1.0
1050 175803 1.0
1051 175887 1.0
1052 175968 1.0
1053 176054 1.0
1054 176125 1.0
1055 176229 1.0
1056 176334 1.0
1057 176402 1.0
1058 176475 1.0
1059 176562 1.0
1060 176633 1.0
1061 176745 1.0
1062 176881 1.0
1063 176969 1.0
1064 177079 1.0
1065 177176 1.0
1066 177285 1.0
1067 177347 1.0
1068 177437 1.0
1069 177537 1.0
1070 177609 1.0
1071 177688 1.0
1072 177764 1.0
1073 177857 1.0
1074 177934 1.0
1075 178012 1.0
1076 178084 1.0
1077 178163 1.0
1078 178284 1.0
1079 178394 1.0
1080 178499 1.0
1081 178614 1.0
1082 178705 1.0
1083 178784 1.0
1084 178915 1.0
1085 179039 1.0
1086 179204 1.0
1087 179275 1.0
1088 179352 1.0
1089 179454 1.0
1090 179624 1.0
1091 179761 1.0
1092 179914 1.0
1093 179984 1.0
1094 180072 1.0
1095 180155 1.0
1096 180281 1.0
1097 180366 1.0
1098 180453 1.0
1099 180532 1.0
1100 180639 1.0
1101 180732 1.0
1102 180828 1.0
1103 180955 1.0
1104 181059 1.0
1105 181133 1.0
1106 181207 1.0
1107 181307 1.0
1108 181395 1.0
1109 181473 1.0
1110 181533 1.0
1111 181605 1.0
1112 181680 1.0
1113 181770 1.0
1114 181858 1.0
1115 181935 1.0
1116 182038 1.0
1117 182130 1.0
1118 182193 1.0
1119 182263 1.0
1120 182358 1.0
1121 182474 1.0
1122 182571 1.0
1123 182658 1.0
1124 182745 1.0
1125 182874 1.0
1126 182964 1.0
1127 183079 1.0
1128 183164 1.0
1129 183243 1.0
1130 183319 1.0
1131 183390 1.0
1132 183499 1.0
1133 183635 1.0
1134 183709 1.0
1135 183800 1.0
1136 183867 1.0
1137 183984 1.0
1138 184092 1.0
1139 184168 1.0
1140 184242 1.0
1141 184411 1.0
1142 184492 1.0
1143 184577 1.0
1144 184656 1.0
1145 184763 1.0
1146 184833 1.0
1147 184908 1.0
1148 185052 1.0
1149 185137 1.0
1150 185197 1.0
1151 185288 1.0
1152 185410 1.0
1153 185508 1.0
1154 185582 1.0
1155 185649 1.0
1156 185740 1.0
1157 185814 1.0
1158 185919 1.0
1159 186024 1.0
1160 186142 1.0
1161 186286 1.0
1162 186348 1.0
1163 186435 1.0
1164 186519 1.0
1165 186600 1.0
1166 186685 1.0
1167 186760 1.0
1168 186868 1.0
1169 186983 1.0
1170 187060 1.0
1171 187189 1.0
1172 187273 1.0
1173 187344 1.0
1174 187418 1.0
1175 187507 1.0
1176 187612 1.0
1177 187680 1.0
1178 187751 1.0
1179 187847 1.0
1180 187927 1.0
1181 187995 1.0
1182 188057 1.0
1183 188214 1.0
1184 188322 1.0
1185 188409 1.0
1186 188489 1.0
1187 188555 1.0
1188 188631 1.0
1189 188691 1.0
1190 188796 1.0
1191 188905 1.0
1192 188985 1.0
1193 189052 1.0
1194 189131 1.0
1195 189204 1.0
1196 189299 1.0
1197 189392 1.0
1198 189479 1.0
1199 189586 1.0
1200 189711 1.0
1201 189817 1.0
1202 189887 1.0
1203 189969 1.0
1204 190065 1.0
1205 190132 1.0
1206 190215 1.0
1207 190285 1.0
1208 190365 1.0
1209 190446 1.0
1210 190531 1.0
1211 190622 1.0
1212 190706 1.0
1213 190779 1.0
1214 190889 1.0
1215 190963 1.0
1216 191060 1.0
1217 191166 1.0
1218 191251 1.0
1219 191349 1.0
1220 191452 1.0
1221 191550 1.0
1222 191630 1.0
1223 191701 1.0
1224 191800 1.0
1225 191892 1.0
1226 191971 1.0
1227 192083 1.0
1228 192206 1.0
1229 192289 1.0
1230 192364 1.0
1231 192468 1.0
1232 192582 1.0
1233 192655 1.0
1234 192722 1.0
1235 192822 1.0
1236 192896 1.0
1237 192967 1.0
1238 193065 1.0
1239 193131 1.0
1240 193211 1.0
1241 193346 1.0
1242 193443 1.0
1243 193527 1.0
1244 193622 1.0
1245 193708 1.0
1246 193831 1.0
1247 193898 1.0
1248 193984 1.0
1249 194055 1.0
1250 194132 1.0
1251 194205 1.0
1252 194297 1.0
1253 194366 1.0
1254 194451 1.0
1255 194540 1.0
1256 194646 1.0
1257 194773 1.0
1258 194853 1.0
1259 194913 1.0
1260 195038 1.0
1261 195146 1.0
1262 195210 1.0
1263 195322 1.0
1264 195395 1.0
1265 195460 1.0
1266 195559 1.0
1267 195644 1.0
1268 195713 1.0
1269 195837 1.0
1270 195924 1.0
1271 195999 1.0
1272 196070 1.0
1273 196164 1.0
1274 196246 1.0
1275 196332 1.0
1276 196423 1.0
1277 196511 1.0
1278 196613 1.0
1279 196688 1.0
1280 196807 1.0
1281 196892 1.0
1282 196974 1.0
1283 197036 1.0
1284 197110 1.0
1285 197168 1.0
1286 197257 1.0
1287 197342 1.0
1288 197436 1.0
1289 197499 1.0
1290 197609 1.0
1291 197693 1.0
1292 197762 1.0
1293 197824 1.0
1294 197894 1.0
1295 197964 1.0
1296 198035 1.0
1297 198113 1.0
1298 198190 1.0
1299 198295 1.0
1300 198435 1.0
1301 198512 1.0
1302 198594 1.0
1303 198698 1.0
1304 198809 1.0
1305 198888 1.0
1306 198967 1.0
1307 199050 1.0
1308 199125 1.0
1309 199199 1.0
1310 199278 1.0
1311 199364 1.0
1312 199513 1.0
1313 199571 1.0
1314 199634 1.0
1315 199704 1.0
1316 199790 1.0
1317 199882 1.0
1318 199964 1.0
1319 200037 1.0
1320 200118 1.0
1321 200205 1.0
1322 200286 1.0
1323 200363 1.0
1324 200517 1.0
1325 200587 1.0
1326 200693 1.0
1327 200780 1.0
1328 200857 1.0
1329 200923 1.0
1330 201000 1.0
1331 201094 1.0
1332 201162 1.0
1333 201253 1.0
1334 201354 1.0
1335 201446 1.0
1336 201535 1.0
1337 201612 1.0
1338 201705 1.0
1339 201785 1.0
1340 201845 1.0
1341 201939 1.0
1342 202071 1.0
1343 202176 1.0
1344 202260 1.0
1345 202344 1.0
1346 202495 1.0
1347 202585 1.0
1348 202650 1.0
1349 202730 1.0
1350 202857 1.0
1351 202925 1.0
1352 202991 1.0
1353 203070 1.0
1354 203161 1.0
1355 203238 1.0
1356 203321 1.0
1357 203434 1.0
1358 203555 1.0
1359 203657 1.0
1360 203739 1.0
1361 203820 1.0
1362 203892 1.0
1363 203979 1.0
1364 204051 1.0
1365 204131 1.0
1366 204222 1.0
1367 204302 1.0
1368 204386 1.0
1369 204482 1.0
1370 204577 1.0
1371 204649 1.0
1372 204741 1.0
1373 204831 1.0
1374 204932 1.0
1375 205026 1.0
1376 205107 1.0
1377 205190 1.0
1378 205259 1.0
1379 205352 1.0
1380 205436 1.0
1381 205500 1.0
1382 205593 1.0
1383 205692 1.0
1384 205791 1.0
1385 205867 1.0
1386 205974 1.0
1387 206081 1.0
1388 206196 1.0
1389 206271 1.0
1390 206379 1.0
1391 206456 1.0
1392 206559 1.0
1393 206653 1.0
1394 206755 1.0
1395 206851 1.0
1396 206922 1.0
1397 207016 1.0
1398 207099 1.0
1399 207179 1.0
1400 207253 1.0
1401 207310 1.0
1402 207424 1.0
1403 207546 1.0
1404 207635 1.0
1405 207749 1.0
1406 207839 1.0
1407 207995 1.0
1408 208094 1.0
1409 208194 1.0
1410 208301 1.0
1411 208376 1.0
1412 208510 1.0
1413 208633 1.0
1414 208705 1.0
1415 208855 1.0
1416 208930 1.0
1417 209016 1.0
1418 209096 1.0
1419 209182 1.0
1420 209255 1.0
1421 209327 1.0
1422 209491 1.0
1423 209553 1.0
1424 209618 1.0
1425 209694 1.0
1426 209767 1.0
1427 209864 1.0
1428 209935 1.0
1429 210006 1.0
1430 210110 1.0
1431 210193 1.0
1432 210285 1.0
1433 210366 1.0
1434 210464 1.0
1435 210555 1.0
1436 210631 1.0
1437 210708 1.0
1438 210771 1.0
1439 210852 1.0
1440 211021 1.0
1441 211119 1.0
1442 211190 1.0
1443 211355 1.0
1444 211461 1.0
1445 211603 1.0
1446 211699 1.0
1447 211775 1.0
1448 211846 1.0
1449 211915 1.0
1450 211985 1.0
1451 212052 1.0
1452 212152 1.0
1453 212224 1.0
1454 212313 1.0
1455 212485 1.0
1456 212606 1.0
1457 212700 1.0
1458 212783 1.0
1459 212877 1.0
1460 213000 1.0
1461 213101 1.0
1462 213173 1.0
1463 213288 1.0
1464 213377 1.0
1465 213463 1.0
1466 213572 1.0
1467 213640 1.0
1468 213712 1.0
1469 213797 1.0
1470 213869 1.0
1471 213938 1.0
1472 214001 1.0
1473 214104 1.0
1474 214186 1.0
1475 214362 1.0
1476 214472 1.0
1477 214541 1.0
1478 214617 1.0
1479 214700 1.0
1480 214809 1.0
1481 214933 1.0
1482 215017 1.0
1483 215091 1.0
1484 215159 1.0
1485 215227 1.0
1486 215300 1.0
1487 215366 1.0
1488 215454 1.0
1489 215542 1.0
1490 215631 1.0
1491 215712 1.0
1492 215819 1.0
1493 215888 1.0
1494 215979 1.0
1495 216075 1.0
1496 216141 1.0
1497 216208 1.0
1498 216304 1.0
1499 216372 1.0
1500 216462 1.0
1501 216541 1.0
1502 216616 1.0
1503 216718 1.0
1504 216817 1.0
1505 216899 1.0
1506 216989 1.0
1507 217090 1.0
1508 217184 1.0
1509 217287 1.0
1510 217421 1.0
1511 217493 1.0
1512 217570 1.0
1513 217648 1.0
1514 217769 1.0
1515 217852 1.0
1516 217929 1.0
1517 218023 1.0
1518 218143 1.0
1519 218332 1.0
1520 218410 1.0
1521 218544 1.0
1522 218647 1.0
1523 218726 1.0
1524 218783 1.0
1525 218866 1.0
1526 218933 1.0
1527 218998 1.0
1528 219087 1.0
1529 219180 1.0
1530 219260 1.0
1531 219337 1.0
1532 219424 1.0
1533 219559 1.0
1534 219653 1.0
1535 219729 1.0
1536 219804 1.0
1537 219867 1.0
1538 219951 1.0
1539 220029 1.0
1540 220124 1.0
1541 220195 1.0
1542 220265 1.0
1543 220348 1.0
1544 220420 1.0
1545 220536 1.0
1546 220611 1.0
1547 220704 1.0
1548 220842 1.0
1549 220925 1.0
1550 221003 1.0
1551 221098 1.0
1552 221181 1.0
1553 221248 1.0
1554 221314 1.0
1555 221411 1.0
1556 221493 1.0
1557 221568 1.0
1558 221647 1.0
1559 221719 1.0
1560 221792 1.0
1561 221871 1.0
1562 221945 1.0
1563 222016 1.0
1564 222102 1.0
1565 222177 1.0
1566 222248 1.0
1567 222320 1.0
1568 222378 1.0
1569 222482 1.0
1570 222560 1.0
1571 222640 1.0
1572 222739 1.0
1573 222823 1.0
1574 222899 1.0
1575 222986 1.0
1576 223062 1.0
1577 223159 1.0
1578 223219 1.0
1579 223296 1.0
1580 223358 1.0
1581 223447 1.0
1582 223512 1.0
1583 223590 1.0
1584 223724 1.0
1585 223824 1.0
1586 223949 1.0
1587 224078 1.0
1588 224229 1.0
1589 224298 1.0
1590 224360 1.0
1591 224423 1.0
1592 224482 1.0
1593 224566 1.0
1594 224650 1.0
1595 224728 1.0
1596 224787 1.0
1597 224860 1.0
1598 224959 1.0
1599 225034 1.0
1600 225110 1.0
1601 225274 1.0
1602 225371 1.0
1603 225445 1.0
1604 225533 1.0
1605 225598 1.0
1606 225677 1.0
1607 225745 1.0
1608 225829 1.0
1609 225887 1.0
1610 225948 1.0
1611 226016 1.0
1612 226103 1.0
1613 226191 1.0
1614 226306 1.0
1615 226393 1.0
1616 226457 1.0
1617 226527 1.0
1618 226607 1.0
1619 226683 1.0
1620 226749 1.0
1621 226855 1.0
1622 226941 1.0
1623 227020 1.0
1624 227094 1.0
1625 227159 1.0
1626 227242 1.0
1627 227322 1.0
1628 227395 1.0
1629 227476 1.0
1630 227541 1.0
1631 227617 1.0
1632 227687 1.0
1633 227774 1.0
1634 227849 1.0
1635 227937 1.0
1636 228027 1.0
1637 228111 1.0
1638 228221 1.0
1639 228318 1.0
1640 228416 1.0
1641 228480 1.0
1642 228548 1.0
1643 228628 1.0
1644 228738 1.0
1645 228818 1.0
1646 228933 1.0
1647 229019 1.0
1648 229099 1.0
1649 229176 1.0
1650 229252 1.0
1651 229325 1.0
1652 229408 1.0
1653 229502 1.0
1654 229587 1.0
1655 229671 1.0
1656 229766 1.0
1657 229883 1.0
1658 229955 1.0
1659 230025 1.0
1660 230101 1.0
1661 230181 1.0
1662 230261 1.0
1663 230334 1.0
1664 230424 1.0
1665 230497 1.0
1666 230568 1.0
1667 230639 1.0
1668 230707 1.0
1669 230794 1.0
1670 230871 1.0
1671 230941 1.0
1672 231014 1.0
1673 231082 1.0
1674 231158 1.0
1675 231227 1.0
1676 231302 1.0
1677 231381 1.0
1678 231457 1.0
1679 231533 1.0
1680 231609 1.0
1681 231715 1.0
1682 231795 1.0
1683 231865 1.0
1684 231954 1.0
1685 232025 1.0
1686 232096 1.0
1687 232186 1.0
1688 232256 1.0
1689 232378 1.0
1690 232444 1.0
1691 232504 1.0
1692 232614 1.0
1693 232750 1.0
1694 232824 1.0
1695 232919 1.0
1696 233023 1.0
1697 233122 1.0
1698 233198 1.0
1699 233295 1.0
1700 233374 1.0
1701 233451 1.0
1702 233540 1.0
1703 233636 1.0
1704 233721 1.0
1705 233803 1.0
1706 233892 1.0
1707 233978 1.0
1708 234044 1.0
1709 234105 1.0
1710 234231 1.0
1711 234377 1.0
1712 234487 1.0
1713 234641 1.0
1714 234710 1.0
1715 234813 1.0
1716 234885 1.0
1717 235025 1.0
1718 235110 1.0
1719 235200 1.0
1720 235265 1.0
1721 235381 1.0
1722 235455 1.0
1723 235530 1.0
1724 235595 1.0
1725 235665 1.0
1726 235742 1.0
1727 235830 1.0
1728 235930 1.0
1729 236018 1.0
1730 236101 1.0
1731 236181 1.0
1732 236242 1.0
1733 236328 1.0
1734 236400 1.0
1735 236472 1.0
1736 236537 1.0
1737 236610 1.0
1738 236723 1.0
1739 236811 1.0
1740 236875 1.0
1741 236926 1.0
1742 236994 1.0
1743 237068 1.0
1744 237169 1.0
1745 237239 1.0
1746 237320 1.0
1747 237469 1.0
1748 237544 1.0
1749 237658 1.0
1750 237739 1.0
1751 237815 1.0
1752 237908 1.0
1753 237982 1.0
1754 238045 1.0
1755 238115 1.0
1756 238212 1.0
1757 238284 1.0
1758 238345 1.0
1759 238421 1.0
1760 238506 1.0
1761 238595 1.0
1762 238690 1.0
1763 238776 1.0
1764 238860 1.0
1765 238949 1.0
1766 239022 1.0
1767 239125 1.0
1768 239215 1.0
1769 239301 1.0
1770 239394 1.0
1771 239491 1.0
1772 239600 1.0
1773 239673 1.0
1774 239734 1.0
1775 239829 1.0
1776 239912 1.0
1777 239988 1.0
1778 240075 1.0
1779 240169 1.0
1780 240256 1.0
1781 240328 1.0
1782 240427 1.0
1783 240504 1.0
1784 240705 1.0
1785 240788 1.0
1786 240864 1.0
1787 240931 1.0
1788 241029 1.0
1789 241141 1.0
1790 241242 1.0
1791 241321 1.0
1792 241384 1.0
1793 241451 1.0
1794 241520 1.0
1795 241602 1.0
1796 241678 1.0
1797 241743 1.0
1798 241843 1.0
1799 241924 1.0
1800 242034 1.0
1801 242109 1.0
1802 242191 1.0
1803 242283 1.0
1804 242356 1.0
1805 242436 1.0
1806 242555 1.0
1807 242628 1.0
1808 242766 1.0
1809 242863 1.0
1810 242945 1.0
1811 243048 1.0
1812 243137 1.0
1813 243227 1.0
1814 243305 1.0
1815 243364 1.0
1816 243424 1.0
1817 243497 1.0
1818 243576 1.0
1819 243650 1.0
1820 243719 1.0
1821 243785 1.0
1822 243858 1.0
1823 243966 1.0
1824 244050 1.0
1825 244146 1.0
1826 244278 1.0
1827 244390 1.0
1828 244476 1.0
1829 244558 1.0
1830 244625 1.0
1831 244799 1.0
1832 244871 1.0
1833 244959 1.0
1834 245074 1.0
1835 245161 1.0
1836 245274 1.0
1837 245371 1.0
1838 245447 1.0
1839 245529 1.0
1840 245613 1.0
1841 245710 1.0
1842 245772 1.0
1843 245856 1.0
1844 245939 1.0
1845 246017 1.0
1846 246113 1.0
1847 246195 1.0
1848 246293 1.0
1849 246373 1.0
1850 246453 1.0
1851 246547 1.0
1852 246630 1.0
1853 246723 1.0
1854 246814 1.0
1855 246911 1.0
1856 246989 1.0
1857 247062 1.0
1858 247143 1.0
1859 247233 1.0
1860 247303 1.0
1861 247384 1.0
1862 247492 1.0
1863 247585 1.0
1864 247685 1.0
1865 247769 1.0
1866 247861 1.0
1867 247939 1.0
1868 248009 1.0
1869 248093 1.0
1870 248173 1.0
1871 248269 1.0
1872 248343 1.0
1873 248455 1.0
1874 248592 1.0
1875 248695 1.0
1876 248762 1.0
1877 248848 1.0
1878 248918 1.0
1879 249001 1.0
1880 249109 1.0
1881 249193 1.0
1882 249309 1.0
1883 249393 1.0
1884 249462 1.0
1885 249535 1.0
1886 249625 1.0
1887 249686 1.0
1888 249791 1.0
1889 249925 1.0
1890 249994 1.0
1891 250084 1.0
1892 250151 1.0
1893 250228 1.0
1894 250309 1.0
1895 250485 1.0
1896 250561 1.0
1897 250632 1.0
1898 250710 1.0
1899 250861 1.0
1900 250967 1.0
1901 251042 1.0
1902 251108 1.0
1903 251183 1.0
1904 251255 1.0
1905 251344 1.0
1906 251422 1.0
1907 251506 1.0
1908 251594 1.0
1909 251669 1.0
1910 251747 1.0
1911 251847 1.0
1912 251928 1.0
1913 252004 1.0
1914 252073 1.0
1915 252155 1.0
1916 252226 1.0
1917 252294 1.0
1918 252354 1.0
1919 252479 1.0
1920 252552 1.0
1921 252632 1.0
1922 252709 1.0
1923 252797 1.0
1924 252868 1.0
1925 252952 1.0
1926 253119 1.0
1927 253227 1.0
1928 253298 1.0
1929 253369 1.0
1930 253474 1.0
1931 253537 1.0
1932 253645 1.0
1933 253738 1.0
1934 253824 1.0
1935 253888 1.0
1936 253969 1.0
1937 254056 1.0
1938 254134 1.0
1939 254231 1.0
1940 254298 1.0
1941 254465 1.0
1942 254553 1.0
1943 254627 1.0
1944 254723 1.0
1945 254830 1.0
1946 254912 1.0
1947 255004 1.0
1948 255140 1.0
1949 255230 1.0
1950 255296 1.0
1951 255361 1.0
1952 255463 1.0
1953 255545 1.0
1954 255624 1.0
1955 255694 1.0
1956 255796 1.0
1957 255969 1.0
1958 256036 1.0
1959 256101 1.0
1960 256178 1.0
1961 256274 1.0
1962 256380 1.0
1963 256475 1.0
1964 256542 1.0
1965 256610 1.0
1966 256684 1.0
1967 256776 1.0
1968 256889 1.0
1969 256964 1.0
1970 257058 1.0
1971 257138 1.0
1972 257243 1.0
1973 257312 1.0
1974 257380 1.0
1975 257501 1.0
1976 257582 1.0
1977 257642 1.0
1978 257733 1.0
1979 257815 1.0
1980 257889 1.0
1981 257950 1.0
1982 258029 1.0
1983 258121 1.0
1984 258220 1.0
1985 258425 1.0
1986 258490 1.0
1987 258568 1.0
1988 258637 1.0
1989 258695 1.0
1990 258762 1.0
1991 258833 1.0
1992 258959 1.0
1993 259079 1.0
1994 259171 1.0
1995 259262 1.0
1996 259360 1.0
1997 259421 1.0
1998 259521 1.0
1999 259607 1.0
2000 259694 1.0
2001 259797 1.0
2002 259875 1.0
2003 259969 1.0
2004 260058 1.0
2005 260124 1.0
2006 260205 1.0
2007 260293 1.0
2008 260387 1.0
2009 260473 1.0
2010 260567 1.0
2011 260646 1.0
2012 260717 1.0
2013 260801 1.0
2014 260877 1.0
2015 260961 1.0
2016 261111 1.0
2017 261219 1.0
2018 261299 1.0
2019 261378 1.0
2020 261448 1.0
2021 261567 1.0
2022 261676 1.0
2023 261753 1.0
2024 261813 1.0
2025 261892 1.0
2026 261982 1.0
2027 262060 1.0
2028 262140 1.0
2029 262209 1.0
2030 262287 1.0
2031 262381 1.0
2032 262470 1.0
2033 262547 1.0
2034 262612 1.0
2035 262700 1.0
2036 262778 1.0
2037 262860 1.0
2038 262934 1.0
2039 263021 1.0
2040 263109 1.0
2041 263170 1.0
2042 263238 1.0
2043 263354 1.0
2044 263416 1.0
2045 263484 1.0
2046 263571 1.0
2047 263664 1.0
2048 263788 1.0
2049 263901 1.0
2050 263966 1.0
2051 264052 1.0
2052 264113 1.0
2053 264190 1.0
2054 264250 1.0
2055 264320 1.0
2056 264398 1.0
2057 264455 1.0
2058 264523 1.0
2059 264617 1.0
2060 264690 1.0
2061 264767 1.0
2062 264843 1.0
2063 264929 1.0
2064 264996 1.0
2065 265092 1.0
2066 265163 1.0
2067 265234 1.0
2068 265307 1.0
2069 265377 1.0
2070 265496 1.0
2071 265584 1.0
2072 265670 1.0
2073 265767 1.0
2074 265829 1.0
2075 265914 1.0
2076 265980 1.0
2077 266068 1.0
2078 266187 1.0
2079 266274 1.0
2080 266355 1.0
2081 266444 1.0
2082 266514 1.0
2083 266624 1.0
2084 266695 1.0
2085 266761 1.0
2086 266823 1.0
2087 266890 1.0
2088 266975 1.0
2089 267050 1.0
2090 267120 1.0
2091 267182 1.0
2092 267285 1.0
2093 267369 1.0
2094 267545 1.0
2095 267621 1.0
2096 267689 1.0
2097 267786 1.0
2098 267850 1.0
2099 267967 1.0
2100 268042 1.0
2101 268162 1.0
2102 268261 1.0
2103 268370 1.0
2104 268443 1.0
2105 268516 1.0
2106 268628 1.0
2107 268707 1.0
2108 268826 1.0
2109 268889 1.0
2110 268954 1.0
2111 269034 1.0
2112 269151 1.0
2113 269225 1.0
2114 269288 1.0
2115 269378 1.0
2116 269454 1.0
2117 269534 1.0
2118 269611 1.0
2119 269705 1.0
2120 269786 1.0
2121 269879 1.0
2122 269965 1.0
2123 270042 1.0
2124 270111 1.0
2125 270194 1.0
2126 270261 1.0
2127 270337 1.0
2128 270407 1.0
2129 270486 1.0
2130 270567 1.0
2131 270635 1.0
2132 270702 1.0
2133 270844 1.0
2134 270926 1.0
2135 271024 1.0
2136 271109 1.0
2137 271168 1.0
2138 271274 1.0
2139 271339 1.0
2140 271415 1.0
2141 271490 1.0
2142 271580 1.0
2143 271637 1.0
2144 271701 1.0
2145 271805 1.0
2146 271896 1.0
2147 271974 1.0
2148 272040 1.0
2149 272125 1.0
2150 272191 1.0
2151 272247 1.0
2152 272318 1.0
2153 272409 1.0
2154 272527 1.0
2155 272618 1.0
2156 272680 1.0
2157 272757 1.0
2158 272823 1.0
2159 272894 1.0
2160 273133 1.0
2161 273202 1.0
2162 273269 1.0
2163 273375 1.0
2164 273467 1.0
2165 273543 1.0
2166 273607 1.0
2167 273679 1.0
2168 273747 1.0
2169 273816 1.0
2170 273897 1.0
2171 274100 1.0
2172 274168 1.0
2173 274241 1.0
2174 274301 1.0
2175 274378 1.0
2176 274472 1.0
2177 274542 1.0
2178 274630 1.0
2179 274726 1.0
2180 274796 1.0
2181 274876 1.0
2182 274975 1.0
2183 275173 1.0
2184 275244 1.0
2185 275362 1.0
2186 275475 1.0
2187 275533 1.0
2188 275602 1.0
2189 275673 1.0
2190 275761 1.0
2191 275857 1.0
2192 275934 1.0
2193 276040 1.0
2194 276121 1.0
2195 276195 1.0
2196 276253 1.0
2197 276344 1.0
2198 276420 1.0
2199 276534 1.0
2200 276614 1.0
2201 276712 1.0
2202 276785 1.0
2203 276858 1.0
2204 276946 1.0
2205 277014 1.0
2206 277113 1.0
2207 277199 1.0
2208 277275 1.0
2209 277336 1.0
2210 277428 1.0
2211 277488 1.0
2212 277557 1.0
2213 277661 1.0
2214 277723 1.0
2215 277797 1.0
2216 277871 1.0
2217 277956 1.0
2218 278141 1.0
2219 278221 1.0
2220 278320 1.0
2221 278393 1.0
2222 278458 1.0
2223 278531 1.0
2224 278605 1.0
2225 278696 1.0
2226 278758 1.0
2227 278845 1.0
2228 278929 1.0
2229 278993 1.0
2230 279088 1.0
2231 279178 1.0
2232 279327 1.0
2233 279444 1.0
2234 279526 1.0
2235 279602 1.0
2236 279666 1.0
2237 279748 1.0
2238 279883 1.0
2239 279962 1.0
2240 280030 1.0
2241 280109 1.0
2242 280192 1.0
2243 280259 1.0
2244 280387 1.0
2245 280460 1.0
2246 280597 1.0
2247 280722 1.0
2248 280808 1.0
2249 280910 1.0
2250 281005 1.0
2251 281079 1.0
2252 281155 1.0
2253 281272 1.0
2254 281343 1.0
2255 281430 1.0
2256 281498 1.0
2257 281567 1.0
2258 281649 1.0
2259 281726 1.0
2260 281819 1.0
2261 281906 1.0
2262 282022 1.0
2263 282104 1.0
2264 282202 1.0
2265 282275 1.0
2266 282355 1.0
2267 282413 1.0
2268 282628 1.0
2269 282734 1.0
2270 282837 1.0
2271 282933 1.0
2272 283012 1.0
2273 283079 1.0
2274 283235 1.0
2275 283304 1.0
2276 283389 1.0
2277 283467 1.0
2278 283560 1.0
2279 283631 1.0
2280 283710 1.0
2281 283809 1.0
2282 283877 1.0
2283 283939 1.0
2284 284012 1.0
2285 284113 1.0
2286 284203 1.0
2287 284266 1.0
2288 284339 1.0
2289 284417 1.0
2290 284495 1.0
2291 284603 1.0
2292 284683 1.0
2293 284760 1.0
2294 284846 1.0
2295 284916 1.0
2296 284990 1.0
2297 285072 1.0
2298 285128 1.0
2299 285207 1.0
2300 285276 1.0
2301 285343 1.0
2302 285430 1.0
2303 285517 1.0
2304 285616 1.0
2305 285694 1.0
2306 285776 1.0
2307 285844 1.0
2308 285989 1.0
2309 286048 1.0
2310 286147 1.0
2311 286258 1.0
2312 286329 1.0
2313 286400 1.0
2314 286557 1.0
2315 286624 1.0
2316 286703 1.0
2317 286773 1.0
2318 286923 1.0
2319 286990 1.0
2320 287073 1.0
2321 287158 1.0
2322 287245 1.0
2323 287310 1.0
2324 287400 1.0
2325 287466 1.0
2326 287571 1.0
2327 287657 1.0
2328 287716 1.0
2329 287805 1.0
2330 287869 1.0
2331 287959 1.0
2332 288025 1.0
2333 288107 1.0
2334 288200 1.0
2335 288275 1.0
2336 288362 1.0
2337 288450 1.0
2338 288523 1.0
2339 288761 1.0
2340 288829 1.0
2341 288894 1.0
2342 288970 1.0
2343 289038 1.0
2344 289119 1.0
2345 289183 1.0
2346 289285 1.0
2347 289416 1.0
2348 289508 1.0
2349 289568 1.0
2350 289637 1.0
2351 289715 1.0
2352 289862 1.0
2353 289955 1.0
2354 290027 1.0
2355 290116 1.0
2356 290177 1.0
2357 290247 1.0
2358 290335 1.0
2359 290420 1.0
2360 290519 1.0
2361 290600 1.0
2362 290684 1.0
2363 290740 1.0
2364 290835 1.0
2365 290913 1.0
2366 290985 1.0
2367 291086 1.0
2368 291142 1.0
2369 291234 1.0
2370 291325 1.0
2371 291405 1.0
2372 291480 1.0
2373 291552 1.0
2374 291637 1.0
2375 291712 1.0
2376 291788 1.0
2377 291890 1.0
2378 291965 1.0
2379 292043 1.0
2380 292119 1.0
2381 292213 1.0
2382 292374 1.0
2383 292504 1.0
2384 292596 1.0
2385 292674 1.0
2386 292734 1.0
2387 292794 1.0
2388 292864 1.0
2389 292948 1.0
2390 293011 1.0
2391 293072 1.0
2392 293148 1.0
2393 293253 1.0
2394 293322 1.0
2395 293431 1.0
2396 293556 1.0
2397 293623 1.0
2398 293723 1.0
2399 293794 1.0
2400 293920 1.0
2401 294066 1.0
2402 294124 1.0
2403 294206 1.0
2404 294295 1.0
2405 294414 1.0
2406 294495 1.0
2407 294589 1.0
2408 294662 1.0
2409 294731 1.0
2410 294816 1.0
2411 294936 1.0
2412 295016 1.0
2413 295090 1.0
2414 295190 1.0
2415 295274 1.0
2416 295335 1.0
2417 295409 1.0
2418 295486 1.0
2419 295550 1.0
2420 295626 1.0
2421 295716 1.0
2422 295785 1.0
2423 295868 1.0
2424 295969 1.0
2425 296037 1.0
2426 296100 1.0
2427 296189 1.0
2428 296304 1.0
2429 296358 1.0
2430 296433 1.0
2431 296507 1.0
2432 296585 1.0
2433 296667 1.0
2434 296766 1.0
2435 296829 1.0
2436 296894 1.0
2437 296974 1.0
2438 297049 1.0
2439 297121 1.0
2440 297202 1.0
2441 297318 1.0
2442 297390 1.0
2443 297458 1.0
2444 297586 1.0
2445 297678 1.0
2446 297767 1.0
2447 297834 1.0
2448 297927 1.0
2449 298029 1.0
2450 298250 1.0
2451 298331 1.0
2452 298391 1.0
2453 298485 1.0
2454 298550 1.0
2455 298635 1.0
2456 298832 1.0
2457 298904 1.0
2458 298972 1.0
2459 299041 1.0
2460 299108 1.0
2461 299190 1.0
2462 299261 1.0
2463 299352 1.0
2464 299437 1.0
2465 299507 1.0
2466 299592 1.0
2467 299658 1.0
2468 299732 1.0
2469 299825 1.0
2470 299891 1.0
2471 299967 1.0
2472 300043 1.0
2473 300104 1.0
2474 300187 1.0
2475 300346 1.0
2476 300427 1.0
2477 300485 1.0
2478 300595 1.0
2479 300729 1.0
2480 300929 1.0
2481 301023 1.0
2482 301100 1.0
2483 301204 1.0
2484 301277 1.0
2485 301355 1.0
2486 301437 1.0
2487 301502 1.0
2488 301579 1.0
2489 301650 1.0
2490 301725 1.0
2491 301854 1.0
2492 301933 1.0
2493 302026 1.0
2494 302107 1.0
2495 302207 1.0
2496 302289 1.0
2497 302393 1.0
2498 302470 1.0
2499 302538 1.0
2500 302601 1.0
2501 302663 1.0
2502 302741 1.0
2503 302811 1.0
2504 302910 1.0
2505 303078 1.0
2506 303133 1.0
2507 303206 1.0
2508 303301 1.0
2509 303365 1.0
2510 303440 1.0
2511 303625 1.0
2512 303699 1.0
2513 303787 1.0
2514 303929 1.0
2515 303998 1.0
2516 304073 1.0
2517 304138 1.0
2518 304222 1.0
2519 304308 1.0
2520 304377 1.0
2521 304470 1.0
2522 304553 1.0
2523 304629 1.0
2524 304724 1.0
2525 304791 1.0
2526 304890 1.0
2527 304961 1.0
2528 305022 1.0
2529 305102 1.0
2530 305159 1.0
2531 305236 1.0
2532 305306 1.0
2533 305442 1.0
2534 305504 1.0
2535 305589 1.0
2536 305662 1.0
2537 305734 1.0
2538 305888 1.0
2539 305973 1.0
2540 306046 1.0
2541 306115 1.0
2542 306183 1.0
2543 306261 1.0
2544 306361 1.0
2545 306450 1.0
2546 306630 1.0
2547 306679 1.0
2548 306753 1.0
2549 306827 1.0
2550 306891 1.0
2551 307011 1.0
2552 307084 1.0
2553 307152 1.0
2554 307247 1.0
2555 307322 1.0
2556 307432 1.0
2557 307527 1.0
2558 307705 1.0
2559 307799 1.0
2560 307862 1.0
2561 307924 1.0
2562 308048 1.0
2563 308113 1.0
2564 308186 1.0
2565 308256 1.0
2566 308367 1.0
2567 308424 1.0
2568 308504 1.0
2569 308572 1.0
2570 308627 1.0
2571 308684 1.0
2572 308760 1.0
2573 308837 1.0
2574 308905 1.0
2575 308968 1.0
2576 309036 1.0
2577 309114 1.0
2578 309180 1.0
2579 309245 1.0
2580 309328 1.0
2581 309405 1.0
2582 309477 1.0
2583 309551 1.0
2584 309629 1.0
2585 309706 1.0
2586 309782 1.0
2587 309850 1.0
2588 309948 1.0
2589 310035 1.0
2590 310122 1.0
2591 310190 1.0
2592 310263 1.0
2593 310351 1.0
2594 310423 1.0
2595 310493 1.0
2596 310587 1.0
2597 310678 1.0
2598 310756 1.0
2599 310828 1.0
2600 310885 1.0
2601 310965 1.0
2602 311038 1.0
2603 311111 1.0
2604 311174 1.0
2605 311240 1.0
2606 311403 1.0
2607 311492 1.0
2608 311554 1.0
2609 311672 1.0
2610 311751 1.0
2611 311854 1.0
2612 311927 1.0
2613 312001 1.0
2614 312069 1.0
2615 312142 1.0
2616 312211 1.0
2617 312269 1.0
2618 312344 1.0
2619 312407 1.0
2620 312464 1.0
2621 312603 1.0
2622 312679 1.0
2623 312745 1.0
2624 312818 1.0
2625 312904 1.0
2626 312981 1.0
2627 313065 1.0
2628 313151 1.0
2629 313219 1.0
2630 313292 1.0
2631 313366 1.0
2632 313471 1.0
2633 313533 1.0
2634 313620 1.0
2635 313702 1.0
2636 313779 1.0
2637 313842 1.0
2638 313922 1.0
2639 313988 1.0
2640 314054 1.0
2641 314126 1.0
2642 314202 1.0
2643 314263 1.0
2644 314400 1.0
2645 314472 1.0
2646 314552 1.0
2647 314620 1.0
2648 314692 1.0
2649 314774 1.0
2650 314839 1.0
2651 314919 1.0
2652 314988 1.0
2653 315114 1.0
2654 315186 1.0
2655 315288 1.0
2656 315418 1.0
2657 315517 1.0
2658 315598 1.0
2659 315662 1.0
2660 315752 1.0
2661 315811 1.0
2662 315876 1.0
2663 315932 1.0
2664 316004 1.0
2665 316071 1.0
2666 316145 1.0
2667 316232 1.0
2668 316306 1.0
2669 316379 1.0
2670 316452 1.0
2671 316521 1.0
2672 316584 1.0
2673 316660 1.0
2674 316736 1.0
2675 316816 1.0
2676 316886 1.0
2677 316957 1.0
2678 317049 1.0
2679 317128 1.0
2680 317215 1.0
2681 317289 1.0
2682 317364 1.0
2683 317449 1.0
2684 317522 1.0
2685 317591 1.0
2686 317668 1.0
2687 317734 1.0
2688 317810 1.0
2689 317887 1.0
2690 317961 1.0
2691 318048 1.0
2692 318117 1.0
2693 318216 1.0
2694 318279 1.0
2695 318374 1.0
2696 318446 1.0
2697 318522 1.0
2698 318584 1.0
2699 318643 1.0
2700 318702 1.0
2701 318766 1.0
2702 318856 1.0
2703 318948 1.0
2704 319015 1.0
2705 319085 1.0
2706 319216 1.0
2707 319299 1.0
2708 319365 1.0
2709 319465 1.0
2710 319535 1.0
2711 319611 1.0
2712 319664 1.0
2713 319753 1.0
2714 319875 1.0
2715 319957 1.0
2716 320096 1.0
2717 320181 1.0
2718 320279 1.0
2719 320349 1.0
2720 320446 1.0
2721 320583 1.0
2722 320656 1.0
2723 320714 1.0
2724 320795 1.0
2725 320895 1.0
2726 320972 1.0
2727 321043 1.0
2728 321131 1.0
2729 321208 1.0
2730 321307 1.0
2731 321384 1.0
2732 321537 1.0
2733 321615 1.0
2734 321680 1.0
2735 321746 1.0
2736 321810 1.0
2737 321892 1.0
2738 321966 1.0
2739 322032 1.0
2740 322096 1.0
2741 322179 1.0
2742 322256 1.0
2743 322327 1.0
2744 322416 1.0
2745 322480 1.0
2746 322556 1.0
2747 322616 1.0
2748 322673 1.0
2749 322740 1.0
2750 322820 1.0
2751 322960 1.0
2752 323052 1.0
2753 323126 1.0
2754 323181 1.0
2755 323265 1.0
2756 323350 1.0
2757 323413 1.0
2758 323491 1.0
2759 323548 1.0
2760 323611 1.0
2761 323675 1.0
2762 323754 1.0
2763 323826 1.0
2764 323899 1.0
2765 323969 1.0
2766 324048 1.0
2767 324112 1.0
2768 324181 1.0
2769 324252 1.0
2770 324375 1.0
2771 324441 1.0
2772 324503 1.0
2773 324675 1.0
2774 324742 1.0
2775 324806 1.0
2776 324891 1.0
2777 324966 1.0
2778 325067 1.0
2779 325122 1.0
2780 325190 1.0
2781 325287 1.0
2782 325369 1.0
2783 325434 1.0
2784 325504 1.0
2785 325623 1.0
2786 325691 1.0
2787 325757 1.0
2788 325839 1.0
2789 325962 1.0
2790 326029 1.0
2791 326101 1.0
2792 326175 1.0
2793 326247 1.0
2794 326329 1.0
2795 326399 1.0
2796 326521 1.0
2797 326596 1.0
2798 326691 1.0
2799 326803 1.0
2800 326880 1.0
2801 326957 1.0
2802 327041 1.0
2803 327129 1.0
2804 327187 1.0
2805 327280 1.0
2806 327346 1.0
2807 327419 1.0
2808 327496 1.0
2809 327558 1.0
2810 327637 1.0
2811 327718 1.0
2812 327793 1.0
2813 327890 1.0
2814 327948 1.0
2815 328017 1.0
2816 328144 1.0
2817 328246 1.0
2818 328389 1.0
2819 328455 1.0
2820 328541 1.0
2821 328612 1.0
2822 328689 1.0
2823 328776 1.0
2824 328840 1.0
2825 328907 1.0
2826 328989 1.0
2827 329066 1.0
2828 329141 1.0
2829 329217 1.0
2830 329309 1.0
2831 329379 1.0
2832 329457 1.0
2833 329516 1.0
2834 329579 1.0
2835 329655 1.0
2836 329739 1.0
2837 329800 1.0
2838 329857 1.0
2839 329937 1.0
2840 330025 1.0
2841 330108 1.0
2842 330188 1.0
2843 330247 1.0
2844 330351 1.0
2845 330420 1.0
2846 330505 1.0
2847 330590 1.0
2848 330664 1.0
2849 330742 1.0
2850 330818 1.0
2851 330896 1.0
2852 330981 1.0
2853 331056 1.0
2854 331141 1.0
2855 331233 1.0
2856 331300 1.0
2857 331373 1.0
2858 331447 1.0
2859 331534 1.0
2860 331616 1.0
2861 331687 1.0
2862 331753 1.0
2863 331838 1.0
2864 331905 1.0
2865 331978 1.0
2866 332088 1.0
2867 332154 1.0
2868 332229 1.0
2869 332319 1.0
2870 332383 1.0
2871 332473 1.0
2872 332557 1.0
2873 332631 1.0
2874 332725 1.0
2875 332826 1.0
2876 332915 1.0
2877 332978 1.0
2878 333061 1.0
2879 333125 1.0
2880 333202 1.0
2881 333281 1.0
2882 333344 1.0
2883 333568 1.0
2884 333636 1.0
2885 333695 1.0
2886 333770 1.0
2887 333855 1.0
2888 333932 1.0
2889 334010 1.0
2890 334082 1.0
2891 334147 1.0
2892 334215 1.0
2893 334287 1.0
2894 334363 1.0
2895 334431 1.0
2896 334518 1.0
2897 334670 1.0
2898 334760 1.0
2899 334829 1.0
2900 334909 1.0
2901 334983 1.0
2902 335079 1.0
2903 335172 1.0
2904 335263 1.0
2905 335330 1.0
2906 335423 1.0
2907 335497 1.0
2908 335590 1.0
2909 335677 1.0
2910 335741 1.0
2911 335806 1.0
2912 335887 1.0
2913 335967 1.0
2914 336076 1.0
2915 336163 1.0
2916 336282 1.0
2917 336357 1.0
2918 336429 1.0
2919 336511 1.0
2920 336586 1.0
2921 336655 1.0
2922 336727 1.0
2923 336814 1.0
2924 336873 1.0
2925 336960 1.0
2926 337058 1.0
2927 337176 1.0
2928 337253 1.0
2929 337317 1.0
2930 337422 1.0
2931 337503 1.0
2932 337568 1.0
2933 337638 1.0
2934 337724 1.0
2935 337799 1.0
2936 337872 1.0
2937 337943 1.0
2938 338044 1.0
2939 338113 1.0
2940 338171 1.0
2941 338278 1.0
2942 338359 1.0
2943 338418 1.0
2944 338482 1.0
2945 338552 1.0
2946 338625 1.0
2947 338717 1.0
2948 338775 1.0
2949 338876 1.0
2950 339029 1.0
2951 339121 1.0
2952 339232 1.0
2953 339332 1.0
2954 339418 1.0
2955 339501 1.0
2956 339579 1.0
2957 339647 1.0
2958 339710 1.0
2959 339791 1.0
2960 339864 1.0
2961 339982 1.0
2962 340063 1.0
2963 340137 1.0
2964 340206 1.0
2965 340266 1.0
2966 340324 1.0
2967 340393 1.0
2968 340461 1.0
2969 340547 1.0
2970 340626 1.0
2971 340694 1.0
2972 340786 1.0
2973 340867 1.0
2974 340940 1.0
2975 341015 1.0
2976 341092 1.0
2977 341163 1.0
2978 341242 1.0
2979 341311 1.0
2980 341372 1.0
2981 341445 1.0
2982 341542 1.0
2983 341611 1.0
2984 341677 1.0
2985 341744 1.0
2986 341805 1.0
2987 341866 1.0
2988 341951 1.0
2989 342018 1.0
2990 342098 1.0
2991 342186 1.0
2992 342287 1.0
2993 342356 1.0
2994 342445 1.0
2995 342551 1.0
2996 342608 1.0
2997 342677 1.0
2998 342766 1.0
2999 342825 1.0
3000 342978 1.0
3001 343056 1.0
3002 343136 1.0
3003 343208 1.0
3004 343275 1.0
3005 343352 1.0
3006 343453 1.0
3007 343528 1.0
3008 343614 1.0
3009 343695 1.0
3010 343753 1.0
3011 343853 1.0
3012 343937 1.0
3013 344015 1.0
3014 344123 1.0
3015 344208 1.0
3016 344281 1.0
3017 344361 1.0
3018 344413 1.0
3019 344556 1.0
3020 344609 1.0
3021 344697 1.0
3022 344815 1.0
3023 344895 1.0
3024 344980 1.0
3025 345044 1.0
3026 345123 1.0
3027 345188 1.0
3028 345275 1.0
3029 345358 1.0
3030 345438 1.0
3031 345532 1.0
3032 345664 1.0
3033 345727 1.0
3034 345830 1.0
3035 345912 1.0
3036 346001 1.0
3037 346071 1.0
3038 346156 1.0
3039 346230 1.0
3040 346333 1.0
3041 346497 1.0
3042 346568 1.0
3043 346659 1.0
3044 346732 1.0
3045 346808 1.0
3046 346886 1.0
3047 346989 1.0
3048 347063 1.0
3049 347131 1.0
3050 347205 1.0
3051 347291 1.0
3052 347414 1.0
3053 347483 1.0
3054 347556 1.0
3055 347625 1.0
3056 347712 1.0
3057 347828 1.0
3058 347905 1.0
3059 347975 1.0
3060 348051 1.0
3061 348118 1.0
3062 348197 1.0
3063 348277 1.0
3064 348350 1.0
3065 348422 1.0
3066 348477 1.0
3067 348544 1.0
3068 348611 1.0
3069 348680 1.0
3070 348786 1.0
3071 348861 1.0
3072 348927 1.0
3073 349025 1.0
3074 349121 1.0
3075 349193 1.0
3076 349256 1.0
3077 349344 1.0
3078 349427 1.0
3079 349498 1.0
3080 349581 1.0
3081 349645 1.0
3082 349711 1.0
3083 349781 1.0
3084 349846 1.0
3085 349933 1.0
3086 350062 1.0
3087 350140 1.0
3088 350206 1.0
3089 350276 1.0
3090 350349 1.0
3091 350437 1.0
3092 350531 1.0
3093 350609 1.0
3094 350677 1.0
3095 350752 1.0
3096 350833 1.0
3097 350932 1.0
3098 351007 1.0
3099 351069 1.0
3100 351150 1.0
3101 351206 1.0
3102 351275 1.0
3103 351371 1.0
3104 351442 1.0
3105 351525 1.0
3106 351594 1.0
3107 351656 1.0
3108 351740 1.0
3109 351842 1.0
3110 351923 1.0
3111 351998 1.0
3112 352078 1.0
3113 352156 1.0
3114 352229 1.0
3115 352319 1.0
3116 352393 1.0
3117 352459 1.0
3118 352568 1.0
3119 352626 1.0
3120 352722 1.0
3121 352792 1.0
3122 352865 1.0
3123 352944 1.0
3124 353040 1.0
3125 353106 1.0
3126 353174 1.0
3127 353253 1.0
3128 353343 1.0
3129 353404 1.0
3130 353474 1.0
3131 353548 1.0
3132 353625 1.0
3133 353694 1.0
3134 353780 1.0
3135 353862 1.0
3136 353930 1.0
3137 354027 1.0
3138 354116 1.0
3139 354213 1.0
3140 354290 1.0
3141 354369 1.0
3142 354453 1.0
3143 354526 1.0
3144 354591 1.0
3145 354653 1.0
3146 354738 1.0
3147 354808 1.0
3148 354870 1.0
3149 354942 1.0
3150 355018 1.0
3151 355087 1.0
3152 355254 1.0
3153 355321 1.0
3154 355406 1.0
3155 355484 1.0
3156 355592 1.0
3157 355767 1.0
3158 355841 1.0
3159 355910 1.0
3160 356004 1.0
3161 356114 1.0
3162 356189 1.0
3163 356295 1.0
3164 356374 1.0
3165 356487 1.0
3166 356549 1.0
3167 356615 1.0
3168 356675 1.0
3169 356745 1.0
3170 356811 1.0
3171 356888 1.0
3172 356953 1.0
3173 357028 1.0
3174 357098 1.0
3175 357187 1.0
3176 357267 1.0
3177 357347 1.0
3178 357430 1.0
3179 357508 1.0
3180 357590 1.0
3181 357666 1.0
3182 357732 1.0
3183 357809 1.0
3184 357863 1.0
3185 357988 1.0
3186 358064 1.0
3187 358140 1.0
3188 358215 1.0
3189 358327 1.0
3190 358407 1.0
3191 358481 1.0
3192 358553 1.0
3193 358628 1.0
3194 358732 1.0
3195 358797 1.0
3196 358863 1.0
3197 358954 1.0
3198 359019 1.0
3199 359073 1.0
3200 359149 1.0
3201 359225 1.0
3202 359287 1.0
3203 359358 1.0
3204 359421 1.0
3205 359489 1.0
3206 359563 1.0
3207 359661 1.0
3208 359770 1.0
3209 359830 1.0
3210 359907 1.0
3211 360090 1.0
3212 360152 1.0
3213 360234 1.0
3214 360308 1.0
3215 360489 1.0
3216 360576 1.0
3217 360638 1.0
3218 360701 1.0
3219 360858 1.0
3220 360926 1.0
3221 361030 1.0
3222 361101 1.0
3223 361164 1.0
3224 361250 1.0
3225 361313 1.0
3226 361377 1.0
3227 361437 1.0
3228 361507 1.0
3229 361578 1.0
3230 361657 1.0
3231 361751 1.0
3232 361824 1.0
3233 361890 1.0
3234 362038 1.0
3235 362100 1.0
3236 362166 1.0
3237 362246 1.0
3238 362397 1.0
3239 362471 1.0
3240 362554 1.0
3241 362617 1.0
3242 362717 1.0
3243 362784 1.0
3244 362868 1.0
3245 362991 1.0
3246 363063 1.0
3247 363138 1.0
3248 363209 1.0
3249 363283 1.0
3250 363362 1.0
3251 363427 1.0
3252 363507 1.0
3253 363577 1.0
3254 363650 1.0
3255 363711 1.0
3256 363789 1.0
3257 363857 1.0
3258 363931 1.0
3259 364009 1.0
3260 364070 1.0
3261 364142 1.0
3262 364225 1.0
3263 364297 1.0
3264 364410 1.0
3265 364478 1.0
3266 364537 1.0
3267 364745 1.0
3268 364838 1.0
3269 364919 1.0
3270 365013 1.0
3271 365088 1.0
3272 365159 1.0
3273 365229 1.0
3274 365310 1.0
3275 365414 1.0
3276 365526 1.0
3277 365590 1.0
3278 365648 1.0
3279 365703 1.0
3280 365769 1.0
3281 365841 1.0
3282 365928 1.0
3283 365993 1.0
3284 366061 1.0
3285 366183 1.0
3286 366244 1.0
3287 366311 1.0
3288 366372 1.0
3289 366430 1.0
3290 366532 1.0
3291 366606 1.0
3292 366691 1.0
3293 366765 1.0
3294 366867 1.0
3295 366924 1.0
3296 367015 1.0
3297 367091 1.0
3298 367171 1.0
3299 367269 1.0
3300 367347 1.0
3301 367409 1.0
3302 367482 1.0
3303 367539 1.0
3304 367605 1.0
3305 367672 1.0
3306 367763 1.0
3307 367828 1.0
3308 367917 1.0
3309 367985 1.0
3310 368060 1.0
3311 368146 1.0
3312 368221 1.0
3313 368281 1.0
3314 368371 1.0
3315 368448 1.0
3316 368533 1.0
3317 368602 1.0
3318 368692 1.0
3319 368864 1.0
3320 368945 1.0
3321 369020 1.0
3322 369096 1.0
3323 369171 1.0
3324 369233 1.0
3325 369330 1.0
3326 369397 1.0
3327 369482 1.0
3328 369599 1.0
3329 369677 1.0
3330 369782 1.0
3331 369849 1.0
3332 369932 1.0
3333 370022 1.0
3334 370087 1.0
3335 370195 1.0
3336 370269 1.0
3337 370358 1.0
3338 370521 1.0
3339 370602 1.0
3340 370664 1.0
3341 370737 1.0
3342 370811 1.0
3343 370878 1.0
3344 370952 1.0
3345 371033 1.0
3346 371112 1.0
3347 371190 1.0
3348 371270 1.0
3349 371341 1.0
3350 371418 1.0
3351 371488 1.0
3352 371572 1.0
3353 371696 1.0
3354 371777 1.0
3355 371843 1.0
3356 371920 1.0
3357 371979 1.0
3358 372043 1.0
3359 372111 1.0
3360 372196 1.0
3361 372276 1.0
3362 372344 1.0
3363 372408 1.0
3364 372482 1.0
3365 372552 1.0
3366 372644 1.0
3367 372724 1.0
3368 372783 1.0
3369 372892 1.0
3370 372995 1.0
3371 373132 1.0
3372 373210 1.0
3373 373282 1.0
3374 373347 1.0
3375 373434 1.0
3376 373561 1.0
3377 373683 1.0
3378 373748 1.0
3379 373847 1.0
3380 373918 1.0
3381 373995 1.0
3382 374078 1.0
3383 374162 1.0
3384 374232 1.0
3385 374324 1.0
3386 374402 1.0
3387 374463 1.0
3388 374533 1.0
3389 374606 1.0
3390 374683 1.0
3391 374757 1.0
3392 374823 1.0
3393 374908 1.0
3394 375000 1.0
3395 375080 1.0
3396 375163 1.0
3397 375227 1.0
3398 375338 1.0
3399 375440 1.0
3400 375505 1.0
3401 375588 1.0
3402 375669 1.0
3403 375751 1.0
3404 375809 1.0
3405 375915 1.0
3406 376005 1.0
3407 376075 1.0
3408 376146 1.0
3409 376305 1.0
3410 376364 1.0
3411 376431 1.0
3412 376516 1.0
3413 376599 1.0
3414 376669 1.0
3415 376770 1.0
3416 376837 1.0
3417 376910 1.0
3418 376977 1.0
3419 377049 1.0
3420 377117 1.0
3421 377208 1.0
3422 377273 1.0
3423 377345 1.0
3424 377432 1.0
3425 377523 1.0
3426 377583 1.0
3427 377651 1.0
3428 377727 1.0
3429 377810 1.0
3430 377885 1.0
3431 377994 1.0
3432 378070 1.0
3433 378147 1.0
3434 378214 1.0
3435 378291 1.0
3436 378376 1.0
3437 378443 1.0
3438 378547 1.0
3439 378610 1.0
3440 378689 1.0
3441 378762 1.0
3442 378823 1.0
3443 378938 1.0
3444 379005 1.0
3445 379081 1.0
3446 379291 1.0
3447 379359 1.0
3448 379446 1.0
3449 379520 1.0
3450 379593 1.0
3451 379672 1.0
3452 379747 1.0
3453 379839 1.0
3454 379899 1.0
3455 380018 1.0
3456 380087 1.0
3457 380147 1.0
3458 380234 1.0
3459 380299 1.0
3460 380375 1.0
3461 380448 1.0
3462 380531 1.0
3463 380594 1.0
3464 380663 1.0
3465 380769 1.0
3466 380834 1.0
3467 380915 1.0
3468 380978 1.0
3469 381071 1.0
3470 381143 1.0
3471 381223 1.0
3472 381308 1.0
3473 381367 1.0
3474 381447 1.0
3475 381539 1.0
3476 381699 1.0
3477 381880 1.0
3478 381940 1.0
3479 382003 1.0
3480 382113 1.0
3481 382226 1.0
3482 382287 1.0
3483 382359 1.0
3484 382430 1.0
3485 382586 1.0
3486 382658 1.0
3487 382732 1.0
3488 382798 1.0
3489 382870 1.0
3490 382975 1.0
3491 383056 1.0
3492 383120 1.0
3493 383299 1.0
3494 383359 1.0
3495 383428 1.0
3496 383528 1.0
3497 383595 1.0
3498 383675 1.0
3499 383730 1.0
3500 383805 1.0
3501 383891 1.0
3502 383968 1.0
3503 384033 1.0
3504 384117 1.0
3505 384206 1.0
3506 384291 1.0
3507 384382 1.0
3508 384462 1.0
3509 384548 1.0
3510 384603 1.0
3511 384708 1.0
3512 384796 1.0
3513 384860 1.0
3514 384937 1.0
3515 385018 1.0
3516 385092 1.0
3517 385166 1.0
3518 385234 1.0
3519 385313 1.0
3520 385409 1.0
3521 385491 1.0
3522 385564 1.0
3523 385631 1.0
3524 385700 1.0
3525 385790 1.0
3526 385878 1.0
3527 385940 1.0
3528 386018 1.0
3529 386123 1.0
3530 386272 1.0
3531 386418 1.0
3532 386494 1.0
3533 386575 1.0
3534 386663 1.0
3535 386731 1.0
3536 386800 1.0
3537 386876 1.0
3538 386946 1.0
3539 387047 1.0
3540 387100 1.0
3541 387160 1.0
3542 387243 1.0
3543 387318 1.0
3544 387386 1.0
3545 387463 1.0
3546 387534 1.0
3547 387632 1.0
3548 387780 1.0
3549 387848 1.0
3550 387929 1.0
3551 388026 1.0
3552 388102 1.0
3553 388190 1.0
3554 388261 1.0
3555 388320 1.0
3556 388396 1.0
3557 388464 1.0
3558 388530 1.0
3559 388600 1.0
3560 388668 1.0
3561 388747 1.0
3562 388835 1.0
3563 388914 1.0
3564 388983 1.0
3565 389083 1.0
3566 389151 1.0
3567 389226 1.0
3568 389307 1.0
3569 389380 1.0
3570 389443 1.0
3571 389525 1.0
3572 389720 1.0
3573 389814 1.0
3574 389873 1.0
3575 389958 1.0
3576 390048 1.0
3577 390120 1.0
3578 390182 1.0
3579 390247 1.0
3580 390324 1.0
3581 390383 1.0
3582 390531 1.0
3583 390605 1.0
3584 390684 1.0
3585 390754 1.0
3586 390829 1.0
3587 390891 1.0
3588 390966 1.0
3589 391031 1.0
3590 391098 1.0
3591 391158 1.0
3592 391243 1.0
3593 391306 1.0
3594 391416 1.0
3595 391485 1.0
3596 391547 1.0
3597 391641 1.0
3598 391695 1.0
3599 391762 1.0
3600 391829 1.0
3601 391908 1.0
3602 391975 1.0
3603 392060 1.0
3604 392147 1.0
3605 392248 1.0
3606 392307 1.0
