1 300 0.0
2 600 0.0
3 900 0.0
4 1200 0.0
5 1500 0.0
6 1800 0.0
7 2100 0.0
8 2400 0.0
9 2700 0.0
10 3000 0.0
11 3300 0.0
12 3600 0.0
13 3900 0.0
14 4200 0.0
15 4500 0.0
16 4800 0.0
17 5100 0.0
18 5400 0.0
19 5700 0.0
20 6000 0.0
21 6300 0.0
22 6600 0.0
23 6900 0.0
24 7200 0.0
25 7500 0.0
26 7800 0.0
27 8100 0.0
28 8400 0.0
29 8700 0.0
30 9000 0.0
31 9300 0.0
32 9600 0.0
33 9900 0.0
34 10200 0.0
35 10500 0.0
36 10800 0.0
37 11100 0.0
38 11400 0.0
39 11700 0.0
40 12000 0.0
41 12300 0.0
42 12600 0.0
43 12900 0.0
44 13200 0.0
45 13500 0.0
46 13800 0.0
47 14100 0.0
48 14400 0.0
49 14700 0.0
50 15000 0.0
51 15300 0.0
52 15600 0.0
53 15900 0.0
54 16200 0.0
55 16500 0.0
56 16800 0.0
57 17100 0.0
58 17400 0.0
59 17700 0.0
60 18000 0.0
61 18300 0.0
62 18600 0.0
63 18900 0.0
64 19200 0.0
65 19500 0.0
66 19800 0.0
67 20100 0.0
68 20400 0.0
69 20700 0.0
70 21000 0.0
71 21300 0.0
72 21600 0.0
73 21900 0.0
74 22200 0.0
75 22500 0.0
76 22800 0.0
77 23100 0.0
78 23400 0.0
79 23700 0.0
80 24000 0.0
81 24300 0.0
82 24600 0.0
83 24900 0.0
84 25200 0.0
85 25500 0.0
86 25800 0.0
87 26100 0.0
88 26400 0.0
89 26700 0.0
90 27000 0.0
91 27300 0.0
92 27600 0.0
93 27900 0.0
94 28200 0.0
95 28500 0.0
96 28800 0.0
97 29100 0.0
98 29400 0.0
99 29700 0.0
100 30000 0.0
101 30300 0.0
102 30600 0.0
103 30900 0.0
104 31200 0.0
105 31500 0.0
106 31800 0.0
107 32100 0.0
108 32400 0.0
109 32700 0.0
110 33000 0.0
111 33300 0.0
112 33600 0.0
113 33900 0.0
114 34200 0.0
115 34500 0.0
116 34800 0.0
117 35100 0.0
118 35400 0.0
119 35700 0.0
120 36000 0.0
121 36300 0.0
122 36600 0.0
123 36900 0.0
124 37200 0.0
125 37500 0.0
126 37800 0.0
127 38100 0.0
128 38400 0.0
129 38700 0.0
130 39000 0.0
131 39300 0.0
132 39600 0.0
133 39900 0.0
134 40200 0.0
135 40500 0.0
136 40800 0.0
137 41100 0.0
138 41400 0.0
139 41700 0.0
140 42000 0.0
141 42300 0.0
142 42600 0.0
143 42900 0.0
144 43200 0.0
145 43500 0.0
146 43800 0.0
147 44100 0.0
148 44400 0.0
149 44700 0.0
150 45000 0.0
151 45300 0.0
152 45600 0.0
153 45900 0.0
154 46200 0.0
155 46500 0.0
156 46800 0.0
157 47100 0.0
158 47400 0.0
159 47700 0.0
160 48000 0.0
161 48300 0.0
162 48600 0.0
163 48900 0.0
164 49200 0.0
165 49500 0.0
166 49800 0.0
167 50100 0.0
168 50400 0.0
169 50700 0.0
170 51000 0.0
171 51300 0.0
172 51600 0.0
173 51900 0.0
174 52200 0.0
175 52500 0.0
176 52800 0.0
177 53100 0.0
178 53400 0.0
179 53700 0.0
180 54000 0.0
181 54300 0.0
182 54600 0.0
183 54900 0.0
184 55200 0.0
185 55500 0.0
186 55800 0.0
187 56100 0.0
188 56400 0.0
189 56700 0.0
190 57000 0.0
191 57300 0.0
192 57600 0.0
193 57900 0.0
194 58200 0.0
195 58500 0.0
196 58800 0.0
197 59100 0.0
198 59400 0.0
199 59700 0.0
200 60000 0.0
201 60300 0.0
202 60600 0.0
203 60900 0.0
204 61200 0.0
205 61500 0.0
206 61800 0.0
207 62100 0.0
208 62400 0.0
209 62700 0.0
210 63000 0.0
211 63300 0.0
212 63600 0.0
213 63900 0.0
214 64200 0.0
215 64500 0.0
216 64800 0.0
217 65100 0.0
218 65400 0.0
219 65700 0.0
220 66000 0.0
221 66300 0.0
222 66600 0.0
223 66900 0.0
224 67200 0.0
225 67500 0.0
226 67800 0.0
227 68100 0.0
228 68400 0.0
229 68700 0.0
230 69000 0.0
231 69300 0.0
232 69600 0.0
233 69900 0.0
234 70200 0.0
235 70500 0.0
236 70800 0.0
237 71100 0.0
238 71400 0.0
239 71700 0.0
240 72000 0.0
241 72300 0.0
242 72600 0.0
243 72900 0.0
244 73200 0.0
245 73500 0.0
246 73800 0.0
247 74100 0.0
248 74400 0.0
249 74700 0.0
250 75000 0.0
251 75300 0.0
252 75600 0.0
253 75900 0.0
254 76200 0.0
255 76500 0.0
256 76800 0.0
257 77100 0.0
258 77400 0.0
259 77700 0.0
260 78000 0.01
261 78300 0.01
262 78600 0.01
263 78900 0.02
264 79200 0.02
265 79500 0.02
266 79800 0.02
267 80100 0.02
268 80400 0.03
269 80700 0.03
270 81000 0.03
271 81300 0.03
272 81600 0.03
273 81900 0.03
274 82200 0.03
275 82500 0.04
276 82800 0.04
277 83100 0.04
278 83400 0.04
279 83700 0.04
280 84000 0.04
281 84300 0.05
282 84600 0.05
283 84900 0.05
284 85200 0.060000000000000005
285 85500 0.07
286 85800 0.07
287 86100 0.07
288 86400 0.06999999999999999
289 86700 0.07
290 87000 0.07
291 87300 0.08
292 87600 0.08
293 87900 0.08
294 88200 0.08
295 88500 0.08
296 88800 0.09
297 89100 0.09
298 89400 0.09999999999999999
299 89700 0.09999999999999999
300 90000 0.10999999999999999
301 90300 0.11999999999999998
302 90600 0.13
303 90900 0.14
304 91200 0.14
305 91500 0.15000000000000002
306 91800 0.16000000000000003
307 92100 0.17000000000000004
308 92400 0.18000000000000005
309 92700 0.18000000000000005
310 93000 0.19000000000000003
311 93300 0.20000000000000004
312 93600 0.21000000000000002
313 93900 0.22000000000000003
314 94200 0.23000000000000004
315 94500 0.24000000000000005
316 94800 0.25000000000000006
317 95100 0.26000000000000006
318 95400 0.2700000000000001
319 95700 0.28
320 96000 0.29000000000000004
321 96300 0.30000000000000004
322 96600 0.31000000000000005
323 96900 0.32000000000000006
324 97200 0.33000000000000007
325 97500 0.3400000000000001
326 97800 0.3500000000000001
327 98100 0.36000000000000004
328 98400 0.36
329 98700 0.37
330 99000 0.38
331 99300 0.39
332 99600 0.4
333 99900 0.41000000000000003
334 100200 0.42000000000000004
335 100500 0.43000000000000005
336 100800 0.44000000000000006
337 101100 0.45000000000000007
338 101400 0.4600000000000001
339 101700 0.4700000000000001
340 102000 0.4700000000000001
341 102300 0.48
342 102600 0.49
343 102900 0.5
344 103200 0.51
345 103500 0.52
346 103800 0.53
347 104100 0.54
348 104400 0.55
349 104700 0.56
350 105000 0.5700000000000001
351 105300 0.5800000000000001
352 105600 0.5900000000000001
353 105900 0.6000000000000001
354 106200 0.6100000000000001
355 106500 0.6200000000000001
356 106800 0.6300000000000001
357 107100 0.6400000000000001
358 107400 0.6500000000000001
359 107601 0.6600000000000001
360 107901 0.6600000000000001
361 108201 0.67
362 108378 0.68
363 108678 0.6800000000000002
364 108978 0.6900000000000002
365 109278 0.7000000000000001
366 109578 0.71
367 109812 0.72
368 110112 0.72
369 110412 0.73
370 110712 0.74
371 111012 0.75
372 111312 0.76
373 111612 0.77
374 111815 0.78
375 112115 0.77
376 112415 0.78
377 112715 0.79
378 113015 0.8
379 113315 0.81
380 113478 0.8200000000000001
381 113778 0.8200000000000001
382 114078 0.8300000000000001
383 114271 0.8400000000000001
384 114421 0.8400000000000001
385 114721 0.8400000000000001
386 115021 0.8500000000000001
387 115321 0.8600000000000001
388 115621 0.8700000000000001
389 115921 0.8800000000000001
390 116037 0.8900000000000001
391 116337 0.8900000000000001
392 116637 0.9000000000000001
393 116937 0.9100000000000001
394 117237 0.9200000000000002
395 117399 0.9300000000000002
396 117699 0.9300000000000002
397 117854 0.9400000000000002
398 118154 0.9400000000000002
399 118378 0.9500000000000002
400 118516 0.9500000000000002
401 118781 0.9500000000000002
402 118868 0.9500000000000002
403 119168 0.9500000000000002
404 119376 0.9600000000000002
405 119620 0.9600000000000002
406 119828 0.9600000000000002
407 119969 0.9600000000000002
408 120269 0.9600000000000002
409 120486 0.9700000000000002
410 120730 0.9700000000000002
411 120893 0.9700000000000002
412 121084 0.9700000000000002
413 121218 0.9700000000000002
414 121354 0.9700000000000002
415 121501 0.9700000000000002
416 121652 0.9700000000000002
417 121787 0.9700000000000002
418 121927 0.9700000000000002
419 122144 0.9700000000000002
420 122359 0.9700000000000002
421 122499 0.9700000000000002
422 122635 0.9700000000000002
423 122835 0.9700000000000002
424 123040 0.9700000000000002
425 123183 0.9700000000000002
426 123282 0.9700000000000002
427 123582 0.9700000000000002
428 123663 0.9800000000000002
429 123880 0.9800000000000002
430 124068 0.9800000000000002
431 124212 0.9800000000000002
432 124353 0.9800000000000002
433 124470 0.9800000000000002
434 124627 0.9800000000000002
435 124724 0.9800000000000002
436 124962 0.9800000000000002
437 125088 0.9800000000000002
438 125168 0.9800000000000002
439 125468 0.9800000000000002
440 125599 0.9900000000000002
441 125696 0.9900000000000002
442 125813 0.9900000000000002
443 125948 0.9900000000000002
444 126173 0.9900000000000002
445 126264 0.9900000000000002
446 126345 0.9900000000000002
447 126464 0.9900000000000002
448 126591 0.9900000000000002
449 126728 0.9900000000000002
450 126865 0.9900000000000002
451 126947 0.9900000000000002
452 127139 0.9900000000000002
453 127370 0.9900000000000002
454 127493 0.9900000000000002
455 127564 0.9900000000000002
456 127717 0.9900000000000002
457 127865 0.9900000000000002
458 127955 0.9900000000000002
459 128079 0.9900000000000002
460 128336 0.9900000000000002
461 128445 0.9900000000000002
462 128554 0.9900000000000002
463 128685 0.9900000000000002
464 128921 0.9900000000000002
465 129065 0.9900000000000002
466 129253 0.9900000000000002
467 129395 0.9900000000000002
468 129552 0.9900000000000002
469 129675 0.9900000000000002
470 129776 0.9900000000000002
471 129930 0.9900000000000002
472 130028 0.9900000000000002
473 130163 0.9900000000000002
474 130463 0.9900000000000002
475 130540 1.0
476 130653 1.0
477 130744 1.0
478 130886 1.0
479 130998 1.0
480 131093 1.0
481 131182 1.0
482 131339 1.0
483 131443 1.0
484 131538 1.0
485 131683 1.0
486 131821 1.0
487 131911 1.0
488 131998 1.0
489 132097 1.0
490 132237 1.0
491 132332 1.0
492 132417 1.0
493 132530 1.0
494 132643 1.0
495 132759 1.0
496 132902 1.0
497 132996 1.0
498 133108 1.0
499 133251 1.0
500 133426 1.0
501 133555 1.0
502 133678 1.0
503 133766 1.0
504 133904 1.0
505 134007 1.0
506 134184 1.0
507 134314 1.0
508 134479 1.0
509 134571 1.0
510 134715 1.0
511 134801 1.0
512 134903 1.0
513 135012 1.0
514 135111 1.0
515 135199 1.0
516 135340 1.0
517 135477 1.0
518 135596 1.0
519 135671 1.0
520 135778 1.0
521 135876 1.0
522 136060 1.0
523 136206 1.0
524 136299 1.0
525 136401 1.0
526 136490 1.0
527 136599 1.0
528 136673 1.0
529 136782 1.0
530 136863 1.0
531 136989 1.0
532 137118 1.0
533 137288 1.0
534 137397 1.0
535 137517 1.0
536 137651 1.0
537 137738 1.0
538 137864 1.0
539 138038 1.0
540 138145 1.0
541 138240 1.0
542 138354 1.0
543 138486 1.0
544 138610 1.0
545 138700 1.0
546 138770 1.0
547 138825 1.0
548 138938 1.0
549 139057 1.0
550 139175 1.0
551 139271 1.0
552 139404 1.0
553 139492 1.0
554 139632 1.0
555 139717 1.0
556 139844 1.0
557 139952 1.0
558 140090 1.0
559 140208 1.0
560 140303 1.0
561 140429 1.0
562 140650 1.0
563 140755 1.0
564 140834 1.0
565 140949 1.0
566 141019 1.0
567 141126 1.0
568 141258 1.0
569 141391 1.0
570 141499 1.0
571 141646 1.0
572 141715 1.0
573 141864 1.0
574 141949 1.0
575 142060 1.0
576 142223 1.0
577 142323 1.0
578 142484 1.0
579 142656 1.0
580 142738 1.0
581 142842 1.0
582 142923 1.0
583 143020 1.0
584 143114 1.0
585 143235 1.0
586 143357 1.0
587 143467 1.0
588 143611 1.0
589 143728 1.0
590 143826 1.0
591 143958 1.0
592 144054 1.0
593 144126 1.0
594 144229 1.0
595 144305 1.0
596 144450 1.0
597 144542 1.0
598 144634 1.0
599 144784 1.0
600 144903 1.0
601 144996 1.0
602 145117 1.0
603 145235 1.0
604 145309 1.0
605 145435 1.0
606 145535 1.0
607 145660 1.0
608 145838 1.0
609 145960 1.0
610 146090 1.0
611 146191 1.0
612 146319 1.0
613 146434 1.0
614 146541 1.0
615 146743 1.0
616 146845 1.0
617 146958 1.0
618 147051 1.0
619 147162 1.0
620 147264 1.0
621 147387 1.0
622 147448 1.0
623 147532 1.0
624 147656 1.0
625 147745 1.0
626 147824 1.0
627 147957 1.0
628 148040 1.0
629 148167 1.0
630 148240 1.0
631 148326 1.0
632 148450 1.0
633 148623 1.0
634 148730 1.0
635 148807 1.0
636 148922 1.0
637 149002 1.0
638 149096 1.0
639 149253 1.0
640 149343 1.0
641 149432 1.0
642 149525 1.0
643 149724 1.0
644 149857 1.0
645 150080 1.0
646 150157 1.0
647 150243 1.0
648 150322 1.0
649 150397 1.0
650 150492 1.0
651 150616 1.0
652 150745 1.0
653 150895 1.0
654 150995 1.0
655 151139 1.0
656 151231 1.0
657 151311 1.0
658 151429 1.0
659 151610 1.0
660 151689 1.0
661 151781 1.0
662 151909 1.0
663 152012 1.0
664 152108 1.0
665 152225 1.0
666 152296 1.0
667 152384 1.0
668 152489 1.0
669 152618 1.0
670 152722 1.0
671 152812 1.0
672 152915 1.0
673 153001 1.0
674 153073 1.0
675 153209 1.0
676 153337 1.0
677 153405 1.0
678 153500 1.0
679 153609 1.0
680 153706 1.0
681 153836 1.0
682 153942 1.0
683 154031 1.0
684 154101 1.0
685 154207 1.0
686 154316 1.0
687 154441 1.0
688 154537 1.0
689 154646 1.0
690 154820 1.0
691 154929 1.0
692 155040 1.0
693 155121 1.0
694 155197 1.0
695 155306 1.0
696 155393 1.0
697 155507 1.0
698 155616 1.0
699 155732 1.0
700 155833 1.0
701 155925 1.0
702 156046 1.0
703 156149 1.0
704 156262 1.0
705 156377 1.0
706 156461 1.0
707 156563 1.0
708 156700 1.0
709 156792 1.0
710 156869 1.0
711 157031 1.0
712 157132 1.0
713 157242 1.0
714 157321 1.0
715 157415 1.0
716 157491 1.0
717 157567 1.0
718 157668 1.0
719 157756 1.0
720 157837 1.0
721 157917 1.0
722 157996 1.0
723 158086 1.0
724 158178 1.0
725 158263 1.0
726 158418 1.0
727 158497 1.0
728 158581 1.0
729 158675 1.0
730 158802 1.0
731 158887 1.0
732 159006 1.0
733 159084 1.0
734 159161 1.0
735 159309 1.0
736 159395 1.0
737 159469 1.0
738 159637 1.0
739 159767 1.0
740 159862 1.0
741 159980 1.0
742 160061 1.0
743 160156 1.0
744 160230 1.0
745 160319 1.0
746 160441 1.0
747 160524 1.0
748 160734 1.0
749 160802 1.0
750 160884 1.0
751 160956 1.0
752 161049 1.0
753 161171 1.0
754 161311 1.0
755 161425 1.0
756 161504 1.0
757 161587 1.0
758 161713 1.0
759 161792 1.0
760 161879 1.0
761 161987 1.0
762 162090 1.0
763 162222 1.0
764 162319 1.0
765 162376 1.0
766 162454 1.0
767 162553 1.0
768 162658 1.0
769 162762 1.0
770 162848 1.0
771 162944 1.0
772 163028 1.0
773 163116 1.0
774 163231 1.0
775 163319 1.0
776 163401 1.0
777 163483 1.0
778 163562 1.0
779 163656 1.0
780 163811 1.0
781 163926 1.0
782 164012 1.0
783 164128 1.0
784 164204 1.0
785 164322 1.0
786 164509 1.0
787 164608 1.0
788 164705 1.0
789 164846 1.0
790 164965 1.0
791 165034 1.0
792 165119 1.0
793 165213 1.0
794 165327 1.0
795 165424 1.0
796 165526 1.0
797 165639 1.0
798 165754 1.0
799 165866 1.0
800 165944 1.0
801 166064 1.0
802 166148 1.0
803 166225 1.0
804 166362 1.0
805 166437 1.0
806 166598 1.0
807 166719 1.0
808 166801 1.0
809 166921 1.0
810 167009 1.0
811 167076 1.0
812 167167 1.0
813 167256 1.0
814 167343 1.0
815 167443 1.0
816 167533 1.0
817 167612 1.0
818 167704 1.0
819 167796 1.0
820 167877 1.0
821 167978 1.0
822 168053 1.0
823 168125 1.0
824 168192 1.0
825 168269 1.0
826 168358 1.0
827 168442 1.0
828 168549 1.0
829 168626 1.0
830 168705 1.0
831 168775 1.0
832 168860 1.0
833 168939 1.0
834 169028 1.0
835 169170 1.0
836 169250 1.0
837 169348 1.0
838 169426 1.0
839 169623 1.0
840 169754 1.0
841 169835 1.0
842 169904 1.0
843 170018 1.0
844 170080 1.0
845 170161 1.0
846 170321 1.0
847 170428 1.0
848 170524 1.0
849 170594 1.0
850 170681 1.0
851 170804 1.0
852 170892 1.0
853 170960 1.0
854 171027 1.0
855 171088 1.0
856 171195 1.0
857 171264 1.0
858 171383 1.0
859 171476 1.0
860 171564 1.0
861 171723 1.0
862 171829 1.0
863 171929 1.0
864 172066 1.0
865 172156 1.0
866 172238 1.0
867 172331 1.0
868 172417 1.0
869 172497 1.0
870 172585 1.0
871 172694 1.0
872 172790 1.0
873 172882 1.0
874 172976 1.0
875 173064 1.0
876 173158 1.0
877 173235 1.0
878 173314 1.0
879 173404 1.0
880 173470 1.0
881 173568 1.0
882 173698 1.0
883 173804 1.0
884 173881 1.0
885 173986 1.0
886 174065 1.0
887 174283 1.0
888 174351 1.0
889 174428 1.0
890 174502 1.0
891 174580 1.0
892 174648 1.0
893 174714 1.0
894 174788 1.0
895 174933 1.0
896 175030 1.0
897 175165 1.0
898 175253 1.0
899 175369 1.0
900 175452 1.0
901 175562 1.0
902 175698 1.0
903 175758 1.0
904 175825 1.0
905 175901 1.0
906 176004 1.0
907 176082 1.0
908 176174 1.0
909 176253 1.0
910 176341 1.0
911 176412 1.0
912 176478 1.0
913 176572 1.0
914 176738 1.0
915 176918 1.0
916 177052 1.0
917 177167 1.0
918 177249 1.0
919 177316 1.0
920 177398 1.0
921 177526 1.0
922 177613 1.0
923 177686 1.0
924 177784 1.0
925 177891 1.0
926 177974 1.0
927 178085 1.0
928 178153 1.0
929 178224 1.0
930 178312 1.0
931 178441 1.0
932 178559 1.0
933 178657 1.0
934 178757 1.0
935 178838 1.0
936 178942 1.0
937 179045 1.0
938 179126 1.0
939 179219 1.0
940 179306 1.0
941 179417 1.0
942 179503 1.0
943 179633 1.0
944 179747 1.0
945 179826 1.0
946 179905 1.0
947 180022 1.0
948 180127 1.0
949 180209 1.0
950 180301 1.0
951 180412 1.0
952 180512 1.0
953 180589 1.0
954 180670 1.0
955 180764 1.0
956 180859 1.0
957 180936 1.0
958 181016 1.0
959 181095 1.0
960 181184 1.0
961 181247 1.0
962 181327 1.0
963 181441 1.0
964 181549 1.0
965 181608 1.0
966 181690 1.0
967 181773 1.0
968 181841 1.0
969 181993 1.0
970 182075 1.0
971 182143 1.0
972 182213 1.0
973 182280 1.0
974 182403 1.0
975 182530 1.0
976 182594 1.0
977 182684 1.0
978 182787 1.0
979 182883 1.0
980 183002 1.0
981 183092 1.0
982 183182 1.0
983 183302 1.0
984 183468 1.0
985 183534 1.0
986 183638 1.0
987 183716 1.0
988 183866 1.0
989 183936 1.0
990 184021 1.0
991 184159 1.0
992 184245 1.0
993 184332 1.0
994 184413 1.0
995 184472 1.0
996 184655 1.0
997 184764 1.0
998 184907 1.0
999 185003 1.0
1000 185121 1.0
1001 185205 1.0
1002 185344 1.0
1003 185416 1.0
1004 185501 1.0
1005 185573 1.0
1006 185687 1.0
1007 185793 1.0
1008 186024 1.0
1009 186163 1.0
1010 186233 1.0
1011 186335 1.0
1012 186406 1.0
1013 186506 1.0
1014 186591 1.0
1015 186688 1.0
1016 186853 1.0
1017 186985 1.0
1018 187098 1.0
1019 187173 1.0
1020 187239 1.0
1021 187334 1.0
1022 187412 1.0
1023 187511 1.0
1024 187583 1.0
1025 187711 1.0
1026 187780 1.0
1027 187876 1.0
1028 187997 1.0
1029 188107 1.0
1030 188216 1.0
1031 188314 1.0
1032 188393 1.0
1033 188473 1.0
1034 188558 1.0
1035 188638 1.0
1036 188743 1.0
1037 188852 1.0
1038 188919 1.0
1039 189010 1.0
1040 189162 1.0
1041 189240 1.0
1042 189315 1.0
1043 189378 1.0
1044 189489 1.0
1045 189575 1.0
1046 189672 1.0
1047 189782 1.0
1048 189847 1.0
1049 189930 1.0
1050 190017 1.0
1051 190137 1.0
1052 190217 1.0
1053 190356 1.0
1054 190518 1.0
1055 190634 1.0
1056 190752 1.0
1057 190901 1.0
1058 191025 1.0
1059 191096 1.0
1060 191174 1.0
1061 191272 1.0
1062 191359 1.0
1063 191463 1.0
1064 191574 1.0
1065 191662 1.0
1066 191771 1.0
1067 191901 1.0
1068 192011 1.0
1069 192121 1.0
1070 192256 1.0
1071 192337 1.0
1072 192459 1.0
1073 192535 1.0
1074 192622 1.0
1075 192726 1.0
1076 192817 1.0
1077 192916 1.0
1078 193055 1.0
1079 193138 1.0
1080 193238 1.0
1081 193322 1.0
1082 193415 1.0
1083 193539 1.0
1084 193623 1.0
1085 193697 1.0
1086 193765 1.0
1087 193852 1.0
1088 193979 1.0
1089 194074 1.0
1090 194212 1.0
1091 194283 1.0
1092 194372 1.0
1093 194440 1.0
1094 194534 1.0
1095 194621 1.0
1096 194713 1.0
1097 194823 1.0
1098 194933 1.0
1099 195072 1.0
1100 195155 1.0
1101 195236 1.0
1102 195307 1.0
1103 195403 1.0
1104 195503 1.0
1105 195597 1.0
1106 195685 1.0
1107 195773 1.0
1108 195862 1.0
1109 195938 1.0
1110 196005 1.0
1111 196130 1.0
1112 196221 1.0
1113 196310 1.0
1114 196398 1.0
1115 196481 1.0
1116 196558 1.0
1117 196627 1.0
1118 196699 1.0
1119 196766 1.0
1120 196904 1.0
1121 196978 1.0
1122 197068 1.0
1123 197140 1.0
1124 197228 1.0
1125 197303 1.0
1126 197387 1.0
1127 197452 1.0
1128 197564 1.0
1129 197639 1.0
1130 197729 1.0
1131 197863 1.0
1132 197981 1.0
1133 198048 1.0
1134 198166 1.0
1135 198255 1.0
1136 198324 1.0
1137 198435 1.0
1138 198570 1.0
1139 198683 1.0
1140 198752 1.0
1141 198840 1.0
1142 198943 1.0
1143 199028 1.0
1144 199103 1.0
1145 199205 1.0
1146 199336 1.0
1147 199409 1.0
1148 199495 1.0
1149 199566 1.0
1150 199647 1.0
1151 199725 1.0
1152 199808 1.0
1153 199916 1.0
1154 200006 1.0
1155 200157 1.0
1156 200293 1.0
1157 200396 1.0
1158 200475 1.0
1159 200539 1.0
1160 200633 1.0
1161 200731 1.0
1162 200882 1.0
1163 200996 1.0
1164 201093 1.0
1165 201178 1.0
1166 201255 1.0
1167 201343 1.0
1168 201440 1.0
1169 201504 1.0
1170 201581 1.0
1171 201757 1.0
1172 201820 1.0
1173 201924 1.0
1174 202028 1.0
1175 202100 1.0
1176 202185 1.0
1177 202282 1.0
1178 202416 1.0
1179 202495 1.0
1180 202580 1.0
1181 202675 1.0
1182 202887 1.0
1183 202965 1.0
1184 203035 1.0
1185 203112 1.0
1186 203205 1.0
1187 203281 1.0
1188 203379 1.0
1189 203483 1.0
1190 203550 1.0
1191 203704 1.0
1192 203801 1.0
1193 203925 1.0
1194 204007 1.0
1195 204113 1.0
1196 204206 1.0
1197 204269 1.0
1198 204349 1.0
1199 204471 1.0
1200 204568 1.0
1201 204659 1.0
1202 204742 1.0
1203 204857 1.0
1204 204954 1.0
1205 205075 1.0
1206 205155 1.0
1207 205249 1.0
1208 205341 1.0
1209 205445 1.0
1210 205515 1.0
1211 205590 1.0
1212 205694 1.0
1213 205777 1.0
1214 205916 1.0
1215 205993 1.0
1216 206087 1.0
1217 206171 1.0
1218 206251 1.0
1219 206332 1.0
1220 206417 1.0
1221 206492 1.0
1222 206629 1.0
1223 206730 1.0
1224 206826 1.0
1225 206899 1.0
1226 206996 1.0
1227 207073 1.0
1228 207178 1.0
1229 207247 1.0
1230 207322 1.0
1231 207399 1.0
1232 207486 1.0
1233 207549 1.0
1234 207635 1.0
1235 207716 1.0
1236 207784 1.0
1237 207851 1.0
1238 207954 1.0
1239 208025 1.0
1240 208113 1.0
1241 208197 1.0
1242 208299 1.0
1243 208366 1.0
1244 208449 1.0
1245 208609 1.0
1246 208721 1.0
1247 208809 1.0
1248 208883 1.0
1249 208958 1.0
1250 209082 1.0
1251 209160 1.0
1252 209235 1.0
1253 209318 1.0
1254 209415 1.0
1255 209478 1.0
1256 209554 1.0
1257 209644 1.0
1258 209714 1.0
1259 209851 1.0
1260 209937 1.0
1261 210013 1.0
1262 210128 1.0
1263 210197 1.0
1264 210270 1.0
1265 210381 1.0
1266 210443 1.0
1267 210540 1.0
1268 210610 1.0
1269 210727 1.0
1270 210795 1.0
1271 210886 1.0
1272 210949 1.0
1273 211053 1.0
1274 211139 1.0
1275 211229 1.0
1276 211306 1.0
1277 211367 1.0
1278 211430 1.0
1279 211513 1.0
1280 211587 1.0
1281 211695 1.0
1282 211801 1.0
1283 211926 1.0
1284 212013 1.0
1285 212109 1.0
1286 212186 1.0
1287 212266 1.0
1288 212342 1.0
1289 212408 1.0
1290 212499 1.0
1291 212592 1.0
1292 212675 1.0
1293 212819 1.0
1294 212906 1.0
1295 212971 1.0
1296 213056 1.0
1297 213124 1.0
1298 213223 1.0
1299 213331 1.0
1300 213404 1.0
1301 213481 1.0
1302 213554 1.0
1303 213619 1.0
1304 213692 1.0
1305 213765 1.0
1306 213857 1.0
1307 213960 1.0
1308 214064 1.0
1309 214135 1.0
1310 214223 1.0
1311 214400 1.0
1312 214485 1.0
1313 214573 1.0
1314 214718 1.0
1315 214788 1.0
1316 214872 1.0
1317 214944 1.0
1318 215015 1.0
1319 215087 1.0
1320 215162 1.0
1321 215239 1.0
1322 215315 1.0
1323 215391 1.0
1324 215534 1.0
1325 215640 1.0
1326 215728 1.0
1327 215803 1.0
1328 215922 1.0
1329 216032 1.0
1330 216099 1.0
1331 216169 1.0
1332 216231 1.0
1333 216331 1.0
1334 216412 1.0
1335 216591 1.0
1336 216679 1.0
1337 216794 1.0
1338 216930 1.0
1339 217023 1.0
1340 217099 1.0
1341 217226 1.0
1342 217315 1.0
1343 217409 1.0
1344 217502 1.0
1345 217649 1.0
1346 217729 1.0
1347 217809 1.0
1348 217870 1.0
1349 217946 1.0
1350 218035 1.0
1351 218121 1.0
1352 218199 1.0
1353 218268 1.0
1354 218333 1.0
1355 218452 1.0
1356 218524 1.0
1357 218616 1.0
1358 218725 1.0
1359 218851 1.0
1360 218934 1.0
1361 219021 1.0
1362 219090 1.0
1363 219210 1.0
1364 219321 1.0
1365 219385 1.0
1366 219476 1.0
1367 219607 1.0
1368 219668 1.0
1369 219758 1.0
1370 219838 1.0
1371 219914 1.0
1372 219990 1.0
1373 220066 1.0
1374 220138 1.0
1375 220217 1.0
1376 220295 1.0
1377 220396 1.0
1378 220514 1.0
1379 220581 1.0
1380 220648 1.0
1381 220749 1.0
1382 220806 1.0
1383 220957 1.0
1384 221101 1.0
1385 221165 1.0
1386 221251 1.0
1387 221384 1.0
1388 221474 1.0
1389 221558 1.0
1390 221664 1.0
1391 221729 1.0
1392 221807 1.0
1393 221879 1.0
1394 221961 1.0
1395 222085 1.0
1396 222156 1.0
1397 222254 1.0
1398 222335 1.0
1399 222408 1.0
1400 222481 1.0
1401 222565 1.0
1402 222660 1.0
1403 222764 1.0
1404 222819 1.0
1405 222888 1.0
1406 222967 1.0
1407 223093 1.0
1408 223178 1.0
1409 223239 1.0
1410 223343 1.0
1411 223432 1.0
1412 223580 1.0
1413 223657 1.0
1414 223730 1.0
1415 223805 1.0
1416 223907 1.0
1417 223979 1.0
1418 224057 1.0
1419 224160 1.0
1420 224226 1.0
1421 224312 1.0
1422 224385 1.0
1423 224444 1.0
1424 224527 1.0
1425 224605 1.0
1426 224675 1.0
1427 224773 1.0
1428 224852 1.0
1429 224915 1.0
1430 224987 1.0
1431 225065 1.0
1432 225128 1.0
1433 225202 1.0
1434 225360 1.0
1435 225436 1.0
1436 225611 1.0
1437 225702 1.0
1438 225796 1.0
1439 225888 1.0
1440 225956 1.0
1441 226036 1.0
1442 226128 1.0
1443 226227 1.0
1444 226339 1.0
1445 226434 1.0
1446 226509 1.0
1447 226587 1.0
1448 226653 1.0
1449 226720 1.0
1450 226796 1.0
1451 226867 1.0
1452 226933 1.0
1453 227037 1.0
1454 227152 1.0
1455 227239 1.0
1456 227304 1.0
1457 227391 1.0
1458 227472 1.0
1459 227543 1.0
1460 227632 1.0
1461 227704 1.0
1462 227840 1.0
1463 227916 1.0
1464 228023 1.0
1465 228122 1.0
1466 228224 1.0
1467 228300 1.0
1468 228428 1.0
1469 228511 1.0
1470 228602 1.0
1471 228682 1.0
1472 228739 1.0
1473 228836 1.0
1474 228943 1.0
1475 229027 1.0
1476 229089 1.0
1477 229167 1.0
1478 229263 1.0
1479 229332 1.0
1480 229407 1.0
1481 229471 1.0
1482 229536 1.0
1483 229594 1.0
1484 229696 1.0
1485 229806 1.0
1486 229874 1.0
1487 229985 1.0
1488 230072 1.0
1489 230229 1.0
1490 230317 1.0
1491 230417 1.0
1492 230497 1.0
1493 230577 1.0
1494 230658 1.0
1495 230729 1.0
1496 230793 1.0
1497 230875 1.0
1498 230969 1.0
1499 231047 1.0
1500 231123 1.0
1501 231195 1.0
1502 231320 1.0
1503 231409 1.0
1504 231493 1.0
1505 231610 1.0
1506 231716 1.0
1507 231789 1.0
1508 231898 1.0
1509 231962 1.0
1510 232038 1.0
1511 232109 1.0
1512 232199 1.0
1513 232279 1.0
1514 232347 1.0
1515 232419 1.0
1516 232510 1.0
1517 232598 1.0
1518 232665 1.0
1519 232771 1.0
1520 232870 1.0
1521 232935 1.0
1522 232998 1.0
1523 233077 1.0
1524 233192 1.0
1525 233273 1.0
1526 233347 1.0
1527 233414 1.0
1528 233494 1.0
1529 233591 1.0
1530 233685 1.0
1531 233788 1.0
1532 233856 1.0
1533 233979 1.0
1534 234049 1.0
1535 234154 1.0
1536 234282 1.0
1537 234335 1.0
1538 234398 1.0
1539 234463 1.0
1540 234563 1.0
1541 234645 1.0
1542 234748 1.0
1543 234839 1.0
1544 234907 1.0
1545 234989 1.0
1546 235078 1.0
1547 235165 1.0
1548 235252 1.0
1549 235339 1.0
1550 235425 1.0
1551 235497 1.0
1552 235570 1.0
1553 235683 1.0
1554 235762 1.0
1555 235890 1.0
1556 235963 1.0
1557 236037 1.0
1558 236124 1.0
1559 236212 1.0
1560 236300 1.0
1561 236413 1.0
1562 236497 1.0
1563 236602 1.0
1564 236702 1.0
1565 236871 1.0
1566 236944 1.0
1567 237030 1.0
1568 237127 1.0
1569 237196 1.0
1570 237303 1.0
1571 237383 1.0
1572 237459 1.0
1573 237530 1.0
1574 237606 1.0
1575 237687 1.0
1576 237756 1.0
1577 237819 1.0
1578 237908 1.0
1579 237993 1.0
1580 238080 1.0
1581 238152 1.0
1582 238212 1.0
1583 238290 1.0
1584 238364 1.0
1585 238429 1.0
1586 238521 1.0
1587 238603 1.0
1588 238677 1.0
1589 238753 1.0
1590 238817 1.0
1591 238907 1.0
1592 238998 1.0
1593 239109 1.0
1594 239183 1.0
1595 239258 1.0
1596 239336 1.0
1597 239394 1.0
1598 239487 1.0
1599 239586 1.0
1600 239676 1.0
1601 239764 1.0
1602 239835 1.0
1603 239919 1.0
1604 240010 1.0
1605 240117 1.0
1606 240190 1.0
1607 240276 1.0
1608 240333 1.0
1609 240447 1.0
1610 240527 1.0
1611 240667 1.0
1612 240762 1.0
1613 240859 1.0
1614 240942 1.0
1615 241018 1.0
1616 241094 1.0
1617 241179 1.0
1618 241239 1.0
1619 241332 1.0
1620 241426 1.0
1621 241513 1.0
1622 241593 1.0
1623 241664 1.0
1624 241752 1.0
1625 241815 1.0
1626 241886 1.0
1627 241971 1.0
1628 242037 1.0
1629 242120 1.0
1630 242220 1.0
1631 242284 1.0
1632 242349 1.0
1633 242510 1.0
1634 242572 1.0
1635 242656 1.0
1636 242782 1.0
1637 242845 1.0
1638 242907 1.0
1639 243032 1.0
1640 243101 1.0
1641 243182 1.0
1642 243253 1.0
1643 243346 1.0
1644 243510 1.0
1645 243579 1.0
1646 243644 1.0
1647 243730 1.0
1648 243828 1.0
1649 243897 1.0
1650 243978 1.0
1651 244084 1.0
1652 244159 1.0
1653 244245 1.0
1654 244333 1.0
1655 244397 1.0
1656 244481 1.0
1657 244552 1.0
1658 244618 1.0
1659 244691 1.0
1660 244782 1.0
1661 244849 1.0
1662 244929 1.0
1663 245022 1.0
1664 245113 1.0
1665 245204 1.0
1666 245283 1.0
1667 245375 1.0
1668 245472 1.0
1669 245546 1.0
1670 245640 1.0
1671 245723 1.0
1672 245786 1.0
1673 245884 1.0
1674 245999 1.0
1675 246084 1.0
1676 246185 1.0
1677 246276 1.0
1678 246405 1.0
1679 246488 1.0
1680 246612 1.0
1681 246680 1.0
1682 246882 1.0
1683 247001 1.0
1684 247084 1.0
1685 247172 1.0
1686 247237 1.0
1687 247358 1.0
1688 247429 1.0
1689 247514 1.0
1690 247613 1.0
1691 247704 1.0
1692 247762 1.0
1693 247842 1.0
1694 247908 1.0
1695 247999 1.0
1696 248108 1.0
1697 248175 1.0
1698 248266 1.0
1699 248343 1.0
1700 248421 1.0
1701 248495 1.0
1702 248590 1.0
1703 248673 1.0
1704 248749 1.0
1705 248817 1.0
1706 248871 1.0
1707 248945 1.0
1708 249018 1.0
1709 249110 1.0
1710 249219 1.0
1711 249302 1.0
1712 249415 1.0
1713 249487 1.0
1714 249600 1.0
1715 249664 1.0
1716 249736 1.0
1717 249800 1.0
1718 249892 1.0
1719 249967 1.0
1720 250040 1.0
1721 250173 1.0
1722 250246 1.0
1723 250321 1.0
1724 250404 1.0
1725 250517 1.0
1726 250606 1.0
1727 250678 1.0
1728 250788 1.0
1729 250868 1.0
1730 250930 1.0
1731 251037 1.0
1732 251113 1.0
1733 251190 1.0
1734 251287 1.0
1735 251405 1.0
1736 251508 1.0
1737 251581 1.0
1738 251661 1.0
1739 251726 1.0
1740 251812 1.0
1741 251988 1.0
1742 252062 1.0
1743 252180 1.0
1744 252281 1.0
1745 252350 1.0
1746 252417 1.0
1747 252525 1.0
1748 252610 1.0
1749 252687 1.0
1750 252770 1.0
1751 252829 1.0
1752 252981 1.0
1753 253038 1.0
1754 253219 1.0
1755 253289 1.0
1756 253436 1.0
1757 253550 1.0
1758 253617 1.0
1759 253692 1.0
1760 253756 1.0
1761 253830 1.0
1762 253898 1.0
1763 253986 1.0
1764 254049 1.0
1765 254141 1.0
1766 254221 1.0
1767 254312 1.0
1768 254416 1.0
1769 254480 1.0
1770 254577 1.0
1771 254687 1.0
1772 254774 1.0
1773 254847 1.0
1774 254912 1.0
1775 254983 1.0
1776 255067 1.0
1777 255156 1.0
1778 255252 1.0
1779 255308 1.0
1780 255366 1.0
1781 255461 1.0
1782 255543 1.0
1783 255629 1.0
1784 255712 1.0
1785 255797 1.0
1786 255884 1.0
1787 255960 1.0
1788 256037 1.0
1789 256114 1.0
1790 256200 1.0
1791 256305 1.0
1792 256395 1.0
1793 256477 1.0
1794 256556 1.0
1795 256622 1.0
1796 256700 1.0
1797 256756 1.0
1798 256898 1.0
1799 256990 1.0
1800 257053 1.0
1801 257122 1.0
1802 257242 1.0
1803 257307 1.0
1804 257404 1.0
1805 257527 1.0
1806 257619 1.0
1807 257708 1.0
1808 257772 1.0
1809 257835 1.0
1810 257902 1.0
1811 257985 1.0
1812 258130 1.0
1813 258234 1.0
1814 258338 1.0
1815 258431 1.0
1816 258520 1.0
1817 258585 1.0
1818 258675 1.0
1819 258786 1.0
1820 258900 1.0
1821 258973 1.0
1822 259042 1.0
1823 259137 1.0
1824 259231 1.0
1825 259361 1.0
1826 259457 1.0
1827 259563 1.0
1828 259674 1.0
1829 259737 1.0
1830 259839 1.0
1831 259963 1.0
1832 260045 1.0
1833 260129 1.0
1834 260194 1.0
1835 260268 1.0
1836 260352 1.0
1837 260420 1.0
1838 260493 1.0
1839 260606 1.0
1840 260680 1.0
1841 260769 1.0
1842 260837 1.0
1843 260925 1.0
1844 260994 1.0
1845 261050 1.0
1846 261147 1.0
1847 261215 1.0
1848 261294 1.0
1849 261385 1.0
1850 261458 1.0
1851 261562 1.0
1852 261643 1.0
1853 261723 1.0
1854 261798 1.0
1855 261883 1.0
1856 261945 1.0
1857 262051 1.0
1858 262148 1.0
1859 262339 1.0
1860 262463 1.0
1861 262542 1.0
1862 262649 1.0
1863 262720 1.0
1864 262783 1.0
1865 262863 1.0
1866 262968 1.0
1867 263055 1.0
1868 263206 1.0
1869 263277 1.0
1870 263364 1.0
1871 263450 1.0
1872 263551 1.0
1873 263632 1.0
1874 263707 1.0
1875 263789 1.0
1876 263857 1.0
1877 263913 1.0
1878 263982 1.0
1879 264071 1.0
1880 264136 1.0
1881 264197 1.0
1882 264264 1.0
1883 264337 1.0
1884 264407 1.0
1885 264475 1.0
1886 264584 1.0
1887 264671 1.0
1888 264743 1.0
1889 264828 1.0
1890 264908 1.0
1891 264988 1.0
1892 265060 1.0
1893 265155 1.0
1894 265223 1.0
1895 265305 1.0
1896 265413 1.0
1897 265491 1.0
1898 265563 1.0
1899 265642 1.0
1900 265711 1.0
1901 265789 1.0
1902 265870 1.0
1903 265926 1.0
1904 266014 1.0
1905 266069 1.0
1906 266135 1.0
1907 266225 1.0
1908 266289 1.0
1909 266372 1.0
1910 266454 1.0
1911 266545 1.0
1912 266616 1.0
1913 266697 1.0
1914 266776 1.0
1915 266846 1.0
1916 266914 1.0
1917 266983 1.0
1918 267052 1.0
1919 267139 1.0
1920 267246 1.0
1921 267318 1.0
1922 267434 1.0
1923 267535 1.0
1924 267621 1.0
1925 267700 1.0
1926 267796 1.0
1927 267879 1.0
1928 267958 1.0
1929 268080 1.0
1930 268151 1.0
1931 268247 1.0
1932 268353 1.0
1933 268433 1.0
1934 268509 1.0
1935 268599 1.0
1936 268680 1.0
1937 268756 1.0
1938 268879 1.0
1939 268942 1.0
1940 268999 1.0
1941 269102 1.0
1942 269174 1.0
1943 269299 1.0
1944 269374 1.0
1945 269448 1.0
1946 269518 1.0
1947 269583 1.0
1948 269647 1.0
1949 269721 1.0
1950 269787 1.0
1951 269890 1.0
1952 269968 1.0
1953 270037 1.0
1954 270111 1.0
1955 270187 1.0
1956 270285 1.0
1957 270423 1.0
1958 270496 1.0
1959 270597 1.0
1960 270666 1.0
1961 270758 1.0
1962 270814 1.0
1963 270873 1.0
1964 270937 1.0
1965 271032 1.0
1966 271096 1.0
1967 271252 1.0
1968 271359 1.0
1969 271437 1.0
1970 271501 1.0
1971 271576 1.0
1972 271644 1.0
1973 271717 1.0
1974 271791 1.0
1975 271869 1.0
1976 271952 1.0
1977 272061 1.0
1978 272113 1.0
1979 272302 1.0
1980 272379 1.0
1981 272457 1.0
1982 272559 1.0
1983 272617 1.0
1984 272732 1.0
1985 272803 1.0
1986 272891 1.0
1987 272964 1.0
1988 273045 1.0
1989 273118 1.0
1990 273201 1.0
1991 273270 1.0
1992 273349 1.0
1993 273404 1.0
1994 273481 1.0
1995 273533 1.0
1996 273614 1.0
1997 273680 1.0
1998 273762 1.0
1999 273840 1.0
2000 273914 1.0
2001 273990 1.0
2002 274067 1.0
2003 274150 1.0
2004 274215 1.0
2005 274281 1.0
2006 274378 1.0
2007 274549 1.0
2008 274618 1.0
2009 274689 1.0
2010 274766 1.0
2011 274847 1.0
2012 274904 1.0
2013 275000 1.0
2014 275091 1.0
2015 275216 1.0
2016 275305 1.0
2017 275373 1.0
2018 275450 1.0
2019 275525 1.0
2020 275597 1.0
2021 275699 1.0
2022 275783 1.0
2023 275878 1.0
2024 275942 1.0
2025 276013 1.0
2026 276085 1.0
2027 276165 1.0
2028 276260 1.0
2029 276333 1.0
2030 276412 1.0
2031 276473 1.0
2032 276551 1.0
2033 276631 1.0
2034 276694 1.0
2035 276764 1.0
2036 276826 1.0
2037 276890 1.0
2038 276966 1.0
2039 277061 1.0
2040 277143 1.0
2041 277226 1.0
2042 277328 1.0
2043 277403 1.0
2044 277475 1.0
2045 277540 1.0
2046 277597 1.0
2047 277672 1.0
2048 277748 1.0
2049 277820 1.0
2050 277894 1.0
2051 277993 1.0
2052 278114 1.0
2053 278184 1.0
2054 278264 1.0
2055 278334 1.0
2056 278406 1.0
2057 278503 1.0
2058 278590 1.0
2059 278671 1.0
2060 278809 1.0
2061 278888 1.0
2062 278952 1.0
2063 279028 1.0
2064 279096 1.0
2065 279194 1.0
2066 279286 1.0
2067 279385 1.0
2068 279471 1.0
2069 279544 1.0
2070 279605 1.0
2071 279716 1.0
2072 279788 1.0
2073 279889 1.0
2074 279994 1.0
2075 280058 1.0
2076 280148 1.0
2077 280233 1.0
2078 280283 1.0
2079 280350 1.0
2080 280480 1.0
2081 280555 1.0
2082 280640 1.0
2083 280723 1.0
2084 280788 1.0
2085 280863 1.0
2086 280945 1.0
2087 281028 1.0
2088 281112 1.0
2089 281198 1.0
2090 281295 1.0
2091 281451 1.0
2092 281532 1.0
2093 281594 1.0
2094 281678 1.0
2095 281745 1.0
2096 281827 1.0
2097 281916 1.0
2098 281994 1.0
2099 282065 1.0
2100 282191 1.0
2101 282266 1.0
2102 282334 1.0
2103 282398 1.0
2104 282473 1.0
2105 282533 1.0
2106 282603 1.0
2107 282684 1.0
2108 282790 1.0
2109 282909 1.0
2110 282974 1.0
2111 283073 1.0
2112 283148 1.0
2113 283250 1.0
2114 283358 1.0
2115 283444 1.0
2116 283511 1.0
2117 283636 1.0
2118 283792 1.0
2119 283906 1.0
2120 283992 1.0
2121 284082 1.0
2122 284138 1.0
2123 284228 1.0
2124 284298 1.0
2125 284433 1.0
2126 284522 1.0
2127 284619 1.0
2128 284682 1.0
2129 284753 1.0
2130 284820 1.0
2131 284967 1.0
2132 285048 1.0
2133 285152 1.0
2134 285215 1.0
2135 285307 1.0
2136 285387 1.0
2137 285531 1.0
2138 285615 1.0
2139 285690 1.0
2140 285784 1.0
2141 285856 1.0
2142 285929 1.0
2143 285997 1.0
2144 286101 1.0
2145 286187 1.0
2146 286277 1.0
2147 286338 1.0
2148 286399 1.0
2149 286470 1.0
2150 286538 1.0
2151 286614 1.0
2152 286714 1.0
2153 286789 1.0
2154 286869 1.0
2155 286942 1.0
2156 287061 1.0
2157 287128 1.0
2158 287185 1.0
2159 287265 1.0
2160 287353 1.0
2161 287459 1.0
2162 287644 1.0
2163 287732 1.0
2164 287802 1.0
2165 287898 1.0
2166 287968 1.0
2167 288035 1.0
2168 288112 1.0
2169 288189 1.0
2170 288266 1.0
2171 288407 1.0
2172 288484 1.0
2173 288569 1.0
2174 288651 1.0
2175 288715 1.0
2176 288808 1.0
2177 288875 1.0
2178 288942 1.0
2179 289008 1.0
2180 289087 1.0
2181 289194 1.0
2182 289285 1.0
2183 289354 1.0
2184 289416 1.0
2185 289560 1.0
2186 289635 1.0
2187 289740 1.0
2188 289810 1.0
2189 289870 1.0
2190 290010 1.0
2191 290092 1.0
2192 290202 1.0
2193 290305 1.0
2194 290391 1.0
2195 290457 1.0
2196 290542 1.0
2197 290638 1.0
2198 290700 1.0
2199 290816 1.0
2200 290886 1.0
2201 290952 1.0
2202 291022 1.0
2203 291093 1.0
2204 291185 1.0
2205 291291 1.0
2206 291393 1.0
2207 291478 1.0
2208 291541 1.0
2209 291646 1.0
2210 291771 1.0
2211 291884 1.0
2212 291961 1.0
2213 292047 1.0
2214 292145 1.0
2215 292223 1.0
2216 292288 1.0
2217 292423 1.0
2218 292494 1.0
2219 292572 1.0
2220 292637 1.0
2221 292731 1.0
2222 292798 1.0
2223 292872 1.0
2224 292942 1.0
2225 293158 1.0
2226 293227 1.0
2227 293300 1.0
2228 293402 1.0
2229 293515 1.0
2230 293573 1.0
2231 293659 1.0
2232 293744 1.0
2233 293812 1.0
2234 293900 1.0
2235 294001 1.0
2236 294156 1.0
2237 294222 1.0
2238 294280 1.0
2239 294388 1.0
2240 294463 1.0
2241 294551 1.0
2242 294630 1.0
2243 294711 1.0
2244 294786 1.0
2245 294855 1.0
2246 294936 1.0
2247 295040 1.0
2248 295150 1.0
2249 295241 1.0
2250 295327 1.0
2251 295397 1.0
2252 295477 1.0
2253 295542 1.0
2254 295609 1.0
2255 295688 1.0
2256 295766 1.0
2257 295846 1.0
2258 295909 1.0
2259 295995 1.0
2260 296066 1.0
2261 296149 1.0
2262 296253 1.0
2263 296320 1.0
2264 296384 1.0
2265 296508 1.0
2266 296575 1.0
2267 296648 1.0
2268 296729 1.0
2269 296822 1.0
2270 296900 1.0
2271 296968 1.0
2272 297039 1.0
2273 297127 1.0
2274 297305 1.0
2275 297377 1.0
2276 297446 1.0
2277 297505 1.0
2278 297588 1.0
2279 297667 1.0
2280 297742 1.0
2281 297810 1.0
2282 297866 1.0
2283 297929 1.0
2284 298011 1.0
2285 298104 1.0
2286 298171 1.0
2287 298242 1.0
2288 298317 1.0
2289 298415 1.0
2290 298490 1.0
2291 298562 1.0
2292 298677 1.0
2293 298796 1.0
2294 298922 1.0
2295 298992 1.0
2296 299079 1.0
2297 299143 1.0
2298 299213 1.0
2299 299323 1.0
2300 299426 1.0
2301 299504 1.0
2302 299588 1.0
2303 299687 1.0
2304 299750 1.0
2305 299812 1.0
2306 299884 1.0
2307 299950 1.0
2308 300019 1.0
2309 300105 1.0
2310 300164 1.0
2311 300243 1.0
2312 300342 1.0
2313 300394 1.0
2314 300489 1.0
2315 300577 1.0
2316 300653 1.0
2317 300734 1.0
2318 300841 1.0
2319 300914 1.0
2320 301109 1.0
2321 301175 1.0
2322 301261 1.0
2323 301320 1.0
2324 301383 1.0
2325 301449 1.0
2326 301515 1.0
2327 301576 1.0
2328 301641 1.0
2329 301709 1.0
2330 301795 1.0
2331 301863 1.0
2332 301960 1.0
2333 302031 1.0
2334 302110 1.0
2335 302189 1.0
2336 302280 1.0
2337 302349 1.0
2338 302420 1.0
2339 302521 1.0
2340 302612 1.0
2341 302677 1.0
2342 302761 1.0
2343 302821 1.0
2344 302939 1.0
2345 303018 1.0
2346 303098 1.0
2347 303173 1.0
2348 303289 1.0
2349 303365 1.0
2350 303430 1.0
2351 303499 1.0
2352 303567 1.0
2353 303631 1.0
2354 303729 1.0
2355 303841 1.0
2356 303917 1.0
2357 303992 1.0
2358 304057 1.0
2359 304133 1.0
2360 304396 1.0
2361 304484 1.0
2362 304594 1.0
2363 304778 1.0
2364 304847 1.0
2365 304939 1.0
2366 305019 1.0
2367 305091 1.0
2368 305165 1.0
2369 305252 1.0
2370 305329 1.0
2371 305418 1.0
2372 305496 1.0
2373 305578 1.0
2374 305653 1.0
2375 305734 1.0
2376 305794 1.0
2377 305874 1.0
2378 305991 1.0
2379 306067 1.0
2380 306169 1.0
2381 306396 1.0
2382 306478 1.0
2383 306557 1.0
2384 306636 1.0
2385 306722 1.0
2386 306786 1.0
2387 306925 1.0
2388 307001 1.0
2389 307080 1.0
2390 307236 1.0
2391 307309 1.0
2392 307474 1.0
2393 307525 1.0
2394 307603 1.0
2395 307660 1.0
2396 307719 1.0
2397 307800 1.0
2398 307867 1.0
2399 307967 1.0
2400 308118 1.0
2401 308195 1.0
2402 308268 1.0
2403 308352 1.0
2404 308418 1.0
2405 308486 1.0
2406 308570 1.0
2407 308663 1.0
2408 308770 1.0
2409 308853 1.0
2410 308971 1.0
2411 309050 1.0
2412 309134 1.0
2413 309200 1.0
2414 309277 1.0
2415 309349 1.0
2416 309427 1.0
2417 309551 1.0
2418 309628 1.0
2419 309726 1.0
2420 309836 1.0
2421 309917 1.0
2422 309983 1.0
2423 310060 1.0
2424 310176 1.0
2425 310261 1.0
2426 310353 1.0
2427 310438 1.0
2428 310521 1.0
2429 310595 1.0
2430 310672 1.0
2431 310771 1.0
2432 310911 1.0
2433 310994 1.0
2434 311097 1.0
2435 311177 1.0
2436 311249 1.0
2437 311331 1.0
2438 311416 1.0
2439 311485 1.0
2440 311554 1.0
2441 311614 1.0
2442 311689 1.0
2443 311767 1.0
2444 311854 1.0
2445 311960 1.0
2446 312062 1.0
2447 312140 1.0
2448 312221 1.0
2449 312306 1.0
2450 312372 1.0
2451 312447 1.0
2452 312517 1.0
2453 312596 1.0
2454 312665 1.0
2455 312752 1.0
2456 312846 1.0
2457 312913 1.0
2458 313002 1.0
2459 313078 1.0
2460 313148 1.0
2461 313226 1.0
2462 313290 1.0
2463 313365 1.0
2464 313446 1.0
2465 313563 1.0
2466 313664 1.0
2467 313746 1.0
2468 313822 1.0
2469 313903 1.0
2470 313978 1.0
2471 314035 1.0
2472 314141 1.0
2473 314209 1.0
2474 314283 1.0
2475 314356 1.0
2476 314453 1.0
2477 314522 1.0
2478 314586 1.0
2479 314682 1.0
2480 314759 1.0
2481 314864 1.0
2482 314944 1.0
2483 315046 1.0
2484 315162 1.0
2485 315246 1.0
2486 315325 1.0
2487 315433 1.0
2488 315529 1.0
2489 315612 1.0
2490 315681 1.0
2491 315798 1.0
2492 315890 1.0
2493 315964 1.0
2494 316033 1.0
2495 316102 1.0
2496 316206 1.0
2497 316291 1.0
2498 316354 1.0
2499 316471 1.0
2500 316551 1.0
2501 316623 1.0
2502 316695 1.0
2503 316778 1.0
2504 316861 1.0
2505 316963 1.0
2506 317032 1.0
2507 317168 1.0
2508 317259 1.0
2509 317331 1.0
2510 317384 1.0
2511 317462 1.0
2512 317548 1.0
2513 317660 1.0
2514 317727 1.0
2515 317803 1.0
2516 317890 1.0
2517 317981 1.0
2518 318067 1.0
2519 318140 1.0
2520 318226 1.0
2521 318371 1.0
2522 318456 1.0
2523 318543 1.0
2524 318623 1.0
2525 318713 1.0
2526 318794 1.0
2527 318866 1.0
2528 318981 1.0
2529 319061 1.0
2530 319141 1.0
2531 319227 1.0
2532 319310 1.0
2533 319385 1.0
2534 319454 1.0
2535 319534 1.0
2536 319596 1.0
2537 319660 1.0
2538 319718 1.0
2539 319801 1.0
2540 319888 1.0
2541 319947 1.0
2542 320019 1.0
2543 320104 1.0
2544 320217 1.0
2545 320275 1.0
2546 320362 1.0
2547 320603 1.0
2548 320687 1.0
2549 320768 1.0
2550 320840 1.0
2551 320935 1.0
2552 320992 1.0
2553 321052 1.0
2554 321168 1.0
2555 321256 1.0
2556 321330 1.0
2557 321424 1.0
2558 321528 1.0
2559 321682 1.0
2560 321775 1.0
2561 321915 1.0
2562 321993 1.0
2563 322064 1.0
2564 322126 1.0
2565 322193 1.0
2566 322275 1.0
2567 322348 1.0
2568 322414 1.0
2569 322491 1.0
2570 322572 1.0
2571 322661 1.0
2572 322736 1.0
2573 322804 1.0
2574 322876 1.0
2575 322946 1.0
2576 323021 1.0
2577 323097 1.0
2578 323159 1.0
2579 323234 1.0
2580 323304 1.0
2581 323379 1.0
2582 323456 1.0
2583 323527 1.0
2584 323605 1.0
2585 323679 1.0
2586 323744 1.0
2587 323856 1.0
2588 323932 1.0
2589 324011 1.0
2590 324089 1.0
2591 324157 1.0
2592 324246 1.0
2593 324384 1.0
2594 324447 1.0
2595 324511 1.0
2596 324581 1.0
2597 324657 1.0
2598 324733 1.0
2599 324806 1.0
2600 324895 1.0
2601 325058 1.0
2602 325133 1.0
2603 325213 1.0
2604 325282 1.0
2605 325350 1.0
2606 325437 1.0
2607 325507 1.0
2608 325587 1.0
2609 325664 1.0
2610 325730 1.0
2611 325805 1.0
2612 325876 1.0
2613 325973 1.0
2614 326073 1.0
2615 326142 1.0
2616 326239 1.0
2617 326295 1.0
2618 326354 1.0
2619 326421 1.0
2620 326489 1.0
2621 326644 1.0
2622 326720 1.0
2623 326793 1.0
2624 326858 1.0
2625 326932 1.0
2626 326998 1.0
2627 327076 1.0
2628 327151 1.0
2629 327299 1.0
2630 327397 1.0
2631 327480 1.0
2632 327551 1.0
2633 327623 1.0
2634 327699 1.0
2635 327815 1.0
2636 327890 1.0
2637 327980 1.0
2638 328081 1.0
2639 328167 1.0
2640 328239 1.0
2641 328341 1.0
2642 328405 1.0
2643 328469 1.0
2644 328615 1.0
2645 328714 1.0
2646 328792 1.0
2647 328875 1.0
2648 328956 1.0
2649 329021 1.0
2650 329098 1.0
2651 329190 1.0
2652 329270 1.0
2653 329347 1.0
2654 329414 1.0
2655 329471 1.0
2656 329623 1.0
2657 329689 1.0
2658 329789 1.0
2659 329901 1.0
2660 329966 1.0
2661 330038 1.0
2662 330111 1.0
2663 330182 1.0
2664 330264 1.0
2665 330333 1.0
2666 330394 1.0
2667 330477 1.0
2668 330570 1.0
2669 330636 1.0
2670 330721 1.0
2671 330798 1.0
2672 330871 1.0
2673 330951 1.0
2674 331026 1.0
2675 331097 1.0
2676 331169 1.0
2677 331247 1.0
2678 331331 1.0
2679 331430 1.0
2680 331499 1.0
2681 331587 1.0
2682 331652 1.0
2683 331728 1.0
2684 331811 1.0
2685 331904 1.0
2686 332013 1.0
2687 332097 1.0
2688 332249 1.0
2689 332323 1.0
2690 332387 1.0
2691 332454 1.0
2692 332513 1.0
2693 332607 1.0
2694 332687 1.0
2695 332754 1.0
2696 332842 1.0
2697 332930 1.0
2698 333013 1.0
2699 333116 1.0
2700 333186 1.0
2701 333260 1.0
2702 333322 1.0
2703 333402 1.0
2704 333469 1.0
2705 333558 1.0
2706 333647 1.0
2707 333707 1.0
2708 333777 1.0
2709 333864 1.0
2710 333934 1.0
2711 333994 1.0
2712 334083 1.0
2713 334193 1.0
2714 334263 1.0
2715 334365 1.0
2716 334429 1.0
2717 334513 1.0
2718 334587 1.0
2719 334679 1.0
2720 334767 1.0
2721 334842 1.0
2722 334912 1.0
2723 334991 1.0
2724 335077 1.0
2725 335134 1.0
2726 335227 1.0
2727 335301 1.0
2728 335368 1.0
2729 335465 1.0
2730 335547 1.0
2731 335614 1.0
2732 335681 1.0
2733 335816 1.0
2734 335904 1.0
2735 336051 1.0
2736 336155 1.0
2737 336231 1.0
2738 336309 1.0
2739 336381 1.0
2740 336448 1.0
2741 336523 1.0
2742 336604 1.0
2743 336671 1.0
2744 336755 1.0
2745 336839 1.0
2746 336911 1.0
2747 336986 1.0
2748 337076 1.0
2749 337227 1.0
2750 337326 1.0
2751 337409 1.0
2752 337485 1.0
2753 337559 1.0
2754 337635 1.0
2755 337794 1.0
2756 337862 1.0
2757 337951 1.0
2758 338029 1.0
2759 338105 1.0
2760 338213 1.0
2761 338304 1.0
2762 338386 1.0
2763 338473 1.0
2764 338542 1.0
2765 338616 1.0
2766 338695 1.0
2767 338795 1.0
2768 338867 1.0
2769 338938 1.0
2770 339030 1.0
2771 339105 1.0
2772 339167 1.0
2773 339235 1.0
2774 339351 1.0
2775 339427 1.0
2776 339499 1.0
2777 339554 1.0
2778 339630 1.0
2779 339699 1.0
2780 339775 1.0
2781 339836 1.0
2782 339917 1.0
2783 340026 1.0
2784 340134 1.0
2785 340215 1.0
2786 340291 1.0
2787 340351 1.0
2788 340423 1.0
2789 340597 1.0
2790 340656 1.0
2791 340749 1.0
2792 340843 1.0
2793 340930 1.0
2794 341010 1.0
2795 341120 1.0
2796 341214 1.0
2797 341280 1.0
2798 341366 1.0
2799 341439 1.0
2800 341500 1.0
2801 341585 1.0
2802 341648 1.0
2803 341727 1.0
2804 341806 1.0
2805 341973 1.0
2806 342064 1.0
2807 342140 1.0
2808 342247 1.0
2809 342316 1.0
2810 342398 1.0
2811 342453 1.0
2812 342509 1.0
2813 342595 1.0
2814 342667 1.0
2815 342732 1.0
2816 342804 1.0
2817 342866 1.0
2818 342936 1.0
2819 342997 1.0
2820 343090 1.0
2821 343139 1.0
2822 343226 1.0
2823 343295 1.0
2824 343371 1.0
2825 343436 1.0
2826 343519 1.0
2827 343589 1.0
2828 343671 1.0
2829 343737 1.0
2830 343815 1.0
2831 343873 1.0
2832 343943 1.0
2833 344033 1.0
2834 344108 1.0
2835 344223 1.0
2836 344292 1.0
2837 344368 1.0
2838 344470 1.0
2839 344614 1.0
2840 344697 1.0
2841 344796 1.0
2842 344896 1.0
2843 345030 1.0
2844 345137 1.0
2845 345200 1.0
2846 345332 1.0
2847 345411 1.0
2848 345507 1.0
2849 345571 1.0
2850 345642 1.0
2851 345722 1.0
2852 345837 1.0
2853 345933 1.0
2854 346041 1.0
2855 346101 1.0
2856 346217 1.0
2857 346293 1.0
2858 346373 1.0
2859 346440 1.0
2860 346516 1.0
2861 346685 1.0
2862 346787 1.0
2863 346860 1.0
2864 346931 1.0
2865 347011 1.0
2866 347070 1.0
2867 347137 1.0
2868 347199 1.0
2869 347272 1.0
2870 347342 1.0
2871 347414 1.0
2872 347494 1.0
2873 347571 1.0
2874 347656 1.0
2875 347722 1.0
2876 347790 1.0
2877 347863 1.0
2878 347938 1.0
2879 348014 1.0
2880 348094 1.0
2881 348161 1.0
2882 348216 1.0
2883 348297 1.0
2884 348359 1.0
2885 348422 1.0
2886 348495 1.0
2887 348580 1.0
2888 348653 1.0
2889 348747 1.0
2890 348814 1.0
2891 348978 1.0
2892 349056 1.0
2893 349144 1.0
2894 349269 1.0
2895 349342 1.0
2896 349423 1.0
2897 349495 1.0
2898 349577 1.0
2899 349651 1.0
2900 349721 1.0
2901 349818 1.0
2902 349877 1.0
2903 349993 1.0
2904 350096 1.0
2905 350163 1.0
2906 350247 1.0
2907 350356 1.0
2908 350438 1.0
2909 350529 1.0
2910 350598 1.0
2911 350654 1.0
2912 350725 1.0
2913 350791 1.0
2914 350858 1.0
2915 350961 1.0
2916 351041 1.0
2917 351113 1.0
2918 351189 1.0
2919 351262 1.0
2920 351345 1.0
2921 351407 1.0
2922 351484 1.0
2923 351575 1.0
2924 351664 1.0
2925 351735 1.0
2926 351826 1.0
2927 351884 1.0
2928 351957 1.0
2929 352037 1.0
2930 352115 1.0
2931 352207 1.0
2932 352273 1.0
2933 352344 1.0
2934 352427 1.0
2935 352494 1.0
2936 352577 1.0
2937 352649 1.0
2938 352720 1.0
2939 352797 1.0
2940 352884 1.0
2941 352996 1.0
2942 353124 1.0
2943 353200 1.0
2944 353272 1.0
2945 353328 1.0
2946 353586 1.0
2947 353671 1.0
2948 353746 1.0
2949 353860 1.0
2950 353947 1.0
2951 354028 1.0
2952 354087 1.0
2953 354155 1.0
2954 354228 1.0
2955 354308 1.0
2956 354391 1.0
2957 354459 1.0
2958 354534 1.0
2959 354589 1.0
2960 354654 1.0
2961 354719 1.0
2962 354802 1.0
2963 354883 1.0
2964 354971 1.0
2965 355038 1.0
2966 355165 1.0
2967 355251 1.0
2968 355345 1.0
2969 355435 1.0
2970 355572 1.0
2971 355645 1.0
2972 355724 1.0
2973 355793 1.0
2974 355884 1.0
2975 355958 1.0
2976 356051 1.0
2977 356138 1.0
2978 356217 1.0
2979 356330 1.0
2980 356401 1.0
2981 356468 1.0
2982 356559 1.0
2983 356622 1.0
2984 356694 1.0
2985 356774 1.0
2986 356856 1.0
2987 356918 1.0
2988 356982 1.0
2989 357054 1.0
2990 357123 1.0
2991 357200 1.0
2992 357267 1.0
2993 357331 1.0
2994 357426 1.0
2995 357488 1.0
2996 357554 1.0
2997 357649 1.0
2998 357723 1.0
2999 357817 1.0
3000 357993 1.0
3001 358080 1.0
3002 358143 1.0
3003 358205 1.0
3004 358273 1.0
3005 358341 1.0
3006 358433 1.0
3007 358521 1.0
3008 358576 1.0
3009 358646 1.0
3010 358730 1.0
3011 358803 1.0
3012 358872 1.0
3013 358950 1.0
3014 359037 1.0
3015 359098 1.0
3016 359188 1.0
3017 359272 1.0
3018 359335 1.0
3019 359406 1.0
3020 359479 1.0
3021 359556 1.0
3022 359641 1.0
3023 359715 1.0
3024 359816 1.0
3025 359961 1.0
3026 360023 1.0
3027 360122 1.0
3028 360189 1.0
3029 360258 1.0
3030 360382 1.0
3031 360471 1.0
3032 360537 1.0
3033 360612 1.0
3034 360726 1.0
3035 360785 1.0
3036 360876 1.0
3037 360996 1.0
3038 361129 1.0
3039 361190 1.0
3040 361285 1.0
3041 361371 1.0
3042 361442 1.0
3043 361504 1.0
3044 361599 1.0
3045 361673 1.0
3046 361776 1.0
3047 361887 1.0
3048 361962 1.0
3049 362027 1.0
3050 362118 1.0
3051 362287 1.0
3052 362390 1.0
3053 362461 1.0
3054 362549 1.0
3055 362630 1.0
3056 362726 1.0
3057 362807 1.0
3058 362870 1.0
3059 362939 1.0
3060 363018 1.0
3061 363115 1.0
3062 363182 1.0
3063 363254 1.0
3064 363374 1.0
3065 363435 1.0
3066 363520 1.0
3067 363609 1.0
3068 363767 1.0
3069 363845 1.0
3070 363908 1.0
3071 363968 1.0
3072 364035 1.0
3073 364134 1.0
3074 364201 1.0
3075 364280 1.0
3076 364346 1.0
3077 364409 1.0
3078 364485 1.0
3079 364607 1.0
3080 364673 1.0
3081 364747 1.0
3082 364825 1.0
3083 364903 1.0
3084 365010 1.0
3085 365073 1.0
3086 365144 1.0
3087 365211 1.0
3088 365294 1.0
3089 365391 1.0
3090 365470 1.0
3091 365535 1.0
3092 365612 1.0
3093 365703 1.0
3094 365778 1.0
3095 365869 1.0
3096 365974 1.0
3097 366057 1.0
3098 366129 1.0
3099 366207 1.0
3100 366272 1.0
3101 366347 1.0
3102 366411 1.0
3103 366515 1.0
3104 366578 1.0
3105 366646 1.0
3106 366746 1.0
3107 366830 1.0
3108 366907 1.0
3109 366976 1.0
3110 367036 1.0
3111 367104 1.0
3112 367178 1.0
3113 367272 1.0
3114 367333 1.0
3115 367398 1.0
3116 367475 1.0
3117 367557 1.0
3118 367627 1.0
3119 367687 1.0
3120 367765 1.0
3121 367853 1.0
3122 367983 1.0
3123 368054 1.0
3124 368147 1.0
3125 368236 1.0
3126 368328 1.0
3127 368419 1.0
3128 368494 1.0
3129 368579 1.0
3130 368653 1.0
3131 368731 1.0
3132 368830 1.0
3133 368898 1.0
3134 368985 1.0
3135 369045 1.0
3136 369138 1.0
3137 369231 1.0
3138 369303 1.0
3139 369382 1.0
3140 369449 1.0
3141 369512 1.0
3142 369571 1.0
3143 369696 1.0
3144 369778 1.0
3145 369842 1.0
3146 369930 1.0
3147 370011 1.0
3148 370092 1.0
3149 370165 1.0
3150 370246 1.0
3151 370320 1.0
3152 370404 1.0
3153 370469 1.0
3154 370534 1.0
3155 370623 1.0
3156 370692 1.0
3157 370784 1.0
3158 370878 1.0
3159 370951 1.0
3160 371010 1.0
3161 371097 1.0
3162 371157 1.0
3163 371241 1.0
3164 371322 1.0
3165 371395 1.0
3166 371474 1.0
3167 371567 1.0
3168 371625 1.0
3169 371709 1.0
3170 371769 1.0
3171 371851 1.0
3172 371916 1.0
3173 371997 1.0
3174 372055 1.0
3175 372121 1.0
3176 372198 1.0
3177 372276 1.0
3178 372374 1.0
3179 372458 1.0
3180 372555 1.0
3181 372624 1.0
3182 372724 1.0
3183 372914 1.0
3184 372986 1.0
3185 373068 1.0
3186 373132 1.0
3187 373210 1.0
3188 373293 1.0
3189 373400 1.0
3190 373466 1.0
3191 373535 1.0
3192 373603 1.0
3193 373701 1.0
3194 373783 1.0
3195 373854 1.0
3196 373915 1.0
3197 373982 1.0
3198 374055 1.0
3199 374129 1.0
3200 374192 1.0
3201 374277 1.0
3202 374357 1.0
3203 374427 1.0
3204 374521 1.0
3205 374592 1.0
3206 374715 1.0
3207 374788 1.0
3208 374873 1.0
3209 374935 1.0
3210 375063 1.0
3211 375146 1.0
3212 375240 1.0
3213 375320 1.0
3214 375388 1.0
3215 375480 1.0
3216 375534 1.0
3217 375617 1.0
3218 375695 1.0
3219 375777 1.0
3220 375895 1.0
3221 375978 1.0
3222 376055 1.0
3223 376130 1.0
3224 376275 1.0
3225 376351 1.0
3226 376408 1.0
3227 376471 1.0
3228 376567 1.0
3229 376679 1.0
3230 376743 1.0
3231 376839 1.0
3232 376905 1.0
3233 376997 1.0
3234 377075 1.0
3235 377139 1.0
3236 377204 1.0
3237 377271 1.0
3238 377445 1.0
3239 377519 1.0
3240 377590 1.0
3241 377680 1.0
3242 377752 1.0
3243 377849 1.0
3244 377940 1.0
3245 378016 1.0
3246 378097 1.0
3247 378196 1.0
3248 378294 1.0
3249 378386 1.0
3250 378464 1.0
3251 378544 1.0
3252 378602 1.0
3253 378678 1.0
3254 378747 1.0
3255 378811 1.0
3256 378900 1.0
3257 378958 1.0
3258 379025 1.0
3259 379143 1.0
3260 379233 1.0
3261 379341 1.0
3262 379411 1.0
3263 379488 1.0
3264 379551 1.0
3265 379659 1.0
3266 379711 1.0
3267 379785 1.0
3268 379858 1.0
3269 379915 1.0
3270 380005 1.0
3271 380074 1.0
3272 380157 1.0
3273 380278 1.0
3274 380338 1.0
3275 380407 1.0
3276 380462 1.0
3277 380531 1.0
3278 380588 1.0
3279 380651 1.0
3280 380738 1.0
3281 380804 1.0
3282 380887 1.0
3283 381001 1.0
3284 381079 1.0
3285 381173 1.0
3286 381242 1.0
3287 381314 1.0
3288 381390 1.0
3289 381457 1.0
3290 381529 1.0
3291 381599 1.0
3292 381674 1.0
3293 381740 1.0
3294 381813 1.0
3295 381895 1.0
3296 381981 1.0
3297 382038 1.0
3298 382100 1.0
3299 382220 1.0
3300 382306 1.0
3301 382382 1.0
3302 382455 1.0
3303 382511 1.0
3304 382667 1.0
3305 382740 1.0
3306 382808 1.0
3307 382869 1.0
3308 382973 1.0
3309 383066 1.0
3310 383133 1.0
3311 383204 1.0
3312 383345 1.0
3313 383400 1.0
3314 383475 1.0
3315 383536 1.0
3316 383618 1.0
3317 383699 1.0
3318 383770 1.0
3319 383862 1.0
3320 383931 1.0
3321 383999 1.0
3322 384068 1.0
3323 384127 1.0
3324 384194 1.0
3325 384258 1.0
3326 384327 1.0
3327 384433 1.0
3328 384517 1.0
3329 384606 1.0
3330 384729 1.0
3331 384811 1.0
3332 384900 1.0
3333 384976 1.0
3334 385045 1.0
3335 385128 1.0
3336 385210 1.0
3337 385283 1.0
3338 385354 1.0
3339 385424 1.0
3340 385494 1.0
3341 385567 1.0
3342 385635 1.0
3343 385718 1.0
3344 385801 1.0
3345 385871 1.0
3346 385956 1.0
3347 386022 1.0
3348 386103 1.0
3349 386207 1.0
3350 386287 1.0
3351 386372 1.0
3352 386444 1.0
3353 386556 1.0
3354 386638 1.0
3355 386714 1.0
3356 386807 1.0
3357 386906 1.0
3358 386978 1.0
3359 387041 1.0
3360 387135 1.0
3361 387207 1.0
3362 387280 1.0
3363 387425 1.0
3364 387580 1.0
3365 387656 1.0
3366 387722 1.0
3367 387836 1.0
3368 387901 1.0
3369 387980 1.0
3370 388056 1.0
3371 388127 1.0
3372 388220 1.0
3373 388277 1.0
3374 388422 1.0
3375 388513 1.0
3376 388578 1.0
3377 388651 1.0
3378 388714 1.0
3379 388798 1.0
3380 388862 1.0
3381 388929 1.0
3382 388994 1.0
3383 389065 1.0
3384 389137 1.0
3385 389222 1.0
3386 389321 1.0
3387 389414 1.0
3388 389481 1.0
3389 389550 1.0
3390 389614 1.0
3391 389703 1.0
3392 389765 1.0
3393 389847 1.0
3394 389970 1.0
3395 390054 1.0
3396 390136 1.0
3397 390217 1.0
3398 390297 1.0
3399 390385 1.0
3400 390454 1.0
3401 390526 1.0
3402 390603 1.0
3403 390682 1.0
3404 390741 1.0
3405 390808 1.0
3406 390881 1.0
3407 390953 1.0
3408 391029 1.0
3409 391088 1.0
3410 391141 1.0
3411 391208 1.0
3412 391266 1.0
3413 391364 1.0
3414 391437 1.0
3415 391506 1.0
3416 391575 1.0
3417 391655 1.0
3418 391721 1.0
3419 391828 1.0
3420 391894 1.0
3421 391980 1.0
3422 392063 1.0
