1 300 0.55
2 600 0.56
3 900 0.5700000000000001
4 1200 0.5800000000000001
5 1500 0.5900000000000001
6 1800 0.6000000000000001
7 2100 0.6100000000000001
8 2400 0.6200000000000001
9 2700 0.63
10 3000 0.6400000000000001
11 3300 0.65
12 3600 0.66
13 3900 0.6700000000000002
14 4200 0.6800000000000002
15 4500 0.69
16 4800 0.7
17 5100 0.7000000000000001
18 5400 0.71
19 5700 0.72
20 6000 0.73
21 6300 0.74
22 6600 0.75
23 6900 0.76
24 7200 0.77
25 7500 0.78
26 7711 0.79
27 7856 0.79
28 8117 0.79
29 8417 0.79
30 8717 0.8
31 9017 0.81
32 9176 0.8200000000000001
33 9236 0.8200000000000001
34 9478 0.8200000000000001
35 9778 0.8200000000000001
36 10078 0.8300000000000001
37 10235 0.8400000000000001
38 10535 0.8400000000000001
39 10835 0.8500000000000001
40 11135 0.8600000000000001
41 11435 0.8700000000000001
42 11735 0.8800000000000001
43 12035 0.8900000000000001
44 12320 0.9000000000000001
45 12532 0.9000000000000001
46 12832 0.9000000000000001
47 13132 0.9000000000000001
48 13391 0.9000000000000001
49 13691 0.9000000000000001
50 13991 0.9000000000000001
51 14144 0.9000000000000001
52 14444 0.9000000000000001
53 14739 0.9100000000000001
54 15029 0.9100000000000001
55 15250 0.9100000000000001
56 15550 0.9100000000000001
57 15850 0.9100000000000001
58 16150 0.9100000000000001
59 16450 0.9000000000000001
60 16750 0.9000000000000001
61 17050 0.9000000000000001
62 17350 0.9000000000000001
63 17650 0.9100000000000001
64 17950 0.9100000000000001
65 18250 0.9200000000000002
66 18550 0.9300000000000002
67 18850 0.9400000000000002
68 19150 0.9400000000000002
69 19450 0.9400000000000002
70 19750 0.9400000000000002
71 20050 0.9500000000000002
72 20350 0.9500000000000002
73 20650 0.9500000000000002
74 20950 0.9600000000000002
75 21250 0.9600000000000002
76 21550 0.9600000000000002
77 21850 0.9600000000000002
78 22150 0.9600000000000002
79 22450 0.9600000000000002
80 22750 0.9600000000000002
81 23050 0.9600000000000002
82 23350 0.9600000000000002
83 23650 0.9600000000000002
84 23950 0.9600000000000002
85 24250 0.9600000000000002
86 24550 0.9600000000000002
87 24850 0.9600000000000002
88 25150 0.9600000000000002
89 25450 0.9600000000000002
90 25750 0.9600000000000002
91 26050 0.9600000000000002
92 26350 0.9600000000000002
93 26650 0.9600000000000002
94 26950 0.9600000000000002
95 27250 0.9600000000000002
96 27550 0.9700000000000002
97 27850 0.9700000000000002
98 28150 0.9600000000000002
99 28450 0.9600000000000002
100 28750 0.9600000000000002
101 29050 0.9600000000000002
102 29350 0.9600000000000002
103 29650 0.9600000000000002
104 29950 0.9600000000000002
105 30250 0.9600000000000002
106 30550 0.9600000000000002
107 30850 0.9600000000000002
108 31150 0.9600000000000002
109 31450 0.9600000000000002
110 31672 0.9600000000000002
111 31972 0.9600000000000002
112 32272 0.9600000000000002
113 32572 0.9600000000000002
114 32872 0.9600000000000002
115 33172 0.9600000000000002
116 33472 0.9600000000000002
117 33772 0.9600000000000002
118 34072 0.9600000000000002
119 34372 0.9600000000000002
120 34672 0.9600000000000002
121 34972 0.9600000000000002
122 35272 0.9600000000000002
123 35572 0.9600000000000002
124 35872 0.9600000000000002
125 36172 0.9600000000000002
126 36472 0.9600000000000002
127 36772 0.9600000000000002
128 37072 0.9600000000000002
129 37372 0.9600000000000002
130 37672 0.9600000000000002
131 37972 0.9600000000000002
132 38272 0.9600000000000002
133 38572 0.9600000000000002
134 38872 0.9600000000000002
135 39172 0.9600000000000002
136 39472 0.9600000000000002
137 39772 0.9600000000000002
138 40072 0.9600000000000002
139 40372 0.9600000000000002
140 40672 0.9600000000000002
141 40972 0.9600000000000002
142 41272 0.9600000000000002
143 41572 0.9600000000000002
144 41872 0.9600000000000002
145 42172 0.9600000000000002
146 42472 0.9600000000000002
147 42772 0.9600000000000002
148 43072 0.9600000000000002
149 43372 0.9600000000000002
150 43672 0.9600000000000002
151 43972 0.9600000000000002
152 44272 0.9600000000000002
153 44572 0.9600000000000002
154 44872 0.9600000000000002
155 45172 0.9600000000000002
156 45472 0.9600000000000002
157 45772 0.9600000000000002
158 46072 0.9700000000000002
159 46372 0.9800000000000002
160 46672 0.9800000000000002
161 46972 0.9800000000000002
162 47272 0.9900000000000002
163 47572 0.9900000000000002
164 47872 0.9900000000000002
165 48172 0.9900000000000002
166 48472 0.9900000000000002
167 48772 0.9800000000000002
168 49072 0.9800000000000002
169 49372 0.9800000000000002
170 49672 0.9800000000000002
171 49972 0.9800000000000002
172 50272 0.9800000000000002
173 50572 0.9800000000000002
174 50872 0.9800000000000002
175 51172 0.9800000000000002
176 51472 0.9800000000000002
177 51772 0.9800000000000002
178 52072 0.9800000000000002
179 52372 0.9800000000000002
180 52672 0.9800000000000002
181 52972 0.9800000000000002
182 53272 0.9800000000000002
183 53572 0.9800000000000002
184 53872 0.9800000000000002
185 54172 0.9800000000000002
186 54472 0.9800000000000002
187 54772 0.9800000000000002
188 55072 0.9800000000000002
189 55372 0.9800000000000002
190 55672 0.9800000000000002
191 55972 0.9800000000000002
192 56272 0.9800000000000002
193 56572 0.9800000000000002
194 56872 0.9800000000000002
195 57172 0.9800000000000002
196 57472 0.9800000000000002
197 57772 0.9800000000000002
198 58072 0.9900000000000002
199 58372 0.9900000000000002
200 58672 0.9900000000000002
201 58972 0.9900000000000002
202 59272 0.9900000000000002
203 59572 0.9900000000000002
204 59872 0.9900000000000002
205 60172 0.9900000000000002
206 60472 0.9900000000000002
207 60772 0.9900000000000002
208 61072 0.9900000000000002
209 61372 0.9900000000000002
210 61672 0.9800000000000002
211 61972 0.9800000000000002
212 62272 0.9800000000000002
213 62572 0.9800000000000002
214 62872 0.9800000000000002
215 63172 0.9800000000000002
216 63472 0.9800000000000002
217 63772 0.9800000000000002
218 64072 0.9800000000000002
219 64372 0.9800000000000002
220 64672 0.9800000000000002
221 64972 0.9800000000000002
222 65272 0.9800000000000002
223 65392 0.9800000000000002
224 65692 0.9800000000000002
225 65992 0.9800000000000002
226 66292 0.9800000000000002
227 66592 0.9800000000000002
228 66735 0.9800000000000002
229 66859 0.9800000000000002
230 67159 0.9800000000000002
231 67459 0.9800000000000002
232 67759 0.9800000000000002
233 68059 0.9800000000000002
234 68359 0.9800000000000002
235 68659 0.9800000000000002
236 68959 0.9800000000000002
237 69259 0.9800000000000002
238 69559 0.9800000000000002
239 69859 0.9800000000000002
240 70159 0.9800000000000002
241 70459 0.9800000000000002
242 70759 0.9800000000000002
243 71059 0.9800000000000002
244 71359 0.9800000000000002
245 71659 0.9800000000000002
246 71959 0.9800000000000002
247 72259 0.9800000000000002
248 72559 0.9800000000000002
249 72859 0.9800000000000002
250 73159 0.9800000000000002
251 73459 0.9800000000000002
252 73759 0.9800000000000002
253 74059 0.9800000000000002
254 74359 0.9800000000000002
255 74659 0.9800000000000002
256 74959 0.9800000000000002
257 75259 0.9800000000000002
258 75559 0.9800000000000002
259 75859 0.9800000000000002
260 76159 0.9800000000000002
261 76459 0.9800000000000002
262 76759 0.9800000000000002
263 77059 0.9800000000000002
264 77359 0.9800000000000002
265 77659 0.9800000000000002
266 77959 0.9800000000000002
267 78259 0.9900000000000002
268 78559 0.9900000000000002
269 78859 0.9900000000000002
270 79159 0.9900000000000002
271 79459 0.9900000000000002
272 79759 0.9900000000000002
273 80059 0.9900000000000002
274 80359 0.9900000000000002
275 80659 0.9900000000000002
276 80959 0.9900000000000002
277 81259 0.9900000000000002
278 81559 0.9900000000000002
279 81859 0.9900000000000002
280 82159 0.9900000000000002
281 82459 0.9900000000000002
282 82759 0.9900000000000002
283 83059 0.9900000000000002
284 83359 0.9900000000000002
285 83659 0.9900000000000002
286 83959 0.9900000000000002
287 84259 0.9900000000000002
288 84559 0.9900000000000002
289 84859 0.9900000000000002
290 85159 0.9900000000000002
291 85459 0.9900000000000002
292 85759 0.9900000000000002
293 86059 0.9900000000000002
294 86359 0.9900000000000002
295 86659 0.9900000000000002
296 86959 0.9900000000000002
297 87259 0.9900000000000002
298 87559 0.9900000000000002
299 87859 0.9900000000000002
300 88159 0.9900000000000002
301 88459 0.9900000000000002
302 88759 0.9900000000000002
303 89059 0.9900000000000002
304 89359 0.9900000000000002
305 89659 0.9900000000000002
306 89959 0.9900000000000002
307 90259 0.9900000000000002
308 90559 0.9900000000000002
309 90859 0.9900000000000002
310 91159 1.0
311 91459 1.0
312 91759 1.0
313 92059 1.0
314 92359 1.0
315 92659 1.0
316 92959 1.0
317 93259 1.0
318 93559 1.0
319 93859 1.0
320 94159 1.0
321 94459 1.0
322 94759 1.0
323 95059 1.01
324 95359 1.02
325 95659 1.02
326 95959 1.02
327 96259 1.02
328 96559 1.02
329 96859 1.02
330 97159 1.02
331 97459 1.02
332 97759 1.02
333 98059 1.02
334 98359 1.02
335 98659 1.02
336 98959 1.02
337 99259 1.02
338 99559 1.02
339 99859 1.02
340 100159 1.02
341 100459 1.02
342 100759 1.02
343 101059 1.02
344 101359 1.02
345 101659 1.02
346 101959 1.02
347 102259 1.02
348 102559 1.02
349 102859 1.02
350 103159 1.02
351 103459 1.02
352 103759 1.02
353 104059 1.02
354 104359 1.02
355 104659 1.02
356 104959 1.02
357 105259 1.02
358 105559 1.02
359 105859 1.02
360 106159 1.02
361 106459 1.02
362 106759 1.02
363 107059 1.02
364 107359 1.02
365 107659 1.02
366 107959 1.02
367 108259 1.02
368 108559 1.02
369 108859 1.02
370 109159 1.02
371 109459 1.02
372 109759 1.02
373 110059 1.02
374 110359 1.02
375 110659 1.02
376 110959 1.02
377 111259 1.02
378 111559 1.02
379 111859 1.02
380 112159 1.02
381 112459 1.02
382 112759 1.02
383 113059 1.02
384 113359 1.02
385 113659 1.02
386 113959 1.02
387 114259 1.02
388 114559 1.02
389 114859 1.02
390 115159 1.02
391 115459 1.02
392 115759 1.02
393 116059 1.02
394 116359 1.03
395 116659 1.03
396 116959 1.03
397 117259 1.03
398 117559 1.03
399 117859 1.03
400 118159 1.03
401 118459 1.03
402 118759 1.03
403 119059 1.03
404 119359 1.03
405 119659 1.03
406 119959 1.03
407 120259 1.03
408 120559 1.03
409 120859 1.03
410 121159 1.03
411 121459 1.03
412 121759 1.03
413 122059 1.03
414 122359 1.03
415 122659 1.03
416 122959 1.03
417 123259 1.03
418 123559 1.03
419 123859 1.03
420 124159 1.03
421 124459 1.03
422 124716 1.03
423 124928 1.02
424 125228 1.01
425 125528 1.01
426 125828 1.01
427 126128 1.01
428 126428 1.01
429 126728 1.01
430 127028 1.01
431 127328 1.01
432 127628 1.01
433 127928 1.01
434 128228 1.01
435 128528 1.01
436 128828 1.01
437 129128 1.01
438 129428 1.01
439 129728 1.01
440 130028 1.01
441 130328 1.01
442 130628 1.01
443 130928 1.01
444 131228 1.01
445 131528 1.01
446 131828 1.01
447 132128 1.01
448 132428 1.01
449 132728 1.01
450 133028 1.01
451 133328 1.01
452 133628 1.01
453 133928 1.01
454 134228 1.01
455 134528 1.01
456 134828 1.01
457 135128 1.01
458 135428 1.01
459 135728 1.01
460 136028 1.01
461 136328 1.01
462 136628 1.01
463 136928 1.01
464 137228 1.01
465 137528 1.01
466 137828 1.01
467 138128 1.01
468 138428 1.01
469 138728 1.01
470 139028 1.01
471 139328 1.01
472 139628 1.01
473 139928 1.01
474 140228 1.01
475 140528 1.01
476 140828 1.01
477 141128 1.01
478 141428 1.01
479 141728 1.01
480 142028 1.01
481 142328 1.01
482 142628 1.01
483 142928 1.01
484 143228 1.01
485 143528 1.01
486 143828 1.01
487 144128 1.01
488 144428 1.01
489 144728 1.01
490 145028 1.01
491 145328 1.01
492 145628 1.01
493 145880 1.01
494 146180 1.0
495 146480 1.0
496 146780 1.0
497 147080 1.0
498 147380 1.0
499 147680 1.0
500 147980 1.0
501 148280 1.0
502 148580 1.0
503 148880 1.0
504 149180 1.0
505 149480 1.0
506 149780 1.0
507 150080 1.0
508 150380 1.0
509 150680 1.0
510 150980 1.0
511 151280 1.0
512 151580 1.0
513 151880 1.0
514 152180 1.0
515 152480 1.0
516 152780 1.0
517 153080 1.0
518 153380 1.0
519 153680 1.0
520 153980 1.0
521 154280 1.0
522 154580 1.0
523 154880 1.0
524 155180 1.0
525 155480 1.0
526 155780 1.0
527 156080 1.0
528 156380 1.0
529 156680 1.0
530 156980 1.0
531 157280 1.0
532 157580 1.0
533 157880 1.0
534 158180 1.0
535 158480 1.0
536 158780 1.0
537 159080 1.0
538 159380 1.0
539 159680 1.0
540 159980 1.0
541 160280 1.0
542 160580 1.0
543 160880 1.0
544 161180 1.0
545 161480 1.0
546 161780 1.0
547 162080 1.0
548 162380 1.0
549 162680 1.0
550 162980 1.0
551 163280 1.0
552 163580 1.0
553 163880 1.0
554 164180 1.0
555 164480 1.0
556 164780 1.0
557 165080 1.0
558 165380 1.0
559 165680 1.0
560 165980 1.0
561 166280 1.0
562 166580 1.0
563 166880 1.0
564 167180 1.0
565 167480 1.0
566 167780 1.0
567 168080 1.0
568 168380 1.0
569 168680 1.0
570 168980 1.0
571 169280 1.0
572 169580 1.0
573 169880 1.0
574 170180 1.0
575 170480 1.0
576 170780 1.0
577 171080 1.0
578 171380 1.0
579 171680 1.0
580 171980 1.0
581 172280 1.0
582 172580 1.0
583 172880 1.0
584 173180 1.0
585 173480 1.0
586 173780 1.0
587 174080 1.0
588 174380 1.0
589 174680 1.0
590 174980 1.0
591 175280 1.0
592 175580 1.0
593 175880 1.0
594 176180 1.0
595 176480 1.0
596 176780 1.0
597 177080 1.0
598 177380 1.0
599 177680 1.0
600 177980 1.0
601 178280 1.0
602 178580 1.0
603 178880 1.0
604 179180 1.0
605 179480 1.0
606 179780 1.0
607 180080 1.0
608 180380 1.0
609 180680 1.0
610 180980 1.0
611 181280 1.0
612 181580 1.0
613 181880 1.0
614 182180 1.0
615 182480 1.0
616 182780 1.0
617 183080 1.0
618 183380 1.0
619 183680 1.0
620 183980 1.0
621 184280 1.0
622 184580 1.0
623 184880 1.0
624 185180 1.0
625 185480 1.0
626 185780 1.0
627 186080 1.0
628 186380 1.0
629 186680 1.0
630 186980 1.0
631 187280 1.0
632 187580 1.0
633 187880 1.0
634 188180 1.0
635 188480 1.0
636 188780 1.0
637 189080 1.0
638 189380 1.0
639 189680 1.0
640 189980 1.0
641 190280 1.0
642 190580 1.0
643 190880 1.0
644 191180 1.0
645 191480 1.0
646 191780 1.0
647 192080 1.0
648 192380 1.0
649 192680 1.0
650 192980 1.0
651 193280 1.0
652 193580 1.0
653 193880 1.0
654 194180 1.0
655 194480 1.0
656 194780 1.0
657 195080 1.0
658 195380 1.0
659 195680 1.0
660 195980 1.0
661 196280 1.0
662 196580 1.0
663 196880 1.0
664 197180 1.0
665 197480 1.0
666 197780 1.0
667 198080 1.0
668 198380 1.0
669 198680 1.0
670 198980 1.0
671 199280 1.0
672 199580 1.0
673 199880 1.0
674 200180 1.0
675 200480 1.0
676 200780 1.0
677 201080 1.0
678 201380 1.0
679 201680 1.0
680 201980 1.0
681 202280 1.0
682 202580 1.0
683 202880 1.0
684 203180 1.0
685 203480 1.0
686 203780 1.0
687 204080 1.0
688 204380 1.0
689 204680 1.0
690 204980 1.0
691 205280 1.0
692 205580 1.0
693 205880 1.0
694 206180 1.0
695 206480 1.0
696 206780 1.0
697 207080 1.0
698 207380 1.0
699 207680 1.0
700 207980 1.0
701 208280 1.0
702 208580 1.0
703 208880 1.0
704 209180 1.0
705 209480 1.0
706 209780 1.0
707 210080 1.0
708 210380 1.0
709 210680 1.0
710 210980 1.0
711 211280 1.0
712 211580 1.0
713 211880 1.0
714 212180 1.0
715 212480 1.0
716 212780 1.0
717 213080 1.0
718 213380 1.0
719 213680 1.0
720 213980 1.0
721 214280 1.0
722 214580 1.0
723 214880 1.0
724 215180 1.0
725 215480 1.0
726 215780 1.0
727 216080 1.0
728 216380 1.0
729 216680 1.0
730 216980 1.0
731 217280 1.0
732 217580 1.0
733 217880 1.0
734 218180 1.0
735 218480 1.0
736 218780 1.0
737 219080 1.0
738 219380 1.0
739 219680 1.0
740 219980 1.0
741 220280 1.0
742 220580 1.0
743 220880 1.0
744 221180 1.0
745 221480 1.0
746 221780 1.0
747 222080 1.0
748 222380 1.0
749 222680 1.0
750 222980 1.0
751 223280 1.0
752 223580 1.0
753 223880 1.0
754 224180 1.0
755 224480 1.0
756 224780 1.0
757 225080 1.0
758 225380 1.0
759 225680 1.0
760 225980 1.0
761 226280 1.0
762 226580 1.0
763 226880 1.0
764 227180 1.0
765 227480 1.0
766 227780 1.0
767 228080 1.0
768 228380 1.0
769 228680 1.0
770 228980 1.0
771 229280 1.0
772 229580 1.0
773 229880 1.0
774 230180 1.0
775 230480 1.0
776 230780 1.0
777 231080 1.0
778 231380 1.0
779 231680 1.0
780 231980 1.0
781 232280 1.0
782 232580 1.0
783 232880 1.0
784 233180 1.0
785 233480 1.0
786 233780 1.0
787 234080 1.0
788 234380 1.0
789 234680 1.0
790 234980 1.0
791 235280 1.0
792 235580 1.0
793 235880 1.0
794 236180 1.0
795 236480 1.0
796 236780 1.0
797 237080 1.0
798 237380 1.0
799 237680 1.0
800 237980 1.0
801 238280 1.0
802 238580 1.0
803 238880 1.0
804 239180 1.0
805 239480 1.0
806 239780 1.0
807 240080 1.0
808 240380 1.0
809 240680 1.0
810 240980 1.0
811 241280 1.0
812 241580 1.0
813 241880 1.0
814 242180 1.0
815 242480 1.0
816 242780 1.0
817 243080 1.0
818 243380 1.0
819 243680 1.0
820 243980 1.0
821 244280 1.0
822 244580 1.0
823 244880 1.0
824 245180 1.0
825 245480 1.0
826 245780 1.0
827 246080 1.0
828 246380 1.0
829 246680 1.0
830 246980 1.0
831 247280 1.0
832 247580 1.0
833 247880 1.0
834 248180 1.0
835 248480 1.0
836 248780 1.0
837 249080 1.0
838 249380 1.0
839 249680 1.0
840 249980 1.0
841 250280 1.0
842 250580 1.0
843 250880 1.0
844 251180 1.0
845 251480 1.0
846 251780 1.0
847 252080 1.0
848 252380 1.0
849 252680 1.0
850 252980 1.0
851 253280 1.0
852 253580 1.0
853 253880 1.0
854 254180 1.0
855 254480 1.0
856 254780 1.0
857 255080 1.0
858 255380 1.0
859 255680 1.0
860 255980 1.0
861 256280 1.0
862 256580 1.0
863 256880 1.0
864 257180 1.0
865 257480 1.0
866 257780 1.0
867 258080 1.0
868 258380 1.0
869 258680 1.0
870 258980 1.0
871 259280 1.0
872 259580 1.0
873 259880 1.0
874 260180 1.0
875 260480 1.0
876 260780 1.0
877 261080 1.0
878 261380 1.0
879 261680 1.0
880 261980 1.0
881 262280 1.0
882 262580 1.0
883 262880 1.0
884 263180 1.0
885 263480 1.0
886 263780 1.0
887 264080 1.0
888 264380 1.0
889 264680 1.0
890 264980 1.0
891 265280 1.0
892 265580 1.0
893 265880 1.0
894 266180 1.0
895 266480 1.0
896 266780 1.0
897 267080 1.0
898 267380 1.0
899 267680 1.0
900 267980 1.0
901 268280 1.0
902 268580 1.0
903 268880 1.0
904 269180 1.0
905 269480 1.0
906 269780 1.0
907 270080 1.0
908 270380 1.0
909 270680 1.0
910 270980 1.0
911 271280 1.0
912 271580 1.0
913 271880 1.0
914 272180 1.0
915 272480 1.0
916 272780 1.0
917 273080 1.0
918 273380 1.0
919 273680 1.0
920 273980 1.0
921 274280 1.0
922 274580 1.0
923 274880 1.0
924 275180 1.0
925 275480 1.0
926 275780 1.0
927 276080 1.0
928 276380 1.0
929 276680 1.0
930 276980 1.0
931 277280 1.0
932 277580 1.0
933 277880 1.0
934 278180 1.0
935 278480 1.0
936 278780 1.0
937 279080 1.0
938 279380 1.0
939 279680 1.0
940 279980 1.0
941 280280 1.0
942 280580 1.0
943 280880 1.0
944 281180 1.0
945 281480 1.0
946 281780 1.0
947 282080 1.0
948 282380 1.0
949 282680 1.0
950 282980 1.0
951 283280 1.0
952 283580 1.0
953 283880 1.0
954 284180 1.0
955 284480 1.0
956 284780 1.0
957 285080 1.0
958 285380 1.0
959 285680 1.0
960 285980 1.0
961 286280 1.0
962 286580 1.0
963 286880 1.0
964 287180 1.0
965 287480 1.0
966 287780 1.0
967 288080 1.0
968 288380 1.0
969 288680 1.0
970 288980 1.0
971 289280 1.0
972 289580 1.0
973 289880 1.0
974 290180 1.0
975 290480 1.0
976 290780 1.0
977 291080 1.0
978 291380 1.0
979 291680 1.0
980 291980 1.0
981 292280 1.0
982 292580 1.0
983 292880 1.0
984 293180 1.0
985 293480 1.0
986 293780 1.0
987 294080 1.0
988 294380 1.0
989 294680 1.0
990 294980 1.0
991 295280 1.0
992 295580 1.0
993 295880 1.0
994 296180 1.0
995 296480 1.0
996 296780 1.0
997 297080 1.0
998 297380 1.0
999 297680 1.0
1000 297980 1.0
1001 298280 1.0
1002 298580 1.0
1003 298880 1.0
1004 299180 1.0
1005 299480 1.0
1006 299780 1.0
1007 300080 1.0
1008 300380 1.0
1009 300680 1.0
1010 300980 1.0
1011 301280 1.0
1012 301580 1.0
1013 301880 1.0
1014 302180 1.0
1015 302480 1.0
1016 302780 1.0
1017 303080 1.0
1018 303380 1.0
1019 303680 1.0
1020 303980 1.0
1021 304280 1.0
1022 304580 1.0
1023 304880 1.0
1024 305180 1.0
1025 305480 1.0
1026 305780 1.0
1027 306080 1.0
1028 306380 1.0
1029 306680 1.0
1030 306980 1.0
1031 307280 1.0
1032 307580 1.0
1033 307880 1.0
1034 308180 1.0
1035 308480 1.0
1036 308780 1.0
1037 309080 1.0
1038 309380 1.0
1039 309680 1.0
1040 309980 1.0
1041 310280 1.0
1042 310580 1.0
1043 310880 1.0
1044 311180 1.0
1045 311480 1.0
1046 311780 1.0
1047 312080 1.0
1048 312380 1.0
1049 312680 1.0
1050 312980 1.0
1051 313280 1.0
1052 313580 1.0
1053 313880 1.0
1054 314180 1.0
1055 314480 1.0
1056 314780 1.0
1057 315080 1.0
1058 315380 1.0
1059 315680 1.0
1060 315980 1.0
1061 316280 1.0
1062 316580 1.0
1063 316880 1.0
1064 317180 1.0
1065 317480 1.0
1066 317780 1.0
1067 318080 1.0
1068 318380 1.0
1069 318680 1.0
1070 318980 1.0
1071 319280 1.0
1072 319580 1.0
1073 319880 1.0
1074 320180 1.0
1075 320480 1.0
1076 320780 1.0
1077 321080 1.0
1078 321380 1.0
1079 321680 1.0
1080 321980 1.0
1081 322280 1.0
1082 322580 1.0
1083 322880 1.0
1084 323180 1.0
1085 323480 1.0
1086 323780 1.0
1087 324080 1.0
1088 324380 1.0
1089 324680 1.0
1090 324980 1.0
1091 325280 1.0
1092 325580 1.0
1093 325880 1.0
1094 326180 1.0
1095 326480 1.0
1096 326780 1.0
1097 327080 1.0
1098 327380 1.0
1099 327680 1.0
1100 327980 1.0
1101 328280 1.0
1102 328580 1.0
1103 328880 1.0
1104 329180 1.0
1105 329480 1.0
1106 329780 1.0
1107 330080 1.0
1108 330380 1.0
1109 330680 1.0
1110 330980 1.0
1111 331280 1.0
1112 331580 1.0
1113 331880 1.0
1114 332180 1.0
1115 332480 1.0
1116 332780 1.0
1117 333080 1.0
1118 333380 1.0
1119 333680 1.0
1120 333980 1.0
1121 334280 1.0
1122 334580 1.0
1123 334880 1.0
1124 335180 1.0
1125 335480 1.0
1126 335780 1.0
1127 336080 1.0
1128 336380 1.0
1129 336680 1.0
1130 336980 1.0
1131 337280 1.0
1132 337580 1.0
1133 337880 1.0
1134 338180 1.0
1135 338480 1.0
1136 338780 1.0
1137 339080 1.0
1138 339380 1.0
1139 339680 1.0
1140 339980 1.0
1141 340280 1.0
1142 340580 1.0
1143 340880 1.0
1144 341180 1.0
1145 341480 1.0
1146 341780 1.0
1147 342080 1.0
1148 342380 1.0
1149 342680 1.0
1150 342980 1.0
1151 343280 1.0
1152 343580 1.0
1153 343880 1.0
1154 344180 1.0
1155 344480 1.0
1156 344780 1.0
1157 345080 1.0
1158 345380 1.0
1159 345680 1.0
1160 345980 1.0
1161 346280 1.0
1162 346580 1.0
1163 346880 1.0
1164 347180 1.0
1165 347480 1.0
1166 347780 1.0
1167 348080 1.0
1168 348380 1.0
1169 348680 1.0
1170 348980 1.0
1171 349280 1.0
1172 349580 1.0
1173 349880 1.0
1174 350180 1.0
1175 350480 1.0
1176 350780 1.0
1177 351080 1.0
1178 351380 1.0
1179 351680 1.0
1180 351980 1.0
1181 352280 1.0
1182 352580 1.0
1183 352880 1.0
1184 353180 1.0
1185 353480 1.0
1186 353780 1.0
1187 354080 1.0
1188 354380 1.0
1189 354680 1.0
1190 354980 1.0
1191 355280 1.0
1192 355580 1.0
1193 355880 1.0
1194 356180 1.0
1195 356480 1.0
1196 356780 1.0
1197 357080 1.0
1198 357380 1.0
1199 357680 1.0
1200 357980 1.0
1201 358280 1.0
1202 358580 1.0
1203 358880 1.0
1204 359180 1.0
1205 359480 1.0
1206 359780 1.0
1207 360080 1.0
1208 360380 1.0
1209 360680 1.0
1210 360980 1.0
1211 361280 1.0
1212 361580 1.0
1213 361880 1.0
1214 362180 1.0
1215 362480 1.0
1216 362780 1.0
1217 363080 1.0
1218 363380 1.0
1219 363680 1.0
1220 363980 1.0
1221 364280 1.0
1222 364580 1.0
1223 364880 1.0
1224 365180 1.0
1225 365480 1.0
1226 365780 1.0
1227 366080 1.0
1228 366380 1.0
1229 366680 1.0
1230 366980 1.0
1231 367280 1.0
1232 367580 1.0
1233 367880 1.0
1234 368180 1.0
1235 368480 1.0
1236 368780 1.0
1237 369080 1.0
1238 369380 1.0
1239 369680 1.0
1240 369980 1.0
1241 370280 1.0
1242 370580 1.0
