1 300 0.75
2 600 0.75
3 900 0.75
4 1200 0.76
5 1500 0.77
6 1800 0.78
7 2100 0.79
8 2400 0.8
9 2700 0.81
10 3000 0.8200000000000001
11 3300 0.8300000000000001
12 3600 0.8400000000000001
13 3900 0.8500000000000001
14 4200 0.8600000000000001
15 4500 0.8700000000000001
16 4650 0.8700000000000001
17 4950 0.8700000000000001
18 5250 0.8800000000000001
19 5550 0.8900000000000001
20 5850 0.9000000000000001
21 6150 0.9100000000000001
22 6450 0.9200000000000002
23 6750 0.9300000000000002
24 7050 0.9400000000000002
25 7223 0.9500000000000002
26 7523 0.9500000000000002
27 7823 0.9500000000000002
28 8123 0.9500000000000002
29 8423 0.9500000000000002
30 8723 0.9600000000000002
31 9023 0.9600000000000002
32 9323 0.9700000000000002
33 9623 0.9800000000000002
34 9856 0.9900000000000002
35 10121 0.9900000000000002
36 10234 0.9900000000000002
37 10501 0.9900000000000002
38 10748 0.9900000000000002
39 11048 0.9900000000000002
40 11348 1.0
41 11648 1.0
42 11864 1.0
43 12164 1.0
44 12464 1.0
45 12764 1.0
46 13064 1.0
47 13364 1.0
48 13664 1.0
49 13964 1.0
50 14264 1.0
51 14564 1.01
52 14864 1.01
53 15164 1.01
54 15464 1.01
55 15764 1.01
56 16064 1.01
57 16364 1.01
58 16664 1.01
59 16964 1.01
60 17264 1.01
61 17564 1.01
62 17864 1.01
63 18164 1.01
64 18464 1.01
65 18764 1.0
66 19064 1.0
67 19364 1.0
68 19664 1.0
69 19964 1.0
70 20264 1.0
71 20564 1.0
72 20864 1.0
73 21164 1.0
74 21464 1.0
75 21764 1.0
76 22064 1.0
77 22364 1.0
78 22664 1.0
79 22964 1.0
80 23264 1.0
81 23564 1.0
82 23864 1.0
83 24164 1.0
84 24464 1.0
85 24764 1.0
86 25064 1.0
87 25364 1.0
88 25664 1.0
89 25964 1.0
90 26264 1.0
91 26564 1.0
92 26864 1.0
93 27164 1.0
94 27464 1.0
95 27764 1.0
96 28064 1.0
97 28364 1.0
98 28664 1.0
99 28964 1.0
100 29264 1.0
101 29564 1.0
102 29864 1.0
103 30164 1.0
104 30464 1.0
105 30764 1.0
106 31064 1.0
107 31364 1.0
108 31664 1.0
109 31964 1.0
110 32264 1.0
111 32564 1.0
112 32864 1.0
113 33164 1.0
114 33464 1.0
115 33764 1.0
116 34064 1.0
117 34364 1.0
118 34664 1.0
119 34964 1.0
120 35264 1.0
121 35564 1.0
122 35864 1.0
123 36164 1.0
124 36464 1.0
125 36764 1.0
126 37064 1.0
127 37364 1.0
128 37664 1.0
129 37964 1.0
130 38264 1.0
131 38564 1.0
132 38864 1.0
133 39164 1.0
134 39464 1.0
135 39764 1.0
136 40064 1.0
137 40364 1.0
138 40664 1.0
139 40964 1.0
140 41264 1.0
141 41564 1.0
142 41864 1.0
143 42164 1.0
144 42464 1.0
145 42764 1.0
146 43064 1.0
147 43364 1.0
148 43664 1.0
149 43964 1.0
150 44197 1.0
151 44497 0.9900000000000002
152 44797 0.9900000000000002
153 45097 0.9900000000000002
154 45397 0.9900000000000002
155 45697 0.9900000000000002
156 45997 0.9900000000000002
157 46297 0.9900000000000002
158 46597 0.9900000000000002
159 46897 0.9900000000000002
160 47197 0.9900000000000002
161 47497 0.9900000000000002
162 47797 0.9900000000000002
163 48097 0.9900000000000002
164 48397 0.9900000000000002
165 48697 1.0
166 48997 1.0
167 49297 1.0
168 49597 1.0
169 49897 1.0
170 50197 1.0
171 50497 1.0
172 50797 1.0
173 51097 1.0
174 51397 1.0
175 51697 1.0
176 51997 1.0
177 52297 1.0
178 52597 1.0
179 52897 1.0
180 53197 1.0
181 53497 1.0
182 53624 1.0
183 53924 1.0
184 54224 1.0
185 54524 1.0
186 54824 1.0
187 55124 0.9900000000000001
188 55424 0.9900000000000001
189 55724 0.9900000000000001
190 56024 0.9900000000000001
191 56324 0.9900000000000002
192 56624 0.9900000000000002
193 56871 0.9900000000000002
194 57171 0.9900000000000002
195 57471 0.9900000000000002
196 57771 0.9900000000000002
197 58071 0.9900000000000002
198 58371 0.9900000000000002
199 58671 0.9900000000000002
200 58971 0.9900000000000002
201 59271 0.9900000000000002
202 59571 0.9900000000000002
203 59871 0.9900000000000002
204 60171 0.9900000000000002
205 60471 0.9900000000000002
206 60771 0.9900000000000002
207 61071 0.9900000000000002
208 61371 0.9900000000000002
209 61671 0.9900000000000002
210 61971 0.9900000000000002
211 62271 0.9900000000000002
212 62571 0.9900000000000002
213 62871 0.9900000000000002
214 63171 0.9900000000000002
215 63471 0.9900000000000002
216 63771 0.9900000000000002
217 64071 0.9900000000000002
218 64371 0.9900000000000002
219 64671 0.9900000000000002
220 64971 0.9900000000000002
221 65271 0.9900000000000002
222 65571 0.9900000000000002
223 65871 0.9900000000000002
224 66171 0.9900000000000002
225 66471 0.9900000000000002
226 66771 0.9900000000000002
227 67071 0.9900000000000002
228 67371 0.9900000000000002
229 67671 0.9900000000000002
230 67971 0.9900000000000002
231 68271 0.9900000000000002
232 68571 0.9900000000000002
233 68871 0.9900000000000002
234 69171 0.9900000000000002
235 69471 0.9900000000000002
236 69771 0.9900000000000002
237 70071 0.9900000000000002
238 70371 0.9900000000000002
239 70671 0.9900000000000002
240 70971 0.9900000000000002
241 71271 0.9900000000000002
242 71571 0.9900000000000002
243 71871 0.9900000000000002
244 72171 0.9900000000000002
245 72471 0.9900000000000002
246 72771 0.9900000000000002
247 73071 0.9900000000000002
248 73371 0.9900000000000002
249 73671 0.9900000000000002
250 73971 0.9900000000000002
251 74271 0.9900000000000002
252 74571 0.9900000000000002
253 74871 0.9900000000000002
254 75171 0.9900000000000002
255 75471 0.9900000000000002
256 75771 0.9900000000000002
257 76071 0.9900000000000002
258 76371 0.9900000000000002
259 76671 0.9900000000000002
260 76971 0.9900000000000002
261 77271 0.9900000000000002
262 77571 0.9900000000000002
263 77871 0.9900000000000002
264 78171 0.9900000000000002
265 78471 0.9900000000000002
266 78771 0.9900000000000002
267 79071 0.9900000000000002
268 79371 0.9900000000000002
269 79671 0.9900000000000002
270 79971 0.9900000000000002
271 80271 0.9900000000000002
272 80571 0.9900000000000002
273 80871 0.9900000000000002
274 81171 0.9900000000000002
275 81471 0.9900000000000002
276 81771 0.9900000000000002
277 82071 0.9900000000000002
278 82371 0.9900000000000002
279 82671 0.9900000000000002
280 82971 0.9900000000000002
281 83271 0.9900000000000002
282 83571 0.9900000000000002
283 83770 0.9900000000000002
284 84070 0.9900000000000002
285 84370 0.9900000000000002
286 84670 0.9900000000000002
287 84970 1.0
288 85270 1.0
289 85570 1.0
290 85870 1.0
291 86170 1.0
292 86470 1.0
293 86770 1.0
294 87070 1.0
295 87370 1.0
296 87670 1.0
297 87970 1.0
298 88270 1.0
299 88570 1.0
300 88870 1.0
301 89170 1.0
302 89470 1.0
303 89770 1.0
304 90070 1.0
305 90370 1.0
306 90670 1.0
307 90970 1.0
308 91270 1.0
309 91570 1.0
310 91870 1.0
311 92170 1.0
312 92470 1.0
313 92770 1.0
314 93070 1.0
315 93370 1.0
316 93670 1.0
317 93970 1.0
318 94270 1.0
319 94570 1.0
320 94870 1.0
321 95170 1.0
322 95470 1.0
323 95770 1.0
324 96070 1.0
325 96370 1.0
326 96670 1.0
327 96970 1.0
328 97270 1.0
329 97570 1.0
330 97870 1.0
331 98170 1.0
332 98470 1.0
333 98770 1.0
334 99070 1.0
335 99370 1.0
336 99670 1.0
337 99970 1.0
338 100270 1.0
339 100570 1.0
340 100870 1.0
341 101170 1.0
342 101470 1.0
343 101770 1.0
344 102070 1.0
345 102370 1.0
346 102670 1.0
347 102970 1.0
348 103270 1.0
349 103570 1.0
350 103870 1.0
351 104170 1.0
352 104470 1.0
353 104770 1.0
354 105070 1.0
355 105370 1.0
356 105670 1.0
357 105970 1.0
358 106270 1.0
359 106570 1.0
360 106870 1.0
361 107170 1.0
362 107470 1.0
363 107770 1.0
364 108070 1.0
365 108370 1.0
366 108670 1.0
367 108970 1.0
368 109270 1.0
369 109570 1.0
370 109870 1.0
371 110170 1.0
372 110470 1.0
373 110770 1.0
374 111070 1.0
375 111370 1.0
376 111670 1.0
377 111970 1.0
378 112270 1.0
379 112570 1.0
380 112870 1.0
381 113170 1.0
382 113470 1.0
383 113770 1.0
384 114070 1.0
385 114370 1.0
386 114670 1.0
387 114970 1.0
388 115270 1.0
389 115570 1.0
390 115870 1.0
391 116170 1.0
392 116470 1.0
393 116770 1.0
394 117070 1.0
395 117370 1.0
396 117670 1.0
397 117970 1.0
398 118270 1.0
399 118570 1.0
400 118870 1.0
401 119170 1.0
402 119470 1.0
403 119770 1.0
404 120070 1.0
405 120370 1.0
406 120670 1.0
407 120970 1.0
408 121270 1.0
409 121570 1.0
410 121870 1.0
411 122170 1.0
412 122470 1.0
413 122770 1.0
414 123070 1.0
415 123370 1.0
416 123670 1.0
417 123970 1.0
418 124270 1.0
419 124570 1.0
420 124870 1.0
421 125170 1.0
422 125470 1.0
423 125770 1.0
424 126070 1.0
425 126370 1.0
426 126670 1.0
427 126970 1.0
428 127270 1.0
429 127570 1.0
430 127870 1.0
431 128170 1.0
432 128470 1.0
433 128770 1.0
434 129070 1.0
435 129370 1.0
436 129670 1.0
437 129970 1.0
438 130270 1.0
439 130570 1.0
440 130870 1.0
441 131170 1.0
442 131470 1.0
443 131770 1.0
444 132070 1.0
445 132370 1.0
446 132670 1.0
447 132970 1.0
448 133270 1.0
449 133570 1.0
450 133870 1.0
451 134170 1.0
452 134470 1.0
453 134770 1.0
454 135070 1.0
455 135370 1.0
456 135670 1.0
457 135970 1.0
458 136270 1.0
459 136570 1.0
460 136870 1.0
461 137170 1.0
462 137470 1.0
463 137770 1.0
464 138070 1.0
465 138370 1.0
466 138670 1.0
467 138970 1.0
468 139270 1.0
469 139570 1.0
470 139870 1.0
471 140170 1.0
472 140470 1.0
473 140770 1.0
474 141070 1.0
475 141370 1.0
476 141670 1.0
477 141970 1.0
478 142270 1.0
479 142570 1.0
480 142870 1.0
481 143170 1.0
482 143470 1.0
483 143770 1.0
484 144070 1.0
485 144370 1.0
486 144670 1.0
487 144970 1.0
488 145270 1.0
489 145570 1.0
490 145870 1.0
491 146170 1.0
492 146470 1.0
493 146770 1.0
494 147070 1.0
495 147370 1.0
496 147670 1.0
497 147970 1.0
498 148270 1.0
499 148570 1.0
500 148870 1.0
501 149170 1.0
502 149470 1.0
503 149770 1.0
504 150070 1.0
505 150370 1.0
506 150670 1.0
507 150970 1.0
508 151270 1.0
509 151570 1.0
510 151870 1.0
511 152170 1.0
512 152470 1.0
513 152770 1.0
514 153070 1.0
515 153370 1.0
516 153670 1.0
517 153970 1.0
518 154270 1.0
519 154570 1.0
520 154870 1.0
521 155170 1.0
522 155470 1.0
523 155770 1.0
524 156070 1.0
525 156370 1.0
526 156670 1.0
527 156970 1.0
528 157270 1.0
529 157570 1.0
530 157870 1.0
531 158170 1.0
532 158470 1.0
533 158770 1.0
534 159070 1.0
535 159370 1.0
536 159670 1.0
537 159970 1.0
538 160270 1.0
539 160570 1.0
540 160870 1.0
541 161170 1.0
542 161470 1.0
543 161770 1.0
544 162070 1.0
545 162370 1.0
546 162670 1.0
547 162970 1.0
548 163270 1.0
549 163570 1.0
550 163870 1.0
551 164170 1.0
552 164470 1.0
553 164770 1.0
554 165070 1.0
555 165370 1.0
556 165670 1.0
557 165970 1.0
558 166270 1.0
559 166570 1.0
560 166870 1.0
561 167170 1.0
562 167470 1.01
563 167770 1.01
564 168070 1.01
565 168370 1.01
566 168670 1.01
567 168970 1.01
568 169270 1.01
569 169570 1.01
570 169870 1.01
571 170170 1.01
572 170470 1.01
573 170770 1.01
574 171070 1.01
575 171370 1.01
576 171670 1.01
577 171970 1.01
578 172270 1.01
579 172570 1.01
580 172870 1.01
581 173170 1.01
582 173470 1.01
583 173770 1.01
584 174070 1.01
585 174370 1.01
586 174670 1.01
587 174970 1.01
588 175270 1.01
589 175570 1.01
590 175870 1.01
591 176170 1.01
592 176470 1.01
593 176770 1.01
594 177070 1.01
595 177370 1.01
596 177670 1.01
597 177970 1.01
598 178270 1.01
599 178570 1.01
600 178870 1.01
601 179170 1.01
602 179470 1.01
603 179770 1.01
604 180070 1.01
605 180370 1.01
606 180670 1.01
607 180970 1.01
608 181270 1.01
609 181570 1.01
610 181870 1.01
611 182170 1.01
612 182470 1.01
613 182770 1.01
614 183070 1.01
615 183370 1.01
616 183670 1.01
617 183970 1.01
618 184270 1.01
619 184570 1.01
620 184870 1.01
621 185170 1.02
622 185470 1.02
623 185770 1.02
624 186070 1.02
625 186370 1.02
626 186670 1.02
627 186970 1.02
628 187270 1.02
629 187570 1.02
630 187870 1.02
631 188170 1.02
632 188470 1.02
633 188770 1.02
634 189070 1.02
635 189370 1.02
636 189670 1.02
637 189970 1.02
638 190270 1.02
639 190570 1.02
640 190870 1.02
641 191170 1.02
642 191470 1.02
643 191770 1.02
644 192070 1.02
645 192370 1.02
646 192670 1.02
647 192970 1.02
648 193270 1.02
649 193570 1.02
650 193870 1.02
651 194170 1.02
652 194470 1.02
653 194770 1.02
654 195070 1.02
655 195370 1.02
656 195670 1.02
657 195970 1.02
658 196270 1.02
659 196570 1.02
660 196870 1.02
661 197144 1.02
662 197444 1.01
663 197744 1.01
664 198044 1.01
665 198344 1.01
666 198644 1.01
667 198944 1.01
668 199244 1.01
669 199544 1.01
670 199844 1.01
671 200144 1.01
672 200444 1.01
673 200744 1.01
674 201044 1.01
675 201344 1.02
676 201644 1.02
677 201944 1.02
678 202244 1.02
679 202544 1.02
680 202844 1.02
681 203144 1.02
682 203444 1.02
683 203744 1.02
684 204044 1.02
685 204344 1.02
686 204644 1.02
687 204944 1.02
688 205244 1.02
689 205544 1.02
690 205844 1.02
691 206144 1.02
692 206444 1.02
693 206744 1.02
694 207044 1.02
695 207344 1.02
696 207644 1.02
697 207944 1.02
698 208244 1.02
699 208544 1.02
700 208844 1.02
701 209144 1.02
702 209444 1.02
703 209744 1.02
704 210044 1.02
705 210344 1.02
706 210644 1.02
707 210944 1.02
708 211244 1.02
709 211544 1.02
710 211844 1.02
711 212144 1.02
712 212444 1.02
713 212744 1.02
714 213044 1.02
715 213344 1.02
716 213644 1.02
717 213944 1.02
718 214244 1.02
719 214544 1.02
720 214807 1.02
721 215107 1.01
722 215407 1.01
723 215707 1.01
724 216007 1.01
725 216307 1.01
726 216607 1.01
727 216907 1.01
728 217207 1.01
729 217507 1.01
730 217807 1.01
731 218107 1.01
732 218407 1.01
733 218707 1.01
734 219007 1.01
735 219307 1.01
736 219607 1.01
737 219907 1.01
738 220207 1.01
739 220507 1.01
740 220807 1.01
741 221107 1.01
742 221407 1.01
743 221707 1.01
744 222007 1.01
745 222307 1.01
746 222607 1.01
747 222907 1.01
748 223207 1.01
749 223507 1.01
750 223807 1.01
751 224107 1.01
752 224407 1.01
753 224707 1.01
754 225007 1.01
755 225307 1.01
756 225607 1.01
757 225907 1.01
758 226207 1.01
759 226507 1.01
760 226807 1.01
761 227107 1.01
762 227407 1.01
763 227707 1.01
764 228007 1.01
765 228307 1.01
766 228607 1.01
767 228907 1.01
768 229207 1.01
769 229507 1.01
770 229807 1.01
771 230107 1.01
772 230407 1.01
773 230707 1.01
774 230957 1.01
775 231257 1.0
776 231557 1.0
777 231857 1.0
778 232157 1.0
779 232457 1.0
780 232757 1.0
781 233057 1.0
782 233357 1.0
783 233657 1.0
784 233957 1.0
785 234257 1.0
786 234557 1.0
787 234857 1.0
788 235157 1.0
789 235457 1.0
790 235757 1.0
791 236057 1.0
792 236357 1.0
793 236657 1.0
794 236957 1.0
795 237257 1.0
796 237557 1.0
797 237857 1.0
798 238157 1.0
799 238457 1.0
800 238757 1.0
801 239057 1.0
802 239357 1.0
803 239657 1.0
804 239957 1.0
805 240257 1.0
806 240557 1.0
807 240857 1.0
808 241157 1.0
809 241457 1.0
810 241757 1.01
811 242057 1.01
812 242357 1.01
813 242657 1.01
814 242957 1.01
815 243257 1.01
816 243557 1.01
817 243857 1.01
818 244157 1.01
819 244457 1.01
820 244757 1.01
821 245057 1.01
822 245357 1.01
823 245657 1.01
824 245957 1.01
825 246257 1.01
826 246557 1.01
827 246857 1.01
828 247157 1.01
829 247457 1.01
830 247757 1.01
831 248057 1.02
832 248357 1.02
833 248657 1.02
834 248957 1.02
835 249257 1.02
836 249557 1.02
837 249857 1.02
838 250157 1.02
839 250457 1.02
840 250757 1.02
841 251057 1.02
842 251357 1.02
843 251657 1.02
844 251957 1.02
845 252257 1.02
846 252557 1.02
847 252857 1.02
848 253157 1.02
849 253457 1.02
850 253757 1.02
851 254057 1.02
852 254357 1.02
853 254657 1.02
854 254957 1.02
855 255257 1.02
856 255557 1.02
857 255857 1.02
858 256157 1.02
859 256457 1.02
860 256757 1.02
861 257057 1.02
862 257357 1.02
863 257657 1.02
864 257957 1.02
865 258257 1.02
866 258557 1.02
867 258857 1.02
868 259157 1.02
869 259457 1.02
870 259602 1.02
871 259902 1.02
872 260202 1.02
873 260502 1.02
874 260802 1.02
875 261102 1.02
876 261402 1.02
877 261702 1.02
878 262002 1.02
879 262302 1.02
880 262602 1.02
881 262902 1.02
882 263202 1.02
883 263502 1.02
884 263802 1.02
885 264102 1.02
886 264402 1.02
887 264702 1.02
888 265002 1.02
889 265302 1.02
890 265602 1.02
891 265902 1.02
892 266202 1.02
893 266502 1.02
894 266802 1.02
895 267102 1.02
896 267402 1.02
897 267702 1.02
898 268002 1.02
899 268302 1.02
900 268602 1.02
901 268902 1.02
902 269202 1.02
903 269502 1.02
904 269802 1.02
905 270102 1.02
906 270402 1.02
907 270702 1.02
908 271002 1.02
909 271280 1.02
910 271580 1.01
911 271880 1.01
912 272180 1.01
913 272480 1.01
914 272780 1.01
915 273080 1.01
916 273380 1.01
917 273680 1.01
918 273980 1.01
919 274280 1.01
920 274580 1.01
921 274880 1.01
922 275180 1.01
923 275480 1.01
924 275780 1.01
925 276080 1.01
926 276380 1.01
927 276680 1.01
928 276980 1.01
929 277280 1.01
930 277525 1.01
931 277825 1.0
932 278125 1.0
933 278425 1.0
934 278725 1.0
935 279025 1.0
936 279325 1.0
937 279625 1.0
938 279925 1.0
939 280225 1.0
940 280525 1.0
941 280825 1.0
942 281125 1.0
943 281425 1.0
944 281725 1.0
945 282025 1.0
946 282325 1.0
947 282625 1.0
948 282925 1.0
949 283225 1.0
950 283525 1.0
951 283825 1.0
952 284125 1.0
953 284425 1.0
954 284725 1.0
955 285025 1.0
956 285325 1.0
957 285625 1.0
958 285925 1.0
959 286225 1.0
960 286525 1.0
961 286825 1.0
962 287125 1.0
963 287425 1.0
964 287725 1.0
965 288025 1.0
966 288325 1.0
967 288625 1.0
968 288925 1.0
969 289225 1.0
970 289525 1.0
971 289825 1.0
972 290125 1.0
973 290425 1.0
974 290725 1.0
975 291025 1.0
976 291325 1.0
977 291625 1.0
978 291925 1.0
979 292225 1.0
980 292525 1.0
981 292825 1.0
982 293125 1.0
983 293425 1.0
984 293725 1.0
985 294025 1.0
986 294325 1.0
987 294625 1.0
988 294925 1.0
989 295225 1.0
990 295525 1.0
991 295825 1.0
992 296125 1.0
993 296425 1.0
994 296725 1.0
995 297025 1.0
996 297325 1.0
997 297625 1.0
998 297925 1.0
999 298225 1.0
1000 298525 1.0
1001 298825 1.0
1002 299125 1.0
1003 299425 1.0
1004 299725 1.0
1005 300025 1.0
1006 300325 1.0
1007 300625 1.0
1008 300925 1.0
1009 301225 1.0
1010 301525 1.0
1011 301825 1.0
1012 302125 1.0
1013 302425 1.0
1014 302725 1.0
1015 303025 1.0
1016 303325 1.0
1017 303625 1.0
1018 303925 1.0
1019 304225 1.0
1020 304525 1.0
1021 304825 1.0
1022 305125 1.0
1023 305425 1.0
1024 305725 1.0
1025 306025 1.0
1026 306325 1.0
1027 306625 1.0
1028 306925 1.0
1029 307225 1.0
1030 307525 1.0
1031 307825 1.0
1032 308125 1.0
1033 308425 1.0
1034 308725 1.0
1035 309025 1.0
1036 309325 1.0
1037 309625 1.0
1038 309925 1.0
1039 310225 1.0
1040 310525 1.0
1041 310825 1.0
1042 311125 1.0
1043 311425 1.0
1044 311725 1.0
1045 312025 1.0
1046 312325 1.0
1047 312625 1.0
1048 312925 1.0
1049 313225 1.0
1050 313525 1.0
1051 313825 1.0
1052 314125 1.0
1053 314425 1.0
1054 314725 1.0
1055 315025 1.0
1056 315325 1.0
1057 315625 1.0
1058 315925 1.0
1059 316225 1.0
1060 316525 1.0
1061 316825 1.0
1062 317125 1.0
1063 317425 1.0
1064 317725 1.0
1065 318025 1.0
1066 318325 1.0
1067 318625 1.0
1068 318925 1.0
1069 319225 1.0
1070 319525 1.0
1071 319825 1.0
1072 320125 1.0
1073 320425 1.0
1074 320725 1.0
1075 321025 1.0
1076 321325 1.0
1077 321625 1.0
1078 321925 1.0
1079 322225 1.0
1080 322525 1.0
1081 322825 1.0
1082 323125 1.0
1083 323425 1.0
1084 323725 1.0
1085 324025 1.0
1086 324325 1.0
1087 324625 1.0
1088 324925 1.0
1089 325225 1.0
1090 325525 1.0
1091 325825 1.0
1092 326125 1.0
1093 326425 1.0
1094 326725 1.0
1095 327025 1.0
1096 327325 1.0
1097 327625 1.0
1098 327925 1.0
1099 328225 1.0
1100 328525 1.0
1101 328825 1.0
1102 329125 1.0
1103 329425 1.0
1104 329725 1.0
1105 330025 1.0
1106 330325 1.0
1107 330625 1.0
1108 330925 1.0
1109 331225 1.0
1110 331525 1.0
1111 331825 1.0
1112 332125 1.0
1113 332425 1.0
1114 332725 1.0
1115 333025 1.0
1116 333325 1.0
1117 333625 1.0
1118 333925 1.0
1119 334225 1.0
1120 334525 1.0
1121 334825 1.0
1122 335125 1.0
1123 335425 1.0
1124 335725 1.0
1125 336025 1.0
1126 336325 1.0
1127 336625 1.0
1128 336925 1.0
1129 337225 1.0
1130 337525 1.0
1131 337825 1.0
1132 338125 1.0
1133 338425 1.0
1134 338725 1.0
1135 339025 1.0
1136 339325 1.0
1137 339625 1.0
1138 339925 1.0
1139 340225 1.0
1140 340525 1.0
1141 340825 1.0
1142 341125 1.0
1143 341425 1.0
1144 341725 1.0
1145 342025 1.0
1146 342325 1.0
1147 342625 1.0
1148 342925 1.0
1149 343225 1.0
1150 343525 1.0
1151 343825 1.0
1152 344125 1.0
1153 344425 1.0
1154 344725 1.0
1155 345025 1.0
1156 345325 1.0
1157 345625 1.0
1158 345925 1.0
1159 346225 1.0
1160 346525 1.0
1161 346825 1.0
1162 347125 1.0
1163 347425 1.01
1164 347725 1.01
1165 348025 1.01
1166 348325 1.01
1167 348625 1.01
1168 348925 1.01
1169 349225 1.01
1170 349525 1.01
1171 349825 1.01
1172 350125 1.01
1173 350425 1.01
1174 350725 1.01
1175 351025 1.01
1176 351325 1.01
1177 351625 1.01
1178 351925 1.01
1179 352225 1.01
1180 352525 1.01
1181 352825 1.01
1182 353125 1.01
1183 353425 1.01
1184 353725 1.01
1185 354025 1.01
1186 354325 1.01
1187 354625 1.01
1188 354925 1.01
1189 355225 1.01
1190 355525 1.01
1191 355825 1.01
1192 356125 1.01
1193 356425 1.01
1194 356725 1.01
1195 357025 1.01
1196 357325 1.01
1197 357625 1.01
1198 357925 1.01
1199 358225 1.01
1200 358525 1.01
1201 358825 1.01
1202 359125 1.01
1203 359425 1.01
1204 359725 1.01
1205 360025 1.01
1206 360325 1.01
1207 360625 1.01
1208 360925 1.01
1209 361225 1.01
1210 361525 1.01
1211 361825 1.01
1212 362125 1.01
1213 362425 1.01
1214 362725 1.01
1215 363025 1.01
1216 363325 1.01
1217 363625 1.01
1218 363925 1.01
1219 364225 1.01
1220 364525 1.01
1221 364825 1.01
1222 365125 1.01
1223 365425 1.01
1224 365725 1.01
1225 366025 1.01
1226 366325 1.01
1227 366625 1.01
1228 366925 1.01
1229 367225 1.01
1230 367525 1.01
1231 367825 1.01
1232 368125 1.01
1233 368425 1.01
1234 368725 1.01
1235 369025 1.01
1236 369325 1.01
1237 369625 1.01
1238 369925 1.01
1239 370225 1.01
1240 370525 1.01
