1 300 1.0 0.01
2 600 1.0 0.02
3 900 1.0 0.03
4 1200 1.0 0.04
5 1500 1.0 0.05
6 1800 1.0 0.06
7 2100 1.0 0.07
8 2400 1.0 0.08
9 2700 1.0 0.09
10 3000 1.0 0.1
11 3300 1.0 0.11
12 3600 1.0 0.12
13 3900 1.0 0.13
14 4200 1.0 0.14
15 4500 1.0 0.15
16 4800 1.0 0.16
17 5100 1.0 0.17
18 5400 1.0 0.18
19 5700 1.0 0.19
20 6000 1.0 0.2
21 6300 1.0 0.21
22 6600 1.0 0.22
23 6900 1.0 0.23
24 7200 1.0 0.24
25 7500 1.0 0.25
26 7800 1.0 0.26
27 8100 1.0 0.27
28 8400 1.0 0.28
29 8700 1.0 0.29
30 9000 1.0 0.3
31 9300 1.0 0.31
32 9600 1.0 0.32
33 9900 1.0 0.33
34 10200 1.0 0.34
35 10500 1.0 0.35
36 10800 1.0 0.36
37 11100 1.0 0.37
38 11400 1.0 0.38
39 11700 1.0 0.39
40 12000 1.0 0.4
41 12300 1.0 0.41
42 12600 1.0 0.42
43 12900 1.0 0.43
44 13200 1.0 0.44
45 13500 1.0 0.45
46 13800 1.0 0.46
47 14100 1.0 0.47
48 14400 1.0 0.48
49 14700 1.0 0.49
50 15000 1.0 0.5
51 15300 1.0 0.51
52 15600 1.0 0.52
53 15900 2.0 0.54
54 16200 1.0 0.55
55 16500 1.0 0.56
56 16800 1.0 0.57
57 17100 1.0 0.58
58 17400 1.0 0.59
59 17700 1.0 0.6
60 18000 1.0 0.61
61 18300 1.0 0.62
62 18600 1.0 0.63
63 18900 1.0 0.64
64 19200 1.0 0.65
65 19500 1.0 0.66
66 19800 1.0 0.67
67 20100 1.0 0.68
68 20400 1.0 0.69
69 20700 1.0 0.7
70 21000 1.0 0.71
71 21300 1.0 0.72
72 21600 1.0 0.73
73 21900 1.0 0.74
74 22200 1.0 0.75
75 22500 1.0 0.76
76 22800 1.0 0.77
77 23100 1.0 0.78
78 23400 1.0 0.79
79 23700 1.0 0.8
80 24000 1.0 0.81
81 24300 1.0 0.82
82 24600 1.0 0.83
83 24900 1.0 0.84
84 25200 1.0 0.85
85 25500 1.0 0.86
86 25800 1.0 0.87
87 26100 1.0 0.88
88 26400 1.0 0.89
89 26700 1.0 0.9
90 27000 1.0 0.91
91 27300 1.0 0.92
92 27600 1.0 0.93
93 27900 1.0 0.94
94 28200 1.0 0.95
95 28500 1.0 0.96
96 28800 1.0 0.97
97 29100 1.0 0.98
98 29400 1.0 0.99
99 29700 1.0 1.0
100 30000 1.0 1.01
101 30300 1.0 1.01
102 30600 1.0 1.01
103 30900 1.0 1.01
104 31200 1.0 1.01
105 31500 1.0 1.01
106 31800 1.0 1.01
107 32100 1.0 1.01
108 32400 1.0 1.01
109 32700 1.0 1.01
110 33000 1.0 1.01
111 33300 1.0 1.01
112 33600 1.0 1.01
113 33900 1.0 1.01
114 34200 1.0 1.01
115 34500 1.0 1.01
116 34800 1.0 1.01
117 35100 2.0 1.02
118 35400 1.0 1.02
119 35700 1.0 1.02
120 36000 1.0 1.02
121 36300 2.0 1.03
122 36600 1.0 1.03
123 36900 1.0 1.03
124 37200 1.0 1.03
125 37500 1.0 1.03
126 37800 1.0 1.03
127 38100 1.0 1.03
128 38400 1.0 1.03
129 38700 1.0 1.03
130 39000 1.0 1.03
131 39300 1.0 1.03
132 39600 1.0 1.03
133 39900 1.0 1.03
134 40200 1.0 1.03
135 40500 1.0 1.03
136 40800 1.0 1.03
137 41100 1.0 1.03
138 41400 1.0 1.03
139 41700 1.0 1.03
140 42000 1.0 1.03
141 42300 1.0 1.03
142 42600 1.0 1.03
143 42900 1.0 1.03
144 43200 1.0 1.03
145 43500 1.0 1.03
146 43800 1.0 1.03
147 44100 1.0 1.03
148 44400 1.0 1.03
149 44700 1.0 1.03
150 45000 1.0 1.03
151 45300 2.0 1.04
152 45600 1.0 1.04
153 45900 2.0 1.04
154 46200 1.0 1.04
155 46500 1.0 1.04
156 46800 1.0 1.04
157 47100 1.0 1.04
158 47400 1.0 1.04
159 47700 1.0 1.04
160 48000 1.0 1.04
161 48300 1.0 1.04
162 48600 1.0 1.04
163 48900 2.0 1.05
164 49200 1.0 1.05
165 49500 1.0 1.05
166 49800 1.0 1.05
167 50100 1.0 1.05
168 50400 1.0 1.05
169 50700 1.0 1.05
170 51000 1.0 1.05
171 51300 1.0 1.05
172 51600 1.0 1.05
173 51900 1.0 1.05
174 52200 1.0 1.05
175 52500 1.0 1.05
176 52800 1.0 1.05
177 53100 1.0 1.05
178 53400 1.0 1.05
179 53700 1.0 1.05
180 54000 1.0 1.05
181 54300 1.0 1.05
182 54600 1.0 1.05
183 54900 1.0 1.05
184 55200 1.0 1.05
185 55500 2.0 1.06
186 55800 1.0 1.06
187 56100 1.0 1.06
188 56400 1.0 1.06
189 56700 1.0 1.06
190 57000 1.0 1.06
191 57300 1.0 1.06
192 57600 1.0 1.06
193 57828 3.0 1.08
194 58128 1.0 1.08
195 58428 1.0 1.08
196 58728 1.0 1.08
197 59028 2.0 1.09
198 59328 1.0 1.09
199 59628 1.0 1.09
200 59928 1.0 1.09
201 60228 1.0 1.09
202 60500 3.0 1.11
203 60800 1.0 1.11
204 61100 1.0 1.11
205 61400 1.0 1.11
206 61700 1.0 1.11
207 62000 1.0 1.11
208 62300 1.0 1.11
209 62600 1.0 1.11
210 62900 1.0 1.11
211 63200 1.0 1.11
212 63500 1.0 1.11
213 63800 1.0 1.11
214 64100 1.0 1.11
215 64400 1.0 1.11
216 64700 1.0 1.11
217 65000 1.0 1.1
218 65300 1.0 1.1
219 65600 1.0 1.1
220 65900 1.0 1.1
221 66200 1.0 1.09
222 66500 1.0 1.09
223 66800 1.0 1.09
224 67100 1.0 1.09
225 67400 1.0 1.09
226 67700 2.0 1.1
227 68000 1.0 1.1
228 68300 1.0 1.1
229 68600 1.0 1.1
230 68900 1.0 1.1
231 69200 1.0 1.1
232 69500 1.0 1.1
233 69800 1.0 1.1
234 70100 1.0 1.1
235 70400 1.0 1.1
236 70700 1.0 1.1
237 71000 1.0 1.1
238 71300 1.0 1.1
239 71600 1.0 1.1
240 71900 1.0 1.1
241 72200 1.0 1.1
242 72500 1.0 1.1
243 72800 1.0 1.1
244 73100 1.0 1.1
245 73400 1.0 1.1
246 73700 1.0 1.1
247 74000 1.0 1.1
248 74300 1.0 1.1
249 74600 1.0 1.1
250 74883 3.0 1.12
251 75183 1.0 1.11
252 75483 1.0 1.11
253 75783 1.0 1.1
254 76083 1.0 1.1
255 76383 1.0 1.1
256 76683 1.0 1.1
257 76904 3.0 1.12
258 77204 1.0 1.12
259 77504 1.0 1.12
260 77804 1.0 1.12
261 78104 1.0 1.12
262 78404 1.0 1.12
263 78704 1.0 1.11
264 79004 1.0 1.11
265 79304 1.0 1.11
266 79604 2.0 1.12
267 79904 1.0 1.12
268 80204 1.0 1.12
269 80504 2.0 1.13
270 80804 1.0 1.13
271 81104 1.0 1.13
272 81404 2.0 1.14
273 81704 1.0 1.14
274 82004 1.0 1.14
275 82304 2.0 1.15
276 82604 1.0 1.15
277 82904 1.0 1.15
278 83204 2.0 1.16
279 83504 1.0 1.16
280 83804 1.0 1.16
281 84104 1.0 1.16
282 84404 1.0 1.16
283 84704 1.0 1.16
284 85004 1.0 1.16
285 85304 1.0 1.15
286 85604 1.0 1.15
287 85904 1.0 1.15
288 86204 2.0 1.16
289 86504 1.0 1.16
290 86779 3.0 1.18
291 87079 1.0 1.18
292 87379 1.0 1.18
293 87679 1.0 1.16
294 87979 1.0 1.16
295 88279 1.0 1.16
296 88579 1.0 1.16
297 88879 1.0 1.15
298 89179 1.0 1.15
299 89479 2.0 1.16
300 89779 1.0 1.16
301 90002 3.0 1.18
302 90302 1.0 1.16
303 90528 3.0 1.18
304 90828 1.0 1.18
305 91128 1.0 1.18
306 91428 1.0 1.18
307 91728 1.0 1.18
308 92028 1.0 1.18
309 92328 1.0 1.18
310 92628 1.0 1.18
311 92928 1.0 1.18
312 93228 1.0 1.18
313 93484 3.0 1.2
314 93784 1.0 1.2
315 94058 3.0 1.22
316 94358 1.0 1.22
317 94658 1.0 1.22
318 94933 3.0 1.24
319 95233 1.0 1.24
320 95533 1.0 1.24
321 95833 1.0 1.24
322 96133 1.0 1.24
323 96433 1.0 1.24
324 96733 1.0 1.24
325 97033 1.0 1.24
326 97333 1.0 1.23
327 97633 2.0 1.24
328 97933 1.0 1.24
329 98233 1.0 1.24
330 98533 1.0 1.24
331 98833 1.0 1.24
332 99133 1.0 1.24
333 99433 1.0 1.24
334 99733 1.0 1.24
335 99992 3.0 1.26
336 100292 1.0 1.26
337 100592 1.0 1.26
338 100892 1.0 1.26
339 101055 3.0 1.28
340 101355 1.0 1.28
341 101655 1.0 1.28
342 101955 1.0 1.28
343 102255 1.0 1.28
344 102555 1.0 1.28
345 102855 1.0 1.28
346 103155 1.0 1.28
347 103455 1.0 1.28
348 103755 1.0 1.28
349 104055 1.0 1.28
350 104254 3.0 1.28
351 104554 1.0 1.28
352 104854 1.0 1.28
353 105125 3.0 1.3
354 105425 1.0 1.3
355 105725 1.0 1.3
356 106025 1.0 1.3
357 106325 1.0 1.28
358 106625 1.0 1.28
359 106925 1.0 1.28
360 107225 1.0 1.28
361 107525 1.0 1.28
362 107825 1.0 1.28
363 108125 1.0 1.28
364 108425 1.0 1.28
365 108725 1.0 1.28
366 109025 1.0 1.27
367 109325 1.0 1.27
368 109625 1.0 1.27
369 109925 1.0 1.26
370 110225 1.0 1.26
371 110525 1.0 1.26
372 110825 1.0 1.25
373 111125 1.0 1.25
374 111425 1.0 1.25
375 111623 3.0 1.26
376 111923 1.0 1.26
377 112223 1.0 1.26
378 112523 1.0 1.25
379 112823 1.0 1.25
380 113123 1.0 1.25
381 113423 1.0 1.25
382 113534 3.0 1.27
383 113834 1.0 1.27
384 114134 1.0 1.27
385 114367 3.0 1.29
386 114667 1.0 1.29
387 114967 1.0 1.29
388 115267 1.0 1.28
389 115567 1.0 1.28
390 115867 1.0 1.26
391 116167 1.0 1.26
392 116467 1.0 1.26
393 116767 1.0 1.26
394 117067 1.0 1.26
395 117344 3.0 1.28
396 117644 1.0 1.28
397 117944 1.0 1.28
398 118244 1.0 1.28
399 118544 1.0 1.27
400 118844 2.0 1.28
401 119144 1.0 1.26
402 119444 1.0 1.26
403 119744 1.0 1.24
404 119945 3.0 1.26
405 120245 1.0 1.26
406 120545 1.0 1.26
407 120845 1.0 1.26
408 121124 3.0 1.28
409 121424 1.0 1.28
410 121658 3.0 1.3
411 121958 1.0 1.3
412 122258 1.0 1.3
413 122558 1.0 1.28
414 122858 1.0 1.28
415 123158 1.0 1.26
416 123458 1.0 1.26
417 123758 1.0 1.26
418 124058 1.0 1.24
419 124358 1.0 1.24
420 124658 1.0 1.24
421 124928 3.0 1.26
422 125228 1.0 1.26
423 125528 1.0 1.26
424 125716 3.0 1.28
425 126016 1.0 1.28
426 126316 1.0 1.28
427 126607 3.0 1.29
428 126907 1.0 1.29
429 127207 1.0 1.29
430 127507 1.0 1.29
431 127807 1.0 1.29
432 128107 1.0 1.29
433 128407 1.0 1.29
434 128707 1.0 1.29
435 129007 1.0 1.27
436 129307 1.0 1.27
437 129607 2.0 1.28
438 129778 3.0 1.3
439 130078 1.0 1.28
440 130378 2.0 1.29
441 130678 1.0 1.29
442 130978 1.0 1.29
443 131278 1.0 1.29
444 131578 1.0 1.29
445 131806 3.0 1.31
446 132106 1.0 1.31
447 132406 1.0 1.31
448 132706 1.0 1.31
449 133006 1.0 1.31
450 133168 3.0 1.31
451 133277 3.0 1.33
452 133577 1.0 1.33
453 133827 3.0 1.33
454 134127 1.0 1.33
455 134427 1.0 1.33
456 134716 3.0 1.35
457 135016 1.0 1.35
458 135316 1.0 1.35
459 135616 1.0 1.35
460 135916 2.0 1.36
461 136117 3.0 1.38
462 136379 3.0 1.4
463 136608 3.0 1.42
464 136894 3.0 1.44
465 137194 1.0 1.44
466 137494 1.0 1.44
467 137794 1.0 1.44
468 138094 1.0 1.44
469 138394 1.0 1.44
470 138694 1.0 1.44
471 138975 3.0 1.46
472 139275 1.0 1.46
473 139575 1.0 1.46
474 139875 1.0 1.46
475 140175 1.0 1.44
476 140475 1.0 1.44
477 140775 1.0 1.44
478 141075 1.0 1.44
479 141375 1.0 1.44
480 141641 3.0 1.46
481 141941 1.0 1.46
482 142241 1.0 1.44
483 142434 3.0 1.46
484 142734 1.0 1.46
485 143034 1.0 1.44
486 143334 1.0 1.44
487 143634 1.0 1.44
488 143805 3.0 1.46
489 144105 1.0 1.46
490 144405 1.0 1.46
491 144705 1.0 1.46
492 145005 1.0 1.46
493 145305 1.0 1.46
494 145605 1.0 1.46
495 145905 1.0 1.44
496 146205 1.0 1.44
497 146505 1.0 1.44
498 146662 3.0 1.46
499 146955 3.0 1.48
500 147194 3.0 1.49
501 147494 1.0 1.49
502 147794 1.0 1.49
503 148094 1.0 1.49
504 148394 1.0 1.47
505 148694 1.0 1.47
506 148940 3.0 1.49
507 149240 1.0 1.49
508 149540 2.0 1.48
509 149840 1.0 1.48
510 150140 1.0 1.46
511 150440 1.0 1.46
512 150740 1.0 1.46
513 151040 1.0 1.46
514 151340 1.0 1.46
515 151640 1.0 1.46
516 151940 1.0 1.46
517 152240 1.0 1.46
518 152540 1.0 1.46
519 152840 1.0 1.46
520 153031 3.0 1.48
521 153331 1.0 1.46
522 153554 3.0 1.48
523 153854 1.0 1.48
524 154154 1.0 1.46
525 154454 1.0 1.46
526 154675 3.0 1.48
527 154975 1.0 1.46
528 155275 1.0 1.46
529 155575 1.0 1.46
530 155846 3.0 1.48
531 156102 3.0 1.5
532 156271 3.0 1.52
533 156571 1.0 1.52
534 156871 1.0 1.52
535 157171 1.0 1.52
536 157471 1.0 1.52
537 157771 1.0 1.51
538 158071 1.0 1.49
539 158371 1.0 1.49
540 158671 1.0 1.48
541 158971 1.0 1.48
542 159271 1.0 1.48
543 159571 1.0 1.48
544 159838 3.0 1.5
545 160138 1.0 1.48
546 160384 3.0 1.5
547 160684 1.0 1.5
548 160984 1.0 1.5
549 161232 3.0 1.52
550 161532 1.0 1.5
551 161832 1.0 1.48
552 162132 1.0 1.48
553 162432 1.0 1.46
554 162732 1.0 1.46
555 163032 1.0 1.46
556 163307 3.0 1.46
557 163434 3.0 1.48
558 163734 1.0 1.48
559 163918 3.0 1.5
560 164175 3.0 1.51
561 164377 3.0 1.51
562 164677 1.0 1.49
563 164977 1.0 1.47
564 165120 3.0 1.47
565 165420 1.0 1.47
566 165720 1.0 1.47
567 166020 2.0 1.48
568 166320 2.0 1.49
569 166504 3.0 1.51
570 166804 1.0 1.51
571 167104 1.0 1.49
572 167395 3.0 1.51
573 167695 1.0 1.51
574 167995 1.0 1.51
575 168295 1.0 1.51
576 168595 1.0 1.51
577 168895 1.0 1.51
578 169147 3.0 1.53
579 169345 3.0 1.55
580 169645 1.0 1.53
581 169945 1.0 1.53
582 170198 3.0 1.55
583 170498 1.0 1.53
584 170724 3.0 1.55
585 171024 2.0 1.56
586 171324 1.0 1.56
587 171624 1.0 1.56
588 171924 1.0 1.54
589 172224 1.0 1.54
590 172524 1.0 1.54
591 172685 3.0 1.56
592 172985 1.0 1.56
593 173270 3.0 1.58
594 173570 2.0 1.59
595 173870 1.0 1.59
596 174170 1.0 1.59
597 174381 3.0 1.61
598 174644 3.0 1.61
599 174944 1.0 1.59
600 175244 1.0 1.57
601 175544 1.0 1.57
602 175772 3.0 1.59
603 176072 1.0 1.59
604 176318 3.0 1.61
605 176618 1.0 1.61
606 176918 1.0 1.59
607 177103 3.0 1.61
608 177403 1.0 1.6
609 177682 3.0 1.62
610 177982 1.0 1.62
611 178282 1.0 1.62
612 178538 3.0 1.64
613 178838 2.0 1.65
614 179138 1.0 1.65
615 179438 1.0 1.65
616 179738 1.0 1.65
617 179897 3.0 1.67
618 180197 1.0 1.67
619 180497 1.0 1.67
620 180797 2.0 1.66
621 180962 3.0 1.68
622 181237 3.0 1.68
623 181474 3.0 1.7
624 181774 1.0 1.7
625 182074 1.0 1.7
626 182296 3.0 1.7
627 182596 1.0 1.7
628 182896 1.0 1.7
629 183108 3.0 1.72
630 183408 2.0 1.71
631 183708 1.0 1.69
632 184008 1.0 1.67
633 184303 3.0 1.69
634 184603 1.0 1.69
635 184903 1.0 1.69
636 185203 1.0 1.69
637 185503 1.0 1.69
638 185803 1.0 1.69
639 186103 1.0 1.69
640 186340 3.0 1.71
641 186640 1.0 1.71
642 186824 3.0 1.73
643 187124 1.0 1.73
644 187424 2.0 1.72
645 187724 1.0 1.72
646 188024 1.0 1.7
647 188324 1.0 1.7
648 188624 1.0 1.7
649 188924 1.0 1.68
650 189162 3.0 1.7
651 189356 3.0 1.72
652 189554 3.0 1.74
653 189854 1.0 1.74
654 190022 3.0 1.76
655 190322 1.0 1.76
656 190622 1.0 1.74
657 190922 1.0 1.72
658 191222 1.0 1.72
659 191522 1.0 1.7
660 191822 1.0 1.68
661 192122 1.0 1.66
662 192422 1.0 1.66
663 192722 1.0 1.66
664 193022 1.0 1.64
665 193271 3.0 1.66
666 193571 1.0 1.66
667 193871 1.0 1.65
668 194171 1.0 1.64
669 194471 1.0 1.62
670 194600 3.0 1.64
671 194900 2.0 1.65
672 195129 3.0 1.65
673 195333 3.0 1.67
674 195633 1.0 1.67
675 195933 1.0 1.67
676 196233 1.0 1.67
677 196527 3.0 1.69
678 196736 3.0 1.69
679 196913 3.0 1.69
680 197213 1.0 1.69
681 197479 3.0 1.71
682 197640 3.0 1.71
683 197940 1.0 1.71
684 198240 1.0 1.69
685 198540 1.0 1.68
686 198805 3.0 1.7
687 198976 3.0 1.72
688 199210 3.0 1.74
689 199510 1.0 1.74
690 199810 1.0 1.74
691 200061 3.0 1.74
692 200270 3.0 1.76
693 200570 1.0 1.74
694 200851 3.0 1.75
695 201151 1.0 1.75
696 201451 2.0 1.76
697 201751 1.0 1.74
698 201912 3.0 1.74
699 202212 1.0 1.74
700 202512 1.0 1.74
701 202812 1.0 1.74
702 203112 1.0 1.72
703 203412 1.0 1.72
704 203712 1.0 1.7
705 203823 3.0 1.72
706 204123 1.0 1.72
707 204423 1.0 1.7
708 204723 1.0 1.7
709 205023 1.0 1.68
710 205323 1.0 1.68
711 205623 1.0 1.68
712 205923 1.0 1.66
713 206218 3.0 1.67
714 206518 1.0 1.67
715 206818 1.0 1.67
716 207024 3.0 1.69
717 207223 3.0 1.69
718 207523 1.0 1.69
719 207823 1.0 1.69
720 208123 1.0 1.68
721 208305 3.0 1.68
722 208392 3.0 1.68
723 208480 3.0 1.68
724 208780 1.0 1.68
725 209080 1.0 1.68
726 209335 3.0 1.68
727 209591 3.0 1.7
728 209891 1.0 1.7
729 210147 3.0 1.7
730 210447 1.0 1.69
731 210747 1.0 1.69
732 211047 1.0 1.69
733 211347 1.0 1.67
734 211495 3.0 1.69
735 211795 1.0 1.69
736 211934 3.0 1.71
737 212162 3.0 1.73
738 212462 1.0 1.73
739 212762 1.0 1.73
740 213062 1.0 1.71
741 213218 3.0 1.73
742 213424 3.0 1.73
743 213724 1.0 1.73
744 214004 3.0 1.74
745 214304 1.0 1.74
746 214525 3.0 1.76
747 214661 3.0 1.78
748 214961 1.0 1.78
749 215261 1.0 1.78
750 215561 1.0 1.76
751 215861 1.0 1.74
752 216111 3.0 1.74
753 216411 2.0 1.75
754 216559 3.0 1.75
755 216748 3.0 1.77
756 217048 1.0 1.77
757 217348 1.0 1.77
758 217648 2.0 1.78
759 217948 1.0 1.78
760 218248 1.0 1.78
761 218548 1.0 1.78
762 218848 1.0 1.78
763 219148 1.0 1.78
764 219448 1.0 1.78
765 219748 1.0 1.76
766 220048 1.0 1.76
767 220348 1.0 1.76
768 220648 1.0 1.76
769 220948 1.0 1.76
770 221248 1.0 1.74
771 221442 3.0 1.75
772 221742 1.0 1.73
773 222042 1.0 1.71
774 222342 1.0 1.71
775 222642 1.0 1.71
776 222797 3.0 1.73
777 222933 3.0 1.73
778 223118 3.0 1.73
779 223418 1.0 1.71
780 223631 3.0 1.73
781 223841 3.0 1.73
782 223978 3.0 1.73
783 224235 3.0 1.75
784 224535 1.0 1.75
785 224762 3.0 1.77
786 224848 3.0 1.77
787 224932 3.0 1.77
788 225107 3.0 1.77
789 225321 3.0 1.79
790 225621 1.0 1.79
791 225921 1.0 1.77
792 226221 1.0 1.75
793 226521 1.0 1.75
794 226696 3.0 1.75
795 226930 3.0 1.77
796 227230 1.0 1.76
797 227530 1.0 1.76
798 227812 3.0 1.76
799 228112 1.0 1.76
800 228412 1.0 1.76
801 228712 1.0 1.76
802 228982 3.0 1.78
803 229231 3.0 1.8
804 229531 2.0 1.81
805 229708 3.0 1.81
806 230008 3.0 1.83
807 230305 3.0 1.85
808 230605 2.0 1.86
809 230905 1.0 1.86
810 231205 1.0 1.86
811 231455 3.0 1.88
812 231755 1.0 1.88
813 232034 3.0 1.88
814 232334 1.0 1.88
815 232634 1.0 1.88
816 232934 1.0 1.86
817 233234 1.0 1.84
818 233534 1.0 1.84
819 233834 1.0 1.84
820 234134 1.0 1.84
821 234434 1.0 1.82
822 234728 3.0 1.82
823 235028 1.0 1.8
824 235328 1.0 1.8
825 235628 1.0 1.8
826 235928 1.0 1.78
827 236228 1.0 1.76
828 236528 1.0 1.76
829 236809 3.0 1.76
830 237095 3.0 1.78
831 237395 1.0 1.78
832 237695 1.0 1.78
833 237995 1.0 1.78
834 238170 3.0 1.78
835 238470 1.0 1.78
836 238770 1.0 1.76
837 238971 3.0 1.76
838 239101 3.0 1.78
839 239238 3.0 1.8
840 239486 3.0 1.82
841 239700 3.0 1.82
842 240000 1.0 1.8
843 240300 1.0 1.8
844 240464 3.0 1.8
845 240764 2.0 1.81
846 241041 3.0 1.81
847 241341 1.0 1.79
848 241641 1.0 1.79
849 241941 2.0 1.8
850 242241 1.0 1.8
851 242425 3.0 1.82
852 242584 3.0 1.82
853 242855 3.0 1.83
854 243007 3.0 1.83
855 243307 1.0 1.81
856 243461 3.0 1.83
857 243729 3.0 1.85
858 243985 3.0 1.86
859 244285 1.0 1.86
860 244585 1.0 1.86
861 244761 3.0 1.88
862 245061 1.0 1.88
863 245361 1.0 1.88
864 245489 3.0 1.9
865 245789 1.0 1.9
866 245925 3.0 1.92
867 246225 1.0 1.92
868 246436 3.0 1.94
869 246736 1.0 1.94
870 246999 3.0 1.96
871 247223 3.0 1.96
872 247483 3.0 1.98
873 247749 3.0 2.0
874 248005 3.0 2.02
875 248305 1.0 2.02
876 248503 3.0 2.02
877 248685 3.0 2.02
878 248920 3.0 2.02
879 249220 1.0 2.02
880 249520 1.0 2.0
881 249665 3.0 2.0
882 249796 3.0 2.0
883 249922 3.0 2.0
884 250171 3.0 2.02
885 250461 3.0 2.02
886 250761 1.0 2.0
887 251022 3.0 2.0
888 251322 1.0 1.98
889 251511 3.0 1.98
890 251811 1.0 1.98
891 252111 1.0 1.98
892 252411 1.0 1.98
893 252711 1.0 1.98
894 253011 1.0 1.96
895 253311 1.0 1.94
896 253535 3.0 1.96
897 253677 3.0 1.98
898 253977 1.0 1.96
899 254146 3.0 1.98
900 254406 3.0 2.0
901 254706 1.0 2.0
902 255006 1.0 1.98
903 255273 3.0 1.98
904 255573 1.0 1.97
905 255737 3.0 1.97
906 255986 3.0 1.97
907 256132 3.0 1.97
908 256355 3.0 1.98
909 256655 1.0 1.98
910 256855 3.0 2.0
911 257062 3.0 2.0
912 257196 3.0 2.02
913 257387 3.0 2.02
914 257687 1.0 2.02
915 257919 3.0 2.04
916 258219 1.0 2.04
917 258519 1.0 2.04
918 258711 3.0 2.06
919 259011 1.0 2.06
920 259264 3.0 2.08
921 259545 3.0 2.1
922 259641 3.0 2.1
923 259911 3.0 2.12
924 260085 3.0 2.14
925 260385 1.0 2.14
926 260685 1.0 2.14
927 260985 1.0 2.14
928 261134 3.0 2.16
929 261390 3.0 2.16
930 261653 3.0 2.16
931 261953 1.0 2.16
932 262253 1.0 2.16
933 262517 3.0 2.18
934 262683 3.0 2.18
935 262850 3.0 2.2
936 262942 3.0 2.22
937 263242 1.0 2.2
938 263451 3.0 2.2
939 263751 1.0 2.18
940 264051 1.0 2.16
941 264198 3.0 2.16
942 264498 1.0 2.16
943 264730 3.0 2.18
944 264925 3.0 2.18
945 265175 3.0 2.19
946 265475 2.0 2.18
947 265670 3.0 2.2
948 265970 1.0 2.2
949 266270 1.0 2.19
950 266471 3.0 2.21
951 266708 3.0 2.21
952 266908 3.0 2.21
953 267208 2.0 2.2
954 267459 3.0 2.2
955 267759 1.0 2.2
956 267971 3.0 2.2
957 268271 1.0 2.18
958 268571 1.0 2.16
959 268871 2.0 2.17
960 269171 2.0 2.18
961 269471 1.0 2.16
962 269594 3.0 2.18
963 269837 3.0 2.2
964 270072 3.0 2.2
965 270372 2.0 2.21
966 270672 1.0 2.19
967 270972 1.0 2.19
968 271272 1.0 2.17
969 271572 1.0 2.17
970 271707 3.0 2.17
971 271935 3.0 2.17
972 272235 1.0 2.15
973 272494 3.0 2.15
974 272682 3.0 2.15
975 272890 3.0 2.17
976 273150 3.0 2.17
977 273450 1.0 2.15
978 273750 1.0 2.13
979 274050 1.0 2.13
980 274140 3.0 2.15
981 274440 1.0 2.13
982 274740 1.0 2.11
983 275040 1.0 2.09
984 275340 1.0 2.07
985 275562 3.0 2.07
986 275784 3.0 2.09
987 275951 3.0 2.09
988 276251 1.0 2.09
989 276377 3.0 2.09
990 276594 3.0 2.11
991 276725 3.0 2.13
992 277025 1.0 2.13
993 277312 3.0 2.15
994 277612 1.0 2.15
995 277912 2.0 2.16
996 278212 2.0 2.15
997 278474 3.0 2.15
998 278692 3.0 2.17
999 278940 3.0 2.17
1000 279240 1.0 2.15
1001 279540 1.0 2.15
1002 279822 3.0 2.17
1003 280053 3.0 2.17
1004 280321 3.0 2.19
1005 280459 3.0 2.19
1006 280629 3.0 2.19
1007 280750 3.0 2.19
1008 280845 3.0 2.19
1009 281100 3.0 2.21
1010 281326 3.0 2.21
1011 281626 1.0 2.19
1012 281742 3.0 2.19
1013 281916 3.0 2.19
1014 282054 3.0 2.21
1015 282187 3.0 2.21
1016 282398 3.0 2.23
1017 282658 3.0 2.25
1018 282768 3.0 2.25
1019 283030 3.0 2.27
1020 283242 3.0 2.27
1021 283542 1.0 2.25
1022 283673 3.0 2.25
1023 283973 2.0 2.24
1024 284273 1.0 2.22
1025 284573 1.0 2.22
1026 284872 3.0 2.24
1027 285172 1.0 2.24
1028 285423 3.0 2.24
1029 285584 3.0 2.24
1030 285792 3.0 2.24
1031 286092 1.0 2.24
1032 286392 1.0 2.24
1033 286502 3.0 2.24
1034 286679 3.0 2.24
1035 286979 2.0 2.23
1036 287279 1.0 2.21
1037 287558 3.0 2.23
1038 287858 1.0 2.21
1039 288158 1.0 2.21
1040 288456 3.0 2.23
1041 288668 3.0 2.23
1042 288770 3.0 2.25
1043 288956 3.0 2.25
1044 289256 1.0 2.23
1045 289343 3.0 2.23
1046 289519 3.0 2.24
1047 289683 3.0 2.24
1048 289816 3.0 2.26
1049 290116 1.0 2.26
1050 290378 3.0 2.26
1051 290614 3.0 2.26
1052 290914 1.0 2.24
1053 291214 1.0 2.23
1054 291427 3.0 2.23
1055 291660 3.0 2.25
1056 291780 3.0 2.25
1057 291971 3.0 2.27
1058 292076 3.0 2.29
1059 292231 3.0 2.3
1060 292340 3.0 2.31
1061 292640 2.0 2.32
1062 292940 1.0 2.3
1063 293240 1.0 2.28
1064 293379 3.0 2.28
1065 293584 3.0 2.29
1066 293884 1.0 2.29
1067 294053 3.0 2.31
1068 294280 3.0 2.33
1069 294457 3.0 2.35
1070 294757 2.0 2.34
1071 294935 3.0 2.34
1072 295028 3.0 2.36
1073 295138 3.0 2.36
1074 295331 3.0 2.36
1075 295585 3.0 2.36
1076 295885 1.0 2.34
1077 296074 3.0 2.36
1078 296374 1.0 2.36
1079 296674 1.0 2.36
1080 296923 3.0 2.36
1081 297022 3.0 2.38
1082 297262 3.0 2.4
1083 297562 1.0 2.4
1084 297682 3.0 2.42
1085 297828 3.0 2.42
1086 298065 3.0 2.42
1087 298365 2.0 2.41
1088 298665 1.0 2.41
1089 298965 1.0 2.39
1090 299208 3.0 2.39
1091 299432 3.0 2.39
1092 299732 1.0 2.39
1093 299877 3.0 2.39
1094 300177 1.0 2.39
1095 300377 3.0 2.4
1096 300526 3.0 2.41
1097 300686 3.0 2.41
1098 300822 3.0 2.41
1099 301094 3.0 2.41
1100 301333 3.0 2.43
1101 301543 3.0 2.45
1102 301843 1.0 2.43
1103 302143 1.0 2.41
1104 302302 3.0 2.41
1105 302602 1.0 2.39
1106 302746 3.0 2.39
1107 302864 3.0 2.39
1108 303115 3.0 2.39
1109 303415 1.0 2.37
1110 303537 3.0 2.37
1111 303837 1.0 2.37
1112 304053 3.0 2.37
1113 304232 3.0 2.37
1114 304434 3.0 2.37
1115 304635 3.0 2.37
1116 304757 3.0 2.37
1117 305039 3.0 2.37
1118 305315 3.0 2.37
1119 305484 3.0 2.37
1120 305652 3.0 2.37
1121 305785 3.0 2.39
1122 306085 1.0 2.37
1123 306288 3.0 2.38
1124 306541 3.0 2.4
1125 306841 1.0 2.4
1126 307087 3.0 2.4
1127 307319 3.0 2.42
1128 307482 3.0 2.42
1129 307752 3.0 2.42
1130 307953 3.0 2.42
1131 308123 3.0 2.44
1132 308315 3.0 2.46
1133 308423 3.0 2.46
1134 308526 3.0 2.46
1135 308816 3.0 2.47
1136 308922 3.0 2.49
1137 309222 1.0 2.47
1138 309522 1.0 2.47
1139 309720 3.0 2.49
1140 310020 1.0 2.47
1141 310320 1.0 2.45
1142 310427 3.0 2.45
1143 310601 3.0 2.45
1144 310757 3.0 2.47
1145 310918 3.0 2.47
1146 311119 3.0 2.47
1147 311191 3.0 2.47
1148 311405 3.0 2.47
1149 311530 3.0 2.49
1150 311673 3.0 2.49
1151 311871 3.0 2.49
1152 312171 1.0 2.49
1153 312404 3.0 2.51
1154 312704 1.0 2.49
1155 312935 3.0 2.49
1156 313133 3.0 2.49
1157 313291 3.0 2.49
1158 313591 1.0 2.47
1159 313812 3.0 2.47
1160 313927 3.0 2.47
1161 314088 3.0 2.48
1162 314340 3.0 2.5
1163 314443 3.0 2.52
1164 314608 3.0 2.52
1165 314719 3.0 2.52
1166 314950 3.0 2.54
1167 315082 3.0 2.54
1168 315339 3.0 2.54
1169 315639 1.0 2.52
1170 315769 3.0 2.53
1171 315952 3.0 2.53
1172 316177 3.0 2.53
1173 316477 1.0 2.51
1174 316777 1.0 2.49
1175 316949 3.0 2.49
1176 317249 1.0 2.49
1177 317350 3.0 2.49
1178 317485 3.0 2.51
1179 317711 3.0 2.53
1180 317859 3.0 2.53
1181 318064 3.0 2.53
1182 318328 3.0 2.53
1183 318559 3.0 2.55
1184 318853 3.0 2.55
1185 319082 3.0 2.55
1186 319260 3.0 2.55
1187 319487 3.0 2.56
1188 319586 3.0 2.58
1189 319771 3.0 2.6
1190 320047 3.0 2.6
1191 320347 1.0 2.58
1192 320647 1.0 2.58
1193 320775 3.0 2.58
1194 320914 3.0 2.6
1195 321153 3.0 2.6
1196 321453 2.0 2.59
1197 321519 3.0 2.59
1198 321819 1.0 2.57
1199 321966 3.0 2.57
1200 322145 3.0 2.57
1201 322273 3.0 2.57
1202 322454 3.0 2.59
1203 322754 1.0 2.59
1204 323054 1.0 2.57
1205 323354 1.0 2.57
1206 323500 3.0 2.57
1207 323592 3.0 2.57
1208 323892 1.0 2.55
1209 323974 3.0 2.57
1210 324159 3.0 2.57
1211 324386 3.0 2.59
1212 324580 3.0 2.59
1213 324880 1.0 2.57
1214 325180 1.0 2.55
1215 325393 3.0 2.55
1216 325500 3.0 2.55
1217 325746 3.0 2.55
1218 325957 3.0 2.55
1219 326186 3.0 2.55
1220 326279 3.0 2.55
1221 326551 3.0 2.55
1222 326677 3.0 2.57
1223 326769 3.0 2.57
1224 326889 3.0 2.57
1225 327014 3.0 2.59
1226 327172 3.0 2.59
1227 327383 3.0 2.59
1228 327683 1.0 2.57
1229 327921 3.0 2.57
1230 328221 1.0 2.55
1231 328361 3.0 2.55
1232 328583 3.0 2.55
1233 328692 3.0 2.55
1234 328782 3.0 2.55
1235 329044 3.0 2.55
1236 329330 3.0 2.55
1237 329505 3.0 2.57
1238 329603 3.0 2.59
1239 329838 3.0 2.59
1240 330138 2.0 2.6
1241 330371 3.0 2.62
1242 330506 3.0 2.62
1243 330605 3.0 2.62
1244 330763 3.0 2.62
1245 330854 3.0 2.62
1246 330962 3.0 2.62
1247 331232 3.0 2.62
1248 331386 3.0 2.62
1249 331459 3.0 2.62
1250 331630 3.0 2.62
1251 331795 3.0 2.62
1252 331923 3.0 2.64
1253 332024 3.0 2.64
1254 332108 3.0 2.66
1255 332224 3.0 2.66
1256 332410 3.0 2.66
1257 332664 3.0 2.66
1258 332744 3.0 2.68
1259 332845 3.0 2.68
1260 332991 3.0 2.68
1261 333096 3.0 2.68
1262 333263 3.0 2.68
1263 333396 3.0 2.68
1264 333484 3.0 2.68
1265 333689 3.0 2.68
1266 333818 3.0 2.68
1267 334118 1.0 2.66
1268 334382 3.0 2.66
1269 334682 1.0 2.66
1270 334788 3.0 2.66
1271 334999 3.0 2.66
1272 335113 3.0 2.66
1273 335257 3.0 2.68
1274 335557 1.0 2.68
1275 335694 3.0 2.68
1276 335786 3.0 2.7
1277 335956 3.0 2.7
1278 336127 3.0 2.7
1279 336382 3.0 2.7
1280 336584 3.0 2.7
1281 336752 3.0 2.7
1282 337048 3.0 2.7
1283 337220 3.0 2.7
1284 337520 1.0 2.68
1285 337626 3.0 2.68
1286 337849 3.0 2.68
1287 338017 3.0 2.68
1288 338154 3.0 2.68
1289 338264 3.0 2.68
1290 338412 3.0 2.68
1291 338548 3.0 2.7
1292 338730 3.0 2.72
1293 338890 3.0 2.72
1294 339003 3.0 2.72
1295 339120 3.0 2.72
1296 339295 3.0 2.73
1297 339595 1.0 2.71
1298 339833 3.0 2.73
1299 340114 3.0 2.73
1300 340253 3.0 2.73
1301 340362 3.0 2.73
1302 340448 3.0 2.73
1303 340748 1.0 2.73
1304 340850 3.0 2.75
1305 341150 1.0 2.75
1306 341340 3.0 2.75
1307 341462 3.0 2.75
1308 341642 3.0 2.77
1309 341942 1.0 2.75
1310 342242 1.0 2.73
1311 342542 2.0 2.72
1312 342811 3.0 2.72
1313 343093 3.0 2.74
1314 343254 3.0 2.76
1315 343491 3.0 2.76
1316 343629 3.0 2.76
1317 343859 3.0 2.76
1318 343993 3.0 2.76
1319 344260 3.0 2.76
1320 344407 3.0 2.76
1321 344707 1.0 2.74
1322 344872 3.0 2.74
1323 344979 3.0 2.74
1324 345279 1.0 2.72
1325 345570 3.0 2.72
1326 345687 3.0 2.72
1327 345909 3.0 2.72
1328 346135 3.0 2.74
1329 346404 3.0 2.74
1330 346584 3.0 2.76
1331 346836 3.0 2.76
1332 346971 3.0 2.76
1333 347187 3.0 2.76
1334 347473 3.0 2.76
1335 347773 1.0 2.74
1336 348073 1.0 2.72
1337 348293 3.0 2.72
1338 348517 3.0 2.72
1339 348656 3.0 2.72
1340 348818 3.0 2.73
1341 348936 3.0 2.73
1342 349032 3.0 2.73
1343 349210 3.0 2.73
1344 349477 3.0 2.73
1345 349777 1.0 2.71
1346 349908 3.0 2.71
1347 350043 3.0 2.71
1348 350295 3.0 2.71
1349 350387 3.0 2.71
1350 350502 3.0 2.71
1351 350672 3.0 2.71
1352 350885 3.0 2.71
1353 351160 3.0 2.71
1354 351319 3.0 2.71
1355 351493 3.0 2.71
1356 351598 3.0 2.71
1357 351767 3.0 2.71
1358 351880 3.0 2.71
1359 352122 3.0 2.71
1360 352332 3.0 2.71
1361 352464 3.0 2.71
1362 352749 3.0 2.71
1363 352860 3.0 2.71
1364 353076 3.0 2.71
1365 353239 3.0 2.71
1366 353373 3.0 2.71
1367 353513 3.0 2.73
1368 353786 3.0 2.73
1369 353871 3.0 2.75
1370 354171 2.0 2.74
1371 354300 3.0 2.74
1372 354390 3.0 2.74
1373 354571 3.0 2.74
1374 354849 3.0 2.76
1375 355128 3.0 2.76
1376 355299 3.0 2.76
1377 355486 3.0 2.76
1378 355631 3.0 2.76
1379 355790 3.0 2.76
1380 355914 3.0 2.76
1381 356187 3.0 2.76
1382 356340 3.0 2.76
1383 356640 1.0 2.74
1384 356792 3.0 2.76
1385 357030 3.0 2.76
1386 357262 3.0 2.76
1387 357426 3.0 2.76
1388 357672 3.0 2.76
1389 357752 3.0 2.76
1390 357964 3.0 2.76
1391 358219 3.0 2.76
1392 358345 3.0 2.76
1393 358547 3.0 2.76
1394 358724 3.0 2.76
1395 358914 3.0 2.76
1396 359019 3.0 2.76
1397 359122 3.0 2.78
1398 359268 3.0 2.78
1399 359478 3.0 2.78
1400 359604 3.0 2.78
1401 359777 3.0 2.78
1402 359972 3.0 2.78
1403 360272 1.0 2.78
1404 360519 3.0 2.78
1405 360697 3.0 2.8
1406 360997 1.0 2.78
1407 361122 3.0 2.78
1408 361317 3.0 2.78
1409 361405 3.0 2.8
1410 361492 3.0 2.82
1411 361686 3.0 2.83
1412 361826 3.0 2.83
1413 361953 3.0 2.83
1414 362253 1.0 2.81
1415 362411 3.0 2.81
1416 362519 3.0 2.81
1417 362613 3.0 2.81
1418 362792 3.0 2.81
1419 362958 3.0 2.81
1420 363140 3.0 2.81
1421 363276 3.0 2.83
1422 363442 3.0 2.83
1423 363563 3.0 2.83
1424 363863 1.0 2.83
1425 364100 3.0 2.83
1426 364199 3.0 2.83
1427 364359 3.0 2.83
1428 364512 3.0 2.83
1429 364809 3.0 2.83
1430 364891 3.0 2.83
1431 365058 3.0 2.83
1432 365306 3.0 2.83
1433 365530 3.0 2.83
1434 365814 3.0 2.83
1435 366114 1.0 2.83
1436 366262 3.0 2.85
1437 366423 3.0 2.85
1438 366586 3.0 2.85
1439 366756 3.0 2.85
1440 366934 3.0 2.85
1441 367020 3.0 2.85
1442 367130 3.0 2.85
1443 367381 3.0 2.85
1444 367678 3.0 2.85
1445 367811 3.0 2.87
1446 368111 1.0 2.85
1447 368318 3.0 2.85
1448 368614 3.0 2.85
1449 368770 3.0 2.85
1450 368929 3.0 2.85
1451 369229 1.0 2.83
1452 369412 3.0 2.83
1453 369535 3.0 2.83
1454 369612 3.0 2.83
1455 369774 3.0 2.83
1456 369911 3.0 2.83
1457 370197 3.0 2.83
1458 370409 3.0 2.83
1459 370527 3.0 2.83
1460 370649 3.0 2.83
1461 370734 3.0 2.83
1462 370851 3.0 2.83
1463 371134 3.0 2.83
1464 371434 1.0 2.81
1465 371583 3.0 2.81
1466 371764 3.0 2.81
1467 371879 3.0 2.81
1468 372030 3.0 2.81
1469 372218 3.0 2.81
1470 372366 3.0 2.82
1471 372502 3.0 2.82
1472 372687 3.0 2.82
1473 372835 3.0 2.82
1474 372951 3.0 2.82
1475 373056 3.0 2.82
1476 373268 3.0 2.82
1477 373568 2.0 2.81
1478 373704 3.0 2.81
1479 373847 3.0 2.81
1480 373971 3.0 2.81
1481 374160 3.0 2.81
1482 374446 3.0 2.81
1483 374746 1.0 2.81
1484 374815 3.0 2.81
1485 374996 3.0 2.81
1486 375129 3.0 2.81
1487 375250 3.0 2.81
1488 375458 3.0 2.81
1489 375726 3.0 2.81
1490 375884 3.0 2.81
1491 376132 3.0 2.81
1492 376254 3.0 2.81
1493 376379 3.0 2.81
1494 376480 3.0 2.81
1495 376780 1.0 2.79
1496 376869 3.0 2.79
1497 377006 3.0 2.79
1498 377143 3.0 2.79
1499 377249 3.0 2.79
1500 377380 3.0 2.79
1501 377511 3.0 2.79
1502 377634 3.0 2.79
1503 377855 3.0 2.81
1504 378068 3.0 2.81
1505 378261 3.0 2.81
1506 378364 3.0 2.83
1507 378531 3.0 2.83
1508 378796 3.0 2.83
1509 378928 3.0 2.83
1510 379146 3.0 2.83
1511 379277 3.0 2.83
1512 379566 3.0 2.83
1513 379866 2.0 2.82
1514 380166 1.0 2.82
1515 380348 3.0 2.82
1516 380519 3.0 2.82
1517 380629 3.0 2.82
1518 380929 2.0 2.81
1519 381060 3.0 2.81
1520 381191 3.0 2.81
1521 381313 3.0 2.81
1522 381457 3.0 2.81
1523 381584 3.0 2.81
1524 381869 3.0 2.83
1525 381977 3.0 2.83
1526 382121 3.0 2.83
1527 382218 3.0 2.83
1528 382409 3.0 2.83
1529 382502 3.0 2.83
1530 382639 3.0 2.83
1531 382772 3.0 2.83
1532 382853 3.0 2.83
1533 383114 3.0 2.83
1534 383337 3.0 2.83
1535 383600 3.0 2.85
1536 383751 3.0 2.85
1537 383860 3.0 2.85
1538 383968 3.0 2.85
1539 384040 3.0 2.85
1540 384157 3.0 2.85
1541 384337 3.0 2.85
1542 384457 3.0 2.85
1543 384656 3.0 2.85
1544 384772 3.0 2.85
1545 384938 3.0 2.85
1546 385072 3.0 2.87
1547 385372 1.0 2.85
1548 385667 3.0 2.85
1549 385768 3.0 2.85
1550 385892 3.0 2.85
1551 386005 3.0 2.87
1552 386111 3.0 2.87
1553 386223 3.0 2.87
1554 386385 3.0 2.87
1555 386540 3.0 2.87
1556 386772 3.0 2.87
1557 386978 3.0 2.87
1558 387235 3.0 2.87
1559 387394 3.0 2.87
1560 387491 3.0 2.87
1561 387577 3.0 2.87
1562 387696 3.0 2.87
1563 387826 3.0 2.87
1564 387998 3.0 2.89
1565 388247 3.0 2.89
1566 388460 3.0 2.89
1567 388595 3.0 2.89
1568 388895 1.0 2.87
1569 389047 3.0 2.87
1570 389347 1.0 2.85
1571 389463 3.0 2.85
1572 389645 3.0 2.85
1573 389747 3.0 2.85
1574 389867 3.0 2.85
1575 390015 3.0 2.85
1576 390315 1.0 2.83
1577 390453 3.0 2.84
1578 390753 1.0 2.82
1579 390919 3.0 2.82
1580 391148 3.0 2.82
1581 391259 3.0 2.82
1582 391546 3.0 2.82
1583 391742 3.0 2.84
1584 391994 3.0 2.84
1585 392134 3.0 2.84
1586 392337 3.0 2.84
1587 392579 3.0 2.84
1588 392734 3.0 2.84
1589 392873 3.0 2.84
1590 392988 3.0 2.84
1591 393151 3.0 2.84
1592 393277 3.0 2.84
1593 393466 3.0 2.84
1594 393582 3.0 2.84
1595 393683 3.0 2.86
1596 393906 3.0 2.86
1597 394161 3.0 2.86
1598 394250 3.0 2.86
1599 394334 3.0 2.86
1600 394520 3.0 2.86
1601 394582 3.0 2.86
1602 394708 3.0 2.86
1603 394831 3.0 2.86
1604 395131 1.0 2.84
1605 395338 3.0 2.84
1606 395547 3.0 2.84
1607 395842 3.0 2.84
1608 395960 3.0 2.84
1609 396040 3.0 2.84
1610 396340 2.0 2.83
1611 396505 3.0 2.83
1612 396805 1.0 2.81
1613 397105 1.0 2.8
1614 397327 3.0 2.82
1615 397576 3.0 2.82
1616 397716 3.0 2.82
1617 397897 3.0 2.82
1618 397989 3.0 2.83
1619 398104 3.0 2.83
1620 398218 3.0 2.83
1621 398456 3.0 2.83
1622 398611 3.0 2.83
1623 398758 3.0 2.83
1624 398835 3.0 2.83
1625 398951 3.0 2.83
1626 399079 3.0 2.83
1627 399185 3.0 2.83
1628 399337 3.0 2.83
1629 399413 3.0 2.83
1630 399713 1.0 2.81
1631 399880 3.0 2.81
1632 400100 3.0 2.81
