1 300 1.0 0.01
2 600 1.0 0.02
3 900 1.0 0.03
4 1200 1.0 0.04
5 1500 1.0 0.05
6 1800 1.0 0.06
7 2100 1.0 0.07
8 2400 1.0 0.08
9 2700 1.0 0.09
10 3000 1.0 0.1
11 3300 1.0 0.11
12 3600 1.0 0.12
13 3900 1.0 0.13
14 4200 1.0 0.14
15 4500 1.0 0.15
16 4800 1.0 0.16
17 5100 1.0 0.17
18 5400 1.0 0.18
19 5700 1.0 0.19
20 6000 1.0 0.2
21 6300 1.0 0.21
22 6600 1.0 0.22
23 6900 1.0 0.23
24 7200 1.0 0.24
25 7500 1.0 0.25
26 7800 1.0 0.26
27 8100 1.0 0.27
28 8400 1.0 0.28
29 8700 1.0 0.29
30 9000 1.0 0.3
31 9300 1.0 0.31
32 9600 1.0 0.32
33 9900 1.0 0.33
34 10200 1.0 0.34
35 10500 1.0 0.35
36 10800 1.0 0.36
37 11100 1.0 0.37
38 11400 1.0 0.38
39 11700 1.0 0.39
40 12000 1.0 0.4
41 12300 1.0 0.41
42 12600 1.0 0.42
43 12900 1.0 0.43
44 13200 1.0 0.44
45 13500 1.0 0.45
46 13800 1.0 0.46
47 14100 1.0 0.47
48 14400 1.0 0.48
49 14700 1.0 0.49
50 15000 1.0 0.5
51 15300 1.0 0.51
52 15600 1.0 0.52
53 15900 1.0 0.53
54 16200 1.0 0.54
55 16500 1.0 0.55
56 16800 1.0 0.56
57 17100 1.0 0.57
58 17400 1.0 0.58
59 17700 1.0 0.59
60 18000 1.0 0.6
61 18300 1.0 0.61
62 18600 1.0 0.62
63 18900 1.0 0.63
64 19200 1.0 0.64
65 19500 1.0 0.65
66 19800 1.0 0.66
67 20100 1.0 0.67
68 20400 1.0 0.68
69 20700 1.0 0.69
70 21000 1.0 0.7
71 21300 1.0 0.71
72 21600 1.0 0.72
73 21900 1.0 0.73
74 22200 1.0 0.74
75 22500 1.0 0.75
76 22800 1.0 0.76
77 23100 1.0 0.77
78 23384 3.0 0.8
79 23684 1.0 0.81
80 23984 1.0 0.82
81 24284 1.0 0.83
82 24584 1.0 0.84
83 24884 1.0 0.85
84 25184 1.0 0.86
85 25484 1.0 0.87
86 25784 2.0 0.89
87 26084 1.0 0.9
88 26384 1.0 0.91
89 26684 1.0 0.92
90 26984 1.0 0.93
91 27284 1.0 0.94
92 27584 1.0 0.95
93 27884 1.0 0.96
94 28184 1.0 0.97
95 28484 1.0 0.98
96 28770 3.0 1.01
97 29070 1.0 1.02
98 29370 1.0 1.03
99 29670 1.0 1.04
100 29970 1.0 1.05
101 30270 1.0 1.05
102 30570 1.0 1.05
103 30870 1.0 1.05
104 31170 1.0 1.05
105 31470 1.0 1.05
106 31770 1.0 1.05
107 32070 1.0 1.05
108 32370 1.0 1.05
109 32670 1.0 1.05
110 32970 2.0 1.06
111 33270 1.0 1.06
112 33570 1.0 1.06
113 33870 1.0 1.06
114 34170 1.0 1.06
115 34470 1.0 1.06
116 34770 1.0 1.06
117 35070 1.0 1.06
118 35318 3.0 1.08
119 35618 1.0 1.08
120 35918 1.0 1.08
121 36218 1.0 1.08
122 36518 1.0 1.08
123 36747 3.0 1.1
124 36962 3.0 1.12
125 37262 1.0 1.12
126 37562 1.0 1.12
127 37862 1.0 1.12
128 38162 1.0 1.12
129 38462 1.0 1.12
130 38762 1.0 1.12
131 39062 1.0 1.12
132 39362 1.0 1.12
133 39662 1.0 1.12
134 39962 1.0 1.12
135 40262 1.0 1.12
136 40562 1.0 1.12
137 40862 1.0 1.12
138 41162 1.0 1.12
139 41462 1.0 1.12
140 41762 1.0 1.12
141 42062 1.0 1.12
142 42362 1.0 1.12
143 42662 1.0 1.12
144 42962 1.0 1.12
145 43262 1.0 1.12
146 43562 1.0 1.12
147 43862 1.0 1.12
148 44162 1.0 1.12
149 44462 1.0 1.12
150 44762 1.0 1.12
151 45062 1.0 1.12
152 45362 1.0 1.12
153 45662 1.0 1.12
154 45962 1.0 1.12
155 46262 1.0 1.12
156 46562 1.0 1.12
157 46862 2.0 1.13
158 47162 1.0 1.13
159 47462 1.0 1.13
160 47762 1.0 1.13
161 48062 1.0 1.13
162 48362 1.0 1.13
163 48662 1.0 1.13
164 48962 1.0 1.13
165 49262 1.0 1.13
166 49562 1.0 1.13
167 49862 1.0 1.13
168 50162 1.0 1.13
169 50462 1.0 1.13
170 50762 1.0 1.13
171 51062 1.0 1.13
172 51362 1.0 1.13
173 51662 1.0 1.13
174 51962 2.0 1.14
175 52262 1.0 1.14
176 52562 1.0 1.14
177 52816 3.0 1.16
178 53116 1.0 1.14
179 53341 3.0 1.16
180 53641 1.0 1.16
181 53941 1.0 1.16
182 54241 1.0 1.16
183 54541 1.0 1.16
184 54814 3.0 1.18
185 55114 1.0 1.18
186 55414 1.0 1.17
187 55714 1.0 1.17
188 56014 2.0 1.18
189 56314 1.0 1.18
190 56614 1.0 1.18
191 56914 1.0 1.18
192 57214 1.0 1.18
193 57378 3.0 1.2
194 57678 2.0 1.21
195 57978 1.0 1.21
196 58278 1.0 1.19
197 58578 1.0 1.19
198 58878 1.0 1.19
199 59178 1.0 1.19
200 59478 1.0 1.19
201 59778 1.0 1.19
202 60078 1.0 1.19
203 60378 1.0 1.19
204 60678 1.0 1.19
205 60978 1.0 1.19
206 61278 1.0 1.19
207 61578 1.0 1.19
208 61843 3.0 1.21
209 62143 1.0 1.21
210 62443 1.0 1.2
211 62743 2.0 1.21
212 63043 1.0 1.21
213 63343 1.0 1.21
214 63643 1.0 1.21
215 63866 3.0 1.23
216 64166 1.0 1.23
217 64417 3.0 1.25
218 64717 1.0 1.23
219 65017 1.0 1.23
220 65317 1.0 1.23
221 65617 1.0 1.23
222 65917 1.0 1.23
223 66211 3.0 1.23
224 66511 1.0 1.21
225 66811 1.0 1.21
226 67111 1.0 1.21
227 67411 1.0 1.21
228 67711 1.0 1.21
229 68011 1.0 1.21
230 68311 1.0 1.21
231 68611 1.0 1.21
232 68911 1.0 1.21
233 69211 1.0 1.21
234 69511 1.0 1.21
235 69811 1.0 1.21
236 70111 1.0 1.21
237 70411 1.0 1.21
238 70711 1.0 1.21
239 71011 1.0 1.21
240 71311 1.0 1.21
241 71611 1.0 1.21
242 71895 3.0 1.23
243 72195 1.0 1.23
244 72477 3.0 1.25
245 72777 1.0 1.25
246 73075 3.0 1.27
247 73375 1.0 1.27
248 73675 1.0 1.27
249 73975 1.0 1.27
250 74275 1.0 1.27
251 74575 1.0 1.27
252 74875 1.0 1.27
253 75175 1.0 1.27
254 75475 1.0 1.27
255 75775 1.0 1.27
256 75947 3.0 1.29
257 76247 1.0 1.28
258 76547 1.0 1.28
259 76847 1.0 1.28
260 77147 1.0 1.28
261 77447 1.0 1.28
262 77646 3.0 1.3
263 77946 1.0 1.3
264 78246 1.0 1.3
265 78546 1.0 1.3
266 78846 1.0 1.3
267 79146 1.0 1.3
268 79446 1.0 1.3
269 79746 1.0 1.3
270 80046 1.0 1.3
271 80346 1.0 1.3
272 80646 2.0 1.31
273 80946 1.0 1.31
274 81246 1.0 1.3
275 81546 1.0 1.3
276 81846 1.0 1.3
277 82146 1.0 1.28
278 82446 1.0 1.28
279 82746 1.0 1.26
280 83046 1.0 1.26
281 83346 1.0 1.26
282 83646 1.0 1.26
283 83946 1.0 1.26
284 84246 1.0 1.24
285 84546 1.0 1.24
286 84846 1.0 1.24
287 85146 1.0 1.24
288 85446 1.0 1.23
289 85736 3.0 1.25
290 86036 2.0 1.26
291 86336 1.0 1.26
292 86636 1.0 1.26
293 86936 1.0 1.24
294 87099 3.0 1.25
295 87399 1.0 1.25
296 87699 1.0 1.25
297 87944 3.0 1.27
298 88109 3.0 1.29
299 88409 1.0 1.29
300 88709 1.0 1.29
301 89009 1.0 1.29
302 89309 1.0 1.29
303 89609 1.0 1.29
304 89909 1.0 1.29
305 90209 1.0 1.29
306 90509 1.0 1.29
307 90809 1.0 1.29
308 91109 1.0 1.27
309 91409 1.0 1.27
310 91709 1.0 1.27
311 92009 1.0 1.26
312 92309 1.0 1.26
313 92609 1.0 1.26
314 92909 1.0 1.26
315 93209 1.0 1.24
316 93509 1.0 1.24
317 93809 1.0 1.22
318 94109 1.0 1.22
319 94409 1.0 1.22
320 94693 3.0 1.24
321 94993 1.0 1.24
322 95293 1.0 1.24
323 95593 1.0 1.22
324 95893 1.0 1.22
325 96178 3.0 1.24
326 96478 1.0 1.24
327 96778 1.0 1.24
328 97078 1.0 1.24
329 97378 1.0 1.24
330 97678 1.0 1.24
331 97974 3.0 1.26
332 98274 1.0 1.26
333 98574 1.0 1.26
334 98874 1.0 1.26
335 99070 3.0 1.28
336 99370 1.0 1.28
337 99670 1.0 1.28
338 99970 2.0 1.29
339 100270 1.0 1.29
340 100570 1.0 1.29
341 100870 1.0 1.29
342 101166 3.0 1.29
343 101466 1.0 1.29
344 101766 1.0 1.27
345 102066 1.0 1.27
346 102366 1.0 1.25
347 102635 3.0 1.27
348 102935 2.0 1.28
349 103235 1.0 1.28
350 103535 2.0 1.29
351 103835 1.0 1.29
352 104135 1.0 1.29
353 104435 1.0 1.29
354 104735 1.0 1.29
355 105035 1.0 1.29
356 105335 1.0 1.27
357 105562 3.0 1.29
358 105796 3.0 1.31
359 106096 1.0 1.31
360 106396 1.0 1.31
361 106691 3.0 1.33
362 106991 1.0 1.31
363 107291 1.0 1.31
364 107591 1.0 1.31
365 107891 1.0 1.31
366 108191 1.0 1.31
367 108370 3.0 1.33
368 108670 1.0 1.33
369 108970 1.0 1.33
370 109270 1.0 1.33
371 109570 1.0 1.33
372 109870 1.0 1.32
373 110170 1.0 1.32
374 110470 1.0 1.32
375 110770 1.0 1.32
376 111070 1.0 1.32
377 111370 1.0 1.32
378 111670 1.0 1.32
379 111970 1.0 1.32
380 112259 3.0 1.34
381 112559 1.0 1.34
382 112757 3.0 1.36
383 113057 1.0 1.36
384 113357 2.0 1.37
385 113657 2.0 1.38
386 113957 1.0 1.38
387 114257 1.0 1.38
388 114557 1.0 1.38
389 114857 1.0 1.36
390 115157 2.0 1.36
391 115457 1.0 1.36
392 115757 1.0 1.36
393 116057 1.0 1.36
394 116357 1.0 1.34
395 116657 1.0 1.34
396 116957 1.0 1.34
397 117119 3.0 1.34
398 117419 1.0 1.32
399 117719 3.0 1.34
400 118019 1.0 1.34
401 118319 1.0 1.34
402 118619 1.0 1.34
403 118919 1.0 1.34
404 119219 1.0 1.34
405 119519 1.0 1.34
406 119819 1.0 1.34
407 120119 1.0 1.34
408 120419 1.0 1.34
409 120719 1.0 1.34
410 121019 1.0 1.34
411 121319 1.0 1.34
412 121619 1.0 1.34
413 121919 1.0 1.34
414 122219 1.0 1.34
415 122519 1.0 1.34
416 122819 2.0 1.35
417 123119 1.0 1.35
418 123419 1.0 1.35
419 123596 3.0 1.37
420 123870 3.0 1.37
421 124126 3.0 1.39
422 124426 1.0 1.39
423 124726 1.0 1.39
424 125026 2.0 1.4
425 125326 1.0 1.38
426 125626 1.0 1.38
427 125926 1.0 1.38
428 126226 1.0 1.38
429 126526 1.0 1.38
430 126658 3.0 1.4
431 126932 3.0 1.4
432 127232 1.0 1.4
433 127532 1.0 1.4
434 127832 1.0 1.4
435 128132 1.0 1.38
436 128269 3.0 1.4
437 128569 1.0 1.4
438 128809 3.0 1.41
439 129109 1.0 1.41
440 129356 3.0 1.43
441 129656 1.0 1.43
442 129956 1.0 1.41
443 130256 1.0 1.41
444 130556 1.0 1.41
445 130842 3.0 1.43
446 131124 3.0 1.45
447 131424 1.0 1.43
448 131724 1.0 1.42
449 132024 1.0 1.42
450 132318 3.0 1.43
451 132618 1.0 1.43
452 132918 1.0 1.43
453 133159 3.0 1.45
454 133451 3.0 1.47
455 133751 1.0 1.47
456 133874 3.0 1.49
457 134174 2.0 1.48
458 134474 1.0 1.46
459 134774 1.0 1.46
460 135074 1.0 1.46
461 135272 3.0 1.46
462 135471 3.0 1.48
463 135561 3.0 1.5
464 135861 1.0 1.5
465 136134 3.0 1.52
466 136434 1.0 1.52
467 136734 2.0 1.51
468 137026 3.0 1.53
469 137326 1.0 1.53
470 137626 1.0 1.53
471 137926 1.0 1.53
472 138226 1.0 1.53
473 138526 1.0 1.53
474 138826 1.0 1.53
475 139126 1.0 1.53
476 139426 1.0 1.53
477 139726 1.0 1.53
478 140026 2.0 1.54
479 140326 1.0 1.54
480 140574 3.0 1.54
481 140874 1.0 1.54
482 141174 1.0 1.52
483 141474 1.0 1.52
484 141774 3.0 1.53
485 142074 1.0 1.52
486 142374 1.0 1.52
487 142674 1.0 1.52
488 142974 1.0 1.52
489 143191 3.0 1.54
490 143491 1.0 1.53
491 143791 1.0 1.53
492 144091 1.0 1.53
493 144391 1.0 1.53
494 144645 3.0 1.55
495 144945 1.0 1.55
496 145245 1.0 1.55
497 145545 1.0 1.53
498 145845 1.0 1.53
499 146145 1.0 1.51
500 146445 1.0 1.51
501 146602 3.0 1.53
502 146902 2.0 1.54
503 147202 2.0 1.55
504 147353 3.0 1.57
505 147653 1.0 1.57
506 147917 3.0 1.59
507 148217 1.0 1.59
508 148517 1.0 1.59
509 148795 3.0 1.61
510 149095 1.0 1.61
511 149395 1.0 1.61
512 149695 1.0 1.61
513 149995 1.0 1.61
514 150295 1.0 1.61
515 150595 1.0 1.61
516 150869 3.0 1.62
517 151169 1.0 1.62
518 151469 1.0 1.62
519 151769 1.0 1.6
520 152069 1.0 1.58
521 152369 1.0 1.56
522 152669 1.0 1.56
523 152969 1.0 1.56
524 153269 1.0 1.55
525 153437 3.0 1.57
526 153737 1.0 1.57
527 154037 1.0 1.57
528 154312 3.0 1.59
529 154612 1.0 1.59
530 154912 1.0 1.57
531 155212 1.0 1.55
532 155512 1.0 1.55
533 155812 1.0 1.55
534 156112 1.0 1.55
535 156412 1.0 1.55
536 156712 1.0 1.53
537 157012 1.0 1.53
538 157131 3.0 1.53
539 157431 1.0 1.53
540 157731 1.0 1.51
541 158031 1.0 1.51
542 158331 1.0 1.51
543 158631 1.0 1.51
544 158931 1.0 1.51
545 159231 1.0 1.49
546 159531 1.0 1.47
547 159831 1.0 1.47
548 160131 1.0 1.47
549 160431 1.0 1.47
550 160731 1.0 1.45
551 161031 1.0 1.45
552 161331 1.0 1.45
553 161569 3.0 1.45
554 161869 1.0 1.43
555 162134 3.0 1.45
556 162313 3.0 1.45
557 162613 1.0 1.44
558 162913 1.0 1.44
559 163213 1.0 1.44
560 163513 2.0 1.45
561 163777 3.0 1.45
562 164077 1.0 1.43
563 164269 3.0 1.43
564 164540 3.0 1.45
565 164840 1.0 1.43
566 165140 1.0 1.43
567 165440 2.0 1.43
568 165740 1.0 1.41
569 166040 1.0 1.41
570 166209 3.0 1.43
571 166394 3.0 1.45
572 166523 3.0 1.47
573 166822 3.0 1.49
574 167122 1.0 1.49
575 167422 1.0 1.49
576 167722 1.0 1.49
577 168022 1.0 1.49
578 168322 1.0 1.48
579 168568 3.0 1.5
580 168868 1.0 1.48
581 169168 1.0 1.48
582 169468 1.0 1.48
583 169768 1.0 1.48
584 169909 3.0 1.48
585 170209 2.0 1.49
586 170379 3.0 1.51
587 170679 1.0 1.51
588 170979 1.0 1.51
589 171279 1.0 1.49
590 171535 3.0 1.51
591 171649 3.0 1.53
592 171939 3.0 1.55
593 172239 1.0 1.55
594 172539 1.0 1.53
595 172839 2.0 1.54
596 173139 1.0 1.54
597 173439 1.0 1.54
598 173739 2.0 1.55
599 173988 3.0 1.57
600 174288 1.0 1.57
601 174588 1.0 1.55
602 174888 1.0 1.54
603 175188 1.0 1.53
604 175488 1.0 1.51
605 175777 3.0 1.53
606 176077 1.0 1.51
607 176377 1.0 1.51
608 176677 1.0 1.51
609 176977 1.0 1.49
610 177195 3.0 1.51
611 177495 1.0 1.51
612 177795 1.0 1.51
613 178095 1.0 1.51
614 178395 1.0 1.51
615 178685 3.0 1.53
616 178985 1.0 1.51
617 179285 1.0 1.51
618 179410 3.0 1.53
619 179710 1.0 1.53
620 180010 2.0 1.54
621 180310 1.0 1.54
622 180519 3.0 1.56
623 180694 3.0 1.58
624 180994 1.0 1.58
625 181294 2.0 1.57
626 181563 3.0 1.59
627 181863 1.0 1.59
628 182163 2.0 1.58
629 182463 1.0 1.58
630 182763 1.0 1.58
631 182971 3.0 1.6
632 183271 1.0 1.6
633 183571 1.0 1.6
634 183871 1.0 1.6
635 184167 3.0 1.62
636 184467 1.0 1.62
637 184767 1.0 1.62
638 185043 3.0 1.62
639 185343 2.0 1.63
640 185643 1.0 1.63
641 185927 3.0 1.65
642 186227 1.0 1.65
643 186527 1.0 1.65
644 186827 1.0 1.65
645 187056 3.0 1.67
646 187341 3.0 1.69
647 187641 2.0 1.7
648 187941 1.0 1.7
649 188241 2.0 1.71
650 188541 1.0 1.71
651 188841 1.0 1.71
652 189141 1.0 1.71
653 189441 1.0 1.69
654 189741 1.0 1.69
655 190041 1.0 1.67
656 190341 2.0 1.66
657 190601 3.0 1.68
658 190901 1.0 1.68
659 191130 3.0 1.7
660 191424 3.0 1.71
661 191671 3.0 1.71
662 191971 1.0 1.71
663 192271 1.0 1.69
664 192571 1.0 1.67
665 192871 1.0 1.67
666 193171 1.0 1.67
667 193471 1.0 1.66
668 193771 1.0 1.66
669 194065 3.0 1.68
670 194187 3.0 1.68
671 194487 1.0 1.66
672 194787 1.0 1.64
673 195087 1.0 1.62
674 195387 1.0 1.62
675 195687 1.0 1.62
676 195987 1.0 1.62
677 196183 3.0 1.64
678 196383 3.0 1.66
679 196683 1.0 1.64
680 196983 1.0 1.64
681 197196 3.0 1.66
682 197496 1.0 1.66
683 197692 3.0 1.68
684 197992 2.0 1.67
685 198073 3.0 1.68
686 198373 1.0 1.66
687 198673 1.0 1.66
688 198973 1.0 1.66
689 199273 1.0 1.66
690 199475 3.0 1.66
691 199775 1.0 1.64
692 200075 1.0 1.62
693 200375 1.0 1.62
694 200675 1.0 1.62
695 200975 1.0 1.61
696 201275 1.0 1.61
697 201575 2.0 1.62
698 201875 1.0 1.61
699 202175 1.0 1.59
700 202475 1.0 1.59
701 202775 1.0 1.59
702 203039 3.0 1.61
703 203339 1.0 1.61
704 203639 2.0 1.62
705 203939 1.0 1.6
706 204239 2.0 1.61
707 204539 1.0 1.61
708 204755 3.0 1.63
709 205055 1.0 1.63
710 205355 1.0 1.61
711 205595 3.0 1.63
712 205895 1.0 1.63
713 206195 1.0 1.63
714 206495 1.0 1.63
715 206735 3.0 1.63
716 207035 2.0 1.64
717 207335 1.0 1.64
718 207569 3.0 1.64
719 207869 1.0 1.64
720 208169 1.0 1.63
721 208469 1.0 1.63
722 208765 3.0 1.63
723 209065 1.0 1.61
724 209365 1.0 1.61
725 209665 1.0 1.6
726 209965 1.0 1.58
727 210265 1.0 1.58
728 210565 1.0 1.57
729 210865 1.0 1.57
730 211165 1.0 1.57
731 211389 3.0 1.57
732 211669 3.0 1.59
733 211969 2.0 1.6
734 212235 3.0 1.62
735 212535 1.0 1.6
736 212835 1.0 1.6
737 213135 1.0 1.6
738 213435 1.0 1.58
739 213660 3.0 1.59
740 213960 1.0 1.59
741 214260 1.0 1.57
742 214560 1.0 1.57
743 214734 3.0 1.59
744 215034 1.0 1.59
745 215334 1.0 1.57
746 215634 1.0 1.55
747 215934 1.0 1.54
748 216108 3.0 1.56
749 216380 3.0 1.57
750 216580 3.0 1.59
751 216880 1.0 1.59
752 217180 1.0 1.59
753 217480 1.0 1.59
754 217748 3.0 1.61
755 218047 3.0 1.63
756 218347 1.0 1.62
757 218647 1.0 1.6
758 218947 1.0 1.6
759 219247 1.0 1.58
760 219474 3.0 1.58
761 219764 3.0 1.58
762 220064 1.0 1.58
763 220364 1.0 1.58
764 220664 2.0 1.59
765 220895 3.0 1.61
766 221195 1.0 1.61
767 221495 1.0 1.61
768 221795 1.0 1.61
769 222095 1.0 1.59
770 222395 1.0 1.57
771 222695 1.0 1.57
772 222995 1.0 1.57
773 223295 1.0 1.57
774 223595 1.0 1.57
775 223892 3.0 1.59
776 224192 1.0 1.59
777 224405 3.0 1.59
778 224562 3.0 1.59
779 224710 3.0 1.61
780 225010 2.0 1.62
781 225310 1.0 1.6
782 225610 1.0 1.6
783 225910 2.0 1.59
784 226210 1.0 1.58
785 226510 1.0 1.56
786 226651 3.0 1.58
787 226951 1.0 1.58
788 227145 3.0 1.6
789 227421 3.0 1.62
790 227591 3.0 1.62
791 227891 1.0 1.62
792 228191 1.0 1.62
793 228491 1.0 1.62
794 228691 3.0 1.64
795 228991 1.0 1.64
796 229291 1.0 1.64
797 229443 3.0 1.65
798 229743 1.0 1.65
799 229976 3.0 1.67
800 230276 2.0 1.68
801 230576 1.0 1.68
802 230870 3.0 1.68
803 231170 1.0 1.68
804 231470 1.0 1.67
805 231653 3.0 1.69
806 231953 1.0 1.68
807 232253 1.0 1.68
808 232428 3.0 1.68
809 232728 1.0 1.68
810 233028 1.0 1.68
811 233284 3.0 1.68
812 233584 1.0 1.68
813 233884 2.0 1.69
814 234184 1.0 1.69
815 234484 1.0 1.67
816 234784 1.0 1.66
817 235084 2.0 1.67
818 235383 3.0 1.67
819 235683 1.0 1.67
820 235983 1.0 1.67
821 236283 2.0 1.68
822 236537 3.0 1.68
823 236800 3.0 1.7
824 237094 3.0 1.72
825 237325 3.0 1.74
826 237625 1.0 1.74
827 237925 1.0 1.74
828 238225 1.0 1.74
829 238525 1.0 1.74
830 238765 3.0 1.76
831 239000 3.0 1.76
832 239300 2.0 1.75
833 239600 1.0 1.74
834 239740 3.0 1.74
835 239903 3.0 1.76
836 240096 3.0 1.78
837 240396 1.0 1.78
838 240637 3.0 1.8
839 240937 1.0 1.78
840 241237 1.0 1.78
841 241537 1.0 1.78
842 241837 1.0 1.78
843 242137 2.0 1.77
844 242234 3.0 1.79
845 242488 3.0 1.81
846 242686 3.0 1.83
847 242986 1.0 1.83
848 243286 2.0 1.82
849 243504 3.0 1.82
850 243747 3.0 1.82
851 244047 1.0 1.82
852 244347 1.0 1.82
853 244540 3.0 1.84
854 244840 1.0 1.82
855 245140 1.0 1.8
856 245440 2.0 1.81
857 245740 1.0 1.81
858 245979 3.0 1.83
859 246279 1.0 1.83
860 246579 1.0 1.81
861 246841 3.0 1.81
862 247085 3.0 1.83
863 247385 1.0 1.83
864 247685 1.0 1.82
865 247985 1.0 1.8
866 248285 1.0 1.8
867 248585 1.0 1.8
868 248859 3.0 1.82
869 249075 3.0 1.84
870 249375 1.0 1.84
871 249500 3.0 1.86
872 249765 3.0 1.88
873 250065 1.0 1.88
874 250365 2.0 1.89
875 250520 3.0 1.89
876 250667 3.0 1.91
877 250967 1.0 1.89
878 251068 3.0 1.89
879 251368 1.0 1.87
880 251668 1.0 1.86
881 251968 1.0 1.86
882 252153 3.0 1.88
883 252453 2.0 1.88
884 252753 1.0 1.88
885 252978 3.0 1.9
886 253278 1.0 1.88
887 253574 3.0 1.9
888 253700 3.0 1.9
889 254000 1.0 1.88
890 254300 1.0 1.86
891 254600 1.0 1.86
892 254900 1.0 1.86
893 255200 1.0 1.86
894 255391 3.0 1.86
895 255671 3.0 1.88
896 255971 1.0 1.88
897 256262 3.0 1.88
898 256562 2.0 1.89
899 256746 3.0 1.89
900 257046 1.0 1.88
901 257277 3.0 1.9
902 257577 1.0 1.88
903 257877 1.0 1.88
904 258177 2.0 1.89
905 258345 3.0 1.89
906 258645 1.0 1.89
907 258945 1.0 1.89
908 259176 3.0 1.89
909 259289 3.0 1.91
910 259589 1.0 1.91
911 259889 1.0 1.89
912 260189 1.0 1.89
913 260489 1.0 1.88
914 260712 3.0 1.9
915 261012 2.0 1.91
916 261309 3.0 1.93
917 261609 1.0 1.92
918 261909 1.0 1.9
919 262209 1.0 1.9
920 262509 1.0 1.9
921 262809 1.0 1.89
922 263109 1.0 1.87
923 263333 3.0 1.87
924 263633 1.0 1.85
925 263803 3.0 1.85
926 264103 1.0 1.85
927 264403 2.0 1.86
928 264703 1.0 1.86
929 265003 2.0 1.87
930 265303 1.0 1.85
931 265402 3.0 1.85
932 265702 1.0 1.84
933 265969 3.0 1.86
934 266269 1.0 1.84
935 266403 3.0 1.84
936 266511 3.0 1.84
937 266811 1.0 1.84
938 267005 3.0 1.84
939 267235 3.0 1.86
940 267535 1.0 1.86
941 267809 3.0 1.88
942 268100 3.0 1.9
943 268400 1.0 1.89
944 268672 3.0 1.89
945 268844 3.0 1.89
946 269025 3.0 1.89
947 269325 1.0 1.89
948 269621 3.0 1.9
949 269921 1.0 1.88
950 270076 3.0 1.88
951 270287 3.0 1.9
952 270587 1.0 1.9
953 270887 1.0 1.88
954 271088 3.0 1.9
955 271388 1.0 1.9
956 271688 1.0 1.89
957 271986 3.0 1.91
958 272286 1.0 1.89
959 272536 3.0 1.91
960 272743 3.0 1.93
961 273043 1.0 1.91
962 273343 1.0 1.89
963 273471 3.0 1.91
964 273771 1.0 1.91
965 273926 3.0 1.93
966 274117 3.0 1.95
967 274318 3.0 1.97
968 274617 3.0 1.97
969 274856 3.0 1.97
970 275156 1.0 1.97
971 275456 1.0 1.95
972 275756 1.0 1.93
973 276056 1.0 1.93
974 276299 3.0 1.94
975 276599 1.0 1.92
976 276807 3.0 1.92
977 277107 2.0 1.93
978 277287 3.0 1.93
979 277587 1.0 1.93
980 277887 1.0 1.93
981 278187 1.0 1.93
982 278451 3.0 1.93
983 278555 3.0 1.94
984 278855 1.0 1.94
985 279155 2.0 1.93
986 279455 2.0 1.94
987 279755 1.0 1.92
988 280055 1.0 1.9
989 280355 1.0 1.9
990 280655 1.0 1.9
991 280955 2.0 1.91
992 281255 1.0 1.91
993 281555 1.0 1.91
994 281855 2.0 1.9
995 282155 1.0 1.88
996 282446 3.0 1.9
997 282746 2.0 1.89
998 282899 3.0 1.9
999 283199 1.0 1.88
1000 283499 1.0 1.88
1001 283799 1.0 1.86
1002 283918 3.0 1.88
1003 284185 3.0 1.9
1004 284485 1.0 1.89
1005 284785 1.0 1.87
1006 285085 1.0 1.87
1007 285290 3.0 1.89
1008 285590 1.0 1.87
1009 285890 1.0 1.85
1010 286190 1.0 1.85
1011 286490 1.0 1.85
1012 286790 1.0 1.85
1013 287090 1.0 1.85
1014 287309 3.0 1.85
1015 287609 1.0 1.84
1016 287909 1.0 1.82
1017 288209 1.0 1.82
1018 288509 1.0 1.82
1019 288708 3.0 1.84
1020 289008 1.0 1.84
1021 289308 1.0 1.84
1022 289608 1.0 1.84
1023 289908 1.0 1.82
1024 290078 3.0 1.84
1025 290271 3.0 1.84
1026 290571 1.0 1.84
1027 290871 2.0 1.84
1028 291171 1.0 1.84
1029 291471 1.0 1.83
1030 291771 1.0 1.83
1031 292006 3.0 1.83
1032 292297 3.0 1.85
1033 292597 1.0 1.83
1034 292880 3.0 1.85
1035 293180 2.0 1.84
1036 293480 1.0 1.82
1037 293653 3.0 1.84
1038 293842 3.0 1.84
1039 294142 2.0 1.83
1040 294442 1.0 1.83
1041 294742 1.0 1.81
1042 295042 1.0 1.79
1043 295242 3.0 1.81
1044 295542 2.0 1.8
1045 295737 3.0 1.8
1046 296037 1.0 1.78
1047 296215 3.0 1.8
1048 296515 1.0 1.78
1049 296722 3.0 1.8
1050 296869 3.0 1.8
1051 297169 1.0 1.78
1052 297469 1.0 1.78
1053 297769 2.0 1.79
1054 298069 2.0 1.78
1055 298369 1.0 1.78
1056 298669 1.0 1.78
1057 298920 3.0 1.78
1058 299220 1.0 1.78
1059 299520 1.0 1.76
1060 299737 3.0 1.76
1061 300037 1.0 1.76
1062 300337 2.0 1.77
1063 300637 1.0 1.75
1064 300753 3.0 1.77
1065 300969 3.0 1.77
1066 301269 1.0 1.75
1067 301569 1.0 1.73
1068 301869 1.0 1.71
1069 302169 2.0 1.7
1070 302335 3.0 1.72
1071 302583 3.0 1.74
1072 302781 3.0 1.76
1073 303081 1.0 1.76
1074 303375 3.0 1.76
1075 303675 2.0 1.77
1076 303975 2.0 1.76
1077 304275 1.0 1.75
1078 304423 3.0 1.75
1079 304723 2.0 1.76
1080 305023 1.0 1.76
1081 305230 3.0 1.78
1082 305500 3.0 1.78
1083 305800 1.0 1.76
1084 306025 3.0 1.78
1085 306325 1.0 1.77
1086 306569 3.0 1.78
1087 306869 1.0 1.78
1088 307169 1.0 1.78
1089 307455 3.0 1.8
1090 307755 3.0 1.82
1091 308055 1.0 1.81
1092 308355 1.0 1.81
1093 308621 3.0 1.83
1094 308921 1.0 1.82
1095 309180 3.0 1.84
1096 309423 3.0 1.84
1097 309656 3.0 1.85
1098 309956 2.0 1.84
1099 310147 3.0 1.86
1100 310447 1.0 1.86
1101 310592 3.0 1.88
1102 310870 3.0 1.88
1103 311067 3.0 1.88
1104 311271 3.0 1.9
1105 311571 2.0 1.91
1106 311813 3.0 1.93
1107 311991 3.0 1.93
1108 312291 1.0 1.93
1109 312591 1.0 1.93
1110 312891 2.0 1.94
1111 313191 1.0 1.94
1112 313491 1.0 1.94
1113 313791 1.0 1.94
1114 314091 2.0 1.93
1115 314391 1.0 1.93
1116 314691 1.0 1.93
1117 314991 1.0 1.93
1118 315255 3.0 1.95
1119 315555 2.0 1.94
1120 315855 1.0 1.94
1121 316155 1.0 1.94
1122 316455 1.0 1.94
1123 316755 1.0 1.94
1124 317055 1.0 1.92
1125 317355 1.0 1.9
1126 317655 1.0 1.9
1127 317955 1.0 1.89
1128 318255 1.0 1.89
1129 318449 3.0 1.91
1130 318749 3.0 1.93
1131 318963 3.0 1.93
1132 319263 1.0 1.91
1133 319466 3.0 1.93
1134 319766 2.0 1.92
1135 320066 1.0 1.91
1136 320366 1.0 1.91
1137 320660 3.0 1.91
1138 320960 1.0 1.89
1139 321192 3.0 1.9
1140 321492 1.0 1.9
1141 321792 2.0 1.91
1142 322092 1.0 1.91
1143 322282 3.0 1.91
1144 322582 1.0 1.9
1145 322882 1.0 1.88
1146 323140 3.0 1.9
1147 323340 3.0 1.9
1148 323540 3.0 1.92
1149 323722 3.0 1.92
1150 324000 3.0 1.92
1151 324300 1.0 1.92
1152 324600 1.0 1.92
1153 324836 3.0 1.93
1154 325136 2.0 1.93
1155 325436 1.0 1.93
1156 325700 3.0 1.95
1157 326000 1.0 1.93
1158 326300 1.0 1.93
1159 326600 1.0 1.93
1160 326760 3.0 1.93
1161 327060 1.0 1.93
1162 327270 3.0 1.94
1163 327570 1.0 1.94
1164 327870 2.0 1.93
1165 328170 2.0 1.92
1166 328470 1.0 1.92
1167 328694 3.0 1.94
1168 328994 1.0 1.94
1169 329233 3.0 1.95
1170 329473 3.0 1.95
1171 329773 1.0 1.93
1172 330028 3.0 1.93
1173 330328 1.0 1.93
1174 330588 3.0 1.93
1175 330888 2.0 1.93
1176 331015 3.0 1.94
1177 331315 1.0 1.94
1178 331615 1.0 1.92
1179 331915 1.0 1.91
1180 332208 3.0 1.93
1181 332480 3.0 1.93
1182 332690 3.0 1.93
1183 332990 1.0 1.93
1184 333290 1.0 1.91
1185 333590 1.0 1.91
1186 333853 3.0 1.91
1187 334153 1.0 1.91
1188 334453 1.0 1.91
1189 334733 3.0 1.91
1190 335033 1.0 1.89
1191 335177 3.0 1.91
1192 335477 1.0 1.91
1193 335777 1.0 1.89
1194 336077 1.0 1.89
1195 336377 1.0 1.87
1196 336542 3.0 1.87
1197 336842 2.0 1.86
1198 337142 1.0 1.85
1199 337366 3.0 1.85
1200 337489 3.0 1.87
1201 337789 1.0 1.85
1202 338088 3.0 1.85
1203 338286 3.0 1.85
1204 338586 1.0 1.83
1205 338833 3.0 1.84
1206 339079 3.0 1.84
1207 339379 1.0 1.82
1208 339679 1.0 1.82
1209 339834 3.0 1.84
1210 340134 2.0 1.84
1211 340345 3.0 1.86
1212 340645 1.0 1.86
1213 340765 3.0 1.88
1214 341065 1.0 1.87
1215 341184 3.0 1.89
1216 341385 3.0 1.91
1217 341598 3.0 1.93
1218 341781 3.0 1.93
1219 342081 1.0 1.92
1220 342381 2.0 1.93
1221 342681 1.0 1.93
1222 342981 1.0 1.93
1223 343281 1.0 1.93
1224 343581 2.0 1.94
1225 343881 1.0 1.94
1226 344176 3.0 1.96
1227 344304 3.0 1.98
1228 344505 3.0 2.0
1229 344750 3.0 2.0
1230 345050 2.0 1.99
1231 345258 3.0 1.99
1232 345558 1.0 1.99
1233 345858 1.0 1.97
1234 346158 1.0 1.96
1235 346298 3.0 1.98
1236 346578 3.0 2.0
1237 346878 2.0 1.99
1238 347178 2.0 2.0
1239 347378 3.0 2.0
1240 347678 1.0 2.0
1241 347978 1.0 1.99
1242 348260 3.0 2.01
1243 348560 2.0 2.0
1244 348814 3.0 2.02
1245 349114 1.0 2.02
1246 349414 1.0 2.0
1247 349714 1.0 1.98
1248 350014 1.0 1.96
1249 350308 3.0 1.96
1250 350505 3.0 1.96
1251 350683 3.0 1.98
1252 350877 3.0 2.0
1253 351177 1.0 1.98
1254 351444 3.0 1.99
1255 351744 1.0 1.99
1256 351909 3.0 1.99
1257 352209 1.0 1.99
1258 352508 3.0 2.01
1259 352601 3.0 2.03
1260 352901 1.0 2.01
1261 353133 3.0 2.03
1262 353253 3.0 2.03
1263 353441 3.0 2.05
1264 353675 3.0 2.06
1265 353975 1.0 2.05
1266 354275 1.0 2.05
1267 354575 1.0 2.03
1268 354875 1.0 2.03
1269 355175 1.0 2.01
1270 355422 3.0 2.01
1271 355722 1.0 2.01
1272 356008 3.0 2.01
1273 356184 3.0 2.03
1274 356484 1.0 2.01
1275 356784 1.0 2.0
1276 357084 1.0 1.98
1277 357384 1.0 1.98
1278 357684 1.0 1.98
1279 357984 2.0 1.99
1280 358125 3.0 1.99
1281 358311 3.0 1.99
1282 358611 1.0 1.97
1283 358911 1.0 1.97
1284 359211 1.0 1.97
1285 359360 3.0 1.99
1286 359509 3.0 1.99
1287 359809 1.0 1.99
1288 360008 3.0 2.01
1289 360308 1.0 1.99
1290 360452 3.0 2.01
1291 360752 1.0 1.99
1292 361010 3.0 2.01
1293 361163 3.0 2.03
1294 361463 1.0 2.03
1295 361653 3.0 2.05
1296 361879 3.0 2.05
1297 362179 1.0 2.04
1298 362414 3.0 2.06
1299 362651 3.0 2.06
1300 362803 3.0 2.06
1301 363049 3.0 2.08
1302 363157 3.0 2.08
1303 363300 3.0 2.08
1304 363600 1.0 2.08
1305 363900 2.0 2.07
1306 364044 3.0 2.07
1307 364304 3.0 2.09
1308 364409 3.0 2.11
1309 364709 1.0 2.09
1310 364861 3.0 2.1
1311 365161 1.0 2.08
1312 365452 3.0 2.1
1313 365752 1.0 2.08
1314 366037 3.0 2.1
1315 366264 3.0 2.1
1316 366564 1.0 2.08
1317 366864 1.0 2.06
1318 367164 1.0 2.04
1319 367423 3.0 2.06
1320 367723 1.0 2.05
1321 367821 3.0 2.07
1322 367931 3.0 2.09
1323 368089 3.0 2.11
1324 368210 3.0 2.12
1325 368510 1.0 2.12
1326 368810 1.0 2.1
1327 369001 3.0 2.1
1328 369301 1.0 2.08
1329 369466 3.0 2.08
1330 369766 1.0 2.07
1331 370066 1.0 2.05
1332 370292 3.0 2.07
1333 370592 1.0 2.07
1334 370892 1.0 2.07
1335 371172 3.0 2.07
1336 371472 1.0 2.05
1337 371772 1.0 2.04
1338 372072 1.0 2.03
1339 372372 0.0 2.0
1340 372672 1.0 2.0
1341 372972 1.0 2.0
1342 373272 1.0 1.98
1343 373404 3.0 1.99
1344 373541 3.0 1.99
1345 373732 3.0 2.01
1346 374032 1.0 2.01
1347 374265 3.0 2.03
1348 374565 1.0 2.03
1349 374865 1.0 2.01
1350 375165 3.0 2.01
1351 375361 3.0 2.01
1352 375496 3.0 2.01
1353 375695 3.0 2.03
1354 375995 1.0 2.01
1355 376295 2.0 2.02
1356 376595 1.0 2.0
1357 376895 1.0 2.0
1358 377195 1.0 1.98
1359 377495 1.0 1.96
1360 377795 1.0 1.96
1361 377954 3.0 1.96
1362 378196 3.0 1.96
1363 378344 3.0 1.96
1364 378561 3.0 1.96
1365 378778 3.0 1.98
1366 378877 3.0 2.0
1367 379150 3.0 2.02
1368 379249 3.0 2.04
1369 379549 1.0 2.04
1370 379849 1.0 2.02
1371 380149 1.0 2.02
1372 380449 1.0 2.0
1373 380749 1.0 1.98
1374 381049 1.0 1.98
1375 381349 1.0 1.98
1376 381629 3.0 2.0
1377 381896 3.0 2.02
1378 382196 1.0 2.02
1379 382390 3.0 2.03
1380 382690 2.0 2.02
1381 382844 3.0 2.02
1382 383144 1.0 2.02
1383 383285 3.0 2.04
1384 383470 3.0 2.06
1385 383770 1.0 2.04
1386 384007 3.0 2.04
1387 384307 1.0 2.04
1388 384520 3.0 2.04
1389 384741 3.0 2.06
1390 384894 3.0 2.06
1391 385194 1.0 2.06
1392 385454 3.0 2.06
1393 385754 1.0 2.04
1394 385944 3.0 2.06
1395 386244 0.0 2.03
1396 386383 3.0 2.03
1397 386568 3.0 2.05
1398 386772 3.0 2.05
1399 386952 3.0 2.05
1400 387252 1.0 2.03
1401 387552 1.0 2.01
1402 387772 3.0 2.01
1403 388072 2.0 2.0
1404 388372 1.0 2.0
1405 388560 3.0 2.01
1406 388860 1.0 1.99
1407 389022 3.0 1.99
1408 389286 3.0 1.99
1409 389586 2.0 2.0
1410 389807 3.0 2.0
1411 390107 1.0 2.0
1412 390233 3.0 2.0
1413 390467 3.0 2.02
1414 390767 1.0 2.0
1415 391067 1.0 1.98
1416 391367 1.0 1.98
1417 391608 3.0 2.0
1418 391788 3.0 2.02
1419 392065 3.0 2.02
1420 392229 3.0 2.04
1421 392462 3.0 2.04
1422 392656 3.0 2.04
1423 392928 3.0 2.04
1424 393228 0.0 2.01
1425 393528 1.0 2.01
1426 393654 3.0 2.03
1427 393902 3.0 2.03
1428 394112 3.0 2.05
1429 394256 3.0 2.05
1430 394556 1.0 2.05
1431 394696 3.0 2.07
1432 394820 3.0 2.07
1433 395104 3.0 2.09
1434 395404 1.0 2.09
1435 395544 3.0 2.09
1436 395808 3.0 2.11
1437 396070 3.0 2.13
1438 396370 1.0 2.13
1439 396670 2.0 2.15
1440 396970 1.0 2.15
1441 397270 1.0 2.15
1442 397570 1.0 2.15
1443 397768 3.0 2.15
1444 398068 1.0 2.13
1445 398364 3.0 2.13
1446 398664 2.0 2.14
1447 398964 1.0 2.12
1448 399264 1.0 2.12
1449 399508 3.0 2.14
1450 399808 2.0 2.13
1451 400085 3.0 2.13
