1 300 1.0 0.01
2 600 1.0 0.02
3 900 0.0 0.02
4 1200 0.0 0.02
5 1500 1.0 0.03
6 1800 0.0 0.03
7 2100 0.0 0.03
8 2400 1.0 0.04
9 2700 1.0 0.05
10 3000 0.0 0.05
11 3300 0.0 0.05
12 3600 1.0 0.06
13 3900 1.0 0.07
14 4200 0.0 0.07
15 4500 1.0 0.08
16 4800 0.0 0.08
17 5100 1.0 0.09
18 5400 1.0 0.1
19 5700 0.0 0.1
20 6000 1.0 0.11
21 6300 1.0 0.12
22 6600 1.0 0.13
23 6900 0.0 0.13
24 7200 1.0 0.14
25 7500 0.0 0.14
26 7800 1.0 0.15
27 8100 0.0 0.15
28 8400 1.0 0.16
29 8700 1.0 0.17
30 9000 0.0 0.17
31 9300 0.0 0.17
32 9600 1.0 0.18
33 9900 1.0 0.19
34 10200 0.0 0.19
35 10500 1.0 0.2
36 10800 1.0 0.21
37 11100 1.0 0.22
38 11400 1.0 0.23
39 11700 0.0 0.23
40 12000 1.0 0.24
41 12300 1.0 0.25
42 12600 1.0 0.26
43 12900 1.0 0.27
44 13200 1.0 0.28
45 13500 0.0 0.28
46 13800 0.0 0.28
47 14100 1.0 0.29
48 14400 0.0 0.29
49 14700 1.0 0.3
50 15000 0.0 0.3
51 15300 1.0 0.31
52 15600 0.0 0.31
53 15900 0.0 0.31
54 16200 0.0 0.31
55 16500 1.0 0.32
56 16800 1.0 0.33
57 17100 1.0 0.34
58 17400 0.0 0.34
59 17700 1.0 0.35
60 18000 0.0 0.35
61 18300 1.0 0.36
62 18600 0.0 0.36
63 18900 1.0 0.37
64 19200 1.0 0.38
65 19500 0.0 0.38
66 19800 1.0 0.39
67 20100 1.0 0.4
68 20400 1.0 0.41
69 20700 1.0 0.42
70 21000 0.0 0.42
71 21300 0.0 0.42
72 21600 1.0 0.43
73 21900 0.0 0.43
74 22200 1.0 0.44
75 22500 1.0 0.45
76 22800 1.0 0.46
77 23100 1.0 0.47
78 23400 1.0 0.48
79 23700 1.0 0.49
80 24000 1.0 0.5
81 24300 1.0 0.51
82 24600 1.0 0.52
83 24900 0.0 0.52
84 25200 0.0 0.52
85 25500 1.0 0.53
86 25800 1.0 0.54
87 26100 1.0 0.55
88 26400 1.0 0.56
89 26700 1.0 0.57
90 27000 1.0 0.58
91 27300 1.0 0.59
92 27600 1.0 0.6
93 27900 1.0 0.61
94 28200 1.0 0.62
95 28500 1.0 0.63
96 28800 1.0 0.64
97 29100 1.0 0.65
98 29400 0.0 0.65
99 29700 0.0 0.65
100 30000 1.0 0.66
101 30300 1.0 0.66
102 30600 0.0 0.65
103 30900 1.0 0.66
104 31200 0.0 0.66
105 31500 1.0 0.66
106 31800 0.0 0.66
107 32100 1.0 0.67
108 32400 1.0 0.67
109 32700 1.0 0.67
110 33000 0.0 0.67
111 33300 1.0 0.68
112 33600 0.0 0.67
113 33900 1.0 0.67
114 34200 0.0 0.67
115 34500 0.0 0.66
116 34800 1.0 0.67
117 35100 0.0 0.66
118 35400 1.0 0.66
119 35700 1.0 0.67
120 36000 1.0 0.67
121 36300 1.0 0.67
122 36600 1.0 0.67
123 36900 1.0 0.68
124 37200 1.0 0.68
125 37500 1.0 0.69
126 37800 1.0 0.69
127 38100 1.0 0.7
128 38400 1.0 0.7
129 38700 1.0 0.7
130 39000 1.0 0.71
131 39300 1.0 0.72
132 39600 0.0 0.71
133 39900 1.0 0.71
134 40200 1.0 0.72
135 40500 1.0 0.72
136 40800 0.0 0.71
137 41100 1.0 0.71
138 41400 1.0 0.71
139 41700 1.0 0.72
140 42000 1.0 0.72
141 42300 1.0 0.72
142 42600 1.0 0.72
143 42900 0.0 0.71
144 43200 0.0 0.7
145 43500 0.0 0.7
146 43800 0.0 0.7
147 44100 1.0 0.7
148 44400 1.0 0.71
149 44700 1.0 0.71
150 45000 1.0 0.72
151 45300 1.0 0.72
152 45600 1.0 0.73
153 45900 1.0 0.74
154 46200 0.0 0.74
155 46500 1.0 0.74
156 46800 1.0 0.74
157 47100 1.0 0.74
158 47400 1.0 0.75
159 47700 1.0 0.75
160 48000 1.0 0.76
161 48300 1.0 0.76
162 48600 1.0 0.77
163 48900 1.0 0.77
164 49200 1.0 0.77
165 49500 1.0 0.78
166 49800 1.0 0.78
167 50100 0.0 0.77
168 50400 1.0 0.77
169 50700 1.0 0.77
170 51000 1.0 0.78
171 51300 1.0 0.79
172 51600 1.0 0.79
173 51900 1.0 0.8
174 52200 0.0 0.79
175 52500 1.0 0.79
176 52800 1.0 0.79
177 53100 1.0 0.79
178 53400 0.0 0.78
179 53700 0.0 0.77
180 54000 0.0 0.76
181 54300 1.0 0.76
182 54600 1.0 0.76
183 54900 1.0 0.77
184 55200 1.0 0.78
185 55500 1.0 0.78
186 55800 1.0 0.78
187 56100 1.0 0.78
188 56400 1.0 0.78
189 56700 1.0 0.78
190 57000 1.0 0.78
191 57300 0.0 0.77
192 57600 1.0 0.77
193 57900 1.0 0.77
194 58200 1.0 0.77
195 58500 1.0 0.77
196 58800 0.0 0.76
197 59100 1.0 0.76
198 59400 1.0 0.77
199 59700 1.0 0.78
200 60000 1.0 0.78
201 60300 0.0 0.77
202 60600 1.0 0.78
203 60900 1.0 0.78
204 61200 1.0 0.79
205 61500 1.0 0.79
206 61800 1.0 0.8
207 62100 1.0 0.8
208 62400 1.0 0.8
209 62700 1.0 0.8
210 63000 0.0 0.8
211 63300 0.0 0.79
212 63600 0.0 0.79
213 63900 1.0 0.79
214 64200 1.0 0.8
215 64500 1.0 0.81
216 64800 1.0 0.81
217 65100 1.0 0.82
218 65400 1.0 0.82
219 65700 1.0 0.82
220 66000 1.0 0.82
221 66300 1.0 0.82
222 66600 0.0 0.81
223 66900 1.0 0.81
224 67200 1.0 0.81
225 67500 1.0 0.81
226 67800 1.0 0.81
227 68100 1.0 0.81
228 68400 1.0 0.81
229 68700 0.0 0.8
230 69000 1.0 0.8
231 69300 1.0 0.8
232 69600 0.0 0.8
233 69900 0.0 0.79
234 70200 0.0 0.78
235 70500 1.0 0.78
236 70800 1.0 0.79
237 71100 0.0 0.78
238 71400 1.0 0.78
239 71700 1.0 0.78
240 72000 1.0 0.78
241 72300 1.0 0.78
242 72600 0.0 0.77
243 72900 1.0 0.78
244 73200 1.0 0.79
245 73500 1.0 0.8
246 73800 1.0 0.81
247 74100 1.0 0.81
248 74400 1.0 0.81
249 74700 1.0 0.81
250 75000 1.0 0.81
251 75300 1.0 0.81
252 75600 0.0 0.8
253 75900 1.0 0.8
254 76200 0.0 0.8
255 76500 0.0 0.79
256 76800 1.0 0.79
257 77100 1.0 0.79
258 77400 1.0 0.79
259 77700 1.0 0.79
260 78000 0.0 0.78
261 78300 1.0 0.78
262 78600 0.0 0.77
263 78900 1.0 0.77
264 79200 1.0 0.77
265 79500 0.0 0.76
266 79800 1.0 0.76
267 80100 1.0 0.77
268 80400 0.0 0.76
269 80700 1.0 0.76
270 81000 1.0 0.76
271 81300 0.0 0.75
272 81600 1.0 0.75
273 81900 1.0 0.75
274 82200 1.0 0.76
275 82500 1.0 0.76
276 82800 1.0 0.76
277 83100 0.0 0.75
278 83400 1.0 0.76
279 83700 0.0 0.76
280 84000 0.0 0.76
281 84300 1.0 0.76
282 84600 0.0 0.75
283 84900 1.0 0.75
284 85200 1.0 0.75
285 85500 1.0 0.75
286 85800 1.0 0.75
287 86100 1.0 0.75
288 86400 1.0 0.75
289 86700 1.0 0.75
290 87000 1.0 0.75
291 87300 1.0 0.76
292 87600 1.0 0.76
293 87900 1.0 0.76
294 88200 1.0 0.76
295 88500 1.0 0.76
296 88800 0.0 0.76
297 89100 1.0 0.76
298 89400 1.0 0.76
299 89700 1.0 0.76
300 90000 0.0 0.75
301 90300 1.0 0.76
302 90600 1.0 0.76
303 90900 1.0 0.76
304 91200 1.0 0.76
305 91500 1.0 0.76
306 91800 0.0 0.75
307 92100 1.0 0.75
308 92400 1.0 0.75
309 92700 1.0 0.75
310 93000 0.0 0.75
311 93300 1.0 0.76
312 93600 1.0 0.77
313 93900 0.0 0.76
314 94200 1.0 0.76
315 94500 1.0 0.76
316 94800 1.0 0.76
317 95100 1.0 0.76
318 95400 1.0 0.76
319 95700 1.0 0.76
320 96000 1.0 0.76
321 96300 1.0 0.76
322 96600 1.0 0.77
323 96900 1.0 0.77
324 97200 1.0 0.77
325 97500 1.0 0.77
326 97800 1.0 0.77
327 98100 1.0 0.77
328 98400 1.0 0.77
329 98700 1.0 0.78
330 99000 1.0 0.78
331 99300 1.0 0.78
332 99600 0.0 0.78
333 99900 1.0 0.79
334 100200 1.0 0.8
335 100500 1.0 0.8
336 100800 1.0 0.8
337 101100 1.0 0.81
338 101400 1.0 0.81
339 101700 0.0 0.8
340 102000 1.0 0.8
341 102300 1.0 0.8
342 102600 1.0 0.81
343 102900 1.0 0.81
344 103200 1.0 0.81
345 103500 1.0 0.81
346 103800 1.0 0.81
347 104100 1.0 0.81
348 104400 0.0 0.8
349 104700 1.0 0.8
350 105000 1.0 0.8
351 105300 1.0 0.8
352 105600 1.0 0.81
353 105900 1.0 0.81
354 106200 1.0 0.82
355 106500 1.0 0.83
356 106800 1.0 0.83
357 107100 1.0 0.83
358 107400 1.0 0.83
359 107700 1.0 0.83
360 108000 1.0 0.84
361 108300 1.0 0.84
362 108600 1.0 0.85
363 108900 1.0 0.85
364 109200 1.0 0.85
365 109500 1.0 0.86
366 109800 1.0 0.86
367 110100 0.0 0.85
368 110400 0.0 0.85
369 110700 1.0 0.85
370 111000 1.0 0.85
371 111300 1.0 0.86
372 111600 1.0 0.86
373 111900 1.0 0.86
374 112200 1.0 0.86
375 112500 1.0 0.86
376 112800 1.0 0.86
377 113100 1.0 0.87
378 113400 1.0 0.87
379 113700 1.0 0.88
380 114000 1.0 0.89
381 114300 1.0 0.89
382 114600 1.0 0.9
383 114900 1.0 0.9
384 115200 0.0 0.89
385 115500 1.0 0.89
386 115800 1.0 0.89
387 116100 0.0 0.88
388 116400 1.0 0.88
389 116700 1.0 0.88
390 117000 1.0 0.88
391 117300 1.0 0.88
392 117600 1.0 0.88
393 117900 0.0 0.87
394 118200 1.0 0.87
395 118500 1.0 0.87
396 118800 1.0 0.88
397 119100 1.0 0.88
398 119400 1.0 0.88
399 119700 1.0 0.88
400 120000 1.0 0.89
401 120300 1.0 0.89
402 120600 1.0 0.89
403 120900 1.0 0.89
404 121200 1.0 0.89
405 121500 1.0 0.89
406 121800 1.0 0.9
407 122100 1.0 0.9
408 122400 1.0 0.9
409 122700 1.0 0.9
410 123000 1.0 0.91
411 123300 1.0 0.91
412 123600 1.0 0.91
413 123900 1.0 0.92
414 124200 1.0 0.92
415 124500 1.0 0.92
416 124800 1.0 0.92
417 125100 1.0 0.92
418 125400 1.0 0.92
419 125700 1.0 0.92
420 126000 1.0 0.92
421 126300 1.0 0.92
422 126600 1.0 0.92
423 126900 1.0 0.92
424 127200 1.0 0.92
425 127500 0.0 0.91
426 127800 1.0 0.91
427 128100 0.0 0.9
428 128400 1.0 0.9
429 128700 1.0 0.9
430 129000 1.0 0.9
431 129300 1.0 0.9
432 129600 1.0 0.91
433 129900 1.0 0.91
434 130200 1.0 0.91
435 130500 1.0 0.91
436 130800 1.0 0.91
437 131100 1.0 0.91
438 131400 1.0 0.91
439 131700 1.0 0.92
440 132000 1.0 0.92
441 132300 1.0 0.92
442 132600 1.0 0.92
443 132900 1.0 0.92
444 133200 1.0 0.92
445 133500 1.0 0.92
446 133800 1.0 0.92
447 134100 1.0 0.92
448 134400 1.0 0.93
449 134700 1.0 0.93
450 135000 1.0 0.93
451 135300 1.0 0.93
452 135600 1.0 0.93
453 135900 1.0 0.93
454 136200 1.0 0.93
455 136500 1.0 0.93
456 136800 1.0 0.93
457 137100 0.0 0.92
458 137400 1.0 0.92
459 137700 1.0 0.92
460 138000 1.0 0.92
461 138300 0.0 0.91
462 138600 0.0 0.9
463 138900 1.0 0.9
464 139200 1.0 0.9
465 139500 1.0 0.9
466 139800 1.0 0.9
467 140100 1.0 0.91
468 140400 1.0 0.92
469 140700 1.0 0.92
470 141000 0.0 0.91
471 141300 1.0 0.91
472 141600 1.0 0.91
473 141900 1.0 0.91
474 142200 1.0 0.91
475 142500 1.0 0.91
476 142800 1.0 0.91
477 143100 0.0 0.9
478 143400 1.0 0.9
479 143700 1.0 0.9
480 144000 1.0 0.9
481 144300 1.0 0.9
482 144600 1.0 0.9
483 144900 1.0 0.9
484 145200 1.0 0.91
485 145500 1.0 0.91
486 145800 1.0 0.91
487 146100 1.0 0.92
488 146400 1.0 0.92
489 146700 1.0 0.92
490 147000 1.0 0.92
491 147300 1.0 0.92
492 147600 1.0 0.92
493 147900 1.0 0.93
494 148200 1.0 0.93
495 148500 1.0 0.93
496 148800 1.0 0.93
497 149100 1.0 0.93
498 149400 0.0 0.92
499 149700 1.0 0.92
500 150000 1.0 0.92
501 150300 1.0 0.92
502 150600 1.0 0.92
503 150900 1.0 0.92
504 151200 1.0 0.92
505 151500 1.0 0.92
506 151800 1.0 0.92
507 152100 1.0 0.92
508 152400 1.0 0.92
509 152700 1.0 0.92
510 153000 1.0 0.92
511 153300 1.0 0.92
512 153600 1.0 0.92
513 153900 1.0 0.92
514 154200 1.0 0.92
515 154500 1.0 0.92
516 154800 1.0 0.92
517 155100 1.0 0.92
518 155400 1.0 0.92
519 155700 1.0 0.92
520 156000 0.0 0.91
521 156300 1.0 0.91
522 156600 1.0 0.91
523 156900 1.0 0.91
524 157200 1.0 0.91
525 157500 0.0 0.91
526 157800 1.0 0.91
527 158100 1.0 0.92
528 158400 1.0 0.92
529 158700 1.0 0.92
530 159000 1.0 0.92
531 159300 1.0 0.92
532 159600 1.0 0.92
533 159900 1.0 0.92
534 160200 1.0 0.92
535 160500 1.0 0.92
536 160800 1.0 0.92
537 161100 1.0 0.92
538 161400 1.0 0.92
539 161700 1.0 0.92
540 162000 1.0 0.92
541 162300 1.0 0.92
542 162600 1.0 0.92
543 162900 1.0 0.92
544 163200 1.0 0.92
545 163500 1.0 0.92
546 163800 1.0 0.92
547 164100 1.0 0.92
548 164400 1.0 0.92
549 164700 1.0 0.92
550 165000 1.0 0.92
551 165300 0.0 0.91
552 165600 1.0 0.91
553 165900 1.0 0.91
554 166200 1.0 0.91
555 166500 1.0 0.91
556 166800 1.0 0.91
557 167100 1.0 0.92
558 167400 1.0 0.92
559 167700 1.0 0.92
560 168000 1.0 0.92
561 168300 1.0 0.93
562 168600 1.0 0.94
563 168900 1.0 0.94
564 169200 1.0 0.94
565 169500 1.0 0.94
566 169800 1.0 0.94
567 170100 0.0 0.93
568 170400 1.0 0.93
569 170700 1.0 0.93
570 171000 1.0 0.94
571 171300 1.0 0.94
572 171600 1.0 0.94
573 171900 1.0 0.94
574 172200 1.0 0.94
575 172500 1.0 0.94
576 172800 1.0 0.94
577 173100 1.0 0.95
578 173400 1.0 0.95
579 173700 1.0 0.95
580 174000 1.0 0.95
581 174300 1.0 0.95
582 174600 0.0 0.94
583 174900 1.0 0.94
584 175200 1.0 0.94
585 175500 1.0 0.94
586 175800 1.0 0.94
587 176100 1.0 0.94
588 176400 1.0 0.94
589 176700 1.0 0.94
590 177000 1.0 0.94
591 177300 1.0 0.94
592 177600 1.0 0.94
593 177900 1.0 0.94
594 178200 1.0 0.94
595 178500 1.0 0.94
596 178800 1.0 0.94
597 179100 1.0 0.94
598 179400 1.0 0.95
599 179700 1.0 0.95
600 180000 1.0 0.95
601 180300 1.0 0.95
602 180600 1.0 0.95
603 180900 1.0 0.95
604 181200 1.0 0.95
605 181500 1.0 0.95
606 181800 1.0 0.95
607 182100 1.0 0.95
608 182400 1.0 0.95
609 182700 1.0 0.95
610 183000 1.0 0.95
611 183300 1.0 0.95
612 183600 1.0 0.95
613 183900 1.0 0.95
614 184200 1.0 0.95
615 184500 1.0 0.95
616 184800 1.0 0.95
617 185100 1.0 0.95
618 185400 1.0 0.95
619 185700 1.0 0.95
620 186000 1.0 0.96
621 186300 1.0 0.96
622 186600 0.0 0.95
623 186900 1.0 0.95
624 187200 1.0 0.95
625 187500 1.0 0.96
626 187800 1.0 0.96
627 188100 1.0 0.96
628 188400 0.0 0.95
629 188700 1.0 0.95
630 189000 1.0 0.95
631 189300 1.0 0.95
632 189600 1.0 0.95
633 189900 1.0 0.95
634 190200 1.0 0.95
635 190500 1.0 0.95
636 190800 1.0 0.95
637 191100 1.0 0.95
638 191400 1.0 0.95
639 191700 1.0 0.95
640 192000 1.0 0.95
641 192300 1.0 0.95
642 192600 1.0 0.95
643 192900 1.0 0.95
644 193200 1.0 0.95
645 193500 1.0 0.95
646 193800 1.0 0.95
647 194100 1.0 0.95
648 194400 1.0 0.95
649 194700 1.0 0.95
650 195000 1.0 0.95
651 195300 0.0 0.95
652 195600 1.0 0.95
653 195900 1.0 0.95
654 196200 1.0 0.95
655 196500 1.0 0.95
656 196800 1.0 0.95
657 197100 1.0 0.95
658 197400 1.0 0.95
659 197700 1.0 0.95
660 198000 1.0 0.95
661 198300 0.0 0.94
662 198600 1.0 0.94
663 198900 1.0 0.94
664 199200 1.0 0.94
665 199500 1.0 0.94
666 199800 1.0 0.94
667 200100 1.0 0.95
668 200400 1.0 0.95
669 200700 1.0 0.95
670 201000 1.0 0.95
671 201300 1.0 0.95
672 201600 1.0 0.95
673 201900 1.0 0.95
674 202200 1.0 0.95
675 202500 1.0 0.95
676 202800 1.0 0.95
677 203100 1.0 0.95
678 203400 1.0 0.95
679 203700 1.0 0.95
680 204000 1.0 0.95
681 204300 1.0 0.95
682 204600 1.0 0.96
683 204900 1.0 0.96
684 205200 1.0 0.96
685 205500 1.0 0.96
686 205800 1.0 0.96
687 206100 1.0 0.96
688 206400 1.0 0.96
689 206700 1.0 0.96
690 207000 1.0 0.96
691 207300 1.0 0.96
692 207600 1.0 0.96
693 207900 1.0 0.96
694 208200 1.0 0.96
695 208500 1.0 0.96
696 208800 1.0 0.96
697 209100 1.0 0.96
698 209400 1.0 0.96
699 209700 1.0 0.96
700 210000 0.0 0.95
701 210300 1.0 0.95
702 210600 1.0 0.95
703 210900 1.0 0.95
704 211200 1.0 0.95
705 211500 1.0 0.95
706 211800 1.0 0.95
707 212100 1.0 0.95
708 212400 1.0 0.95
709 212700 1.0 0.95
710 213000 1.0 0.95
711 213300 1.0 0.95
712 213600 1.0 0.95
713 213900 1.0 0.95
714 214200 1.0 0.95
715 214500 1.0 0.95
716 214800 1.0 0.95
717 215100 1.0 0.95
718 215400 1.0 0.95
719 215700 1.0 0.95
720 216000 1.0 0.95
721 216300 1.0 0.95
722 216600 1.0 0.96
723 216900 1.0 0.96
724 217200 1.0 0.96
725 217500 1.0 0.96
726 217800 1.0 0.96
727 218100 1.0 0.96
728 218400 1.0 0.97
729 218700 1.0 0.97
730 219000 1.0 0.97
731 219300 1.0 0.97
732 219600 1.0 0.97
733 219900 1.0 0.97
734 220200 1.0 0.97
735 220500 1.0 0.97
736 220800 1.0 0.97
737 221100 1.0 0.97
738 221400 1.0 0.97
739 221700 1.0 0.97
740 222000 1.0 0.97
741 222300 1.0 0.97
742 222600 1.0 0.97
743 222900 1.0 0.97
744 223200 1.0 0.97
745 223500 1.0 0.97
746 223800 1.0 0.97
747 224100 1.0 0.97
748 224400 1.0 0.97
749 224700 1.0 0.97
750 225000 1.0 0.97
751 225300 1.0 0.98
752 225600 1.0 0.98
753 225900 1.0 0.98
754 226200 1.0 0.98
755 226500 1.0 0.98
756 226800 1.0 0.98
757 227100 1.0 0.98
758 227400 1.0 0.98
759 227700 0.0 0.97
760 228000 1.0 0.97
761 228300 1.0 0.98
762 228600 1.0 0.98
763 228900 1.0 0.98
764 229200 1.0 0.98
765 229500 1.0 0.98
766 229800 1.0 0.98
767 230100 1.0 0.98
768 230400 1.0 0.98
769 230700 1.0 0.98
770 231000 1.0 0.98
771 231300 0.0 0.97
772 231600 1.0 0.97
773 231900 1.0 0.97
774 232200 1.0 0.97
775 232500 1.0 0.97
776 232800 1.0 0.97
777 233100 1.0 0.97
778 233400 1.0 0.97
779 233700 1.0 0.97
780 234000 1.0 0.97
781 234300 1.0 0.97
782 234600 1.0 0.97
783 234900 1.0 0.97
784 235200 1.0 0.97
785 235500 1.0 0.97
786 235800 1.0 0.97
787 236100 1.0 0.97
788 236400 1.0 0.97
789 236700 1.0 0.97
790 237000 1.0 0.97
791 237300 1.0 0.97
792 237600 1.0 0.97
793 237900 1.0 0.97
794 238200 1.0 0.97
795 238500 1.0 0.97
796 238800 1.0 0.97
797 239100 1.0 0.97
798 239400 1.0 0.97
799 239700 1.0 0.97
800 240000 1.0 0.98
801 240300 1.0 0.98
802 240600 1.0 0.98
803 240900 1.0 0.98
804 241200 1.0 0.98
805 241500 1.0 0.98
806 241800 1.0 0.98
807 242100 1.0 0.98
808 242400 1.0 0.98
809 242700 1.0 0.98
810 243000 1.0 0.98
811 243300 1.0 0.98
812 243600 1.0 0.98
813 243900 1.0 0.98
814 244200 1.0 0.98
815 244500 1.0 0.98
816 244800 1.0 0.98
817 245100 1.0 0.98
818 245400 1.0 0.98
819 245700 0.0 0.97
820 246000 1.0 0.97
821 246300 1.0 0.97
822 246600 1.0 0.97
823 246900 1.0 0.97
824 247200 1.0 0.97
825 247500 1.0 0.97
826 247800 1.0 0.97
827 248100 1.0 0.97
828 248400 1.0 0.97
829 248700 1.0 0.97
830 249000 1.0 0.97
831 249300 1.0 0.97
832 249600 1.0 0.97
833 249900 1.0 0.97
834 250200 1.0 0.97
835 250500 1.0 0.97
836 250800 1.0 0.97
837 251100 1.0 0.97
838 251400 1.0 0.97
839 251700 1.0 0.97
840 252000 1.0 0.97
841 252300 1.0 0.97
842 252600 1.0 0.97
843 252900 1.0 0.97
844 253200 1.0 0.97
845 253500 1.0 0.97
846 253800 1.0 0.97
847 254100 1.0 0.97
848 254400 0.0 0.96
849 254700 1.0 0.96
850 255000 1.0 0.96
851 255300 1.0 0.96
852 255600 1.0 0.96
853 255900 1.0 0.96
854 256200 1.0 0.96
855 256500 1.0 0.96
856 256800 1.0 0.96
857 257100 1.0 0.96
858 257400 1.0 0.96
859 257700 1.0 0.97
860 258000 1.0 0.97
861 258300 1.0 0.97
862 258600 1.0 0.97
863 258900 1.0 0.97
864 259200 0.0 0.96
865 259500 1.0 0.96
866 259800 1.0 0.96
867 260100 1.0 0.96
868 260400 1.0 0.96
869 260700 1.0 0.96
870 261000 1.0 0.96
871 261300 1.0 0.97
872 261600 1.0 0.97
873 261900 1.0 0.97
874 262200 1.0 0.97
875 262500 1.0 0.97
876 262800 1.0 0.97
877 263100 1.0 0.97
878 263400 1.0 0.97
879 263700 1.0 0.97
880 264000 1.0 0.97
881 264300 1.0 0.97
882 264600 1.0 0.97
883 264900 1.0 0.97
884 265200 1.0 0.97
885 265500 1.0 0.97
886 265800 1.0 0.97
887 266100 0.0 0.96
888 266400 1.0 0.96
889 266700 1.0 0.96
890 267000 1.0 0.96
891 267300 1.0 0.96
892 267600 1.0 0.96
893 267900 1.0 0.96
894 268200 1.0 0.96
895 268500 1.0 0.96
896 268800 1.0 0.96
897 269100 1.0 0.96
898 269400 1.0 0.96
899 269700 1.0 0.96
900 270000 1.0 0.96
901 270300 1.0 0.96
902 270600 1.0 0.96
903 270900 1.0 0.96
904 271200 1.0 0.96
905 271500 1.0 0.96
906 271800 1.0 0.96
907 272100 1.0 0.96
908 272400 0.0 0.95
909 272700 1.0 0.95
910 273000 1.0 0.95
911 273300 1.0 0.95
912 273600 1.0 0.95
913 273900 1.0 0.95
914 274200 1.0 0.95
915 274500 1.0 0.95
916 274800 1.0 0.95
917 275100 0.0 0.94
918 275400 1.0 0.94
919 275700 1.0 0.95
920 276000 1.0 0.95
921 276300 1.0 0.95
922 276600 1.0 0.95
923 276900 1.0 0.95
924 277187 3.0 0.97
925 277487 1.0 0.97
926 277787 1.0 0.97
927 278087 1.0 0.97
928 278387 1.0 0.97
929 278687 1.0 0.97
930 278987 1.0 0.97
931 279287 0.0 0.96
932 279587 1.0 0.96
933 279887 1.0 0.96
934 280187 1.0 0.96
935 280487 1.0 0.96
936 280787 1.0 0.96
937 281087 1.0 0.96
938 281387 1.0 0.96
939 281687 1.0 0.96
940 281987 1.0 0.96
941 282287 1.0 0.96
942 282587 1.0 0.96
943 282887 1.0 0.96
944 283187 1.0 0.96
945 283487 1.0 0.96
946 283787 1.0 0.96
947 284087 1.0 0.96
948 284387 1.0 0.97
949 284687 1.0 0.97
950 284987 1.0 0.97
951 285287 1.0 0.97
952 285587 1.0 0.97
953 285887 1.0 0.97
954 286187 1.0 0.97
955 286487 1.0 0.97
956 286787 1.0 0.97
957 287087 1.0 0.97
958 287387 1.0 0.97
959 287687 1.0 0.97
960 287987 1.0 0.97
961 288287 1.0 0.97
962 288587 1.0 0.97
963 288887 1.0 0.97
964 289187 1.0 0.98
965 289487 0.0 0.97
966 289787 1.0 0.97
967 290087 1.0 0.97
968 290387 1.0 0.97
969 290687 1.0 0.97
970 290987 1.0 0.97
971 291287 1.0 0.97
972 291587 1.0 0.97
973 291887 1.0 0.97
974 292187 1.0 0.97
975 292487 1.0 0.97
976 292787 1.0 0.97
977 293087 1.0 0.97
978 293387 1.0 0.97
979 293687 1.0 0.97
980 293987 1.0 0.97
981 294287 1.0 0.97
982 294587 1.0 0.97
983 294887 1.0 0.97
984 295187 1.0 0.97
985 295487 1.0 0.97
986 295787 1.0 0.97
987 296087 1.0 0.98
988 296387 1.0 0.98
989 296687 1.0 0.98
990 296987 1.0 0.98
991 297287 1.0 0.98
992 297587 1.0 0.98
993 297887 1.0 0.98
994 298187 1.0 0.98
995 298487 1.0 0.98
996 298787 1.0 0.98
997 299087 1.0 0.98
998 299387 1.0 0.98
999 299687 1.0 0.98
1000 299987 1.0 0.98
1001 300287 1.0 0.98
1002 300587 1.0 0.98
1003 300887 1.0 0.98
1004 301187 1.0 0.98
1005 301487 1.0 0.98
1006 301787 1.0 0.98
1007 302087 1.0 0.98
1008 302387 1.0 0.99
1009 302687 1.0 0.99
1010 302987 1.0 0.99
1011 303287 1.0 0.99
1012 303587 1.0 0.99
1013 303887 1.0 0.99
1014 304187 1.0 0.99
1015 304487 1.0 0.99
1016 304787 1.0 0.99
1017 305087 1.0 1.0
1018 305387 1.0 1.0
1019 305687 1.0 1.0
1020 305987 1.0 1.0
1021 306287 1.0 1.0
1022 306587 1.0 1.0
1023 306887 1.0 1.0
1024 307187 1.0 0.98
1025 307487 1.0 0.98
1026 307787 1.0 0.98
1027 308087 1.0 0.98
1028 308387 1.0 0.98
1029 308687 1.0 0.98
1030 308987 1.0 0.98
1031 309287 1.0 0.99
1032 309587 1.0 0.99
1033 309887 1.0 0.99
1034 310187 1.0 0.99
1035 310487 1.0 0.99
1036 310787 1.0 0.99
1037 311087 1.0 0.99
1038 311387 1.0 0.99
1039 311687 1.0 0.99
1040 311987 1.0 0.99
1041 312287 1.0 0.99
1042 312587 1.0 0.99
1043 312887 1.0 0.99
1044 313187 1.0 0.99
1045 313487 1.0 0.99
1046 313787 1.0 0.99
1047 314087 1.0 0.99
1048 314387 1.0 0.99
1049 314687 1.0 0.99
1050 314987 1.0 0.99
1051 315287 1.0 0.99
1052 315587 1.0 0.99
1053 315887 1.0 0.99
1054 316187 1.0 0.99
1055 316487 1.0 0.99
1056 316787 1.0 0.99
1057 317087 1.0 0.99
1058 317387 1.0 0.99
1059 317687 2.0 1.0
1060 317987 1.0 1.0
1061 318287 1.0 1.0
1062 318587 1.0 1.0
1063 318887 1.0 1.0
1064 319187 1.0 1.0
1065 319487 1.0 1.01
1066 319787 1.0 1.01
1067 320087 1.0 1.01
1068 320387 1.0 1.01
1069 320687 1.0 1.01
1070 320987 1.0 1.01
1071 321287 1.0 1.01
1072 321587 1.0 1.01
1073 321887 1.0 1.01
1074 322187 1.0 1.01
1075 322487 1.0 1.01
1076 322787 1.0 1.01
1077 323087 0.0 1.0
1078 323387 1.0 1.0
1079 323687 1.0 1.0
1080 323987 1.0 1.0
1081 324287 1.0 1.0
1082 324587 1.0 1.0
1083 324887 1.0 1.0
1084 325187 1.0 1.0
1085 325487 1.0 1.0
1086 325787 1.0 1.0
1087 326087 1.0 1.0
1088 326387 1.0 1.0
1089 326687 1.0 1.0
1090 326987 1.0 1.0
1091 327287 1.0 1.0
1092 327587 1.0 1.0
1093 327887 1.0 1.0
1094 328187 1.0 1.0
1095 328487 1.0 1.0
1096 328787 1.0 1.0
1097 329087 1.0 1.0
1098 329387 1.0 1.0
1099 329687 1.0 1.0
1100 329987 1.0 1.0
1101 330287 1.0 1.0
1102 330587 1.0 1.0
1103 330887 1.0 1.0
1104 331187 1.0 1.0
1105 331487 1.0 1.0
1106 331787 1.0 1.0
1107 332087 1.0 1.0
1108 332387 0.0 0.99
1109 332687 1.0 0.99
1110 332987 1.0 0.99
1111 333287 1.0 0.99
1112 333587 1.0 0.99
1113 333887 1.0 0.99
1114 334187 2.0 1.0
1115 334487 1.0 1.0
1116 334787 1.0 1.0
1117 335087 1.0 1.0
1118 335387 1.0 1.0
1119 335687 1.0 1.0
1120 335987 1.0 1.0
1121 336287 1.0 1.0
1122 336587 1.0 1.0
1123 336887 1.0 1.0
1124 337187 1.0 1.0
1125 337487 1.0 1.0
1126 337787 1.0 1.0
1127 338087 1.0 1.0
1128 338387 1.0 1.0
1129 338687 1.0 1.0
1130 338987 1.0 1.0
1131 339287 1.0 1.0
1132 339587 1.0 1.0
1133 339887 1.0 1.0
1134 340187 1.0 1.0
1135 340487 1.0 1.0
1136 340787 1.0 1.0
1137 341087 1.0 1.0
1138 341387 1.0 1.0
1139 341687 1.0 1.0
1140 341987 1.0 1.0
1141 342287 1.0 1.0
1142 342587 1.0 1.0
1143 342887 1.0 1.0
1144 343187 1.0 1.0
1145 343487 1.0 1.0
1146 343787 1.0 1.0
1147 344087 1.0 1.0
1148 344387 1.0 1.0
1149 344687 1.0 1.0
1150 344987 1.0 1.0
1151 345287 1.0 1.0
1152 345587 1.0 1.0
1153 345887 1.0 1.0
1154 346187 1.0 1.0
1155 346487 1.0 1.0
1156 346787 1.0 1.0
1157 347087 1.0 1.0
1158 347387 0.0 0.99
1159 347687 1.0 0.98
1160 347987 1.0 0.98
1161 348287 1.0 0.98
1162 348587 1.0 0.98
1163 348887 1.0 0.98
1164 349187 0.0 0.97
1165 349487 1.0 0.97
1166 349787 1.0 0.97
1167 350087 1.0 0.97
1168 350387 1.0 0.97
1169 350687 1.0 0.97
1170 350987 1.0 0.97
1171 351287 1.0 0.97
1172 351587 1.0 0.97
1173 351887 1.0 0.97
1174 352187 1.0 0.97
1175 352487 1.0 0.97
1176 352787 1.0 0.97
1177 353087 1.0 0.98
1178 353387 1.0 0.98
1179 353687 0.0 0.97
1180 353987 1.0 0.97
1181 354287 1.0 0.97
1182 354587 0.0 0.96
1183 354887 1.0 0.96
1184 355187 1.0 0.96
1185 355487 1.0 0.96
1186 355787 1.0 0.96
1187 356087 1.0 0.96
1188 356387 1.0 0.96
1189 356687 1.0 0.96
1190 356987 1.0 0.96
1191 357287 1.0 0.96
1192 357587 1.0 0.96
1193 357887 1.0 0.96
1194 358187 1.0 0.96
1195 358487 1.0 0.96
1196 358787 1.0 0.96
1197 359087 1.0 0.96
1198 359387 1.0 0.96
1199 359687 1.0 0.96
1200 359987 1.0 0.96
1201 360287 1.0 0.96
1202 360587 0.0 0.95
1203 360887 1.0 0.95
1204 361187 1.0 0.95
1205 361487 1.0 0.95
1206 361787 1.0 0.95
1207 362087 1.0 0.95
1208 362387 1.0 0.96
1209 362687 1.0 0.96
1210 362987 1.0 0.96
1211 363287 1.0 0.96
1212 363587 1.0 0.96
1213 363887 1.0 0.96
1214 364187 1.0 0.95
1215 364487 1.0 0.95
1216 364787 1.0 0.95
1217 365087 1.0 0.95
1218 365387 1.0 0.95
1219 365687 1.0 0.95
1220 365987 1.0 0.95
1221 366287 1.0 0.95
1222 366587 1.0 0.95
1223 366887 1.0 0.95
1224 367187 1.0 0.95
1225 367487 1.0 0.95
1226 367787 1.0 0.95
1227 368087 1.0 0.95
1228 368387 1.0 0.95
1229 368687 1.0 0.95
1230 368987 1.0 0.95
1231 369287 1.0 0.95
1232 369587 1.0 0.95
1233 369887 1.0 0.95
1234 370187 1.0 0.95
1235 370487 1.0 0.95
1236 370787 1.0 0.95
1237 371087 1.0 0.95
1238 371387 1.0 0.95
1239 371687 1.0 0.95
1240 371987 1.0 0.95
1241 372287 1.0 0.95
1242 372587 1.0 0.95
1243 372887 1.0 0.95
1244 373187 1.0 0.95
1245 373487 1.0 0.95
1246 373787 1.0 0.95
1247 374087 1.0 0.95
1248 374387 1.0 0.95
1249 374687 1.0 0.95
1250 374987 1.0 0.95
1251 375287 1.0 0.95
1252 375587 1.0 0.95
1253 375887 1.0 0.95
1254 376187 1.0 0.95
1255 376487 1.0 0.95
1256 376787 1.0 0.95
1257 377087 1.0 0.95
1258 377387 1.0 0.96
1259 377687 1.0 0.96
1260 377987 1.0 0.96
1261 378287 1.0 0.96
1262 378587 1.0 0.96
1263 378887 1.0 0.96
1264 379187 1.0 0.97
1265 379487 1.0 0.97
1266 379787 1.0 0.97
1267 380087 1.0 0.97
1268 380387 1.0 0.97
1269 380687 1.0 0.97
1270 380987 1.0 0.97
1271 381287 1.0 0.97
1272 381587 1.0 0.97
1273 381887 1.0 0.97
1274 382187 1.0 0.97
1275 382487 1.0 0.97
1276 382787 1.0 0.97
1277 383087 1.0 0.97
1278 383387 1.0 0.97
1279 383687 1.0 0.98
1280 383987 1.0 0.98
1281 384287 1.0 0.98
1282 384587 1.0 0.99
1283 384887 1.0 0.99
1284 385187 1.0 0.99
1285 385487 1.0 0.99
1286 385787 1.0 0.99
1287 386087 1.0 0.99
1288 386387 1.0 0.99
1289 386687 1.0 0.99
1290 386987 1.0 0.99
1291 387287 1.0 0.99
1292 387587 1.0 0.99
1293 387887 1.0 0.99
1294 388187 1.0 0.99
1295 388487 1.0 0.99
1296 388787 1.0 0.99
1297 389087 1.0 0.99
1298 389387 1.0 0.99
1299 389687 1.0 0.99
1300 389987 1.0 0.99
1301 390287 1.0 0.99
1302 390587 1.0 1.0
1303 390887 1.0 1.0
1304 391187 1.0 1.0
1305 391487 1.0 1.0
1306 391787 1.0 1.0
1307 392087 1.0 1.0
1308 392387 1.0 1.0
1309 392687 1.0 1.0
1310 392987 1.0 1.0
1311 393287 1.0 1.0
1312 393587 1.0 1.0
1313 393887 1.0 1.0
1314 394187 1.0 1.0
1315 394487 1.0 1.0
1316 394787 1.0 1.0
1317 395087 1.0 1.0
1318 395387 1.0 1.0
1319 395687 1.0 1.0
1320 395987 1.0 1.0
1321 396287 1.0 1.0
1322 396587 1.0 1.0
1323 396887 1.0 1.0
1324 397187 1.0 1.0
1325 397487 1.0 1.0
1326 397787 1.0 1.0
1327 398087 1.0 1.0
1328 398387 1.0 1.0
1329 398687 1.0 1.0
1330 398987 1.0 1.0
1331 399287 1.0 1.0
1332 399587 1.0 1.0
1333 399887 1.0 1.0
1334 400187 1.0 1.0
