1 300 1.0 0.01
2 600 0.0 0.01
3 900 1.0 0.02
4 1200 1.0 0.03
5 1500 1.0 0.04
6 1800 1.0 0.05
7 2100 0.0 0.05
8 2400 1.0 0.06
9 2700 1.0 0.07
10 3000 1.0 0.08
11 3300 1.0 0.09
12 3600 1.0 0.1
13 3900 1.0 0.11
14 4200 1.0 0.12
15 4500 1.0 0.13
16 4800 1.0 0.14
17 5100 1.0 0.15
18 5400 1.0 0.16
19 5700 1.0 0.17
20 6000 1.0 0.18
21 6300 1.0 0.19
22 6600 1.0 0.2
23 6900 1.0 0.21
24 7200 1.0 0.22
25 7500 1.0 0.23
26 7800 1.0 0.24
27 8100 1.0 0.25
28 8400 1.0 0.26
29 8700 1.0 0.27
30 9000 1.0 0.28
31 9300 1.0 0.29
32 9600 1.0 0.3
33 9900 1.0 0.31
34 10200 1.0 0.32
35 10500 1.0 0.33
36 10800 1.0 0.34
37 11100 1.0 0.35
38 11400 1.0 0.36
39 11700 1.0 0.37
40 12000 1.0 0.38
41 12300 1.0 0.39
42 12600 1.0 0.4
43 12900 1.0 0.41
44 13200 1.0 0.42
45 13500 1.0 0.43
46 13800 1.0 0.44
47 14100 1.0 0.45
48 14400 1.0 0.46
49 14700 1.0 0.47
50 15000 1.0 0.48
51 15300 1.0 0.49
52 15600 1.0 0.5
53 15900 1.0 0.51
54 16200 1.0 0.52
55 16500 1.0 0.53
56 16800 1.0 0.54
57 17100 1.0 0.55
58 17400 1.0 0.56
59 17700 1.0 0.57
60 18000 2.0 0.59
61 18300 1.0 0.6
62 18600 1.0 0.61
63 18900 1.0 0.62
64 19200 2.0 0.64
65 19500 2.0 0.66
66 19800 2.0 0.68
67 20100 2.0 0.7
68 20400 2.0 0.72
69 20700 2.0 0.74
70 21000 2.0 0.76
71 21300 1.0 0.77
72 21600 2.0 0.79
73 21900 2.0 0.81
74 22200 1.0 0.82
75 22500 1.0 0.83
76 22800 2.0 0.85
77 23100 2.0 0.87
78 23400 2.0 0.89
79 23700 1.0 0.9
80 24000 2.0 0.92
81 24300 2.0 0.94
82 24563 3.0 0.97
83 24863 2.0 0.99
84 25163 2.0 1.01
85 25463 2.0 1.03
86 25763 2.0 1.05
87 25905 3.0 1.08
88 26166 3.0 1.11
89 26365 3.0 1.14
90 26638 3.0 1.17
91 26774 3.0 1.2
92 26936 3.0 1.23
93 27213 3.0 1.26
94 27397 3.0 1.29
95 27566 3.0 1.32
96 27798 3.0 1.35
97 27913 3.0 1.38
98 28141 3.0 1.41
99 28358 3.0 1.44
100 28572 3.0 1.47
101 28763 3.0 1.49
102 28851 3.0 1.52
103 29022 3.0 1.54
104 29226 3.0 1.56
105 29451 3.0 1.58
106 29652 3.0 1.6
107 29857 3.0 1.63
108 30093 3.0 1.65
109 30299 3.0 1.67
110 30430 3.0 1.69
111 30609 3.0 1.71
112 30898 3.0 1.73
113 31004 3.0 1.75
114 31195 3.0 1.77
115 31331 3.0 1.79
116 31581 3.0 1.81
117 31704 3.0 1.83
118 31872 3.0 1.85
119 31951 3.0 1.87
120 32092 3.0 1.89
121 32224 3.0 1.91
122 32388 3.0 1.93
123 32529 3.0 1.95
124 32683 3.0 1.97
125 32857 3.0 1.99
126 32997 3.0 2.01
127 33088 3.0 2.03
128 33268 3.0 2.05
129 33372 3.0 2.07
130 33476 3.0 2.09
131 33594 3.0 2.11
132 33803 3.0 2.13
133 33941 3.0 2.15
134 34133 3.0 2.17
135 34208 3.0 2.19
136 34271 3.0 2.21
137 34431 3.0 2.23
138 34599 3.0 2.25
139 34694 3.0 2.27
140 34873 3.0 2.29
141 35141 3.0 2.31
142 35337 3.0 2.33
143 35555 3.0 2.35
144 35688 3.0 2.37
145 35810 3.0 2.39
146 35978 3.0 2.41
147 36181 3.0 2.43
148 36329 3.0 2.45
149 36426 3.0 2.47
150 36719 3.0 2.49
151 36878 3.0 2.51
152 37020 3.0 2.53
153 37113 3.0 2.55
154 37238 3.0 2.57
155 37376 3.0 2.59
156 37572 3.0 2.61
157 37742 3.0 2.63
158 37869 3.0 2.65
159 38074 3.0 2.67
160 38171 3.0 2.68
161 38269 3.0 2.7
162 38357 3.0 2.72
163 38562 3.0 2.74
164 38727 3.0 2.75
165 38892 3.0 2.76
166 38986 3.0 2.77
167 39169 3.0 2.78
168 39323 3.0 2.79
169 39479 3.0 2.8
170 39632 3.0 2.81
171 39725 3.0 2.83
172 39880 3.0 2.84
173 39983 3.0 2.85
174 40164 3.0 2.87
175 40321 3.0 2.89
176 40442 3.0 2.9
177 40568 3.0 2.91
178 40665 3.0 2.92
179 40828 3.0 2.94
180 40894 3.0 2.95
181 41078 3.0 2.96
182 41261 3.0 2.96
183 41424 3.0 2.97
184 41549 3.0 2.98
185 41668 3.0 2.99
186 41780 3.0 3.0
187 41951 3.0 3.0
188 42096 3.0 3.0
189 42226 3.0 3.0
190 42414 3.0 3.0
191 42568 3.0 3.0
192 42679 3.0 3.0
193 42800 3.0 3.0
194 42927 3.0 3.0
195 42998 3.0 3.0
196 43237 3.0 3.0
197 43360 3.0 3.0
198 43489 3.0 3.0
199 43587 3.0 3.0
200 43730 3.0 3.0
201 43875 3.0 3.0
202 43994 3.0 3.0
203 44112 3.0 3.0
204 44266 3.0 3.0
205 44498 3.0 3.0
206 44569 3.0 3.0
207 44668 3.0 3.0
208 44846 3.0 3.0
209 44925 3.0 3.0
210 45091 3.0 3.0
211 45243 3.0 3.0
212 45371 3.0 3.0
213 45671 1.0 2.98
214 45801 3.0 2.98
215 45968 3.0 2.98
216 46084 3.0 2.98
217 46244 3.0 2.98
218 46394 3.0 2.98
219 46475 3.0 2.98
220 46602 3.0 2.98
221 46719 3.0 2.98
222 46944 3.0 2.98
223 47088 3.0 2.98
224 47169 3.0 2.98
225 47334 3.0 2.98
226 47422 3.0 2.98
227 47613 3.0 2.98
228 47828 3.0 2.98
229 47972 3.0 2.98
230 48062 3.0 2.98
231 48174 3.0 2.98
232 48296 3.0 2.98
233 48455 3.0 2.98
234 48583 3.0 2.98
235 48736 3.0 2.98
236 48949 3.0 2.98
237 49076 3.0 2.98
238 49184 3.0 2.98
239 49357 3.0 2.98
240 49449 3.0 2.98
241 49559 3.0 2.98
242 49706 3.0 2.98
243 49814 3.0 2.98
244 49913 3.0 2.98
245 50096 3.0 2.98
246 50210 3.0 2.98
247 50416 3.0 2.98
248 50525 3.0 2.98
249 50637 3.0 2.98
250 50731 3.0 2.98
251 50803 3.0 2.98
252 50907 3.0 2.98
253 51065 3.0 2.98
254 51199 3.0 2.98
255 51379 3.0 2.98
256 51460 3.0 2.98
257 51559 3.0 2.98
258 51689 3.0 2.98
259 51916 3.0 2.98
260 52078 3.0 2.98
261 52192 3.0 2.98
262 52290 3.0 2.98
263 52522 3.0 2.98
264 52703 3.0 2.98
265 52820 3.0 2.98
266 52954 3.0 2.98
267 53015 3.0 2.98
268 53189 3.0 2.98
269 53288 3.0 2.98
270 53440 3.0 2.98
271 53572 3.0 2.98
272 53688 3.0 2.98
273 53778 3.0 2.98
274 53902 3.0 2.98
275 54007 3.0 2.98
276 54106 3.0 2.98
277 54222 3.0 2.98
278 54345 3.0 2.98
279 54519 3.0 2.98
280 54646 3.0 2.98
281 54741 3.0 2.98
282 54862 3.0 2.98
283 54996 3.0 2.98
284 55137 3.0 2.98
285 55288 3.0 2.98
286 55450 3.0 2.98
287 55556 3.0 2.98
288 55667 3.0 2.98
289 55745 3.0 2.98
290 55826 3.0 2.98
291 55945 3.0 2.98
292 56142 3.0 2.98
293 56250 3.0 2.98
294 56369 3.0 2.98
295 56503 3.0 2.98
296 56644 3.0 2.98
297 56737 3.0 2.98
298 56847 3.0 2.98
299 56944 3.0 2.98
300 57014 3.0 2.98
301 57082 3.0 2.98
302 57190 3.0 2.98
303 57340 3.0 2.98
304 57453 3.0 2.98
305 57638 3.0 2.98
306 57812 3.0 2.98
307 57923 3.0 2.98
308 58061 3.0 2.98
309 58164 3.0 2.98
310 58300 3.0 2.98
311 58484 3.0 2.98
312 58587 3.0 2.98
313 58724 3.0 3.0
314 58900 3.0 3.0
315 58976 3.0 3.0
316 59126 3.0 3.0
317 59273 3.0 3.0
318 59426 3.0 3.0
319 59562 3.0 3.0
320 59671 3.0 3.0
321 59783 3.0 3.0
322 59875 3.0 3.0
323 60019 3.0 3.0
324 60153 3.0 3.0
325 60257 3.0 3.0
326 60411 3.0 3.0
327 60579 3.0 3.0
328 60697 3.0 3.0
329 60807 3.0 3.0
330 60971 3.0 3.0
331 61144 3.0 3.0
332 61250 3.0 3.0
333 61393 3.0 3.0
334 61478 3.0 3.0
335 61570 3.0 3.0
336 61640 3.0 3.0
337 61730 3.0 3.0
338 61876 3.0 3.0
339 61975 3.0 3.0
340 62119 3.0 3.0
341 62223 3.0 3.0
342 62305 3.0 3.0
343 62373 3.0 3.0
344 62476 3.0 3.0
345 62564 3.0 3.0
346 62641 3.0 3.0
347 62731 3.0 3.0
348 62830 3.0 3.0
349 63016 3.0 3.0
350 63100 3.0 3.0
351 63206 3.0 3.0
352 63378 3.0 3.0
353 63490 3.0 3.0
354 63557 3.0 3.0
355 63680 3.0 3.0
356 63775 3.0 3.0
357 63900 3.0 3.0
358 64003 3.0 3.0
359 64147 3.0 3.0
360 64238 3.0 3.0
361 64397 3.0 3.0
362 64480 3.0 3.0
363 64552 3.0 3.0
364 64766 3.0 3.0
365 64892 3.0 3.0
366 65080 3.0 3.0
367 65253 3.0 3.0
368 65378 3.0 3.0
369 65510 3.0 3.0
370 65656 3.0 3.0
371 65741 3.0 3.0
372 65875 3.0 3.0
373 65983 3.0 3.0
374 66100 3.0 3.0
375 66222 3.0 3.0
376 66345 3.0 3.0
377 66455 3.0 3.0
378 66535 3.0 3.0
379 66635 3.0 3.0
380 66756 3.0 3.0
381 66870 3.0 3.0
382 66980 3.0 3.0
383 67094 3.0 3.0
384 67163 3.0 3.0
385 67244 3.0 3.0
386 67345 3.0 3.0
387 67461 3.0 3.0
388 67609 3.0 3.0
389 67694 3.0 3.0
390 67763 3.0 3.0
391 67879 3.0 3.0
392 67969 3.0 3.0
393 68064 3.0 3.0
394 68172 3.0 3.0
395 68313 3.0 3.0
396 68401 3.0 3.0
397 68525 3.0 3.0
398 68619 3.0 3.0
399 68732 3.0 3.0
400 68860 3.0 3.0
401 68932 3.0 3.0
402 69015 3.0 3.0
403 69196 3.0 3.0
404 69312 3.0 3.0
405 69568 3.0 3.0
406 69696 3.0 3.0
407 69810 3.0 3.0
408 69948 3.0 3.0
409 70084 3.0 3.0
410 70169 3.0 3.0
411 70263 3.0 3.0
412 70369 3.0 3.0
413 70464 3.0 3.0
414 70658 3.0 3.0
415 70749 3.0 3.0
416 70831 3.0 3.0
417 70932 3.0 3.0
418 71009 3.0 3.0
419 71171 3.0 3.0
420 71255 3.0 3.0
421 71414 3.0 3.0
422 71556 3.0 3.0
423 71646 3.0 3.0
424 71750 3.0 3.0
425 71901 3.0 3.0
426 72026 3.0 3.0
427 72096 3.0 3.0
428 72221 3.0 3.0
429 72309 3.0 3.0
430 72437 3.0 3.0
431 72540 3.0 3.0
432 72677 3.0 3.0
433 72776 3.0 3.0
434 72913 3.0 3.0
435 73021 3.0 3.0
436 73135 3.0 3.0
437 73254 3.0 3.0
438 73348 3.0 3.0
439 73472 3.0 3.0
440 73582 3.0 3.0
441 73657 3.0 3.0
442 73796 3.0 3.0
443 73946 3.0 3.0
444 74093 3.0 3.0
445 74234 3.0 3.0
446 74335 3.0 3.0
447 74452 3.0 3.0
448 74526 3.0 3.0
449 74705 3.0 3.0
450 74814 3.0 3.0
451 74902 3.0 3.0
452 75023 3.0 3.0
453 75118 3.0 3.0
454 75273 3.0 3.0
455 75335 3.0 3.0
456 75480 3.0 3.0
457 75644 3.0 3.0
458 75738 3.0 3.0
459 75904 3.0 3.0
460 75964 3.0 3.0
461 76042 3.0 3.0
462 76155 3.0 3.0
463 76283 3.0 3.0
464 76396 3.0 3.0
465 76544 3.0 3.0
466 76686 3.0 3.0
467 76818 3.0 3.0
468 76877 3.0 3.0
469 77004 3.0 3.0
470 77200 3.0 3.0
471 77323 3.0 3.0
472 77419 3.0 3.0
473 77543 3.0 3.0
474 77637 3.0 3.0
475 77770 3.0 3.0
476 77927 3.0 3.0
477 78010 3.0 3.0
478 78096 3.0 3.0
479 78241 3.0 3.0
480 78340 3.0 3.0
481 78457 3.0 3.0
482 78567 3.0 3.0
483 78626 3.0 3.0
484 78756 3.0 3.0
485 78848 3.0 3.0
486 78963 3.0 3.0
487 79063 3.0 3.0
488 79207 3.0 3.0
489 79376 3.0 3.0
490 79476 3.0 3.0
491 79564 3.0 3.0
492 79641 3.0 3.0
493 79755 3.0 3.0
494 79905 3.0 3.0
495 80033 3.0 3.0
496 80107 3.0 3.0
497 80166 3.0 3.0
498 80263 3.0 3.0
499 80363 3.0 3.0
500 80449 3.0 3.0
501 80577 3.0 3.0
502 80681 3.0 3.0
503 80755 3.0 3.0
504 80858 3.0 3.0
505 80932 3.0 3.0
506 81006 3.0 3.0
507 81156 3.0 3.0
508 81294 3.0 3.0
509 81400 3.0 3.0
510 81538 3.0 3.0
511 81668 3.0 3.0
512 81799 3.0 3.0
513 81916 3.0 3.0
514 82047 3.0 3.0
515 82144 3.0 3.0
516 82295 3.0 3.0
517 82396 3.0 3.0
518 82500 3.0 3.0
519 82635 3.0 3.0
520 82773 3.0 3.0
521 82871 3.0 3.0
522 82988 3.0 3.0
523 83074 3.0 3.0
524 83197 3.0 3.0
525 83285 3.0 3.0
526 83399 3.0 3.0
527 83503 3.0 3.0
528 83614 3.0 3.0
529 83705 3.0 3.0
530 83820 3.0 3.0
531 84003 3.0 3.0
532 84144 3.0 3.0
533 84290 3.0 3.0
534 84412 3.0 3.0
535 84527 3.0 3.0
536 84619 3.0 3.0
537 84730 3.0 3.0
538 84863 3.0 3.0
539 84967 3.0 3.0
540 85038 3.0 3.0
541 85135 3.0 3.0
542 85255 3.0 3.0
543 85350 3.0 3.0
544 85456 3.0 3.0
545 85577 3.0 3.0
546 85659 3.0 3.0
547 85727 3.0 3.0
548 85836 3.0 3.0
549 86003 3.0 3.0
550 86175 3.0 3.0
551 86297 3.0 3.0
552 86424 3.0 3.0
553 86549 3.0 3.0
554 86648 3.0 3.0
555 86878 3.0 3.0
556 86962 3.0 3.0
557 87149 3.0 3.0
558 87269 3.0 3.0
559 87374 3.0 3.0
560 87514 3.0 3.0
561 87625 3.0 3.0
562 87698 3.0 3.0
563 87810 3.0 3.0
564 87898 3.0 3.0
565 88020 3.0 3.0
566 88146 3.0 3.0
567 88278 3.0 3.0
568 88423 3.0 3.0
569 88530 3.0 3.0
570 88623 3.0 3.0
571 88711 3.0 3.0
572 88834 3.0 3.0
573 88917 3.0 3.0
574 89092 3.0 3.0
575 89208 3.0 3.0
576 89360 3.0 3.0
577 89468 3.0 3.0
578 89615 3.0 3.0
579 89752 3.0 3.0
580 89871 3.0 3.0
581 89957 3.0 3.0
582 90066 3.0 3.0
583 90198 3.0 3.0
584 90309 3.0 3.0
585 90402 3.0 3.0
586 90529 3.0 3.0
587 90620 3.0 3.0
588 90743 3.0 3.0
589 90855 3.0 3.0
590 91045 3.0 3.0
591 91146 3.0 3.0
592 91261 3.0 3.0
593 91379 3.0 3.0
594 91491 3.0 3.0
595 91664 3.0 3.0
596 91734 3.0 3.0
597 91865 3.0 3.0
598 91986 3.0 3.0
599 92077 3.0 3.0
600 92167 3.0 3.0
601 92343 3.0 3.0
602 92494 3.0 3.0
603 92611 3.0 3.0
604 92686 3.0 3.0
605 92804 3.0 3.0
606 92893 3.0 3.0
607 93020 3.0 3.0
608 93098 3.0 3.0
609 93215 3.0 3.0
610 93310 3.0 3.0
611 93467 3.0 3.0
612 93542 3.0 3.0
613 93619 3.0 3.0
614 93756 3.0 3.0
615 93900 3.0 3.0
616 94021 3.0 3.0
617 94157 3.0 3.0
618 94241 3.0 3.0
619 94332 3.0 3.0
620 94509 3.0 3.0
621 94604 3.0 3.0
622 94708 3.0 3.0
623 94810 3.0 3.0
624 94933 3.0 3.0
625 95029 3.0 3.0
626 95221 3.0 3.0
627 95301 3.0 3.0
628 95414 3.0 3.0
629 95502 3.0 3.0
630 95648 3.0 3.0
631 95757 3.0 3.0
632 95854 3.0 3.0
633 95946 3.0 3.0
634 96056 3.0 3.0
635 96204 3.0 3.0
636 96314 3.0 3.0
637 96445 3.0 3.0
638 96644 3.0 3.0
639 96712 3.0 3.0
640 96875 3.0 3.0
641 96966 3.0 3.0
642 97027 3.0 3.0
643 97149 3.0 3.0
644 97252 3.0 3.0
645 97366 3.0 3.0
646 97471 3.0 3.0
647 97571 3.0 3.0
648 97683 3.0 3.0
649 97757 3.0 3.0
650 97905 3.0 3.0
651 97985 3.0 3.0
652 98094 3.0 3.0
653 98225 3.0 3.0
654 98385 3.0 3.0
655 98480 3.0 3.0
656 98583 3.0 3.0
657 98699 3.0 3.0
658 98781 3.0 3.0
659 98877 3.0 3.0
660 98969 3.0 3.0
661 99059 3.0 3.0
662 99143 3.0 3.0
663 99213 3.0 3.0
664 99353 3.0 3.0
665 99445 3.0 3.0
666 99523 3.0 3.0
667 99603 3.0 3.0
668 99762 3.0 3.0
669 99918 3.0 3.0
670 100050 3.0 3.0
671 100146 3.0 3.0
672 100234 3.0 3.0
673 100339 3.0 3.0
674 100449 3.0 3.0
675 100584 3.0 3.0
676 100747 3.0 3.0
677 100833 3.0 3.0
678 100974 3.0 3.0
679 101074 3.0 3.0
680 101225 3.0 3.0
681 101323 3.0 3.0
682 101409 3.0 3.0
683 101522 3.0 3.0
684 101626 3.0 3.0
685 101767 3.0 3.0
686 101892 3.0 3.0
687 102021 3.0 3.0
688 102194 3.0 3.0
689 102330 3.0 3.0
690 102452 3.0 3.0
691 102609 3.0 3.0
692 102689 3.0 3.0
693 102779 3.0 3.0
694 102901 3.0 3.0
695 103026 3.0 3.0
696 103154 3.0 3.0
697 103292 3.0 3.0
698 103419 3.0 3.0
699 103528 3.0 3.0
700 103632 3.0 3.0
701 103716 3.0 3.0
702 103795 3.0 3.0
703 103881 3.0 3.0
704 104003 3.0 3.0
705 104129 3.0 3.0
706 104223 3.0 3.0
707 104286 3.0 3.0
708 104391 3.0 3.0
709 104507 3.0 3.0
710 104579 3.0 3.0
711 104687 3.0 3.0
712 104791 3.0 3.0
713 104883 3.0 3.0
714 104980 3.0 3.0
715 105101 3.0 3.0
716 105208 3.0 3.0
717 105284 3.0 3.0
718 105382 3.0 3.0
719 105460 3.0 3.0
720 105589 3.0 3.0
721 105678 3.0 3.0
722 105743 3.0 3.0
723 105877 3.0 3.0
724 106011 3.0 3.0
725 106102 3.0 3.0
726 106202 3.0 3.0
727 106324 3.0 3.0
728 106425 3.0 3.0
729 106556 3.0 3.0
730 106645 3.0 3.0
731 106728 3.0 3.0
732 106863 3.0 3.0
733 106974 3.0 3.0
734 107050 3.0 3.0
735 107164 3.0 3.0
736 107247 3.0 3.0
737 107376 3.0 3.0
738 107502 3.0 3.0
739 107618 3.0 3.0
740 107708 3.0 3.0
741 107813 3.0 3.0
742 107934 3.0 3.0
743 108029 3.0 3.0
744 108176 3.0 3.0
745 108270 3.0 3.0
746 108351 3.0 3.0
747 108456 3.0 3.0
748 108578 3.0 3.0
749 108722 3.0 3.0
750 108791 3.0 3.0
751 108893 3.0 3.0
752 109005 3.0 3.0
753 109088 3.0 3.0
754 109255 3.0 3.0
755 109380 3.0 3.0
756 109521 3.0 3.0
757 109588 3.0 3.0
758 109737 3.0 3.0
759 109849 3.0 3.0
760 109958 3.0 3.0
761 110060 3.0 3.0
762 110176 3.0 3.0
763 110275 3.0 3.0
764 110413 3.0 3.0
765 110517 3.0 3.0
766 110610 3.0 3.0
767 110694 3.0 3.0
768 110819 3.0 3.0
769 110946 3.0 3.0
770 111066 3.0 3.0
771 111166 3.0 3.0
772 111309 3.0 3.0
773 111411 3.0 3.0
774 111486 3.0 3.0
775 111603 3.0 3.0
776 111673 3.0 3.0
777 111806 3.0 3.0
778 111898 3.0 3.0
779 112048 3.0 3.0
780 112156 3.0 3.0
781 112247 3.0 3.0
782 112353 3.0 3.0
783 112413 3.0 3.0
784 112513 3.0 3.0
785 112628 3.0 3.0
786 112718 3.0 3.0
787 112833 3.0 3.0
788 112944 3.0 3.0
789 113048 3.0 3.0
790 113200 3.0 3.0
791 113271 3.0 3.0
792 113342 3.0 3.0
793 113424 3.0 3.0
794 113558 3.0 3.0
795 113695 3.0 3.0
796 113807 3.0 3.0
797 113898 3.0 3.0
798 114009 3.0 3.0
799 114103 3.0 3.0
800 114215 3.0 3.0
801 114327 3.0 3.0
802 114423 3.0 3.0
803 114491 3.0 3.0
804 114583 3.0 3.0
805 114728 3.0 3.0
806 114800 3.0 3.0
807 114924 3.0 3.0
808 115031 3.0 3.0
809 115161 3.0 3.0
810 115250 3.0 3.0
811 115384 3.0 3.0
812 115487 3.0 3.0
813 115654 3.0 3.0
814 115759 3.0 3.0
815 115858 3.0 3.0
816 116022 3.0 3.0
817 116106 3.0 3.0
818 116202 3.0 3.0
819 116284 3.0 3.0
820 116408 3.0 3.0
821 116478 3.0 3.0
822 116625 3.0 3.0
823 116720 3.0 3.0
824 116822 3.0 3.0
825 116931 3.0 3.0
826 117021 3.0 3.0
827 117144 3.0 3.0
828 117242 3.0 3.0
829 117346 3.0 3.0
830 117447 3.0 3.0
831 117585 3.0 3.0
832 117671 3.0 3.0
833 117765 3.0 3.0
834 117867 3.0 3.0
835 117967 3.0 3.0
836 118063 3.0 3.0
837 118153 3.0 3.0
838 118244 3.0 3.0
839 118319 3.0 3.0
840 118453 3.0 3.0
841 118549 3.0 3.0
842 118649 3.0 3.0
843 118748 3.0 3.0
844 118843 3.0 3.0
845 118926 3.0 3.0
846 119006 3.0 3.0
847 119113 3.0 3.0
848 119247 3.0 3.0
849 119332 3.0 3.0
850 119399 3.0 3.0
851 119492 3.0 3.0
852 119569 3.0 3.0
853 119663 3.0 3.0
854 119803 3.0 3.0
855 119932 3.0 3.0
856 120021 3.0 3.0
857 120093 3.0 3.0
858 120168 3.0 3.0
859 120307 3.0 3.0
860 120410 3.0 3.0
861 120531 3.0 3.0
862 120683 3.0 3.0
863 120777 3.0 3.0
864 120848 3.0 3.0
865 120991 3.0 3.0
866 121116 3.0 3.0
867 121220 3.0 3.0
868 121323 3.0 3.0
869 121408 3.0 3.0
870 121503 3.0 3.0
871 121593 3.0 3.0
872 121692 3.0 3.0
873 121783 3.0 3.0
874 121908 3.0 3.0
875 122031 3.0 3.0
876 122113 3.0 3.0
877 122200 3.0 3.0
878 122290 3.0 3.0
879 122393 3.0 3.0
880 122485 3.0 3.0
881 122599 3.0 3.0
882 122707 3.0 3.0
883 122875 3.0 3.0
884 122988 3.0 3.0
885 123087 3.0 3.0
886 123197 3.0 3.0
887 123287 3.0 3.0
888 123390 3.0 3.0
889 123527 3.0 3.0
890 123620 3.0 3.0
891 123757 3.0 3.0
892 123937 3.0 3.0
893 124087 3.0 3.0
894 124263 3.0 3.0
895 124446 3.0 3.0
896 124509 3.0 3.0
897 124617 3.0 3.0
898 124715 3.0 3.0
899 124789 3.0 3.0
900 124915 3.0 3.0
901 125036 3.0 3.0
902 125138 3.0 3.0
903 125247 3.0 3.0
904 125376 3.0 3.0
905 125480 3.0 3.0
906 125590 3.0 3.0
907 125721 3.0 3.0
908 125811 3.0 3.0
909 125903 3.0 3.0
910 126008 3.0 3.0
911 126130 3.0 3.0
912 126212 3.0 3.0
913 126323 3.0 3.0
914 126396 3.0 3.0
915 126484 3.0 3.0
916 126574 3.0 3.0
917 126668 3.0 3.0
918 126772 3.0 3.0
919 126849 3.0 3.0
920 126973 3.0 3.0
921 127064 3.0 3.0
922 127156 3.0 3.0
923 127222 3.0 3.0
924 127305 3.0 3.0
925 127392 3.0 3.0
926 127579 3.0 3.0
927 127683 3.0 3.0
928 127777 3.0 3.0
929 127923 3.0 3.0
930 128011 3.0 3.0
931 128107 3.0 3.0
932 128194 3.0 3.0
933 128274 3.0 3.0
934 128347 3.0 3.0
935 128482 3.0 3.0
936 128589 3.0 3.0
937 128683 3.0 3.0
938 128805 3.0 3.0
939 128910 3.0 3.0
940 128986 3.0 3.0
941 129104 3.0 3.0
942 129168 3.0 3.0
943 129277 3.0 3.0
944 129381 3.0 3.0
945 129533 3.0 3.0
946 129603 3.0 3.0
947 129771 3.0 3.0
948 129875 3.0 3.0
949 129962 3.0 3.0
950 130033 3.0 3.0
951 130133 3.0 3.0
952 130249 3.0 3.0
953 130354 3.0 3.0
954 130438 3.0 3.0
955 130520 3.0 3.0
956 130621 3.0 3.0
957 130727 3.0 3.0
958 130841 3.0 3.0
959 130918 3.0 3.0
960 131016 3.0 3.0
961 131095 3.0 3.0
962 131170 3.0 3.0
963 131305 3.0 3.0
964 131404 3.0 3.0
965 131519 3.0 3.0
966 131592 3.0 3.0
967 131685 3.0 3.0
968 131853 3.0 3.0
969 131922 3.0 3.0
970 132035 3.0 3.0
971 132131 3.0 3.0
972 132240 3.0 3.0
973 132348 3.0 3.0
974 132465 3.0 3.0
975 132634 3.0 3.0
976 132702 3.0 3.0
977 132786 3.0 3.0
978 132892 3.0 3.0
979 133021 3.0 3.0
980 133105 3.0 3.0
981 133218 3.0 3.0
982 133350 3.0 3.0
983 133438 3.0 3.0
984 133527 3.0 3.0
985 133616 3.0 3.0
986 133728 3.0 3.0
987 133831 3.0 3.0
988 133957 3.0 3.0
989 134032 3.0 3.0
990 134145 3.0 3.0
991 134225 3.0 3.0
992 134348 3.0 3.0
993 134433 3.0 3.0
994 134523 3.0 3.0
995 134614 3.0 3.0
996 134727 3.0 3.0
997 134842 3.0 3.0
998 134940 3.0 3.0
999 135026 3.0 3.0
1000 135131 3.0 3.0
1001 135210 3.0 3.0
1002 135300 3.0 3.0
1003 135405 3.0 3.0
1004 135556 3.0 3.0
1005 135664 3.0 3.0
1006 135760 3.0 3.0
1007 135859 3.0 3.0
1008 135945 3.0 3.0
1009 136013 3.0 3.0
1010 136087 3.0 3.0
1011 136273 3.0 3.0
1012 136362 3.0 3.0
1013 136463 3.0 3.0
1014 136580 3.0 3.0
1015 136738 3.0 3.0
1016 136868 3.0 3.0
1017 136944 3.0 3.0
1018 137035 3.0 3.0
1019 137173 3.0 3.0
1020 137280 3.0 3.0
1021 137379 3.0 3.0
1022 137458 3.0 3.0
1023 137606 3.0 3.0
1024 137707 3.0 3.0
1025 137794 3.0 3.0
1026 137891 3.0 3.0
1027 137965 3.0 3.0
1028 138070 3.0 3.0
1029 138140 3.0 3.0
1030 138209 3.0 3.0
1031 138325 3.0 3.0
1032 138456 3.0 3.0
1033 138593 3.0 3.0
1034 138781 3.0 3.0
1035 138909 3.0 3.0
1036 139012 3.0 3.0
1037 139165 3.0 3.0
1038 139244 3.0 3.0
1039 139351 3.0 3.0
1040 139469 3.0 3.0
1041 139689 3.0 3.0
1042 139814 3.0 3.0
1043 139916 3.0 3.0
1044 140089 3.0 3.0
1045 140166 3.0 3.0
1046 140295 3.0 3.0
1047 140407 3.0 3.0
1048 140590 3.0 3.0
1049 140693 3.0 3.0
1050 140753 3.0 3.0
1051 140843 3.0 3.0
1052 140931 3.0 3.0
1053 141073 3.0 3.0
1054 141174 3.0 3.0
1055 141284 3.0 3.0
1056 141375 3.0 3.0
1057 141481 3.0 3.0
1058 141565 3.0 3.0
1059 141659 3.0 3.0
1060 141729 3.0 3.0
1061 141856 3.0 3.0
1062 141933 3.0 3.0
1063 142018 3.0 3.0
1064 142122 3.0 3.0
1065 142201 3.0 3.0
1066 142314 3.0 3.0
1067 142385 3.0 3.0
1068 142466 3.0 3.0
1069 142564 3.0 3.0
1070 142657 3.0 3.0
1071 142821 3.0 3.0
1072 142966 3.0 3.0
1073 143035 3.0 3.0
1074 143159 3.0 3.0
1075 143323 3.0 3.0
1076 143406 3.0 3.0
1077 143499 3.0 3.0
1078 143573 3.0 3.0
1079 143686 3.0 3.0
1080 143760 3.0 3.0
1081 143927 3.0 3.0
1082 144043 3.0 3.0
1083 144138 3.0 3.0
1084 144254 3.0 3.0
1085 144365 3.0 3.0
1086 144448 3.0 3.0
1087 144555 3.0 3.0
1088 144655 3.0 3.0
1089 144784 3.0 3.0
1090 144866 3.0 3.0
1091 144974 3.0 3.0
1092 145083 3.0 3.0
1093 145180 3.0 3.0
1094 145308 3.0 3.0
1095 145398 3.0 3.0
1096 145511 3.0 3.0
1097 145612 3.0 3.0
1098 145720 3.0 3.0
1099 145826 3.0 3.0
1100 145922 3.0 3.0
1101 146015 3.0 3.0
1102 146131 3.0 3.0
1103 146245 3.0 3.0
1104 146337 3.0 3.0
1105 146425 3.0 3.0
1106 146522 3.0 3.0
1107 146668 3.0 3.0
1108 146738 3.0 3.0
1109 146886 3.0 3.0
1110 146968 3.0 3.0
1111 147055 3.0 3.0
1112 147142 3.0 3.0
1113 147268 3.0 3.0
1114 147404 3.0 3.0
1115 147538 3.0 3.0
1116 147623 3.0 3.0
1117 147698 3.0 3.0
1118 147776 3.0 3.0
1119 147900 3.0 3.0
1120 147987 3.0 3.0
1121 148094 3.0 3.0
1122 148194 3.0 3.0
1123 148297 3.0 3.0
1124 148441 3.0 3.0
1125 148550 3.0 3.0
1126 148739 3.0 3.0
1127 148868 3.0 3.0
1128 148962 3.0 3.0
1129 149090 3.0 3.0
1130 149166 3.0 3.0
1131 149385 3.0 3.0
1132 149474 3.0 3.0
1133 149571 3.0 3.0
1134 149657 3.0 3.0
1135 149742 3.0 3.0
1136 149843 3.0 3.0
1137 149913 3.0 3.0
1138 150060 3.0 3.0
1139 150158 3.0 3.0
1140 150278 3.0 3.0
1141 150384 3.0 3.0
1142 150511 3.0 3.0
1143 150607 3.0 3.0
1144 150726 3.0 3.0
1145 150825 3.0 3.0
1146 150932 3.0 3.0
1147 150992 3.0 3.0
1148 151078 3.0 3.0
1149 151165 3.0 3.0
1150 151248 3.0 3.0
1151 151330 3.0 3.0
1152 151460 3.0 3.0
1153 151553 3.0 3.0
1154 151708 3.0 3.0
1155 151826 3.0 3.0
1156 151892 3.0 3.0
1157 151964 3.0 3.0
1158 152060 3.0 3.0
1159 152150 3.0 3.0
1160 152243 3.0 3.0
1161 152353 3.0 3.0
1162 152434 3.0 3.0
1163 152549 3.0 3.0
1164 152639 3.0 3.0
1165 152722 3.0 3.0
1166 152799 3.0 3.0
1167 152907 3.0 3.0
1168 153019 3.0 3.0
1169 153126 3.0 3.0
1170 153268 3.0 3.0
1171 153358 3.0 3.0
1172 153449 3.0 3.0
1173 153544 3.0 3.0
1174 153651 3.0 3.0
1175 153937 3.0 3.0
1176 154021 3.0 3.0
1177 154102 3.0 3.0
1178 154163 3.0 3.0
1179 154254 3.0 3.0
1180 154371 3.0 3.0
1181 154492 3.0 3.0
1182 154665 3.0 3.0
1183 154785 3.0 3.0
1184 154871 3.0 3.0
1185 154941 3.0 3.0
1186 155032 3.0 3.0
1187 155188 3.0 3.0
1188 155281 3.0 3.0
1189 155389 3.0 3.0
1190 155503 3.0 3.0
1191 155612 3.0 3.0
1192 155684 3.0 3.0
1193 155778 3.0 3.0
1194 155937 3.0 3.0
1195 156033 3.0 3.0
1196 156149 3.0 3.0
1197 156314 3.0 3.0
1198 156401 3.0 3.0
1199 156511 3.0 3.0
1200 156596 3.0 3.0
1201 156694 3.0 3.0
1202 156786 3.0 3.0
1203 156860 3.0 3.0
1204 157005 3.0 3.0
1205 157096 3.0 3.0
1206 157279 3.0 3.0
1207 157382 3.0 3.0
1208 157493 3.0 3.0
1209 157620 3.0 3.0
1210 157707 3.0 3.0
1211 157825 3.0 3.0
1212 157893 3.0 3.0
1213 158006 3.0 3.0
1214 158085 3.0 3.0
1215 158186 3.0 3.0
1216 158255 3.0 3.0
1217 158354 3.0 3.0
1218 158447 3.0 3.0
1219 158557 3.0 3.0
1220 158657 3.0 3.0
1221 158723 3.0 3.0
1222 158797 3.0 3.0
1223 158881 3.0 3.0
1224 159052 3.0 3.0
1225 159148 3.0 3.0
1226 159310 3.0 3.0
1227 159424 3.0 3.0
1228 159527 3.0 3.0
1229 159598 3.0 3.0
1230 159673 3.0 3.0
1231 159775 3.0 3.0
1232 159910 3.0 3.0
1233 160016 3.0 3.0
1234 160091 3.0 3.0
1235 160240 3.0 3.0
1236 160320 3.0 3.0
1237 160441 3.0 3.0
1238 160549 3.0 3.0
1239 160650 3.0 3.0
1240 160768 3.0 3.0
1241 160898 3.0 3.0
1242 161030 3.0 3.0
1243 161161 3.0 3.0
1244 161260 3.0 3.0
1245 161364 3.0 3.0
1246 161455 3.0 3.0
1247 161564 3.0 3.0
1248 161670 3.0 3.0
1249 161772 3.0 3.0
1250 161891 3.0 3.0
1251 162010 3.0 3.0
1252 162091 3.0 3.0
1253 162172 3.0 3.0
1254 162281 3.0 3.0
1255 162372 3.0 3.0
1256 162469 3.0 3.0
1257 162576 3.0 3.0
1258 162670 3.0 3.0
1259 162750 3.0 3.0
1260 162896 3.0 3.0
1261 162995 3.0 3.0
1262 163095 3.0 3.0
1263 163171 3.0 3.0
1264 163277 3.0 3.0
1265 163379 3.0 3.0
1266 163455 3.0 3.0
1267 163526 3.0 3.0
1268 163611 3.0 3.0
1269 163731 3.0 3.0
1270 163827 3.0 3.0
1271 163935 3.0 3.0
1272 164025 3.0 3.0
1273 164115 3.0 3.0
1274 164242 3.0 3.0
1275 164324 3.0 3.0
1276 164417 3.0 3.0
1277 164499 3.0 3.0
1278 164615 3.0 3.0
1279 164701 3.0 3.0
1280 164816 3.0 3.0
1281 164917 3.0 3.0
1282 164999 3.0 3.0
1283 165144 3.0 3.0
1284 165237 3.0 3.0
1285 165315 3.0 3.0
1286 165409 3.0 3.0
1287 165506 3.0 3.0
1288 165583 3.0 3.0
1289 165690 3.0 3.0
1290 165815 3.0 3.0
1291 165886 3.0 3.0
1292 165990 3.0 3.0
1293 166084 3.0 3.0
1294 166208 3.0 3.0
1295 166317 3.0 3.0
1296 166415 3.0 3.0
1297 166532 3.0 3.0
1298 166616 3.0 3.0
1299 166691 3.0 3.0
1300 166797 3.0 3.0
1301 166915 3.0 3.0
1302 167017 3.0 3.0
1303 167114 3.0 3.0
1304 167213 3.0 3.0
1305 167299 3.0 3.0
1306 167388 3.0 3.0
1307 167485 3.0 3.0
1308 167564 3.0 3.0
1309 167711 3.0 3.0
1310 167804 3.0 3.0
1311 167892 3.0 3.0
1312 167992 3.0 3.0
1313 168119 3.0 3.0
1314 168279 3.0 3.0
1315 168372 3.0 3.0
1316 168470 3.0 3.0
1317 168599 3.0 3.0
1318 168674 3.0 3.0
1319 168775 3.0 3.0
1320 168871 3.0 3.0
1321 169009 3.0 3.0
1322 169102 3.0 3.0
1323 169181 3.0 3.0
1324 169269 3.0 3.0
1325 169355 3.0 3.0
1326 169573 3.0 3.0
1327 169659 3.0 3.0
1328 169746 3.0 3.0
1329 169860 3.0 3.0
1330 169967 3.0 3.0
1331 170079 3.0 3.0
1332 170209 3.0 3.0
1333 170311 3.0 3.0
1334 170489 3.0 3.0
1335 170576 3.0 3.0
1336 170661 3.0 3.0
1337 170752 3.0 3.0
1338 170855 3.0 3.0
1339 170969 3.0 3.0
1340 171068 3.0 3.0
1341 171169 3.0 3.0
1342 171284 3.0 3.0
1343 171402 3.0 3.0
1344 171538 3.0 3.0
1345 171626 3.0 3.0
1346 171725 3.0 3.0
1347 171808 3.0 3.0
1348 171968 3.0 3.0
1349 172041 3.0 3.0
1350 172145 3.0 3.0
1351 172349 3.0 3.0
1352 172441 3.0 3.0
1353 172542 3.0 3.0
1354 172629 3.0 3.0
1355 172730 3.0 3.0
1356 172826 3.0 3.0
1357 172934 3.0 3.0
1358 173047 3.0 3.0
1359 173147 3.0 3.0
1360 173231 3.0 3.0
1361 173311 3.0 3.0
1362 173393 3.0 3.0
1363 173497 3.0 3.0
1364 173619 3.0 3.0
1365 173759 3.0 3.0
1366 173859 3.0 3.0
1367 173928 3.0 3.0
1368 174032 3.0 3.0
1369 174128 3.0 3.0
1370 174230 3.0 3.0
1371 174319 3.0 3.0
1372 174465 3.0 3.0
1373 174580 3.0 3.0
1374 174661 3.0 3.0
1375 174744 3.0 3.0
1376 174904 3.0 3.0
1377 174989 3.0 3.0
1378 175070 3.0 3.0
1379 175179 3.0 3.0
1380 175271 3.0 3.0
1381 175356 3.0 3.0
1382 175431 3.0 3.0
1383 175525 3.0 3.0
1384 175628 3.0 3.0
1385 175736 3.0 3.0
1386 175840 3.0 3.0
1387 175946 3.0 3.0
1388 176084 3.0 3.0
1389 176196 3.0 3.0
1390 176331 3.0 3.0
1391 176419 3.0 3.0
1392 176502 3.0 3.0
1393 176598 3.0 3.0
1394 176700 3.0 3.0
1395 176777 3.0 3.0
1396 176856 3.0 3.0
1397 176944 3.0 3.0
1398 177042 3.0 3.0
1399 177145 3.0 3.0
1400 177267 3.0 3.0
1401 177347 3.0 3.0
1402 177423 3.0 3.0
1403 177544 3.0 3.0
1404 177635 3.0 3.0
1405 177724 3.0 3.0
1406 177824 3.0 3.0
1407 177939 3.0 3.0
1408 178044 3.0 3.0
1409 178176 3.0 3.0
1410 178257 3.0 3.0
1411 178392 3.0 3.0
1412 178508 3.0 3.0
1413 178583 3.0 3.0
1414 178677 3.0 3.0
1415 178767 3.0 3.0
1416 178866 3.0 3.0
1417 178980 3.0 3.0
1418 179054 3.0 3.0
1419 179192 3.0 3.0
1420 179273 3.0 3.0
1421 179373 3.0 3.0
1422 179469 3.0 3.0
1423 179564 3.0 3.0
1424 179706 3.0 3.0
1425 179799 3.0 3.0
1426 179882 3.0 3.0
1427 179967 3.0 3.0
1428 180071 3.0 3.0
1429 180158 3.0 3.0
1430 180271 3.0 3.0
1431 180388 3.0 3.0
1432 180492 3.0 3.0
1433 180570 3.0 3.0
1434 180687 3.0 3.0
1435 180771 3.0 3.0
1436 180871 3.0 3.0
1437 180959 3.0 3.0
1438 181053 3.0 3.0
1439 181145 3.0 3.0
1440 181268 3.0 3.0
1441 181395 3.0 3.0
1442 181485 3.0 3.0
1443 181568 3.0 3.0
1444 181674 3.0 3.0
1445 181762 3.0 3.0
1446 181839 3.0 3.0
1447 181937 3.0 3.0
1448 182030 3.0 3.0
1449 182141 3.0 3.0
1450 182216 3.0 3.0
1451 182302 3.0 3.0
1452 182367 3.0 3.0
1453 182485 3.0 3.0
1454 182590 3.0 3.0
1455 182664 3.0 3.0
1456 182787 3.0 3.0
1457 182890 3.0 3.0
1458 182991 3.0 3.0
1459 183090 3.0 3.0
1460 183178 3.0 3.0
1461 183274 3.0 3.0
1462 183385 3.0 3.0
1463 183496 3.0 3.0
1464 183563 3.0 3.0
1465 183648 3.0 3.0
1466 183725 3.0 3.0
1467 183820 3.0 3.0
1468 183924 3.0 3.0
1469 184009 3.0 3.0
1470 184097 3.0 3.0
1471 184178 3.0 3.0
1472 184287 3.0 3.0
1473 184378 3.0 3.0
1474 184474 3.0 3.0
1475 184576 3.0 3.0
1476 184670 3.0 3.0
1477 184782 3.0 3.0
1478 184872 3.0 3.0
1479 185038 3.0 3.0
1480 185104 3.0 3.0
1481 185228 3.0 3.0
1482 185304 3.0 3.0
1483 185381 3.0 3.0
1484 185507 3.0 3.0
1485 185584 3.0 3.0
1486 185700 3.0 3.0
1487 185788 3.0 3.0
1488 185876 3.0 3.0
1489 185995 3.0 3.0
1490 186072 3.0 3.0
1491 186158 3.0 3.0
1492 186265 3.0 3.0
1493 186365 3.0 3.0
1494 186459 3.0 3.0
1495 186555 3.0 3.0
1496 186642 3.0 3.0
1497 186747 3.0 3.0
1498 186827 3.0 3.0
1499 186926 3.0 3.0
1500 187041 3.0 3.0
1501 187109 3.0 3.0
1502 187239 3.0 3.0
1503 187364 3.0 3.0
1504 187456 3.0 3.0
1505 187547 3.0 3.0
1506 187638 3.0 3.0
1507 187751 3.0 3.0
1508 187822 3.0 3.0
1509 187912 3.0 3.0
1510 188008 3.0 3.0
1511 188099 3.0 3.0
1512 188198 3.0 3.0
1513 188275 3.0 3.0
1514 188361 3.0 3.0
1515 188479 3.0 3.0
1516 188560 3.0 3.0
1517 188646 3.0 3.0
1518 188755 3.0 3.0
1519 188839 3.0 3.0
1520 188928 3.0 3.0
1521 189056 3.0 3.0
1522 189157 3.0 3.0
1523 189234 3.0 3.0
1524 189354 3.0 3.0
1525 189447 3.0 3.0
1526 189566 3.0 3.0
1527 189762 3.0 3.0
1528 189923 3.0 3.0
1529 190021 3.0 3.0
1530 190137 3.0 3.0
1531 190239 3.0 3.0
1532 190364 3.0 3.0
1533 190484 3.0 3.0
1534 190589 3.0 3.0
1535 190717 3.0 3.0
1536 190783 3.0 3.0
1537 190873 3.0 3.0
1538 190949 3.0 3.0
1539 191040 3.0 3.0
1540 191152 3.0 3.0
1541 191246 3.0 3.0
1542 191327 3.0 3.0
1543 191414 3.0 3.0
1544 191509 3.0 3.0
1545 191643 3.0 3.0
1546 191729 3.0 3.0
1547 191796 3.0 3.0
1548 191882 3.0 3.0
1549 191945 3.0 3.0
1550 192051 3.0 3.0
1551 192133 3.0 3.0
1552 192203 3.0 3.0
1553 192289 3.0 3.0
1554 192359 3.0 3.0
1555 192429 3.0 3.0
1556 192523 3.0 3.0
1557 192650 3.0 3.0
1558 192760 3.0 3.0
1559 192828 3.0 3.0
1560 192896 3.0 3.0
1561 193047 3.0 3.0
1562 193151 3.0 3.0
1563 193260 3.0 3.0
1564 193359 3.0 3.0
1565 193545 3.0 3.0
1566 193604 3.0 3.0
1567 193702 3.0 3.0
1568 193809 3.0 3.0
1569 193887 3.0 3.0
1570 194023 3.0 3.0
1571 194112 3.0 3.0
1572 194189 3.0 3.0
1573 194263 3.0 3.0
1574 194370 3.0 3.0
1575 194440 3.0 3.0
1576 194525 3.0 3.0
1577 194600 3.0 3.0
1578 194678 3.0 3.0
1579 194796 3.0 3.0
1580 194871 3.0 3.0
1581 194969 3.0 3.0
1582 195101 3.0 3.0
1583 195219 3.0 3.0
1584 195346 3.0 3.0
1585 195490 3.0 3.0
1586 195590 3.0 3.0
1587 195683 3.0 3.0
1588 195773 3.0 3.0
1589 195891 3.0 3.0
1590 195973 3.0 3.0
1591 196066 3.0 3.0
1592 196159 3.0 3.0
1593 196256 3.0 3.0
1594 196336 3.0 3.0
1595 196407 3.0 3.0
1596 196475 3.0 3.0
1597 196567 3.0 3.0
1598 196665 3.0 3.0
1599 196818 3.0 3.0
1600 196887 3.0 3.0
1601 196995 3.0 3.0
1602 197109 3.0 3.0
1603 197186 3.0 3.0
1604 197290 3.0 3.0
1605 197391 3.0 3.0
1606 197483 3.0 3.0
1607 197642 3.0 3.0
1608 197728 3.0 3.0
1609 197847 3.0 3.0
1610 197915 3.0 3.0
1611 197984 3.0 3.0
1612 198113 3.0 3.0
1613 198177 3.0 3.0
1614 198331 3.0 3.0
1615 198409 3.0 3.0
1616 198487 3.0 3.0
1617 198546 3.0 3.0
1618 198647 3.0 3.0
1619 198751 3.0 3.0
1620 198824 3.0 3.0
1621 198916 3.0 3.0
1622 199017 3.0 3.0
1623 199091 3.0 3.0
1624 199197 3.0 3.0
1625 199256 3.0 3.0
1626 199317 3.0 3.0
1627 199382 3.0 3.0
1628 199472 3.0 3.0
1629 199615 3.0 3.0
1630 199715 3.0 3.0
1631 199811 3.0 3.0
1632 199911 3.0 3.0
1633 200015 3.0 3.0
1634 200101 3.0 3.0
1635 200183 3.0 3.0
1636 200280 3.0 3.0
1637 200345 3.0 3.0
1638 200476 3.0 3.0
1639 200557 3.0 3.0
1640 200670 3.0 3.0
1641 200747 3.0 3.0
1642 200827 3.0 3.0
1643 200915 3.0 3.0
1644 201022 3.0 3.0
1645 201129 3.0 3.0
1646 201214 3.0 3.0
1647 201303 3.0 3.0
1648 201403 3.0 3.0
1649 201489 3.0 3.0
1650 201562 3.0 3.0
1651 201628 3.0 3.0
1652 201710 3.0 3.0
1653 201812 3.0 3.0
1654 201895 3.0 3.0
1655 202046 3.0 3.0
1656 202148 3.0 3.0
1657 202294 3.0 3.0
1658 202394 3.0 3.0
1659 202498 3.0 3.0
1660 202567 3.0 3.0
1661 202637 3.0 3.0
1662 202760 3.0 3.0
1663 202886 3.0 3.0
1664 202977 3.0 3.0
1665 203062 3.0 3.0
1666 203183 3.0 3.0
1667 203305 3.0 3.0
1668 203433 3.0 3.0
1669 203518 3.0 3.0
1670 203613 3.0 3.0
1671 203735 3.0 3.0
1672 203830 3.0 3.0
1673 203914 3.0 3.0
1674 204024 3.0 3.0
1675 204101 3.0 3.0
1676 204180 3.0 3.0
1677 204270 3.0 3.0
1678 204375 3.0 3.0
1679 204477 3.0 3.0
1680 204555 3.0 3.0
1681 204643 3.0 3.0
1682 204762 3.0 3.0
1683 204867 3.0 3.0
1684 204986 3.0 3.0
1685 205104 3.0 3.0
1686 205178 3.0 3.0
1687 205274 3.0 3.0
1688 205350 3.0 3.0
1689 205452 3.0 3.0
1690 205547 3.0 3.0
1691 205637 3.0 3.0
1692 205728 3.0 3.0
1693 205820 3.0 3.0
1694 205938 3.0 3.0
1695 206020 3.0 3.0
1696 206104 3.0 3.0
1697 206330 3.0 3.0
1698 206403 3.0 3.0
1699 206470 3.0 3.0
1700 206538 3.0 3.0
1701 206606 3.0 3.0
1702 206691 3.0 3.0
1703 206772 3.0 3.0
1704 206840 3.0 3.0
1705 206937 3.0 3.0
1706 207010 3.0 3.0
1707 207113 3.0 3.0
1708 207187 3.0 3.0
1709 207296 3.0 3.0
1710 207414 3.0 3.0
1711 207503 3.0 3.0
1712 207605 3.0 3.0
1713 207684 3.0 3.0
1714 207786 3.0 3.0
1715 207866 3.0 3.0
1716 207954 3.0 3.0
1717 208028 3.0 3.0
1718 208151 3.0 3.0
1719 208253 3.0 3.0
1720 208341 3.0 3.0
1721 208425 3.0 3.0
1722 208523 3.0 3.0
1723 208600 3.0 3.0
1724 208729 3.0 3.0
1725 208812 3.0 3.0
1726 208919 3.0 3.0
1727 209026 3.0 3.0
1728 209109 3.0 3.0
1729 209228 3.0 3.0
1730 209336 3.0 3.0
1731 209437 3.0 3.0
1732 209578 3.0 3.0
1733 209656 3.0 3.0
1734 209746 3.0 3.0
1735 209848 3.0 3.0
1736 209918 3.0 3.0
1737 209991 3.0 3.0
1738 210096 3.0 3.0
1739 210202 3.0 3.0
1740 210300 3.0 3.0
1741 210386 3.0 3.0
1742 210494 3.0 3.0
1743 210584 3.0 3.0
1744 210683 3.0 3.0
1745 210773 3.0 3.0
1746 210851 3.0 3.0
1747 210956 3.0 3.0
1748 211035 3.0 3.0
1749 211112 3.0 3.0
1750 211175 3.0 3.0
1751 211239 3.0 3.0
1752 211333 3.0 3.0
1753 211406 3.0 3.0
1754 211491 3.0 3.0
1755 211560 3.0 3.0
1756 211644 3.0 3.0
1757 211737 3.0 3.0
1758 211818 3.0 3.0
1759 211922 3.0 3.0
1760 212057 3.0 3.0
1761 212151 3.0 3.0
1762 212227 3.0 3.0
1763 212313 3.0 3.0
1764 212393 3.0 3.0
1765 212478 3.0 3.0
1766 212547 3.0 3.0
1767 212684 3.0 3.0
1768 212748 3.0 3.0
1769 212902 3.0 3.0
1770 213031 3.0 3.0
1771 213132 3.0 3.0
1772 213219 3.0 3.0
1773 213303 3.0 3.0
1774 213391 3.0 3.0
1775 213486 3.0 3.0
1776 213595 3.0 3.0
1777 213678 3.0 3.0
1778 213778 3.0 3.0
1779 213855 3.0 3.0
1780 213938 3.0 3.0
1781 214015 3.0 3.0
1782 214086 3.0 3.0
1783 214178 3.0 3.0
1784 214252 3.0 3.0
1785 214326 3.0 3.0
1786 214418 3.0 3.0
1787 214507 3.0 3.0
1788 214605 3.0 3.0
1789 214772 3.0 3.0
1790 214846 3.0 3.0
1791 214971 3.0 3.0
1792 215128 3.0 3.0
1793 215233 3.0 3.0
1794 215355 3.0 3.0
1795 215436 3.0 3.0
1796 215542 3.0 3.0
1797 215600 3.0 3.0
1798 215681 3.0 3.0
1799 215780 3.0 3.0
1800 215874 3.0 3.0
1801 215978 3.0 3.0
1802 216083 3.0 3.0
1803 216176 3.0 3.0
1804 216261 3.0 3.0
1805 216326 3.0 3.0
1806 216434 3.0 3.0
1807 216530 3.0 3.0
1808 216623 3.0 3.0
1809 216811 3.0 3.0
1810 216879 3.0 3.0
1811 216966 3.0 3.0
1812 217034 3.0 3.0
1813 217112 3.0 3.0
1814 217208 3.0 3.0
1815 217325 3.0 3.0
1816 217403 3.0 3.0
1817 217494 3.0 3.0
1818 217635 3.0 3.0
1819 217723 3.0 3.0
1820 217851 3.0 3.0
1821 217949 3.0 3.0
1822 218023 3.0 3.0
1823 218107 3.0 3.0
1824 218199 3.0 3.0
1825 218262 3.0 3.0
1826 218389 3.0 3.0
1827 218471 3.0 3.0
1828 218563 3.0 3.0
1829 218692 3.0 3.0
1830 218793 3.0 3.0
1831 218874 3.0 3.0
1832 218951 3.0 3.0
1833 219037 3.0 3.0
1834 219136 3.0 3.0
1835 219206 3.0 3.0
1836 219271 3.0 3.0
1837 219360 3.0 3.0
1838 219466 3.0 3.0
1839 219530 3.0 3.0
1840 219591 3.0 3.0
1841 219658 3.0 3.0
1842 219772 3.0 3.0
1843 219859 3.0 3.0
1844 219961 3.0 3.0
1845 220036 3.0 3.0
1846 220129 3.0 3.0
1847 220247 3.0 3.0
1848 220357 3.0 3.0
1849 220431 3.0 3.0
1850 220503 3.0 3.0
1851 220577 3.0 3.0
1852 220684 3.0 3.0
1853 220779 3.0 3.0
1854 220849 3.0 3.0
1855 220941 3.0 3.0
1856 221046 3.0 3.0
1857 221153 3.0 3.0
1858 221213 3.0 3.0
1859 221304 3.0 3.0
1860 221437 3.0 3.0
1861 221555 3.0 3.0
1862 221622 3.0 3.0
1863 221689 3.0 3.0
1864 221783 3.0 3.0
1865 221863 3.0 3.0
1866 221944 3.0 3.0
1867 222092 3.0 3.0
1868 222157 3.0 3.0
1869 222228 3.0 3.0
1870 222350 3.0 3.0
1871 222424 3.0 3.0
1872 222518 3.0 3.0
1873 222620 3.0 3.0
1874 222701 3.0 3.0
1875 222784 3.0 3.0
1876 222876 3.0 3.0
1877 222944 3.0 3.0
1878 223035 3.0 3.0
1879 223102 3.0 3.0
1880 223202 3.0 3.0
1881 223290 3.0 3.0
1882 223369 3.0 3.0
1883 223446 3.0 3.0
1884 223513 3.0 3.0
1885 223607 3.0 3.0
1886 223694 3.0 3.0
1887 223795 3.0 3.0
1888 223868 3.0 3.0
1889 224044 3.0 3.0
1890 224107 3.0 3.0
1891 224202 3.0 3.0
1892 224297 3.0 3.0
1893 224400 3.0 3.0
1894 224495 3.0 3.0
1895 224603 3.0 3.0
1896 224666 3.0 3.0
1897 224786 3.0 3.0
1898 224859 3.0 3.0
1899 224932 3.0 3.0
1900 225020 3.0 3.0
1901 225114 3.0 3.0
1902 225205 3.0 3.0
1903 225291 3.0 3.0
1904 225393 3.0 3.0
1905 225482 3.0 3.0
1906 225590 3.0 3.0
1907 225748 3.0 3.0
1908 225867 3.0 3.0
1909 225961 3.0 3.0
1910 226034 3.0 3.0
1911 226144 3.0 3.0
1912 226271 3.0 3.0
1913 226337 3.0 3.0
1914 226424 3.0 3.0
1915 226525 3.0 3.0
1916 226634 3.0 3.0
1917 226704 3.0 3.0
1918 226827 3.0 3.0
1919 226929 3.0 3.0
1920 227078 3.0 3.0
1921 227181 3.0 3.0
1922 227259 3.0 3.0
1923 227358 3.0 3.0
1924 227429 3.0 3.0
1925 227547 3.0 3.0
1926 227620 3.0 3.0
1927 227728 3.0 3.0
1928 227803 3.0 3.0
1929 227885 3.0 3.0
1930 228013 3.0 3.0
1931 228113 3.0 3.0
1932 228193 3.0 3.0
1933 228263 3.0 3.0
1934 228382 3.0 3.0
1935 228468 3.0 3.0
1936 228567 3.0 3.0
1937 228661 3.0 3.0
1938 228726 3.0 3.0
1939 228839 3.0 3.0
1940 228909 3.0 3.0
1941 229049 3.0 3.0
1942 229266 3.0 3.0
1943 229349 3.0 3.0
1944 229427 3.0 3.0
1945 229508 3.0 3.0
1946 229587 3.0 3.0
1947 229663 3.0 3.0
1948 229756 3.0 3.0
1949 229869 3.0 3.0
1950 229978 3.0 3.0
1951 230052 3.0 3.0
1952 230198 3.0 3.0
1953 230281 3.0 3.0
1954 230374 3.0 3.0
1955 230503 3.0 3.0
1956 230578 3.0 3.0
1957 230680 3.0 3.0
1958 230746 3.0 3.0
1959 230888 3.0 3.0
1960 231041 3.0 3.0
1961 231128 3.0 3.0
1962 231215 3.0 3.0
1963 231304 3.0 3.0
1964 231367 3.0 3.0
1965 231478 3.0 3.0
1966 231618 3.0 3.0
1967 231721 3.0 3.0
1968 231818 3.0 3.0
1969 231925 3.0 3.0
1970 232035 3.0 3.0
1971 232111 3.0 3.0
1972 232214 3.0 3.0
1973 232308 3.0 3.0
1974 232403 3.0 3.0
1975 232480 3.0 3.0
1976 232562 3.0 3.0
1977 232640 3.0 3.0
1978 232725 3.0 3.0
1979 232793 3.0 3.0
1980 232909 3.0 3.0
1981 232982 3.0 3.0
1982 233080 3.0 3.0
1983 233164 3.0 3.0
1984 233249 3.0 3.0
1985 233379 3.0 3.0
1986 233469 3.0 3.0
1987 233549 3.0 3.0
1988 233699 3.0 3.0
1989 233768 3.0 3.0
1990 233881 3.0 3.0
1991 233998 3.0 3.0
1992 234093 3.0 3.0
1993 234188 3.0 3.0
1994 234289 3.0 3.0
1995 234351 3.0 3.0
1996 234449 3.0 3.0
1997 234512 3.0 3.0
1998 234574 3.0 3.0
1999 234657 3.0 3.0
2000 234718 3.0 3.0
2001 234791 3.0 3.0
2002 234875 3.0 3.0
2003 234967 3.0 3.0
2004 235037 3.0 3.0
2005 235105 3.0 3.0
2006 235178 3.0 3.0
2007 235256 3.0 3.0
2008 235344 3.0 3.0
2009 235475 3.0 3.0
2010 235543 3.0 3.0
2011 235612 3.0 3.0
2012 235728 3.0 3.0
2013 235834 3.0 3.0
2014 235921 3.0 3.0
2015 236026 3.0 3.0
2016 236122 3.0 3.0
2017 236198 3.0 3.0
2018 236289 3.0 3.0
2019 236374 3.0 3.0
2020 236471 3.0 3.0
2021 236572 3.0 3.0
2022 236669 3.0 3.0
2023 236754 3.0 3.0
2024 236837 3.0 3.0
2025 236892 3.0 3.0
2026 237001 3.0 3.0
2027 237109 3.0 3.0
2028 237178 3.0 3.0
2029 237327 3.0 3.0
2030 237412 3.0 3.0
2031 237517 3.0 3.0
2032 237604 3.0 3.0
2033 237677 3.0 3.0
2034 237756 3.0 3.0
2035 237881 3.0 3.0
2036 237956 3.0 3.0
2037 238035 3.0 3.0
2038 238096 3.0 3.0
2039 238206 3.0 3.0
2040 238298 3.0 3.0
2041 238433 3.0 3.0
2042 238518 3.0 3.0
2043 238602 3.0 3.0
2044 238709 3.0 3.0
2045 238785 3.0 3.0
2046 238875 3.0 3.0
2047 238969 3.0 3.0
2048 239036 3.0 3.0
2049 239105 3.0 3.0
2050 239191 3.0 3.0
2051 239336 3.0 3.0
2052 239409 3.0 3.0
2053 239492 3.0 3.0
2054 239563 3.0 3.0
2055 239637 3.0 3.0
2056 239716 3.0 3.0
2057 239793 3.0 3.0
2058 239867 3.0 3.0
2059 239937 3.0 3.0
2060 240037 3.0 3.0
2061 240154 3.0 3.0
2062 240231 3.0 3.0
2063 240310 3.0 3.0
2064 240378 3.0 3.0
2065 240446 3.0 3.0
2066 240546 3.0 3.0
2067 240628 3.0 3.0
2068 240726 3.0 3.0
2069 240795 3.0 3.0
2070 240877 3.0 3.0
2071 240953 3.0 3.0
2072 241054 3.0 3.0
2073 241213 3.0 3.0
2074 241286 3.0 3.0
2075 241404 3.0 3.0
2076 241506 3.0 3.0
2077 241589 3.0 3.0
2078 241669 3.0 3.0
2079 241753 3.0 3.0
2080 241870 3.0 3.0
2081 241932 3.0 3.0
2082 242017 3.0 3.0
2083 242098 3.0 3.0
2084 242208 3.0 3.0
2085 242276 3.0 3.0
2086 242370 3.0 3.0
2087 242494 3.0 3.0
2088 242573 3.0 3.0
2089 242651 3.0 3.0
2090 242748 3.0 3.0
2091 242820 3.0 3.0
2092 242979 3.0 3.0
2093 243066 3.0 3.0
2094 243150 3.0 3.0
2095 243218 3.0 3.0
2096 243305 3.0 3.0
2097 243376 3.0 3.0
2098 243467 3.0 3.0
2099 243535 3.0 3.0
2100 243602 3.0 3.0
2101 243701 3.0 3.0
2102 243792 3.0 3.0
2103 243930 3.0 3.0
2104 244003 3.0 3.0
2105 244072 3.0 3.0
2106 244172 3.0 3.0
2107 244244 3.0 3.0
2108 244340 3.0 3.0
2109 244424 3.0 3.0
2110 244495 3.0 3.0
2111 244574 3.0 3.0
2112 244668 3.0 3.0
2113 244754 3.0 3.0
2114 244822 3.0 3.0
2115 244928 3.0 3.0
2116 245023 3.0 3.0
2117 245102 3.0 3.0
2118 245211 3.0 3.0
2119 245297 3.0 3.0
2120 245374 3.0 3.0
2121 245550 3.0 3.0
2122 245627 3.0 3.0
2123 245702 3.0 3.0
2124 245834 3.0 3.0
2125 245927 3.0 3.0
2126 246008 3.0 3.0
2127 246081 3.0 3.0
2128 246180 3.0 3.0
2129 246264 3.0 3.0
2130 246385 3.0 3.0
2131 246491 3.0 3.0
2132 246576 3.0 3.0
2133 246689 3.0 3.0
2134 246774 3.0 3.0
2135 246921 3.0 3.0
2136 247003 3.0 3.0
2137 247069 3.0 3.0
2138 247150 3.0 3.0
2139 247239 3.0 3.0
2140 247341 3.0 3.0
2141 247406 3.0 3.0
2142 247484 3.0 3.0
2143 247552 3.0 3.0
2144 247633 3.0 3.0
2145 247721 3.0 3.0
2146 247816 3.0 3.0
2147 247890 3.0 3.0
2148 247988 3.0 3.0
2149 248065 3.0 3.0
2150 248130 3.0 3.0
2151 248217 3.0 3.0
2152 248284 3.0 3.0
2153 248400 3.0 3.0
2154 248485 3.0 3.0
2155 248573 3.0 3.0
2156 248643 3.0 3.0
2157 248782 3.0 3.0
2158 248868 3.0 3.0
2159 248949 3.0 3.0
2160 249024 3.0 3.0
2161 249101 3.0 3.0
2162 249204 3.0 3.0
2163 249265 3.0 3.0
2164 249365 3.0 3.0
2165 249462 3.0 3.0
2166 249589 3.0 3.0
2167 249669 3.0 3.0
2168 249766 3.0 3.0
2169 249845 3.0 3.0
2170 249925 3.0 3.0
2171 250032 3.0 3.0
2172 250090 3.0 3.0
2173 250175 3.0 3.0
2174 250275 3.0 3.0
2175 250330 3.0 3.0
2176 250437 3.0 3.0
2177 250513 3.0 3.0
2178 250593 3.0 3.0
2179 250665 3.0 3.0
2180 250784 3.0 3.0
2181 250851 3.0 3.0
2182 250922 3.0 3.0
2183 251053 3.0 3.0
2184 251151 3.0 3.0
2185 251234 3.0 3.0
2186 251343 3.0 3.0
2187 251460 3.0 3.0
2188 251582 3.0 3.0
2189 251676 3.0 3.0
2190 251744 3.0 3.0
2191 251841 3.0 3.0
2192 251908 3.0 3.0
2193 252015 3.0 3.0
2194 252097 3.0 3.0
2195 252200 3.0 3.0
2196 252271 3.0 3.0
2197 252431 3.0 3.0
2198 252522 3.0 3.0
2199 252586 3.0 3.0
2200 252689 3.0 3.0
2201 252775 3.0 3.0
2202 252878 3.0 3.0
2203 252978 3.0 3.0
2204 253050 3.0 3.0
2205 253126 3.0 3.0
2206 253200 3.0 3.0
2207 253264 3.0 3.0
2208 253377 3.0 3.0
2209 253446 3.0 3.0
2210 253556 3.0 3.0
2211 253642 3.0 3.0
2212 253714 3.0 3.0
2213 253806 3.0 3.0
2214 253880 3.0 3.0
2215 253967 3.0 3.0
2216 254091 3.0 3.0
2217 254274 3.0 3.0
2218 254346 3.0 3.0
2219 254409 3.0 3.0
2220 254483 3.0 3.0
2221 254555 3.0 3.0
2222 254643 3.0 3.0
2223 254813 3.0 3.0
2224 255022 3.0 3.0
2225 255103 3.0 3.0
2226 255192 3.0 3.0
2227 255280 3.0 3.0
2228 255344 3.0 3.0
2229 255457 3.0 3.0
2230 255537 3.0 3.0
2231 255627 3.0 3.0
2232 255709 3.0 3.0
2233 255776 3.0 3.0
2234 255862 3.0 3.0
2235 255941 3.0 3.0
2236 256064 3.0 3.0
2237 256139 3.0 3.0
2238 256265 3.0 3.0
2239 256350 3.0 3.0
2240 256442 3.0 3.0
2241 256501 3.0 3.0
2242 256561 3.0 3.0
2243 256657 3.0 3.0
2244 256722 3.0 3.0
2245 256789 3.0 3.0
2246 256869 3.0 3.0
2247 256946 3.0 3.0
2248 257058 3.0 3.0
2249 257132 3.0 3.0
2250 257255 3.0 3.0
2251 257336 3.0 3.0
2252 257418 3.0 3.0
2253 257504 3.0 3.0
2254 257583 3.0 3.0
2255 257662 3.0 3.0
2256 257767 3.0 3.0
2257 257852 3.0 3.0
2258 257931 3.0 3.0
2259 258016 3.0 3.0
2260 258105 3.0 3.0
2261 258209 3.0 3.0
2262 258299 3.0 3.0
2263 258394 3.0 3.0
2264 258453 3.0 3.0
2265 258559 3.0 3.0
2266 258648 3.0 3.0
2267 258759 3.0 3.0
2268 258843 3.0 3.0
2269 258941 3.0 3.0
2270 259037 3.0 3.0
2271 259102 3.0 3.0
2272 259180 3.0 3.0
2273 259247 3.0 3.0
2274 259325 3.0 3.0
2275 259410 3.0 3.0
2276 259491 3.0 3.0
2277 259569 3.0 3.0
2278 259689 3.0 3.0
2279 259771 3.0 3.0
2280 259879 3.0 3.0
2281 259976 3.0 3.0
2282 260044 3.0 3.0
2283 260111 3.0 3.0
2284 260218 3.0 3.0
2285 260322 3.0 3.0
2286 260414 3.0 3.0
2287 260497 3.0 3.0
2288 260572 3.0 3.0
2289 260694 3.0 3.0
2290 260820 3.0 3.0
2291 260931 3.0 3.0
2292 260993 3.0 3.0
2293 261082 3.0 3.0
2294 261170 3.0 3.0
2295 261257 3.0 3.0
2296 261330 3.0 3.0
2297 261428 3.0 3.0
2298 261502 3.0 3.0
2299 261597 3.0 3.0
2300 261670 3.0 3.0
2301 261780 3.0 3.0
2302 261874 3.0 3.0
2303 261960 3.0 3.0
2304 262030 3.0 3.0
2305 262141 3.0 3.0
2306 262225 3.0 3.0
2307 262333 3.0 3.0
2308 262413 3.0 3.0
2309 262523 3.0 3.0
2310 262670 3.0 3.0
2311 262780 3.0 3.0
2312 262899 3.0 3.0
2313 262955 3.0 3.0
2314 263074 3.0 3.0
2315 263186 3.0 3.0
2316 263294 3.0 3.0
2317 263357 3.0 3.0
2318 263432 3.0 3.0
2319 263543 3.0 3.0
2320 263607 3.0 3.0
2321 263671 3.0 3.0
2322 263746 3.0 3.0
2323 263812 3.0 3.0
2324 263882 3.0 3.0
2325 263996 3.0 3.0
2326 264105 3.0 3.0
2327 264193 3.0 3.0
2328 264285 3.0 3.0
2329 264376 3.0 3.0
2330 264448 3.0 3.0
2331 264531 3.0 3.0
2332 264630 3.0 3.0
2333 264728 3.0 3.0
2334 264802 3.0 3.0
2335 264912 3.0 3.0
2336 265002 3.0 3.0
2337 265074 3.0 3.0
2338 265161 3.0 3.0
2339 265246 3.0 3.0
2340 265325 3.0 3.0
2341 265425 3.0 3.0
2342 265519 3.0 3.0
2343 265585 3.0 3.0
2344 265690 3.0 3.0
2345 265803 3.0 3.0
2346 265884 3.0 3.0
2347 265958 3.0 3.0
2348 266063 3.0 3.0
2349 266161 3.0 3.0
2350 266241 3.0 3.0
2351 266321 3.0 3.0
2352 266383 3.0 3.0
2353 266466 3.0 3.0
2354 266556 3.0 3.0
2355 266649 3.0 3.0
2356 266736 3.0 3.0
2357 266835 3.0 3.0
2358 266914 3.0 3.0
2359 266995 3.0 3.0
2360 267063 3.0 3.0
2361 267135 3.0 3.0
2362 267241 3.0 3.0
2363 267335 3.0 3.0
2364 267411 3.0 3.0
2365 267516 3.0 3.0
2366 267590 3.0 3.0
2367 267705 3.0 3.0
2368 267786 3.0 3.0
2369 267865 3.0 3.0
2370 267958 3.0 3.0
2371 268046 3.0 3.0
2372 268133 3.0 3.0
2373 268207 3.0 3.0
2374 268307 3.0 3.0
2375 268391 3.0 3.0
2376 268466 3.0 3.0
2377 268584 3.0 3.0
2378 268653 3.0 3.0
2379 268742 3.0 3.0
2380 268814 3.0 3.0
2381 268925 3.0 3.0
2382 269023 3.0 3.0
2383 269100 3.0 3.0
2384 269197 3.0 3.0
2385 269284 3.0 3.0
2386 269370 3.0 3.0
2387 269456 3.0 3.0
2388 269549 3.0 3.0
2389 269626 3.0 3.0
2390 269710 3.0 3.0
2391 269776 3.0 3.0
2392 269857 3.0 3.0
2393 269941 3.0 3.0
2394 270019 3.0 3.0
2395 270150 3.0 3.0
2396 270228 3.0 3.0
2397 270316 3.0 3.0
2398 270392 3.0 3.0
2399 270451 3.0 3.0
2400 270532 3.0 3.0
2401 270649 3.0 3.0
2402 270738 3.0 3.0
2403 270817 3.0 3.0
2404 270933 3.0 3.0
2405 271019 3.0 3.0
2406 271118 3.0 3.0
2407 271201 3.0 3.0
2408 271270 3.0 3.0
2409 271356 3.0 3.0
2410 271419 3.0 3.0
2411 271497 3.0 3.0
2412 271582 3.0 3.0
2413 271670 3.0 3.0
2414 271782 3.0 3.0
2415 271893 3.0 3.0
2416 271969 3.0 3.0
2417 272068 3.0 3.0
2418 272188 3.0 3.0
2419 272277 3.0 3.0
2420 272370 3.0 3.0
2421 272463 3.0 3.0
2422 272537 3.0 3.0
2423 272606 3.0 3.0
2424 272698 3.0 3.0
2425 272799 3.0 3.0
2426 272883 3.0 3.0
2427 272981 3.0 3.0
2428 273043 3.0 3.0
2429 273147 3.0 3.0
2430 273233 3.0 3.0
2431 273339 3.0 3.0
2432 273428 3.0 3.0
2433 273513 3.0 3.0
2434 273637 3.0 3.0
2435 273709 3.0 3.0
2436 273827 3.0 3.0
2437 273906 3.0 3.0
2438 273981 3.0 3.0
2439 274107 3.0 3.0
2440 274178 3.0 3.0
2441 274267 3.0 3.0
2442 274339 3.0 3.0
2443 274417 3.0 3.0
2444 274505 3.0 3.0
2445 274613 3.0 3.0
2446 274691 3.0 3.0
2447 274786 3.0 3.0
2448 274863 3.0 3.0
2449 274964 3.0 3.0
2450 275041 3.0 3.0
2451 275123 3.0 3.0
2452 275226 3.0 3.0
2453 275317 3.0 3.0
2454 275411 3.0 3.0
2455 275487 3.0 3.0
2456 275579 3.0 3.0
2457 275647 3.0 3.0
2458 275750 3.0 3.0
2459 275840 3.0 3.0
2460 275956 3.0 3.0
2461 276035 3.0 3.0
2462 276130 3.0 3.0
2463 276216 3.0 3.0
2464 276310 3.0 3.0
2465 276376 3.0 3.0
2466 276461 3.0 3.0
2467 276544 3.0 3.0
2468 276678 3.0 3.0
2469 276753 3.0 3.0
2470 276872 3.0 3.0
2471 276931 3.0 3.0
2472 277010 3.0 3.0
2473 277099 3.0 3.0
2474 277175 3.0 3.0
2475 277271 3.0 3.0
2476 277337 3.0 3.0
2477 277433 3.0 3.0
2478 277512 3.0 3.0
2479 277593 3.0 3.0
2480 277696 3.0 3.0
2481 277821 3.0 3.0
2482 277888 3.0 3.0
2483 277981 3.0 3.0
2484 278076 3.0 3.0
2485 278163 3.0 3.0
2486 278252 3.0 3.0
2487 278340 3.0 3.0
2488 278413 3.0 3.0
2489 278478 3.0 3.0
2490 278592 3.0 3.0
2491 278700 3.0 3.0
2492 278791 3.0 3.0
2493 278858 3.0 3.0
2494 278985 3.0 3.0
2495 279066 3.0 3.0
2496 279146 3.0 3.0
2497 279231 3.0 3.0
2498 279353 3.0 3.0
2499 279466 3.0 3.0
2500 279543 3.0 3.0
2501 279617 3.0 3.0
2502 279699 3.0 3.0
2503 279786 3.0 3.0
2504 279877 3.0 3.0
2505 279951 3.0 3.0
2506 280047 3.0 3.0
2507 280142 3.0 3.0
2508 280231 3.0 3.0
2509 280309 3.0 3.0
2510 280408 3.0 3.0
2511 280494 3.0 3.0
2512 280577 3.0 3.0
2513 280647 3.0 3.0
2514 280738 3.0 3.0
2515 280815 3.0 3.0
2516 280896 3.0 3.0
2517 280988 3.0 3.0
2518 281072 3.0 3.0
2519 281184 3.0 3.0
2520 281267 3.0 3.0
2521 281346 3.0 3.0
2522 281421 3.0 3.0
2523 281532 3.0 3.0
2524 281625 3.0 3.0
2525 281720 3.0 3.0
2526 281811 3.0 3.0
2527 281891 3.0 3.0
2528 281947 3.0 3.0
2529 282012 3.0 3.0
2530 282130 3.0 3.0
2531 282196 3.0 3.0
2532 282311 3.0 3.0
2533 282400 3.0 3.0
2534 282481 3.0 3.0
2535 282577 3.0 3.0
2536 282656 3.0 3.0
2537 282747 3.0 3.0
2538 282810 3.0 3.0
2539 282908 3.0 3.0
2540 282992 3.0 3.0
2541 283059 3.0 3.0
2542 283126 3.0 3.0
2543 283201 3.0 3.0
2544 283312 3.0 3.0
2545 283390 3.0 3.0
2546 283462 3.0 3.0
2547 283573 3.0 3.0
2548 283654 3.0 3.0
2549 283723 3.0 3.0
2550 283802 3.0 3.0
2551 283897 3.0 3.0
2552 284067 3.0 3.0
2553 284156 3.0 3.0
2554 284221 3.0 3.0
2555 284298 3.0 3.0
2556 284400 3.0 3.0
2557 284466 3.0 3.0
2558 284568 3.0 3.0
2559 284665 3.0 3.0
2560 284752 3.0 3.0
2561 284824 3.0 3.0
2562 284903 3.0 3.0
2563 284991 3.0 3.0
2564 285069 3.0 3.0
2565 285151 3.0 3.0
2566 285231 3.0 3.0
2567 285303 3.0 3.0
2568 285397 3.0 3.0
2569 285472 3.0 3.0
2570 285593 3.0 3.0
2571 285680 3.0 3.0
2572 285762 3.0 3.0
2573 285853 3.0 3.0
2574 285929 3.0 3.0
2575 286005 3.0 3.0
2576 286073 3.0 3.0
2577 286197 3.0 3.0
2578 286324 3.0 3.0
2579 286402 3.0 3.0
2580 286457 3.0 3.0
2581 286534 3.0 3.0
2582 286634 3.0 3.0
2583 286713 3.0 3.0
2584 286818 3.0 3.0
2585 286897 3.0 3.0
2586 286982 3.0 3.0
2587 287075 3.0 3.0
2588 287174 3.0 3.0
2589 287278 3.0 3.0
2590 287381 3.0 3.0
2591 287461 3.0 3.0
2592 287583 3.0 3.0
2593 287687 3.0 3.0
2594 287763 3.0 3.0
2595 287865 3.0 3.0
2596 287952 3.0 3.0
2597 288030 3.0 3.0
2598 288100 3.0 3.0
2599 288192 3.0 3.0
2600 288254 3.0 3.0
2601 288339 3.0 3.0
2602 288403 3.0 3.0
2603 288479 3.0 3.0
2604 288567 3.0 3.0
2605 288645 3.0 3.0
2606 288727 3.0 3.0
2607 288853 3.0 3.0
2608 288917 3.0 3.0
2609 288996 3.0 3.0
2610 289088 3.0 3.0
2611 289167 3.0 3.0
2612 289237 3.0 3.0
2613 289408 3.0 3.0
2614 289504 3.0 3.0
2615 289589 3.0 3.0
2616 289666 3.0 3.0
2617 289772 3.0 3.0
2618 289837 3.0 3.0
2619 289926 3.0 3.0
2620 290012 3.0 3.0
2621 290095 3.0 3.0
2622 290196 3.0 3.0
2623 290273 3.0 3.0
2624 290342 3.0 3.0
2625 290430 3.0 3.0
2626 290503 3.0 3.0
2627 290570 3.0 3.0
2628 290685 3.0 3.0
2629 290828 3.0 3.0
2630 290893 3.0 3.0
2631 290974 3.0 3.0
2632 291058 3.0 3.0
2633 291176 3.0 3.0
2634 291278 3.0 3.0
2635 291334 3.0 3.0
2636 291422 3.0 3.0
2637 291487 3.0 3.0
2638 291559 3.0 3.0
2639 291642 3.0 3.0
2640 291801 3.0 3.0
2641 291876 3.0 3.0
2642 291969 3.0 3.0
2643 292066 3.0 3.0
2644 292151 3.0 3.0
2645 292226 3.0 3.0
2646 292323 3.0 3.0
2647 292410 3.0 3.0
2648 292489 3.0 3.0
2649 292593 3.0 3.0
2650 292661 3.0 3.0
2651 292757 3.0 3.0
2652 292841 3.0 3.0
2653 292944 3.0 3.0
2654 293036 3.0 3.0
2655 293102 3.0 3.0
2656 293178 3.0 3.0
2657 293277 3.0 3.0
2658 293392 3.0 3.0
2659 293498 3.0 3.0
2660 293598 3.0 3.0
2661 293663 3.0 3.0
2662 293741 3.0 3.0
2663 293811 3.0 3.0
2664 293923 3.0 3.0
2665 294039 3.0 3.0
2666 294093 3.0 3.0
2667 294194 3.0 3.0
2668 294279 3.0 3.0
2669 294361 3.0 3.0
2670 294450 3.0 3.0
2671 294529 3.0 3.0
2672 294607 3.0 3.0
2673 294693 3.0 3.0
2674 294767 3.0 3.0
2675 294971 3.0 3.0
2676 295063 3.0 3.0
2677 295142 3.0 3.0
2678 295221 3.0 3.0
2679 295295 3.0 3.0
2680 295360 3.0 3.0
2681 295428 3.0 3.0
2682 295528 3.0 3.0
2683 295603 3.0 3.0
2684 295701 3.0 3.0
2685 295795 3.0 3.0
2686 295905 3.0 3.0
2687 295989 3.0 3.0
2688 296062 3.0 3.0
2689 296149 3.0 3.0
2690 296234 3.0 3.0
2691 296415 3.0 3.0
2692 296511 3.0 3.0
2693 296576 3.0 3.0
2694 296650 3.0 3.0
2695 296724 3.0 3.0
2696 296846 3.0 3.0
2697 296955 3.0 3.0
2698 297035 3.0 3.0
2699 297184 3.0 3.0
2700 297273 3.0 3.0
2701 297348 3.0 3.0
2702 297423 3.0 3.0
2703 297503 3.0 3.0
2704 297607 3.0 3.0
2705 297731 3.0 3.0
2706 297837 3.0 3.0
2707 297917 3.0 3.0
2708 297979 3.0 3.0
2709 298121 3.0 3.0
2710 298197 3.0 3.0
2711 298287 3.0 3.0
2712 298350 3.0 3.0
2713 298485 3.0 3.0
2714 298557 3.0 3.0
2715 298664 3.0 3.0
2716 298774 3.0 3.0
2717 298868 3.0 3.0
2718 298947 3.0 3.0
2719 299032 3.0 3.0
2720 299106 3.0 3.0
2721 299206 3.0 3.0
2722 299272 3.0 3.0
2723 299345 3.0 3.0
2724 299465 3.0 3.0
2725 299577 3.0 3.0
2726 299664 3.0 3.0
2727 299767 3.0 3.0
2728 299826 3.0 3.0
2729 299928 3.0 3.0
2730 300003 3.0 3.0
2731 300074 3.0 3.0
2732 300171 3.0 3.0
2733 300234 3.0 3.0
2734 300298 3.0 3.0
2735 300354 3.0 3.0
2736 300439 3.0 3.0
2737 300537 3.0 3.0
2738 300639 3.0 3.0
2739 300758 3.0 3.0
2740 300830 3.0 3.0
2741 300930 3.0 3.0
2742 301019 3.0 3.0
2743 301102 3.0 3.0
2744 301181 3.0 3.0
2745 301247 3.0 3.0
2746 301329 3.0 3.0
2747 301442 3.0 3.0
2748 301543 3.0 3.0
2749 301621 3.0 3.0
2750 301718 3.0 3.0
2751 301797 3.0 3.0
2752 301904 3.0 3.0
2753 302024 3.0 3.0
2754 302102 3.0 3.0
2755 302190 3.0 3.0
2756 302306 3.0 3.0
2757 302386 3.0 3.0
2758 302453 3.0 3.0
2759 302544 3.0 3.0
2760 302666 3.0 3.0
2761 302769 3.0 3.0
2762 302864 3.0 3.0
2763 302959 3.0 3.0
2764 303044 3.0 3.0
2765 303135 3.0 3.0
2766 303211 3.0 3.0
2767 303289 3.0 3.0
2768 303359 3.0 3.0
2769 303441 3.0 3.0
2770 303521 3.0 3.0
2771 303597 3.0 3.0
2772 303723 3.0 3.0
2773 303797 3.0 3.0
2774 303891 3.0 3.0
2775 303991 3.0 3.0
2776 304065 3.0 3.0
2777 304152 3.0 3.0
2778 304228 3.0 3.0
2779 304294 3.0 3.0
2780 304370 3.0 3.0
2781 304458 3.0 3.0
2782 304532 3.0 3.0
2783 304656 3.0 3.0
2784 304724 3.0 3.0
2785 304812 3.0 3.0
2786 304910 3.0 3.0
2787 304990 3.0 3.0
2788 305112 3.0 3.0
2789 305216 3.0 3.0
2790 305351 3.0 3.0
2791 305420 3.0 3.0
2792 305512 3.0 3.0
2793 305594 3.0 3.0
2794 305654 3.0 3.0
2795 305749 3.0 3.0
2796 305835 3.0 3.0
2797 305920 3.0 3.0
2798 306050 3.0 3.0
2799 306121 3.0 3.0
2800 306216 3.0 3.0
2801 306282 3.0 3.0
2802 306393 3.0 3.0
2803 306493 3.0 3.0
2804 306571 3.0 3.0
2805 306640 3.0 3.0
2806 306724 3.0 3.0
2807 306818 3.0 3.0
2808 306894 3.0 3.0
2809 306996 3.0 3.0
2810 307060 3.0 3.0
2811 307125 3.0 3.0
2812 307228 3.0 3.0
2813 307297 3.0 3.0
2814 307368 3.0 3.0
2815 307442 3.0 3.0
2816 307519 3.0 3.0
2817 307621 3.0 3.0
2818 307710 3.0 3.0
2819 307796 3.0 3.0
2820 307890 3.0 3.0
2821 308064 3.0 3.0
2822 308135 3.0 3.0
2823 308262 3.0 3.0
2824 308362 3.0 3.0
2825 308427 3.0 3.0
2826 308516 3.0 3.0
2827 308605 3.0 3.0
2828 308686 3.0 3.0
2829 308778 3.0 3.0
2830 308849 3.0 3.0
2831 308920 3.0 3.0
2832 309016 3.0 3.0
2833 309100 3.0 3.0
2834 309164 3.0 3.0
2835 309232 3.0 3.0
2836 309301 3.0 3.0
2837 309374 3.0 3.0
2838 309480 3.0 3.0
2839 309549 3.0 3.0
2840 309729 3.0 3.0
2841 309829 3.0 3.0
2842 309918 3.0 3.0
2843 310013 3.0 3.0
2844 310136 3.0 3.0
2845 310212 3.0 3.0
2846 310310 3.0 3.0
2847 310418 3.0 3.0
2848 310487 3.0 3.0
2849 310552 3.0 3.0
2850 310636 3.0 3.0
2851 310706 3.0 3.0
2852 310789 3.0 3.0
2853 310896 3.0 3.0
2854 310968 3.0 3.0
2855 311039 3.0 3.0
2856 311092 3.0 3.0
2857 311161 3.0 3.0
2858 311249 3.0 3.0
2859 311335 3.0 3.0
2860 311446 3.0 3.0
2861 311511 3.0 3.0
2862 311600 3.0 3.0
2863 311694 3.0 3.0
2864 311768 3.0 3.0
2865 311888 3.0 3.0
2866 312014 3.0 3.0
2867 312083 3.0 3.0
2868 312153 3.0 3.0
2869 312242 3.0 3.0
2870 312344 3.0 3.0
2871 312411 3.0 3.0
2872 312483 3.0 3.0
2873 312624 3.0 3.0
2874 312696 3.0 3.0
2875 312839 3.0 3.0
2876 312929 3.0 3.0
2877 312999 3.0 3.0
2878 313068 3.0 3.0
2879 313140 3.0 3.0
2880 313214 3.0 3.0
2881 313326 3.0 3.0
2882 313402 3.0 3.0
2883 313473 3.0 3.0
2884 313573 3.0 3.0
2885 313653 3.0 3.0
2886 313726 3.0 3.0
2887 313805 3.0 3.0
2888 313887 3.0 3.0
2889 313977 3.0 3.0
2890 314061 3.0 3.0
2891 314179 3.0 3.0
2892 314235 3.0 3.0
2893 314335 3.0 3.0
2894 314446 3.0 3.0
2895 314513 3.0 3.0
2896 314577 3.0 3.0
2897 314657 3.0 3.0
2898 314732 3.0 3.0
2899 314818 3.0 3.0
2900 314874 3.0 3.0
2901 314943 3.0 3.0
2902 315018 3.0 3.0
2903 315096 3.0 3.0
2904 315186 3.0 3.0
2905 315320 3.0 3.0
2906 315419 3.0 3.0
2907 315494 3.0 3.0
2908 315600 3.0 3.0
2909 315667 3.0 3.0
2910 315740 3.0 3.0
2911 315816 3.0 3.0
2912 315896 3.0 3.0
2913 315992 3.0 3.0
2914 316083 3.0 3.0
2915 316177 3.0 3.0
2916 316251 3.0 3.0
2917 316339 3.0 3.0
2918 316414 3.0 3.0
2919 316468 3.0 3.0
2920 316537 3.0 3.0
2921 316647 3.0 3.0
2922 316729 3.0 3.0
2923 316792 3.0 3.0
2924 316886 3.0 3.0
2925 316984 3.0 3.0
2926 317070 3.0 3.0
2927 317169 3.0 3.0
2928 317256 3.0 3.0
2929 317350 3.0 3.0
2930 317412 3.0 3.0
2931 317482 3.0 3.0
2932 317545 3.0 3.0
2933 317626 3.0 3.0
2934 317711 3.0 3.0
2935 317769 3.0 3.0
2936 317894 3.0 3.0
2937 317990 3.0 3.0
2938 318079 3.0 3.0
2939 318183 3.0 3.0
2940 318265 3.0 3.0
2941 318338 3.0 3.0
2942 318408 3.0 3.0
2943 318487 3.0 3.0
2944 318555 3.0 3.0
2945 318628 3.0 3.0
2946 318705 3.0 3.0
2947 318793 3.0 3.0
2948 318894 3.0 3.0
2949 318987 3.0 3.0
2950 319046 3.0 3.0
2951 319117 3.0 3.0
2952 319200 3.0 3.0
2953 319384 3.0 3.0
2954 319453 3.0 3.0
2955 319541 3.0 3.0
2956 319609 3.0 3.0
2957 319677 3.0 3.0
2958 319757 3.0 3.0
2959 319858 3.0 3.0
2960 319983 3.0 3.0
2961 320063 3.0 3.0
2962 320133 3.0 3.0
2963 320265 3.0 3.0
2964 320359 3.0 3.0
2965 320446 3.0 3.0
2966 320537 3.0 3.0
2967 320611 3.0 3.0
2968 320685 3.0 3.0
2969 320756 3.0 3.0
2970 320849 3.0 3.0
2971 320941 3.0 3.0
2972 321048 3.0 3.0
2973 321140 3.0 3.0
2974 321233 3.0 3.0
2975 321310 3.0 3.0
2976 321379 3.0 3.0
2977 321441 3.0 3.0
2978 321497 3.0 3.0
2979 321561 3.0 3.0
2980 321631 3.0 3.0
2981 321711 3.0 3.0
2982 321782 3.0 3.0
2983 321876 3.0 3.0
2984 321985 3.0 3.0
2985 322100 3.0 3.0
2986 322197 3.0 3.0
2987 322269 3.0 3.0
2988 322336 3.0 3.0
2989 322414 3.0 3.0
2990 322486 3.0 3.0
2991 322570 3.0 3.0
2992 322645 3.0 3.0
2993 322723 3.0 3.0
2994 322795 3.0 3.0
2995 322887 3.0 3.0
2996 322964 3.0 3.0
2997 323037 3.0 3.0
2998 323122 3.0 3.0
2999 323196 3.0 3.0
3000 323320 3.0 3.0
3001 323401 3.0 3.0
3002 323466 3.0 3.0
3003 323553 3.0 3.0
3004 323680 3.0 3.0
3005 323772 3.0 3.0
3006 323839 3.0 3.0
3007 323911 3.0 3.0
3008 323982 3.0 3.0
3009 324072 3.0 3.0
3010 324148 3.0 3.0
3011 324220 3.0 3.0
3012 324293 3.0 3.0
3013 324375 3.0 3.0
3014 324435 3.0 3.0
3015 324525 3.0 3.0
3016 324617 3.0 3.0
3017 324683 3.0 3.0
3018 324774 3.0 3.0
3019 324854 3.0 3.0
3020 324983 3.0 3.0
3021 325055 3.0 3.0
3022 325131 3.0 3.0
3023 325219 3.0 3.0
3024 325299 3.0 3.0
3025 325378 3.0 3.0
3026 325451 3.0 3.0
3027 325528 3.0 3.0
3028 325630 3.0 3.0
3029 325705 3.0 3.0
3030 325806 3.0 3.0
3031 325910 3.0 3.0
3032 326038 3.0 3.0
3033 326097 3.0 3.0
3034 326259 3.0 3.0
3035 326333 3.0 3.0
3036 326434 3.0 3.0
3037 326501 3.0 3.0
3038 326592 3.0 3.0
3039 326669 3.0 3.0
3040 326740 3.0 3.0
3041 326806 3.0 3.0
3042 326879 3.0 3.0
3043 326984 3.0 3.0
3044 327065 3.0 3.0
3045 327142 3.0 3.0
3046 327248 3.0 3.0
3047 327328 3.0 3.0
3048 327403 3.0 3.0
3049 327477 3.0 3.0
3050 327564 3.0 3.0
3051 327631 3.0 3.0
3052 327710 3.0 3.0
3053 327784 3.0 3.0
3054 327876 3.0 3.0
3055 328011 3.0 3.0
3056 328120 3.0 3.0
3057 328197 3.0 3.0
3058 328267 3.0 3.0
3059 328333 3.0 3.0
3060 328418 3.0 3.0
3061 328480 3.0 3.0
3062 328587 3.0 3.0
3063 328665 3.0 3.0
3064 328776 3.0 3.0
3065 328851 3.0 3.0
3066 328917 3.0 3.0
3067 329013 3.0 3.0
3068 329088 3.0 3.0
3069 329172 3.0 3.0
3070 329241 3.0 3.0
3071 329306 3.0 3.0
3072 329383 3.0 3.0
3073 329462 3.0 3.0
3074 329536 3.0 3.0
3075 329602 3.0 3.0
3076 329697 3.0 3.0
3077 329788 3.0 3.0
3078 329972 3.0 3.0
3079 330103 3.0 3.0
3080 330159 3.0 3.0
3081 330251 3.0 3.0
3082 330315 3.0 3.0
3083 330392 3.0 3.0
3084 330487 3.0 3.0
3085 330584 3.0 3.0
3086 330674 3.0 3.0
3087 330756 3.0 3.0
3088 330822 3.0 3.0
3089 330926 3.0 3.0
3090 331150 3.0 3.0
3091 331211 3.0 3.0
3092 331290 3.0 3.0
3093 331364 3.0 3.0
3094 331445 3.0 3.0
3095 331511 3.0 3.0
3096 331617 3.0 3.0
3097 331707 3.0 3.0
3098 331794 3.0 3.0
3099 331856 3.0 3.0
3100 331930 3.0 3.0
3101 332004 3.0 3.0
3102 332118 3.0 3.0
3103 332237 3.0 3.0
3104 332307 3.0 3.0
3105 332378 3.0 3.0
3106 332488 3.0 3.0
3107 332553 3.0 3.0
3108 332645 3.0 3.0
3109 332708 3.0 3.0
3110 332804 3.0 3.0
3111 332885 3.0 3.0
3112 332964 3.0 3.0
3113 333092 3.0 3.0
3114 333204 3.0 3.0
3115 333268 3.0 3.0
3116 333350 3.0 3.0
3117 333431 3.0 3.0
3118 333493 3.0 3.0
3119 333602 3.0 3.0
3120 333666 3.0 3.0
3121 333767 3.0 3.0
3122 333861 3.0 3.0
3123 333935 3.0 3.0
3124 334029 3.0 3.0
3125 334123 3.0 3.0
3126 334206 3.0 3.0
3127 334280 3.0 3.0
3128 334356 3.0 3.0
3129 334460 3.0 3.0
3130 334527 3.0 3.0
3131 334631 3.0 3.0
3132 334716 3.0 3.0
3133 334819 3.0 3.0
3134 334948 3.0 3.0
3135 335029 3.0 3.0
3136 335132 3.0 3.0
3137 335241 3.0 3.0
3138 335327 3.0 3.0
3139 335394 3.0 3.0
3140 335476 3.0 3.0
3141 335551 3.0 3.0
3142 335658 3.0 3.0
3143 335744 3.0 3.0
3144 335807 3.0 3.0
3145 335873 3.0 3.0
3146 335964 3.0 3.0
3147 336061 3.0 3.0
3148 336130 3.0 3.0
3149 336193 3.0 3.0
3150 336292 3.0 3.0
3151 336373 3.0 3.0
3152 336450 3.0 3.0
3153 336567 3.0 3.0
3154 336631 3.0 3.0
3155 336721 3.0 3.0
3156 336779 3.0 3.0
3157 336869 3.0 3.0
3158 337009 3.0 3.0
3159 337091 3.0 3.0
3160 337182 3.0 3.0
3161 337276 3.0 3.0
3162 337370 3.0 3.0
3163 337438 3.0 3.0
3164 337523 3.0 3.0
3165 337604 3.0 3.0
3166 337661 3.0 3.0
3167 337733 3.0 3.0
3168 337830 3.0 3.0
3169 337907 3.0 3.0
3170 337999 3.0 3.0
3171 338068 3.0 3.0
3172 338158 3.0 3.0
3173 338219 3.0 3.0
3174 338303 3.0 3.0
3175 338381 3.0 3.0
3176 338466 3.0 3.0
3177 338552 3.0 3.0
3178 338627 3.0 3.0
3179 338713 3.0 3.0
3180 338771 3.0 3.0
3181 338853 3.0 3.0
3182 338945 3.0 3.0
3183 339020 3.0 3.0
3184 339091 3.0 3.0
3185 339180 3.0 3.0
3186 339271 3.0 3.0
3187 339383 3.0 3.0
3188 339453 3.0 3.0
3189 339558 3.0 3.0
3190 339637 3.0 3.0
3191 339738 3.0 3.0
3192 339806 3.0 3.0
3193 339925 3.0 3.0
3194 339990 3.0 3.0
3195 340088 3.0 3.0
3196 340171 3.0 3.0
3197 340251 3.0 3.0
3198 340311 3.0 3.0
3199 340388 3.0 3.0
3200 340470 3.0 3.0
3201 340601 3.0 3.0
3202 340690 3.0 3.0
3203 340755 3.0 3.0
3204 340816 3.0 3.0
3205 340912 3.0 3.0
3206 341003 3.0 3.0
3207 341120 3.0 3.0
3208 341205 3.0 3.0
3209 341302 3.0 3.0
3210 341375 3.0 3.0
3211 341439 3.0 3.0
3212 341517 3.0 3.0
3213 341589 3.0 3.0
3214 341652 3.0 3.0
3215 341755 3.0 3.0
3216 341819 3.0 3.0
3217 341892 3.0 3.0
3218 341981 3.0 3.0
3219 342039 3.0 3.0
3220 342107 3.0 3.0
3221 342200 3.0 3.0
3222 342267 3.0 3.0
3223 342343 3.0 3.0
3224 342416 3.0 3.0
3225 342482 3.0 3.0
3226 342590 3.0 3.0
3227 342689 3.0 3.0
3228 342759 3.0 3.0
3229 342825 3.0 3.0
3230 342911 3.0 3.0
3231 342986 3.0 3.0
3232 343081 3.0 3.0
3233 343163 3.0 3.0
3234 343265 3.0 3.0
3235 343338 3.0 3.0
3236 343400 3.0 3.0
3237 343479 3.0 3.0
3238 343574 3.0 3.0
3239 343648 3.0 3.0
3240 343716 3.0 3.0
3241 343804 3.0 3.0
3242 343906 3.0 3.0
3243 343999 3.0 3.0
3244 344053 3.0 3.0
3245 344138 3.0 3.0
3246 344207 3.0 3.0
3247 344263 3.0 3.0
3248 344450 3.0 3.0
3249 344541 3.0 3.0
3250 344623 3.0 3.0
3251 344704 3.0 3.0
3252 344780 3.0 3.0
3253 344887 3.0 3.0
3254 344980 3.0 3.0
3255 345076 3.0 3.0
3256 345165 3.0 3.0
3257 345336 3.0 3.0
3258 345416 3.0 3.0
3259 345509 3.0 3.0
3260 345581 3.0 3.0
3261 345690 3.0 3.0
3262 345759 3.0 3.0
3263 345826 3.0 3.0
3264 345893 3.0 3.0
3265 345980 3.0 3.0
3266 346061 3.0 3.0
3267 346152 3.0 3.0
3268 346251 3.0 3.0
3269 346338 3.0 3.0
3270 346436 3.0 3.0
3271 346510 3.0 3.0
3272 346586 3.0 3.0
3273 346688 3.0 3.0
3274 346759 3.0 3.0
3275 346855 3.0 3.0
3276 346931 3.0 3.0
3277 347016 3.0 3.0
3278 347110 3.0 3.0
3279 347174 3.0 3.0
3280 347245 3.0 3.0
3281 347392 3.0 3.0
3282 347450 3.0 3.0
3283 347523 3.0 3.0
3284 347642 3.0 3.0
3285 347737 3.0 3.0
3286 347813 3.0 3.0
3287 347927 3.0 3.0
3288 348042 3.0 3.0
3289 348113 3.0 3.0
3290 348244 3.0 3.0
3291 348340 3.0 3.0
3292 348418 3.0 3.0
3293 348506 3.0 3.0
3294 348590 3.0 3.0
3295 348668 3.0 3.0
3296 348740 3.0 3.0
3297 348812 3.0 3.0
3298 348882 3.0 3.0
3299 348959 3.0 3.0
3300 349042 3.0 3.0
3301 349121 3.0 3.0
3302 349252 3.0 3.0
3303 349330 3.0 3.0
3304 349387 3.0 3.0
3305 349471 3.0 3.0
3306 349549 3.0 3.0
3307 349619 3.0 3.0
3308 349708 3.0 3.0
3309 349816 3.0 3.0
3310 349887 3.0 3.0
3311 349975 3.0 3.0
3312 350053 3.0 3.0
3313 350137 3.0 3.0
3314 350219 3.0 3.0
3315 350284 3.0 3.0
3316 350346 3.0 3.0
3317 350441 3.0 3.0
3318 350529 3.0 3.0
3319 350614 3.0 3.0
3320 350705 3.0 3.0
3321 350793 3.0 3.0
3322 350897 3.0 3.0
3323 350962 3.0 3.0
3324 351055 3.0 3.0
3325 351140 3.0 3.0
3326 351242 3.0 3.0
3327 351310 3.0 3.0
3328 351395 3.0 3.0
3329 351464 3.0 3.0
3330 351549 3.0 3.0
3331 351619 3.0 3.0
3332 351675 3.0 3.0
3333 351756 3.0 3.0
3334 351859 3.0 3.0
3335 351915 3.0 3.0
3336 351988 3.0 3.0
3337 352088 3.0 3.0
3338 352167 3.0 3.0
3339 352250 3.0 3.0
3340 352339 3.0 3.0
3341 352437 3.0 3.0
3342 352534 3.0 3.0
3343 352628 3.0 3.0
3344 352711 3.0 3.0
3345 352796 3.0 3.0
3346 352879 3.0 3.0
3347 352950 3.0 3.0
3348 353033 3.0 3.0
3349 353125 3.0 3.0
3350 353271 3.0 3.0
3351 353346 3.0 3.0
3352 353419 3.0 3.0
3353 353519 3.0 3.0
3354 353593 3.0 3.0
3355 353661 3.0 3.0
3356 353765 3.0 3.0
3357 353841 3.0 3.0
3358 353909 3.0 3.0
3359 354019 3.0 3.0
3360 354121 3.0 3.0
3361 354196 3.0 3.0
3362 354279 3.0 3.0
3363 354347 3.0 3.0
3364 354426 3.0 3.0
3365 354523 3.0 3.0
3366 354602 3.0 3.0
3367 354677 3.0 3.0
3368 354775 3.0 3.0
3369 354862 3.0 3.0
3370 354937 3.0 3.0
3371 355024 3.0 3.0
3372 355093 3.0 3.0
3373 355153 3.0 3.0
3374 355259 3.0 3.0
3375 355331 3.0 3.0
3376 355433 3.0 3.0
3377 355506 3.0 3.0
3378 355583 3.0 3.0
3379 355660 3.0 3.0
3380 355759 3.0 3.0
3381 355820 3.0 3.0
3382 355903 3.0 3.0
3383 355968 3.0 3.0
3384 356039 3.0 3.0
3385 356147 3.0 3.0
3386 356233 3.0 3.0
3387 356308 3.0 3.0
3388 356424 3.0 3.0
3389 356537 3.0 3.0
3390 356601 3.0 3.0
3391 356708 3.0 3.0
3392 356789 3.0 3.0
3393 356867 3.0 3.0
3394 356948 3.0 3.0
3395 357040 3.0 3.0
3396 357117 3.0 3.0
3397 357189 3.0 3.0
3398 357271 3.0 3.0
3399 357346 3.0 3.0
3400 357416 3.0 3.0
3401 357475 3.0 3.0
3402 357582 3.0 3.0
3403 357683 3.0 3.0
3404 357751 3.0 3.0
3405 357816 3.0 3.0
3406 357932 3.0 3.0
3407 358034 3.0 3.0
3408 358103 3.0 3.0
3409 358188 3.0 3.0
3410 358260 3.0 3.0
3411 358331 3.0 3.0
3412 358408 3.0 3.0
3413 358483 3.0 3.0
3414 358563 3.0 3.0
3415 358648 3.0 3.0
3416 358726 3.0 3.0
3417 358800 3.0 3.0
3418 358867 3.0 3.0
3419 358943 3.0 3.0
3420 359023 3.0 3.0
3421 359092 3.0 3.0
3422 359179 3.0 3.0
3423 359261 3.0 3.0
3424 359367 3.0 3.0
3425 359445 3.0 3.0
3426 359552 3.0 3.0
3427 359660 3.0 3.0
3428 359728 3.0 3.0
3429 359847 3.0 3.0
3430 359937 3.0 3.0
3431 360056 3.0 3.0
3432 360140 3.0 3.0
3433 360206 3.0 3.0
3434 360293 3.0 3.0
3435 360381 3.0 3.0
3436 360444 3.0 3.0
3437 360545 3.0 3.0
3438 360630 3.0 3.0
3439 360728 3.0 3.0
3440 360798 3.0 3.0
3441 360887 3.0 3.0
3442 360969 3.0 3.0
3443 361059 3.0 3.0
3444 361127 3.0 3.0
3445 361198 3.0 3.0
3446 361266 3.0 3.0
3447 361331 3.0 3.0
3448 361405 3.0 3.0
3449 361483 3.0 3.0
3450 361556 3.0 3.0
3451 361621 3.0 3.0
3452 361683 3.0 3.0
3453 361764 3.0 3.0
3454 361852 3.0 3.0
3455 361955 3.0 3.0
3456 362044 3.0 3.0
3457 362117 3.0 3.0
3458 362195 3.0 3.0
3459 362269 3.0 3.0
3460 362348 3.0 3.0
3461 362413 3.0 3.0
3462 362473 3.0 3.0
3463 362569 3.0 3.0
3464 362656 3.0 3.0
3465 362753 3.0 3.0
3466 362810 3.0 3.0
3467 362924 3.0 3.0
3468 362982 3.0 3.0
3469 363074 3.0 3.0
3470 363140 3.0 3.0
3471 363242 3.0 3.0
3472 363315 3.0 3.0
3473 363402 3.0 3.0
3474 363485 3.0 3.0
3475 363591 3.0 3.0
3476 363673 3.0 3.0
3477 363744 3.0 3.0
3478 363833 3.0 3.0
3479 363912 3.0 3.0
3480 363987 3.0 3.0
3481 364050 3.0 3.0
3482 364133 3.0 3.0
3483 364219 3.0 3.0
3484 364292 3.0 3.0
3485 364357 3.0 3.0
3486 364422 3.0 3.0
3487 364490 3.0 3.0
3488 364623 3.0 3.0
3489 364706 3.0 3.0
3490 364800 3.0 3.0
3491 364874 3.0 3.0
3492 364965 3.0 3.0
3493 365055 3.0 3.0
3494 365131 3.0 3.0
3495 365220 3.0 3.0
3496 365303 3.0 3.0
3497 365382 3.0 3.0
3498 365465 3.0 3.0
3499 365536 3.0 3.0
3500 365612 3.0 3.0
3501 365672 3.0 3.0
3502 365759 3.0 3.0
3503 365834 3.0 3.0
3504 365919 3.0 3.0
3505 365993 3.0 3.0
3506 366077 3.0 3.0
3507 366146 3.0 3.0
3508 366216 3.0 3.0
3509 366305 3.0 3.0
3510 366411 3.0 3.0
3511 366478 3.0 3.0
3512 366564 3.0 3.0
3513 366653 3.0 3.0
3514 366725 3.0 3.0
3515 366800 3.0 3.0
3516 366885 3.0 3.0
3517 366959 3.0 3.0
3518 367043 3.0 3.0
3519 367115 3.0 3.0
3520 367192 3.0 3.0
3521 367279 3.0 3.0
3522 367367 3.0 3.0
3523 367446 3.0 3.0
3524 367517 3.0 3.0
3525 367602 3.0 3.0
3526 367673 3.0 3.0
3527 367777 3.0 3.0
3528 367871 3.0 3.0
3529 367947 3.0 3.0
3530 368073 3.0 3.0
3531 368150 3.0 3.0
3532 368227 3.0 3.0
3533 368289 3.0 3.0
3534 368355 3.0 3.0
3535 368436 3.0 3.0
3536 368495 3.0 3.0
3537 368596 3.0 3.0
3538 368689 3.0 3.0
3539 368772 3.0 3.0
3540 368852 3.0 3.0
3541 368918 3.0 3.0
3542 368984 3.0 3.0
3543 369066 3.0 3.0
3544 369151 3.0 3.0
3545 369226 3.0 3.0
3546 369309 3.0 3.0
3547 369379 3.0 3.0
3548 369437 3.0 3.0
3549 369525 3.0 3.0
3550 369595 3.0 3.0
3551 369693 3.0 3.0
3552 369769 3.0 3.0
3553 369897 3.0 3.0
3554 370003 3.0 3.0
3555 370126 3.0 3.0
3556 370205 3.0 3.0
3557 370301 3.0 3.0
3558 370369 3.0 3.0
3559 370453 3.0 3.0
3560 370531 3.0 3.0
3561 370616 3.0 3.0
3562 370709 3.0 3.0
3563 370787 3.0 3.0
3564 370845 3.0 3.0
3565 370923 3.0 3.0
3566 371004 3.0 3.0
3567 371077 3.0 3.0
3568 371154 3.0 3.0
3569 371255 3.0 3.0
3570 371360 3.0 3.0
3571 371445 3.0 3.0
3572 371513 3.0 3.0
3573 371627 3.0 3.0
3574 371686 3.0 3.0
3575 371750 3.0 3.0
3576 371882 3.0 3.0
3577 371979 3.0 3.0
3578 372064 3.0 3.0
3579 372145 3.0 3.0
3580 372220 3.0 3.0
3581 372311 3.0 3.0
3582 372379 3.0 3.0
3583 372455 3.0 3.0
3584 372526 3.0 3.0
3585 372603 3.0 3.0
3586 372674 3.0 3.0
3587 372756 3.0 3.0
3588 372870 3.0 3.0
3589 372932 3.0 3.0
3590 373007 3.0 3.0
3591 373073 3.0 3.0
3592 373176 3.0 3.0
3593 373240 3.0 3.0
3594 373325 3.0 3.0
3595 373413 3.0 3.0
3596 373483 3.0 3.0
3597 373569 3.0 3.0
3598 373643 3.0 3.0
3599 373778 3.0 3.0
3600 373860 3.0 3.0
3601 373931 3.0 3.0
3602 373998 3.0 3.0
3603 374102 3.0 3.0
3604 374170 3.0 3.0
3605 374257 3.0 3.0
3606 374333 3.0 3.0
3607 374399 3.0 3.0
3608 374593 3.0 3.0
3609 374658 3.0 3.0
3610 374739 3.0 3.0
3611 374835 3.0 3.0
3612 374930 3.0 3.0
3613 375025 3.0 3.0
3614 375133 3.0 3.0
3615 375215 3.0 3.0
3616 375277 3.0 3.0
3617 375352 3.0 3.0
3618 375422 3.0 3.0
3619 375552 3.0 3.0
3620 375624 3.0 3.0
3621 375713 3.0 3.0
3622 375783 3.0 3.0
3623 375864 3.0 3.0
3624 375929 3.0 3.0
3625 376007 3.0 3.0
3626 376102 3.0 3.0
3627 376190 3.0 3.0
3628 376287 3.0 3.0
3629 376387 3.0 3.0
3630 376459 3.0 3.0
3631 376524 3.0 3.0
3632 376615 3.0 3.0
3633 376701 3.0 3.0
3634 376785 3.0 3.0
3635 376913 3.0 3.0
3636 377006 3.0 3.0
3637 377079 3.0 3.0
3638 377144 3.0 3.0
3639 377220 3.0 3.0
3640 377294 3.0 3.0
3641 377372 3.0 3.0
3642 377450 3.0 3.0
3643 377568 3.0 3.0
3644 377666 3.0 3.0
3645 377742 3.0 3.0
3646 377818 3.0 3.0
3647 377908 3.0 3.0
3648 377986 3.0 3.0
3649 378071 3.0 3.0
3650 378146 3.0 3.0
3651 378246 3.0 3.0
3652 378333 3.0 3.0
3653 378391 3.0 3.0
3654 378459 3.0 3.0
3655 378534 3.0 3.0
3656 378610 3.0 3.0
3657 378726 3.0 3.0
3658 378796 3.0 3.0
3659 378879 3.0 3.0
3660 378975 3.0 3.0
3661 379095 3.0 3.0
3662 379162 3.0 3.0
3663 379224 3.0 3.0
3664 379306 3.0 3.0
3665 379410 3.0 3.0
3666 379476 3.0 3.0
3667 379531 3.0 3.0
3668 379621 3.0 3.0
3669 379693 3.0 3.0
3670 379762 3.0 3.0
3671 379841 3.0 3.0
3672 379906 3.0 3.0
3673 379975 3.0 3.0
3674 380047 3.0 3.0
3675 380108 3.0 3.0
3676 380181 3.0 3.0
3677 380252 3.0 3.0
3678 380345 3.0 3.0
3679 380410 3.0 3.0
3680 380482 3.0 3.0
3681 380564 3.0 3.0
3682 380640 3.0 3.0
3683 380701 3.0 3.0
3684 380800 3.0 3.0
3685 380925 3.0 3.0
3686 381000 3.0 3.0
3687 381075 3.0 3.0
3688 381148 3.0 3.0
3689 381212 3.0 3.0
3690 381284 3.0 3.0
3691 381373 3.0 3.0
3692 381461 3.0 3.0
3693 381552 3.0 3.0
3694 381618 3.0 3.0
3695 381691 3.0 3.0
3696 381764 3.0 3.0
3697 381876 3.0 3.0
3698 381970 3.0 3.0
3699 382049 3.0 3.0
3700 382133 3.0 3.0
3701 382210 3.0 3.0
3702 382274 3.0 3.0
3703 382340 3.0 3.0
3704 382439 3.0 3.0
3705 382519 3.0 3.0
3706 382600 3.0 3.0
3707 382668 3.0 3.0
3708 382760 3.0 3.0
3709 382836 3.0 3.0
3710 382906 3.0 3.0
3711 382991 3.0 3.0
3712 383083 3.0 3.0
3713 383179 3.0 3.0
3714 383253 3.0 3.0
3715 383327 3.0 3.0
3716 383409 3.0 3.0
3717 383489 3.0 3.0
3718 383573 3.0 3.0
3719 383661 3.0 3.0
3720 383734 3.0 3.0
3721 383806 3.0 3.0
3722 383886 3.0 3.0
3723 383986 3.0 3.0
3724 384079 3.0 3.0
3725 384150 3.0 3.0
3726 384229 3.0 3.0
3727 384310 3.0 3.0
3728 384384 3.0 3.0
3729 384466 3.0 3.0
3730 384529 3.0 3.0
3731 384600 3.0 3.0
3732 384734 3.0 3.0
3733 384854 3.0 3.0
3734 384923 3.0 3.0
3735 384990 3.0 3.0
3736 385069 3.0 3.0
3737 385140 3.0 3.0
3738 385214 3.0 3.0
3739 385274 3.0 3.0
3740 385344 3.0 3.0
3741 385432 3.0 3.0
3742 385504 3.0 3.0
3743 385574 3.0 3.0
3744 385662 3.0 3.0
3745 385728 3.0 3.0
3746 385796 3.0 3.0
3747 385902 3.0 3.0
3748 385976 3.0 3.0
3749 386072 3.0 3.0
3750 386165 3.0 3.0
3751 386240 3.0 3.0
3752 386320 3.0 3.0
3753 386414 3.0 3.0
3754 386555 3.0 3.0
3755 386627 3.0 3.0
3756 386708 3.0 3.0
3757 386797 3.0 3.0
3758 386875 3.0 3.0
3759 386952 3.0 3.0
3760 387027 3.0 3.0
3761 387095 3.0 3.0
3762 387169 3.0 3.0
3763 387280 3.0 3.0
3764 387355 3.0 3.0
3765 387437 3.0 3.0
3766 387506 3.0 3.0
3767 387587 3.0 3.0
3768 387688 3.0 3.0
3769 387800 3.0 3.0
3770 387897 3.0 3.0
3771 387997 3.0 3.0
3772 388074 3.0 3.0
3773 388181 3.0 3.0
3774 388258 3.0 3.0
3775 388356 3.0 3.0
3776 388471 3.0 3.0
3777 388538 3.0 3.0
3778 388597 3.0 3.0
3779 388668 3.0 3.0
3780 388740 3.0 3.0
3781 388832 3.0 3.0
3782 388917 3.0 3.0
3783 388983 3.0 3.0
3784 389050 3.0 3.0
3785 389148 3.0 3.0
3786 389220 3.0 3.0
3787 389295 3.0 3.0
3788 389400 3.0 3.0
3789 389470 3.0 3.0
3790 389535 3.0 3.0
3791 389624 3.0 3.0
3792 389697 3.0 3.0
3793 389775 3.0 3.0
3794 389922 3.0 3.0
3795 390034 3.0 3.0
3796 390116 3.0 3.0
3797 390190 3.0 3.0
3798 390297 3.0 3.0
3799 390380 3.0 3.0
3800 390456 3.0 3.0
3801 390567 3.0 3.0
3802 390629 3.0 3.0
3803 390690 3.0 3.0
3804 390780 3.0 3.0
3805 390862 3.0 3.0
3806 390937 3.0 3.0
3807 391016 3.0 3.0
3808 391083 3.0 3.0
3809 391160 3.0 3.0
3810 391245 3.0 3.0
3811 391320 3.0 3.0
3812 391393 3.0 3.0
3813 391490 3.0 3.0
3814 391567 3.0 3.0
3815 391626 3.0 3.0
3816 391716 3.0 3.0
3817 391808 3.0 3.0
3818 391869 3.0 3.0
3819 391940 3.0 3.0
3820 392014 3.0 3.0
3821 392092 3.0 3.0
3822 392167 3.0 3.0
3823 392235 3.0 3.0
3824 392308 3.0 3.0
3825 392370 3.0 3.0
3826 392440 3.0 3.0
3827 392529 3.0 3.0
3828 392617 3.0 3.0
3829 392698 3.0 3.0
3830 392767 3.0 3.0
3831 392903 3.0 3.0
3832 392995 3.0 3.0
3833 393096 3.0 3.0
3834 393178 3.0 3.0
3835 393281 3.0 3.0
3836 393402 3.0 3.0
3837 393460 3.0 3.0
3838 393544 3.0 3.0
3839 393613 3.0 3.0
3840 393713 3.0 3.0
3841 393788 3.0 3.0
3842 393855 3.0 3.0
3843 393949 3.0 3.0
3844 394019 3.0 3.0
3845 394108 3.0 3.0
3846 394226 3.0 3.0
3847 394299 3.0 3.0
3848 394358 3.0 3.0
3849 394431 3.0 3.0
3850 394504 3.0 3.0
3851 394600 3.0 3.0
3852 394685 3.0 3.0
3853 394812 3.0 3.0
3854 394901 3.0 3.0
3855 394975 3.0 3.0
3856 395068 3.0 3.0
3857 395136 3.0 3.0
3858 395270 3.0 3.0
3859 395332 3.0 3.0
3860 395406 3.0 3.0
3861 395492 3.0 3.0
3862 395575 3.0 3.0
3863 395662 3.0 3.0
3864 395740 3.0 3.0
3865 395842 3.0 3.0
3866 395921 3.0 3.0
3867 395993 3.0 3.0
3868 396084 3.0 3.0
3869 396157 3.0 3.0
3870 396255 3.0 3.0
3871 396335 3.0 3.0
3872 396424 3.0 3.0
3873 396498 3.0 3.0
3874 396582 3.0 3.0
3875 396650 3.0 3.0
3876 396768 3.0 3.0
3877 396864 3.0 3.0
3878 396940 3.0 3.0
3879 397027 3.0 3.0
3880 397095 3.0 3.0
3881 397164 3.0 3.0
3882 397256 3.0 3.0
3883 397326 3.0 3.0
3884 397397 3.0 3.0
3885 397455 3.0 3.0
3886 397516 3.0 3.0
3887 397588 3.0 3.0
3888 397681 3.0 3.0
3889 397760 3.0 3.0
3890 397902 3.0 3.0
3891 397965 3.0 3.0
3892 398068 3.0 3.0
3893 398143 3.0 3.0
3894 398226 3.0 3.0
3895 398294 3.0 3.0
3896 398371 3.0 3.0
3897 398463 3.0 3.0
3898 398534 3.0 3.0
3899 398600 3.0 3.0
3900 398674 3.0 3.0
3901 398736 3.0 3.0
3902 398801 3.0 3.0
3903 398878 3.0 3.0
3904 398953 3.0 3.0
3905 399036 3.0 3.0
3906 399104 3.0 3.0
3907 399183 3.0 3.0
3908 399245 3.0 3.0
3909 399319 3.0 3.0
3910 399416 3.0 3.0
3911 399492 3.0 3.0
3912 399559 3.0 3.0
3913 399628 3.0 3.0
3914 399732 3.0 3.0
3915 399805 3.0 3.0
3916 399887 3.0 3.0
3917 399960 3.0 3.0
3918 400027 3.0 3.0
